1	110
1	87
1	113
1	86
1	95
1	107
1	104
1	104
1	91
1	81
1	116
1	99
1	123
1	97
1	114
1	113
1	131
1	88
1	93
1	123
1	120
1	105
1	101
1	90
1	100
1	112
1	117
1	97
1	33
1	122
1	127
1	87
1	113
1	99
1	118
1	110
1	120
1	88
1	130
1	103
1	84
1	116
1	117
1	132
1	118
1	133
1	131
1	50
1	118
1	113
1	103
1	126
1	103
1	98
1	128
1	110
1	82
1	91
1	123
1	111
1	120
1	83
1	81
1	133
1	110
1	46
1	102
1	130
1	82
1	98
1	19
1	89
1	116
1	111
1	135
1	123
1	106
1	109
1	128
1	68
1	114
1	92
1	93
1	104
1	116
1	118
1	107
1	105
1	86
1	88
1	97
1	98
1	128
1	93
1	107
1	111
1	107
1	100
1	95
1	110
1	110
1	105
1	97
1	118
1	86
1	100
1	87
1	130
1	99
1	116
1	106
1	91
1	102
1	119
1	70
1	112
1	124
1	116
1	68
1	112
1	117
1	111
1	126
1	114
1	102
1	112
1	102
1	105
1	114
1	121
1	122
1	113
1	110
1	78
1	131
1	99
1	122
1	96
1	99
1	94
1	114
1	110
1	91
1	77
1	97
1	113
1	99
1	47
1	133
1	100
1	104
1	105
1	134
1	101
1	72
1	136
1	95
1	117
1	125
1	95
1	115
1	133
1	97
1	97
1	115
1	87
1	84
1	117
1	105
1	71
1	126
1	86
1	73
1	116
1	86
1	70
1	123
0	74
1	97
1	107
1	110
1	129
1	81
1	99
1	66
1	51
1	113
1	82
1	132
1	111
1	88
1	108
1	121
1	125
1	79
1	106
1	104
1	118
1	96
1	118
1	106
1	110
1	129
1	116
1	100
1	105
1	118
1	100
1	110
1	91
1	98
1	101
1	104
1	105
1	102
1	122
1	68
1	58
1	92
1	99
1	88
1	113
1	101
1	115
1	97
1	115
1	128
1	110
1	104
1	68
1	131
1	129
1	114
1	124
1	106
1	101
1	117
1	86
1	50
1	97
1	121
1	103
1	122
1	61
1	38
1	115
1	103
1	106
1	108
1	89
1	104
1	105
1	114
1	112
1	128
1	120
1	93
1	89
1	125
1	100
1	111
1	83
1	89
1	128
1	129
1	128
1	95
1	89
1	118
1	119
1	97
1	114
1	105
1	88
1	135
1	91
1	120
1	94
1	104
1	103
1	106
1	131
1	110
1	123
1	79
1	83
1	133
1	109
1	112
1	123
1	91
1	136
1	70
1	131
1	132
1	105
1	98
1	111
1	117
1	109
1	103
1	127
1	72
1	88
1	105
1	65
1	84
1	103
1	98
1	127
1	125
1	102
1	106
1	132
1	76
1	116
1	111
1	134
1	98
1	121
1	99
1	96
1	127
1	101
1	111
1	97
1	68
1	86
1	120
1	86
1	115
1	133
1	108
1	118
1	72
1	129
1	112
1	100
1	106
1	101
1	113
1	105
1	110
1	135
1	96
1	110
1	116
1	129
1	81
1	98
1	110
1	88
1	128
1	129
1	114
1	107
1	109
1	82
1	99
1	120
1	88
1	90
1	127
1	72
1	113
1	114
1	130
1	133
1	115
1	132
1	124
1	126
1	68
1	108
1	129
1	68
1	116
1	98
1	102
1	76
1	108
1	70
1	125
1	103
1	98
1	91
1	117
1	106
1	102
1	60
1	107
1	114
1	102
1	126
1	112
1	116
1	113
1	105
1	95
1	104
1	101
1	136
1	120
1	131
1	121
1	66
1	117
1	107
1	106
1	59
1	98
1	98
1	135
1	123
1	108
1	116
1	104
1	107
1	105
1	125
1	103
1	106
1	118
1	57
1	118
1	88
1	108
1	102
1	69
1	115
1	121
1	94
1	94
1	109
1	135
1	96
1	105
1	134
1	116
1	103
1	105
1	135
1	97
1	93
1	113
1	116
1	99
1	89
1	118
1	102
1	127
1	106
1	86
1	63
1	130
1	125
1	125
1	120
1	98
1	112
1	133
1	112
1	73
1	93
1	102
1	106
1	116
1	83
1	119
1	112
1	119
1	123
1	122
1	135
1	128
1	114
1	103
1	106
1	60
1	67
1	104
1	86
1	104
1	90
1	112
1	106
1	74
1	112
1	113
1	114
1	122
1	102
1	101
1	115
1	99
1	82
1	115
1	111
1	99
1	88
1	110
1	48
1	98
1	61
1	124
1	98
1	103
1	93
1	109
1	95
1	117
1	105
1	100
1	117
1	71
1	106
1	120
1	135
1	113
1	134
1	128
1	83
1	106
1	102
1	108
1	100
1	104
1	125
1	115
1	110
1	125
1	86
1	129
1	129
1	118
1	107
1	127
1	88
1	81
1	92
1	97
1	85
1	75
1	113
1	102
1	98
1	116
1	119
1	94
1	112
1	113
1	99
1	118
1	107
1	124
1	131
1	134
1	122
1	130
1	134
1	112
1	77
1	83
1	76
1	86
1	99
1	119
1	96
1	51
1	116
1	71
1	91
1	135
1	136
1	91
1	55
1	85
1	101
1	88
1	103
1	98
1	123
1	136
1	96
1	125
1	115
1	119
1	127
1	103
1	111
1	133
1	114
1	122
1	109
1	67
1	125
1	131
1	99
1	126
1	89
1	114
1	130
1	134
1	120
1	98
1	132
1	92
1	124
1	58
1	111
1	90
1	122
1	125
1	128
1	109
1	131
1	136
1	126
1	107
1	118
1	105
1	108
1	97
1	109
1	104
1	114
1	99
1	119
1	124
1	104
1	101
1	125
1	61
1	136
1	81
1	55
1	97
1	79
1	128
1	65
1	133
1	120
1	84
1	130
1	108
1	93
1	98
1	107
1	69
1	112
1	118
1	70
1	73
1	89
1	113
1	114
1	95
1	105
1	101
1	84
1	99
1	128
1	122
1	93
1	103
1	82
1	113
1	133
1	124
1	112
1	71
1	108
1	131
1	100
1	83
1	97
1	112
1	108
1	123
1	117
1	134
1	116
1	58
1	96
0	35
1	101
1	58
1	119
1	129
1	107
1	127
1	101
1	131
1	100
1	116
1	130
1	120
1	90
1	63
1	83
1	125
1	64
1	98
1	93
1	104
1	87
1	132
1	108
1	116
1	113
1	87
1	115
1	72
1	103
1	75
1	81
1	118
1	94
1	115
1	130
1	115
1	125
1	136
1	110
1	133
1	100
1	93
1	99
1	115
1	93
1	113
1	136
1	69
1	118
1	107
1	76
1	85
1	128
1	106
1	107
1	110
1	136
1	124
1	111
1	103
1	122
1	105
1	110
1	31
1	86
1	117
1	97
1	110
1	113
1	122
1	110
1	110
1	79
1	111
1	129
1	129
1	101
1	72
1	100
1	105
1	93
1	129
1	77
1	112
1	115
1	91
1	80
1	115
1	113
1	131
1	106
1	101
1	124
1	112
1	101
1	129
1	128
1	116
1	113
1	123
1	100
1	108
1	84
1	97
1	72
1	110
1	104
1	113
1	129
1	86
1	86
1	91
1	102
1	105
0	48
1	109
1	111
1	117
1	132
1	89
1	102
1	121
0	1
1	132
1	121
1	70
1	94
1	116
1	102
1	82
1	111
1	102
1	113
1	120
1	136
1	116
1	118
1	107
1	108
1	77
1	111
1	127
1	109
1	47
1	125
1	88
1	102
1	86
1	127
1	129
1	133
1	120
1	76
1	136
1	101
1	108
1	132
1	120
1	112
1	122
1	113
1	115
1	104
1	99
1	70
1	103
1	131
1	113
1	90
1	107
1	132
1	112
1	100
1	89
1	112
1	108
1	112
1	97
1	98
1	109
1	115
1	99
1	116
1	88
1	126
1	120
1	102
1	105
1	84
1	106
1	115
1	132
1	99
1	123
1	123
1	132
1	62
1	122
1	112
1	114
1	95
1	114
1	115
1	51
1	101
1	129
1	102
1	82
1	89
1	116
1	62
1	48
1	117
1	121
1	127
1	116
1	95
1	136
1	96
1	111
1	115
1	107
1	111
1	122
1	90
1	106
1	90
1	96
1	102
1	124
1	110
1	98
1	108
1	99
1	116
1	135
1	111
1	110
1	106
1	110
1	109
1	114
1	113
1	97
1	103
1	97
1	120
1	85
1	129
1	112
1	135
1	115
1	96
1	135
1	111
1	108
1	82
1	87
1	103
1	77
1	105
1	123
1	104
1	96
1	125
1	99
1	107
1	71
1	111
1	110
1	109
1	113
1	105
1	132
1	93
1	95
1	118
1	112
1	116
1	98
1	112
1	106
1	108
1	113
1	123
1	60
1	130
1	82
1	136
1	124
1	76
1	107
1	93
1	87
1	106
1	112
1	118
1	84
1	115
1	104
1	135
1	105
1	110
1	108
1	112
1	124
1	111
1	121
1	127
1	114
1	90
1	104
1	109
1	106
1	89
1	119
1	86
1	90
1	103
1	89
1	118
1	131
1	43
1	94
1	122
1	118
1	99
1	62
1	112
1	87
1	132
1	93
1	120
1	73
1	87
1	109
1	99
1	117
1	114
1	94
1	92
1	91
1	93
1	90
1	127
1	128
1	130
1	127
1	110
1	111
1	122
1	131
1	110
1	136
1	132
1	91
1	98
1	131
1	55
1	104
1	55
1	88
1	127
1	103
1	111
1	125
1	102
1	132
1	122
1	89
1	109
1	27
1	94
1	124
1	41
1	122
1	113
1	121
1	100
1	117
1	122
1	132
1	89
1	53
1	134
1	80
1	134
1	95
1	75
1	116
1	120
1	112
1	90
1	114
1	118
1	112
1	57
1	104
1	77
1	116
1	75
1	122
1	112
1	109
1	60
1	99
1	123
1	99
1	96
1	106
1	106
1	107
1	117
1	132
1	118
1	130
1	101
1	128
1	81
1	88
1	125
1	93
1	93
1	132
1	123
1	103
1	115
1	74
1	104
1	107
1	106
1	124
1	119
1	133
1	101
1	86
1	113
1	113
1	103
1	69
1	113
1	126
1	132
1	116
1	69
1	98
1	102
1	87
1	94
1	122
1	44
1	126
1	132
1	93
1	120
1	99
1	129
1	84
1	127
1	42
1	120
1	133
1	105
1	105
1	113
1	108
1	121
1	98
1	107
1	106
1	110
1	126
1	101
1	134
1	123
1	100
1	84
1	108
1	104
1	66
1	78
1	131
1	120
1	74
1	99
1	70
1	96
1	117
1	100
1	97
1	108
1	72
1	127
1	80
1	115
1	118
1	111
1	119
1	123
1	120
1	105
1	110
1	135
1	109
1	92
1	101
1	114
1	91
1	133
1	113
1	100
1	59
1	110
1	110
1	99
1	90
1	66
1	83
1	114
1	103
1	110
1	99
1	91
1	96
1	118
1	71
1	104
1	93
1	109
1	112
1	87
1	108
1	88
1	62
1	119
1	108
1	118
1	81
1	111
1	104
1	134
1	102
1	121
1	115
1	95
1	120
1	112
1	130
1	135
1	83
1	98
1	93
1	116
1	119
1	131
1	124
1	102
1	124
1	99
1	102
1	112
1	131
1	116
1	128
1	80
1	59
1	46
1	102
1	95
1	101
1	110
1	100
1	89
1	100
1	95
1	113
1	88
1	105
1	127
1	120
1	124
1	107
1	109
1	108
1	113
1	116
1	109
1	121
1	113
1	134
1	110
1	110
1	112
1	114
1	124
1	104
1	132
1	34
1	105
1	108
1	115
1	92
1	129
1	129
1	117
1	115
1	112
1	120
1	127
1	96
1	80
1	97
1	114
1	94
1	125
1	126
1	131
1	130
1	91
1	94
1	116
1	94
1	128
1	131
1	117
1	84
1	67
1	122
1	125
1	123
1	124
1	131
1	118
1	108
1	89
1	114
1	122
1	88
1	101
1	117
1	118
1	135
1	99
1	94
1	97
1	109
1	117
1	124
1	116
1	96
1	85
1	128
1	110
1	119
1	111
1	128
1	38
1	129
1	120
1	93
1	89
1	104
1	134
1	133
1	128
1	95
1	128
1	108
1	93
1	89
1	95
1	129
1	121
1	79
1	112
1	93
1	85
1	117
1	98
1	78
1	103
1	103
1	109
1	136
1	125
1	119
1	110
1	91
1	114
1	126
1	62
1	53
1	120
1	131
1	117
1	133
1	92
1	122
1	100
1	120
1	112
1	77
1	124
1	113
1	127
1	109
1	108
1	105
1	120
1	92
1	110
1	118
1	104
0	19
1	135
1	134
1	134
1	128
1	65
1	134
1	42
1	91
1	89
1	128
1	86
1	107
1	105
1	113
1	109
1	106
1	122
1	103
1	117
1	125
1	110
1	118
1	123
1	108
1	40
1	106
1	127
1	85
1	103
1	94
1	125
1	84
1	109
1	113
1	112
1	71
1	131
1	120
1	110
0	20
1	112
1	106
1	105
1	97
