5561	8023
6914	6533
7121	5600
5578	7440
4935	7919
5137	7278
6172	6085
4673	8980
3893	8078
5960	8988
7126	6266
6506	6390
4507	4996
5205	8430
2634	4713
4509	6393
7701	6994
7465	6404
6070	6930
5305	5796
4398	8119
5805	5654
6867	6749
5281	8680
7155	5700
5829	5343
6150	6675
4570	7347
7427	5530
4149	7503
5254	7601
6656	6784
7477	6826
4714	7938
7765	5340
4951	9496
7967	6298
6470	5602
5425	5953
7423	5761
7768	6219
6549	8279
7440	6370
8570	5777
6101	6441
6669	6653
6550	6551
5267	8259
6644	4483
6830	5635
6945	7833
5829	6419
5771	5653
6561	6182
6926	6545
6609	7509
7766	6465
6594	6857
7432	5577
5474	5100
6866	6149
6671	6198
6818	5674
4118	9152
4412	8163
5643	7687
7829	6065
5996	5913
7085	6963
5423	8885
7584	6311
6019	5414
7771	6098
5717	8447
4414	9379
5986	7532
4298	8362
5800	5497
7138	6154
5269	7057
6379	5827
6125	7605
6318	5182
6110	5567
7407	5951
6176	7697
7284	4734
6342	5544
6362	4040
5824	5876
4006	7964
5526	8639
6964	6207
4717	6730
4783	8307
6049	4678
6603	5541
7438	5699
2369	9252
5330	8184
6314	6392
4541	9274
7454	8896
6256	6213
7120	1499
3362	6824
5050	7914
4537	8802
5227	8774
4477	8606
6853	5499
6946	6327
5492	7985
6841	6679
6004	5513
4052	8022
5802	5511
3718	8406
6078	7108
4654	8728
5811	6430
4768	8004
5749	5447
8309	7248
6681	5948
6558	6062
5605	6124
5011	8971
5047	6006
6615	6698
7698	5200
5106	8851
7137	7106
5999	6010
5246	6303
6789	5518
5155	8837
7746	7585
7306	6285
5101	8082
7107	4923
6340	6392
7841	7389
5284	4536
5424	8555
4979	9434
6618	5870
8106	6994
4557	7280
8134	6285
5405	6236
7578	6427
4892	8207
4682	8281
4665	8083
7673	8272
7123	5426
5574	9211
7352	6219
5998	8369
2401	7758
7550	6602
7590	8421
7067	6258
7214	6371
6056	6318
5710	6744
4488	8148
5048	8191
7681	6276
5053	8598
6511	6517
5511	8810
3827	8793
7605	5304
6791	5259
4970	8390
5352	8743
6408	6228
6607	6563
5931	7608
8372	6137
7248	6013
6482	6301
6868	8044
5490	6289
7668	6843
7154	5223
5028	6281
8282	6466
4052	6039
5711	8760
5412	9463
5125	7693
6791	5994
4871	8760
3553	9164
6032	6385
6215	6115
5867	9396
8778	5970
2364	8514
6832	4936
4232	6717
5551	9212
4681	8060
5778	6188
5842	5941
6824	5062
4330	8470
4954	7766
7124	6532
5782	6200
5944	8618
5390	8934
5133	8280
6667	7350
6859	5202
4588	8734
4852	5912
5270	8849
8222	6200
4045	9165
5101	7970
7608	6252
5183	5819
6331	6007
8741	5206
5713	8976
8195	6297
6560	5924
5472	8874
5565	6317
4360	7309
6245	8301
7409	6596
5351	8998
7922	5862
5194	7908
5623	8400
6963	6390
5648	6367
7002	5734
4625	8063
6543	5422
6434	6101
7566	6537
3352	7972
6580	6532
4371	9099
6063	6162
7554	6413
7308	5671
5331	8542
6298	6806
7131	6272
7270	8191
4036	9497
6651	6174
4673	6184
5160	7342
5802	5844
7467	6423
3732	6765
5646	6732
4087	8139
6443	5824
4686	8570
5242	9021
4501	9026
7633	5566
3944	6019
5097	6439
6954	6090
4198	9396
7355	6410
7161	5621
6565	6520
7609	6488
4446	8136
6366	6855
4703	7839
6804	6186
6653	9125
4504	8700
3247	8717
4782	8558
6611	6556
5074	8089
3976	8474
4008	8430
5470	7871
7203	6432
7051	5881
8647	5824
7051	6322
5396	4759
7049	6091
3925	6941
6132	3967
2875	8603
4227	8988
6069	6705
4956	9615
4329	8766
6067	6572
3625	7567
5111	8501
5738	8516
6357	6887
7853	5944
4474	9258
4692	9874
5649	9833
7479	6006
5896	8836
7412	6337
7200	7285
6505	7764
4751	6557
5218	6087
8709	6406
6408	3693
5190	8633
7621	5953
4620	8228
7087	6209
6924	5509
1992	8278
7673	5208
3634	7763
5052	8145
5866	8347
3762	9263
7008	5168
5976	6499
5496	8158
7904	5825
7586	6547
5838	7325
5698	7921
8061	5746
7847	5842
7129	6648
8004	5945
6259	8678
7768	6196
7267	7285
7450	6502
4975	7584
6445	5275
2829	9062
8207	6108
7181	6298
6519	6191
5780	4752
7704	6154
6194	8861
5894	9062
5856	8061
6241	6672
4031	9054
6609	5162
6229	8664
7344	8144
7290	4130
4556	9262
5988	6733
5779	5824
4609	8553
6398	5122
7937	5954
6746	6838
6948	5004
7911	7893
9538	6406
7021	6143
6278	4159
7742	6122
5897	7148
7197	7069
4411	8278
5606	8117
5950	8093
3143	8990
8517	5642
7036	9028
5156	7637
7679	6679
6021	5643
5354	6022
7519	8211
8419	4216
5234	5825
7262	6441
7924	6987
5180	8319
6897	5657
7403	5739
5854	6459
8191	6954
7796	6019
4778	5879
7850	6047
4162	5986
6640	6271
7895	5316
4501	9617
7513	5999
8913	5634
5311	6640
6067	6241
8750	5314
5889	5300
5157	8947
6784	7146
6928	6083
5355	4664
6751	5908
6528	5951
5164	5370
4389	9149
3299	8975
6997	8018
7545	8639
5512	6730
5382	8422
8321	6779
6723	5679
5756	5355
6262	7938
6238	8076
6999	5737
7989	5676
2423	9192
5632	8272
4147	8700
7743	6310
5102	7954
5970	8463
8427	6165
5746	8809
8182	6127
4883	8926
5452	5858
5235	9043
6693	6285
6234	5952
5567	4838
5213	8880
5839	7612
4957	6345
6478	8580
9166	5257
5824	8224
6307	8795
5469	8777
4803	7995
5263	6216
5901	7048
7757	5188
5186	8173
5563	9419
7761	5133
6815	8855
3640	8616
4713	9273
4727	8507
6955	6087
5503	7862
7222	5947
6188	5593
1257	8453
4711	8344
8009	5929
4863	7787
7182	8403
8639	7966
2665	8896
4797	9459
5004	6055
3393	7810
5228	7876
5731	8067
8928	5582
4542	8212
4841	4933
5294	6682
8502	5431
5634	8311
5201	7808
4508	8061
6499	6607
6344	4801
5492	7629
6301	8776
3012	8444
4345	8020
8859	5699
6383	6680
7158	5552
7505	6666
8467	8524
7470	6328
6212	5026
4475	7239
4802	6408
3517	8404
8039	5199
6176	6479
5449	8122
7778	6163
4325	9268
4632	7834
7884	7241
6799	6257
5859	8370
5250	9024
6629	5531
5318	9144
6110	8526
4844	7900
5924	6041
5915	9339
4892	8102
8103	6923
4403	8538
5231	9049
7897	5447
7243	6882
6668	5023
6969	5152
7515	8118
6549	4151
6538	3844
4349	9724
6339	6219
5778	6576
7211	6158
6448	8103
7402	6895
7143	5919
6294	8560
6243	6264
5415	5857
4490	9088
5234	8100
5821	6486
5281	8782
5787	6937
8305	6359
6054	5213
5003	9512
5995	8238
4997	8153
6671	5830
4321	9351
5857	6821
6210	5301
6632	6257
4920	6315
6802	6380
4675	6809
5603	7883
6561	7686
3736	6898
6081	5620
4987	7861
5179	7605
5341	8913
7828	6705
7305	7151
4802	8994
7790	5620
6876	6199
6515	5789
4987	8983
7891	6371
7444	6779
6291	8382
4352	8734
5244	7278
6721	7558
2094	4010
2000	8051
7056	6893
6290	5395
4802	8349
5618	8080
5385	6604
6491	7254
5307	8461
3278	6031
8242	5473
7115	6034
5250	8403
5262	6552
6648	8720
7648	4008
5909	7242
6977	6536
7027	6255
8902	6593
5780	7529
7203	6028
7394	5458
3337	9152
4948	7207
8932	5670
3824	8549
5184	8865
2886	8169
7347	6351
8827	5244
5041	5674
3598	7779
6183	9036
6922	7009
7208	6686
5527	6886
5832	6188
5392	7612
4689	8035
8060	6705
5041	8552
5441	8374
4474	7706
5743	7902
6566	5310
6293	5305
4223	6387
8169	6047
8590	7058
5123	8674
5772	8764
4449	7373
5292	8012
6068	5715
8602	6647
4887	9078
5282	8285
6935	6161
6786	6359
3838	8339
4600	8110
7523	5394
7492	5603
5654	8121
6920	5132
8381	6279
7278	6207
6356	5523
8329	6266
8349	8343
5789	9095
7288	7616
5876	6554
4998	8569
6536	5787
4858	7898
9016	6453
5000	7973
4651	8368
8557	6434
3159	9250
5875	3993
4519	8819
6013	9079
8264	6172
5232	5833
6061	8722
5382	9413
6217	9000
8751	6829
7379	6497
5016	6790
5693	7289
5437	7010
6538	5548
4804	7993
6389	6860
7571	5910
4250	6832
5224	6574
6330	6144
6834	5825
7363	5606
5291	8484
5412	6094
5064	6435
5202	6256
7756	7016
6740	6597
5296	8104
4597	8517
5074	9432
8091	5458
5633	9197
5775	6524
7786	5725
4185	7162
8059	6713
6600	8830
7085	5977
5330	9020
6790	6082
6554	5953
6652	3523
5254	7564
4991	8993
8534	7814
5501	7796
6767	6270
7600	6066
7056	5782
6996	6266
4468	8612
4738	8654
7500	4835
6476	6751
6577	8777
6744	6252
6923	5769
7231	6834
6420	5902
6681	6324
5958	7133
6001	8228
6321	5628
8822	7075
4653	8146
6033	6175
7267	6151
6140	5878
6025	8705
7996	5689
4487	9067
7482	8011
7916	6337
8675	6185
5334	7980
5293	6307
7102	5539
4202	5430
7454	6925
7613	6558
7028	6462
7815	5648
7365	5438
6309	5807
4861	7366
4707	9568
5690	7487
6337	5659
4873	7278
4243	9082
4825	8128
4844	5111
3208	7178
5907	8390
7640	4600
8512	6574
4900	8601
4714	8842
7044	5890
6213	6214
4160	7169
5595	5367
7117	5390
6054	8213
6920	6635
6740	6136
5367	6685
5358	6965
4905	6224
4841	9332
7416	7653
6506	6344
8084	5993
4501	8852
8080	4319
5570	8677
5757	5668
8009	7425
6825	6816
5507	9753
7198	5610
8477	5308
5020	8934
7987	6595
4154	7124
5339	8705
7375	6024
6839	6461
7547	5332
6724	6701
7617	6502
6019	5329
4083	7843
5224	7551
4908	6159
6018	5702
4946	7956
6766	7384
2786	8662
6911	6175
4479	8688
4470	9189
4458	9430
6268	6934
7006	6552
7291	4968
5311	9197
4957	8461
4529	8002
6577	6520
5339	9440
8751	5984
4805	8180
4758	8705
5995	5841
5512	7345
5254	8386
7458	4414
5997	8346
7159	6998
7581	5446
6798	6073
7844	6857
4917	5914
5417	8819
7717	4934
7194	7285
4548	7555
4876	8703
5242	9075
5233	6766
6514	9233
7708	6293
6726	5403
5022	8748
6849	5463
5293	8429
8145	6701
5308	9105
3807	7712
5843	5844
4469	7766
5560	6736
6686	6945
7360	5731
6275	7311
8170	7427
5952	6121
5876	6259
5254	7919
5620	5740
3807	6481
5682	6937
5338	8344
5584	9597
5778	8962
6571	3876
6229	6348
8730	5875
8396	6040
5968	7275
5108	7818
5217	9028
3979	7041
4425	5221
4974	7304
6164	6212
7678	6226
7512	8040
4864	5157
5429	6732
8440	6102
7213	6474
4298	8471
5012	8026
4033	8869
6009	6264
6210	6138
7162	7164
7250	6141
7208	6638
5875	8106
7013	5760
7848	5933
4713	8627
3752	7730
7038	5833
6376	6161
7826	5884
5042	8249
8905	5066
7209	6127
4532	9318
7007	7053
5162	8830
7956	5864
7786	3078
4594	6149
4257	4753
5808	8142
4646	5466
2397	5881
8451	6108
7586	6172
7261	5403
4946	9053
7704	5556
8729	7093
5673	5892
5238	5467
5369	5293
4048	8603
4441	8388
4909	8848
3651	8237
5322	5109
3760	5330
6865	6466
8053	8007
8871	5896
4796	8236
6845	6961
6516	5749
5727	6485
6558	7375
5006	8545
5913	8214
5086	6265
5533	8523
4475	8589
5005	8683
5552	6271
5607	8989
6920	4744
6583	5301
5063	7021
6707	5486
4906	8827
3749	9110
8259	5126
8042	7428
7171	7217
4434	8688
3581	6882
8344	6129
6865	5961
7439	5695
3812	8734
7460	6095
7015	6483
4736	8190
4927	6621
5354	8180
7355	6622
5483	9028
7773	5259
6309	6722
5244	7431
6533	6086
5741	8914
6537	6075
8233	6805
7040	8140
4533	8046
6067	5132
4229	9141
7390	5507
7473	8141
6459	8845
4607	7554
5383	6860
4834	7892
4941	8498
5668	7238
7962	6344
6282	5984
6156	7533
7184	6148
5031	5402
6385	6132
4851	6416
4769	8495
8374	6119
7592	5451
6958	6238
5013	8846
4716	7967
4467	9352
5311	6374
7329	4345
5944	8814
5405	8494
5039	8570
5074	9512
2849	7574
5262	8369
4488	6226
6109	6799
5571	7379
3370	7062
4838	6255
6186	9329
7310	6367
6840	6904
5497	6479
9266	6297
6882	6995
7058	6304
7358	6929
7089	5099
5417	7326
6563	6241
6675	6427
5065	8080
5972	8276
4612	9051
6973	7082
6454	7811
6122	5693
6697	5822
7158	5054
5574	6527
6307	5623
6000	7304
7194	6678
4737	9384
5979	6631
7028	5106
5389	7310
5168	8757
5095	8569
7518	6523
5986	6732
5728	8017
4875	6574
4537	8009
7495	5852
7434	5954
5267	8150
9001	6933
5467	7766
5884	8746
4520	7672
5308	8405
4568	9424
6147	6945
3860	8928
4579	4679
4118	5993
4873	8077
4719	8168
6280	8431
6752	6308
5440	9330
4845	6574
7854	6993
7070	6397
5848	8357
4504	8387
5122	8579
4728	7880
5840	6190
2676	8409
4801	8133
5751	7988
7353	6029
6052	7548
5194	9058
4877	9615
3127	8104
5883	6776
6001	5294
6033	5666
5562	8699
6969	5505
3952	9245
5317	6391
5986	8183
5109	4169
4683	8693
7004	5948
6204	6514
6529	9294
5812	5996
7520	6405
8265	6610
5442	7527
5765	6358
7891	6903
4567	5808
4793	7827
5403	7775
6715	6092
8063	5456
4785	8346
6186	5185
4146	9074
5171	9425
4230	8973
5444	8147
4567	8381
3845	6240
3331	5305
6523	6775
7481	5936
6658	5725
7781	6218
8703	6661
6639	6904
5903	6645
7234	5898
7253	6229
6169	6491
7611	5705
4785	8456
5528	6514
6661	6504
5315	9186
8170	5979
6934	5073
5623	6742
5348	7687
5718	9176
5627	9254
4881	7754
4518	5055
4822	5832
8831	7441
4834	8164
6237	6007
5507	8216
7006	6062
7455	6724
6351	6203
8264	6356
7391	6384
6245	5956
5368	6877
3655	5941
7767	6351
3838	7925
4907	7765
7234	5487
6028	5948
6287	5594
4645	9540
5628	9238
7275	5343
7053	7441
5348	7730
3576	7276
5902	6060
5100	8112
3935	7664
4490	8781
5751	8983
5670	5242
7432	7288
4540	8453
7183	7289
5723	6803
6786	5949
5232	8807
8076	6546
4914	7450
4515	8320
7555	6036
5377	8569
5803	6992
6458	5602
6453	5862
4706	8911
7628	6498
6047	5582
7080	6814
6275	8559
7580	4941
6403	6759
3980	8535
6945	5552
6531	5392
5868	7260
5447	4710
6661	6450
6266	6563
5829	6456
4742	9493
7517	6545
4317	8903
4801	8094
5532	7536
6906	5980
5171	8062
6185	6439
3867	8368
7283	6131
5875	3291
588	9095
6012	6046
5296	9443
5764	6691
7682	5331
5971	6475
5136	8975
5687	8148
6156	6479
7521	5615
7708	5348
4981	6016
6110	6758
8642	6962
6975	5548
7751	7652
4762	8496
6272	6690
7462	5590
4705	9232
4980	7041
5512	9005
6668	6471
6728	5572
6176	6832
6468	6186
5088	9287
5383	8620
4679	9286
5380	7909
7495	7622
5865	5551
4974	8728
5800	6840
5399	8040
8498	6184
7021	5542
5235	6417
4055	8097
5824	7118
7464	6390
6439	6454
7917	6102
4338	8919
5253	8958
5213	9051
6681	5029
6054	4383
4237	8788
6242	7005
5524	5727
4488	8738
7015	5350
7333	6657
7767	6860
6518	6835
4968	6271
5236	5767
6075	8949
2627	7349
3938	8678
8057	6943
3192	7838
6800	7058
4568	8955
2545	6983
4940	7412
6421	9241
4632	8476
4415	7814
8557	7156
4781	6788
7190	7043
7180	6937
4989	6849
4423	8742
4908	7878
5155	7767
6086	9142
4669	8515
4991	7780
5590	9486
5715	7070
4941	5481
3812	8566
9010	6383
6045	6046
5990	6573
5670	6957
7391	7040
5135	8101
7634	4454
6365	6229
5714	8161
6201	5931
7830	5968
9477	5812
4886	6440
8152	6766
6482	5960
7959	6719
5027	8757
4753	8459
7727	6720
5934	8768
4269	8426
6785	6697
6637	6699
6609	7499
2350	7802
6242	8323
7654	6632
6008	7261
7174	8793
6272	5615
7042	6628
6125	8757
4687	8458
6584	5064
5730	9430
4928	9228
8224	4852
6800	6378
5647	8560
6500	7691
6916	6554
5812	6082
5456	6708
7362	4506
6878	6322
5634	6673
7222	5445
5505	6448
6723	6437
6909	3127
4294	7278
8114	5645
4033	9198
8412	4664
8496	6658
7094	5907
6222	6307
5024	5930
7680	6069
6551	8083
6155	5732
7262	6125
4933	9319
4292	9323
7223	6469
9384	6000
4276	8601
6268	6907
5230	6033
5653	9294
7075	5515
5415	5825
7037	6080
5138	9580
6484	8298
5163	8578
7701	6219
6907	6709
6699	6692
6394	6159
8317	5626
5802	8025
6540	6222
6244	8212
7034	5744
3279	8872
4694	5991
4711	9531
7511	5981
4664	9089
6444	5832
5926	8674
5044	7637
7736	5691
5692	9443
7297	6786
4762	8293
5819	6131
3530	6478
5226	6387
6278	7541
6353	7788
5952	4655
5251	7814
4563	8512
5765	6059
3236	8456
6090	6946
3714	8631
8186	6791
5503	8406
5124	8554
5104	8121
4370	7081
8127	4721
5733	8847
6090	6539
5956	5216
5089	5720
6490	6519
7831	8471
6996	6472
7223	6686
2639	8116
4570	8164
7896	7097
5574	9115
7255	7348
7174	6485
4745	6456
5192	9097
3803	8314
4677	8532
6566	6171
6007	5793
5573	9182
8521	4316
7011	4690
7692	5796
4586	8710
4440	8687
8780	7768
5246	7687
4801	9655
4346	8576
6877	4378
6579	8556
1613	8032
5627	8692
5151	7784
5410	8120
5769	6257
6035	7840
5790	5623
5041	9614
5353	8196
7367	8961
5640	8919
9340	5265
5020	8897
5026	5641
6103	7060
8141	5677
5849	8106
6588	8924
7467	6062
7075	7481
8161	6287
5844	8290
5352	8850
7549	5478
6336	5904
6619	6668
5705	8950
6957	5711
8050	5388
7016	5844
7573	6216
6876	6788
7349	7190
8093	6343
5782	6904
7046	6009
5781	6959
6416	8109
4973	5414
5850	8565
6382	6778
4693	7022
5222	5814
6554	6663
7231	7439
6413	5493
7394	6472
4433	8943
6610	6282
7519	6153
5883	8867
6137	5266
5349	8448
4866	7847
8046	5113
7524	6296
7364	6024
3722	6396
5861	9236
8104	5326
5031	8653
4894	8231
8286	6571
5166	8512
4093	7208
5547	9338
6032	5032
7372	8605
5119	8868
6273	6893
3332	8936
5823	6748
6445	6314
5085	5925
6988	6590
7439	6748
5853	6520
4491	8550
7743	6976
5263	5001
5921	5815
5054	8690
7514	6212
6117	6114
4909	9318
5207	7310
8866	5403
4945	8867
7735	6571
4624	6611
6912	6382
3949	8857
6348	7364
3500	8001
5469	8316
5206	5546
7657	6792
5184	5713
7412	6750
4247	8487
6279	4546
8052	4925
3406	8510
7719	6586
5740	8598
5387	7122
3450	9443
8125	6488
7754	6599
6807	5710
5553	6588
5281	7682
7042	6086
6259	7957
5146	8082
6887	5328
5900	6187
8673	3345
5579	9436
3741	8563
6214	6298
5083	9491
4890	7490
7566	8779
7215	5924
3899	8174
6379	7065
5841	9401
3392	7870
4962	7031
6579	5572
4776	9118
8531	6329
2762	8743
5002	9064
5268	5857
6761	7218
5120	5434
6485	5020
8196	6377
5538	9283
4573	8349
5322	7812
7295	8066
6119	6273
8324	6450
7537	4230
4640	8654
6368	8824
7767	5692
6504	4919
5713	8284
6598	6425
8032	5177
5279	7987
7254	7723
7585	7729
8325	5865
2721	9542
4867	8374
6907	6275
6200	6102
4754	8110
5007	7144
4830	6082
4178	8208
7394	7686
2722	7556
4401	8726
6604	6267
4976	7864
5799	6741
5715	8674
5898	8321
3969	8210
4973	8863
6511	5669
5424	5403
7951	5825
4786	5388
7778	6307
5741	6585
4429	7994
4326	8087
6941	5728
8408	5754
5229	9632
6846	7669
4026	8012
7401	7244
6561	5179
5760	8549
7007	7278
7780	6210
4866	8710
7146	6531
4467	5536
6511	7681
5169	8831
4320	7738
5882	6788
5588	6340
7759	5629
3519	6714
7217	6451
7339	6550
6082	7994
4868	8767
5890	6669
4924	7509
5172	6215
4275	9133
6607	7549
4755	9057
7838	5605
6652	5043
7452	6139
6466	9188
3979	7600
6948	6083
4760	9077
6643	5022
4976	9095
7132	5126
4666	8355
4688	8188
6280	8327
5171	5813
8059	6036
7421	4749
4496	9714
6878	6065
5913	5986
6846	5305
5081	8064
4554	8229
6919	4546
8480	7748
7651	7623
6875	5971
6295	6872
4278	5998
4932	8040
3147	7688
4044	8200
5896	5140
8367	6911
4819	8239
5892	8751
5153	9081
7456	5953
4332	8658
5876	5921
6956	5829
7218	6631
4646	7623
7002	6539
4031	7969
4321	8604
7536	5134
6204	5107
4716	8851
3646	7063
7656	5803
5553	6982
7158	4686
4955	8830
5950	8954
6315	6236
5370	9192
7447	7911
8574	3782
6317	4811
5009	8197
4781	8942
6207	6018
4765	5754
5912	7341
6466	5087
5126	7960
6221	6568
7932	6126
4688	7580
7569	6585
4707	7951
3793	7362
2986	8923
7190	6967
4948	7751
3923	8513
6380	6568
7529	7006
6905	8044
5653	6653
3295	4343
8413	7021
5802	7971
8272	6114
8009	6563
6502	5271
4779	6925
8296	6413
4403	7815
7152	6016
4843	7708
4686	8092
4480	7622
6353	6757
8733	5773
6772	6313
7666	6459
6900	5664
4169	8222
4924	6309
6307	7078
7869	5536
4806	8204
7207	6857
5711	6939
2578	6720
7714	6150
4151	7942
7926	5630
5471	6698
6568	6515
5524	8353
5358	7160
8322	5978
4648	8127
4755	8784
7435	5446
4663	8578
7564	6027
6589	5835
6055	7431
6853	6345
5050	8007
3161	9389
7701	6224
6989	4768
4970	9154
8524	6535
5907	8486
3834	8338
5320	6730
6716	6755
2495	8977
3896	8156
4831	8639
4579	8693
7228	6647
4393	7999
6405	6024
7226	6970
6257	6865
4182	8353
4116	5922
4684	8580
7741	6004
5628	6695
3710	8165
7117	6819
8447	6767
6392	6989
6267	6091
6330	5732
4867	8889
5498	5644
7745	6254
4678	8487
6745	5252
6901	4817
6316	6066
6388	7567
7957	5801
5437	8666
5959	6032
5364	7683
6877	5871
5079	6437
6128	8609
5310	8062
6239	6179
5670	8522
3648	8226
6541	5651
4785	8847
5069	7606
5445	8749
4958	7758
5942	6695
6355	7932
5836	9230
5437	8274
7223	6972
3882	8894
5167	8468
5435	7439
3907	8356
6592	6143
4929	9445
3176	9216
8300	8463
4244	8511
4094	8282
6912	8483
6427	5485
8337	5993
6188	5974
7636	6081
6654	5594
7136	6868
7548	6199
7430	6136
5603	6920
5268	7868
7016	4763
7292	5769
5376	6189
5429	8346
4095	4771
6834	7387
4655	8037
4608	7746
6345	9221
8175	6447
6851	6271
6969	5737
5442	5760
5870	7385
5866	6378
6450	5909
5874	8126
6013	5677
5053	6923
6475	6641
5309	8364
7405	5639
5294	8022
7508	5779
8142	6392
7837	6308
6074	5385
4673	8752
7014	5766
6350	8198
6448	7467
5033	8233
6293	5209
4119	9125
5769	8362
5612	8664
4679	9058
4975	6503
5794	7052
6195	6942
5995	7901
0	4961
7449	5685
5245	9211
5358	6529
6283	6936
4592	7015
7346	6062
4996	8966
7663	6278
5411	7439
4325	9143
6236	7678
5904	7000
5787	6645
3836	8223
5278	8740
6291	3680
5434	6689
3211	8072
5458	7607
4833	7663
7107	7198
5540	8634
6843	7619
5024	7175
5377	5505
8605	6557
5826	7374
8204	5526
6040	8813
4803	9189
8831	5606
5571	6124
4144	8114
6195	5447
6324	6195
5780	6239
3752	9230
7301	6036
3617	8914
7002	4223
2792	6921
5127	5342
5426	6992
6798	6543
7885	5363
4514	8243
4973	9228
4658	9253
7285	4673
5921	9265
4810	8045
5782	5931
5987	7238
5351	7432
7209	5638
7633	6561
8264	8740
7172	6290
7121	7177
5251	8256
4904	8541
6464	7237
7246	5797
5106	9136
4845	8063
7449	5085
7145	6180
4275	6250
5584	7789
4385	9375
4192	8597
7236	5769
6300	6153
6275	5561
6658	6770
7091	6151
5333	8340
7454	5803
7141	5640
7079	6519
5456	9232
5625	9431
4669	6297
4379	5947
7577	4480
6544	6565
6664	6713
3714	9572
4762	9111
5225	7690
6480	6469
5212	9122
2883	8483
5484	5445
7088	5403
6658	5030
7792	6703
6908	5947
6343	6163
5355	8719
4854	9110
6290	8112
4919	6982
6427	3907
6350	5394
6385	5595
6757	5897
7250	6041
4371	6648
3733	6896
5513	5375
5999	7195
5692	7898
6150	7052
3982	9190
4042	5362
4387	8721
4419	8358
5666	6593
5141	5524
4306	8799
7239	6620
7150	6148
4601	9503
7157	6803
6533	6823
7225	6944
5308	8726
6955	5980
8546	5529
4282	9226
6659	5230
6620	7492
6139	6534
6236	8293
7324	6689
6161	4802
8138	6076
6503	5135
6986	5320
7355	5976
5441	7123
4399	8197
3945	9024
5402	8140
6018	6564
5244	7988
3881	8817
4303	8092
7033	6659
6003	5435
3904	8415
6501	5053
7351	5919
4968	7651
5114	7205
4612	8642
7782	5316
4570	8748
7507	5477
3948	7546
7629	5904
7633	6762
7840	6526
5419	7498
5995	7657
5831	5360
4788	7361
5797	6613
3968	6211
7342	6261
4496	8885
5311	8846
4707	7964
3587	4758
5550	6140
6603	6330
7946	4595
7329	6220
4198	7300
7012	6047
6317	7209
5643	6706
6442	6498
5330	6800
7007	6719
4792	8242
8007	6950
5450	8769
5663	5200
6554	5116
8688	7815
7399	7257
5249	7975
7349	6440
4432	9201
7017	7642
4628	8471
6089	5409
6226	6481
6924	5457
5382	4895
6004	5338
7573	7600
5744	6091
8170	5558
3994	8124
6940	4840
4692	8077
7267	6156
2936	6303
5901	5864
4727	5927
6359	6111
4799	5637
8612	5362
5760	7196
4487	8291
5337	8985
5770	8955
5282	7898
8361	6094
5932	5275
7136	5824
3641	8876
5218	8124
5569	8331
7251	6917
8530	6555
7185	7185
5258	7319
4764	7231
3626	8867
6164	6672
4864	8007
8551	6515
6415	7233
4697	9030
5667	6470
4525	8209
7114	4845
3740	6178
3410	9190
5960	8246
9007	6739
5935	6090
5422	5350
3823	9221
7079	6051
6669	4792
4987	9005
6792	4388
7675	5921
5487	7206
6055	6922
6886	6443
5701	9016
8821	6044
4609	9719
5572	6435
5109	8015
8511	6788
4969	8695
4182	7914
6041	7043
5851	7738
6661	6297
5258	8515
4541	9325
6684	6688
5756	4595
8019	7102
7009	8084
8190	6407
7772	6598
6866	4773
6609	6352
4125	8958
5854	8531
8096	5922
8289	6488
7871	6169
6995	6118
8396	6080
5366	8939
6607	4153
6762	5743
8668	5254
8514	5734
6899	5630
4151	6273
5369	8460
7827	7066
7697	6745
7697	7388
8616	5745
7493	5842
5143	8872
4054	8554
5732	5299
5016	8482
7380	5183
5073	5931
6026	6231
6110	6517
5433	9336
4206	8337
2605	9400
8089	6743
6881	6060
7145	7541
6945	5587
6355	5538
5710	7587
3875	7530
8450	6743
4634	8078
6800	7249
5839	8856
4391	8875
6068	7617
6082	8773
5982	5086
6686	5881
8183	8162
4725	9800
4405	8332
5946	8499
4335	8932
7139	7113
7159	6839
5762	7732
7093	4963
4898	5949
8202	5777
3868	8830
3513	8461
6888	3698
6722	6667
7430	5417
5081	6559
5978	5995
4620	8601
7751	8332
6292	5636
5306	5854
7481	3105
3753	6718
5729	9170
8519	5726
6496	6309
5747	9023
5985	6233
6153	7634
7238	7940
4622	6129
6554	6244
6151	6271
4089	7715
3668	6560
6047	8586
7550	8077
4386	5889
5487	9134
4808	8883
6837	6898
6995	7938
7675	5937
8811	6193
5455	8628
6652	0
5365	9672
6282	4111
4412	5823
5736	6723
5886	7021
7654	5921
5428	5027
7282	5962
6430	6808
4870	9074
4608	9138
4735	8883
5504	6053
8131	7920
3260	8153
6998	5998
7158	7269
4124	8666
7729	6456
6611	6354
8214	6436
5636	4919
6591	6171
8618	5450
6161	6228
6564	6715
6439	5123
5399	8417
4482	9030
3831	6582
4195	9134
4804	8263
8265	5791
5945	5544
6329	8094
9465	6750
4499	8368
6106	6251
4316	7964
5991	5449
7309	4478
3013	8469
1767	5800
5901	7539
5226	7462
5595	8522
6365	5325
5877	4250
4906	8501
6589	8572
4766	9396
6204	5399
4257	8542
7021	5412
4979	8800
6380	5840
7877	5540
8359	8646
5380	7025
4989	9552
7337	8447
7407	3639
6874	5802
6888	4939
8146	5070
7186	5838
4669	6031
5852	8970
6041	8762
5345	7798
6587	6095
5865	9121
8274	6538
5024	7507
5478	4565
5056	9260
6961	6635
7285	5435
7132	6109
4878	5990
5410	8488
5135	9539
3771	8853
4396	6431
6180	6208
5030	8490
4009	8853
5142	7519
5396	8146
3907	7829
5737	7274
2973	8919
7374	5725
4673	8218
6557	5908
7024	7795
6442	5566
5453	5844
5856	5582
5438	9340
7395	5957
6450	4564
5672	5124
3652	8401
7620	5376
7924	5819
6081	5912
7000	6240
5802	6938
4130	6205
3954	8432
3561	8045
5271	8757
5707	6741
4954	8889
5641	8110
6072	5830
5257	7027
4235	3264
5884	5506
4904	5415
3745	8087
6880	7087
7591	5409
7576	6338
4948	8566
5200	8746
7384	5097
6308	5429
5852	5157
7593	5449
2786	8651
6136	6508
1405	9281
3579	9081
4725	7621
4720	7906
8343	6826
6597	5757
5312	8404
6156	5677
5746	7222
7665	5651
5161	6378
5410	9999
6975	9245
4790	8650
5347	8257
5927	8380
7764	6374
6038	6518
4826	8207
4513	8152
5945	5411
6002	5696
5913	5955
6165	4626
7598	4934
8109	6763
5189	7922
6806	7097
6993	7054
6791	6978
7232	5406
4648	7779
4619	8329
5669	3975
5126	9271
7393	6155
4063	7031
5705	8724
5708	6302
5798	7048
4368	8693
8755	7758
7731	6800
7122	6334
6796	6270
4603	4794
5424	8062
6032	6955
5436	8871
4334	7409
8440	6504
8162	4846
6810	5807
6981	7220
5439	7673
4232	8518
6157	9569
7466	5333
5149	8944
5284	9297
6521	6273
5382	6388
7087	5540
6623	7150
6134	8408
5864	6834
8522	6022
5559	6864
4859	9233
6723	6005
6374	5938
6428	6318
8339	6721
3185	8612
4168	7861
6404	5985
5101	7907
4268	9062
7520	7448
6696	7981
5863	9138
5618	5878
8208	5733
4460	8977
6593	8314
5059	8364
4171	9472
6186	6641
5080	7635
6132	5608
5469	8312
7339	6192
8707	5467
7617	7674
4013	8711
5335	7792
4433	9376
6469	5876
5596	7284
4781	8874
6890	5327
5833	5724
6954	5643
6170	5064
5404	5182
5202	9012
4383	8569
5663	6182
7470	7164
3573	6738
6890	6102
7774	5007
5381	8713
5721	7629
4693	9372
5258	8394
5379	8183
7464	5710
6905	5885
4809	9207
4118	8801
4333	8978
5476	4981
6122	8950
6398	5392
6843	6724
5514	9066
6749	5858
7277	6527
5439	6541
4897	8748
7856	6462
4486	8095
2729	8707
8952	6174
2476	6786
4716	8090
6181	9063
4758	7544
5034	5728
4534	6899
5723	6705
5858	7773
6625	6481
4445	7398
6877	5556
5956	5095
7124	6137
4523	7975
6661	5603
7677	6473
5929	6092
8140	4695
6338	4907
6560	5846
4022	9450
3922	6116
7509	6677
7175	6086
7278	4568
4880	6763
6905	6160
4786	8331
5453	8503
7664	6515
5228	8321
6938	6826
5619	6080
4412	8236
6721	6080
6612	6940
6129	6191
3721	8395
9013	5266
8188	4628
5729	5023
5967	4959
5410	9134
7342	6624
5904	6660
7867	6083
5154	6004
4360	7989
6618	7681
4714	6347
4330	9138
6158	8403
5747	6550
8787	6143
2269	8596
4237	8323
7919	6681
5686	8799
6715	6435
2430	7016
7671	4870
6514	6509
5311	8773
5488	9270
5434	6189
6171	6095
6486	6618
5604	5734
6733	2939
7379	6305
5200	8588
7112	6852
5787	9445
4127	7566
4501	8321
4879	6400
4873	7469
6469	6530
4800	8915
7268	6086
6318	5659
6666	6544
7637	7022
5523	8390
3339	9001
4988	8523
6869	4301
3942	8622
5933	7737
6704	7236
7513	5705
5096	5285
7894	8009
7422	4484
5430	8898
8165	7177
4886	7669
4496	9159
7410	6500
8494	7221
8053	6305
5099	9186
7350	6373
7126	6193
6303	6156
5536	8554
3961	8641
8098	5722
4633	8066
3282	8974
6679	6242
4167	8287
5024	8030
3595	8797
4446	9818
6369	8857
6596	5957
6336	7846
4318	7289
9999	6201
6805	6905
4945	8892
3470	8807
7802	6953
7592	6733
3650	9141
4107	6971
6021	7149
7986	5087
6996	7448
5998	6889
7522	5831
7712	6655
4933	8379
7319	6716
5506	8634
4760	8950
4718	8196
5758	8721
5748	9001
5098	8423
8571	6190
4689	8384
6719	5798
6951	6014
1677	9336
5387	6587
