5986	0
7376	0
3894	1
3700	1
4679	1
4210	1
5485	0
3378	1
5939	0
3601	1
3480	1
4973	0
7384	0
3295	1
4279	1
8363	0
6144	0
6120	0
4590	1
3609	1
4078	1
7670	0
5506	0
6137	0
4052	0
7924	0
7186	0
2745	1
6866	0
4789	0
6201	0
7027	0
3886	1
6818	0
4203	1
4737	0
6065	0
6909	0
5452	0
3310	0
7245	0
6141	0
4391	1
5184	0
8387	0
8344	0
6987	0
4050	1
7211	0
4208	1
5400	0
4213	1
6169	0
6774	0
2418	1
3471	1
4476	1
3111	1
5614	0
3879	1
2643	1
6160	0
3865	1
6696	0
5654	0
3328	1
2014	1
3558	1
6352	0
2866	1
3590	1
4851	0
6537	0
4387	1
6170	0
7052	0
2870	1
4070	1
3038	1
6960	0
5888	0
3823	1
3526	1
6502	0
4392	1
5503	0
6300	0
6076	0
6345	0
5544	0
7139	0
3600	1
3582	1
5432	0
6752	0
7025	0
6928	0
6495	0
6207	0
7531	0
3569	1
1827	1
3848	1
5582	0
7615	0
4860	0
4396	1
4348	1
4388	1
4209	1
3428	1
7116	0
7352	0
6202	0
6205	0
5134	0
2160	1
5648	0
2661	1
6342	0
3237	0
4759	1
7059	0
3596	1
5033	0
3818	1
4426	1
5973	0
4955	0
4996	1
5526	0
6284	0
5908	0
5392	0
2453	1
4899	0
5218	0
6746	0
3391	1
3890	1
6846	0
2952	1
3103	1
4155	1
4078	1
2485	1
6375	0
7644	0
3987	1
3617	1
2609	1
4409	1
4515	1
7905	0
7821	0
6230	0
4358	1
4479	1
5693	0
8097	0
4048	1
1857	1
3680	1
4386	1
3654	0
6518	0
4503	1
4016	1
3668	1
2181	0
6618	0
3177	1
6852	0
3835	1
5543	0
7209	0
8335	0
4427	0
4911	0
4518	1
4147	0
3198	1
7199	0
6403	0
8501	0
4827	0
6474	0
7093	0
2701	1
3490	1
6954	0
2683	1
2374	1
3333	1
8329	0
7928	0
3832	1
4237	1
5326	0
7074	0
7843	0
6524	0
4102	1
1200	1
4641	1
6212	0
6302	0
5195	0
2578	1
6122	0
4057	1
7074	0
6064	0
7339	0
2769	1
3538	1
5751	0
3794	1
7127	0
7718	0
5982	0
6896	0
3663	1
3575	1
5755	0
805	1
5567	0
4519	1
4528	1
6696	0
7028	0
3818	1
4477	1
2019	1
5287	0
4590	0
5260	0
5426	0
6649	0
7703	0
4964	0
4089	1
6424	0
8512	0
4704	1
1362	1
6524	0
7543	0
5300	1
7022	0
2528	1
4648	0
6376	1
4098	1
6555	0
6961	0
8422	0
3866	1
3457	1
3138	1
3195	1
4640	0
6677	0
4662	1
7115	0
4923	1
6412	0
2946	1
4602	1
5575	0
6541	0
5181	0
3048	1
6711	0
3363	1
5693	0
8274	0
7314	0
7380	0
7498	0
5396	0
3223	1
7748	0
6789	0
4671	1
6803	0
3547	0
6899	0
7505	0
4194	1
4088	1
3588	1
7397	0
9673	0
6811	0
6803	0
3288	1
7994	0
7263	0
6826	0
3998	1
6642	0
4530	1
235	1
5569	0
7441	0
1955	1
7440	0
6261	0
6477	0
7156	0
6300	0
7408	0
7887	0
4828	0
7019	0
6807	0
4379	1
5790	0
4007	1
3277	1
5550	0
4600	1
5178	0
3879	1
2716	1
7218	0
3965	1
7615	0
3840	1
4717	1
5692	0
6418	0
8476	0
7313	0
2587	1
3845	0
6358	0
4439	0
6550	0
2585	1
6032	0
3015	1
6565	0
3770	1
6619	0
6002	0
3647	0
3960	1
7120	0
2850	1
2908	1
3369	1
7473	0
4187	1
3772	1
3411	0
3216	1
5420	0
3778	1
6545	0
4434	1
6990	0
3568	1
6815	0
7717	0
5185	1
2621	1
3201	1
3939	0
7287	0
3097	1
3511	1
3294	1
5925	0
4253	1
5567	0
7176	0
6837	0
6805	0
6639	0
3851	1
4421	1
5993	0
6610	0
4066	1
3730	1
3431	1
7829	0
1650	1
7420	0
2956	1
5899	0
4033	1
5702	0
5967	0
8707	0
3444	1
3626	1
2560	1
8222	0
4632	1
7921	0
3321	1
6538	0
6224	0
6648	0
3201	1
4265	1
7446	0
5108	0
5692	0
2745	1
3271	1
7103	0
3771	1
3602	0
3664	0
5985	0
7588	0
6887	0
5446	0
7040	0
4861	0
6096	0
7327	0
5941	0
6694	0
6169	0
6065	0
6813	0
6476	0
4386	0
6272	0
5309	1
6834	0
6122	0
5594	0
3375	1
2859	1
3472	1
6317	0
7327	0
1942	0
6145	0
3088	1
4123	1
5878	0
7864	0
4414	0
5885	0
6683	0
4722	0
5053	0
7602	0
6116	0
2422	1
4057	1
8897	0
7709	0
4100	1
8638	0
3009	1
4267	1
6042	0
7636	0
2623	1
9546	0
4750	1
4565	0
1481	1
2902	1
7332	0
5092	0
4605	0
7026	0
6383	0
6537	0
1972	0
3121	1
4159	1
3621	1
7345	0
5087	0
5024	1
4540	1
2328	1
4971	1
5548	0
4753	0
4614	1
4524	0
6979	0
7485	0
2609	1
7928	0
5733	0
6539	0
3931	1
3767	1
6326	0
4401	1
6840	0
8950	0
3953	1
7756	0
7071	0
7686	0
7642	0
7648	0
7760	0
6397	0
4846	0
3260	1
6009	0
6932	0
6842	0
3701	1
6408	0
3051	1
7018	0
3861	0
6887	0
4833	1
5592	0
4289	1
7916	0
7244	0
5753	0
2735	1
7244	0
4107	1
7625	0
4314	1
5933	0
7117	0
2860	1
7807	0
3290	1
4469	0
3558	1
5975	0
4277	1
6041	1
6089	0
6658	0
6210	0
4335	0
7944	0
5754	0
4205	1
3282	1
4522	1
6527	0
7905	0
3787	1
4152	1
4194	0
7128	0
6159	0
4808	0
8299	0
5986	0
5591	0
3868	1
7064	0
5532	0
3214	1
3640	1
5917	0
7440	0
3354	0
3598	1
7044	0
2291	1
4861	1
6978	0
4541	1
5717	0
4360	1
7577	0
5686	0
6174	0
6210	0
6276	0
4438	1
2532	1
2202	1
5517	0
6187	0
6971	0
6487	0
3627	1
6518	0
5075	1
6220	0
4527	0
3714	1
5658	0
7684	0
6749	0
7526	0
1894	1
6534	0
5522	0
7110	0
3983	1
2027	1
5487	0
4143	1
3398	1
7332	0
3796	1
5537	0
4360	1
5167	0
3499	1
4033	1
4456	0
7592	0
3967	1
5513	0
4489	1
5698	0
5569	0
6342	0
7557	0
5796	0
6192	0
6446	0
3967	1
2352	1
2866	1
8380	0
4089	1
5403	0
4635	1
7530	0
5717	0
5488	0
6418	0
3815	1
6215	0
4703	0
3822	1
7311	0
2924	1
3050	1
8139	0
4850	1
4636	0
5832	0
3825	1
3703	1
3272	0
8314	0
7954	0
5314	0
5770	0
6399	0
3986	1
3771	1
3602	1
3988	0
3957	1
3921	0
6922	0
4463	1
6530	0
7538	0
5723	0
4394	1
1330	1
6166	0
2479	1
8786	0
6800	0
4267	0
2498	1
4349	1
4545	1
6531	0
5860	0
4504	0
3744	1
6131	0
5926	0
4018	1
5609	0
3167	1
5143	1
4287	1
7030	0
7316	0
5720	0
6123	0
6987	0
3864	0
5236	0
4728	1
3689	1
3726	1
7225	0
4771	0
6821	0
5596	0
4262	1
2447	0
7605	0
3886	1
7149	0
7486	0
8359	0
7671	0
6465	0
5879	0
5514	0
6868	0
7407	0
2322	1
3941	0
8068	0
7281	0
6889	0
6943	0
6251	0
3743	1
6844	0
7524	0
7264	0
2303	1
7091	0
5338	0
3801	1
5495	0
8181	0
4027	0
6849	0
3968	0
3468	1
5101	0
6246	0
4631	1
4067	0
4009	1
4458	1
3444	1
6393	0
8082	0
6588	0
2930	1
5121	0
6357	0
6345	0
3764	1
7902	0
2759	1
3881	1
4759	0
1502	1
6551	0
8036	0
3248	0
2811	1
4108	1
8239	0
6985	0
4555	1
6384	0
3386	0
3331	0
3923	1
5483	0
3263	0
6219	0
4110	0
4214	1
5360	0
3335	1
2316	1
5650	0
4266	1
4605	0
3940	1
4418	0
7986	0
3431	1
1530	1
4051	1
5346	0
2658	1
3229	0
3283	1
3544	1
8009	0
4515	1
7069	0
6378	0
4107	0
4352	1
4654	1
4646	1
4184	0
3548	1
3274	1
3747	1
6544	0
5212	1
4147	0
1863	1
5809	0
3099	1
2871	1
6583	0
7714	0
2734	0
7561	0
7352	0
4704	1
3724	1
6279	0
7605	0
6814	0
7492	0
5493	0
4150	1
3720	1
3121	1
3741	1
7915	0
3789	1
4629	1
7691	0
4475	1
7030	0
6464	0
5964	0
4170	1
4753	0
7071	0
2952	1
7744	0
3205	1
7930	0
4418	1
6382	0
4004	1
3336	1
6794	0
6679	0
3404	1
5139	0
6099	0
5679	0
3990	0
1889	1
3638	1
5169	1
2664	1
3809	1
2365	1
7495	0
7720	0
6291	0
3575	1
4197	1
3791	1
8140	0
3552	1
4878	0
3140	1
7916	0
4889	0
3035	1
8713	0
3756	1
6694	0
3364	1
4638	0
7388	0
7392	0
3597	1
6162	0
5934	0
6030	0
5125	0
2632	1
4106	0
5832	0
4780	1
7880	0
5906	0
4525	1
4482	0
3524	1
6394	0
5175	0
4398	1
5365	0
6158	0
6446	0
3789	1
8836	0
3924	1
3087	1
7674	0
4149	1
4914	0
6093	0
7979	0
7146	0
7388	0
6909	0
6737	0
7077	0
6274	0
5606	0
6804	0
5659	0
5822	0
7205	0
5106	0
5921	0
3654	1
5106	0
4068	0
7702	0
6908	0
6366	0
8748	0
4246	1
8895	0
6544	0
3433	1
6403	0
7520	0
4807	1
7492	0
3907	1
6306	0
4456	0
5279	1
7872	0
7722	0
5023	0
5740	0
3149	1
3495	1
4204	1
4936	0
5738	0
5341	0
3014	1
3444	1
4132	1
3508	0
3228	1
1466	1
1923	1
4023	1
3865	1
3364	1
5859	0
2697	1
3498	1
6918	0
4255	1
2424	0
7012	0
7814	0
6258	0
4051	1
3482	1
6114	0
7438	0
7934	0
6672	0
6225	0
7996	0
5444	0
7311	0
2643	1
3640	1
3956	1
6645	0
6323	0
7086	0
5899	0
3712	1
7981	0
2849	1
5560	0
3547	1
3928	1
4332	1
4191	1
5515	0
4593	1
6631	0
3692	1
7556	0
7883	0
7613	0
3850	1
6362	0
7284	0
4453	1
3159	1
6272	0
6841	0
6283	0
3999	0
7741	0
6548	0
4045	1
7381	0
4844	0
3333	1
3881	1
3359	1
4380	1
5268	0
3988	0
6422	0
5468	0
6435	0
6204	0
5108	0
4153	1
3115	1
5211	0
3792	1
7842	0
6895	0
2979	1
4277	1
9049	0
4016	1
4043	1
5029	1
4716	1
4689	1
4050	0
6861	0
5414	0
5605	0
5020	1
7265	0
4740	0
7334	0
6185	0
4218	1
6495	0
4355	1
3830	1
3020	1
7016	0
6579	0
4855	0
7844	0
4340	1
4070	1
5746	0
4033	1
3584	1
3526	1
3254	1
4630	0
3976	1
9096	0
6340	0
3212	1
4679	1
6367	0
7150	0
7686	0
6674	0
5937	0
7624	0
5915	0
8168	0
5325	0
6212	0
6318	0
7221	0
7610	0
7092	0
6945	0
4196	1
2560	1
7174	0
3783	1
7534	0
7077	0
6246	0
5406	0
8147	0
3874	1
3075	1
2883	1
4307	1
6228	0
2797	1
4116	1
4196	1
3895	0
3399	1
2918	1
4527	1
7710	0
7335	0
5812	0
2735	1
3359	1
8897	0
7928	0
3957	1
5547	0
3799	1
2104	1
5232	0
7715	0
6597	0
3256	1
4464	1
3399	1
6670	0
6190	0
7291	0
4896	0
3618	1
8112	0
8042	0
4114	1
6674	0
5375	0
7989	0
5681	0
7814	0
4190	1
5042	0
7786	0
4566	1
5455	0
4045	0
5953	0
3669	1
5970	0
3193	1
3361	0
7067	0
6422	0
5662	0
3150	1
7703	0
6333	0
5551	0
4478	1
7906	0
6623	0
7108	0
3189	1
5811	0
3942	1
7119	0
7834	0
6417	0
4650	1
4044	1
5075	0
3367	1
7420	0
7821	0
3503	1
5582	0
5936	0
3203	1
8470	0
3825	0
7398	0
5510	0
7851	0
6146	0
4501	1
4935	1
3233	1
3929	0
6350	0
6423	0
7927	0
3654	1
4691	0
5615	0
4756	1
3432	1
6127	0
3493	1
8492	0
5185	0
3480	1
6887	0
3592	1
4744	1
6931	0
3064	1
4942	0
7562	0
5838	0
7482	0
4018	1
8304	0
5004	0
819	0
5852	0
6493	0
4553	1
3964	1
3815	1
6437	0
4633	0
6647	0
4686	1
8179	0
4955	0
4945	0
8038	0
5819	0
4684	1
4252	1
6364	0
7551	0
5542	0
6945	0
7090	0
6246	0
2860	1
3028	1
3730	1
3528	1
7462	0
6108	0
4312	1
6661	0
6153	0
7261	0
6850	0
7122	0
3586	1
6436	0
7920	0
4743	0
3690	1
3451	0
6232	0
7029	0
2627	1
3866	1
4942	1
5484	0
2586	1
6777	0
4275	1
4983	0
6322	0
4838	0
4531	1
3464	1
3756	0
4956	1
7172	0
3214	1
6165	0
4264	1
6113	0
6995	0
3769	1
6470	0
3599	1
2742	1
6717	0
5417	0
0	1
7902	0
6688	0
4465	0
7139	0
2919	1
5516	0
3367	1
8760	0
6371	0
3874	1
7317	0
5197	0
4957	0
3395	1
6265	0
3196	1
6052	0
4851	0
6428	0
5836	0
3913	1
3944	1
6888	0
3840	1
7454	0
4608	0
6277	0
8414	0
3229	1
7492	0
4575	1
3185	1
8781	0
5145	0
2418	1
4568	0
7128	0
5926	0
7065	0
6966	0
3138	1
6410	0
4834	1
5271	0
3303	1
6102	0
6883	0
6621	0
3425	1
4806	0
3297	1
3000	1
4203	1
3945	1
7844	0
6197	0
8355	0
5065	0
6759	0
4089	1
3110	1
5139	0
6546	0
5801	0
8895	0
6969	0
6106	0
4111	1
5370	0
4343	0
4292	0
4733	0
3864	1
3997	1
4454	1
7370	0
4241	0
3437	0
7174	0
3504	1
2705	0
5704	0
6357	0
6799	0
3791	1
6196	0
5620	0
8059	0
4443	1
6215	0
3211	1
3049	1
6137	0
3638	1
4054	1
6010	0
6664	0
2554	1
3033	1
6995	0
4643	1
7352	0
9162	0
4239	1
6077	0
4507	0
8600	0
6469	0
7104	0
3890	1
3658	1
3014	1
4533	1
7270	0
4136	1
5618	0
5966	0
4512	1
5586	0
4455	1
4266	1
3151	1
3865	0
5337	0
8431	0
8252	0
7178	0
7616	0
5646	0
5546	1
4600	1
3984	1
6103	0
3561	1
7515	0
5875	0
6814	0
4675	1
5291	0
6856	0
6576	0
5783	0
7687	0
6944	0
4091	1
2267	1
6313	0
4376	1
6135	0
3098	1
7210	0
5028	0
7095	0
6960	0
7636	0
4309	0
6393	0
3728	1
7157	0
3006	1
4085	1
5055	0
3838	1
5946	0
6652	0
7547	0
6840	0
5497	0
7921	0
2936	1
6433	0
4146	1
5151	0
3796	1
6037	0
2917	1
5401	0
3076	1
4120	1
6311	0
4382	1
6315	0
4942	0
7325	0
6944	0
3399	1
6873	0
3389	1
3725	1
5485	0
6647	0
7588	0
3701	1
3246	1
4651	1
5224	0
3749	1
5922	0
6222	0
6451	0
8228	0
4187	1
7287	0
3366	1
6227	0
5403	0
7821	0
3998	1
3339	1
7683	0
5551	0
5922	0
5243	0
4355	1
7255	0
7530	0
5905	0
5064	0
6675	0
3196	1
3735	1
6181	0
8021	0
4471	1
3823	1
4409	1
3143	1
5945	0
3816	1
3275	1
5697	0
6331	0
5908	0
4909	1
4370	0
6406	0
4314	0
3826	1
3409	1
4492	1
7167	0
6793	0
5666	0
4936	1
6586	0
4548	0
3196	1
6901	0
6014	0
6061	0
7362	0
6451	0
6134	0
5121	1
4601	1
2417	1
3881	1
6140	0
2305	1
7544	0
8405	0
4033	1
7952	0
2505	1
3627	1
3971	1
6897	0
6564	0
3431	1
3781	1
6795	0
6225	0
4964	0
4496	1
6652	0
5892	0
3065	1
6678	0
4461	1
2795	1
7512	0
4239	1
5303	0
6313	0
7601	0
6400	0
6870	0
4123	0
3530	1
7229	0
6649	0
3588	1
7183	0
3142	1
6732	0
3057	1
7102	0
3736	1
5472	0
4680	1
5700	0
6194	0
3935	1
6569	0
4263	1
4496	1
9411	0
4550	1
7578	0
6180	0
3610	1
5537	0
3446	1
8753	0
3303	1
3586	1
5966	0
6845	0
4478	1
5805	0
2180	1
2687	1
6346	0
7011	0
8423	0
2889	1
5085	0
7926	0
6217	0
6785	0
8257	0
7563	0
3819	1
3602	0
6656	0
8580	0
5611	0
4493	1
7088	0
4226	1
6880	0
6132	0
5694	0
3843	0
6893	0
2451	1
5553	0
7921	0
6889	0
3475	1
6347	0
6662	0
2472	1
3141	1
4193	1
6280	0
3516	1
4358	1
3867	1
5048	0
7269	0
7243	0
6929	0
3375	1
5613	0
3220	0
2723	0
6802	0
3392	1
4014	1
7035	0
3732	1
5416	0
3566	1
2654	0
6993	0
6506	0
2954	1
7520	0
6240	0
3900	1
4612	1
5571	0
3291	1
3591	1
8255	0
5738	0
3665	1
7118	0
3440	1
3965	1
4835	1
6019	0
6405	0
4631	1
6643	0
4538	1
7192	0
7890	0
6564	0
5115	0
5781	0
4671	1
3255	1
3157	1
5123	0
4513	1
5885	0
6208	0
3722	1
3311	1
2777	1
5122	1
5529	0
7073	0
7953	0
6768	0
6827	0
6000	0
7347	0
4149	1
4359	1
6547	0
5085	1
3464	1
7295	0
3315	1
2417	1
1771	1
6019	0
4421	1
4158	1
8154	0
4149	1
3298	0
7133	0
3240	1
3250	1
4208	1
4422	0
6614	0
6051	0
6174	0
3981	1
5972	0
4997	0
3736	1
7805	0
4209	1
6622	0
4941	1
3077	1
2259	1
4417	0
7798	0
4007	0
7281	0
4086	1
7382	0
7671	0
5092	0
5849	0
4272	1
3153	1
5421	0
4831	1
7419	0
3887	1
3001	1
3884	0
3419	1
9122	0
6383	0
5006	0
6272	0
6719	0
7208	0
4170	1
7910	0
3037	1
7405	0
4641	0
3638	1
4136	1
5931	0
7524	0
8374	0
3922	0
3712	1
6422	0
7941	0
2843	1
8650	0
4589	0
7630	0
5270	0
4737	0
3576	1
6434	0
3525	1
4287	1
3683	1
8383	0
4445	0
6732	0
3857	1
3056	1
4599	1
3665	1
6806	0
3519	1
7779	0
1881	1
2029	1
4866	0
3955	1
4346	1
3590	1
7715	0
6091	0
7022	0
3412	1
5598	1
8753	0
1692	1
4197	1
5702	0
8084	0
5835	0
6418	0
5349	1
5089	1
6964	0
6693	0
7502	0
7325	0
7364	0
3746	1
4132	0
5783	0
5255	0
4151	1
7740	0
8213	0
4441	0
3707	1
3254	1
2977	1
5992	0
4006	1
3856	1
8352	0
4682	1
6973	0
6094	0
6065	0
7057	0
7644	0
5585	0
4808	0
5658	0
3743	1
6071	0
6189	0
6336	0
7329	0
6496	0
7256	0
4299	1
5641	0
2307	0
6564	0
6260	0
6512	0
5044	0
7185	0
5404	0
3414	1
2383	1
8610	0
4713	0
6773	0
7779	0
5297	0
2911	1
4418	1
1922	1
1783	1
3439	1
9155	0
9783	0
5478	0
3216	1
4181	1
7827	0
3551	0
4147	1
7082	0
6949	0
7006	0
5002	1
6045	0
7252	0
6106	0
4142	1
6325	0
2479	1
6545	0
7284	0
4113	1
5117	0
3301	0
6423	0
5672	0
4021	1
4281	1
6695	0
5880	0
6611	0
2145	1
7091	0
5959	1
3022	1
6431	0
8414	0
7606	0
7378	0
6470	0
3810	1
8054	0
4087	1
6308	0
5746	0
4844	0
6365	0
4351	1
4831	1
6026	0
3698	1
6129	0
4281	1
6469	0
7318	0
4383	0
2530	1
3085	1
4761	0
4503	1
3474	1
5730	0
6123	0
6136	0
3519	1
5215	0
5928	0
3380	1
2415	0
4191	1
6078	0
3362	1
3576	1
3973	0
3537	1
4304	1
6062	0
7001	0
6287	0
7648	0
5726	0
8743	0
8033	0
3906	1
3724	1
7144	0
8008	0
6898	0
4314	1
6856	0
6589	0
5755	0
7617	0
3698	0
5564	0
7689	0
4771	1
7263	0
9999	0
7104	0
5899	0
3113	1
7710	0
3504	1
7065	0
4752	1
7267	0
4808	1
3056	1
3351	1
6621	0
4957	1
6278	0
4258	1
7633	0
7599	0
4356	1
6724	0
4071	1
3531	1
3277	1
2790	1
7693	0
3655	1
5890	0
4020	1
2792	1
4748	0
5922	0
6693	0
6844	0
3569	0
3824	1
3299	1
6346	0
5340	0
4268	1
6471	0
5934	0
3029	1
2578	1
5751	0
5234	0
3097	1
4536	0
2720	0
5972	0
2793	1
2277	0
6741	0
7905	0
6494	0
6316	0
7817	0
7773	0
3509	1
4692	1
7145	0
6973	0
3448	1
4443	1
7252	0
2454	1
5672	0
3962	1
7920	0
6183	0
7513	0
6815	0
7451	0
4291	0
6176	0
6898	0
6519	0
6788	0
3698	1
6719	0
7337	0
5671	0
4114	1
6754	0
3586	1
8941	0
2950	1
6111	0
5895	0
5865	0
2733	1
8194	0
6171	0
6403	0
7180	0
2274	1
6337	0
3077	1
7103	0
2892	1
3556	0
5264	0
4231	1
7487	0
6474	0
6111	0
6473	0
7207	0
4508	1
5571	0
3696	1
6770	0
4170	1
4522	1
1924	1
3236	1
1809	1
4261	1
8061	0
1716	1
6205	0
4751	1
234	1
6790	0
7107	0
5178	0
1903	1
7843	0
7243	0
3555	1
7171	0
2190	1
4631	1
6708	0
4580	1
3777	0
6877	0
5994	0
5199	0
6084	0
2974	0
6654	0
2228	1
7573	0
6756	0
5601	0
6864	0
6811	0
3897	1
1710	1
5944	0
5580	0
4872	1
5007	0
4446	1
6732	0
6200	0
4166	0
5916	0
4745	1
6000	0
3291	1
6916	0
6693	0
5567	0
4262	0
4549	0
4797	0
6337	0
6481	0
7834	0
7342	0
5657	0
5479	0
4973	0
4007	1
7775	0
7114	0
1588	1
4337	1
2107	1
5809	0
3477	1
4306	1
3886	1
5758	0
3760	1
3585	1
4160	1
6176	0
7859	0
2597	1
6478	0
3490	1
3933	1
8602	0
5058	1
8275	0
3707	1
7211	0
4019	1
8715	0
6108	0
6426	0
2269	1
5611	0
8197	0
7203	0
7575	0
5212	0
9023	0
3783	1
4477	1
3886	1
6152	0
4841	0
3240	1
7014	0
3826	1
6984	0
7367	0
3160	1
5460	0
4561	0
7220	0
2588	1
5715	0
5964	0
4641	1
8036	0
6059	0
7348	0
6602	0
2588	1
2826	1
5682	0
3236	1
