2135	2565
4735	3766
9454	5774
1264	2617
1926	5617
3178	6391
1554	1828
3226	6065
2702	6681
3033	5092
4468	8325
105	4849
5799	5777
2248	3322
3911	6512
4376	4725
3107	2482
3482	2892
4064	4625
1686	6879
2756	1766
3067	6180
2721	5028
2528	7090
7654	4866
2599	3334
2596	2695
2379	4513
2986	3413
487	9999
3648	6164
2150	4976
4413	2854
3262	2971
4269	3457
1469	3057
3699	3083
1341	4353
4182	3269
3649	2692
3664	4218
3171	4723
1628	1843
2867	1906
1815	3696
3645	2554
9877	4451
9389	8428
4006	3544
8656	3576
1880	5185
1227	7232
4548	3890
3194	2965
5405	3590
2945	6857
4331	2849
1627	2346
3372	2322
3372	4411
0	813
2037	2419
2382	8623
3684	3823
2427	2696
9989	5286
3368	3179
6288	3067
4658	6462
3643	5028
3185	5056
960	3613
1696	1818
1414	2446
7643	4743
7175	5466
6385	3321
443	1871
3406	5634
3866	8076
3171	6451
1022	5335
1737	505
606	1976
3660	3978
3135	3263
3981	5103
2884	7721
3876	1398
5732	3070
4012	4907
3357	4901
893	4366
2008	3402
4230	6068
3697	2617
9023	5714
3848	3893
7349	2634
3538	4597
2823	2521
4893	5591
3259	2884
2775	1421
2718	7170
2951	4112
4455	5287
1376	2775
3666	6306
2301	3991
4254	6789
2066	4154
3333	7168
5259	6182
3408	3612
4178	3624
1410	2874
2401	7852
3680	3968
1428	2157
496	0
2506	2959
5015	4426
2844	3702
3194	2865
4381	5590
2318	1324
3975	3889
2722	2171
3710	2949
4599	5272
2912	7872
859	1020
1424	2077
3661	5166
9334	5985
993	2854
2100	1987
3882	3663
4005	4072
3652	3981
4759	8967
3689	3777
3994	5528
3872	5009
3546	3155
2644	6718
2919	3297
1761	2344
4273	8162
2200	3459
4024	4893
4169	3816
5332	3210
3778	4878
4023	4753
1582	4964
2646	1698
1697	7326
2030	6628
6488	7560
2004	4075
4867	5125
7770	3289
4380	5274
4565	5158
6857	1915
2603	1459
2353	3496
1384	6734
5801	7615
2116	4957
2551	2827
4323	3737
2457	2123
4885	5344
3536	2995
2059	3179
1959	2996
6476	3515
2962	7839
6779	6575
3454	4668
1825	2840
4931	4663
2556	4068
3314	3152
2769	5440
4299	6241
3264	2545
5842	6790
966	4667
3981	3433
1730	2387
1165	2120
4384	4148
3471	6140
8958	6292
4982	4759
1756	6256
3513	6261
2113	3828
9454	3989
4918	2346
2523	6648
4387	7808
8321	5530
3577	4206
9478	7137
5027	3907
3584	5078
9783	4073
2313	1916
5151	7066
5546	5213
4661	4182
2053	2283
8460	3533
5140	6877
2940	2870
683	1693
492	3493
3864	2962
3047	2107
2376	8284
4674	6667
3449	2740
1681	5308
1245	4709
3143	3718
5065	5724
2319	4904
7449	5139
2796	2242
6426	7713
4293	3013
4504	3779
796	2180
4544	2677
2772	2704
2158	971
3118	5245
3029	3506
2124	1587
2772	601
1634	3861
2761	4317
2307	4716
2743	4718
2247	7548
981	7915
2997	2939
4147	2353
3518	5066
1244	5128
4377	1247
1033	2622
6274	5337
3361	7154
16	1579
2990	4999
4369	5305
7508	5658
4183	7879
3746	4633
1283	2132
2494	8649
1439	4867
4824	8723
656	1094
131	2740
1663	3481
3240	2702
2079	2973
2860	1539
2181	3273
1897	5581
4123	3813
2941	5610
3609	3718
2448	453
1869	341
2224	4314
2001	5699
3789	3735
2308	1374
2843	4023
4476	5488
1730	1979
3686	4433
2573	2179
6529	6667
4572	3446
2639	5027
3538	2938
2659	4144
4335	4950
4042	4877
2892	1107
3913	3560
2374	5076
3839	4674
3556	4067
1497	4211
1539	2585
3668	7978
4924	5833
3499	3966
405	2064
5059	7587
1773	4885
2971	4807
597	4084
6608	8057
2335	1587
2574	4107
3317	1961
4383	7046
1117	4189
2628	4478
4551	4852
1503	2001
1815	4570
4128	3587
1025	3499
8577	3178
1817	3232
3375	4073
2930	3093
6131	2042
1719	3096
2473	1954
3610	8066
5143	4220
3504	6841
4137	5672
2084	3351
1664	4105
2566	3683
1749	3097
4391	1913
5932	5789
3220	5578
3481	5393
2531	2876
31	1085
3702	4514
1753	2006
2801	1557
1406	3992
5641	3706
5410	1829
3231	4138
2765	5092
4760	4431
2511	2037
4571	2838
1221	6611
2764	4530
611	3436
1018	3853
2940	5783
2742	5310
1901	5174
3669	6945
2316	4422
4433	5225
5157	3890
2017	2147
3217	4466
1681	2630
2089	1388
3263	1882
1127	2579
3746	3636
4535	5416
3098	8277
8244	3049
2674	3779
4017	6107
1829	7750
4852	4094
2796	3913
3948	5280
2749	2703
4560	7401
2299	4027
4377	2813
2970	7827
3548	3570
5396	4118
3942	4499
3876	3845
9755	5264
3975	5556
3034	4244
3040	3413
3717	6469
2617	5311
3007	6252
1613	2208
3593	4317
6284	1939
4191	4635
3927	3242
3815	4982
1001	2113
684	2856
4065	4705
1788	6850
7562	4887
4681	5284
3001	4028
6439	5396
1852	3850
2782	4422
3694	5667
6598	4784
3569	5190
2352	2545
3053	4897
3792	7146
1364	5647
2462	5020
4234	4168
1400	3690
4918	4495
2993	4516
3735	3158
2348	3689
9377	3698
3406	7567
1297	4734
2391	2899
4656	4917
9708	4803
3102	2530
3106	4518
5822	6979
2068	3646
2122	6156
3433	4683
2851	2752
2781	4580
2735	6066
4870	6894
1827	4257
1835	3208
251	1088
3486	6327
3092	3698
3571	3290
2924	5691
3350	4398
4344	7460
3652	7847
2703	4868
2097	5617
2550	5036
1674	3199
2896	2126
1218	2335
3871	4940
1532	4683
4570	3143
3766	4423
9007	3355
3456	6039
2237	2199
3299	4923
3250	1739
3513	6356
2048	1143
3044	6435
3888	3768
6011	1911
2096	3691
3500	3625
2900	6097
9999	4258
3616	326
2880	4094
3308	6242
6742	2181
3839	9430
2762	978
2391	4835
3809	5430
2147	2587
1630	3285
1133	3047
8516	6971
2239	4036
2656	6816
2827	3574
4656	8774
4351	5786
5351	4153
2217	1695
3762	2799
2028	5879
1742	2470
5509	6989
1037	1886
4630	3921
5010	6903
2028	2066
4275	7164
744	3421
2556	2986
1694	6070
9360	7840
2093	5785
2997	3006
1272	6467
5579	4327
3125	2540
5477	8787
3083	4004
2514	3459
3644	3247
1898	3503
4106	4299
3148	2858
3658	7625
2144	4364
6606	4099
2994	4202
8752	5382
4230	5712
4937	5389
4126	3988
3249	2631
2796	4287
2348	3680
1867	2270
2069	4252
4309	3314
1847	4769
1849	2072
1933	5064
3250	6263
2207	4527
3710	2731
991	2745
2442	3097
3040	5694
2497	2081
1320	3810
1293	7993
5341	8144
3659	5327
4847	7651
950	2951
8232	4642
2654	5477
4146	3760
6140	5828
3700	5787
1461	6372
4383	3646
2069	7493
1956	865
3666	8590
3651	3937
3465	3635
9571	4399
1467	5670
3711	3239
3804	3212
3463	4077
2138	8623
3919	3636
3235	3703
1215	888
4359	7024
5148	3536
2249	2923
4044	6055
2963	5885
3171	3208
2348	2734
4449	6915
2308	1317
1847	2401
3370	2983
5011	4934
3735	4944
5659	7999
468	2368
1888	5880
3168	7450
671	4232
3030	5216
3293	6735
3832	4565
8802	3138
2995	4579
2138	658
4797	6000
3678	4335
4141	7630
4147	3468
4383	3919
3219	3368
4022	3624
2093	3169
2839	5284
2521	4455
2122	3256
4807	4411
4017	5511
3578	2917
4155	5482
3542	4565
3667	5370
2250	7796
4598	6436
3059	6213
5843	4849
2354	481
2629	3734
2615	3464
3775	5587
1329	3379
1884	3292
2175	3873
3705	6430
4690	7851
1837	4297
3575	5677
3631	4368
1079	2231
8383	3425
996	2689
2680	3744
2683	39
9292	4303
3524	4768
4707	5834
1498	3326
4274	5157
5063	8643
2279	5571
3852	3583
4439	3747
5251	4815
3910	6276
1469	5827
1795	2789
2977	4380
2423	6156
3721	7951
2488	3924
1384	1813
3448	4009
2385	3856
1636	730
3685	7499
5098	5098
3283	8093
2569	2938
5589	4630
175	2599
2838	5443
1767	3687
2250	8655
2925	4777
2741	5265
5084	6883
2101	4176
3930	3510
1893	773
2434	5989
1050	5179
5371	8574
9018	4663
2035	1406
3209	3103
200	3923
7295	4212
4415	3696
2931	5886
1918	1349
2619	2555
7001	4522
8057	2874
5282	5582
3594	3705
4594	6347
1646	1231
2767	2737
2265	3628
2808	2073
4161	6489
2858	5239
4563	3401
2551	7297
2942	6231
3089	3430
3002	1227
1532	2497
1528	1498
5365	8725
2055	2834
3098	2944
3707	7785
2267	3605
1541	7104
2903	3598
8210	2938
5196	6509
1795	5672
6997	5391
1761	2687
2254	2728
2171	4940
3157	4957
1319	2509
4827	4033
2287	5813
1328	1103
2348	2383
3340	5933
4364	5149
3865	2409
3483	1820
2319	5069
4405	4590
3482	4554
4311	6804
6972	3522
2350	6518
3702	9463
3261	2851
4937	3499
1545	1929
1086	5339
4109	5301
3784	3991
2306	2897
1772	5867
2755	1923
1575	4903
3098	3120
3137	5862
3684	7149
2221	5223
3384	5692
3242	2694
3995	5034
2494	3001
3607	6875
2618	6110
2720	4261
3161	5027
3493	3877
1957	488
2343	5341
2725	5035
2383	2676
1624	2433
2994	4267
1050	1940
3360	5879
3403	3726
5213	5695
2997	5796
3262	3500
2524	3323
4440	5264
2312	5820
2267	4925
3852	3483
3769	3449
4206	3367
1684	2996
4585	4328
2523	5179
3087	5229
6194	1858
2563	3634
1534	2825
3030	6435
3679	6364
1661	2322
2940	5116
806	3914
2086	1218
7544	2753
2391	7305
2547	5722
4517	5206
4303	7944
4021	5457
1496	1973
464	3746
1687	1720
2292	3390
3029	2068
4357	8392
9882	5043
3706	4009
3138	4143
5782	7238
3106	4120
7747	2961
2848	3545
7298	3949
4372	6864
2697	3684
3428	2703
3010	5212
2791	3147
2625	2042
8972	4200
2724	1328
4608	4112
6918	4723
3995	4214
3983	3979
3039	4311
5730	3901
4499	6250
1501	2436
2494	5271
4332	5375
1154	5906
4342	5001
2454	5886
6698	6038
6007	2448
3444	4806
4281	3389
4828	4831
5333	7820
1460	2791
9339	4589
4798	5010
3108	4880
3647	5300
5052	6171
4372	6172
3023	3655
2932	3197
3136	1365
4118	3287
1546	2606
2964	7641
1435	2996
2813	1842
3189	4878
1624	637
4028	5198
8900	6189
1736	5478
2822	3918
3994	4095
2155	1593
3176	5436
5664	5812
3995	3880
1525	8663
1219	4742
1491	3073
7381	3582
3015	4683
1844	3395
4077	5068
3147	1126
3826	5880
3830	7219
1734	3461
2316	6076
2659	2145
2771	4022
3683	5060
3940	3945
1196	5084
3047	4376
4932	4051
3953	5930
1782	2603
3859	4682
3254	3464
1621	2204
2076	2832
5403	4555
3374	3230
3689	3494
4607	7085
1828	4508
1612	2811
5122	5437
4469	4751
8343	3830
4160	3006
3951	6412
3253	2886
2998	4029
4247	4131
4829	5465
4049	3635
3442	4097
1807	3020
4750	4008
8718	3889
2388	3862
3023	2979
2255	3080
4226	2693
3344	5880
2531	2912
4825	4400
2479	1479
3425	3171
2448	1775
1988	3440
568	5225
1444	2902
4431	5443
1842	5004
2062	3854
4791	4741
4722	4713
7513	4034
2861	2356
1659	2183
3824	5604
1902	1351
3210	2424
2556	3801
3652	5131
2932	641
4183	4131
983	653
2920	3081
4497	4947
3567	5000
2307	4449
1580	4273
3499	4779
4635	4185
3920	4854
3959	8133
3100	7248
5349	3985
1723	4098
3915	5191
7580	8001
5581	8060
3651	3095
3389	2708
2725	3539
3239	7411
2655	4374
4233	5975
4538	3827
1613	678
2993	3332
1053	1413
2403	1492
3830	5314
3502	3312
1954	2625
2291	2075
3423	2768
5459	6030
5725	1638
1842	3564
4974	3438
5384	4370
4140	6534
1312	2598
3697	3855
2199	2675
1416	2307
2354	2863
4729	8052
9778	5826
7643	3502
2504	5935
1587	4130
3016	3360
1761	4825
2987	3589
1754	2848
4574	3837
7222	6520
1915	2154
5046	5232
2127	2147
2938	3896
3357	3321
2645	2927
2834	5884
3457	6184
2760	6736
1867	3138
4413	6798
4167	4430
4941	4508
2460	6020
2322	3122
2969	3118
3081	4885
2252	2521
3376	5666
2974	6305
2154	2968
663	2409
2120	4846
3925	4964
3113	4447
4720	3535
3023	4522
1890	2330
5018	4012
3976	4022
5685	5620
3485	4641
1738	1193
1918	5656
4674	3192
888	2501
4384	6730
412	2395
6707	4854
3527	3515
3715	4169
3558	3051
1925	4890
