6297	154
5347	136
5794	21
5333	9
2637	28
7523	221
5610	20
3186	228
2308	14
3976	10
7689	213
3235	17
3752	129
7278	163
3026	86
3193	18
5089	10
5291	18
2687	8
3805	154
3790	52
4225	215
4117	25
6949	128
3567	119
6298	136
4659	32
6464	10
5168	12
5494	221
1607	20
2519	18
2430	27
6513	12
3863	41
2801	192
3710	67
2658	6
3308	133
2393	192
4814	12
5587	21
3644	212
7447	218
3930	28
5948	139
5836	13
6530	121
4736	15
3568	130
2855	20
6733	22
4656	12
8105	32
6451	217
4239	23
4250	70
6086	101
6539	19
3579	129
1781	151
4441	122
3889	80
4723	22
3549	159
7846	141
5202	9
7084	142
3324	18
5181	16
2952	23
3741	30
3774	35
3473	39
4726	130
1969	20
2053	225
3210	125
3691	156
4401	39
4855	218
3918	9
4188	11
6174	22
2879	164
2691	116
2546	23
4815	201
4325	157
6156	29
5539	62
3642	130
3432	22
2478	33
3739	1
2955	16
4385	4
2693	16
3712	15
4456	28
4362	11
4902	46
3650	59
3614	13
5021	130
3788	210
6711	17
6848	20
1396	30
4351	70
3548	11
6424	228
2928	13
4404	1
3951	154
4714	133
6075	30
4365	39
7021	32
1371	78
3909	23
7069	58
1870	223
7238	20
4435	32
3267	134
3614	154
6088	10
4493	53
3227	15
2492	227
2988	5
4420	21
2807	40
4233	49
4721	43
4288	15
6693	95
4031	126
3407	34
3395	173
2208	58
686	18
3896	5
2584	226
2736	14
4395	5
3737	23
5008	100
3981	154
4074	35
3621	226
2204	136
4094	92
6528	54
5893	136
3631	13
6601	139
3520	23
6070	20
6704	21
2766	105
5811	22
3513	140
6703	6
6068	23
5700	22
3692	93
6532	24
5313	27
3698	42
4117	35
1545	24
4758	29
608	22
692	133
3283	71
4130	129
635	25
2666	1
1221	122
2876	15
4471	129
5050	228
7973	146
3452	173
1350	68
2800	218
6224	24
3543	16
6139	112
3559	192
6121	58
4436	94
6403	10
3003	30
2847	9
2342	18
6311	39
3306	138
3295	220
3501	24
3619	6
6708	21
5426	165
6456	10
4964	27
4426	22
4681	21
1359	183
6237	144
7108	20
3823	140
2447	32
4693	217
5700	1
5157	24
3688	138
1899	7
1872	2
2635	161
3312	39
8190	104
3856	139
4344	1
4001	16
3395	181
5281	39
3556	19
2789	129
6758	34
3268	49
5013	16
5484	16
2190	5
3643	6
105	93
3405	146
5045	144
4829	1
3017	26
1925	21
3678	26
6583	20
2897	14
4767	8
1436	7
3678	9
3989	145
2894	131
4550	9
6186	214
4758	21
5728	47
4361	24
4159	24
6200	113
4100	127
5530	31
4452	72
3793	29
3810	35
6886	101
3186	11
3402	30
5653	33
3565	13
1623	22
4843	212
4397	24
3751	132
6344	156
1368	33
3730	105
5105	30
2751	110
332	230
3622	22
7492	228
4926	226
5739	15
2942	218
6383	25
2522	17
4639	35
6641	39
6101	19
6265	14
3796	143
2097	8
3671	10
5621	32
5069	103
3335	43
4762	139
5701	18
3515	39
3588	31
1824	11
4410	106
6325	127
2510	1
5115	26
4726	32
1701	146
3925	41
2163	128
4908	78
4291	57
4486	144
3800	101
3408	23
2423	9
2909	226
3111	3
3948	33
3219	9
2499	78
4340	116
6002	22
3729	1
7117	23
6693	130
2439	120
3434	97
5222	9
3693	140
4529	215
4699	5
4681	144
2332	18
7401	142
4137	181
1752	29
4255	118
4419	21
3738	27
2497	220
5483	180
5562	39
4628	108
3918	9
3939	8
4017	22
6816	7
5851	12
3900	21
2918	15
2657	227
5900	16
2081	19
2287	6
5251	20
5983	58
3545	27
4268	143
3707	22
1325	50
3441	82
2929	26
4909	161
3343	10
1894	48
4890	63
3957	18
2384	141
5883	39
5647	39
5098	58
5269	136
4740	15
3299	32
7023	210
4776	4
3759	14
3575	22
6901	136
3945	17
4299	213
5364	19
4243	18
2935	18
6139	230
2592	22
6070	124
5171	1
3998	25
2696	17
5945	111
2587	66
4118	10
4247	139
6000	161
3453	133
4552	20
5298	49
6785	205
5056	146
2788	56
1750	18
4644	22
5110	134
4338	1
5906	226
5995	32
3730	120
5416	11
2959	46
5864	6
2295	131
3130	213
4570	15
2209	129
6438	66
1692	134
3467	25
1928	135
3906	230
3505	154
5444	182
3725	140
9152	7
3127	146
4130	173
3372	11
5037	177
3147	27
4071	230
5459	17
4546	26
5250	23
6048	14
3859	1
2780	24
2518	26
5016	18
4338	21
2107	16
2753	18
3706	8
5800	142
4741	111
3533	14
3995	132
3034	27
3185	22
2627	17
1547	140
6964	1
3242	123
3809	199
4992	21
6166	202
3451	21
5654	44
3123	5
3848	15
5302	219
3297	6
2362	159
5746	192
2050	2
4471	93
5399	18
5290	14
3848	224
3075	160
7048	205
3814	14
5038	63
4367	20
1583	29
6471	106
3645	30
3524	73
5634	143
4054	1
3317	58
4073	22
6765	62
2766	99
5575	173
5820	11
3000	29
4127	124
7228	22
3935	6
4067	133
4346	25
6338	223
3862	52
3268	20
3884	6
5293	147
2530	68
2607	52
2914	18
3105	221
4097	138
996	154
2898	53
3380	20
6241	21
5177	17
2427	39
2189	25
5707	47
1896	16
2945	154
6704	101
5925	220
6191	151
4392	19
2782	139
4057	136
2530	125
7305	161
3683	22
8997	4
4809	32
6554	186
4660	221
7942	17
3860	13
2322	5
4129	46
3694	152
4949	127
7032	71
2644	177
2921	133
5855	45
5630	229
4134	161
1727	137
5713	121
2748	22
3052	36
4072	31
3960	1
5020	14
5791	123
2028	28
3205	154
2985	43
3902	14
1999	116
3421	16
4542	26
4668	1
2854	104
3784	1
4164	22
5699	18
5348	1
5778	212
2811	144
2503	21
4575	1
6313	15
5928	12
5872	150
3212	8
6860	127
4859	6
3936	28
4063	39
5603	106
4712	3
1905	13
4635	126
4713	152
3462	20
6183	30
6451	132
5160	9
6087	60
5353	39
5975	20
3215	47
5632	44
2116	127
5014	24
2616	22
7738	15
4109	7
3694	227
3884	179
5143	92
3012	19
3322	30
3283	50
3309	4
5164	6
4838	217
6545	99
2910	19
3393	18
5881	15
6038	228
4955	17
2269	64
4759	148
4146	124
3443	21
2104	228
2940	138
4275	23
3947	19
2835	83
1590	142
5527	24
3653	4
3600	52
2655	64
5461	138
2836	16
4858	31
3729	152
3117	127
3199	1
3604	11
5262	8
4390	137
5033	92
4897	179
5129	24
3079	184
6230	5
7093	20
1168	200
4487	9
7063	27
5142	42
6348	20
3687	29
6966	122
3848	131
3723	1
4416	19
4971	17
1727	16
3485	12
5060	118
6741	138
3671	16
4426	199
4220	154
3131	8
3639	18
3422	15
1525	134
4070	47
3983	13
6751	40
4356	135
2772	28
3908	30
3200	36
2874	1
8957	18
2537	143
4734	15
3628	30
6660	1
2808	52
3317	230
5571	168
5593	11
3725	192
5025	28
5401	9
6600	226
3049	221
5474	25
5539	1
4216	14
3583	210
5333	126
3375	28
6432	16
3081	164
2904	34
4167	200
2989	13
1837	178
2564	12
5531	1
3614	21
3592	21
4576	1
4014	228
3374	18
2050	161
1702	23
2985	30
4030	1
5527	16
6024	103
2062	16
2614	173
4220	212
5738	154
3328	116
2499	19
3889	67
5563	200
7583	36
2452	16
3072	154
4426	107
4741	20
5413	20
5134	144
7109	23
4087	140
3526	13
3278	14
6750	23
7604	27
4410	27
2594	192
4660	161
5041	53
2677	19
6043	146
5872	56
3042	122
1908	99
1951	80
4597	198
4753	50
4476	39
3004	46
4490	24
3758	1
3009	1
3840	97
4795	20
4414	34
3151	29
1707	1
5461	38
3157	16
2757	99
4931	103
4661	21
2806	9
5584	38
5494	218
3602	7
3900	26
2802	34
7735	167
5958	39
3010	185
2745	223
3872	36
1982	12
5226	14
2394	58
5540	20
2717	22
4815	25
5251	23
4303	20
5085	154
5031	170
5089	17
5626	23
2120	224
2342	8
3916	48
1783	39
4873	21
4257	45
4599	1
3084	24
3749	154
3175	18
3984	134
706	30
1966	214
2532	13
4576	5
6391	172
4013	32
2255	144
1122	149
4487	72
3490	19
1808	25
1007	31
3902	205
3166	12
3031	10
1004	7
2780	20
2638	129
6575	20
4372	132
5828	148
3032	225
6584	30
5543	15
5585	135
3798	14
1190	30
7108	65
4603	16
3264	1
4049	140
6025	229
3940	23
5501	38
3067	20
4777	30
5410	14
2888	1
4349	5
3389	154
4654	173
4367	33
2659	122
2471	30
3203	192
2956	56
3472	9
3380	61
7161	12
3436	65
5107	23
4617	10
3702	2
1650	30
4499	133
4334	131
4032	133
5194	159
4620	46
2949	23
5617	1
6577	23
6545	116
4860	1
2674	144
2099	25
6374	49
2787	145
4666	216
5953	41
5798	35
4276	129
5729	179
5175	24
4216	213
3643	4
5472	50
4687	24
1949	54
2176	62
6311	228
5135	226
1213	216
6553	82
3092	217
3508	21
3154	166
5009	37
5070	1
5121	97
3300	18
6728	226
1873	120
5561	78
5273	20
7441	112
4552	141
3024	148
3119	17
7501	60
6740	139
3286	45
4137	33
3294	144
3675	219
2836	14
5526	15
1993	31
3465	97
3158	141
4772	162
3715	1
3425	140
2276	32
3777	32
5911	28
3613	56
3860	148
4444	138
3195	17
3376	20
3944	34
3640	103
6887	17
2673	165
3096	32
3819	10
4049	156
4874	9
5163	53
3255	21
1738	203
1834	24
2645	39
5776	209
4184	12
5507	7
6467	6
5507	47
4665	22
5475	32
3265	15
4208	53
2379	34
5533	39
3209	22
4818	6
4327	16
5603	33
3953	28
6184	154
3411	22
2143	126
6022	167
3104	202
4892	39
5622	9
4909	143
2022	26
4149	136
4279	6
4005	17
2345	26
2416	227
4852	141
2724	25
3241	21
3364	71
7133	150
6114	193
2917	12
4482	12
2912	34
2638	36
4665	39
3426	17
3029	137
3833	68
6027	118
2001	28
6154	20
4864	21
5387	120
3430	20
6467	28
6441	14
3531	21
5687	208
2471	20
2938	23
3139	221
2964	18
5827	1
4608	14
3937	26
5107	6
3515	165
4511	18
1867	23
3837	27
3280	1
4508	1
2000	145
4150	33
5787	27
6101	130
3043	12
3698	1
3405	100
6795	72
4209	11
2508	206
3841	135
3370	9
2306	89
3359	197
2284	136
5184	130
2393	122
3385	105
3837	132
3425	199
7336	22
2792	29
5956	141
4801	48
4227	27
3456	125
6387	22
5217	36
6499	7
4086	103
1118	4
3479	129
3137	217
5008	138
2110	20
3224	17
4241	39
4657	109
7163	32
4317	44
4351	10
5197	64
4357	48
1405	24
3447	138
8884	113
3814	125
2902	17
3284	126
6488	133
4049	19
4746	7
3455	32
7247	144
2552	129
4454	102
3060	32
3834	39
3391	217
5044	53
3900	24
4770	164
3286	17
5291	15
5175	229
1573	4
3461	1
3494	59
4240	133
2632	16
3604	18
5738	5
3157	29
3545	22
6991	11
4022	39
6684	230
4374	43
2839	42
5450	25
4976	24
5991	130
3357	125
3909	24
5895	19
5379	14
2703	202
7918	14
3181	45
3414	21
2840	1
4679	58
4080	1
1276	10
3581	19
4119	26
3141	137
4035	199
3767	23
1057	169
5756	8
2918	15
3675	23
5149	118
6594	30
755	1
8516	22
5808	227
5698	20
2211	7
5034	20
6375	11
4329	35
5792	16
4948	122
6393	18
2925	25
4014	223
5407	180
3117	212
4812	14
2095	141
2674	126
5112	27
3507	19
1587	32
5692	25
6546	8
6231	22
1401	138
3360	11
6571	20
2583	29
3178	1
4008	14
3867	26
4974	24
4187	28
3416	147
346	28
3619	23
4282	10
4539	46
2892	30
2595	230
2007	44
7015	142
2394	139
4556	25
2501	39
2813	137
3786	148
5480	21
4171	21
4010	21
2764	47
1961	12
3788	1
3496	13
3617	228
4442	36
3840	51
4453	11
2971	131
2038	159
5673	169
5208	78
4740	25
4290	158
7104	14
2335	126
4359	150
5101	230
3874	221
6293	21
3898	32
4183	106
7188	1
6381	5
3264	134
5698	38
5227	202
2319	31
5664	187
3917	28
3929	1
4208	44
3163	139
4393	131
3198	16
3882	229
5184	17
2594	165
3836	7
4770	55
2197	11
2927	222
5855	168
5482	39
2414	162
3044	221
6217	133
2418	162
3381	47
3495	95
3762	209
3615	78
2623	1
4462	143
3110	24
3497	16
5065	5
4295	10
4937	15
6554	24
5695	16
2704	116
3261	111
3403	12
3935	20
3733	151
2694	49
5471	142
2420	199
4553	36
5169	147
7553	24
5745	16
5964	1
2733	17
6348	1
3270	5
3305	88
3185	144
2697	211
5134	20
4151	22
3408	129
4677	1
1913	39
4568	149
4311	44
3599	14
2990	135
7346	21
3886	130
5203	122
5270	125
4645	39
2921	102
2538	118
3030	39
2482	173
5419	22
6051	78
4198	1
1765	68
6820	33
3505	124
3272	26
4390	62
5187	215
2814	115
6486	17
1247	14
3634	138
4495	29
4470	14
2379	180
3353	9
5254	26
5139	158
6214	12
2027	16
2587	114
3019	226
5325	17
2063	135
5111	74
3372	13
3682	18
4246	20
3313	19
5707	24
1721	11
3436	188
3105	23
6467	20
7165	65
3709	11
4396	78
3531	8
5470	121
2750	101
6024	148
4546	225
3506	154
5909	137
5404	62
5139	170
3120	169
3495	167
3330	37
6341	11
3088	15
1934	16
4448	27
0	27
3281	9
4531	23
3773	1
3586	22
3866	19
2243	16
2378	19
6142	21
3776	8
3175	8
3570	21
3445	16
4899	12
3013	98
5929	45
5437	42
3406	47
2900	136
4163	173
6381	11
6386	29
4058	30
3893	50
6424	68
1960	15
4385	11
3348	15
4417	35
6648	8
2161	229
5319	6
3042	228
4996	24
3429	4
5353	1
3533	147
3413	26
4769	33
2667	33
3709	14
3993	22
5768	6
4543	30
2788	154
4428	211
6300	133
4965	151
5979	131
903	85
8672	22
1527	68
5048	158
2186	39
1859	39
4441	129
7044	12
7161	12
4498	103
3177	168
2833	19
3716	46
2219	154
3549	22
2807	29
3262	15
3387	224
3081	22
2732	11
5605	132
4542	35
1632	13
2515	140
6333	26
2904	21
5566	7
5328	138
1299	202
4048	17
6924	52
8284	96
3734	19
4798	101
5556	24
4919	84
4932	229
3849	138
3042	135
3140	61
5012	154
4589	18
4971	26
4295	26
7159	19
2729	15
4843	29
1219	13
5985	117
5116	35
2539	219
3409	38
5876	154
6723	154
4784	192
5025	83
3705	32
5073	1
4232	16
2629	24
3616	30
2473	10
3067	35
4482	156
2724	141
6607	22
6776	132
4970	18
5497	27
2123	6
3640	17
2483	226
4403	4
850	201
715	17
4350	26
3289	18
5114	55
6276	23
4498	19
6603	35
7426	28
5433	13
2724	63
5784	128
5386	4
4223	30
5249	10
5018	18
3069	58
5154	25
4169	205
3207	36
1523	21
4856	23
5319	73
5916	27
8636	81
2262	45
2273	207
3170	225
6679	36
2967	22
4008	1
2969	205
8031	25
4135	225
3077	57
4482	17
5010	160
3469	180
4893	8
4214	10
2808	44
2636	48
6740	8
4346	50
4988	11
4235	30
3905	143
3721	21
2212	37
4164	165
4177	36
3528	17
4337	197
8464	27
5769	34
3957	140
6390	44
2919	139
4791	17
1856	139
5522	8
4225	18
5077	28
3189	21
3955	2
2418	111
3615	224
1776	227
2439	15
2838	218
3218	74
2973	227
5227	111
4995	20
1481	26
3142	110
3936	160
4059	98
2923	32
5002	17
1936	146
4594	208
5025	26
4308	139
3670	13
4240	18
3453	144
4572	41
3723	15
4081	14
5004	39
2815	31
3381	148
3628	42
4290	145
3835	17
4638	7
6289	50
6538	135
6534	28
5961	28
5346	25
4944	39
3874	173
3360	57
6473	23
5089	51
3574	116
4837	71
4363	200
3920	49
2888	23
2251	20
6561	111
5352	66
5130	127
7079	7
5148	181
4786	11
5837	110
2240	34
2809	97
4318	42
2831	116
6718	128
5254	218
4452	221
2038	1
2395	27
2647	42
4015	229
5582	9
2932	20
5177	42
4322	217
3085	17
3359	14
4137	28
5412	36
3323	24
3327	27
2445	168
4547	184
3449	224
4359	47
5589	26
2697	15
5104	42
4424	11
3761	8
4947	1
3504	138
3644	80
3151	9
2227	225
6581	71
2136	39
4594	158
3658	36
3588	90
4382	23
2115	1
6055	135
5513	21
6701	43
4422	63
947	19
4682	145
5960	25
4424	36
6675	159
3708	72
9999	28
3968	21
4677	16
4425	1
6562	17
6008	51
3024	25
5499	16
4957	10
3122	22
2100	8
3299	131
6312	33
3561	228
4578	18
4963	42
1499	223
2610	36
3102	146
4839	32
4037	154
2009	16
3464	145
2839	223
3642	88
2721	26
5096	1
6121	52
4498	99
4905	157
4518	5
6570	139
1557	22
4009	130
2265	203
6133	17
6312	17
6384	43
4753	17
3740	221
4409	20
3323	1
5110	23
3625	229
5262	21
5209	27
6622	141
3209	53
4279	1
3435	19
3524	11
3813	144
5627	31
2613	132
6093	213
3839	30
4866	23
4144	3
4624	28
1928	58
4200	21
4594	20
5191	137
4809	19
3234	49
4125	27
5017	41
5820	158
6243	192
2726	52
5226	154
3656	26
4568	128
4483	218
3007	169
2446	23
5744	28
5114	161
3756	143
5092	229
5696	17
6115	6
1814	4
5525	172
5227	23
3557	21
6231	1
3359	107
3391	14
3569	223
4044	19
5494	18
3310	130
2746	8
2473	129
6630	144
3214	186
3117	8
6359	136
2639	224
3529	219
4514	20
5783	29
5941	39
3076	19
4181	27
3845	4
5838	223
6542	183
4483	18
4378	218
1820	26
2612	17
4666	109
5507	220
5895	45
5932	39
3746	10
4766	1
3097	113
5857	24
3595	24
1775	207
2156	20
4601	27
6107	33
1995	152
3144	47
3810	1
6070	6
4241	7
7403	162
3752	169
4805	177
5767	26
4489	133
1934	218
3802	152
4069	12
3492	136
6472	8
4751	9
4060	42
6170	137
6671	209
4685	19
2597	122
4918	22
5426	150
5353	112
1756	23
3089	131
5699	17
2678	135
5057	33
2877	63
3559	20
8845	129
3766	226
5726	154
5380	96
2170	13
4985	4
3262	15
4561	140
2850	53
2912	16
2241	149
4301	28
3404	181
4720	148
3341	18
4303	220
4138	29
1816	206
3476	43
5647	16
2587	15
3590	23
3727	1
5235	135
2192	58
1132	63
5548	17
4838	222
5188	93
3664	205
4173	27
2541	6
3795	47
3573	132
5434	24
5027	15
5074	33
2810	37
6684	23
6936	3
5003	17
5274	224
3645	36
5011	192
4437	105
3522	24
1945	36
6948	18
6815	141
6653	49
4982	43
861	137
4590	43
3562	39
1610	223
1676	18
3828	34
2898	21
4421	51
4367	148
2215	209
4405	19
5825	8
4503	15
6478	17
5255	147
2323	19
5227	22
4267	13
4919	100
3780	134
3056	17
2821	14
2979	97
2739	24
4872	229
5592	202
2668	212
3112	17
1792	105
3801	131
3442	39
8788	14
7533	31
4520	220
1134	206
3140	5
4145	30
6710	12
5293	19
6346	1
3051	112
6702	12
6597	30
2569	70
3684	230
6075	55
2900	31
6614	33
2746	170
5399	22
5761	225
4634	106
5111	46
5278	35
4122	17
5644	24
3457	11
6793	39
4887	220
3547	125
2850	15
4365	106
4169	154
5109	128
5322	10
4337	64
2716	17
3158	20
2276	19
3631	20
6896	228
4383	212
5745	19
3702	49
2233	6
3261	28
6410	148
2189	131
4930	24
3345	2
512	11
2346	22
3194	67
3536	218
3786	6
3289	8
3081	147
2620	39
5049	22
4970	106
3032	11
3900	224
4638	29
3780	22
8134	20
2734	129
5384	1
4425	11
1916	23
2387	94
4518	128
2419	23
6961	5
5701	42
4421	18
4863	126
6880	27
3529	136
5230	18
3705	5
4078	29
3854	41
6656	124
4707	36
5847	2
3580	23
3909	136
3327	32
2015	1
4524	143
6457	24
3521	24
1936	27
7608	15
3842	132
4445	129
4592	28
4036	178
4750	11
4322	34
4713	28
2120	38
4921	11
4178	41
1211	44
2821	33
4258	139
1008	1
4278	30
2279	1
4583	129
5234	204
7101	8
1463	1
4717	23
2987	131
5073	16
3746	228
6222	125
3490	58
4803	93
4147	154
4012	8
7438	8
3816	20
2268	1
1946	161
2869	126
3546	52
3034	1
5629	2
5576	137
3461	4
3703	17
5856	23
1908	177
5905	17
5071	14
6507	15
2880	67
4020	72
5040	36
5113	173
3814	20
3498	39
3627	21
2883	21
4846	36
6528	30
3459	202
3047	1
4291	154
3247	19
5914	17
3426	116
6536	47
7929	20
5906	131
2503	13
3159	43
3343	40
3233	6
2916	3
2865	22
4858	1
5365	1
5295	182
4622	27
1825	1
2638	137
3153	60
4749	1
3261	14
4550	1
3348	22
2981	20
2939	63
930	23
5087	29
3554	39
6453	18
4275	142
3156	183
4629	24
8067	32
4623	154
3912	165
2736	75
5297	58
4098	9
3659	47
4091	135
3641	32
5580	16
3207	119
3723	6
1623	15
4463	144
5193	20
3500	17
6376	26
2120	23
4195	29
3199	167
5945	20
2546	36
3138	21
6318	4
3136	200
6431	29
4964	47
7008	18
3544	61
5246	10
2520	25
3430	1
1964	173
4474	120
3717	226
3150	49
3334	27
3398	122
2407	8
3809	13
4241	107
4770	21
5362	144
4541	147
4553	23
7143	224
1694	154
5913	22
3984	132
4046	2
3113	31
6365	177
3945	137
2255	31
1186	19
3018	22
3760	159
2183	5
3347	39
4878	203
5108	39
4780	47
4414	140
3524	207
3135	21
6604	160
2402	22
4488	180
2016	14
2611	19
4795	20
1047	47
4447	14
3397	65
2187	24
1872	111
6095	1
3439	16
6422	108
5234	34
2235	45
2293	225
6370	29
1332	14
3795	23
5457	1
2219	22
2717	19
4004	12
6687	52
3288	24
2685	192
8631	41
7714	20
2481	109
8379	28
5116	21
4876	23
1812	219
3686	48
3730	11
2288	29
3351	43
6080	164
2609	34
4947	17
3101	225
4545	32
3100	32
4763	39
3570	21
3075	26
4300	137
4845	78
5174	153
6708	17
3853	101
4633	16
831	17
3025	33
2881	14
8380	10
2215	52
3227	15
4646	38
4679	112
2964	211
5406	12
3797	13
3766	9
4781	44
3737	116
5757	54
3413	4
6548	6
4336	20
3271	141
7275	183
6512	18
1163	139
5574	14
6104	39
6340	20
3642	225
6728	229
5141	212
2456	14
4468	21
7489	26
3403	22
5646	143
6885	221
2780	31
4483	1
1229	122
4625	22
3751	43
6400	122
8368	9
3473	133
5782	129
5184	154
5313	20
1629	1
3940	39
4976	10
5210	141
2303	17
6425	23
2274	26
3906	144
5992	221
2309	64
6162	1
5051	78
6547	21
3606	24
4020	51
4185	73
1789	148
3851	198
7315	53
5817	35
3580	46
2828	214
4976	228
4598	17
2968	146
3461	18
2497	19
3454	32
2657	120
5794	145
5318	150
3114	28
4039	27
3034	129
5043	226
3655	129
6098	20
2805	145
5107	130
3109	230
6264	35
5775	23
6294	5
3034	136
4173	169
2501	26
2917	75
6034	218
6712	47
4934	50
3960	97
2078	26
3876	21
1851	1
3007	17
7058	11
6281	17
2848	45
4364	140
6149	20
4718	60
3706	16
3570	24
1400	14
2983	14
2068	1
2426	65
6003	128
4207	4
2604	207
2447	114
3724	50
1579	16
5132	222
2401	65
3294	25
4133	20
4122	17
3294	198
3223	10
4867	9
1955	12
2963	127
5017	136
1880	106
6584	48
5930	17
6204	38
6560	78
3753	5
5074	15
3001	19
5426	39
2965	14
3609	164
3839	2
6215	26
3997	27
2995	20
5825	24
1077	127
4728	15
4748	108
3833	154
7118	35
4239	24
2931	11
6594	15
4278	17
3721	144
4615	23
5296	19
2669	24
3374	13
2320	13
4554	141
3521	112
3800	31
6375	64
4910	12
4480	73
3659	20
4332	138
1581	25
3100	33
3561	28
6477	47
4871	6
4115	64
1204	28
3841	146
3916	15
6772	168
3184	7
2073	127
2660	3
3760	33
3112	28
4273	12
2220	70
6336	26
5092	56
3536	36
1586	28
4354	15
5635	7
4064	13
2191	36
2889	66
7449	141
5477	97
5141	137
4212	19
3287	58
4211	24
3437	175
5377	137
4259	16
3067	192
5095	22
2156	56
6253	58
6228	39
4029	132
2855	39
2541	27
2324	148
5142	17
6423	139
6366	32
1086	204
4539	30
2960	16
3571	136
3256	51
4015	15
5844	55
2645	19
3399	48
5880	206
5517	25
1115	22
5550	39
2728	22
5997	34
3488	19
6302	17
6239	154
3565	134
2968	28
3025	145
6248	12
4732	141
4711	134
2923	83
7283	5
2329	11
4312	49
5831	229
4505	44
5022	139
3981	163
4605	6
5379	19
7103	226
3760	215
506	154
1009	118
1298	17
3957	20
5571	217
5844	39
4893	143
4147	35
4303	25
6264	17
3134	208
4299	32
5033	154
3210	93
3082	25
5063	57
4341	22
3494	1
6055	19
4054	23
4742	136
5653	1
1383	189
3991	27
2716	220
8074	139
6344	28
4024	6
3328	35
4041	20
6399	141
5429	11
2602	22
6329	108
4192	229
6212	138
4020	15
2803	1
4427	32
2986	6
3646	71
4150	22
5258	52
3612	229
6157	4
4552	15
5867	15
3369	154
3019	17
3588	215
6722	11
2970	44
1903	134
6901	56
2220	212
5688	161
1932	217
3396	136
6908	129
4996	8
2883	138
3213	25
7333	209
3072	20
6186	154
5238	147
4295	37
5423	143
4611	47
6344	141
3480	16
1411	221
5404	24
6180	1
3927	120
3023	30
4822	45
3965	46
4032	45
5107	44
7042	144
3366	55
5046	221
4263	218
4592	23
1305	1
3219	26
4933	18
3640	142
3922	63
3938	1
3472	136
2542	67
2922	16
3517	32
6681	137
4185	21
5418	22
5649	133
3324	21
6756	223
5082	154
3791	4
2157	158
4654	124
1919	15
2963	103
5642	206
5059	138
3186	23
5425	157
5296	17
5656	4
4264	215
8732	13
3160	197
4613	133
8185	35
2814	25
3245	52
4817	192
2184	27
2781	24
1455	39
3370	29
4292	223
3887	158
3509	219
3639	20
3886	13
4317	41
1762	5
3084	89
5630	13
4204	7
6439	229
5133	26
4214	1
4473	141
4516	8
7555	20
2235	39
3041	5
1852	23
4057	65
4025	31
3556	28
4148	128
4747	28
713	141
3761	218
4890	8
5906	27
4288	133
4882	15
4362	27
2631	11
4269	27
4726	50
2585	146
6635	156
2917	162
3641	47
4174	143
2209	139
5099	7
4775	199
4303	32
6606	97
2709	7
6414	156
4346	19
2040	156
3334	131
2464	88
2659	28
5837	23
6633	181
3818	16
2164	8
6491	104
2038	18
6398	33
3889	6
2341	16
2218	35
5973	17
5235	49
2225	43
3308	127
4322	23
1620	222
3627	230
5007	59
969	62
4971	28
4524	24
1736	30
3950	1
5427	13
5341	15
6629	177
4542	109
3769	39
3662	39
8508	16
3164	28
4242	47
3038	147
2820	137
3770	30
5808	21
1569	29
3668	37
3626	49
3247	31
3841	12
3384	20
2023	40
2898	12
3104	136
3085	22
569	43
5625	22
6290	33
3943	105
3059	10
3319	61
5667	118
4474	151
3029	8
2479	222
2232	9
6583	18
6036	46
858	14
5333	151
2940	49
3483	109
2500	130
5437	75
7418	18
3956	24
3556	25
5081	24
6462	20
4504	33
3217	24
3009	46
3825	50
1696	23
3703	1
4887	34
3070	133
3091	8
2968	20
2151	28
5452	53
5359	214
2574	23
3947	143
3001	3
3876	18
6096	49
3620	201
7108	1
3636	218
4806	41
4778	220
6285	32
6986	49
3175	221
4872	230
3566	23
2439	41
3869	18
5001	34
3688	137
6422	19
3176	21
3114	15
2151	126
5702	204
2516	62
3060	137
3315	230
1924	39
5170	18
4606	5
2007	9
5487	13
5261	35
7263	44
1929	16
1702	26
1839	132
3752	20
4288	22
5223	44
3668	159
4842	24
8219	137
4948	217
6081	140
3208	9
6932	51
2098	133
6096	121
4444	30
2435	141
2748	143
5027	138
6945	13
4898	71
3154	1
7381	12
3223	90
4207	16
3384	46
4040	25
2797	39
2191	36
3482	27
4480	28
5077	118
3285	180
3899	2
3750	116
2313	24
2994	31
3328	19
2187	129
7180	229
5019	221
4509	227
3232	167
7764	15
5048	125
2013	19
2208	9
3870	13
2616	15
5838	65
1859	228
5601	18
3041	57
8305	12
2652	9
1661	20
3128	116
5158	91
3002	138
2968	4
4190	73
1648	212
1867	11
5881	73
3752	5
3472	9
4204	94
6305	1
6463	21
3223	36
6725	135
886	212
3514	55
5734	22
6023	63
3119	139
1830	3
5513	98
3608	49
6104	140
2659	52
6399	135
6271	24
3549	52
6010	122
3607	38
3536	11
5428	57
1266	39
2084	19
4233	21
4005	204
6412	28
2765	80
2628	20
6146	30
5083	1
3309	13
4103	20
4204	27
4157	17
5580	121
4308	28
4205	152
5670	21
5662	14
5986	215
5904	111
4255	116
2270	19
4668	23
3559	18
4552	78
3686	103
6310	25
3465	18
4953	49
5372	35
3841	39
6471	9
4241	229
4569	226
2053	132
3872	16
5696	6
3170	131
3257	173
3395	29
4582	24
3178	24
3745	26
4905	24
4320	225
2910	149
6309	20
3021	192
3822	9
6806	228
1976	151
5379	103
3153	116
3106	20
6549	71
3008	152
4584	230
3138	1
4632	218
4440	4
5064	225
6169	9
5035	19
5060	5
6211	20
3981	30
4858	36
3553	17
1383	18
4548	28
3242	39
2885	35
4826	17
4160	41
6183	30
2835	32
4828	146
2865	14
6674	28
2427	13
4175	17
5955	15
4715	27
6738	32
5218	133
3516	223
4023	88
3584	11
5737	42
6567	45
7031	30
4591	23
4712	22
2846	20
5136	39
3754	23
5370	10
4197	20
4305	59
3687	149
3216	14
6653	1
3822	36
4401	39
7381	200
2512	8
3214	148
6483	34
5656	55
4943	1
4918	29
1264	1
2426	116
2876	19
3909	8
6149	9
7644	12
3385	26
3202	15
2290	23
1954	24
3593	46
5574	19
4275	19
5388	9
2786	27
3399	35
6443	173
3207	7
3177	154
3144	10
4881	25
2479	23
4013	32
6642	226
7094	143
3602	9
5780	34
4743	124
5006	181
3379	16
2059	146
3601	127
7509	25
4903	15
4457	29
3061	1
3742	12
4359	146
5890	212
3846	19
3959	2
4395	38
5354	23
2541	175
2117	13
1724	15
7206	4
6560	1
2255	28
2027	227
2684	154
4796	27
4667	8
5209	1
6301	20
4228	1
3696	111
3719	221
4828	229
3871	157
8044	13
2834	35
5057	188
4072	12
3049	8
6043	11
6370	217
2859	29
2585	22
3101	126
4977	134
5367	132
5881	226
4913	229
2233	65
3438	23
5388	5
4862	97
3590	25
6539	47
2549	27
3973	49
4822	27
1493	223
8280	16
5572	36
7031	65
3841	17
3201	10
3592	46
4261	1
3851	7
3994	22
4024	130
4278	26
4087	78
4601	20
3767	10
2785	12
6167	10
5683	29
3249	86
3069	56
5093	36
1036	10
3228	44
3899	116
3553	167
5523	97
3609	21
2195	116
2823	17
3151	11
3321	139
6275	6
4026	128
2572	222
6900	141
3147	30
1807	116
4765	21
5813	197
2839	151
3437	210
5532	196
4446	22
2947	21
2643	65
6423	9
3366	165
4401	19
5342	137
4020	13
5836	227
5107	3
3065	131
4273	19
3401	95
4293	14
3939	25
4737	21
2716	25
3098	154
2662	1
2313	18
6285	11
4572	230
3713	18
4101	28
4117	212
3126	199
4265	103
3823	32
7311	67
5935	185
6412	14
3308	132
4315	18
4437	15
2607	34
2780	19
2353	36
3555	140
3790	17
2953	67
6422	19
4931	4
2363	72
2573	30
3322	19
4197	6
3247	127
4220	136
4200	218
4204	111
6288	1
6311	23
5322	161
8065	28
4720	167
2386	23
3911	32
5140	19
5481	29
6517	32
2878	67
5465	5
2719	78
5296	18
3361	7
2945	22
5035	1
5960	99
3783	114
3143	1
2248	24
5969	14
4402	17
2486	19
3162	22
3166	20
6968	78
4448	23
3905	15
4641	17
6532	46
2730	25
6385	23
4398	34
3659	125
4464	61
7236	21
3165	30
3654	25
6772	134
2985	15
3598	192
5177	14
2800	86
3067	142
6186	221
3429	85
5855	134
2595	50
5395	22
3501	135
2861	22
2899	9
6052	25
5244	39
4126	192
4282	25
719	45
1405	27
3146	145
4386	17
5349	1
7074	50
5454	39
1065	36
6172	25
3110	19
3635	21
5925	128
4794	43
6959	36
2175	39
3765	30
2579	129
2468	161
3702	19
1098	13
1682	154
7042	36
4736	172
1975	21
6038	19
3056	128
497	12
4005	24
176	33
3714	203
3937	51
3747	3
4921	95
6752	14
3362	34
4024	78
5430	132
2884	129
3542	116
5710	3
5020	23
4485	131
6290	27
5165	23
2758	21
3977	108
5508	29
4537	32
7227	50
3508	34
6360	112
7698	159
5656	30
4201	11
6117	208
5649	18
2777	223
1806	10
2806	97
3058	6
5276	47
6562	43
7133	221
4496	141
3458	218
1709	141
4557	125
1933	222
6886	134
2483	13
2536	4
4416	30
4193	27
3757	49
2930	28
5868	12
5239	15
3873	24
4227	41
5920	154
3469	16
1543	15
5792	19
4231	24
2344	29
5058	17
4329	8
4289	19
4547	15
4147	1
1758	97
5731	32
3179	62
4827	124
3781	47
5897	6
3724	18
6275	25
2239	32
3882	134
6321	15
3084	96
3266	10
3816	125
4133	218
3480	224
4080	58
6948	153
3720	29
4557	19
5700	21
3712	5
5920	204
4222	1
3164	46
5468	226
3801	20
4300	16
3412	216
3271	21
3549	17
5936	228
6281	161
1776	24
3466	14
1530	18
4066	186
2464	8
3745	24
2966	229
5193	6
6617	27
3654	205
6470	149
2785	1
6640	14
3874	1
3111	152
2506	14
5400	20
3247	16
4361	51
1873	19
6812	128
7541	26
4272	4
3087	135
5990	29
4291	14
3506	6
3395	161
6337	36
4155	19
3958	30
5568	4
1826	42
