2934	114
2237	1
2672	101
2691	1
2424	1
2386	9
3379	266
1600	1
2960	1
2357	1
1600	1
3848	208
3652	18
2947	1
2109	1
2117	1
1352	1
4317	173
2308	1
4186	202
2043	1
2744	42
1759	28
2627	5
1277	1
4726	243
2886	91
2475	1
2917	111
1899	1
1479	1
5964	437
1942	1
2510	21
3842	146
3085	80
2204	1
2140	1
1712	39
2799	21
3196	42
1017	9
1478	1
2592	1
4755	212
1818	1
2621	51
1978	3
2483	1
7536	620
1933	1
1797	44
2219	1
2970	1
2072	1
2725	1
4280	197
1969	81
2939	1
3946	83
6414	371
2622	1
3420	53
2984	35
1263	1
4675	196
2709	90
4088	244
2886	51
1860	27
1487	1
3310	149
2464	45
1674	1
1559	1
2559	1
1765	86
2814	82
3946	114
2633	1
4254	284
2950	74
1470	1
2134	1
1511	1
2156	1
2418	1
5232	279
2036	29
2507	38
4660	158
2597	30
2377	38
2306	1
7468	469
4169	260
1906	1
2138	1
2490	1
2944	137
3896	128
2248	1
5661	326
3550	158
1939	1
4893	303
2292	55
2405	1
4524	281
3737	123
1248	1
1184	1
1523	1
4153	261
2169	1
2417	1
4227	154
2169	1
3153	1
2494	208
4149	198
3980	144
1796	1
2126	1
5615	371
1605	1
4518	279
1772	23
2145	1
2740	40
8006	586
4502	179
3190	1
2740	1
7001	571
6816	406
3869	218
3799	246
6484	439
3710	93
3198	77
3327	94
2070	36
2554	1
2220	1
2951	18
1412	1
2938	26
2277	28
4464	231
1871	1
2683	1
1129	1
3740	100
2240	1
5166	437
1716	16
2306	1
1174	1
7586	436
3250	125
2016	1
2325	46
2784	1
1224	7
3481	47
2780	35
598	1
2062	1
2528	15
2579	1
1779	1
1803	1
2719	63
1421	1
3228	92
1597	1
4375	164
2009	1
2137	1
4571	138
2152	1
7650	479
5342	238
4348	176
1007	1
3878	154
3021	143
2695	79
4363	83
2064	1
6454	472
6785	426
3637	248
2563	68
3176	96
1262	1
4967	214
2259	1
2490	18
1990	1
4675	248
3089	55
3049	1
3703	35
1949	1
8398	561
2248	122
3244	44
6876	466
2174	3
2167	75
6766	460
6918	505
2905	1
1439	1
4196	225
1536	1
3247	202
1277	1
2453	52
2203	28
3011	1
1405	1
6561	350
3503	139
384	1
2098	1
5006	331
2622	1
2565	1
677	1
7560	454
3553	124
2973	55
1808	32
1687	1
1277	1
2736	165
2297	68
3533	92
2801	64
2205	24
2112	3
2338	1
3061	86
3006	21
3148	61
3037	134
2802	9
2882	62
1705	42
2942	1
3121	1
2168	1
3048	90
3336	206
2070	1
1710	1
2458	31
2976	17
1590	1
1210	1
2416	6
2948	1
2065	1
2812	72
2785	90
2944	72
2044	1
2924	75
1940	1
4949	306
2351	1
5263	218
1852	13
1518	21
5035	274
1190	1
2817	2
2130	17
1941	1
1960	10
3167	19
5072	364
1563	1
7721	534
3110	1
5797	425
3181	54
2898	21
2414	32
2981	8
1950	1
3067	120
1238	11
3554	9
1287	1
1072	1
3466	12
2078	54
1714	1
4028	172
2913	103
3222	1
5336	191
2318	1
2358	38
3254	152
776	1
2045	5
3074	1
3744	210
5232	207
3464	91
1759	1
3755	36
2018	1
3440	130
1690	1
1542	1
1998	1
4591	209
1269	1
2071	24
3479	38
2860	1
2222	1
3114	63
9772	478
5831	319
1633	38
5388	316
3377	107
3389	101
1995	75
6402	304
2064	1
1577	54
2088	1
3290	1
1541	10
2035	1
2435	1
1304	1
2860	1
3302	1
4724	240
6516	361
2173	15
2649	1
1747	1
4087	211
2175	6
4862	146
4563	282
7197	483
2548	1
1427	1
1620	1
2901	86
2623	1
3198	126
2292	84
2388	1
2602	49
2374	43
4401	82
2964	76
2283	18
1813	1
1482	1
2871	34
1594	1
2159	1
2046	85
2028	19
2709	10
1972	45
1701	1
3300	1
1508	1
1965	1
2453	79
1527	1
2415	6
2373	1
1711	1
1306	1
413	32
3497	99
2206	1
1422	1
5155	1
2227	6
2330	96
2240	1
1988	55
1939	1
679	1
2669	53
2128	1
3585	1
3769	121
2309	61
3429	35
2714	1
1919	1
3221	1
2639	1
2654	1
2995	69
3761	90
2280	26
4794	151
5114	324
1223	1
2394	1
1734	1
1781	1
6392	433
3303	132
3311	1
2132	1
3454	31
2016	40
4406	215
1141	1
3085	1
4155	248
4266	218
1876	1
4621	233
1408	1
2034	6
1168	1
5696	326
3734	81
1575	22
1603	27
3290	105
2362	1
1913	1
2336	35
2697	1
3282	79
2502	1
7853	462
4466	306
2523	63
3163	68
1647	1
3871	116
973	1
3275	1
5039	281
3429	31
3045	36
1517	1
1910	1
1911	39
7349	581
1936	1
3019	1
4643	257
2045	1
3592	49
2055	1
2401	1
3826	218
1360	1
1459	1
738	1
982	1
2076	1
1853	1
3084	1
3212	126
2817	83
2291	1
2694	58
2784	1
2256	23
3600	89
1709	1
1895	16
2322	14
2453	10
1940	15
2353	1
2737	77
3906	92
1551	1
2394	1
2466	1
4144	245
2623	1
2641	75
3063	172
6698	438
1782	1
1774	1
3010	63
1415	1
2380	1
1521	1
2877	1
4885	273
1296	22
2994	71
2947	44
1922	9
2217	19
3576	45
1801	1
2659	42
2687	15
2418	1
2966	1
4016	197
1476	8
5382	355
2559	1
2830	202
4027	181
2992	96
2681	1
2118	1
2399	37
2542	12
2370	1
2084	1
1881	1
2993	1
5290	227
2387	1
1224	1
2456	23
2381	1
2359	1
2409	30
1939	1
2695	89
1205	1
7681	531
1868	1
3104	173
4879	349
3866	149
2138	1
6349	444
4744	248
1541	1
1970	1
2328	21
1759	1
2851	1
2059	1
2601	71
2420	1
7107	454
1953	1
1438	1
2878	103
5218	315
2668	1
1413	1
2068	1
1882	69
5474	288
3013	1
6162	386
2101	61
2607	2
1907	24
2768	1
2137	1
2203	7
1327	1
3721	1
5326	350
2648	1
2717	33
7790	551
1896	1
2094	7
3626	1
2590	1
936	1
2650	1
3022	114
2277	9
2749	1
2905	69
1883	1
2004	1
1235	2
4563	136
2641	57
5788	254
9410	696
4345	224
2402	65
2254	1
1518	27
3154	1
1784	39
2943	51
3352	55
5035	184
3565	157
2426	1
4637	182
3035	76
1557	1
1642	1
2171	72
1139	1
1663	88
1928	1
2123	7
1033	1
1479	49
2728	100
1979	1
1082	1
3551	123
2443	47
2987	71
3442	1
2638	1
2483	1
2633	1
4595	187
1742	16
2331	49
3346	1
2686	42
891	1
4560	300
1790	1
3084	45
5878	285
2257	17
1878	41
5916	417
2094	55
7416	502
2617	1
1641	20
2067	56
1881	1
5996	350
1392	1
5772	362
6460	440
2552	1
1452	1
2072	57
1920	22
4613	237
4751	380
2403	10
2479	1
1675	1
2848	47
2544	1
2844	13
2631	1
1889	1
2412	1
1454	1
2426	1
6298	302
1420	30
2026	1
2227	1
1689	1
1660	22
4701	330
2972	49
3222	24
2986	1
2367	1
2049	1
4118	100
4247	114
2606	1
2232	1
6003	261
1959	1
2743	1
4272	208
981	1
2429	44
2324	1
2142	10
3029	1
2499	1
1741	1
2486	46
1042	1
2514	34
2475	1
1083	1
1487	1
4156	178
2112	17
2884	11
2746	78
3035	148
2788	19
5215	338
4077	206
7677	506
2576	1
3294	114
3021	1
3456	1
3462	123
2959	104
2652	1
1926	1
941	1
3615	141
1885	1
2343	1
2588	38
1835	1
2031	1
4101	189
3269	68
6638	518
2361	1
1979	1
1767	22
2651	40
2773	5
5856	371
0	1
2785	1
1678	33
2569	2
2594	88
2966	100
1652	1
2834	3
2922	74
1536	1
2343	41
1210	1
4261	126
4129	188
3093	43
2405	1
1924	1
3017	43
2066	1
2912	1
1646	1
4399	243
9427	677
3586	45
2121	1
2095	132
1468	1
7864	461
2260	1
2311	8
1764	1
1505	1
1875	1
1606	1
3630	65
1813	47
5807	248
3495	134
7499	477
1914	1
2157	79
2536	1
3302	52
3377	93
1485	1
2986	12
1832	1
2301	66
1666	1
2510	1
5008	295
1176	1
2256	1
1558	24
2238	1
2742	37
5848	204
3320	90
2054	1
3029	82
4293	243
3500	98
1487	1
4701	199
1938	1
3193	155
5427	274
3991	115
2330	1
1538	33
2946	41
1455	1
2138	1
3529	66
2117	1
1787	1
5418	322
2540	141
3413	61
928	1
2865	120
7132	544
2402	104
2343	16
7685	458
2304	1
3342	138
1785	1
2658	123
1379	10
1379	1
2572	25
2214	39
2508	1
2327	65
2674	84
2290	1
2210	30
4291	165
1695	1
5822	312
7204	467
3033	1
2000	1
1559	1
2018	1
2039	1
1534	33
2028	1
1205	1
2891	1
2833	71
5214	221
1926	82
1803	1
2669	1
1881	1
1550	1
2413	35
1412	1
7317	440
4570	264
2683	1
3889	54
1787	1
1998	1
1358	1
4460	220
2489	78
6356	319
1926	1
7801	549
3218	68
2125	1
2460	1
2996	26
2826	81
1661	1
1987	1
1467	1
1287	1
2103	22
2751	1
774	1
3145	19
6936	467
2104	1
1765	1
2608	57
1838	59
5451	347
2758	46
1622	1
2106	101
1817	1
2625	1
3735	123
3346	105
2039	1
7115	431
1871	1
6292	389
2009	1
3274	39
3358	1
2365	1
1373	1
2370	1
3169	122
2758	1
1454	1
2745	1
1779	11
1921	1
2622	1
1607	1
2321	16
1717	49
6969	408
1787	1
1298	1
5370	199
2534	1
3462	60
2405	1
3049	1
5640	284
2179	47
2012	1
4789	1
1874	1
1994	1
2445	33
1561	1
2349	227
2501	1
5044	287
1787	1
3263	10
3167	71
2379	51
3066	56
3034	1
2175	40
3858	76
1379	1
2882	1
6021	380
2319	46
2408	1
3704	48
2865	1
1876	1
3661	29
4300	168
2789	23
4016	211
1460	1
2332	10
2070	1
2287	37
2740	53
6185	457
1421	1
2091	20
2416	1
2917	60
2122	56
3051	29
6520	428
3386	1
1371	22
6136	320
6313	469
4121	84
2598	1
2405	1
1841	1
2312	1
2894	1
2144	8
2491	1
2028	1
3954	243
1893	1
3811	191
2491	1
1961	1
1854	27
1914	36
5461	1
4508	218
2126	1
2041	1
2901	1
3001	1
5577	387
2324	1
2642	1
3222	124
2293	47
2966	62
7266	450
2884	68
2007	18
2851	40
2751	67
2399	1
3805	36
4302	135
1679	67
1761	12
2639	1
3654	84
2623	47
3394	100
4252	287
2306	6
2216	67
3816	69
3402	112
1822	1
3014	1
2804	39
2612	14
1687	1
3588	123
3314	170
4332	153
3765	96
2123	1
5784	256
6510	331
2130	1
2547	1
1695	1
2635	59
2497	26
2413	1
2595	1
2898	68
2787	1
2361	1
1361	1
1812	1
3081	61
4588	243
2644	43
1907	1
2585	1
2634	1
2343	1
2075	18
1930	1
3033	150
8961	598
6755	460
3310	46
1129	1
2453	91
1467	1
3014	1
4230	183
3328	26
2555	117
2644	60
2534	37
2419	1
2020	1
4101	345
4988	238
2371	21
2587	1
4887	1
1866	33
1699	1
1865	1
4974	280
1519	27
1659	83
3915	141
5037	313
2241	17
2705	1
4905	297
1987	1
2491	1
3114	41
3595	143
5999	280
3917	130
2782	1
2539	1
8692	591
3295	1
3775	1
1649	1
1542	1
2191	1
6311	367
2738	1
7932	596
1922	1
2014	111
2936	1
2340	1
2021	1
3203	74
1462	60
492	1
1439	1
1829	81
2321	6
4863	312
2954	1
3221	1
3083	95
3792	152
6357	362
3531	111
2842	66
1801	1
1723	1
1469	26
6999	409
5598	385
1923	40
2877	40
2357	43
3060	36
1989	38
2284	11
3251	81
1916	1
2707	1
2266	11
1748	1
3125	40
2552	1
2846	33
2556	134
3199	11
3354	87
7232	485
2099	1
4061	206
2047	2
2939	1
3233	22
495	1
750	1
2795	1
1970	16
2221	59
1709	1
2310	32
1751	22
2742	13
1787	10
1990	7
2133	4
2610	1
2263	44
3451	186
2275	20
3136	1
2027	4
4104	234
3064	1
2201	1
2506	1
3081	1
5384	192
1060	1
2555	127
2262	1
4253	207
6057	364
3036	111
4208	117
3441	86
2123	1
2358	44
4668	284
1770	1
7118	447
2906	67
1651	1
2874	29
2859	71
1571	1
1480	1
1907	1
2605	1
3920	67
2547	1
1766	1
3565	123
3507	218
2048	81
6151	404
2681	3
7136	528
4865	188
1549	133
1910	1
1775	1
2119	34
2595	82
3123	37
4665	191
3537	117
6184	464
2960	1
5266	278
9958	697
3686	121
2574	1
4307	191
2107	40
1665	1
2934	1
2537	1
2582	74
4086	109
6463	446
2622	1
1866	33
1775	1
3922	238
2264	1
1651	1
3862	185
2505	75
2169	1
1630	1
2663	50
1624	1
3917	116
7109	497
1642	1
1456	42
3336	78
3187	1
1505	1
2126	75
2766	19
2796	1
2855	47
2266	23
3372	1
4940	318
8865	590
4523	131
1791	1
5683	418
1975	1
2877	9
1712	1
1771	1
1591	5
7983	440
4156	195
2537	1
3352	261
2389	4
5396	242
2150	1
5301	370
2686	1
2097	1
1908	14
3340	33
2868	55
5240	245
1994	9
3417	106
2216	1
1462	1
2790	71
3114	1
2964	50
3842	151
2855	1
3806	22
2374	1
2395	82
3847	128
2446	10
2953	1
2855	39
5744	280
3278	2
1621	66
1658	1
2679	1
1044	18
2915	81
5345	240
1699	1
249	1
1123	1
2449	46
1948	1
2152	18
3789	165
4143	78
4629	264
2273	1
6737	381
1074	6
2078	54
4801	190
2871	1
6594	466
3032	1
2571	1
1979	18
2331	1
6724	418
3095	52
2477	1
8449	616
2295	33
3364	9
1858	51
688	1
2024	1
3043	94
1662	1
2339	1
3353	81
2657	109
4010	232
2224	1
2428	1
490	1
2218	5
2364	2
4757	261
3143	51
1156	1
7273	406
1749	1
1604	1
4344	209
4546	286
2619	24
2735	1
3760	33
5349	318
6510	384
2331	79
3215	108
3870	137
2495	1
998	1
3503	1
2785	75
3178	142
1642	1
2311	1
3800	62
2101	1
1762	7
3881	107
4051	167
1137	1
5518	271
3724	121
3980	88
7313	462
7105	412
2904	1
2320	10
1546	1
2374	1
3490	47
2810	10
3259	1
2244	1
1415	1
6764	436
3011	1
2893	1
4243	190
3408	84
3149	71
1283	29
2077	92
3158	111
3211	74
2867	114
2774	154
1811	1
2805	38
1262	1
2697	30
3849	48
1645	1
1123	13
776	1
5558	443
1772	6
2778	1
2471	37
3920	96
6165	328
2971	1
1826	20
1801	1
2723	3
1576	1
3197	58
2867	1
1144	1
7053	475
2738	17
2684	14
1875	1
3632	120
3404	84
1810	1
3924	257
2256	38
2884	1
2799	88
4625	287
1630	1
2869	45
2965	1
2240	45
3253	45
2329	1
1199	1
2179	28
3036	87
1899	1
3681	81
2756	75
5040	266
1499	1
1547	1
2730	102
2444	11
2740	10
1592	1
3107	32
1752	1
2503	1
2680	117
1792	1
6640	457
2238	15
3420	71
2585	15
1029	1
1807	1
3013	88
5752	349
2823	116
2432	76
2992	55
2517	1
2370	12
3019	73
2770	1
1898	1
1927	1
2312	1
4812	310
2058	15
2095	1
5252	319
3444	1
2149	1
2766	10
3271	92
2786	62
1606	1
2361	53
5144	295
2718	95
3450	200
3114	187
4103	190
2579	5
3298	1
2049	39
3406	112
3279	1
2017	1
1493	1
2624	1
2153	25
1853	36
1698	16
2837	1
3359	138
3464	1
3657	198
3991	233
3205	40
1823	48
2688	1
2562	26
5271	379
1770	43
1775	44
3846	181
1942	1
4529	265
2306	1
9185	688
1444	2
4569	199
1281	83
1539	1
2733	23
2419	1
1939	20
6810	417
3504	124
2147	1
3987	56
2614	1
3212	63
6542	449
2184	28
4840	251
2366	1
2170	1
1945	7
5821	403
3857	124
2379	1
1698	1
2484	1
2938	1
6381	389
5369	311
3979	131
2574	11
4364	185
1928	83
6013	277
4206	185
3403	205
2398	1
1373	1
3746	220
4191	151
2967	83
3037	28
2242	1
3928	192
4236	257
2510	9
1794	1
2482	1
2507	1
1798	1
2009	1
3540	185
3587	91
3754	115
3860	208
3655	1
1515	1
2148	92
2364	1
2167	1
2926	1
2842	4
1875	1
5269	344
2074	1
1480	1
2703	21
2827	49
2580	57
2937	40
2107	1
4202	79
2687	17
2100	1
1722	1
3282	40
2160	20
5568	443
9402	644
4869	270
6019	331
2602	58
2377	1
1850	8
5277	299
5954	366
1760	1
1161	1
1889	1
1873	17
1330	1
1417	1
2479	8
3877	126
5063	207
2856	51
1969	18
3402	35
3234	1
1905	33
1766	12
3064	25
2764	3
2663	1
2445	1
2056	1
2530	1
2419	59
3292	68
3101	1
5056	310
2057	38
3088	58
6923	473
4731	211
3436	135
3294	1
3281	80
1836	1
2810	107
3634	47
2641	1
6458	488
1842	1
2465	62
3738	190
1844	1
548	1
7366	566
1841	1
2248	1
3817	135
2168	9
3706	309
4014	97
2440	5
1495	1
3982	80
2175	1
1732	11
1459	1
2695	78
2227	27
1877	1
2657	36
1399	1
2540	2
2708	33
1251	1
5831	275
3212	1
2416	74
4222	132
2685	90
3957	121
1540	1
6003	274
2036	1
3162	1
1666	1
2084	1
3229	1
6339	458
3112	22
1656	1
2205	1
1529	1
5113	261
1984	1
1484	1
3407	83
1579	1
2497	56
3048	1
1559	1
2538	90
3046	21
3106	25
2122	1
1325	1
2795	80
1853	1
4967	322
1837	1
1880	1
1826	1
3710	97
1290	1
2670	1
956	1
2332	1
2489	1
1822	73
3396	57
2473	24
1457	1
2311	1
1899	1
2647	1
2211	30
2670	5
2737	7
4736	230
3015	1
2886	79
1863	1
3071	23
7938	602
2644	1
2133	1
3758	185
1688	1
2131	1
2070	1
2204	1
2508	1
2716	1
2469	29
4728	248
3579	87
4535	205
2672	38
1920	1
2803	1
1846	28
3343	19
2412	83
6390	465
2268	50
1552	1
7435	518
1833	40
2204	23
2509	11
1413	1
4362	207
2323	1
2289	1
2819	105
2930	36
3345	43
1772	8
1760	62
3100	1
1651	1
2168	1
2347	37
3725	107
1477	1
3896	218
1870	42
4435	169
2952	1
2648	66
2513	1
1571	1
241	1
3920	1
1237	1
2875	1
5532	249
3322	198
1658	1
2515	1
1778	1
1760	1
3506	81
2290	1
2987	1
3270	156
2710	1
2839	1
2660	1
2542	79
2534	123
3527	16
4217	282
2737	43
6500	398
1235	1
5300	372
2619	1
4224	184
2938	31
1685	1
2629	35
2266	1
2611	27
4809	327
1690	35
1672	1
1493	1
3671	65
4098	234
1921	1
2199	1
6588	429
2910	46
2960	63
2966	41
3222	78
4709	304
2777	57
1501	1
3155	51
2415	9
1832	1
1023	2
2114	39
2300	1
2527	21
2504	33
2878	1
2327	1
7684	481
1607	1
2684	47
1985	1
2951	24
1774	1
2979	1
2716	1
3154	37
1727	1
3014	1
2918	63
1468	1
2031	1
2042	1
1725	1
2524	46
6022	253
1324	1
2889	1
4311	134
2273	1
2560	1
1255	1
4655	122
3783	127
1963	1
5683	361
1396	1
2551	35
2219	1
2431	1
1973	1
2369	1
3561	64
3538	55
2347	1
2397	1
1453	13
2078	82
7594	586
2699	62
2187	1
3585	1
1941	11
2469	1
1411	1
6812	415
920	1
2134	1
4378	170
2558	1
2270	1
1945	1
6092	429
1618	51
2285	1
2168	1
200	5
2488	11
3016	56
3421	132
4091	156
2374	37
2608	1
3106	16
1607	1
3943	93
2566	8
2888	1
1882	1
4879	200
2961	1
1136	1
3467	134
2958	1
2692	1
1923	1
1322	1
3426	84
2159	1
2374	22
2373	1
1594	1
2643	137
1773	1
2402	124
4407	89
2945	53
2483	1
2609	67
2219	1
1836	1
7401	562
3067	1
2929	165
1571	1
2074	1
1824	1
1568	1
2690	8
1627	1
2876	54
5799	328
3346	99
2043	1
799	1
2822	1
2532	1
3134	65
2904	11
6113	471
2445	30
2707	1
6970	467
8256	574
3468	105
1100	83
6412	330
2582	1
1586	1
3384	116
1819	1
3216	108
1955	38
3510	208
1642	1
3556	1
1653	11
1510	1
3479	116
4511	248
4002	68
2637	1
7312	402
2043	1
1670	1
1980	23
2079	18
3161	76
2386	1
4068	194
2500	40
3015	1
2641	83
2665	65
3412	1
2137	1
1952	1
2675	111
4114	218
2796	1
3656	158
1392	1
2244	1
2622	34
921	7
2288	1
1789	1
8115	595
1770	1
1403	1
2091	1
2287	35
1241	1
7241	393
1789	1
2833	1
5703	421
6824	402
811	8
4608	184
5223	265
4005	103
1863	2
1687	8
2254	93
1349	11
4994	355
3159	16
2755	14
2545	1
2633	17
3505	49
3479	1
3070	5
621	1
3855	116
3339	110
1111	1
2548	1
2221	1
1011	1
2140	1
3163	1
3508	123
2640	57
1600	1
2865	52
2068	1
1965	1
3638	141
2207	1
3008	22
4791	218
2513	1
2523	1
2267	1
5145	350
1563	1
2372	46
3871	127
1659	1
1602	36
2471	11
3710	57
8759	594
2958	29
2462	1
2037	1
4435	414
784	1
2147	1
1997	1
2528	7
2924	115
3573	74
2040	1
2956	77
2921	27
5197	290
1140	17
2035	76
593	20
1904	29
2169	1
1147	1
3111	164
3511	45
3811	212
2224	71
2868	41
2443	1
3670	178
2102	22
2238	1
3185	1
3333	26
2607	14
1767	22
3886	63
9063	699
1322	1
1575	1
2880	1
2998	1
2131	26
4763	271
3403	100
1387	35
1920	1
1215	1
4003	169
2531	84
2071	18
1575	1
1745	6
1632	1
1729	1
2153	1
1273	5
1742	1
3074	169
2097	37
2579	1
2536	1
4908	323
5541	353
3877	53
3256	111
2321	12
1171	1
3835	110
1652	6
2845	1
7382	479
3269	133
2169	40
7018	531
4959	283
4449	176
2298	1
2116	1
4521	265
5916	448
2236	194
1710	1
2093	1
1924	27
1279	1
3869	62
1472	1
1629	1
2845	21
2554	1
3300	54
1930	1
1827	54
2000	10
3335	119
2104	51
6887	472
3559	157
2260	1
6181	312
2566	1
2252	62
2472	1
1003	1
2388	1
2504	1
3829	1
1919	67
3039	55
1136	1
4525	275
2340	1
4134	74
1985	46
4490	327
3555	116
1883	30
1822	1
3776	137
2228	1
1725	1
1718	23
6356	331
2336	1
2442	1
7078	428
1525	1
1953	1
3125	1
4676	234
2324	1
2683	25
2902	194
2866	1
1828	1
3235	176
2439	57
6134	343
2689	1
2839	19
2465	1
2255	1
2243	1
2283	1
5977	314
2289	1
1581	1
2425	5
2405	1
1894	1
3108	53
2365	71
2293	1
2183	4
2514	1
3790	77
5262	218
2241	1
2906	1
847	23
3181	133
2669	1
3583	124
2788	48
2018	1
3698	114
4115	179
2625	1
2411	1
2342	54
1686	26
1391	1
1418	1
3433	1
2448	79
2140	20
1998	1
2592	67
2162	9
2807	1
1784	1
3012	125
2315	17
2752	145
2276	1
3879	106
2183	8
6225	462
3132	1
1836	1
2314	33
1607	1
3057	1
3035	74
3009	54
1387	1
1918	46
3226	68
1844	24
7044	460
1760	1
3940	85
2932	28
4115	85
5237	408
1910	1
2417	1
3384	96
2815	1
3234	59
2025	1
5079	287
2161	1
3731	15
2583	1
2138	1
2701	1
3470	158
1297	1
2285	47
2618	1
2734	1
1054	1
1086	1
3807	1
2806	62
3767	177
2062	1
3209	40
2481	1
2412	1
4081	255
1243	1
1479	1
2251	20
4152	112
2223	1
2631	1
4749	318
4142	250
2265	1
2674	1
1842	1
2255	27
719	1
1822	1
2803	1
2322	16
2108	39
997	1
1279	1
2523	1
3871	79
9999	655
1685	13
5409	275
1798	1
1236	27
2590	43
2900	51
1886	46
2981	198
2720	1
3327	118
1977	1
2227	5
2664	83
2073	159
1838	28
2861	54
3855	162
1434	1
5034	186
2552	79
2214	1
5139	282
2113	1
1153	1
2795	70
2350	1
1741	28
4245	69
2960	1
5058	292
2061	1
6434	554
3274	88
2442	1
3068	2
2578	1
2067	71
2479	17
995	1
1508	1
4149	264
8413	612
2238	64
2590	1
2949	1
3668	171
5120	291
1290	10
2848	5
2571	1
1080	1
1803	1
7727	465
1397	1
2270	1
4173	273
2115	1
3293	44
2567	49
5766	250
2101	1
2441	1
3246	85
2416	1
3106	1
2953	1
2737	100
6628	441
3188	140
2165	1
2136	37
5357	288
2728	1
2153	35
2594	1
2164	3
3159	1
4502	233
5146	203
3198	201
1516	24
1829	1
3552	21
3845	62
2645	12
2025	1
6087	406
2998	1
5319	329
7530	458
3291	163
2925	35
2340	1
7668	461
3570	1
2183	1
2406	1
4234	177
1943	10
2109	174
2622	75
2285	43
3135	84
2340	1
2946	28
2022	1
2477	38
2565	5
2283	1
3520	140
1685	1
1936	20
3285	1
2347	1
2075	37
2405	24
1978	12
2061	1
3386	49
6770	421
1578	14
3219	98
1755	1
2436	1
5034	207
2298	92
4111	156
1539	1
2343	75
3038	149
2930	2
2866	1
4121	146
7560	466
2031	1
3839	230
1570	12
1756	1
3107	97
2297	15
1830	36
1582	9
7618	472
3425	127
3499	194
2893	1
1671	3
1906	1
1929	1
5635	310
1672	1
3853	116
3001	140
2130	1
2103	1
4219	174
4421	206
3148	1
2653	1
5690	411
5604	281
2219	10
4847	1
2499	1
2067	55
1931	1
2574	13
5605	332
2145	1
2580	16
2264	1
5320	303
1929	3
2053	1
5579	278
2579	1
2259	10
1615	1
2293	43
6107	248
1761	25
3602	87
5393	211
7070	587
4908	226
2678	16
2526	1
2818	22
779	1
2361	1
1606	1
2893	80
1484	41
2197	18
2614	1
2194	86
5400	459
2269	73
3410	43
5637	240
1589	64
2799	1
5191	310
2823	1
2518	1
2291	1
1608	1
2833	1
946	1
2410	1
2471	34
1450	1
2435	1
2499	1
2604	31
6707	417
2830	1
2832	1
878	1
2708	1
3311	136
2215	39
2652	28
1737	51
2678	79
3138	86
8510	493
2058	1
4176	194
1151	1
5063	344
4467	193
3065	20
2008	4
1243	1
2779	35
1835	1
2617	77
2586	1
5423	293
1820	16
1965	19
2809	46
1675	1
3755	82
5507	186
2701	1
1681	1
2948	24
1486	1
2130	13
2563	1
1923	1
1667	1
2002	60
4272	230
3009	103
3594	13
8318	514
2024	1
2477	17
426	1
3740	52
5944	382
2383	1
2647	1
3423	1
7349	531
1862	17
1847	1
4532	110
5419	354
264	1
260	1
7456	462
1113	1
5508	300
3089	105
3908	28
2372	1
2138	9
2190	2
2376	73
3002	70
1577	1
1603	1
3387	69
6959	421
2368	33
2190	1
1997	1
4399	216
3604	1
2981	1
1322	1
1908	1
2126	1
2265	4
3259	1
2443	1
1554	1
2012	1
2578	1
1772	1
2522	1
2764	38
3058	1
9096	613
2021	1
2302	7
1962	1
2563	1
1666	1
1652	1
2940	1
2788	1
3298	74
5785	361
2885	1
3955	207
2904	1
3473	1
1565	10
2112	1
2527	84
4007	55
1788	29
1940	1
2345	1
3361	1
3364	74
1819	22
8001	434
2305	1
3277	78
2612	80
1942	1
3516	18
2633	1
2394	1
2499	1
1607	1
9321	678
1261	1
5689	366
7017	390
1655	1
7070	413
1384	1
4842	257
2812	6
1278	24
2200	1
1739	1
2134	3
4819	267
2388	44
2068	55
3097	66
5342	325
1867	1
3270	16
3555	131
1521	4
4449	339
1593	1
3163	57
2100	42
6194	279
4877	283
2380	33
2575	1
2784	1
4210	139
3136	118
1003	16
1347	1
2614	1
2507	26
8594	568
1660	1
1620	1
3134	1
613	1
1708	1
2653	82
1434	1
1692	1
4627	190
3735	68
5880	365
6805	466
1908	66
2662	31
2569	1
3823	79
2971	42
3822	1
2646	68
1293	1
4607	261
2973	52
3144	1
3239	158
2619	34
5898	303
4562	194
2440	1
2336	20
2575	56
1469	1
3321	1
1391	51
2367	1
4908	265
3548	73
2183	1
2341	1
6282	245
3274	1
4729	237
1555	1
1498	1
3465	63
2007	1
2061	1
3135	49
2336	1
2434	1
704	1
2048	1
3184	45
2242	12
3721	55
1852	1
2869	1
1976	1
3135	35
1843	1
5546	297
1329	1
2520	54
2020	8
2061	1
4977	171
2404	1
1980	53
2448	1
2843	28
2707	60
2683	27
2922	61
1859	7
2105	1
3677	185
3570	1
3358	118
5644	317
1102	1
1449	1
2367	1
3108	115
5875	387
2092	1
2315	1
4007	274
2532	1
1218	1
2287	1
4344	100
4023	70
1788	10
2127	1
2636	1
4332	137
3066	1
2150	1
2076	1
2290	19
3026	1
6466	352
4956	260
2073	2
3157	28
1479	1
2317	1
7430	447
4994	271
1750	1
2524	1
2051	1
1585	1
1271	1
2584	1
4054	207
3576	193
3447	166
4464	132
6039	376
1321	1
2899	1
2331	92
7628	465
1326	1
4561	276
2473	33
4706	284
1728	23
3588	157
5051	349
2408	1
1799	1
3246	40
5808	421
1941	6
3778	173
2562	1
5658	428
2006	29
2958	1
3340	162
4327	148
2585	119
1539	1
1460	1
2145	1
4167	136
1493	10
2344	1
6423	446
4751	270
1859	1
5369	277
6152	338
1888	53
1599	1
2403	1
2964	21
3520	83
1649	1
2227	1
2159	1
3620	124
2010	1
1061	1
3221	14
2066	1
1850	11
2402	1
2920	46
7151	502
6663	463
2121	68
2711	54
2666	1
1766	1
1855	1
2862	1
2601	1
7656	524
2674	1
8952	583
6305	452
2154	1
2820	39
1731	13
2323	1
2727	40
2239	1
2214	1
1816	1
2716	3
2533	1
2028	1
2187	1
5868	317
3904	166
7551	589
4167	193
4868	171
2279	1
6426	459
2779	1
2073	1
4243	116
1550	1
1626	1
2507	30
3154	12
6444	475
3722	86
9278	657
2033	1
2172	1
2115	1
2273	53
2993	4
2527	1
2770	68
2124	1
3742	187
1168	1
2586	1
3535	37
2347	1
2411	33
7130	430
3742	148
5974	425
2797	68
3253	65
1592	1
1978	1
7366	439
4648	183
3766	52
2691	31
3790	191
8161	573
2472	8
2532	1
4245	222
3051	46
4360	170
1205	1
1476	1
1210	44
1606	25
1784	1
4862	294
1798	1
2491	1
4292	156
3314	12
2027	1
1689	1
1522	1
3085	127
1507	29
2558	1
4388	86
187	1
957	25
2221	1
3244	100
2069	4
2285	1
3353	11
1852	1
3257	1
3816	118
4206	203
3354	140
5252	316
3148	1
3765	238
3495	143
2432	1
2718	51
2153	26
2684	1
8083	583
4038	171
2579	1
2214	1
2335	41
2256	1
2741	1
3290	1
3311	1
3260	82
7208	475
3863	199
1734	1
4345	118
3333	31
1077	1
1549	1
2265	69
2066	1
5712	288
1836	39
2399	19
3677	128
2923	1
1270	1
1774	1
3311	139
1728	19
1997	1
6603	409
3560	1
901	1
3105	36
2749	39
2907	58
3841	180
1752	1
1214	1
1706	1
2101	1
2185	1
1934	34
4049	141
774	30
3373	1
5401	385
2169	7
4307	243
2611	1
1864	1
2599	1
2861	1
2783	135
1861	1
2978	1
2054	1
916	1
3301	108
1685	1
1978	1
2758	49
3073	90
5331	332
3221	1
3152	43
5282	326
2281	1
2289	1
2661	1
2726	66
1464	1
674	1
5831	325
2090	20
2449	81
2914	28
2853	1
2362	25
2581	1
5604	279
3279	78
1803	1
1967	1
2769	1
1898	1
1188	1
3249	1
1933	1
2512	7
2999	39
1892	1
2673	1
1064	1
1993	1
2236	21
3015	170
3773	205
3646	208
2827	24
1712	2
1162	55
3613	78
1778	52
1443	1
3938	214
1373	15
6227	466
2578	1
1822	1
2009	64
2628	20
5079	278
4514	137
2427	17
8038	592
2375	1
6142	380
2079	1
2816	4
4036	82
2737	41
1755	34
2170	1
2586	1
1756	39
3092	80
2727	52
3888	198
2081	1
2707	123
1830	1
1302	1
1862	54
2369	163
3052	28
3734	201
2013	1
1603	1
2615	3
1781	1
2862	127
2367	4
2487	1
2000	18
1827	1
1106	1
2550	86
3063	1
2740	76
1783	1
3321	45
2448	57
5527	307
3592	66
1772	1
1378	1
3874	79
4250	169
2327	1
3227	1
2282	1
3178	49
2548	99
2236	1
2059	20
6099	365
2920	1
3705	97
1485	12
2946	1
5576	289
4689	189
1436	1
4591	282
2620	37
8886	633
1405	1
3307	59
1576	1
1279	1
6261	364
1810	22
2566	1
3339	42
2462	30
2239	1
3458	1
2468	3
2462	39
974	57
1664	12
1777	1
2901	167
2783	195
1952	41
1642	1
5255	322
2059	33
2245	1
1525	1
2916	1
3061	131
1791	1
2303	50
4677	276
1959	1
1980	1
