3692	6009
3997	5920
5538	8204
3876	6042
5336	7897
3592	6609
3874	5331
5157	5660
5229	4748
4707	4918
4546	5787
3115	5519
4873	6335
4740	5719
5199	7095
5300	7396
4090	6413
3592	5982
4274	5340
4328	5402
4132	3905
6864	5824
4882	6339
4736	4894
4807	6289
4158	4948
4587	5668
6417	6073
4667	5792
4351	5269
3770	3982
3907	4375
5262	5999
4848	6081
5150	6325
4520	4471
4721	5790
4939	5979
3405	4193
3929	6178
4706	5495
4974	7113
5117	6696
4252	4202
5210	7361
5127	6919
5246	7119
4477	5630
6363	8260
3883	5045
7342	6823
4500	4806
6219	6595
6071	5741
5064	5599
4780	6280
5199	6106
5568	5799
5041	6064
4181	5415
7341	5678
2720	4434
3453	6398
4956	5912
3872	6695
4841	5032
4952	6957
4960	5548
5266	5443
4800	6280
5673	6073
4500	5819
4940	5060
5430	4305
6020	7227
5505	6997
4832	6308
4431	5363
4958	5922
4872	5406
4451	4835
5645	7938
7401	5516
5584	5681
4297	5296
5102	4651
5076	7277
4330	5605
4625	5951
4689	6103
4816	5924
3689	3561
4788	5325
5453	5807
4699	5054
4969	6319
3415	6177
5472	6521
4762	5553
5023	6874
5797	6318
5910	6213
5265	6516
5326	6272
4114	5935
4813	6140
4864	5524
4732	5453
4354	6012
4299	5889
6540	6711
2515	4661
6589	6666
3149	5255
4937	4432
5069	6668
3475	6769
5812	5911
3903	4594
4293	4928
8209	4830
5153	6217
3747	3749
4168	4637
4775	5651
3918	4596
4183	4930
4828	6577
5880	8989
4358	5150
2076	5164
2904	2425
5446	5680
4618	5568
4482	6036
4028	4116
0	0
4636	5598
4709	5036
4332	5537
5602	7472
5264	5653
2447	5904
5258	6263
4806	5491
4122	4502
4439	4964
6927	5711
4397	5232
4384	5504
4965	6090
4415	4961
6157	6099
4872	5438
6682	7717
4841	5533
5552	6436
4888	6330
4163	4834
2869	5595
4769	6050
5343	5377
4991	6172
4683	5586
2568	4319
4505	5611
5545	6424
3615	6055
3151	6088
4231	4771
5081	5903
5087	6743
4580	5861
4907	6811
4386	5578
4212	6244
4421	5046
4909	6107
4901	5909
4887	5324
4370	3598
4423	5497
3974	4208
4060	4527
4598	5368
4910	5513
3700	4036
4985	5819
5016	5766
2875	5220
5128	6613
4167	5126
4001	4095
5799	6197
4618	5822
5335	5450
2916	4423
4736	6678
5378	5623
5145	6197
4881	6456
5958	8354
4475	5099
6692	6263
5909	7882
5210	6983
4346	4901
5433	7259
4842	5584
4504	5948
2809	4964
4597	6022
4926	4639
4493	5476
3604	6377
3959	4492
4910	6433
4928	6059
4971	6316
4731	5851
5518	5155
4790	6123
5011	6637
7462	4092
3285	6660
5298	7117
8006	6430
5407	5996
4103	4767
3934	5103
4342	5541
5369	6080
5004	6250
3724	4854
4852	8344
6093	5563
5546	5790
4280	5212
2793	5612
6708	3628
5836	7390
6831	7158
3679	5330
2427	5586
4599	5795
2486	6460
2383	5241
5011	5546
3878	6045
6312	6367
5080	6416
4289	8459
4581	7098
4578	6199
3392	7628
4583	5964
4191	4338
5284	5193
3317	4487
3823	3019
5415	4148
3677	6004
2894	4111
4565	5872
4395	4269
5074	6926
3816	5563
5275	5514
5054	6675
3929	4600
4254	5209
5333	6376
7274	6353
4735	5559
4818	5612
4427	5044
4555	5553
5049	7416
3998	4640
5491	6491
6125	6516
5151	5017
5159	6802
4257	6301
5892	5100
4756	6731
2957	4782
5020	7025
4572	5666
5890	5887
3070	5046
4208	6041
3445	3322
4359	4460
4832	5468
5559	6158
284	40
4897	6017
5039	5755
4275	4765
5476	7096
4987	5168
3473	5672
3887	3997
3313	5363
4760	5693
4650	6130
5111	6363
4872	6291
5465	7346
5309	5868
4532	4945
4301	4984
3889	5537
3379	5999
2937	4361
4067	5124
5603	7178
4890	5462
3223	7679
3146	4186
6297	9795
2871	4182
4980	5309
5754	4724
5145	6438
6821	7138
4528	5439
4747	6464
5188	6689
4666	5671
7571	5814
3662	5433
4496	4346
4336	4948
4951	5266
5807	5060
3893	5839
3849	4329
5142	6515
4845	6440
4401	5329
5451	5788
1887	4997
3136	6381
5234	6860
5101	5563
7815	6806
3293	5254
5355	6642
5221	4714
4204	5204
5216	8307
3761	4030
3749	6273
5161	4851
4000	5255
4451	5583
4541	5370
2901	5061
4500	6784
5437	6860
4135	4892
5679	6087
4258	7006
4925	6606
4891	5247
4529	5372
3984	4687
5207	4934
4151	3850
5701	6786
4483	5177
6805	6421
4525	5448
6112	5282
4852	4212
3759	4332
6106	9090
4749	5523
4861	5896
4142	4451
4980	5578
5554	7246
5553	6634
4735	5762
5249	6494
4282	5165
4284	6813
3920	6889
5234	7362
3832	5886
5965	6052
5175	6966
6023	4787
3765	4848
4823	6460
4992	5812
3495	3681
2565	4304
4602	5136
4790	4719
4788	6470
2852	4583
4200	5102
5389	6729
2897	5088
5524	6744
5508	4374
2920	3611
4532	5701
4832	5722
4099	4996
5084	5650
5282	6912
5558	5834
6358	6034
7394	6485
5908	6548
4477	5505
5212	5316
4994	4715
5399	8026
2774	5721
5068	6661
2881	6260
4068	5807
5002	6724
4396	4918
4208	4565
5904	6357
4865	6086
4281	6116
5322	6810
5967	5642
4474	5592
3994	5437
4500	5895
4523	5184
4633	5892
5066	4967
4872	6186
4790	4949
5989	6394
4902	6186
5254	4995
4031	5445
5358	4640
4400	5512
4414	5729
4817	5467
4826	5677
4008	4480
5923	6969
4962	5850
4567	6320
5301	5486
3088	5352
5122	6395
3332	5704
5185	6660
7044	6176
4708	6208
4548	5635
4105	4642
4853	6521
5836	7012
4337	4720
3465	6704
6291	8141
4222	4728
5973	5102
4817	5171
5164	6475
5024	5573
6269	5358
5825	6966
5069	5658
3099	4895
5484	8120
5233	6220
5064	6946
5227	6604
3667	5852
3271	6126
3318	5724
5394	7268
4736	5266
4630	4787
5830	4500
5086	6381
5059	5931
5108	4986
3833	3965
5177	5596
4607	5394
5508	5715
3749	4935
5589	6179
5672	5567
5521	4988
4758	5423
4874	5778
4982	6895
4642	5913
5540	5567
5889	8114
4670	5734
6112	5228
5990	6222
4774	5712
6916	7884
4689	5125
3746	4702
4946	6158
5421	7120
5107	5867
5229	6732
2617	5362
1958	4261
4656	5329
4585	6030
4605	5070
4630	5243
4416	5422
4581	5482
3250	5497
4508	4534
5093	5087
4407	5033
4729	6114
4851	5307
4152	5149
4591	6038
4319	6007
5070	6161
3988	4508
6858	5386
2766	6208
4524	4606
6286	6044
4775	5941
4975	7008
4663	3888
4743	5800
4684	5691
5130	5144
7720	6215
4560	5647
3395	5884
2359	5421
6331	6124
4634	5986
4802	6472
7290	5569
4433	5449
4628	5510
4121	4391
4909	6004
8855	5204
4737	6371
4461	4754
5534	6827
4651	6455
5081	5895
3739	5245
4097	5384
6553	5138
5351	6950
4390	5329
4198	5141
4457	5545
4759	5142
5177	4368
4267	4468
4596	5822
5164	7308
6454	5662
6392	4841
4458	5642
4601	4515
7106	6001
4552	6054
7088	6414
4405	4870
4616	5590
5162	4943
3705	4969
6404	5313
4661	5620
2262	5189
5542	6032
4560	5035
4988	6272
5333	5743
4276	5136
5056	6261
3953	3800
4663	6489
5321	7107
5369	4595
5151	6345
3278	4503
5563	7094
6127	6587
3961	5380
5737	4802
4906	4022
4393	4558
5006	5736
4947	6042
4673	7128
7845	6581
4194	6750
5644	5675
5570	5948
5197	6851
4176	7048
4716	6332
4463	5301
4339	4631
4304	4466
5273	5972
4909	5967
5927	6191
4368	5326
5105	6500
4738	6813
5447	7034
5318	5210
4385	5288
2924	6111
4351	4923
5216	6527
4783	6340
6282	5493
4736	5273
5566	6438
3770	5553
4623	5694
4476	5170
4314	5232
5316	5527
1986	5591
5265	6210
4471	5856
3975	4227
4369	5667
1849	4718
4695	5843
3513	5333
4016	5421
5843	6032
5329	6437
5211	6603
5476	6794
2380	3856
6252	5314
4612	5535
4905	6234
5377	6621
4302	6746
6074	5398
4339	4947
5947	8783
4373	4783
3327	5490
2218	5706
4675	5669
4947	6060
5546	4481
4683	5195
4868	5837
5478	6661
3723	5416
2811	6987
4571	5578
4374	5934
4222	4519
4740	5161
5568	6100
4840	4943
4846	5865
4963	6378
4749	4851
5397	7337
4615	6673
5616	5501
4572	5195
2921	5204
5919	8234
5430	5824
5237	6833
4529	5058
3599	3171
5226	5726
3544	5786
3273	5242
4657	5532
5307	7198
5215	5297
4683	5135
4931	6474
4229	4575
4471	5435
3393	5498
5376	6692
5151	6155
4746	6054
4130	4494
4359	5194
3278	6200
3257	6368
2624	6437
5720	5738
3393	6896
3022	5631
4934	5893
6795	6958
4587	6330
5555	4393
3854	5471
4606	6135
3597	6383
5056	4950
5630	5693
6365	6666
4657	5444
2504	4996
4224	4322
4616	5336
3589	4907
4217	6017
4977	5593
4982	5626
4625	5879
6138	5739
4012	3750
4528	5701
4790	5959
5083	5242
4221	4398
4477	5086
2628	6073
3262	5150
3202	6039
4800	6285
4891	5938
5853	8817
4732	6003
5583	6512
4690	5886
5512	7005
4007	4714
4190	4909
6180	6082
4322	4978
5837	6663
4665	5390
4841	6057
4962	6336
6394	5724
8235	5873
4903	5877
4489	5669
5000	6342
2208	5710
4645	5638
3006	3808
4302	5673
4287	5430
4523	5310
4819	4969
4532	5922
2755	5867
4386	5881
5210	6537
4409	5031
4626	6252
5227	6560
5588	5331
6203	6797
4701	5784
5479	5082
4744	5393
4433	5249
3910	4915
4399	5645
3645	7062
5038	6404
2444	5730
4617	4562
4349	5333
4876	6116
3901	4000
3035	5436
4314	4841
4610	5558
6552	3996
4801	5699
3161	5536
4476	5645
6208	6082
5521	5377
3960	4816
4931	6393
8896	5498
4457	5387
4987	5621
4454	5507
3939	6258
4375	5196
4631	6108
5239	5660
4720	5323
2793	5812
4836	5445
2326	6530
5706	5270
7804	6263
4372	6251
2453	4757
4854	6030
4594	5341
4361	4097
4582	5940
4815	5318
5315	6048
3760	4249
4896	6393
3760	6145
4768	5599
3861	4461
6638	5595
3672	7174
3945	4007
5055	6986
5994	5372
5633	6286
4423	5781
2643	5969
4783	5753
4683	5600
4502	5560
3909	4434
5081	5052
4343	4924
5458	7096
4201	4699
5342	5521
4535	5669
4997	5709
4388	4774
5299	6279
4425	3872
5156	5750
4389	5321
5122	7322
5341	5548
4155	4375
2630	5275
4625	6317
4762	6543
5107	6454
7767	5283
4369	5290
5181	6381
6677	6792
3641	5008
5675	5473
4659	5173
4624	6954
4220	4790
3127	4521
4477	5348
3117	5583
3824	5616
6362	6120
8308	4373
3008	3927
5609	5162
4052	4257
7318	6560
4538	6630
5016	6449
4984	4644
6535	6608
6075	6780
4849	6657
5067	5430
3715	5819
4625	5319
4632	6132
4482	5448
4299	5240
3391	7000
6310	9459
1591	4616
7259	6951
2911	5082
4473	4763
4562	5164
5270	6397
5261	7602
5244	7268
5778	5133
5348	6392
4600	5384
5654	4905
4450	5083
4514	5438
4888	5992
4718	6123
2712	4404
3935	3833
5365	6489
6064	7017
3388	5334
4604	5413
2514	5523
3836	3019
6561	6869
4864	5878
4929	6396
4567	4478
4462	4892
3926	4342
5783	6084
6016	6386
4196	4707
5453	6111
5232	7404
4992	7298
6023	5629
6172	6239
3997	6541
2621	5448
4014	6216
4791	5881
5142	5438
5911	6939
4601	5347
3141	6046
2734	5348
5563	4990
5139	7736
3987	7734
7451	5552
6442	6533
4933	6531
4128	4786
4358	5358
5408	5825
5139	5844
4701	5320
5095	6028
4373	5124
4225	5816
4251	5396
4548	3343
4898	5970
4581	5769
4394	5319
4718	5476
4786	5908
4607	5349
2055	5356
2756	6021
5011	7151
4583	6959
4920	4523
4337	4650
5079	6057
5140	6675
4999	5429
5711	6161
5568	6080
5141	5776
4506	5458
2463	5367
4627	5608
5814	6808
3910	4106
5166	6762
5485	5545
2808	5743
4540	5644
4700	6163
5597	7097
3254	5322
3777	7125
1753	4032
2429	4527
5312	6254
4485	4999
4780	6168
4548	5189
3547	3340
4467	5865
5558	7684
5156	6359
3882	4505
3704	3809
3646	5944
5201	5846
5001	7208
5000	6621
5457	6081
5477	7942
2280	5530
5281	6932
4362	6581
6348	5783
4677	4707
4847	4693
4976	6109
4593	5259
6133	6272
3150	4569
4393	5258
5368	5734
5033	6241
3853	3493
5162	4985
2591	5493
4762	5992
3248	5418
6668	5730
5126	5369
5128	6078
5675	5561
5491	6189
5443	5501
3602	5652
4719	5880
4512	5471
5480	6151
4287	5057
5194	5283
4057	4694
4442	6291
5122	6661
5174	5776
4387	5686
4623	5356
3940	5867
3700	4037
4641	5581
4861	5400
2199	5058
4273	5933
3040	5593
4310	5783
4814	6016
4837	5721
4708	4300
4956	4426
5596	6353
4671	5571
4251	4130
5761	5455
4262	5181
4892	6011
5467	7511
4043	2116
3937	4963
5421	5420
4439	5201
5551	6514
5424	5311
4071	4900
4782	6247
4789	5619
4121	4485
3346	3916
3494	4673
4682	5034
5744	7850
5541	7517
3764	5684
3755	3687
4750	5293
4095	4971
1330	4299
4273	5619
3189	3652
3190	5400
5771	6031
5031	5148
3514	6494
2847	4799
4197	5912
5351	6337
5283	5955
4808	6010
3511	6799
4644	4709
4646	5539
3881	5438
5217	5593
4313	6126
4635	5584
4615	5172
3983	5630
3775	6005
2862	4936
6337	7718
7061	5260
5040	5625
3976	5224
6628	6454
3232	5798
4988	6268
3516	3460
4797	5309
4860	5760
4564	5490
4010	4723
5736	6147
4532	5495
5522	6138
5613	6940
5370	6224
5616	6241
2651	6300
4429	5682
5611	6253
3762	4826
2251	3964
6995	4180
5437	5218
5306	8990
5058	6691
4376	5327
5704	6275
5216	5083
4659	4724
4687	5734
3549	6030
3000	4111
5688	5613
5677	4407
5846	5914
3043	5927
4637	6164
7687	7103
4333	5262
4632	6174
5581	7459
2160	4431
2943	4802
4732	6084
5056	6365
4161	6351
2357	3386
4054	4333
4259	4701
4974	5700
2995	5625
3090	5094
4510	4987
5903	4721
5019	5851
4568	5202
4570	6753
5206	5648
5820	6402
5797	6473
3565	6276
5436	5590
4299	5610
4162	4958
4070	5846
7998	5199
5079	5700
4289	4475
4769	4639
6160	6311
8781	5249
4914	5359
4186	6752
4434	5227
6365	5280
5598	7462
3395	6049
4621	5345
4659	5122
4325	4853
2729	4989
4328	4760
4287	5932
4490	6008
4944	6670
5294	5985
5710	5632
4863	4945
4981	6167
2733	4668
6262	6342
4624	5827
5068	7194
4240	4515
4721	5450
4175	5367
3877	5782
4252	4839
5138	5668
4124	4792
4814	6036
4543	5587
4703	5255
4372	5050
5311	6448
4647	5446
3823	5258
4606	5243
4229	6971
5506	6378
3065	5598
5226	6853
3528	5021
4730	5375
4975	6464
5223	5690
4170	5090
4066	4339
3639	6427
4164	5911
5773	4303
5607	7811
4370	5022
5253	7261
4814	6819
3880	4556
4243	4290
4158	5302
4360	5186
4411	5249
6603	5326
5255	6149
5453	7401
4682	5650
4492	6488
4771	6007
4242	4543
5300	5723
2353	5067
4214	5046
2587	4339
4672	5744
5035	6073
5144	6673
4555	5469
4275	5257
4872	6283
4948	5022
5463	7567
5311	5747
4550	4749
4194	4833
8149	6300
2352	3988
4844	5888
3307	5030
2950	5594
5979	5558
3375	5831
5579	6442
4382	5402
5111	6042
4229	4831
4827	5547
4420	5098
4638	5535
5058	5377
2483	3229
5696	6072
4645	5332
3870	5290
5122	6146
3739	3461
5352	4998
6132	7324
3582	6210
4176	4285
4535	5393
4066	4671
3873	3909
4929	6603
5391	7399
4576	5500
6016	5303
4711	5634
4986	5307
4428	4989
5171	4974
5622	5688
5146	7458
4377	5514
3992	4206
4466	5889
5142	7496
4676	5529
6242	5924
3487	7331
3242	6155
4643	5887
4833	6582
6401	5853
4681	6167
5873	8531
4710	6052
7422	6738
4610	5694
6097	7464
1417	564
3779	5590
4929	7261
4000	4527
4387	5910
5958	5750
6329	6584
5218	5010
4631	5205
3075	5363
4083	4466
3204	4544
5498	6622
3323	6011
3323	3998
5062	5523
7472	5322
4780	5981
6460	6044
4622	5324
2446	3951
4959	6745
2038	5349
6843	7003
7891	5690
2468	5843
3389	5002
4614	5735
5872	6552
4552	6035
5098	5649
3607	5388
4407	5841
5952	5946
4892	6035
4638	5934
5467	5603
4651	5491
4132	4919
4662	5582
3846	4045
5614	4724
3003	3526
4200	4382
4309	5284
4128	4638
4921	6227
5861	7021
5440	7288
3127	6387
4575	5496
5617	6393
6219	3911
5714	5151
4875	5667
4595	5513
6429	6249
5103	6108
1941	5449
4456	5419
4842	5888
3927	5523
3663	6448
5207	6685
4168	4163
8405	5637
5473	7686
3935	5757
4457	4499
5433	6566
4404	5493
6217	5670
5374	6552
5326	7623
1428	4340
4557	5390
4727	5548
3818	5671
2347	2141
3477	6514
4417	5233
5150	7135
5258	5754
4878	6396
4948	4883
4930	5781
4671	5370
4633	3791
6593	4993
4780	6438
5302	6680
5263	7365
4515	5299
2848	5501
4631	5715
3913	5207
4887	6127
2857	6055
6041	6564
4418	5238
6408	6308
9335	5644
4797	5283
4347	5747
4867	5827
5605	4391
5270	6967
2481	5543
4781	4213
4792	5304
2600	4988
2157	4117
4599	4280
5020	6291
5528	7527
4350	6141
4885	5711
4299	4727
4657	5786
4451	5308
3762	3493
4513	4785
5574	5202
3758	7124
4505	5084
6142	7390
3874	3671
4956	4580
4182	5469
3614	5823
5937	5778
5322	6898
6847	5353
4964	5916
2850	5332
4512	5366
4737	6270
3546	6433
7267	8713
4594	4991
2729	4878
5412	6775
2895	3886
5616	6211
5562	6970
4816	4670
4556	4447
5753	6595
4673	5371
7887	6702
4646	5836
7621	5778
6108	6657
5264	7154
6064	7129
4878	6346
5563	7637
4051	4712
4767	5257
4422	4050
5157	6449
8703	5766
3511	7648
3934	4290
4705	5635
3486	6182
4954	5914
2661	6783
3946	6439
3993	5119
5259	6768
5062	5412
4304	5024
4722	5899
4292	7548
4975	5974
3697	5245
5511	7784
3885	6847
4694	5762
3883	5569
4372	4698
4631	4878
5253	5636
5034	6390
4443	5353
5407	5579
4507	5888
5106	6267
4499	6680
4969	5323
4220	4365
5439	6328
4811	5336
4632	6097
4533	4328
5384	6874
4635	5268
2827	4723
4667	6898
6127	6498
6395	5824
4413	4415
2937	4721
4634	5094
3757	4733
5285	6510
3619	4976
4743	5562
3377	6109
4548	5560
4582	5262
4192	4964
4449	5816
4086	4604
4582	5617
4322	5528
5302	6061
6033	5789
3809	5106
3812	5549
3838	7218
2872	5224
5118	6079
4153	5841
5195	5029
5147	6654
4877	7012
3997	4467
2153	1903
4397	5063
4864	5883
5284	5469
4918	5825
5736	6052
2970	5105
6550	6324
6293	7080
4477	5089
4733	4629
5776	6053
4899	4473
6165	5970
5827	7590
2221	4476
4661	6035
5235	6450
5878	5856
5233	6513
4068	4227
5062	6880
3120	4804
5147	4153
3942	4763
4217	4348
5177	6652
4545	5362
5784	5198
4798	5857
4309	4488
4318	5166
4901	6239
4416	5247
4683	5588
4748	5821
4327	4663
4477	5699
4390	5018
3956	5025
4694	5759
4719	5411
9415	7239
4244	7665
6527	7973
4238	5149
6306	6333
5562	5997
4613	5714
5281	5820
5160	5650
4676	6019
4512	4929
4877	5971
6064	7063
4998	5424
3377	5665
4720	5430
2220	3796
4418	5043
4142	4339
4131	5933
5496	7450
4481	4971
4641	5558
5270	5773
4584	5279
4723	5819
4119	4168
4846	5812
4106	4681
3614	4946
4590	5084
3897	5535
4859	8273
5616	6138
4792	5771
4687	5740
4918	6172
3678	6987
5081	6122
4648	5441
1869	4814
3242	6020
5249	7761
4452	4940
4920	5518
5857	6129
4463	5252
5561	5461
3127	4907
4546	5499
3831	7223
5060	6631
4431	4832
5678	7226
3754	4574
6180	6206
3474	5600
4944	6137
6990	5459
5418	5218
6316	6360
4228	5283
4238	5148
4668	5355
4425	5158
3510	5018
4909	5273
4284	4703
5528	5323
5064	6385
3060	5210
4494	5680
4448	5718
4676	5727
7195	5013
5194	6662
3021	5763
3561	3110
4969	5916
5643	5688
3177	5573
4789	5348
3407	5802
2774	5361
3957	5115
5086	5529
5590	6220
4622	5995
4635	5715
4204	4947
3301	4390
4844	5562
6477	7433
5172	5252
4786	6719
4520	5346
3793	6296
4980	6219
4355	5728
3924	4932
4414	5778
4615	5704
4421	4909
4854	5288
4924	4766
4988	6359
4748	5734
5887	7191
4283	4430
4511	5364
4487	5214
5811	5619
4639	5836
5337	5664
5789	7572
3211	5353
5570	5218
4543	5387
4470	5118
2233	3752
4341	5197
5382	6747
5221	7073
2387	5028
5086	6210
3999	5318
5753	8495
5647	7474
5236	6266
4096	5110
4691	5983
4960	6710
2227	6097
5203	6849
3417	5747
5244	6430
4374	5155
5351	7470
4366	6449
4572	5803
5633	7868
4855	6509
5218	7003
5146	6332
4271	5088
3485	7365
5017	7032
7862	5450
2605	5802
5601	5483
6330	6315
7994	5414
4829	5949
4585	5905
4709	6177
7382	6397
5330	7248
5371	5443
6228	6944
4878	5582
5069	5318
4645	6287
4563	5943
5777	6401
4715	5954
5246	4298
4459	5212
4450	5164
5429	7190
2415	5272
4090	4341
3723	4261
4026	4605
5319	7525
5317	5941
4285	5120
5532	5855
4354	5354
4316	5157
3002	5007
4116	5544
4866	6159
5715	5941
4128	4980
4805	6378
5837	7435
4890	6302
4546	5438
4684	4873
5429	5834
5510	6159
6395	6639
4429	5386
4760	5187
3431	5672
5782	7397
5260	6792
3076	4940
2853	6868
5667	5368
5000	5769
4698	5945
5454	4535
4362	7766
3483	5714
4578	4649
5012	6353
3015	6361
4366	5768
4521	5465
4063	4481
2686	6081
4546	5545
5199	6628
8567	4869
3896	5998
5022	6548
2448	4636
1982	5923
5201	6018
4747	5394
4573	4503
4303	5238
4469	5757
4369	5718
4774	5886
3895	6285
4628	4964
4562	5158
4599	5485
4156	5663
5746	5896
3997	4467
4359	5561
4956	6875
6085	6725
5371	5605
4702	6045
5650	4632
3516	5223
3691	3664
5278	7029
5146	5309
6591	6115
4083	4515
5827	5601
4674	5784
4992	5720
4208	6137
4003	5424
5882	6571
4585	6173
4966	5444
4814	5555
5096	7307
5480	5947
4851	5901
4277	4691
4427	5080
3976	4942
2716	4384
4499	5289
5759	5010
6843	7003
4553	6787
5598	5831
5090	7402
5094	6271
4701	5499
2696	3689
4280	5019
4427	5256
3200	5660
5030	7402
5320	7675
4980	4964
5016	5981
4765	5709
4727	6608
4719	5596
5265	3804
5047	6792
6444	6738
5158	6578
4918	6861
4924	4999
4245	5015
4771	6385
4323	5312
4568	5831
4646	5132
4603	5384
5591	6293
4598	5329
3989	4514
4626	5452
4866	6220
4521	4710
4896	6346
3400	6661
4229	4830
6173	5642
3621	3076
5963	8169
5139	5378
3682	6844
5089	5532
5456	5699
4401	5276
5397	5517
4648	5889
4076	4259
4322	5514
4854	6177
4552	4209
4941	5675
4941	6104
4497	5763
5256	6927
5595	7238
3172	4793
4332	5401
5031	6952
4607	5781
4824	7411
5263	6161
2440	5744
3328	6541
4230	2801
3839	5765
4493	5263
3513	5158
5363	7395
4343	5534
4587	7363
3363	5275
5592	7930
4348	5210
9289	5569
5929	5260
5110	5845
2629	5717
4071	4148
4357	5081
5396	5204
3785	4118
6170	5256
4413	5594
4374	5604
4383	5581
3585	5051
5732	7099
2812	4751
5066	5240
5165	6178
5514	5803
4727	5497
4363	4995
4568	5017
4675	6948
4680	6193
5092	6124
5147	6696
4428	5296
6149	7300
5752	6357
5192	6601
4627	5760
5075	6808
7638	7746
5584	5451
5089	6000
4792	6470
4839	5531
5296	4991
4682	6045
3607	3816
3864	3494
8215	7228
5938	6107
3474	5955
6115	5714
4682	5671
4108	4889
4386	5903
5143	6860
5362	6442
3025	5416
2723	5429
5256	7405
4938	6193
4729	7196
4336	5292
4514	5050
4683	6085
4493	4930
4814	5005
2559	6829
2134	6006
4821	5603
3776	5270
5445	5537
8189	6581
2933	5089
4725	6135
4224	6047
3055	5175
4256	4543
3748	5115
5196	6649
2447	7167
4126	8438
5266	6077
6634	7058
7033	5835
1937	4869
3912	5128
3282	4789
4284	4934
3053	2833
4549	4897
5328	6727
5182	6673
4509	5032
5094	5776
5585	7547
3877	4941
2197	5537
5117	4964
4719	5887
4852	5840
4543	5037
4727	5318
4773	6424
5139	6904
4573	5376
5172	5007
4938	4656
4258	4292
3997	5224
4269	4654
4629	5354
5250	7079
2510	7082
5073	6246
5242	5140
4926	5651
5137	6652
4543	5365
4332	5854
2794	6360
4933	5679
6577	6982
4090	6024
4010	4354
4114	5011
6171	5914
4498	6133
4691	5186
4232	4662
5432	4076
5436	5474
3870	4761
5719	6209
4203	4981
5281	6811
4770	6233
4915	4813
4618	6656
2392	5194
5047	7106
5311	5685
5395	5914
5197	6663
3698	4325
5887	6566
3781	3624
5162	6454
4727	5319
3789	4129
4303	5276
4391	5154
4532	5301
6373	5783
6039	6783
4383	5007
6168	5653
3993	5160
4828	5971
5264	6689
1228	1974
4661	5736
4285	5238
5033	6061
5065	5172
5525	5367
3631	5614
4885	5943
4203	4952
5594	5764
4499	5722
4617	5666
5626	7806
2617	6543
5705	5541
4399	5112
4263	5791
4645	5783
4757	4194
4109	5068
4074	5020
4774	5791
5752	6025
7908	5867
2538	7583
4772	4352
4889	4901
4600	5145
4510	5782
2363	5040
4525	5676
4351	4997
6359	6079
4601	5674
4152	7555
5466	5050
7561	5399
5935	5683
2920	5558
4707	5617
5586	7358
6263	6216
4398	4627
2677	5013
5129	6413
2143	5146
3460	5579
5797	5872
7469	7301
4542	6910
3688	6351
6971	7638
2598	4630
4697	5226
5391	7543
5103	7067
3843	4976
5824	5324
4682	5784
4157	4565
6175	5145
2290	6610
4704	5269
4763	5695
4400	5083
3276	6382
4124	5921
4279	5083
4995	5548
4081	4319
4162	4290
7062	5359
5187	6220
5141	6788
4809	6089
4540	4776
4778	4805
5367	4977
5207	6874
5176	5767
4384	5644
4447	5506
4009	5306
4763	5432
4350	4847
4655	5438
4473	5704
4676	4848
4243	4316
6147	7293
4359	5623
4026	6047
5713	7294
5200	6939
7459	6203
3200	4603
6092	5243
5850	6779
6491	7451
1366	4436
4378	6632
4867	5787
4967	6095
4163	5051
3276	4451
4392	5232
4062	4589
3992	4253
2767	6514
3884	3887
778	3200
4388	4748
4231	4536
5141	6096
5457	5982
4547	5268
5097	3389
5247	6270
4495	5412
3934	5356
3850	3718
5904	5509
4062	5555
7722	6991
5166	5277
4285	5760
4836	6430
3234	5430
4758	6637
3453	2838
5237	5746
6861	5090
4893	5515
4914	5819
5326	7069
4740	5747
5604	5511
6007	4715
3358	5477
4653	5796
4755	5897
4964	6386
5285	7155
4646	6092
6304	5823
4667	5646
5190	6579
5109	5682
9678	7362
2842	4222
4044	4647
5015	7111
8492	4994
4115	5649
3483	5759
3869	3465
5033	5239
5074	5770
5945	5282
4831	6318
4753	5748
4531	5709
4519	5053
5195	7098
5887	5440
4294	4917
4819	5366
2989	5903
4295	5173
5092	6988
5192	7280
3655	4940
4504	5767
5501	6676
6003	4492
5714	6184
6151	5573
2562	5278
4746	5626
4773	5790
4124	6606
4556	5566
6709	4738
3905	3760
4868	5292
4261	4437
7578	6031
5436	7042
5642	6059
4897	5906
5686	5297
5582	7405
5745	5783
2948	4756
5077	6299
6475	6670
5638	5529
4906	6153
5471	7389
4570	7392
5036	5879
4192	4325
6332	6842
4286	5086
5229	7160
5050	5816
1497	5224
4978	6020
4467	5497
4747	6406
5125	4795
4938	5973
4832	5087
5647	6308
3441	6452
3793	5221
5701	8014
4461	4996
4662	5752
4709	6070
4188	4905
3633	7189
4472	5331
2786	5247
4450	5331
3180	5354
4485	5326
5356	6322
4071	4189
4054	4940
4580	5788
5829	6429
4220	6114
6712	5532
4917	5257
5008	5819
4293	5267
5853	6408
4084	5046
4970	4954
6636	5428
4520	5072
2162	2534
4233	4981
2932	5267
4581	4299
6018	5091
4249	4781
4599	5390
4889	4619
4597	3990
2885	5055
5933	6286
3308	3677
4661	4881
8843	5464
5353	7563
5833	7689
3909	3718
5490	5713
4949	6127
4513	5311
6590	6772
5409	5690
3822	4244
6137	6951
4536	5808
3581	3656
6123	5684
4630	5382
5825	7090
4568	4854
4433	5321
4283	5760
5067	5870
5245	7601
4669	5597
4267	4694
6167	6065
4498	5355
4794	6124
5021	3896
5043	5493
5416	7065
6065	5598
4924	6770
4047	4374
5546	5676
4816	5740
4843	6147
5018	6620
4792	5385
5129	6322
5414	5369
4591	6029
4690	5400
4561	4586
4382	5204
4703	5736
4721	5679
4387	4832
4034	4895
3301	5437
4099	5534
7268	4490
4680	5399
4271	5270
5012	6692
4228	6595
4992	6637
4146	4235
4933	6201
4961	5342
4342	5245
8551	6677
6580	5400
5246	5805
3335	6418
2634	3209
4692	4657
2843	5915
4634	5602
3439	5952
4913	6016
6805	6668
5050	6463
4619	5095
4452	6386
3359	7269
5747	5541
4066	4800
4667	6248
4562	5681
4947	7301
3117	5965
5590	5221
5012	6549
4480	5383
4294	6258
2716	4028
4575	5233
4772	6002
4833	6524
2607	4944
1782	4671
5235	6812
3593	5619
1999	5203
4073	4689
6847	8211
4679	6526
4718	6060
5678	7257
3755	5147
4940	6792
5006	6255
3898	3533
4813	6514
3759	6105
4386	5005
4568	5746
4626	4864
3971	6257
5086	6994
4500	5807
5380	5777
4896	6182
4985	5888
5386	7640
3695	5385
6051	6458
4701	5021
2822	4208
4098	4520
4462	6850
5019	6325
3071	5133
4216	5041
3790	4487
5194	5737
4480	5676
4554	5286
5076	6248
4465	5107
7406	7386
5248	5245
4859	6265
4102	3399
4681	6052
4605	5746
3926	5251
2335	3621
3930	4356
5096	6905
5052	6224
4247	4952
4779	6306
9612	6751
4452	5078
4182	4772
6399	5941
4435	5108
4297	5203
5039	7542
5031	5095
2771	5825
3822	3653
6470	5552
5142	6292
1741	4591
4385	4746
4400	5720
2241	4559
5811	5295
4445	5885
3665	3852
3337	5702
4920	6457
5054	4963
5091	5529
4916	5690
5328	7782
3050	4949
4286	5024
4602	6099
4862	6017
4103	6168
4275	5837
4307	4807
4911	4806
7185	5275
2867	5424
5491	5349
2609	4700
4617	5666
5035	5742
4729	5620
3933	5327
4989	6648
3565	4909
5175	6915
6686	6349
4227	5077
4286	4960
9270	6505
4285	6458
5526	5340
4992	6433
3853	5513
5502	7215
3268	5045
4554	5304
5510	6576
4641	5539
2773	5789
2249	3860
4651	5276
3718	5459
4502	4731
5268	6391
3455	7407
5223	5169
4824	6268
5332	6926
4916	6056
5251	5567
4775	5809
1889	3977
6203	4333
4270	4899
4545	7339
5276	6512
3383	4512
5172	5967
5047	6045
4605	5563
5246	5131
5451	5613
4687	6087
3265	5260
3212	5922
4791	6626
2754	5071
5202	7054
4570	5281
5483	5379
6541	5010
5227	5385
4852	4622
4828	5548
5512	4324
4707	5535
4803	6015
5707	7125
4522	5700
3732	4144
4740	5858
5640	6103
4666	5726
4735	5778
4764	5710
5740	5821
4599	6236
5024	6054
4710	5199
4596	5689
4706	5992
5740	6287
4791	5551
5861	6853
4671	5877
3438	3291
2704	2961
4285	5051
4393	5217
6321	8155
4146	4905
4668	5728
3840	7066
5253	6452
4500	4916
4202	4902
2527	5989
4281	4690
4873	5528
4275	5131
5036	5756
3108	5677
5177	5266
3231	5487
5048	5137
4330	5070
3706	5370
4347	5573
5122	6548
6292	6257
5353	5707
7222	6286
5880	6654
5597	7135
5633	5377
4580	5795
5450	6518
4884	6470
3279	5317
4768	5796
4523	5188
3966	5389
3928	6703
4864	5547
4578	4884
5328	5768
4687	5176
4943	5622
4907	6192
4767	6115
5629	5801
3618	3928
4520	5459
5115	6205
4760	5999
4287	5271
4780	5418
4507	5479
4662	7137
4618	5601
4315	5280
3559	5132
4268	5652
4695	5079
4112	5184
4546	5290
3751	6879
4649	4758
5983	4745
5118	6685
4840	5456
5162	5612
4348	5063
2750	5006
4561	6018
2365	3625
4803	5886
5647	6196
6441	4675
5461	5722
4184	4955
6864	5532
3473	3912
5106	7051
4525	5597
4581	4498
4815	6137
5289	4307
3661	5109
4651	7401
4362	5400
4902	6066
5019	6292
4267	4562
1813	4092
5056	6848
4919	6163
4791	5559
4503	5946
3731	5554
2955	5255
5502	5653
9326	6674
6078	5960
4495	4054
3973	3996
4537	5625
5486	5313
5180	4577
3918	6167
3334	5978
4476	4931
5016	4638
5974	5832
4634	5659
4868	6349
3526	5464
6233	5828
4264	4829
1768	810
4263	4852
5019	5403
4303	5737
4572	5452
4062	4288
7898	4830
5116	5745
4397	5466
4844	5753
4787	5322
7210	6391
5360	5333
3862	4182
4744	5504
5555	6112
5137	4921
6597	6463
4424	5209
4481	6013
4324	5349
4353	5413
5206	6922
4931	6180
5084	5037
4793	5289
4503	4936
2925	3652
5138	6101
4685	6406
4252	4618
3382	1837
4880	6436
4773	5867
3345	5060
8062	5720
4333	4850
4727	5521
4952	6164
4568	5140
4228	4647
4760	5972
5626	7581
5243	4117
4939	6190
5449	5392
3410	5714
5173	7675
4452	5472
4715	5711
4794	5672
4501	5492
4501	5254
3999	5010
4910	4251
4999	6298
4726	5588
5139	7020
2942	6119
4305	5232
4728	5612
5526	4776
3637	6930
5086	6465
3523	5240
6091	5579
5441	6386
2892	4975
4765	5613
4941	6642
4023	5097
4621	5319
4654	5926
4963	6249
5796	6562
3691	5446
4555	6398
4695	5948
4756	5180
5621	8409
3271	6279
5647	6574
6009	6007
3850	4363
4463	5890
5129	6825
4179	5375
4788	6144
5027	6596
4383	5260
2734	3643
3756	2594
3222	3397
3352	4644
4499	5760
5017	6548
4709	4997
5178	6307
2660	3316
4313	6489
2547	4683
5569	6258
4442	5149
4803	6797
4515	4356
4716	5576
4764	3280
4560	5624
5020	5854
5457	6535
4587	5620
4715	4703
5380	5654
5632	5443
6473	6333
4711	5952
4541	5193
5187	6020
4849	4687
4625	5368
4341	6169
5340	5855
5252	6571
5418	5734
5776	6220
4931	6447
4943	4536
4738	6119
5007	6147
5469	7162
4576	5176
4914	5434
3986	4181
3880	5945
4775	5728
3088	5704
5061	6151
5001	5823
5604	4823
3899	6120
5526	7094
4943	6032
4398	5115
5075	4926
3706	3531
3906	4796
4244	4393
4350	5592
5208	6974
3388	6499
5228	6690
2646	5210
6607	6300
2992	2675
3881	5197
4872	6218
4951	7274
3066	5369
4794	5947
4569	5596
4963	4889
6178	5914
4566	5152
4995	5392
4440	8210
4424	5185
5452	5536
4748	6222
4383	5733
3600	5946
2416	557
4674	7388
4815	6094
5471	4550
4144	4545
5102	6030
4356	5398
4554	4663
4465	4236
5195	7499
6296	6382
4992	6535
4314	5010
3480	6142
4711	6086
5545	6708
4857	5927
3516	5547
3345	6331
4674	5628
5944	8883
5484	6036
2551	6347
3330	2149
5842	5829
4868	5612
4047	4752
6086	5792
5420	6655
4490	5160
4827	6505
5746	7058
4407	4917
4483	5385
5077	5034
5772	7974
3750	4182
4340	4927
4472	4914
4742	5307
4753	5152
6531	6908
4241	5994
4915	5946
4089	4804
4263	4687
4699	5357
4321	4829
4693	5603
2954	4968
4573	6077
4780	7132
4072	5216
4264	5213
6156	6927
5090	3895
4678	5382
5590	7043
5846	5561
4753	5469
5883	6050
4929	7281
5622	3938
4118	5074
4684	4945
5511	5170
5107	6127
4475	5855
3803	5021
6232	7681
4132	5571
4036	4172
4868	5267
5693	6074
2096	5580
6162	4989
3632	5697
4974	6315
4653	5629
5088	5645
5674	7306
5618	5669
5323	5350
4536	5352
5171	6778
4124	3998
6864	5379
6048	5070
5001	6001
4611	6427
4460	5337
4856	6346
3816	6011
5526	5664
4868	6600
4287	4936
3828	6826
3715	5230
4697	6013
4759	5249
3721	4550
6482	6507
4827	5871
4675	6798
5069	5580
4136	6165
3227	5692
4771	6358
1846	3954
4659	5889
4868	5630
4679	5942
4989	5809
4324	5124
3320	5785
6393	5817
4372	5417
4431	4804
4260	4925
4951	5783
4689	5832
5921	4441
4985	5583
6415	6302
4094	4416
4192	4789
5026	5699
5158	6026
5642	5053
4592	5649
5041	6842
5997	6375
5403	6999
4895	6138
5362	5585
5797	7692
3715	5976
4615	5019
4950	5672
4647	5339
3707	3890
2353	5642
5027	5987
4489	5574
5108	6471
4574	5876
4775	6971
3019	5840
5469	6204
4807	5791
5056	6738
5185	5785
5044	6973
4550	7166
5105	5832
3411	5489
4208	5108
4740	5193
4937	7310
2313	4437
4993	6364
5350	7312
6194	5784
4328	5104
5189	5522
4955	6117
4456	4879
3467	6258
5677	5990
5020	5770
4327	4724
3763	3800
5129	6489
5053	5563
4898	5809
3496	6755
4709	5929
2660	5728
6175	6683
4666	5435
5952	7211
4299	5446
4532	4534
5259	5224
5347	6923
5349	5544
3830	5832
6505	5627
4517	4113
6135	5683
4028	4941
5199	6203
4121	4770
5707	5521
5019	5179
2839	4866
5185	6305
4511	5778
4966	5295
3874	6356
4088	6940
4914	3939
4628	4882
5169	6876
6033	6565
5782	6867
4180	5279
4624	4258
5070	6933
4538	5605
3957	4393
3610	5309
4372	5345
5173	6947
3161	5703
4755	5960
5224	7223
4874	5915
6053	5189
5360	6411
5538	7523
4826	6520
2622	5480
6105	6228
4588	5212
4185	4992
4856	5916
1895	3892
4193	4263
3655	5053
5367	8471
4857	5639
5223	5065
3716	5974
5211	6230
2107	4648
5398	7536
5803	7817
5340	6501
5247	5085
4180	5061
6242	5972
3477	6307
6344	5784
4404	5257
3906	6476
5182	7079
5348	7035
4820	5834
3585	5195
5975	5214
5114	4787
4009	4597
4484	5522
4254	4847
5694	5435
4518	5352
4126	5984
1511	4905
5169	4953
4567	5391
6408	5394
4507	4775
4474	5428
5234	6423
4804	4968
4981	5455
3283	2549
4558	4386
3601	7293
4357	6520
4765	5984
3929	5185
4431	5094
3418	6790
5055	6880
6598	6261
3002	5280
2115	5430
5890	5434
5761	7212
4212	5735
4185	4845
4054	4240
5523	4441
4300	4823
4904	6005
4515	5330
3636	5592
6715	6375
3961	4588
4387	5976
3960	3873
3465	5488
4895	6185
5505	6021
4894	6438
4333	4427
3099	6377
4578	6326
4487	5530
4301	5714
5124	5404
4234	4287
4585	6285
5007	6033
3959	5904
4815	5954
5290	6622
5298	5504
4935	4492
2822	4951
3843	4413
4498	5721
4415	4597
4131	6478
4483	5398
6649	8842
5023	6227
5628	4749
5092	5382
5627	7954
7088	5918
5893	9125
5127	6813
6257	6537
5480	5889
5452	6217
4705	5387
4198	4843
5276	5449
4727	5758
4740	5588
4882	6244
4115	5726
4657	6334
4325	5129
4712	5758
5377	7401
4725	5818
4301	5115
3355	4859
4199	4484
4364	4836
4560	6125
3259	6721
6639	5195
3414	4912
3967	5989
5715	7875
4446	5321
4054	4292
5768	4515
4436	5139
4471	5466
4682	7269
4286	4960
3633	3557
8575	7718
5589	5817
4855	6472
4084	5934
4782	4725
5372	4967
4803	5420
4713	5527
4867	6023
4904	5270
4315	4266
5479	5068
4650	5528
4569	5366
2840	6491
4545	5846
4399	4863
4066	4857
4646	5695
4540	5253
5039	6903
4645	5729
5997	5919
3201	5303
4974	6282
5375	5765
5040	6286
5487	6612
4252	5547
6308	5726
5292	7493
5398	5329
3668	5254
5146	5647
4627	5776
4437	5100
5360	8043
3047	4048
5111	6614
4661	5997
5368	5933
4393	5450
3912	3804
4380	5790
5756	6079
5172	7243
3565	3631
3999	4574
5821	5228
5250	5922
4988	6163
4239	5134
4739	5346
4902	5235
5529	6063
4727	6198
3607	6005
6796	4776
4346	4332
5009	8654
5516	8065
5517	5582
4953	6267
4896	6075
5689	6362
4310	5096
5480	6033
3027	4640
4569	5682
2941	4834
4781	6129
4917	6860
4369	5082
4507	5550
5373	5028
2750	4238
4614	5867
3620	5859
4515	5726
3230	5589
2940	6599
5261	6176
5927	4989
5724	4773
4489	5691
4476	4689
4948	5703
5258	5941
2387	5753
5530	5902
4341	5216
4113	4133
4570	7472
4091	4608
4788	5863
4331	5777
5173	5205
3932	4375
5355	6405
4899	6008
5171	6217
8459	4604
4441	5325
5316	5539
6641	6764
4870	5150
4919	5988
4729	5783
4923	6014
4003	4759
5600	8118
4769	7301
5040	6589
3873	4997
4766	6315
5316	5606
5119	7149
3333	4925
5418	7553
4472	5296
4877	6315
4651	5453
5773	8194
5223	5172
5675	5502
5026	6480
4549	4867
5354	7503
4484	4855
4929	5789
4863	6582
4843	5545
4858	6724
5152	4986
4677	6146
4876	5690
4152	4710
4516	4985
5876	8593
4984	6612
2489	4789
4531	5641
4708	5516
4374	5108
4376	3598
5728	5040
3474	4457
4402	4648
6362	5796
4329	4995
4691	5561
5575	7967
4802	6739
6897	8220
4466	4750
3607	4138
4457	5813
5217	6056
4836	6102
5371	6998
5139	5731
4642	5171
4943	4450
5010	6367
5120	6315
5876	5584
6328	5667
4012	4899
5496	7387
4770	5577
4335	4854
5909	8425
4667	5945
4300	6008
5202	6819
4931	6571
4715	6253
5362	7316
4414	6230
5168	5582
6605	6450
4758	5999
4814	7063
4903	5471
4159	5865
5241	5354
3191	5614
3778	5175
4943	6207
6466	5103
3532	5606
4108	4164
2023	6018
4879	6017
5944	5838
5644	6561
4872	3617
5317	5890
5082	6419
4658	5492
4546	5172
3456	2936
4811	5869
4616	5406
4662	5879
4795	5822
2636	6976
5217	7024
3876	4734
8614	5056
5869	4801
4478	5274
4609	5572
4910	5965
4756	5641
4205	4867
5325	6499
5046	6496
4779	4599
5715	3787
5651	4757
5127	5721
6558	5287
6591	5706
2869	4664
4326	4868
4876	6279
4522	5869
4794	5183
4949	5690
4773	6758
4330	4605
2607	4996
5364	7520
4986	5723
4888	6274
4862	6319
5663	5639
4440	5384
5006	5134
4713	6075
4657	4295
4846	5773
4359	5237
4892	6811
5432	5296
4629	5777
4864	5757
3239	5550
4459	5369
2693	5427
5421	4944
5003	5528
2056	5059
4485	6353
4766	6407
2584	4791
4699	5840
4685	6171
5849	6928
6412	4645
4656	5352
4709	6366
5217	6792
6230	5751
2415	5036
3318	6110
5503	7612
5318	6796
2170	3378
5514	7080
4877	5441
6390	8472
5117	5462
2608	5162
5108	6472
4635	5821
5382	6823
5300	5803
3920	6540
4450	5675
4946	6445
4515	4605
4740	4607
4315	5341
4830	5065
3571	4417
3891	4351
4637	4235
5092	5103
2687	6554
4509	5680
5171	6484
6470	9999
2822	4969
4129	4674
4732	4670
4280	5391
3636	6038
5185	5724
4316	4486
4187	5286
4545	5369
4986	5864
4589	6175
5890	5695
5103	5308
4360	5103
4957	5405
5004	6041
4603	5083
5368	6355
3865	5809
5311	5634
2714	6222
4876	6147
5052	5910
4746	5869
3558	6695
5461	7196
5469	6432
3929	5508
7215	6655
4892	5878
6180	7551
4192	4757
4785	5967
4333	5300
5302	6906
5603	4443
5483	5381
6079	5240
4364	4800
4594	4984
3420	3172
4935	5815
5877	5375
4711	6008
5975	5481
3970	4516
4618	5897
5406	6400
2954	5289
5421	5346
5102	6195
4995	6622
4843	6547
7800	6170
5729	6088
5525	4620
4659	5352
2519	5344
5429	6357
4110	5438
4953	5018
4999	6077
3526	1280
6009	7449
3950	5745
4099	4160
3980	6271
4774	5902
4456	5092
4965	6549
4214	4865
3063	3674
4657	5436
5441	5339
4692	5956
5856	6091
2618	4797
4688	5905
4535	5278
4803	4602
4427	6119
4453	5144
5159	5009
5086	5054
2214	6658
4957	6469
3815	3914
3472	6622
4978	6241
4531	6155
4386	5020
4494	5352
4733	4692
5453	5543
4848	4825
4806	5286
3540	6227
4307	5197
4844	5561
4412	4780
5062	5893
4586	5910
6035	5953
6623	7717
4963	6573
4279	4488
4980	6411
2233	6072
6325	5831
5921	5504
6793	5775
5492	6370
5190	7046
4451	4996
4552	5515
4428	5672
4944	6244
4370	6398
4213	4897
4561	5235
4587	5933
4402	5988
4093	5358
4982	6230
4823	6780
4705	5314
4543	5273
2474	5855
5169	5971
4253	4599
5306	7710
4974	6152
2994	5224
4702	5446
3714	5593
4707	6234
4642	6702
4251	5064
4331	4985
4542	6511
5457	7318
4388	5153
5884	4839
4537	5976
2697	5611
3012	5276
5795	7259
4156	4137
4695	5800
3302	5086
5032	6414
4830	6121
4660	5313
5754	6042
3530	6893
5827	5751
3897	5493
4459	4679
4801	5455
5954	5718
7692	5864
3846	4242
4944	5652
5452	5736
5070	6209
2946	6091
4869	5559
4095	4522
4603	4909
4799	6113
3547	5625
3880	3589
4750	5084
5596	7662
3770	5409
4618	6073
5859	5150
4418	4935
6777	6188
4261	4333
5250	5401
5673	7097
4165	5086
4724	5779
7073	7819
4651	5483
4385	5636
4939	6679
6682	8450
4060	4449
5493	7067
4309	5539
5014	6285
4986	5810
4438	4382
6980	6594
5261	6934
1635	3369
4320	4964
4882	6741
6159	5308
5205	7431
4859	5828
4917	6637
4834	6408
7407	6481
5155	6687
4787	5524
4978	6452
6315	8196
6529	6202
4933	5650
4592	5731
4650	5290
6905	6024
4265	4320
4827	5556
6029	4967
5523	7228
5055	4577
5699	6682
7096	5268
4584	6023
6746	5057
2940	5506
1835	4923
4004	4388
4523	5272
5030	6192
6544	5444
5266	7129
5087	7185
4303	4110
5607	7500
5457	5929
4669	5676
3130	6359
4372	5777
5191	5424
4923	5751
4735	5473
4433	7019
3508	3680
4487	5289
4537	5761
5587	6654
4818	5884
4669	5319
4250	4574
4579	5686
5316	6625
2562	5697
4544	6666
2807	6316
3058	5593
4719	5983
4931	6409
2106	5220
2177	4913
4566	5194
4383	6424
4647	5235
4699	6391
4926	6305
3963	3796
4878	5511
2633	4668
4659	6032
5298	5847
4676	5086
8671	5206
3596	6272
5928	6172
7517	4379
6950	5447
4790	4904
4944	4598
4222	4818
5080	4066
3603	6271
4736	6084
5531	6598
5224	6224
4317	5246
5052	6783
4744	6121
4669	6072
4047	4727
3781	6148
5302	5775
4835	5465
2469	5527
4682	5713
5919	6490
4830	6277
5393	7509
4864	5924
4836	6404
6411	4739
3768	4973
4589	6326
4255	5024
4603	5936
4145	5117
5360	7066
5831	5585
5960	6961
4574	7171
4553	5343
6204	5802
3764	5308
4177	4267
4962	5642
4489	6597
4382	5501
5421	4933
5443	6035
2971	4947
5057	6054
5361	6251
3933	4406
3471	5608
5124	6441
5358	6369
4262	4367
6049	5418
6584	7905
5646	5635
3827	4252
4179	4105
7192	6192
5817	6412
3784	4992
4705	5293
4664	5691
4882	5753
3663	5263
3598	6388
4712	6906
4665	6689
4972	4983
4642	5496
4329	4484
4595	5157
4867	6317
4442	5608
4495	4998
6213	5799
4779	6135
4791	6166
3695	4732
4799	4460
4665	5992
4879	5835
4789	5881
3857	7181
2542	3761
5746	6725
4246	5585
3898	6315
5894	5366
4860	6118
4868	5780
5310	6500
6159	7629
4867	5660
4764	6713
4455	5685
4926	5849
4294	4822
4345	5533
5455	5651
3375	7099
4523	5343
4998	4288
2015	5306
5482	6354
4593	5307
5664	6807
4429	5429
6351	5795
4487	5762
4489	5781
4875	6720
2640	3703
4989	6906
4126	4106
5933	6442
3906	6796
5374	6852
7018	7289
3118	5282
6551	5649
4230	6419
4316	5473
5940	8057
4851	6770
5471	7521
4744	4878
4282	5519
5108	6439
5666	5062
4441	6868
6416	6446
2894	4885
5230	6968
3976	4648
3277	5546
4510	5033
4424	5276
4985	6145
5142	7057
5245	7019
4614	5872
4535	5423
5528	6586
5312	5970
4592	6046
6149	6260
4175	5156
2823	7199
4157	4616
5377	6306
4877	6090
4922	5449
4272	6531
4824	5623
4436	6121
5663	5734
4597	5170
4339	4650
3871	5235
6041	7804
5070	6559
2668	5365
4160	4587
4636	5184
5952	5624
4512	5535
4732	6672
4267	5283
6332	6260
2910	3971
5405	5619
6182	6892
4614	5180
4087	6763
4415	4672
4669	5904
4238	5653
2381	4648
5423	6605
4190	4571
4790	5753
4805	5604
5617	4770
4032	6836
6311	6321
4332	5715
2685	4159
5004	5875
6870	6816
4460	4995
5715	6896
4925	4700
4793	5783
4500	5043
4861	5494
4552	5919
3297	5559
4479	6262
4869	6098
4557	5368
4876	5519
5163	7064
5004	6680
5384	5454
5335	6750
4919	6508
3734	4333
2555	6183
2641	4754
6132	4102
2918	6731
5654	6440
4596	5855
3796	4973
5168	6453
5118	6432
5123	5930
4822	5805
3688	1705
4778	5972
5746	5909
5442	6494
2350	4954
4886	6226
3935	4357
6325	6054
4446	5479
6639	7370
3920	4987
4892	6673
4851	6310
4367	5284
2850	4331
3703	6859
4576	5168
5046	5730
4557	5661
4164	3835
5669	4906
4707	5641
8534	4243
3588	4595
6917	4507
6170	5376
5085	6299
5239	6828
3869	4083
4348	5473
5545	6337
5065	6361
4611	3728
5812	7025
4989	6148
3858	5421
5538	4660
6044	5721
3939	5717
4629	6216
4605	5752
4165	5557
5071	6970
4981	5270
2567	4253
4035	4368
5015	6081
5666	5575
4969	6257
4314	4674
1772	4632
5385	6574
6392	6063
5344	5880
5346	5459
5308	6584
4667	5793
4052	9246
4984	6356
4608	4710
4525	6035
6295	7473
4798	5349
5111	6945
4184	4791
4827	6419
4110	5708
5722	5931
5299	6108
5561	7260
4649	5384
5912	7061
3333	5360
4622	7274
3920	4739
7805	6651
5683	5966
4732	5683
5146	6668
5177	6306
4929	5476
2402	5731
4586	5526
4654	5491
5114	6586
4518	5238
4785	4286
6369	6174
3731	7047
4501	5291
5822	6314
4331	5109
5326	7187
4313	5251
4971	6309
4586	5215
4221	6213
3443	6373
5115	6950
5496	5984
4378	4822
4989	6329
4137	5252
4503	5491
4646	6821
4372	4898
5539	5688
6315	5724
3566	5948
5323	5686
4806	6012
5244	4981
5427	6053
5284	5004
4945	7394
5241	7200
5688	5950
4776	5973
4735	6254
4919	6217
3989	6142
4544	5065
3695	5884
6300	5762
3126	5196
4784	4623
6511	8367
4747	5558
3000	5063
7819	6234
4418	4893
4163	5322
3524	5964
4826	5158
6600	4884
3879	6847
4457	5072
5133	6475
7095	5179
4565	5515
5340	4597
4609	3995
2279	6453
5547	8153
4990	6225
4238	4755
4494	5660
5678	4848
4362	5042
4386	6140
4839	6364
4932	6144
4809	5869
4905	5431
4403	5494
4380	5302
5154	7186
6574	6263
4669	5874
4721	6012
4865	4846
4121	7103
5274	7162
5099	6400
4882	6264
5774	5585
4586	5271
4676	5658
4185	4947
3993	5144
4290	4513
5066	5187
4183	4485
8588	5673
4103	4161
4299	4344
4816	6932
7045	6672
4586	4872
5167	6253
5001	6192
3733	6755
5033	6170
2923	6517
4402	5086
6387	8018
5345	7611
3125	6017
8040	6946
4311	5195
5159	6894
5398	6047
5654	5811
6793	4909
5216	5452
4729	5361
4122	4713
6759	8266
4848	5577
3069	5207
4920	6666
5471	6429
3037	5323
4610	5974
3118	5151
6964	7221
3912	5696
4711	5320
4487	5803
3431	3908
4398	4840
3165	4423
3774	3927
5080	6597
4501	6953
4227	4946
4075	5362
4116	5041
2737	5916
4790	5746
4324	5599
5828	5906
5160	7107
6752	7043
4567	6106
4219	5432
3655	5677
4848	4496
4969	5547
5064	7001
4492	7279
4525	5652
8332	6471
4261	5854
5336	4944
4304	5135
4558	5357
2630	4974
5486	4238
2297	5963
2632	6294
4869	5839
4654	5236
4784	5950
5431	5834
5135	4836
4326	5056
2609	6303
4908	5520
4231	5316
5324	5184
4378	6592
4812	5106
3834	7377
4248	4822
4427	5048
4729	6038
3666	5470
5470	5627
4328	4323
4444	4183
4206	4930
5750	5147
2814	4167
4159	4715
6287	6349
4911	6357
4724	4992
4323	5982
3486	6596
5567	6344
5329	7021
6372	5197
3999	7263
5860	7026
4777	6233
4697	5190
4918	5362
6297	5883
1719	3094
3027	5482
4481	5272
5399	5178
4061	4190
2583	5392
4031	5670
6664	6427
4669	6187
4885	6152
4930	5685
2205	5130
2589	1923
5414	4824
4091	5581
3805	5392
4095	5467
3080	3206
4895	6245
6635	6268
3998	4907
5157	5964
5347	6798
4761	5415
5469	6245
4738	5181
4744	6075
4659	5989
5357	7080
4830	5272
6439	6798
3795	6000
4136	5129
2815	4611
4554	5499
4198	5186
5019	6701
4460	5515
5430	5985
5301	5680
4622	5714
4953	5953
5579	4523
5401	7380
4722	7231
5647	8315
3579	6227
4938	6207
5115	6089
3262	5690
4124	4215
4056	4505
5556	5002
4819	6060
5432	6695
4358	4952
5289	5902
5023	3054
4623	5673
4096	4589
5143	5832
5125	6429
4767	5571
6322	5640
4293	4878
4091	5485
5509	6828
3593	4948
5950	5491
4771	5302
4639	5422
4938	6191
6140	9247
4327	5206
5160	6837
4390	5407
5892	7761
4058	6001
5693	6033
4704	5955
4749	5791
5927	7738
6607	6434
5380	6978
5720	5685
4971	6168
5568	5541
3914	4711
2827	4673
5038	5643
3252	3391
4713	4949
4014	3698
5071	7322
5310	5310
4471	6480
5057	4554
3068	5736
5217	6770
6025	5993
4827	6225
4213	5029
5186	6851
5980	6114
4670	5287
5574	5618
4836	6102
5527	4880
5263	5004
3553	5156
4708	5737
6267	5976
3741	5957
3121	5539
2824	6315
4667	6050
1336	3733
4814	4253
5480	7350
4451	5251
3340	5964
5038	6471
3466	6125
4133	4758
4875	5900
5342	4864
6976	6604
2430	3996
4693	5227
5003	4443
4863	5882
5383	6891
7028	6624
5807	6088
6450	6439
4388	5086
5706	7775
4427	5083
4467	5292
5865	6666
3047	3544
6383	6914
4719	4708
5142	5531
5128	5429
3941	5041
4428	5305
5116	5570
5735	6019
4477	5939
4347	5356
4429	5324
4925	6202
6737	7153
2926	6780
4355	5142
4672	5825
4315	4864
3438	5601
4592	5518
4923	5543
4494	5186
4392	4449
3356	6703
3694	6219
3918	4641
3481	5531
2724	4410
4665	5209
5637	7410
5285	4810
4851	4717
4120	4483
4499	5772
4019	7613
4878	5940
5640	5307
5948	5162
4730	4544
4340	4462
6494	6818
5744	6324
4993	4517
4979	5884
4024	5622
4985	6156
3302	5722
4419	5047
4859	5814
4663	5096
4857	5954
4886	5942
3926	5621
4831	6063
4017	4013
3890	4501
5039	6638
5262	6013
5367	6842
4407	5094
4747	5682
4532	6028
2626	4387
5402	5413
4090	5751
5771	6036
5324	6678
8537	5284
4152	4660
4708	5191
4882	6743
4381	5414
5059	6253
7892	5823
4446	4849
4716	5506
5036	5548
6101	7407
3788	3499
5690	5865
4834	5215
4588	5564
2394	4657
4640	5422
4898	7065
5779	6765
4633	5539
6166	6543
5584	5599
5699	5851
4720	5316
4045	6071
4550	5839
4145	4267
3594	5418
4888	6385
4787	5855
2858	5187
3151	6724
4942	6077
4685	6679
4618	5537
4327	5245
4314	4964
3287	6060
4364	5046
6703	5839
4420	5459
6126	4875
4912	6503
3060	5915
6698	5748
4392	5122
8749	5948
4526	7331
3066	6112
4879	6612
5381	7728
4398	4613
4584	5278
3530	6021
3947	4844
5370	5798
4949	5791
4727	5825
6033	7087
5478	6180
4865	5784
5240	6441
4983	5347
3821	5121
3527	4735
3428	4689
3504	6539
4423	5096
4677	5962
5312	6985
4727	5683
5702	5716
4715	5735
5295	5671
5325	5498
4316	4524
5641	6483
4176	6025
5591	5860
4676	6550
4670	5690
4453	3877
6078	6610
4709	6169
5299	5716
6279	5645
4408	4246
6059	5879
4906	6265
5184	6731
3457	6041
4570	5584
3401	7211
5171	5438
4684	4846
4514	4565
4838	5430
2598	6484
4169	4870
4862	6016
4382	5126
7820	6348
5092	6198
5288	6689
5054	6342
4105	4366
6059	7067
5828	7357
4434	5748
5352	5572
4464	5364
4475	6086
3910	6031
4495	5725
5679	8543
4340	4940
5007	7409
5112	6892
5387	5668
5170	5045
4400	4391
2461	4898
2394	5780
4628	5780
4460	4925
5800	6038
4529	5423
5447	6157
7283	6619
6801	5996
5828	6285
6121	4700
7307	5716
4580	4769
3988	4248
4355	5271
4921	7122
4826	6540
4829	6176
4627	5521
5000	6429
5240	7070
6648	6034
2790	6338
4726	5795
5207	5425
5893	5532
4393	5555
5493	5776
6567	6269
3217	6000
4645	5482
3711	5960
4874	6232
3830	3685
4047	4428
4914	5387
4845	6710
4453	4503
2699	5225
5168	6645
3272	7140
4507	6101
6461	6348
4754	7878
5375	5508
2485	5447
3202	5939
4336	5757
4272	6104
5999	5908
5452	4962
2984	4172
4765	5647
3944	3875
5553	6783
5069	7084
5947	4631
4525	5211
4795	5538
3897	4803
3623	5833
6626	8013
3344	5190
4250	4293
4483	5248
4903	5544
4793	5855
3363	5425
4496	5708
4973	6159
3900	5560
6090	4673
5497	5973
4991	4902
4045	4908
5133	5328
4264	5362
5771	7233
1640	2460
4296	4886
5126	6745
4442	4981
2288	6691
4826	7258
4732	6273
4751	6094
6223	6033
4873	6604
5067	6041
4983	5742
3796	4800
4944	6301
1981	5369
4249	4921
5255	7147
2803	5086
3697	6261
4945	6313
4631	4567
5100	4837
5929	5840
4294	5376
3391	5429
3950	4582
5550	5005
4809	7039
4186	4360
2743	5847
5071	6948
4492	5209
4425	5062
3630	6178
5327	5744
4942	5960
4356	5704
4433	4357
4932	5888
4698	5562
6220	9724
5027	6442
3392	5209
4460	5068
4027	5044
4299	5580
5267	7633
5127	6789
5829	4815
4766	6400
4361	5285
4532	5893
4907	5869
9699	7286
5510	5199
4022	4913
4702	4765
4590	5669
5434	6692
4840	5563
5405	6643
5612	6205
3708	5688
4933	6806
2787	5210
5041	7299
4049	4505
3375	5089
5015	4072
5583	5265
4507	5759
5269	5324
4638	5761
5112	5664
4388	4950
5261	5836
4011	6000
4920	6022
3689	5750
4500	4623
2954	6745
2832	5188
5970	4995
4300	4774
5341	5772
5879	4855
3477	2783
6307	6073
3561	2943
4566	5055
4630	6271
2792	3464
5352	6689
5090	7000
9999	8290
4677	5872
4478	5607
5378	5602
4871	5949
4364	5435
5138	6138
4642	6319
3065	7104
4757	7859
4577	5589
4425	5498
3941	5365
2065	5599
5532	8054
4885	5369
2269	5517
4819	6259
9441	6201
4946	3971
4506	6106
6225	6374
5271	6147
3339	6138
4834	5788
4532	6884
4509	4860
4445	6208
4060	4213
4406	5250
4165	5173
6251	5747
4500	4968
4070	5757
3867	7188
6219	6398
4404	6006
5006	6253
5744	6162
4880	6465
4381	5113
4145	5474
2303	5495
4863	5842
5556	5956
4517	5124
4910	5660
4687	6539
3067	5683
4244	5973
6262	5884
4676	5540
4702	5137
4828	4912
4173	5647
2698	6084
3563	5638
4831	5636
2636	6300
4735	6090
5528	6542
4232	4865
1827	4973
4700	5232
5212	7989
5520	6709
3185	6240
4306	4843
3762	5762
5892	6349
5200	6174
4689	5554
5843	7401
3653	6283
4461	4779
4703	5517
5281	6090
5084	6735
4082	4679
5432	6910
5631	6117
4888	6193
4211	5357
4638	5183
4157	4639
4585	7263
4983	6808
5587	4958
4598	5283
4152	7199
4858	5842
5002	6377
4063	5834
5010	5208
6613	5631
4312	5051
3590	5616
5443	5404
4124	5081
3978	5104
8850	6224
3771	3773
2926	5890
3791	5587
4924	6481
6583	6089
6565	5839
4877	6419
4413	5500
5490	5811
5205	5581
6752	5519
2802	4474
4368	5296
4154	4289
4572	5465
6341	7315
4947	5669
4735	6638
6242	6453
5358	5164
4216	4899
4742	5796
4729	6260
4836	6781
4929	5956
4757	6289
5541	5844
4702	3932
4991	4748
6288	6200
4597	4984
4653	6078
2738	5355
5205	6962
3841	4128
4513	5335
5107	6026
5712	5160
4366	5863
4354	4900
5808	6635
4527	5927
3687	5404
3075	2543
5203	5079
4625	6594
5160	6589
5162	6812
2596	6536
4048	4590
4712	5492
5170	6778
4967	6743
4180	4911
4227	5432
5292	7171
4806	5319
4072	4289
3236	5033
4674	5611
3102	5885
4942	6248
5371	6246
4334	6577
4537	5409
5011	7001
4494	5212
4755	6609
4110	6420
3948	4667
2869	6045
4923	5109
5070	6308
4457	6353
4563	5521
4890	6256
4422	5098
4733	6172
4257	4801
6227	7936
4298	4748
3077	5860
2863	5967
4944	6497
8452	4440
4772	5792
4603	5482
3415	5887
