1	1
1	1
1	1
1	28
55	1
180	1
558	75
1	1
1	92
1	17
89	1
75	413
1	196
170	1
100	1
13	1
1	47
2	1
1	82
1	1
112	1
1	1
202	1
22	1
1	1
11	1
183	24
1	1
1	1
54	432
575	344
22	40
60	588
1	1
1	1
42	1
100	3
61	13
51	64
1	54
1	1
243	173
124	1
1	15
106	25
344	409
46	1
1	457
13	28
1	1
1	21
1	1
1	170
16	96
1	100
4	125
1	25
1	1
73	1
9	1
1	1
1	25
1	308
1	145
19	1
1	181
1	1
1	1
141	8
1	1
1	1
95	1
1	1
59	119
3	194
156	1
244	1
159	1
107	1
42	1
1	94
33	31
1	182
21	1
1	1
1	1
375	36
145	1
167	1
2	1
1	1
331	26
1	59
1	1
1	295
2	1
1	1
465	1
88	1
178	1
1	1
72	269
1	1
86	36
112	1
1	34
1	1
311	1
1	1
1	27
1	1
1	1
278	1
75	128
21	1
243	1
224	1
30	14
84	1
1	65
1	1
1	21
82	663
1	232
32	1
1	1
125	1
1	1
537	1
284	12
24	1
53	437
1	97
1	29
105	61
74	1
12	1
1	1
16	1
1	1
109	1
36	257
60	688
1	1
318	31
27	1
281	1
1	593
228	1
190	1
1	1
9	1
128	1
104	9
49	1
107	1
1	3
117	38
198	24
54	14
1	51
13	1
13	1
65	1
317	40
1	315
1	1
1	56
648	7
29	37
312	1
1	1
418	38
1	56
66	85
1	9
243	1
1	8
109	1
8	550
1	126
38	14
1	1
1	147
1	1
1	35
41	1
21	73
238	1
1	9
14	1
1	1
1	8
172	1
1	1
154	6
2	1
1	1
30	58
490	1
34	1
84	1
1	1
151	1
1	30
1	70
262	160
12	4
78	1
139	1
77	90
36	1
1	266
1	1
1	42
1	17
1	1
1	15
1	37
115	1
1	1
68	33
1	35
9	146
423	106
1	92
1	416
3	1
1	123
1	69
205	29
642	178
13	174
220	26
12	119
75	86
1	11
1	1
1	1
114	342
1	299
1	1
517	1
1	1
1	24
115	1
1	1
1	1
1	229
1	1
187	1
12	1
1	1
1	1
1	1
37	1
1	1
1	128
1	121
80	21
1	427
1	1
67	1
17	116
18	64
1	4
1	3
49	1
1	321
38	1
130	19
23	156
90	1
249	447
69	1
66	1
1	255
44	1
495	1
70	1
410	96
25	1
1	53
1	1
21	1
1	679
67	94
1	8
78	1
1	7
1	1
280	1
1	525
1	1
1	1
1	67
1	1
127	1
1	1
1	308
1	33
1	1
1	8
10	28
35	1
62	1
1	1
1	161
20	217
210	537
3	661
1	50
54	7
1	245
1	6
205	346
1	1
1	1
57	1
193	87
31	1
200	11
7	30
1	1
41	1
1	9
1	1
47	35
330	14
366	1
1	526
1	1
243	1
1	1
1	1
318	1
1	1
1	49
1	85
1	1
206	1
30	1
1	1
11	76
160	41
340	1
1	135
375	2
1	1
130	76
1	43
37	1
11	72
1	1
1	271
154	141
1	58
1	39
1	1
2	159
77	42
1	1
1	92
44	5
207	1
1	212
1	1
1	1
1	1
1	351
1	1
1	235
1	1
27	1
470	1
1	18
1	1
1	21
55	1
158	26
69	11
1	354
32	28
56	1
11	1
59	1
1	126
1	1
1	6
1	1
1	40
3	1
1	1
1	1
1	29
485	98
65	12
1	107
14	1
1	8
351	1
1	1
367	1
549	89
1	5
266	1
1	9
1	1
41	178
565	1
1	226
190	1
1	7
1	1
132	62
45	134
1	1
1	1
1	99
1	131
1	207
4	427
1	5
7	1
83	142
1	10
1	1
75	69
1	1
127	1
79	1
1	1
1	33
1	1
3	44
1	1
1	1
2	1
1	26
1	69
1	1
49	510
240	3
36	1
1	205
1	105
1	319
68	1
1	1
1	1
1	1
133	1
1	1
54	1
503	1
171	1
110	1
1	416
1	476
90	1
4	248
1	1
1	16
120	1
48	1
1	1
216	141
1	278
2	1
13	1
74	123
37	358
19	1
1	10
1	458
77	1
288	1
75	1
61	1
18	425
1	203
9	140
37	1
77	121
78	1
97	6
16	44
2	1
12	365
14	1
1	1
1	5
1	1
1	167
466	64
22	106
90	1
297	42
130	1
1	1
1	45
234	1
292	1
1	276
1	17
1	16
571	1
1	168
60	1
1	21
9	10
1	1
162	1
1	1
56	1
1	1
210	1
1	1
1	1
1	1
191	1
40	113
1	15
1	1
1	1
1	1
1	1
70	1
1	469
11	1
1	35
1	20
1	1
14	1
15	141
1	591
1	1
1	1
119	1
1	1
14	25
220	175
1	453
1	43
1	1
2	29
483	1
29	1
1	1
72	1
26	179
325	1
1	1
493	1
1	1
1	23
1	33
32	336
1	17
220	1
322	8
49	28
1	1
1	178
1	1
1	1
1	1
1	373
127	214
1	1
1	1
311	112
367	1
1	1
140	1
1	36
1	43
1	156
15	1
1	1
1	5
58	1
1	1
9	65
1	22
181	70
1	158
80	8
1	1
61	21
135	360
163	29
1	1
1	1
1	1
23	487
145	9
273	1
1	1
26	591
1	132
11	118
253	1
1	139
16	1
21	1
8	90
483	132
36	1
1	317
122	1
1	2
1	1
1	1
28	1
1	82
1	79
244	1
156	153
128	153
38	1
8	1
1	1
1	1
1	40
1	1
1	109
1	1
1	176
466	1
1	1
16	212
17	36
102	73
1	1
301	1
356	97
1	179
1	1
1	1
1	1
1	450
1	54
1	338
24	22
296	302
7	216
1	59
39	1
26	68
1	32
1	1
69	260
1	98
4	1
110	1
146	38
46	123
1	1
1	1
1	196
13	1
1	1
1	1
76	64
1	37
3	11
1	1
32	34
1	16
14	9
62	3
8	2
1	7
1	1
11	1
1	1
1	238
327	28
369	1
13	1
121	20
1	1
1	1
47	44
1	1
1	21
1	1
1	13
1	42
1	209
1	1
6	233
1	32
105	72
1	545
1	1
1	41
55	1
296	1
1	51
1	7
87	69
1	12
1	1
1	1
1	1
1	66
36	59
7	23
73	1
369	1
1	1
1	33
6	26
34	111
33	350
43	89
1	66
9	591
1	1
7	1
305	193
277	1
1	1
438	4
20	67
29	1
1	529
421	1
1	4
1	26
54	572
1	11
459	1
9	342
1	1
12	1
1	1
146	525
93	1
1	1
306	1
1	224
1	51
61	1
323	1
6	1
1	215
1	5
29	48
1	179
1	12
1	53
1	165
1	25
1	19
44	5
1	338
170	15
1	1
58	1
1	1
239	1
1	1
1	1
1	1
1	1
341	188
1	1
1	1
287	90
83	515
1	505
116	48
124	408
349	1
1	5
1	109
170	6
7	1
11	364
32	1
1	37
84	68
1	68
1	1
78	111
1	20
82	591
7	1
1	1
421	1
1	1
88	665
288	1
1	1
177	116
1	84
1	1
173	1
286	130
185	1
3	1
1	54
1	282
1	1
1	1
227	1
1	60
230	62
1	1
108	1
1	1
1	1
5	186
1	237
1	354
1	1
6	1
129	1
1	132
7	502
15	274
1	34
343	273
63	1
240	268
136	1
130	43
1	1
47	1
1	1
1	1
1	1
1	1
184	1
453	84
1	1
37	222
123	56
377	357
7	1
1	52
60	1
1	89
1	1
122	389
1	1
1	26
306	232
21	31
507	1
32	1
1	314
38	1
1	87
23	1
360	55
1	1
558	6
1	1
1	26
1	1
1	56
145	1
1	1
59	10
1	1
1	1
15	1
144	257
1	1
126	1
484	24
33	17
1	64
1	31
200	97
408	1
1	1
319	1
1	1
1	25
66	1
131	1
1	22
73	1
1	87
1	68
1	42
17	1
556	379
23	1
1	82
4	1
173	44
1	1
40	468
23	67
546	1
1	36
551	1
1	37
1	122
1	1
49	489
225	1
1	1
1	154
1	1
87	117
9	28
131	126
1	230
288	1
290	28
82	39
3	1
1	1
1	25
3	112
94	1
1	1
1	1
80	1
1	1
1	109
1	1
113	1
1	1
1	1
1	19
18	70
154	1
14	42
1	11
1	1
1	185
4	15
186	33
13	1
41	10
175	397
63	33
125	1
208	15
1	1
16	16
1	49
1	3
21	62
17	3
365	39
1	22
504	59
1	366
479	51
1	96
1	1
11	254
164	1
1	1
61	46
138	1
1	38
1	1
27	1
1	1
1	459
44	1
13	1
364	138
108	1
11	118
233	1
1	1
6	1
108	13
1	102
1	1
34	1
6	1
1	1
1	1
36	1
70	1
56	46
30	1
1	60
70	64
130	202
13	10
1	10
258	1
79	1
69	1
1	1
38	35
1	55
1	562
1	1
1	1
1	1
1	33
20	15
18	83
263	123
13	20
1	550
1	1
1	1
31	1
57	5
1	51
1	1
1	82
23	1
1	237
70	1
1	1
18	1
62	91
1	1
1	18
4	1
1	1
259	62
1	1
26	15
1	1
160	1
1	93
79	1
1	501
96	1
1	1
58	478
1	1
1	1
12	229
1	547
22	18
17	3
1	1
134	1
1	1
1	95
12	1
1	19
1	449
84	1
248	113
9	1
1	1
1	139
1	1
448	28
1	1
1	19
387	1
108	1
20	284
1	67
113	20
1	133
314	1
1	206
71	69
1	327
1	50
454	1
13	1
1	1
1	1
125	94
1	1
3	70
408	1
1	1
73	126
13	17
17	55
449	1
250	82
1	35
18	1
177	34
1	1
68	405
10	1
14	1
82	234
1	33
1	62
1	1
1	1
1	1
12	1
1	209
1	308
246	1
1	1
1	3
1	1
52	61
282	1
1	130
1	187
91	1
1	487
1	1
222	1
1	1
48	1
28	97
1	1
41	179
1	49
1	1
262	6
1	1
353	106
101	1
1	22
1	1
1	1
1	1
2	446
1	253
279	20
3	5
1	234
1	68
83	1
29	1
1	24
1	1
2	1
37	30
496	1
281	1
92	1
1	43
263	573
1	20
62	1
1	22
1	266
1	42
1	15
1	1
173	1
1	73
1	1
51	1
60	63
58	3
21	1
1	465
146	1
1	1
1	161
287	1
1	66
4	1
1	11
1	1
137	1
178	8
42	1
1	1
1	1
1	201
1	195
218	1
1	1
108	103
1	20
54	1
470	45
1	1
13	1
32	1
1	10
1	1
1	1
1	1
1	14
1	61
24	1
219	59
1	1
1	1
1	1
1	79
1	29
58	119
106	1
110	1
1	1
82	135
29	1
1	1
1	573
112	81
260	1
1	1
1	14
10	95
1	1
1	145
328	1
1	1
91	1
1	17
34	1
471	1
49	1
155	1
1	158
13	214
20	1
38	1
1	26
70	1
1	11
134	1
1	49
1	1
1	4
