2	6083
2	6676
2	5532
20	6235
2	6444
2	5599
16	6947
11	6321
2	6134
2	7465
7	7224
16	7149
19	8353
2	7416
2	6638
2	6966
16	7491
2	7420
17	7979
17	7217
11	7001
2	6240
2	7245
16	6575
2	6798
11	1349
2	6796
8	6309
2	7291
2	8333
16	7035
2	7269
2	6461
16	6840
16	6278
16	7125
7	6973
16	7247
18	6718
2	5261
17	6231
2	8767
2	6802
5	5624
17	6416
5	4886
19	6296
17	6711
13	7971
5	6291
2	5983
2	7164
2	7493
17	5839
11	7197
16	6328
2	6137
2	7759
7	7354
16	6106
2	7402
2	7967
16	6577
2	7021
16	6657
2	8914
16	7457
2	8215
17	6826
2	7210
2	6426
11	6659
2	6282
12	7398
16	7266
2	7161
16	7103
11	6679
7	6002
17	5034
2	7060
2	6659
9	6452
2	6527
2	6738
19	7255
2	7014
19	5421
16	6951
2	7738
7	7666
9	6903
19	7351
2	6213
2	6185
10	6470
14	7106
5	5671
2	7088
14	7833
7	7430
1	5094
2	6717
2	6737
2	7551
16	6851
2	6693
16	7240
2	6901
2	6626
16	5851
7	7260
2	6335
2	7634
2	7216
2	7003
18	6545
2	7663
2	7133
2	7731
6	3673
16	7352
2	7253
2	7959
10	7268
2	8495
12	6424
2	7423
2	6749
16	7185
12	5678
17	7482
16	5500
2	6034
13	6761
2	6469
11	6624
14	6533
11	6699
7	6001
7	7056
13	7197
2	6949
2	7566
12	6388
17	6659
2	7242
2	7434
2	5915
2	8054
16	8160
2	6248
16	7412
2	7847
16	5910
2	7258
2	8776
17	2291
16	7593
2	7646
2	7354
20	7027
2	6086
16	6153
2	7109
16	5807
14	7716
18	6377
16	5949
9	8069
6	6698
16	7310
13	4644
19	4284
19	6650
2	7582
2	6171
11	6682
2	7285
2	7722
2	8892
5	6871
16	5142
17	7595
2	7322
7	7776
16	7151
2	7625
2	7849
17	6816
14	5648
2	6637
2	5902
2	5717
2	1680
16	7915
2	7197
2	6906
16	7394
7	6425
19	6413
19	8232
16	7496
17	7486
11	5528
2	6564
2	6247
7	7494
2	8278
2	7318
14	7937
11	6176
2	8084
2	6567
2	7455
16	7478
2	6781
16	7777
2	7111
16	7622
16	7249
5	6321
7	6024
2	7688
2	7308
2	6754
2	6745
2	7021
2	6821
11	7542
19	5332
15	7551
2	6778
19	5328
2	6142
16	8690
18	7137
5	6879
2	6622
17	6685
16	7536
2	7151
2	6093
16	7109
7	6912
15	6036
17	7273
16	7468
11	6174
14	6395
16	7579
7	7752
2	4081
16	7394
14	6582
14	7119
2	6332
2	6244
2	7113
2	8359
7	6966
2	8814
2	7659
17	7883
2	2176
2	6970
2	6825
17	6870
16	7619
2	7624
16	8329
2	6317
7	5293
16	7385
14	7484
2	6686
18	6744
16	7578
2	6245
2	7488
16	8015
2	7158
2	9103
2	6559
2	6332
4	7598
7	5649
2	7313
2	6202
2	7139
19	6663
2	5874
2	6950
9	7073
5	5456
2	6838
5	5869
16	6554
2	7309
2	5993
14	6483
2	6804
2	8621
19	7441
2	6164
8	6586
2	8478
2	6699
16	6974
2	7315
16	5780
2	7404
2	7226
16	7301
2	6753
9	7524
16	6949
2	6124
2	7833
2	8410
10	7230
2	7988
2	6763
2	6893
16	6697
7	7447
7	6146
7	6975
2	6187
2	7512
7	7148
2	7998
16	6599
2	6805
2	7357
2	8024
16	7627
2	8212
2	8147
2	7926
12	6089
2	7924
19	6849
16	7369
17	6587
2	5948
16	6264
7	7670
16	6976
2	7665
2	7417
16	7373
2	7911
16	8086
16	6769
16	6846
19	8067
2	7260
16	6010
2	5911
2	2756
13	6981
16	6941
2	7721
2	7773
11	6385
2	8069
16	6112
16	6741
2	8100
16	7274
2	7471
11	6510
16	7931
2	7255
2	7847
15	5632
4	4324
2	7278
2	6179
16	6504
2	7299
2	8752
2	8096
2	6082
7	6437
2	7310
2	7118
2	6661
16	6388
7	7255
16	7292
2	7623
4	6034
2	7171
14	5890
2	6383
16	7108
2	7051
2	7838
16	7908
16	6336
2	8058
2	7219
17	7840
2	6432
2	6996
18	5466
2	7787
7	7689
7	7370
13	8472
5	5600
2	6654
2	6858
2	8435
2	6896
7	6337
2	7138
2	7342
19	7885
20	8231
6	6573
2	7408
12	5710
2	8335
2	6658
2	8020
2	7634
2	9115
16	8354
2	6939
2	6326
2	6725
2	6974
16	8387
16	6951
16	7308
2	7675
2	6769
2	6911
16	6873
7	7169
2	7362
2	8298
19	6831
17	2516
2	8702
4	1086
3	6203
8	5154
7	6137
14	6583
2	7025
2	6587
2	6891
20	6108
2	6461
2	6958
18	5520
2	5975
2	6782
16	7237
11	6377
2	7467
2	5855
7	8040
2	8497
2	6248
4	6931
17	5632
7	8041
17	6833
16	5740
16	6854
7	6417
2	8580
16	7400
2	7092
13	6373
2	7392
2	7784
2	7354
2	7834
16	7370
16	7190
16	6557
13	6724
16	5666
19	1238
7	8223
16	6832
16	5884
16	6069
18	7769
2	6696
16	6704
2	7023
16	7548
2	6089
12	5686
2	7130
14	6251
11	6829
2	5970
14	5650
2	6904
2	6907
16	8188
2	7348
6	3817
2	7481
2	6895
2	6999
2	7685
11	7076
2	7400
2	6196
2	9375
12	7980
2	6812
11	7263
2	7664
18	5408
14	7273
6	5284
7	5478
1	7071
2	6380
8	944
2	7828
2	7355
14	7367
2	6184
7	7790
16	7515
16	7576
7	6183
2	7045
2	6868
2	6772
2	7030
5	7956
2	7483
2	6673
2	8195
1	5217
2	5460
2	5765
2	8187
7	7984
2	7180
2	7302
16	6710
14	6924
17	7015
2	6760
2	6832
2	6524
16	8301
2	6526
16	7390
7	5858
2	7063
16	6793
2	7252
17	7343
19	6749
14	6090
16	6830
2	7298
2	6213
2	7979
16	1520
2	6878
2	7205
2	6086
2	9422
16	7116
7	6403
16	9189
11	7452
16	6981
2	7593
16	8805
8	5564
2	6896
2	7050
2	6527
2	7525
2	7003
2	6867
2	8290
2	7382
16	5614
2	5829
12	7455
2	5850
17	1311
2	6789
20	6435
2	7619
8	6807
2	7280
4	5865
2	6663
16	6727
7	6789
2	7303
11	7324
16	5453
7	7469
2	6353
2	7402
7	6921
2	6017
2	7842
14	7259
17	7866
2	5797
2	6228
11	6392
2	6893
11	6883
2	7822
2	7672
2	7854
2	7711
2	7297
10	6359
11	6832
2	8080
7	6696
2	6620
2	8025
17	6157
20	5391
9	6686
2	6855
2	7413
16	7039
16	6531
2	6918
16	8883
2	8357
16	7148
12	7342
2	5512
16	4946
20	8317
19	1269
2	8004
5	7238
14	7583
2	6776
11	6009
7	6704
16	6654
11	6782
8	6001
2	7123
2	9000
9	6863
14	6575
4	5145
7	6601
10	6086
2	6842
7	6711
7	8251
2	6581
7	5955
16	7447
2	6337
16	8813
16	8204
16	8161
11	5922
2	7533
2	6768
16	7585
2	6798
9	6832
2	6984
2	8290
2	6163
2	6763
2	2056
2	6490
2	7947
7	6642
16	6888
16	8015
17	6659
2	6788
7	9607
17	6665
2	6306
2	6561
17	6565
16	7730
19	7657
17	6287
11	8354
20	6375
2	7714
10	7364
2	7159
14	7221
14	6754
17	6921
2	8335
19	6270
16	7140
2	6783
4	6017
17	6660
13	5766
2	7467
7	7419
2	6795
7	8844
2	6617
7	7942
2	6789
2	6400
2	6758
2	7167
11	5468
16	6631
2	6232
17	7292
2	7442
16	7396
16	5704
2	7151
2	5817
9	6296
7	6382
5	7016
16	6703
19	8801
2	6908
17	6689
2	7992
2	7598
14	6701
2	6860
17	6814
2	6553
2	7487
17	6873
17	7352
19	7817
16	6680
16	7521
16	7895
16	8158
2	6816
2	7898
5	5766
11	7112
17	8265
2	7206
2	7992
2	6818
2	7885
2	5016
16	8073
2	8129
18	6316
2	7342
2	6499
2	6520
16	7257
2	7031
2	8488
16	7002
2	7655
2	7315
2	6067
2	7633
2	7754
13	6019
16	7579
2	6629
1	5413
2	6470
16	5656
7	7659
17	5822
2	7941
2	6905
16	7139
7	5471
2	6956
7	6716
2	8936
2	6860
19	6493
17	7493
2	7328
2	6982
16	6450
17	6361
16	6648
16	6797
16	8035
11	6540
17	6747
14	6720
16	8242
2	8698
16	6133
16	7178
3	7209
16	7420
7	6264
2	7526
15	5614
16	7293
2	6238
2	6864
2	7681
16	7432
16	7273
2	8322
18	6799
2	6980
2	7180
2	8038
2	8090
9	6402
2	6852
2	7453
2	7655
2	6163
17	7276
16	6841
2	7223
2	6746
2	7116
2	7590
2	7549
2	6020
2	7457
2	7520
2	7541
11	7945
16	6173
19	5338
2	7024
16	7060
2	8375
2	8169
19	7863
7	5668
16	5558
2	4180
14	6680
2	7583
7	8020
16	7359
2	6797
2	6726
11	5923
2	6033
2	7283
17	6460
16	5987
2	6971
2	6869
2	6845
2	7400
7	7205
14	6908
16	5659
2	6880
10	7358
19	6361
16	6995
2	717
10	6210
16	7168
10	5388
2	6000
2	8294
16	7903
2	6943
2	7109
2	7300
16	5866
16	6525
17	6816
2	1644
2	7563
2	6789
6	6046
16	1411
2	5787
18	7137
2	7198
14	7324
7	7285
7	8379
8	5773
2	7869
18	6293
16	6605
11	7178
7	5778
2	6929
16	6796
2	8800
2	7013
16	6216
2	6702
1	6926
7	7929
2	7773
2	6866
2	6839
2	6986
2	5904
14	6383
2	5949
16	6236
16	7229
11	6978
17	7114
2	7315
14	7684
19	5132
2	5626
11	9309
7	6504
10	4600
11	5482
2	6846
2	6913
2	6593
2	6725
16	5747
7	6972
2	6788
20	7977
11	7512
16	7397
2	5668
8	5994
2	7673
19	6724
2	6927
16	7582
2	7019
15	6725
13	6366
4	5719
2	9355
16	6893
14	6527
2	6075
11	6554
16	6053
2	7938
11	6656
17	7579
2	7048
18	7377
16	6755
2	6685
2	6311
2	7707
7	7763
16	5965
19	8560
2	7512
2	7550
2	7675
2	8294
4	5831
2	6225
16	6291
2	7197
2	8734
7	8541
16	1957
2	6913
2	8343
2	6947
7	7605
16	6884
7	7312
4	7343
3	6581
2	8197
6	6890
16	5713
2	6343
16	8597
16	7328
2	7204
2	8037
16	6730
2	7479
2	6382
7	7557
2	7342
2	6910
7	7490
5	6563
2	8162
7	6633
2	7453
7	6759
11	5455
16	6856
2	7131
16	8791
2	8341
2	7587
2	8841
16	6781
2	6766
16	7732
2	6465
2	7960
16	6936
19	7019
16	6428
2	6411
2	6252
17	6907
2	6716
2	5268
2	7811
18	7317
2	7748
17	7791
2	7532
2	7825
2	6704
15	7462
12	7015
16	6154
2	7957
2	7140
2	6891
2	6460
2	7516
2	6935
2	7561
2	6887
16	6649
16	8460
2	6754
2	7690
7	7251
16	6591
2	7929
7	8162
16	8103
2	7033
17	7915
2	5786
16	3221
2	7476
16	7101
7	7623
2	7212
17	6705
7	6790
16	7213
2	8040
2	5069
2	5913
7	7665
2	6849
16	7287
7	7487
2	5943
16	6556
18	7993
2	7191
16	6141
16	6556
16	7455
17	7073
16	8685
16	7178
2	7993
18	6357
2	5984
2	6156
11	6573
11	6383
16	8293
7	7694
7	6648
2	1467
2	7887
2	5909
2	7120
2	7510
16	6235
16	7280
17	6321
2	7021
16	7685
2	7530
2	5944
16	7304
16	6304
16	7643
16	7265
13	6918
16	6191
2	6447
2	5824
16	8167
19	8215
2	8890
2	7433
6	6350
7	6598
2	7611
16	7231
16	6624
2	5694
2	9270
19	5963
2	5805
16	6933
2	6859
17	7002
7	6261
2	5910
7	8276
7	7370
2	6263
7	1521
2	6779
2	7784
2	7067
2	7251
2	7899
16	7623
2	6921
16	7163
2	6069
2	7379
2	5828
12	6537
7	7421
16	5591
14	6747
2	7289
7	6535
11	6645
2	7879
2	5973
19	7595
16	6613
16	8011
2	7585
2	6197
2	9144
2	6001
2	7231
4	5439
2	8857
2	6240
16	7090
2	7980
11	5332
2	5926
2	7171
2	6087
2	8936
2	7069
2	8580
16	7541
2	7256
5	6384
2	6965
16	8193
2	8094
17	6605
2	6524
2	7141
16	7530
2	6882
2	6379
11	5809
2	6798
2	6709
2	5600
2	7109
7	5513
16	7366
2	7032
16	6287
2	6225
2	7833
17	7097
2	7483
2	7536
2	8108
2	8535
19	7000
2	8291
16	4207
7	6889
11	6553
2	6635
16	7270
16	8176
11	6193
7	5871
2	7307
16	6028
2	7899
1	6029
13	7942
13	7535
19	8464
12	7023
7	7172
7	6838
19	5765
13	6744
20	7083
2	7872
2	6005
16	7294
2	6674
7	5254
2	6187
19	6985
2	8052
12	1404
12	7810
7	8791
7	6004
17	6822
14	7142
9	7740
2	8313
13	5652
2	7590
2	7175
2	7103
2	6688
2	7780
11	6238
2	5786
10	6285
2	5743
1	6130
2	6823
2	7833
2	6918
2	6998
16	7608
15	6142
17	7472
14	7800
17	6253
2	5825
7	6613
2	6935
16	7289
16	7246
11	7231
2	6422
2	7043
2	7063
16	7008
20	5762
2	7545
2	7434
12	7092
17	8242
18	5976
7	8093
7	6659
2	7830
14	6731
2	7773
2	6394
19	6407
18	7312
16	8147
17	8149
2	7572
16	6631
2	6717
2	6884
13	6264
2	7494
2	7753
2	6728
2	7421
17	5870
3	6454
14	6832
2	7414
16	6065
17	7579
16	7493
17	5827
16	5886
16	8219
2	7267
3	6121
16	7506
7	6821
2	8027
16	7526
2	7897
16	7420
16	6554
16	5553
18	6090
2	8086
18	6960
2	6362
2	6287
16	7514
16	7276
2	8064
13	6442
11	6280
2	5709
2	5751
2	6983
16	6418
2	6357
2	7511
16	7996
7	6402
2	8824
2	7559
16	7447
7	7023
2	7092
2	7562
2	7327
2	8196
2	6251
14	7274
7	7022
19	7186
2	7313
2	6775
2	8196
17	6301
2	6568
2	7286
2	6797
2	6735
2	8287
7	6763
20	6989
2	7240
2	7273
19	7253
2	7573
1	5691
2	6787
16	8620
2	7594
16	1631
19	7548
2	7747
11	9317
7	6229
19	6855
2	6856
16	6299
17	6725
16	8000
2	5669
3	7313
7	6510
7	6009
16	6770
10	5883
2	6632
7	7848
2	6930
1	5237
11	7588
14	6832
2	8781
16	7493
8	729
16	5954
13	7527
16	9342
7	6280
16	6590
2	6417
9	7357
16	6010
19	6860
2	6671
2	6030
17	7820
2	7628
2	1925
16	7857
2	7777
2	7557
2	8296
11	6557
7	7009
2	5898
14	6674
16	8818
17	7615
7	6707
17	7542
16	6817
18	8722
2	7335
2	7556
19	7535
2	6874
2	7150
9	7112
2	8083
2	8355
16	7210
14	5375
2	7814
2	6481
9	7132
2	6803
2	7424
7	7960
16	8869
2	6964
16	7279
16	6021
2	7490
16	7997
2	6726
2	7020
2	8287
2	7957
2	2845
2	7735
14	7206
2	7250
19	6599
16	7662
7	4846
2	8393
7	5690
2	7183
2	7028
11	6706
16	6702
16	6991
16	5613
7	7382
20	6140
2	7167
2	6010
16	7159
12	5697
11	6639
2	6006
2	7464
2	7958
2	6683
16	7368
13	7607
2	6689
2	6824
19	6652
7	5869
16	6815
2	7281
2	7316
2	8403
2	799
2	8318
2	5616
7	5905
16	6474
2	7125
16	6730
16	7408
14	6478
7	6703
11	6280
2	1853
2	5596
16	6161
2	6604
7	6335
17	6499
16	7298
16	5841
11	9022
16	6768
16	7245
16	5873
2	8199
18	6227
17	7235
20	5542
17	7390
7	6623
2	7785
2	6092
2	6882
16	6874
2	7305
2	6772
14	6537
12	6618
7	6936
2	6924
2	1954
14	6502
2	5917
2	5320
2	6793
13	7783
15	6769
16	7452
2	6744
2	6656
19	7375
15	5590
2	8487
2	6953
2	6492
17	6848
7	5997
2	5653
2	8095
16	7173
13	6403
7	7033
2	6601
8	7682
20	6514
2	7321
6	7348
16	6727
2	7141
16	6720
2	7842
7	7099
2	7061
14	6877
11	7045
5	684
7	6181
2	5138
2	6665
12	8157
2	7894
2	6999
12	7763
2	8891
2	7013
2	6775
17	7507
7	6860
2	7908
16	8598
7	6673
17	5450
17	6537
2	7831
2	7225
2	7185
2	7191
2	6683
16	7103
14	6282
1	5315
16	1991
2	5827
7	6035
2	7366
2	6808
12	5136
2	7904
2	8402
2	7861
2	6777
19	8187
2	4949
19	5394
2	7223
2	7477
19	5571
16	6002
2	5406
2	6973
16	6588
2	8726
2	6919
8	6554
19	6358
2	6300
12	8277
2	7249
2	6386
2	8233
2	7556
2	7362
11	6840
16	6523
16	6785
2	6812
16	7534
12	7612
16	6733
2	7372
2	8052
2	6739
16	8446
2	8444
2	4229
16	6932
16	6174
2	6616
2	7000
2	7637
15	5800
2	6445
2	7097
19	7257
16	7054
2	7646
12	6748
16	5874
17	7478
2	7669
16	6852
2	7692
2	7559
7	7625
16	6741
2	6331
2	5929
2	7216
2	6013
7	6354
12	5885
15	5320
1	7189
2	6888
7	6592
17	6231
20	6396
2	7766
16	7798
11	6627
16	8014
14	5918
2	6648
2	8048
16	6667
16	5891
16	6701
16	7567
16	6790
2	7028
2	7322
7	7275
2	7586
16	7017
2	7797
16	6816
2	7886
2	7535
2	7000
11	7550
2	6024
2	6956
9	6606
2	8038
2	7802
12	6119
2	7943
2	8204
3	7186
2	8393
17	6916
19	6386
2	6917
19	7520
16	7156
14	7071
2	6164
19	6311
2	8127
2	7116
11	7639
2	7717
2	6761
2	5629
2	7786
2	7012
5	7342
16	6770
19	6453
2	7738
2	8049
5	5848
2	7617
2	7289
19	6818
16	7283
2	7420
2	5420
2	7050
2	8920
2	7826
2	6912
2	6862
19	6366
7	7475
19	6077
17	7653
2	7059
16	6459
16	6593
2	7264
2	6829
2	8075
14	6493
2	8855
2	6902
16	7604
14	8022
7	6831
1	6676
2	5916
17	8229
16	5961
17	6635
11	7254
16	7501
2	7556
11	7498
16	8073
19	6888
16	8230
2	7658
16	7554
2	8534
2	7041
7	7933
7	6880
2	5036
16	7519
2	5552
16	6707
7	6838
1	6515
14	5377
16	6181
2	8674
14	5908
2	7589
19	6911
10	6915
2	9085
19	6950
2	6685
2	6347
16	7252
14	7669
2	7686
12	7092
2	7073
16	9009
7	7393
2	6649
7	6242
16	7158
9	7791
2	6925
14	5986
17	6656
2	7682
2	7780
7	6791
2	6863
16	9148
13	6617
2	7020
2	6484
16	6689
16	7078
2	1495
2	7082
2	7938
7	5981
17	6543
11	6943
16	6706
14	7100
11	6625
16	6685
2	7691
16	6048
2	7526
16	8398
16	8250
2	6734
16	7196
2	7583
12	5946
2	6604
2	6648
2	7627
2	5976
2	6641
2	7135
2	7345
16	6807
7	7453
2	8154
2	6491
17	6797
2	1696
2	6984
16	6999
11	6932
16	7443
2	7300
16	7170
2	7327
2	6364
2	7151
17	7231
2	5827
16	6635
2	6450
2	7876
16	6649
2	8608
2	5707
2	6777
16	7661
12	5874
1	7532
2	7334
20	7343
16	6733
7	6152
7	7098
4	5363
16	8072
16	8616
12	6346
16	7285
16	7561
10	6790
2	7127
7	7856
16	7264
16	7926
2	6974
16	8135
19	7558
19	6987
13	6893
19	6988
11	6056
3	5511
17	6411
16	7091
19	7522
11	8336
17	7854
16	1914
2	7640
4	5460
2	5982
17	6723
3	6118
2	7178
16	1817
2	6813
7	7762
2	6821
2	8828
2	8789
16	6738
17	6773
17	7682
7	6308
16	7656
14	6098
2	7322
2	7202
2	6959
10	5713
2	7942
7	7307
2	7735
16	7148
1	7112
7	7620
7	6518
2	7271
11	5539
17	6971
16	5457
2	8580
2	7003
2	7498
2	7754
2	5730
16	7172
19	7274
2	6724
4	7489
19	6327
16	6955
17	7365
2	8166
16	6557
2	6713
2	5972
14	6947
2	6583
16	5690
16	6646
7	6913
2	7631
2	7975
2	6970
7	7471
2	7306
16	7045
16	6047
13	8242
16	8258
7	7066
2	8324
3	6420
2	7413
11	6451
2	6156
7	7724
16	6459
2	6020
2	8360
2	7060
2	8425
2	5726
7	7772
19	7570
9	7957
2	6739
16	7118
2	7507
7	6939
17	6867
16	5825
18	7353
2	6014
2	7300
2	7909
11	6331
2	6714
2	8605
2	6620
1	7171
11	7325
17	6509
7	7082
2	6116
16	6787
17	5858
16	6275
7	6804
2	6590
16	8134
20	5242
2	7855
2	7546
19	6430
16	7355
2	6621
16	7724
7	7546
16	6033
7	6951
2	1567
2	8544
17	6197
2	1995
16	6735
11	6067
2	6088
3	5311
15	6828
2	7662
16	5830
11	6506
2	6457
2	6635
2	6357
14	6379
2	7681
13	6716
16	7837
16	7592
2	6428
17	5852
16	7045
2	5744
2	6810
2	7888
2	6023
16	7630
16	7207
2	6818
2	6866
2	5898
2	8176
2	7130
2	7415
11	7538
2	7356
14	7605
16	7485
2	6803
7	7555
2	7010
7	5413
11	5643
19	7244
14	7693
2	7048
18	5511
2	6899
2	7826
2	5820
16	7561
16	6936
2	8219
7	6833
2	6649
11	6046
16	6911
2	6867
14	6658
2	6027
7	8042
14	7059
2	7630
2	8958
2	7260
2	6380
13	6173
16	8655
13	5754
2	7731
2	7229
7	5957
7	6521
8	5112
16	7197
2	7225
12	6978
2	7147
2	6874
2	8874
11	7291
5	5891
16	7588
2	8101
2	7153
16	7659
16	7170
5	6180
2	7997
19	8137
2	6547
16	7978
2	6509
2	6845
16	7322
2	5848
4	6035
2	7901
11	0
16	7211
2	7281
11	5850
17	6956
2	8101
2	7561
16	6866
16	5742
17	5999
19	6662
2	8456
19	7765
16	7032
2	6028
2	7185
2	8271
2	6063
2	7118
2	7677
2	7790
7	7984
14	7195
2	6452
16	6797
2	5136
17	6903
2	7380
2	6796
2	6235
15	7251
16	5444
11	5782
2	7747
17	7314
7	6679
16	6770
2	7067
2	7094
2	7593
16	6836
17	6722
18	6469
2	5894
14	7803
17	6813
11	6859
2	7184
2	6685
16	6316
2	7858
1	5003
7	7449
16	6098
17	6061
19	7503
17	7236
2	5613
16	7490
16	7286
9	6400
2	6227
2	6514
2	5751
2	7972
9	6029
2	8031
2	7396
17	7488
16	7319
17	6240
16	7116
20	6616
16	7072
2	6739
16	1805
2	7534
2	7305
7	7754
2	8125
17	8074
14	6790
2	7666
2	7425
2	7025
4	6711
2	7793
2	5696
2	7674
15	5340
2	6475
7	7518
18	6265
2	5498
2	8533
10	6243
2	7112
2	7224
17	6627
7	6167
2	7317
2	6945
11	7070
16	6738
2	5765
2	7905
16	7984
2	7838
16	6602
7	7623
16	6774
2	6677
2	8238
2	7352
2	6467
2	6169
2	6958
17	6190
2	7939
2	7236
2	7909
19	6562
2	7641
16	6847
2	6603
7	7496
3	6043
11	7958
2	8022
16	3072
2	6076
17	7335
16	5364
2	6732
8	4759
4	6888
16	8029
2	7221
2	7215
2	6046
2	7394
6	5734
2	6678
14	7080
2	7469
2	8477
2	6973
17	6934
16	7043
2	5814
16	8041
7	5908
6	6208
2	7353
2	7294
12	7622
2	6410
2	5600
7	6946
11	6454
2	6715
14	6611
2	6891
2	6233
2	6614
2	5754
12	6856
16	6893
2	7376
2	7187
12	8120
6	7433
9	6980
16	7415
2	6181
11	6465
16	6463
2	6266
19	9270
2	6781
2	6624
2	7178
8	7178
2	6057
2	6434
16	7985
2	7223
16	6248
17	7577
2	7541
16	6224
2	7603
2	7596
2	7937
11	3610
19	7977
16	7072
7	7883
16	7319
2	7058
9	6355
9	6214
7	8704
2	7647
7	6862
16	5729
2	8566
2	7985
2	7867
2	6749
2	6082
2	6993
11	7496
2	7378
2	7323
2	7352
2	8283
4	6208
16	7610
16	6639
18	6591
9	8297
3	8904
17	7215
16	8028
2	7658
2	8014
2	6529
2	6197
16	7157
2	6095
16	7747
19	8121
4	7836
7	6583
2	5942
2	7524
2	6025
17	6618
2	7385
16	6821
2	7381
2	7897
2	7093
3	5381
1	5551
17	5300
2	6474
2	7272
2	6906
2	6916
2	6750
2	7612
2	7458
2	8142
2	6298
16	7008
2	7436
16	7651
2	7264
2	7359
2	7098
2	7075
2	6243
16	8105
2	7141
16	8433
12	6669
17	6507
2	7738
2	7052
16	6766
9	6434
2	5294
8	5929
2	6001
2	7553
16	6576
2	6008
16	7471
2	6857
17	5846
16	7214
11	7982
2	5777
11	8034
2	4748
17	6236
2	5929
11	7468
2	6998
16	7399
2	7688
1	5976
2	6120
2	7876
2	6315
2	5015
16	6872
16	6822
11	7262
2	8003
16	6838
2	5987
2	6773
2	8686
11	7166
7	6557
17	5936
7	5901
16	5822
2	7631
16	5997
2	6751
7	6581
19	5667
7	7342
2	7139
16	7000
14	6575
2	8478
7	6983
2	7360
2	5908
17	6599
6	6117
9	6997
17	7073
11	6337
2	7680
14	6307
16	7734
2	7619
2	7746
2	7978
2	6341
16	8447
16	6948
8	6557
2	1776
13	6417
2	7307
2	6501
2	8917
2	7020
11	7548
2	7643
2	6733
3	6260
2	9297
2	7765
17	6901
2	7152
2	5647
2	7984
2	7647
2	6288
16	6969
11	6878
16	7045
2	7227
2	6624
2	7481
18	7901
2	7681
11	7736
2	7058
16	4883
7	9048
7	1672
13	6403
16	6482
2	6537
2	5807
16	7456
2	6652
2	5929
2	7018
16	6923
2	6155
12	7524
2	7400
11	6165
11	7136
12	6372
2	8733
2	8297
16	6636
16	8430
2	5713
2	7193
16	6322
2	7089
2	6859
2	7069
16	8109
10	4573
12	6426
16	6663
2	6928
16	7953
16	8051
2	8879
2	7047
2	7478
2	7902
2	7571
11	6395
16	7071
16	7471
2	7579
2	5780
11	6844
2	5883
7	5654
7	8997
9	7677
16	6020
17	7473
2	6984
2	7473
7	5707
15	675
2	7217
2	7133
2	8275
16	7325
16	6693
16	8212
19	6793
16	6562
2	1820
2	8411
2	5629
1	6497
2	5888
17	7656
12	5397
2	6471
16	7024
16	7325
19	6664
6	4839
2	7401
2	7934
2	6709
2	6700
2	6912
9	2261
16	6823
7	7607
16	5843
16	6269
17	1989
2	6081
17	7422
16	7232
2	6953
2	6997
7	8278
11	8033
16	7119
16	8294
2	6888
2	7870
16	7300
2	6013
16	6491
2	6910
2	1930
2	7792
16	6796
2	8070
2	6943
16	6191
16	6946
2	7061
2	6778
2	6158
2	5932
2	7021
2	5598
7	7109
16	6442
5	5757
4	7786
2	8278
2	8584
17	4725
16	6856
18	6056
16	8048
2	7050
15	6406
2	7228
2	8484
19	5915
17	7063
2	6936
19	6591
1	7190
17	9999
2	7896
12	7357
16	5996
2	6826
2	7428
16	6632
16	7806
2	7962
2	6226
17	7201
16	6192
7	8207
2	7478
7	6669
2	7123
2	6790
7	6111
16	7679
16	7126
2	7131
2	8911
19	6851
11	6947
18	7659
2	7862
16	6168
11	7523
2	6822
2	5527
2	7196
19	7668
16	6571
16	8096
16	6180
7	7439
2	6807
7	5805
2	8230
17	7536
2	7153
9	5650
7	5892
2	7365
2	6024
2	7269
2	6260
2	5879
15	6202
2	7452
2	6948
19	7079
2	7830
11	6834
2	7023
2	7495
2	6905
12	6916
2	2030
18	6568
16	7013
2	8100
16	6734
17	8322
2	4958
2	6532
16	7030
16	7723
2	7550
2	6662
17	7058
2	6632
11	7753
2	6626
11	5200
2	6924
18	7255
16	7378
2	6435
5	5493
2	6745
4	5277
19	6615
14	6350
2	6688
2	8198
16	6408
2	6421
2	8075
2	6709
16	5162
8	921
14	7128
16	6917
2	5935
16	7151
2	6313
16	8246
7	5872
2	6907
2	7005
16	7189
16	6582
19	6675
7	5635
16	6515
2	7074
16	5405
19	6203
2	6378
7	8320
7	6506
16	7833
2	6725
2	8277
7	5779
7	7408
16	7243
2	7269
2	7296
2	6222
16	6897
2	5919
2	6889
16	7249
11	6890
11	4060
16	3478
2	7038
7	7463
2	5850
2	6579
2	7052
2	7936
2	7144
14	6848
18	6952
2	5979
16	8696
10	6879
2	7069
19	8757
2	7734
2	6728
16	8361
13	7979
2	8131
2	7051
14	6769
2	7188
3	5996
17	6381
9	7921
7	6641
2	6355
16	6977
2	7819
12	7395
16	7873
11	6383
2	7860
16	8808
7	7337
2	8708
16	7958
16	6460
2	8142
2	7858
16	8214
19	7359
2	6933
2	6028
2	6781
2	7168
2	7206
1	5566
2	8868
2	8515
19	6593
2	6083
2	6827
2	8112
7	6632
2	7904
7	5979
14	8703
20	5180
2	7642
16	7834
16	7122
7	6535
2	7473
2	7002
7	5698
7	5823
16	7271
7	7699
16	8758
2	7141
2	6889
16	6915
2	8370
12	6880
16	7485
2	7396
19	5544
2	7004
19	7272
2	7383
6	7731
1	6881
2	6059
19	6975
17	8561
4	6697
2	7374
8	6716
16	7571
2	7258
1	7265
7	7226
3	6894
2	5270
2	7450
7	6077
2	7561
2	8359
17	6705
2	7006
19	8793
2	6148
2	7250
2	6977
2	7936
2	7021
2	6761
7	1665
2	7996
16	5509
2	7594
12	6668
2	6916
2	8980
2	6888
2	7678
2	6698
1	7298
2	7459
16	8201
2	8159
16	6213
18	6589
17	6581
7	7315
2	6214
16	6347
2	7169
17	7226
2	6757
16	6311
16	6310
7	7499
2	8173
16	7573
7	6825
9	7727
2	7518
2	5073
14	7281
2	8172
12	6776
17	7354
17	7685
16	6591
2	7397
2	7931
16	5814
12	5610
2	7354
2	6951
20	6444
16	6627
11	7120
16	7085
16	7023
16	7480
2	8148
2	7150
16	7128
16	6888
2	6687
7	7633
17	5772
2	6825
2	7606
16	6751
16	5914
1	4650
2	7429
16	6987
16	7437
2	8820
5	5131
2	5945
16	6071
12	6838
2	6583
2	7298
2	8345
2	6956
16	7583
16	6957
16	7374
2	7367
2	7641
15	5013
2	7341
2	5935
13	5671
16	7379
16	6579
7	7706
12	6957
9	6257
2	7856
13	7324
14	6576
16	1819
2	6839
17	7050
2	5668
13	7347
15	4650
14	5810
2	7928
2	8049
12	7370
2	7217
2	7564
7	6742
19	7683
16	7339
2	6681
16	6326
16	7591
18	7625
12	7307
20	5683
2	6598
7	6526
2	5774
2	6584
13	6130
2	8922
2	7601
2	6976
2	6296
16	4613
2	7895
12	7919
11	4738
16	6499
2	8230
16	6455
2	7361
11	6688
2	7021
2	6960
11	6914
2	6686
16	7330
11	6670
6	6911
2	6964
17	8031
16	7446
2	8341
2	7070
16	7311
6	7653
2	9057
2	7221
17	1270
7	8707
7	6946
16	6799
2	7045
2	6889
2	8821
2	6829
15	6803
2	7960
2	6089
11	6870
2	6407
15	6628
16	7766
7	8191
2	7587
2	7455
2	7589
16	8380
8	6509
5	4939
14	6742
2	5796
2	7955
2	7713
2	6786
11	7608
16	9053
14	6091
17	7733
2	6156
2	6885
16	6807
2	7028
2	6949
2	5773
12	7334
2	5918
2	6944
7	6646
2	6719
2	7784
2	8096
18	5244
2	7527
2	7630
13	7431
2	7358
2	7898
7	6421
16	7184
2	7976
11	7987
7	6309
2	7282
13	5783
2	7906
15	6292
19	6378
2	6601
2	6232
2	7209
17	5894
1	5554
2	8834
1	6279
2	7090
2	8163
2	7612
14	7090
2	7272
16	1382
16	6193
14	726
16	1082
7	6016
2	7609
2	7790
16	7651
2	7620
2	7168
14	6666
2	5846
7	7216
16	5856
16	7476
2	7500
19	7649
2	7822
16	8309
2	5874
2	6861
2	6508
16	5131
2	6960
2	6375
16	5940
7	7694
13	6063
2	7638
2	5883
2	7032
2	6813
2	8146
16	7941
7	6820
2	7646
2	8373
2	6167
2	7602
2	7460
11	6596
2	7940
2	7130
2	6300
2	8573
2	7012
2	6794
2	8359
7	6199
2	6975
16	7547
11	7151
7	7342
2	5626
16	6904
5	5519
11	6551
2	5329
2	7719
2	6894
17	8210
2	7039
17	5820
2	6529
2	6122
2	8610
19	6817
2	7124
2	7020
19	6732
16	6031
16	8099
2	6901
16	7154
16	7794
1	6109
2	6444
6	5303
16	6815
16	7338
15	7390
14	6827
16	7099
16	7135
10	5814
2	7042
7	6560
16	8264
2	7155
2	7132
2	6524
2	7787
16	7166
16	7548
16	7488
16	7584
2	5982
2	6063
7	7315
14	7310
2	7822
17	6334
8	5997
15	7005
2	6988
18	8336
13	7101
7	7273
7	5975
2	7640
3	5921
9	6243
12	6240
2	6564
16	7668
17	6481
6	6849
11	8219
17	6647
20	5924
2	6997
2	7525
16	4313
1	6513
2	6714
2	7616
2	6452
17	7988
2	8133
8	6327
13	6895
17	7437
11	8806
2	8076
11	6224
2	7955
16	6702
2	6796
2	7185
2	6839
2	6287
16	6838
2	5950
2	6556
2	8033
2	7738
16	7187
7	7203
2	8036
2	8506
2	7197
2	6788
2	7835
16	8849
13	4910
2	6991
16	8408
12	7443
2	9222
4	6982
2	7082
2	7333
2	6771
2	5952
19	7931
14	6495
7	6960
2	7801
16	8602
16	7762
15	6661
2	7008
19	6866
7	6755
17	7160
2	7133
14	7387
16	5730
16	7311
2	7029
16	7775
7	5705
13	5563
2	7048
7	7596
18	7109
10	6391
10	6126
9	6356
2	7151
7	6942
2	6614
2	9504
2	8111
2	7471
13	5151
16	7639
16	6723
2	5779
19	9414
3	6168
7	6988
2	2133
2	7380
17	5037
17	7314
7	8658
2	8385
5	6482
19	6899
4	7961
7	7445
2	6949
6	5271
2	6876
2	6648
16	6917
16	6962
5	6230
2	6766
8	6604
2	5975
2	7467
2	6313
16	6874
2	7721
2	6099
17	6815
2	6040
20	6903
16	6304
1	6664
20	7245
6	7129
16	7915
19	7750
18	8704
19	5549
2	6833
17	6367
2	8072
7	7512
2	5302
16	7071
2	5638
16	6562
9	7191
16	7288
2	7218
2	6027
11	5027
2	5904
13	7920
16	7532
17	7388
2	8017
2	8746
2	6969
2	7993
2	7201
2	7897
2	6954
20	6971
12	8468
2	7079
7	5460
11	7561
8	3856
2	8200
2	7363
2	7144
2	6831
17	6817
2	7818
6	6353
2	7194
2	7577
19	7098
14	7455
1	7656
2	6136
1	6279
16	6326
2	8428
2	7243
2	7415
7	7867
16	6221
2	6288
2	5584
7	7098
16	5776
2	7485
2	7263
16	6712
16	6977
4	7249
14	5106
6	1353
2	5816
16	8615
2	7062
17	6543
4	7243
9	6536
13	4570
2	6412
1	6746
7	6742
2	7110
6	5777
2	7157
14	6191
7	7692
2	6922
2	8109
2	5032
4	6997
17	7515
2	6374
17	7692
7	5080
2	7504
3	6205
2	6227
14	5465
7	6691
13	7790
17	7310
1	7601
19	7295
16	6858
2	6789
16	7069
17	9510
12	6814
18	7788
2	7909
2	6295
2	6492
8	5292
2	5737
18	7297
5	5911
2	6681
18	5961
15	5325
16	5895
11	7106
2	7010
16	8472
16	7115
14	6558
8	6799
4	6655
16	6931
16	7090
16	6583
1	6783
16	8540
16	7375
16	8213
2	7972
2	7395
7	6571
2	6742
2	6881
2	7067
2	6881
14	6709
12	6618
2	6905
17	7262
2	7906
2	7985
16	7338
19	6733
2	6216
11	6937
7	6751
3	5553
17	5202
8	5567
7	5981
16	6536
2	1841
2	7021
19	5852
2	6905
14	8352
2	7267
2	7323
17	6547
7	7721
2	7882
16	7630
17	7294
12	7009
2	6988
19	7730
2	7266
2	7784
16	9374
2	5763
2	8728
16	5697
2	7486
16	6876
4	5435
16	6900
1	1314
2	7143
2	7197
14	3791
11	5636
1	6546
2	7032
11	6246
2	7075
5	6547
2	6191
2	6529
15	7176
16	7200
2	6106
17	6876
2	5858
2	6443
2	6828
2	7599
17	6648
11	6948
5	5997
17	5925
14	6336
7	6306
2	6030
16	5744
7	6906
7	8464
2	7814
4	6341
2	7095
2	7587
4	5441
15	7326
2	7037
17	6539
18	836
7	6609
19	8573
2	6164
2	6973
2	2044
8	5208
16	7694
2	7971
2	5960
2	6803
3	4907
7	5256
19	7195
14	5506
2	7939
14	6855
11	7275
2	6882
2	1247
2	7199
2	6472
16	8725
2	6090
16	4831
5	6816
16	7655
2	6151
17	6593
16	7015
2	7865
2	8572
8	5542
2	7042
2	7387
18	5793
14	6535
2	7929
2	6764
2	7884
2	7853
16	7509
2	6796
7	5798
2	8238
2	7773
2	6551
6	6754
2	6194
2	8530
2	6908
2	6913
2	7704
16	7296
6	7052
2	8811
2	8031
20	7558
2	6511
16	7353
2	7262
2	5743
2	7478
16	6940
2	6233
10	6522
2	6791
16	7457
2	7027
2	6741
2	8069
16	6354
10	6239
2	5790
2	8103
16	5575
9	6736
16	7896
19	5845
16	6824
2	6865
16	7956
2	6006
2	7006
16	6912
15	6266
17	7655
7	7708
2	7069
16	7706
9	6311
2	6901
3	6735
2	6947
2	8365
2	5962
13	1671
19	6428
2	8511
2	6826
12	5297
14	6442
2	6739
18	5796
2	7640
16	6546
2	6697
4	8052
3	5642
19	5627
16	5838
2	6886
16	6926
7	7221
2	7707
2	8583
16	6750
7	8473
2	6688
2	7391
7	7716
20	7489
16	6870
12	6557
2	6762
16	6472
2	5345
7	7041
2	7984
16	5755
2	7087
15	6340
7	7546
10	6897
2	7153
2	8597
11	6899
14	7437
18	6849
16	7260
7	6979
2	7145
2	8826
2	6381
12	6461
2	8374
11	7515
17	7335
7	7610
2	6701
7	7142
2	9002
2	7812
16	4751
5	6631
2	6977
2	5526
2	5766
17	7258
16	6041
7	6874
16	7682
12	7993
2	6970
2	1496
18	6625
2	5898
16	7008
18	6489
2	7165
2	8491
17	6359
17	7618
16	7084
16	6726
14	6620
17	6608
7	6960
2	5897
2	7641
2	6910
2	5928
2	5873
10	5872
2	4175
13	6469
7	6689
2	6331
17	7211
19	5914
16	7189
16	6732
14	6900
12	7646
2	7475
7	7291
2	6452
16	7088
16	7632
14	7089
18	6425
19	7393
2	7543
2	7096
16	6691
17	5425
2	6881
7	7471
15	6198
17	7594
2	7170
10	6552
2	6242
4	7090
2	7057
7	7872
16	8924
2	7063
7	6956
14	7578
2	7574
2	6537
16	8587
2	7921
16	7443
2	7214
2	7145
16	7636
2	7386
2	6603
18	6573
16	7233
2	7047
1	8055
2	5802
1	6746
2	8604
7	6435
18	6710
2	6860
6	5014
5	5661
2	7531
2	7268
1	6567
2	6654
7	6841
2	7326
10	6213
2	5942
2	7840
2	6713
11	7269
7	7734
11	7869
2	7306
2	6558
16	7963
2	6328
6	6178
2	7780
2	7757
16	6886
16	7438
7	7479
17	6544
16	8146
16	8095
7	6247
2	7658
2	7007
2	6514
2	8062
7	6877
2	6952
16	7041
2	6512
11	6362
10	8072
2	7453
2	7007
12	6815
2	7286
12	7640
2	8150
16	6759
17	7284
20	7749
2	7258
19	6431
16	7278
2	7618
7	6005
2	7521
14	7608
16	5821
11	6617
2	5844
2	5956
16	8064
16	7743
2	6786
17	6425
14	7735
16	7853
2	7804
16	7375
2	7331
2	6989
14	7546
2	7174
2	7343
13	7133
2	3300
7	5938
2	6906
11	7390
7	5829
2	7716
2	6748
7	5904
16	6645
17	6175
16	6835
16	6633
19	7024
15	6715
16	4857
2	7226
2	6596
16	6316
2	6796
17	1895
7	6984
2	7206
16	8562
2	7288
2	6308
7	6806
17	7336
16	6536
2	8092
2	7096
2	6178
2	7951
2	5926
2	7087
2	6842
2	7038
5	5334
16	6762
2	8236
2	6667
2	7621
16	5849
2	7150
2	7147
7	6714
2	7855
2	6790
2	7149
2	6940
7	7538
2	7869
2	2882
11	5811
2	6300
14	7628
2	6231
8	6871
2	7112
10	7783
2	7012
2	8144
2	6670
2	6534
2	6094
2	5678
2	6875
2	7603
2	8288
2	1419
16	7364
16	7299
16	6727
2	6890
17	6420
2	7728
17	6733
2	7738
16	7599
2	6668
13	5440
2	7250
2	6911
1	7226
16	6739
7	1270
2	7675
8	6515
2	5502
16	6955
11	6912
2	1802
2	8296
7	7374
17	7460
2	7518
2	6338
2	8636
2	6688
16	6796
2	7042
2	7127
2	8037
2	7157
2	6647
2	7171
2	5900
19	6927
16	7090
2	6554
7	7320
10	5116
7	7380
2	497
1	7175
2	5892
11	5619
2	6129
2	7090
2	5972
17	6555
2	6847
2	6465
2	7730
12	8520
17	7574
17	7703
16	6451
2	7495
16	6326
7	7072
16	7867
7	6713
16	7712
2	7275
16	7153
7	8003
7	7275
12	1566
2	8790
14	7517
2	5909
16	7120
2	8493
18	7801
2	7336
7	7109
19	7469
2	7857
2	7242
16	6822
2	7361
7	5527
7	5763
13	6194
2	7626
2	5906
9	6600
16	7626
19	7493
2	5745
7	8025
7	6100
2	7849
1	7277
12	6231
3	5955
3	7008
2	6429
16	6211
2	6229
2	6534
2	8673
19	7207
16	6474
7	7310
18	7086
2	5878
2	6986
17	7450
7	1626
14	7662
19	7981
2	6802
16	8228
16	6352
2	6880
16	5833
2	1488
2	6065
1	6460
17	7329
8	6551
2	8778
16	6113
2	6137
9	6870
16	6156
16	7710
2	7696
16	7659
2	7540
16	6698
7	9340
16	7757
16	6756
12	7421
16	7450
2	6211
2	5716
2	7644
18	6485
2	7150
16	7324
16	8104
2	7191
2	7994
2	7626
8	6229
2	7238
2	7488
17	5859
13	7431
2	7913
16	7115
2	7121
19	6283
2	7632
19	6743
2	5882
2	8535
2	6887
2	7980
5	7801
2	7450
1	8437
11	6728
16	7094
16	8065
18	7718
2	6901
11	8381
2	7407
18	7242
8	4708
2	7806
2	6425
17	6305
19	6192
2	2324
2	9110
2	6422
16	7593
6	7286
7	5742
2	6137
2	6727
2	7057
2	8464
16	6280
2	6318
14	7561
2	7120
16	7035
2	6224
2	7672
9	7689
2	9174
18	6123
2	6403
2	6607
2	7147
16	6996
16	5754
2	7192
7	6424
16	6209
2	7417
2	5940
1	6973
16	7247
2	6838
13	7711
15	6103
2	8761
16	8181
2	6990
16	6407
2	6617
2	7503
2	7174
11	6893
17	7666
5	6087
2	6787
2	6774
2	7197
16	7467
2	7108
16	6771
18	7449
2	7244
2	8354
2	6856
2	5173
2	6789
16	7340
2	7157
16	6880
14	6240
7	7850
2	5649
2	8064
2	7962
16	6869
2	8186
2	8890
2	6961
11	6767
16	8135
2	6967
7	6541
2	6647
2	1769
2	7743
2	6894
12	7471
5	6108
19	7021
2	5942
12	6019
6	7130
2	7509
2	6371
16	7532
1	6273
2	1864
16	6653
17	7290
2	7041
17	6902
12	6470
16	7231
2	7348
12	6796
1	7404
2	7041
16	7006
14	6271
2	6048
16	5685
11	7796
2	7994
11	6715
12	5864
2	6917
19	7584
2	6648
2	7048
11	7665
16	5824
2	1143
16	7788
13	5707
19	5332
2	6853
2	6891
2	6985
2	5783
16	7779
2	7030
2	8089
2	6723
16	7800
2	5257
12	7911
16	7096
2	6721
2	6116
2	8308
2	7921
16	7727
2	7833
11	6424
11	6730
19	8122
2	6971
11	8232
16	6898
13	7629
16	6129
2	7971
16	5112
16	7670
2	6698
2	8130
16	8704
2	5761
3	7553
2	7258
2	5904
2	6948
2	7382
2	7684
18	6433
2	6865
2	7322
2	6068
2	6648
16	7546
2	7526
17	7681
16	7793
7	5663
17	6571
16	6699
13	7783
2	7692
18	6095
2	6913
2	7365
16	6822
20	4882
2	7188
2	7114
2	6773
2	7936
2	6630
3	5763
5	6816
7	7344
16	7629
2	7073
2	7656
2	7878
16	7120
2	7388
2	7673
3	4453
2	7099
11	6714
2	7009
6	7496
2	5700
16	6301
16	6651
17	6091
2	8202
2	5784
2	6795
2	6455
2	6483
2	8129
16	7670
13	6515
2	7919
3	1646
5	7376
7	9574
2	7482
17	8293
1	6683
14	7184
2	6603
2	5760
19	6887
16	5129
2	7443
2	6634
7	7418
17	6974
2	6985
2	7195
2	6344
2	7136
12	6370
2	8168
2	7603
2	7048
2	7107
16	6109
2	7083
13	6396
16	6736
2	7141
2	6955
19	7363
2	7013
16	5900
2	8725
2	7081
17	6755
2	5946
16	7007
2	7637
2	7678
5	5578
2	1791
16	6652
2	8432
2	6584
14	5228
2	8011
2	7865
2	5502
2	7971
7	7095
7	8065
19	6651
2	7702
16	6896
7	5926
7	7103
16	6740
2	7329
16	6706
2	7575
6	6582
16	8426
7	5988
16	7481
2	9336
19	6518
11	6656
4	6637
16	8128
2	8510
16	6728
2	6589
2	7421
16	7039
19	6592
2	6624
17	6455
16	7748
19	6260
2	7261
10	6837
16	7003
19	8347
2	6808
2	7270
2	7351
2	7502
2	7580
6	7467
7	6798
2	7011
16	994
16	5760
16	6891
16	5814
14	6268
2	8588
17	6796
2	5972
2	7138
2	7557
16	7553
16	7308
14	6817
1	6074
2	7864
2	5456
16	6813
18	8279
16	8534
16	2110
5	5910
2	7647
2	6056
7	6278
4	6895
2	9648
2	6296
17	6290
2	6963
2	7681
7	4558
7	7003
2	6674
7	7033
2	7730
17	7856
2	7659
2	6195
2	7708
2	6774
16	8160
7	6904
7	6460
2	7568
15	6054
7	7402
16	8101
2	7183
2	6793
2	7942
2	7575
14	8430
2	7197
17	6600
16	6736
2	6737
19	6493
7	8666
16	5717
7	6965
2	7648
2	7395
7	5642
2	7081
5	6191
2	6525
16	7769
6	6224
18	6273
2	7236
16	6895
2	7134
2	6840
16	6670
6	754
17	6813
2	6418
12	7887
2	2240
2	8388
2	8670
16	6939
16	6573
7	6233
2	7898
19	6832
13	6816
2	6231
2	6587
2	8788
2	7447
16	6036
2	6723
2	7565
19	7424
2	7161
2	5756
2	7039
16	6826
16	8607
2	7934
2	8416
2	7453
7	6835
2	6693
9	6074
2	6939
16	6613
2	5783
2	7300
19	6431
13	6303
6	6717
2	7137
2	7227
16	6771
16	6705
16	6191
2	6114
2	7878
2	7833
11	7157
7	6519
2	5561
2	6968
16	6904
2	8614
2	7753
11	7412
16	6632
16	7243
2	7295
16	9642
7	1497
2	8480
2	5951
16	6941
2	5932
2	5430
16	8097
2	6468
2	8228
19	5637
3	5370
10	6704
7	7053
16	7017
2	7254
16	7863
2	7723
2	8319
2	6040
2	7045
16	7780
2	6283
2	7000
16	7085
2	6098
2	7407
14	5450
3	6243
6	7002
7	6425
16	7227
2	7840
19	7418
12	7686
16	7209
18	6630
2	6678
2	6304
7	7794
2	7028
2	7384
4	5062
2	7983
2	7127
16	6855
16	5603
2	6936
16	7092
2	6634
2	6692
16	7662
16	8031
12	6680
2	8168
16	7935
5	5936
2	6817
10	7327
7	6785
16	7251
16	5902
2	8120
2	7019
2	8302
2	6146
16	8164
2	7850
4	6193
17	7437
2	7021
17	8323
2	7442
2	6194
18	6454
2	8662
2	7426
12	6946
7	7426
2	7442
16	8346
12	6249
7	8335
2	6926
2	6671
16	6838
2	8031
2	8213
6	6145
2	6317
16	6499
2	7143
2	7434
14	6335
16	7914
7	8395
20	6645
16	6926
16	6544
2	7607
7	7556
2	7923
13	6125
2	8462
7	7777
14	6364
2	7941
15	5885
2	7715
16	5656
16	7734
16	6101
2	6731
2	7391
2	5988
18	6831
2	6699
2	6616
2	6444
14	7533
17	6940
19	6938
17	6869
2	2073
2	7349
2	7050
11	8068
2	6944
7	6324
2	7745
2	5662
16	5762
11	5635
19	7354
13	5270
20	6276
2	5790
2	5904
19	8048
16	6831
2	8479
2	5167
2	6266
2	7790
