6988	8424
6194	7343
3656	5944
6562	6701
6968	7814
1830	3219
6177	8168
7077	6753
5181	6756
5656	6848
6708	7014
6574	6529
5595	7278
8264	8362
6141	4803
5138	7944
4940	8278
1890	6958
5934	7620
1804	4503
6005	7957
5924	7111
7161	6787
4537	7675
6835	6919
5097	7553
3233	5324
3472	6707
5895	7074
6883	7124
7756	6691
6645	6148
4638	7072
4689	6796
4604	8176
1386	4410
5927	7589
5848	7959
5988	7169
4743	6433
5307	7510
6382	6396
6792	6789
5514	7017
6734	7321
5197	7942
6087	7155
5125	8212
5901	7005
7304	7322
6193	6843
4939	7261
2329	7354
2731	5444
6620	6517
5202	7655
6460	7679
6379	7340
6011	4789
6938	7211
7053	6800
6900	6782
5952	7145
5581	6027
4606	6428
6944	8873
7549	8427
6578	6978
4520	6507
5712	6372
5326	7183
6129	7257
4466	7697
6350	8221
4849	6119
6059	6312
6739	6839
5960	7010
6512	5940
5310	7135
5145	8302
7766	6719
3841	4642
6612	6895
6139	8077
5421	7768
4934	7366
6197	6530
5326	5130
6356	8019
6459	6378
6004	8355
4092	5292
6399	6646
2038	5570
4561	6777
6651	8308
2685	7982
2812	5471
2084	3005
4707	8040
6085	7891
5890	7328
5830	7403
5243	7317
5451	6734
5446	6052
7300	6207
4091	6121
6716	8337
5444	6626
6206	6041
6117	7201
5488	6918
4343	8330
6374	6845
6771	7858
6688	5248
3842	4293
6498	7079
6505	7509
6759	7747
6116	7478
6861	6765
5070	6838
4601	6958
5222	7974
5927	7189
6733	8351
5489	4937
4803	7793
5422	6241
4580	4069
5797	7039
6096	7006
4288	8138
1145	4126
6984	7294
5286	7595
4377	6813
2196	5380
6169	7151
6281	8224
5884	7165
4733	7319
3675	6018
4456	6184
4612	5668
4818	6607
7420	6342
7758	5476
5919	6853
2384	4862
7452	7470
5650	7751
4666	7164
6253	7674
5717	7473
4800	7264
4124	4874
6272	7064
4624	6806
6750	6617
7187	7078
5479	5500
7102	5907
6624	6404
6155	9121
6514	6864
4500	5764
6580	6989
7149	7157
5430	8077
4899	6679
5996	7785
4306	6561
5274	4894
6982	7944
5662	7321
6881	7873
6219	7286
5246	8867
6897	6676
7785	5974
5261	5845
6034	7204
2039	5636
8207	7008
6804	6342
5134	7366
7328	6543
6652	7502
5843	7965
3380	7393
6584	6734
7141	5472
6695	6800
7993	7203
6527	7045
3052	5351
6710	7176
2908	5336
7083	6861
3851	5887
6913	5835
4689	6048
7630	8244
6864	7127
723	3537
7199	6690
3662	4587
6125	7652
2672	6222
4715	7663
6329	7238
2852	4464
5630	7390
6553	6938
8229	7070
4823	5954
6704	5830
5936	7677
3379	4499
7936	7252
5584	6217
6609	7862
7092	7713
7650	6818
6433	7587
4466	6597
6717	7734
4299	2559
7014	7328
2303	5106
3169	6155
6922	7500
2752	4916
5981	7918
6774	8626
5320	7135
5993	7335
8195	6256
5428	6798
5317	6128
5512	7712
5681	6896
7018	7144
5325	7541
6466	6746
2862	6810
4668	7654
7126	6489
3971	4999
4210	6221
6172	7147
6120	6729
6802	7699
6794	7705
6291	6578
5086	7573
6140	7621
6200	7298
4752	7351
5211	7841
5642	7373
6394	7073
4031	5184
6324	7642
2948	4923
2641	7031
6489	6444
2986	5898
5695	6284
3647	6763
6017	6527
4882	7441
5950	7671
6110	7292
7546	6336
7703	6904
6280	7217
7038	7550
4259	7098
5906	7891
6485	8044
726	4151
4807	7251
5004	6760
5381	6998
7215	8215
5566	6790
6693	7075
4749	7244
6408	6856
6303	7753
7061	6248
5657	7357
4558	8998
5377	7773
5239	6863
6557	8056
5629	7383
6435	5154
6184	7613
5899	6445
6108	6829
7880	7858
4719	6868
5237	7375
6221	7628
7349	6220
6167	7700
3457	5533
4745	8101
5597	6994
6836	6344
6553	7079
2595	5681
4088	7575
4070	3934
7475	6662
4982	7345
4874	6434
5980	6173
5266	7156
5108	7641
5165	8340
3169	4726
6828	7594
7812	7821
6773	8184
1563	4048
5978	6085
6917	5884
6016	6603
2796	5876
6700	6757
6735	7286
7206	6926
4852	7884
6924	7392
5114	6653
5295	7603
5703	7326
5232	7239
7044	8283
6798	7751
5616	6772
5279	7800
3085	4519
5314	7627
5117	7717
3725	4647
6149	5994
6048	6578
8467	8352
5703	6345
7215	7829
7217	7560
5782	7148
4508	6732
3355	5627
3546	5839
5642	7767
6778	7509
2479	4948
5759	7181
5483	6988
6532	7197
6051	7093
4830	7288
6098	6175
7071	6946
3793	7349
2320	4316
2480	5602
4449	6727
6282	6712
6415	7282
1483	3904
5383	9231
5738	7778
8479	6927
4956	6914
6587	7601
3122	4847
5041	9305
3628	5530
6042	6775
5383	7652
6086	7252
7361	6384
5511	8482
4406	7763
4581	7133
8009	7179
7072	6444
5687	6637
6339	7309
5622	6201
6426	6910
4855	7848
5904	5579
6911	7092
6594	6572
6894	7504
5503	7057
3385	6819
3759	5055
2311	5834
7104	7209
6730	7673
2467	5260
5151	4969
4990	7406
2396	3708
2357	4499
6862	7369
6334	7793
3378	5490
3511	4843
5877	7389
6256	6745
5765	7239
5144	7107
6047	7619
3559	6053
4719	5202
7453	6592
2454	2725
6497	7466
4214	4728
5072	7214
4355	7537
4098	7185
6089	7243
5661	6553
5639	6515
6246	6898
6285	6519
6612	6891
6768	7040
6665	7576
7028	7653
6232	7937
4350	6833
4880	5389
6471	7291
6410	6591
5307	6509
5518	9050
6982	7326
5897	6774
4932	5756
6253	6047
6082	6984
6137	6449
6487	7882
5760	7407
6670	8576
4524	3905
7135	7333
2372	4667
3511	4906
7516	6798
5567	6906
3660	5861
4652	6444
6969	7233
2225	6311
4614	7185
7283	6230
5858	7870
4879	2956
6559	7063
4868	7434
4443	7345
6523	8509
4981	7594
4964	6919
5458	7073
6071	6730
5669	6709
5353	8309
7790	8071
5317	8060
6653	6406
7442	6764
4604	7123
5154	7024
6304	6191
5177	7839
4772	5391
6677	7362
5007	7982
6720	7324
5260	7919
4839	6822
2913	5744
5915	6829
2922	6247
5846	6882
4716	5901
6786	6775
2949	5441
6026	6886
6251	6925
4554	6599
4247	6423
6151	5939
4959	7071
4831	8637
2849	4660
2942	4135
6990	7753
7040	7158
5031	7416
6140	6741
6401	8129
3360	4967
5152	6591
5870	7510
5912	6314
7038	7172
4206	7046
3815	5527
5358	8012
2721	5160
3721	8549
6621	8001
3399	4000
5699	6574
5728	8474
4895	5624
3180	6383
6818	7768
7600	7048
5189	7478
2279	6744
3952	7316
6394	6900
6822	6226
3225	5086
5964	6826
2801	3323
6522	5423
6136	7395
7905	8040
6429	6356
6752	6459
3868	5837
6998	6800
6711	6818
7280	5709
6784	7095
5792	7071
6630	7143
6618	7255
7353	7877
5668	8138
3027	6358
5997	7237
5383	7203
5167	6487
5873	7689
5288	7521
7129	7149
2830	4482
6178	8638
3507	5594
6891	7654
6599	4965
3295	4974
5324	6603
2305	5062
4414	6256
5842	7080
3950	5523
5569	6858
4299	6527
3343	5664
5795	7599
5522	6481
6335	7157
8637	6794
6120	7451
2456	5342
5310	8007
6598	6795
3563	5614
6934	7340
1486	3274
6963	6101
4646	5629
5239	7358
1727	3878
5410	6763
3204	5207
5293	6544
5736	7698
4387	4835
6192	5961
6240	7197
3909	5243
7510	6341
4303	6904
1116	4252
5487	7266
5420	8380
5374	7109
7595	7509
3461	5605
5352	7803
5493	7501
5756	6757
4458	7528
4667	4742
5646	7234
2309	4708
6922	5396
3099	4551
5918	7892
6047	7235
6883	7416
4902	7882
6880	7166
6056	6782
4671	7663
6317	7681
7609	6891
5662	6409
7162	7902
5304	6566
5618	7979
5838	7400
8860	6955
6577	7553
6540	6548
5938	7781
7457	6792
3710	5391
6104	7153
3169	5020
6788	7378
7110	5836
3602	7457
5727	7055
6365	6357
7052	7199
2836	4689
4971	6191
5578	8231
5522	7266
1987	3424
6182	6983
7525	6392
4421	7936
6880	7706
6674	8096
4904	7482
6039	7208
6649	7139
1264	3427
5224	6706
6216	6680
1930	3952
5886	6976
5717	7135
6051	6788
6776	5839
3362	4949
4707	7354
7539	6247
6133	7607
5427	7525
2919	4507
6060	8006
2164	7266
6342	9965
3918	5906
2642	5365
6828	7494
7345	6662
4398	5180
5686	7009
5052	6414
5944	7707
7300	7828
4588	5264
5443	6197
6300	7302
5950	6661
3207	5760
5753	6500
5343	6385
5238	7139
3769	5957
532	4690
4275	7870
3648	8164
6483	7319
6014	8053
6664	7687
7175	7132
6084	7138
5863	7703
7419	6309
6984	6776
6343	7484
6407	6917
5288	7991
5169	6827
2162	5353
5569	6902
7067	6464
4747	5769
6143	7361
3562	6202
5263	4726
4707	5959
6281	7004
4585	5740
4816	7185
3679	3671
6839	7440
2489	5427
3229	4977
5708	6868
5232	6996
7368	6920
2798	4804
3402	4880
5617	7236
2251	5417
6058	7425
5025	7071
6886	7395
8409	6786
6320	6917
6089	5752
3606	3987
5363	7383
5964	7957
4859	7579
6652	7500
6434	7730
1432	4711
4968	8513
6861	7313
3040	6602
5204	7510
3853	7112
4031	4005
6640	6122
5715	7425
6998	6910
4534	4494
6188	6369
6324	6363
5550	6348
6623	7939
6684	6813
3450	5884
7217	6742
4897	7898
7478	7256
7003	6515
3403	4687
6345	6950
3365	7512
5568	8040
4973	7585
5551	6164
4744	8118
3623	5197
3099	4692
7203	6658
3224	4515
7890	6410
8482	7393
6045	6613
7504	7047
7260	6960
6611	7846
6337	6827
8411	6234
7451	6894
6216	6943
5329	6998
6387	6817
7341	7828
6279	6882
4767	8248
3507	4896
5826	7186
4759	5089
4130	5265
3105	5246
5542	7818
6393	6890
1829	5941
3871	6830
4736	7078
6654	7332
2705	5295
6091	7507
3748	3592
6543	7065
5366	6946
6353	6707
5309	5930
7792	6372
728	1460
5389	7392
4661	6074
4367	5630
1750	4077
6877	6540
6082	6917
6091	6973
6358	7551
7686	7009
4394	7026
6022	7159
5923	7491
6591	6134
6456	6526
7418	8268
6804	7194
8482	7453
6656	7365
3559	5159
8741	6586
3349	5992
6923	6282
7380	6724
7229	6569
6395	6570
4557	2806
6900	6761
6861	7672
6155	6776
6011	6908
6679	6903
6301	6476
6037	7483
5739	7173
6306	6858
5079	7538
6961	6076
1700	4716
7185	7354
5860	7552
6409	7287
6896	7793
4661	7898
6504	6116
6734	7409
5730	7604
7789	6679
7195	7249
6780	5470
5765	7169
5776	7067
5708	6708
6364	8614
7393	7584
4366	7232
7785	6850
6518	7367
5950	5970
7296	5330
6515	7255
6082	7999
6521	6964
7244	7068
7848	6344
3614	4836
5045	7384
6927	7928
6216	7524
5961	7084
5397	7810
6655	8062
6782	7507
4108	5960
3611	5070
7939	7181
7124	7083
5077	7838
6821	7948
5796	6797
4796	7990
5053	9145
7634	6444
6013	7371
7736	7223
3891	8153
7225	6529
4960	7316
5734	8011
6338	7554
6291	6800
5854	8597
6174	7373
3669	6996
5181	7072
5682	6759
6690	5953
5115	6070
6788	7115
7155	7275
6611	6955
2592	6905
4164	6857
5163	7881
8543	6818
4466	7243
5517	7364
7981	6053
6953	5471
6636	6422
4748	7260
4351	7006
5421	7829
5367	6210
4505	7416
5746	6438
5948	6094
6084	6952
4790	6109
7312	6695
5574	6761
6194	6907
4825	5733
7348	8363
6179	6256
5726	6975
0	5801
6283	7465
5505	6566
2574	5730
6657	6794
7872	7651
6175	6731
5025	6511
6556	7301
1731	3669
5444	6859
7665	7035
7640	7581
6720	7060
4319	6550
5382	6970
5853	6601
4921	7439
6414	6240
5622	6827
7415	6283
5138	6706
4726	6930
6645	6149
6175	7142
5711	6063
7159	5783
6841	7722
5004	7043
5172	8018
4433	6280
6229	7045
4333	7751
4951	6904
6806	7561
5987	7833
6237	6867
1927	2018
6698	7335
7430	8576
6638	7714
5458	6425
4242	4686
7454	7498
5628	8632
5411	6878
7662	7091
5355	7540
2541	6608
4108	5040
7390	8528
4894	6710
6353	6736
6339	7496
7138	5578
6671	7264
5208	7087
4175	4689
2925	5298
5301	6963
6808	6729
3625	8148
1109	4356
4760	8780
4061	5268
6929	7364
5970	7263
6829	7567
7203	7197
4131	7282
6719	7081
5841	8076
4149	7119
7601	8131
5151	6620
7110	7411
5416	8130
6481	6550
7684	6405
5018	6827
6438	6870
5309	5910
6783	6723
5876	7725
4586	7712
4897	7320
2037	0
7115	6851
5729	7066
4637	5393
6358	7083
6374	6852
4764	8168
6009	7252
5601	6274
2307	4141
5398	7816
6558	6538
6277	7113
6494	7688
6721	7228
6269	6853
5391	7640
6071	5207
5558	6070
5484	7412
4455	6913
1800	5329
5635	7420
4399	3550
6164	7451
6257	5448
2191	4865
5423	7978
1800	5159
5704	7661
5506	8757
5756	7776
7893	6916
6097	6816
5551	7317
7487	7245
6299	6885
6441	7462
3487	6482
6112	7060
3935	4049
3964	4284
7288	7175
6090	8003
6090	6640
4605	6781
2168	3895
4705	7292
4013	4685
6586	7281
5291	7153
3628	6464
6129	7179
6281	6476
7316	7808
3990	7711
6473	6514
8063	7332
1850	5150
5407	7270
2962	6332
5817	7384
6491	7133
4700	6634
4821	6855
6117	7297
2786	6125
5335	6657
7124	7310
5967	6467
8011	7229
5741	6141
6548	6972
4371	8251
6882	5941
4953	7977
5937	7195
5214	5388
1879	4332
4389	7381
6664	7770
5841	6806
6563	6820
6026	6427
4486	7103
5003	7297
6112	7387
7624	8322
4331	7276
4679	7990
3342	4871
6266	7569
5642	7654
7365	8124
5628	6347
5134	6610
3220	5355
2458	6718
5869	7830
5750	7427
2921	4841
5648	8040
3953	5735
6075	7317
7012	7736
7606	7406
4613	7624
5229	7562
6010	6249
5465	6838
3194	2274
6203	6408
3932	4845
4631	7563
4679	7891
6551	7679
6047	7062
7913	7272
5626	6660
5509	5915
5786	8081
8585	6390
7144	5207
4350	7498
6026	7986
3983	5628
7143	7235
6361	9322
2532	2606
4490	5742
8109	7259
3075	5835
6905	6688
5230	6845
7593	7676
7117	7776
2514	5186
5359	7543
4699	7196
5181	7845
9128	7222
4569	4936
5440	7098
5520	6470
6680	7511
4445	4304
3103	3911
5124	8082
2519	4791
6143	7465
5805	7896
6840	7101
5206	7102
6754	6590
4139	6314
4194	7978
5454	6486
7644	7214
4277	7313
4723	6894
5398	6661
7819	7582
2926	3442
6247	7975
7824	6838
2929	3708
6566	7133
5221	6269
3144	4480
5385	8798
5657	6513
4085	7284
7186	6188
6312	5448
5020	6767
6520	7225
4430	5756
7082	6676
3781	6746
5953	6947
2992	4824
8186	7516
7919	6561
6424	7353
8240	8125
1540	5850
6614	6246
4776	7566
6835	7370
5951	6838
2298	3897
5903	7096
7286	6849
6897	7024
2889	5435
5164	7223
8068	6994
5544	6732
5819	5733
5955	7841
5814	7974
5712	7602
4763	7528
1559	3986
5670	6807
6619	6588
4960	7362
5920	7421
6784	6933
4802	7710
4869	6911
2965	4674
4758	7103
7023	6915
7334	7576
5778	6727
6230	8247
2800	5335
5876	7184
5587	7027
5502	7111
3619	5093
5927	6074
6017	7600
5503	8183
6279	6433
6245	7430
5653	7184
2866	2394
4938	7010
4698	7120
6777	6683
2599	5754
6212	8023
7889	6592
7353	8109
6610	6633
6220	7576
4952	6793
4191	5664
7053	8074
7981	5790
5538	7313
6590	7746
6845	7079
6087	7203
4414	5206
7932	7313
7442	7726
3174	6590
6560	3584
3594	7734
4755	7435
2086	2573
6611	6970
6086	6702
5204	5680
5829	7301
7285	6950
6363	7782
4508	6804
5673	7856
8020	7556
5215	8444
6661	6180
4583	4300
1796	5064
5078	5512
6196	8018
6572	6783
4716	6076
5259	6822
5783	6588
7046	6858
6052	7377
6486	6971
3100	4532
6034	7216
6623	7950
6282	7817
6257	7123
8241	7203
8048	6993
4493	7322
3003	4774
6549	8138
6346	7012
4989	7247
6763	7231
5577	6582
8030	7144
6908	7400
3503	5190
7815	5277
6416	7585
4193	7130
4108	4413
3102	7189
5712	6983
5085	7189
6432	7081
6414	8243
4450	6796
5633	7807
3295	6201
6512	7507
6386	8427
6945	6998
5831	6869
7367	7324
6367	7222
5381	7148
7183	8146
5899	6668
5763	8674
5920	4753
5438	7506
6109	7049
5468	7275
5885	6487
4489	7467
6953	7741
3952	7148
3574	7283
5400	6764
5147	6319
5296	7178
6454	7157
2294	4923
7035	6575
5378	7472
5876	6084
7028	6265
6045	7476
8468	6989
5650	7394
6273	7544
4833	6991
5724	6620
7874	6687
5502	7383
3172	5379
7272	6311
5317	7042
4983	8603
6079	8291
6774	7486
5165	7633
7514	7836
8605	6889
6748	6895
4631	6294
7167	7441
6365	7491
6950	5626
4334	7778
5733	6918
6313	6531
4896	6857
6650	7021
2466	4119
7398	7498
6381	6979
5926	4879
6553	7014
7574	7152
2891	5545
6447	5801
3887	5447
2945	4364
6218	8157
5363	7518
7386	7259
5469	7082
7239	7165
2329	6894
4133	4616
5626	7458
5874	4746
6475	8059
6089	7710
5794	7056
4796	7512
7023	8044
6058	7088
4510	7971
5684	6688
6444	6659
8882	5886
4066	7432
5356	6400
7233	7422
6156	5416
5855	6328
2052	3391
5259	8352
4628	7029
5830	6613
5368	7338
2339	2785
5452	6960
6173	7109
6156	6066
6775	6410
7024	7970
4434	6888
6202	8428
4721	8219
8091	8287
1939	5298
6070	6964
5432	7825
7845	7980
6404	7287
6705	7634
6655	7650
5340	7149
6781	6991
5490	6752
2580	4768
5233	7344
6732	6671
5597	6990
1631	4130
6822	6898
6792	6524
2414	4625
3495	6959
5459	6715
5879	6063
6279	7458
5539	7871
6005	7690
6367	7129
6766	6947
6454	7948
6624	6663
3513	4724
8620	6771
6082	7500
6834	7263
6682	7230
4555	8225
6531	6492
2845	4947
5094	7778
5203	6456
4413	7214
3353	7731
3865	4767
6782	7160
3615	7924
5924	6948
5322	6455
5030	6835
4219	6036
5729	7315
7069	7135
7251	7411
5637	7210
5919	8177
5843	6700
6791	6254
4337	6988
7081	6724
6274	6992
6763	7290
4960	8458
8428	7480
6068	7396
4727	7216
5470	7351
7247	7580
3213	5222
2757	6717
2655	5033
6006	7089
2349	3460
7452	7618
5749	7293
6015	7392
5946	7465
5337	6900
5578	8412
7297	7320
6419	7620
5384	8328
5960	7997
4695	7101
6605	7265
5120	7255
5077	7856
4057	5004
5781	7124
7027	7981
1252	5606
6305	6184
7108	7579
5066	6637
2608	4218
5225	7132
7871	6935
8065	6343
7152	6599
6864	7006
6101	6993
8192	7018
6643	7664
3200	7334
6568	7038
6018	7107
4359	6188
6352	7322
7422	7767
5499	8515
4501	7514
6599	6992
6404	7651
6740	6744
6573	7260
8090	7680
2312	4881
5978	7944
2829	5115
4987	6766
4596	6702
4557	7083
5073	7948
5184	9094
3725	5772
6053	6906
6535	7498
5954	7809
6924	6867
6719	7348
4840	6524
7671	7952
6057	6891
6489	6727
6021	6279
6677	7450
6275	5389
4523	8006
6975	6455
5605	6881
5142	6925
6503	8868
366	4219
6183	7360
6900	6441
4610	7244
5482	7326
6683	7189
2688	3608
8096	7091
5033	6979
6346	6643
5752	7256
3133	5053
6776	7190
5054	5707
6124	8285
6038	6688
6144	8269
4928	7286
5204	8878
6998	7584
2790	7028
5808	8075
4437	5467
3323	5246
6969	7186
3592	5903
3472	5535
5710	6832
7196	7626
5786	6858
6309	7189
3327	5298
5918	8879
4583	7187
4804	8024
3579	5318
2298	4865
6001	7095
4969	7162
2403	5314
4661	7777
6860	7885
2386	4196
5452	6800
6370	7038
5025	6629
6744	5896
5939	5132
6696	7744
5379	7356
5441	6689
6146	6676
5794	8637
6299	7419
4643	6690
5800	7570
6911	7438
5598	8091
7753	6894
6747	7252
5465	7128
5250	7249
5456	7585
5391	7536
7630	7617
4672	6355
2630	4190
6616	6566
4707	6308
6767	7805
6862	4860
6256	6839
5613	8026
6814	7185
5191	7332
7803	9357
5785	7805
8497	7399
7044	6968
5999	7287
7165	7424
6632	6465
7788	6796
3245	5031
8134	6410
5449	6324
6622	4926
6973	5235
5455	7635
5194	6439
5486	7333
5798	6408
7552	7955
5317	6763
6334	7924
1435	6322
7195	7320
6030	5857
6609	6844
6988	6245
5024	8442
5155	7387
5205	6641
6272	7743
5390	7294
5957	7165
5683	7411
6628	6918
6133	7293
6466	7250
6286	5533
5627	7572
7427	7024
4183	6384
5435	6445
6327	6289
5661	6534
4902	7627
7129	7850
3979	5719
4518	8072
4355	7343
5124	7463
5935	6681
5763	8848
7058	7028
5187	8156
5963	7278
5896	6243
5312	7228
3031	5979
5347	6898
6823	7364
5993	7686
5942	8099
5043	7788
4044	7773
6249	7155
3478	5028
5528	6873
8177	9623
4785	7638
6520	6874
8586	6524
4707	7389
5312	7273
6009	7547
4974	7461
5201	6068
6021	8139
5992	7862
1635	3044
4164	6863
7391	7366
6406	6924
5819	6207
5576	6022
7111	6988
6592	7083
6158	7454
3092	2395
5493	6592
5384	7870
4623	6939
5316	6981
7570	7084
5224	7581
5893	7535
4976	6943
6540	7004
5757	6297
6390	6599
6835	8184
5905	7622
4789	7225
4949	5663
4981	7043
6803	6930
6663	7067
7704	5858
3555	5264
6199	7290
6062	7368
5388	6038
5121	6975
5919	7102
3584	5550
6057	7427
7537	6381
2830	4626
5668	7115
5183	6600
6003	6423
7218	7768
6467	7687
5770	6829
5301	6804
2960	6037
5666	6855
6236	7903
3738	5756
6130	6661
3238	5815
5632	7028
2394	5723
6491	7873
5813	6497
6337	6046
6255	6659
6467	6713
5310	6730
6923	7944
6385	6527
8441	6979
7789	6535
6230	5471
3179	5929
6048	7280
5797	6814
6266	7582
809	3815
4337	8067
6616	7176
5045	7251
6495	7329
1928	5793
7463	7625
5132	6596
5494	5155
6084	6875
5701	6945
6848	7501
5869	7682
6970	8606
6129	6821
5448	6942
4076	4994
4161	6008
5308	7323
6837	7399
7405	6372
4672	7685
7536	7385
7717	7469
5705	7048
6509	7599
5245	4617
5341	7768
5375	7162
5798	8296
6721	8156
6659	7098
5531	6237
6954	6709
7070	6795
5616	7103
1890	3555
7362	5041
3115	4798
5529	8015
6708	6650
2670	5810
6205	6534
5170	6741
7157	5701
6689	6591
5518	7554
5088	7146
6213	7164
5212	7995
5991	6820
5563	7555
2304	4826
3574	3794
7268	7906
5247	7347
6402	7196
7052	8045
7049	6687
5390	6952
6446	7458
2673	7084
4145	8460
5183	7432
6588	7801
6510	7039
7926	8028
6199	7636
4640	6544
6445	7013
1881	3771
6750	7350
3578	5661
2933	5360
7229	8391
6661	8512
5740	6192
6064	7279
4645	6910
1800	4894
7075	6816
6577	6706
5877	7393
7717	7536
5429	7848
7017	4481
8135	6354
5975	7401
7488	7308
2480	4685
7861	6212
5637	7971
6334	6590
6109	5748
3169	4156
3879	6159
8585	6825
5739	8252
3279	3540
2350	3827
7400	6443
5442	7698
6137	6902
6176	7143
5416	6048
6511	5733
5434	7525
7207	7019
4396	6305
5727	7322
5658	6659
6605	7320
5050	7159
7204	7924
7982	8633
5828	8369
6373	7640
5608	5671
4633	6924
6811	5897
4955	7899
3975	4878
6934	7803
5212	7157
4887	7953
4121	7688
5883	7246
7183	7322
5620	7201
5890	8906
5348	5785
5757	7453
5545	8063
3459	5591
7285	7537
3438	5557
6209	6365
3676	3788
6709	7189
6253	7916
8485	8146
5301	6185
8429	6986
5374	7316
1583	4384
3956	5515
5782	7106
2547	6021
6546	7953
5938	6337
6378	7319
3590	6650
7431	7757
6288	7248
6076	6010
4694	7493
4751	8154
4768	7113
2873	4239
6088	7242
7625	7540
5721	9999
5698	7043
4435	6670
5617	7337
5882	7314
4503	5967
6020	5907
5445	7337
7350	7992
8007	7109
3438	5881
6285	7562
4061	6824
7126	7354
309	5009
5206	7249
7549	7124
5996	7480
6139	7370
5774	6372
4653	8235
6434	8456
5611	6757
6154	7666
5351	7323
7260	6900
4188	5508
7179	7766
6692	6731
6133	7033
5109	7354
5674	7595
6064	7785
6130	7362
4092	4381
5836	7341
5876	6411
9151	7055
3826	4614
7119	5849
6471	7589
5986	7642
6934	4502
4595	6904
4712	6977
2229	4884
4824	6958
2599	5061
5740	9863
5471	5746
4894	6086
5855	5288
6108	7363
5866	6652
5317	6937
5917	6211
6812	8379
3346	5866
7059	6947
2057	2884
5841	6825
4783	7823
5717	7030
5255	6948
7222	7502
5404	6436
6687	6832
9084	8412
5908	7501
6909	7417
7281	7149
5276	5797
6776	7241
7127	6762
5407	7311
3728	4836
6974	7329
5236	7687
5843	7416
3909	5040
6795	6038
5182	6586
4622	6771
5597	6738
6514	7282
7435	6802
6865	7854
5817	6857
4955	7253
2874	5674
7170	7312
6956	7809
6665	7172
1934	4080
7246	7384
3337	6211
6517	7440
4274	7410
5122	6984
6291	7244
6697	4050
5646	7142
4627	6463
4537	5561
6340	7377
2255	5316
2603	6249
2778	5023
5187	7450
6417	6626
5540	7358
6371	7509
7316	7323
4658	7255
6873	7671
5503	7566
6861	7393
7669	7701
4919	6867
7126	7704
3676	6521
3716	5158
6176	7290
6637	7243
6159	6880
6002	6546
5270	8044
5794	7351
7424	6500
5664	6972
3457	4780
4901	7230
5622	8103
5992	6988
5114	6896
6847	6446
6237	7176
5939	6115
7936	7119
1664	5081
4441	6553
6202	7236
4925	7258
6234	7112
6371	5481
1106	3118
3633	6236
5753	5864
5945	6864
4140	6559
5492	6963
5904	7865
4503	7401
6439	9085
5910	7383
4880	7745
7012	7739
5915	6884
6477	7083
6324	6168
5609	7169
3364	4909
6336	8617
6343	6996
6021	7179
5378	7833
6943	7069
4519	5369
5866	6733
4715	9295
6544	7697
8103	6254
6178	7451
3578	3807
6623	8647
5458	5702
3701	5376
6364	7122
7225	7017
5414	7719
6823	5675
6128	7720
5983	7560
2515	4314
6437	6851
6062	7096
5517	7486
6848	7165
5835	7149
5883	7235
6677	6062
6182	7417
4426	6628
5678	7409
6355	6377
6433	6406
6112	8650
6568	8078
5843	5899
5733	6675
3304	4948
6617	7011
6564	7221
5115	7534
6983	7593
5684	7640
2568	2480
3041	6248
5029	7516
6851	7320
7166	7575
4030	5937
4148	6701
6825	7424
5519	7321
909	4017
7098	7208
6633	7213
6323	8494
5967	7178
3773	7340
5884	6894
5486	7014
2656	5653
6319	7427
5959	7150
6159	6962
3117	5192
4056	5608
6165	7626
4303	7349
3354	5316
1820	6744
5860	6640
6137	7463
4835	6532
6553	6825
6776	7419
4276	7986
6324	7482
7045	6914
8909	7416
5702	6846
6524	7219
2061	5744
4940	6261
7387	7420
6064	7871
8748	7174
5138	7011
4494	5569
3941	4815
2969	6602
7997	6297
6192	8959
4254	7299
3933	6793
5421	7214
6031	6531
3116	2900
5608	7026
4478	7637
6348	7502
7095	7396
6412	6568
6397	7416
5127	7928
1185	4472
4917	7019
1911	4180
6060	7756
7812	6415
8050	7442
5422	7013
5065	7304
3963	7226
5849	7165
7314	7030
4640	7517
4723	7899
6973	6141
6328	7118
5046	3556
5848	6356
4630	6363
5528	8058
5827	6858
5063	6936
4345	5265
7104	7842
5601	7368
6638	7984
6595	7435
5205	7505
6445	7807
6539	7414
6482	7254
7049	6934
7419	6911
5505	6511
8178	7545
6786	7949
6840	6892
5151	7176
7053	7378
4061	5789
5652	7465
6390	6397
5625	6640
1671	5607
5082	7420
6121	7998
6016	6803
4955	7371
3929	6904
5863	8001
5606	7095
3393	5323
8445	7041
6551	7589
3623	4401
6107	8429
4891	7102
4672	7251
2739	5023
5152	7587
6190	7477
6253	7758
4627	7990
4354	5759
5541	5270
6772	7753
2255	4966
7012	7265
5705	7418
5537	6620
5463	7512
8178	7674
5696	7652
5654	6930
6019	4424
7069	7664
6666	6493
6060	7186
7145	5866
7000	6954
4763	5915
5189	6446
6855	7936
2296	5994
7326	7560
7603	7010
7519	7515
2780	4590
6970	6470
6591	7715
6475	6957
5332	6836
2778	3997
3793	5404
5717	6933
7834	7111
5636	6892
3821	6970
5709	7450
7004	7161
4799	7568
5797	7031
2501	7167
5692	8637
5426	7078
3442	6611
5569	6455
6619	7883
5209	7507
8057	7945
4951	8366
5202	5113
3988	5672
5640	6892
5086	5623
7285	6820
6957	7465
5021	6891
4909	7162
3243	5098
3841	6378
5856	7434
5954	7105
5633	7852
5882	7917
8314	7403
1247	4101
7287	6742
7722	7042
6116	7262
6602	6983
6614	6697
5244	7008
9999	7324
5227	7703
4834	6550
6692	7694
6668	5482
3885	7712
2297	4699
4056	5448
6847	7274
5600	6771
6698	7563
7053	7236
4623	6606
4661	7155
8091	5100
6973	7097
5922	7542
6110	7156
8002	7196
2964	6106
5525	6748
6049	7385
6680	6159
6274	6259
6593	7720
3965	6069
5466	7269
4573	2017
6447	7756
6807	6565
5843	7328
7499	7122
5287	6497
5108	7537
7285	7637
7620	8919
6411	6632
4032	4380
7283	6279
5595	6962
5583	6446
5337	7156
6249	7147
5410	7910
5063	6555
6111	7675
5875	8178
6272	7323
7936	7590
5561	7251
6593	7301
1753	3484
3891	5656
4150	5149
3876	5069
6851	6878
3925	5513
5727	8153
9546	7323
6724	7670
5656	6893
1977	4779
6697	8118
5868	7258
6527	7162
2475	4954
6290	6886
3357	6293
5937	7297
7600	7374
4781	7774
3691	4118
7405	6993
7720	6783
5115	6485
6469	7050
5811	7436
5478	6326
6510	7118
6111	6670
6235	6930
6248	7580
2720	5296
5912	6247
5853	7116
5033	8473
7722	8177
5586	7321
7139	6850
6693	6849
3770	5785
7529	7668
2917	6153
3381	5431
4272	7559
4827	7081
6533	6531
6889	7416
4541	7300
6057	6940
4275	5569
8131	6859
5186	6336
1381	3808
4646	7660
3437	5539
5998	7102
5812	7313
5519	6883
4865	7988
4289	3809
5524	6987
6836	7452
7052	6546
6455	6953
6255	7599
5936	5702
4448	6809
5724	7515
6204	7515
7517	6680
3724	7922
3184	4468
4472	4765
6621	6516
5473	6488
4834	4888
5634	6764
6554	7313
5152	7745
3940	6771
2679	4960
6333	6814
4781	6936
2890	4583
5177	6933
5454	7670
6706	6034
7213	6956
3503	4051
5882	7368
6403	7956
3316	3849
5727	7199
5043	7837
6039	7711
6714	8182
6798	7587
7418	6920
6315	6433
5889	8837
6229	7319
6336	7442
7047	7007
5720	6535
4303	2772
4955	6966
5399	5788
5317	6884
5615	7173
5787	5712
6693	8681
4707	7288
5380	6759
5581	6862
5511	6692
7355	7621
4732	6532
6306	8410
5482	7178
6003	7686
6815	7313
6077	7645
6550	5329
5480	7890
5828	7523
5573	7631
5441	6724
6078	6793
2559	3936
5107	7599
4610	7328
5387	7379
6430	7060
6140	7174
6860	6144
6969	7398
5829	6875
4850	7658
6117	8344
8305	5955
7315	5627
5756	7490
5670	7768
1535	67
5952	6712
6010	7253
3371	6908
7683	7541
2993	5411
6604	7515
5064	8897
5776	7637
2883	5974
3772	6206
3148	4857
6887	7542
7719	6967
3521	5045
6401	6703
5719	7296
4578	5635
5255	7314
6187	7761
5226	7612
6494	7439
6543	6366
6143	7278
3987	7438
4102	5228
5195	8530
8836	6927
7553	8112
5599	7843
4788	7652
6572	7272
5292	7952
6022	7657
4978	7792
5750	7468
5988	6954
5108	6797
4384	6200
1381	4831
6110	6294
4954	7528
7104	7321
6061	7601
5496	7961
4593	6433
1891	5249
2868	5927
4450	5475
6631	6505
3127	3751
5503	8008
3897	5138
7300	7575
6870	7493
3981	4436
4664	4832
4685	7701
2178	6498
6504	8900
6021	7489
4957	6504
5539	6984
5156	5020
7348	7724
4796	6692
5816	7534
4810	6886
6870	7033
6455	7678
5569	6895
6556	6405
7658	7924
5172	6898
5358	6995
2993	4696
2660	5353
8269	6857
3113	4451
6290	8226
3453	7085
4142	4704
2303	6235
8076	6627
5649	7280
4758	5715
6688	7219
6036	6458
2364	5221
6893	7176
5289	7371
6002	7398
4430	6489
5214	7527
6595	6900
8267	6046
6008	6675
8331	7584
6174	6326
7753	6990
1404	5650
5543	6213
3707	4764
2717	4565
7566	5597
4615	5727
5717	7283
6821	6785
6391	6960
6518	6958
7079	6261
5947	7345
6465	7571
6388	6926
6800	7129
7389	7702
3068	5738
4718	7500
3299	5434
4309	4984
6331	7120
3167	5905
6095	6362
5810	5500
6690	7189
8274	6171
6480	7511
3188	5734
7169	5773
6184	7699
8332	6400
5358	6979
6146	7292
5612	5971
7812	8291
6778	7396
2913	6686
5614	6876
6527	6927
7305	7541
5734	8073
7582	7480
3100	5322
6734	8143
7679	6169
2687	6256
7724	7470
6681	6617
5401	8690
2584	2861
2084	3443
1519	4947
3857	5375
8322	6768
6156	6744
2169	4381
5444	7094
6440	7183
7350	6820
5521	6604
6440	7329
4388	4700
6966	6335
5787	6961
5567	7228
5213	6642
3768	4001
6350	5570
5650	7418
6282	7854
3965	7284
4919	7268
5140	7202
5411	5891
7939	7562
5645	6729
6165	7402
7205	6402
6583	6204
5749	7768
6102	7401
4378	6220
5459	7446
5856	7646
6097	6868
2200	5024
2642	6491
6422	5824
6659	6092
5678	6808
6216	7014
6510	7413
6666	6762
4597	6439
5620	6787
6486	6980
4359	7818
5393	6989
5643	5920
3654	7217
6763	6911
5846	7431
6512	7699
4037	4671
6734	7134
4580	7561
6624	7302
4071	6895
6391	7589
5671	7385
7118	6924
6264	7475
3395	4698
1907	4614
5771	7573
6424	7137
3944	3265
311	3577
7976	4976
7808	7180
7023	5999
5931	6079
6506	6827
2905	7417
4938	6573
6922	7530
5521	7035
6274	7470
7927	6704
6999	6732
4690	7625
6026	6853
7455	7248
6594	6583
6564	7261
6592	6858
4643	5039
4626	6923
5319	6574
6106	6599
3344	4268
6505	5871
4779	6597
4975	7313
6130	7890
6370	7055
6228	6860
5019	7497
7605	6494
3336	6204
7355	7278
5492	7347
5716	7493
4708	6649
4226	5350
4821	7002
6312	8155
6165	6550
6673	7626
3628	7900
6513	6630
6808	7209
4974	6587
3918	5865
6285	4737
6074	6574
4555	7399
373	2881
3326	5544
6017	6655
5755	8291
2037	5095
6117	7406
6246	6408
5344	6883
7460	8360
6827	6137
6447	7250
3914	5564
7417	8164
5750	6772
6511	7754
6529	7469
6161	7714
7844	7315
5697	7812
4157	7346
6427	7411
5987	6534
5230	6964
5243	7646
6236	6013
7401	7033
7345	7218
5792	6458
5750	7534
6140	7384
5204	6954
7626	7462
6949	7042
5333	7910
5177	6733
5065	7195
2762	4587
5334	7835
4701	7518
7446	7119
6774	6722
6177	7535
5768	7146
4453	4965
5215	6989
6469	8798
6952	6398
5632	7280
6449	7250
6451	7444
3874	5178
7019	7322
5782	7667
4631	7556
7310	6943
5074	7133
3815	5302
6800	7453
7682	6960
5869	7093
5645	7181
6179	7071
5822	7099
5420	8883
6544	7760
5608	7121
6202	6245
6603	7739
2224	3293
5709	7433
5914	7559
4979	5978
4281	7137
6478	6648
5123	7116
6546	6638
4800	7236
6134	8340
5608	6666
6624	7562
6526	7800
6075	7570
6115	7192
6039	7892
5251	7401
6025	8415
5908	7284
5532	6978
3729	6617
8111	5917
7373	6768
5797	6171
2770	5038
5254	7770
6483	6983
4845	7609
6134	7845
6232	7892
6089	5856
4466	6202
5218	7104
5241	6708
6124	7007
1935	3975
6489	7100
6220	5231
2184	4596
5850	6624
5144	6711
5953	6525
6181	7341
1988	6447
4671	7159
2498	5700
7086	6468
7450	7414
6473	7026
5641	7496
1526	4001
6761	7176
4337	6559
5285	6778
5801	5541
6684	7423
6342	7471
5277	7714
6377	7269
6927	7368
3690	6872
4895	7234
5698	8373
5086	7021
5405	8698
5817	7063
5518	6059
5701	7768
5498	6771
7386	7309
7138	7408
7534	5976
6281	8132
6164	6640
6532	6824
5934	6883
1663	3954
6448	9406
8852	6604
6561	6893
5415	7440
3373	5869
5767	8170
6189	7244
4918	7149
4024	5810
4472	8418
5477	6960
5436	7423
3596	3994
7565	7782
4988	6903
7843	6992
6383	7178
6813	6952
6189	6380
5262	6573
4722	5446
7099	7157
5602	6396
5708	7024
5982	7217
7935	7495
5099	7161
6486	5705
6916	8277
6478	8252
5712	5853
8161	6960
7091	7093
5813	6449
6782	6587
7108	6526
6149	6170
5476	6509
5767	7083
6520	7101
6337	6455
5645	6681
3528	5193
6108	6535
4379	6402
4936	6549
4886	8340
6615	6453
3759	5685
2982	5296
5442	7625
4859	6500
5957	5985
6584	7166
5638	6794
5330	6405
4697	7582
6668	6765
5456	6629
5402	6787
4320	7335
6826	7569
5296	6838
4991	7687
7008	7383
2556	4022
7413	7775
6764	5887
6543	6911
7154	6803
7210	7458
5001	6877
4609	7649
3838	6974
4398	6839
4485	6457
6746	6713
7749	6480
4550	7069
5300	6821
7108	7656
5496	7364
6001	7736
2580	4969
3134	4800
6373	7411
6114	6797
8108	7725
