4653	812
4105	494
7647	1043
5298	751
3231	851
7376	923
7292	1460
8105	1421
5083	1108
2488	747
6930	1316
6017	842
3976	839
5254	746
7901	1459
6944	1363
897	732
3617	1124
4268	238
6878	932
3670	560
6710	1364
6242	1780
788	765
4484	424
6685	1395
7373	703
2571	3738
4631	886
7168	1456
5555	1552
3993	747
4586	753
6365	748
4786	738
3111	1073
6795	483
6062	297
3249	911
3881	631
6005	636
3999	448
4088	567
3960	609
7285	1420
7934	743
3271	721
2848	264
4296	704
5261	611
6905	590
6964	1440
6391	688
4223	1487
6943	1545
4879	498
7202	530
5074	1125
3805	668
7627	1698
4707	896
4827	1005
3746	1077
4957	808
3054	345
4238	1511
3403	911
4457	826
4896	554
6833	172
6281	274
5293	929
4550	287
6970	414
2473	827
6138	1083
7387	518
4712	1292
1948	3127
5821	1697
3291	1369
2929	4408
5778	1923
2372	485
6414	1563
5528	711
7818	2024
4639	443
5158	1921
8888	1613
6573	1081
5542	717
7261	1053
1475	978
4527	1749
9655	1476
6752	1461
3650	492
5979	511
3250	985
4534	979
4492	1581
6121	1235
3773	750
5021	1087
6501	1267
6249	1432
5778	844
5631	800
6892	1488
6228	1007
7585	1208
4797	457
5340	747
2291	709
5866	1153
6372	1361
2096	731
3323	614
6495	600
7790	1590
4719	1164
4716	1228
8515	957
4299	632
1775	3114
3845	1279
8418	1016
4526	337
5410	801
2497	880
5712	642
5394	1673
6488	1254
8777	1551
4341	1189
2306	4573
3802	781
5247	756
6512	1383
2684	467
5328	391
5668	399
5382	1399
7293	1626
3655	1224
4176	697
4131	982
4161	613
4198	422
5462	545
5391	540
4065	1823
6371	4201
5933	140
5716	717
6340	673
7809	1912
2128	1542
3578	149
4010	685
7205	1328
4940	715
5498	498
2733	3012
6954	1223
7796	1147
3112	578
4044	662
5024	652
3485	403
8089	1203
6506	611
3920	453
5473	355
5167	1372
4119	1079
4831	818
6819	1168
4471	582
4075	838
4605	1518
7266	1052
3848	374
3745	556
3971	400
8122	1496
3814	935
5480	513
4867	907
4808	733
7365	1081
5935	615
6002	1217
8526	1666
6996	1691
5490	597
5838	945
2662	541
4148	974
3084	1019
4438	246
7374	1326
3297	743
5874	648
2731	1014
3833	1592
4794	598
4877	1162
6719	721
7468	562
6825	1042
1517	547
3204	481
5118	970
3868	457
8007	1105
4646	135
6914	483
5278	1120
7364	1504
4676	1399
4684	1518
1547	518
2937	560
4340	301
3465	469
4923	512
4188	379
4717	684
1578	275
3653	777
7548	643
5059	866
5166	785
4178	265
6509	1197
6390	1316
7122	970
7940	1807
5952	1462
6293	1313
3990	879
6075	1613
4030	896
5142	474
7302	988
5638	1488
5739	809
6386	686
4297	1143
2007	465
4951	553
6095	1740
3638	1310
4989	610
868	267
7305	665
4469	870
6869	878
6509	1076
4130	991
2770	485
2548	678
5070	601
3726	882
3406	292
6145	1090
6556	730
7480	793
9642	1568
5088	1432
3808	669
6577	1293
4346	796
7218	971
3799	1424
5899	757
4526	421
5555	915
7085	1340
7078	514
8293	1344
7327	849
5179	455
5552	635
1472	637
2941	375
7222	1131
5545	1336
6557	1409
7308	1659
7801	1299
5105	719
8656	1194
3534	1364
5474	854
6297	773
6628	878
6177	519
6945	1265
9467	1655
4194	252
7491	1000
5540	1339
3555	639
6107	527
3355	449
3588	1456
4732	3240
8013	1109
5858	1005
5398	1113
4618	566
2789	378
4268	1084
5326	786
6077	532
4952	1811
3002	685
5202	747
7588	1506
3027	451
5400	678
2005	485
5226	661
1528	258
2507	758
7974	1512
5023	516
6565	481
6870	1060
8269	949
4851	530
3882	431
5960	1114
6833	791
5991	920
6832	445
3186	665
6104	1908
3835	3614
8007	946
4235	628
8398	901
8591	477
5427	1278
7869	1176
2775	439
5256	1124
7679	1095
9101	1240
5608	915
4738	430
3311	606
6022	1174
6433	916
3612	1691
7503	541
5974	1426
5134	866
4624	840
5947	680
3273	200
6490	600
5806	597
4805	1198
2946	662
7148	1590
5905	894
2791	311
2861	509
1891	480
2833	443
6797	854
6609	1205
9064	1011
5045	543
772	552
4087	624
3984	1135
3662	620
1807	294
4341	1089
1612	0
2570	564
3753	544
2456	365
4486	1032
6940	1292
5551	740
1756	939
7713	813
9248	1326
5139	1069
1950	1481
6737	638
1900	573
3293	504
7045	595
4693	900
5249	301
4806	517
2629	547
7772	1480
3897	337
5746	4787
4996	413
1897	1068
6142	984
4188	1068
9268	1970
1620	1012
6729	1473
6764	1356
5744	1153
5577	266
5630	782
6929	1079
5360	802
5708	617
6513	685
6117	1635
6884	972
3925	776
5556	992
4728	781
2663	698
3019	564
9999	2343
7002	721
5393	782
6761	892
5452	571
5055	1576
6238	627
4985	1132
2781	1273
5693	1210
2674	1758
6539	668
7138	835
4836	1213
8409	1083
7052	1437
5240	594
5108	754
6857	484
4502	1432
7583	1004
1842	552
3717	330
4272	836
5345	753
7138	1886
4318	2249
2474	8229
5596	5140
4891	434
6788	469
6558	940
7209	1633
8583	1397
2504	617
2215	469
4443	486
3969	399
5611	1072
1051	388
2916	573
6854	951
4392	376
6647	1330
7830	1609
5485	271
5995	824
5166	948
5466	1464
6599	802
4595	742
6845	1046
5382	736
4650	303
7914	1633
6058	1237
3922	514
7426	868
7039	1502
4696	617
6849	1308
961	567
8441	1418
7195	1153
5014	956
6850	985
2720	824
4900	706
7254	969
8012	1348
5218	650
3742	1154
4638	1405
5947	1612
3850	874
5499	885
6404	1514
8063	1384
5239	592
3645	416
5001	981
4264	365
4526	990
6427	1488
2607	857
6208	773
7737	1419
3481	516
2013	793
8038	1313
6291	841
5597	1289
4724	583
7606	1627
7413	1280
2254	933
1213	477
5522	210
6878	403
8881	1457
5834	655
5207	451
4283	570
2133	566
7467	1133
2017	1468
5813	3435
5494	490
6166	3890
4073	495
5078	954
8331	701
3905	904
6967	821
7077	694
6362	1447
4796	656
4841	367
7141	920
8915	1545
7165	1340
1947	1474
5719	814
4367	1240
5312	470
2730	615
3534	647
2619	806
7733	4794
4819	461
4353	553
4598	391
6606	643
3761	1128
6015	1559
5568	1329
3140	1431
7964	2019
7194	650
3051	582
7323	1177
2588	645
4646	331
4439	757
1653	586
2945	1837
6935	1315
2692	9999
1223	463
5721	1057
7217	1524
3651	473
2755	700
5355	532
8226	624
5701	925
5815	266
2875	779
3937	511
4209	563
0	832
6767	1156
6601	606
8234	1224
5739	561
4143	611
3872	612
3320	822
6268	909
6890	760
2421	441
5442	551
5874	604
5284	788
8232	989
5395	674
4141	477
5753	777
2985	1560
5149	757
4182	897
6347	5562
5189	390
3536	1417
1963	763
5465	549
7931	1334
8401	1323
2089	629
2125	178
5262	567
7067	1545
8065	1224
3033	614
5548	482
6596	821
3343	156
497	1028
3169	206
7786	1119
3857	136
2827	479
5431	1313
6146	562
1549	827
5438	720
6186	1686
1847	1258
7585	690
4016	418
8752	1433
3789	19
7638	794
5504	399
5661	556
1615	391
6247	725
6676	907
4461	384
7531	675
7761	1006
4527	982
6816	1007
4683	507
9037	1203
6545	1317
8187	760
6595	96
7841	1128
