5222	5949
4854	5865
4944	4699
6126	4211
5824	5662
4831	4860
6659	2622
2806	5675
8438	2475
3572	5632
6875	2713
8215	4177
4756	3516
5395	0
7839	3502
4159	3121
7391	2687
3995	2614
4057	5819
4519	4338
4527	2750
6892	3215
5667	5760
5906	4226
4816	3241
5804	4501
2864	5146
4509	2633
5380	4267
4823	3407
5119	7995
6113	4920
6728	3277
3896	7212
7955	2401
5046	6150
7704	5244
6815	3960
8005	3640
9232	4021
5894	4050
6309	5711
3874	8238
6340	791
7800	3188
7007	3972
5748	3924
6127	3167
3982	6623
3819	6612
6443	3401
6462	5065
4823	2503
8945	3837
4621	5198
7238	2354
6599	2850
4367	2187
7409	3078
7352	4945
3363	6863
6034	2961
2062	5863
7627	2952
5287	7744
5564	5056
4021	7580
6442	2409
7367	1939
6255	3521
4935	5636
7445	2950
7801	1091
7526	3673
2150	4796
7337	2738
5951	9999
4673	3154
3169	5813
3792	6325
3191	2384
4969	5345
3090	5797
5920	2658
7152	2602
3551	5050
3256	4839
8099	3607
3319	2653
4927	2923
6136	3485
6276	4232
4329	6338
4298	5705
6159	2907
1838	5834
7603	3424
819	5829
6448	2459
6970	4522
9010	4025
5688	1496
8550	1880
6421	2807
2419	5480
2582	5400
4593	5746
6574	3602
5368	2395
5118	3836
3583	3833
3215	3977
6580	3210
4538	4876
7949	3270
6935	3947
4875	6375
8400	4684
2394	4044
6823	3789
5939	4218
7704	2926
3445	6556
8293	3465
6370	4037
6918	3706
5982	2684
2707	6456
4876	2892
7436	4020
3188	5426
4865	5754
6552	4802
3321	4453
7237	2495
4059	5837
3761	4618
3355	5829
5587	4707
4911	5812
4347	5105
5822	5423
6024	5516
6053	3991
4092	6448
8796	3567
0	3920
5102	2603
4396	4571
4776	3718
7542	3229
6843	3028
5204	3661
4337	3638
3643	5668
3189	4929
2322	6102
6472	2319
5050	3689
6573	3015
2966	6537
5534	3320
5700	3830
3274	7379
5001	3578
7169	3441
5523	4387
6777	3318
5971	2968
5311	4399
5178	5891
7661	2127
6929	5146
7686	4621
6038	5705
7731	3469
9197	2897
6199	2093
4610	3277
3541	4832
2556	5759
8125	4156
8170	3456
5340	6031
5537	4142
5060	2691
7314	3965
6444	3583
3280	5200
6304	2996
5874	7974
7581	2265
6220	1998
4798	3672
4801	2968
5823	5930
4769	5154
4513	3229
5496	3272
4738	5067
9097	3907
5405	3255
2611	5466
4126	5421
7235	2332
8271	3373
3922	4987
7589	4162
6007	3286
4206	6855
6426	6108
8805	3458
5225	3890
5194	3089
8611	2807
4737	5133
6304	4469
6434	3951
2889	4861
6306	2418
6065	2332
6380	3159
6480	3507
8856	4051
4753	5869
4652	3627
7286	1900
2690	6370
7751	3082
3355	3920
4955	2865
4037	7385
6214	3234
5560	3053
5902	3218
7250	3787
3947	5845
6683	3426
7587	4041
6109	5316
3256	3830
6033	5842
6353	3771
6302	2592
7569	2569
8384	4346
3838	5562
3801	563
7709	4059
8150	2671
5177	1291
4969	3355
6995	2287
3703	6634
9147	2031
4486	5235
6694	1728
6153	4919
3544	6153
7612	3110
5256	4332
8256	3197
6205	3460
8161	1984
1780	6726
3326	2638
4203	3756
5087	4033
7764	2628
6581	3777
5987	2553
6895	3261
3320	1961
5471	1568
4016	4493
5626	2550
4621	4678
6661	4167
4909	2315
4814	1423
4954	2901
7790	3992
3750	2078
5003	2245
3571	4318
3689	6518
7187	2021
1158	5279
4172	4728
2140	3340
5693	2681
8080	3446
3679	3133
4825	4644
4767	6452
3896	4550
3848	3573
7143	2467
3527	6499
6283	2748
5039	3854
6380	2978
4119	3708
6256	2914
4612	3294
6811	4854
4492	7246
8581	2773
5855	6394
5438	2701
5561	5739
7944	2808
6854	2911
3435	5368
3639	5626
3139	3681
5704	5189
4469	4878
2274	5300
3514	7460
6914	4273
1682	2561
4338	3107
4856	5194
4544	4140
5203	6576
7983	3418
6549	3404
6892	3275
3747	5847
5090	2732
7376	1922
3016	5130
5465	4479
7358	3856
6673	1598
5101	4582
2060	6033
6998	3393
4599	1315
3498	4506
9402	3198
4089	3952
4896	4310
7601	2674
3256	6142
5606	6013
6576	2559
7464	3432
8655	2619
7238	4990
5514	3296
7112	3507
6455	5304
5910	1396
4543	3205
6611	3004
1256	7544
5800	4022
4673	5169
6783	4350
7902	2707
4396	4343
2761	4082
6774	5214
6853	5008
2953	7248
4162	5572
3729	5582
5194	3518
6353	4955
5761	5909
4313	6273
4878	6147
6728	4087
7813	1999
4198	5452
5136	2854
6159	3837
3727	2667
4538	2315
4452	5578
4414	4576
5163	3557
5251	5105
8689	3678
3941	4078
4776	4401
6322	3399
4344	2418
3477	3258
2786	5284
5011	5337
4997	3810
4260	6867
6159	3777
5038	3178
6925	3056
4901	4209
5666	3587
5552	3546
6563	3553
6074	5061
7579	3169
8222	1674
6628	3750
3973	3019
7933	3573
4343	5517
3864	2770
9395	2233
7199	2553
5740	2532
6028	2186
2054	5580
7133	3721
2045	6470
5047	3096
7033	3335
7119	2610
4321	3904
8913	3966
7174	4535
5428	2380
5603	5296
3510	3018
6010	5666
4407	8688
7871	3675
5574	2861
6669	3158
6074	4230
6513	3458
3712	5088
3245	3260
6623	2560
6549	3349
5542	4494
4904	4664
2142	9615
5970	5041
7493	4320
5128	4465
5026	5108
3987	3021
5374	5741
3522	2609
3175	4060
5436	3040
5468	2693
5323	5752
7172	3398
5475	5617
4185	4105
4464	2951
3702	6935
3200	5204
6030	5568
4821	4686
5600	4256
4467	5045
6422	2901
5116	6828
4112	3598
5299	2709
5744	2512
3851	6777
4422	5644
5136	2796
6036	2825
4083	6483
6514	5530
5039	2253
9999	3179
4981	1568
2760	6655
4441	4699
2734	4666
598	5966
5985	7608
5350	2137
4663	3952
3279	5086
7380	3110
8612	4491
7147	4353
5966	3031
2626	6550
4307	2076
4269	5550
2753	6044
7431	3101
3061	5081
9463	2380
5758	3418
3809	3725
3354	5790
4120	4573
7638	4716
7013	4745
6828	2793
7816	3645
5372	2668
6271	4678
4960	6470
9247	3415
4625	2132
6160	4686
4944	2642
4399	6233
5326	4832
5052	3093
6819	2656
7463	3681
7185	5139
7138	3924
4219	3318
4284	4464
3893	7336
6276	3007
6340	2352
3846	3833
5280	2951
3934	3467
7429	4725
4095	6645
3997	4812
7198	3384
8171	3513
5346	3795
8017	3234
4479	2300
1933	6484
5600	2217
4458	6269
4797	2715
8293	3695
5826	3538
6876	3413
7005	3947
3558	4514
7242	4212
5583	2236
4413	3904
4639	5417
7853	2972
5179	4090
4158	2504
3708	4814
5548	3712
4119	4012
4958	2655
5793	4856
7247	1859
4190	3044
5389	3428
4976	2030
6491	2614
6415	2404
4840	3574
6972	3940
4992	4190
5224	3535
4949	4793
3606	6039
3115	7305
6242	3826
7516	1962
6777	3681
6881	2745
6429	1250
6888	4501
4893	5084
4531	2665
7496	3861
4064	4583
5161	4646
5144	7989
3733	5626
6023	3262
7086	4906
6572	4556
7280	2658
7384	3722
6598	3557
7008	4634
8367	4010
5585	1909
6027	6259
6337	2518
5539	3178
4010	3994
6009	2610
5554	2219
6374	2586
5222	3011
5308	6506
5422	2960
3885	7818
8370	2348
3689	5599
5621	6325
5816	3095
5988	2332
8341	2293
5413	3742
6319	3791
6374	5539
6183	2288
3971	3477
7313	2788
6692	2674
7025	3113
7560	2467
6282	1444
6468	2949
6985	3972
6246	2547
5720	4397
7753	3315
7559	4053
6689	2937
3968	3214
5397	4410
4380	2347
5765	6618
7756	3880
5702	5227
3341	3006
7506	3471
5935	3570
6638	2222
8604	2542
6179	1530
3647	2765
6866	2422
5748	3468
3506	5658
6963	3466
1992	2216
