1	1376
0	785
0	4682
0	910
0	5927
0	671
0	1758
0	673
0	934
0	1311
1	2771
0	645
1	1273
0	1374
1	2366
1	1119
0	2513
0	871
0	2324
1	919
0	581
0	826
0	1382
0	6750
0	556
1	2585
1	670
0	1116
0	2793
0	706
0	2565
0	1214
1	1759
1	6457
1	710
0	1041
1	1006
1	1527
0	640
0	926
0	876
0	904
0	624
0	979
0	1301
1	2254
0	677
0	813
0	733
1	516
0	1078
1	723
0	1412
0	986
0	5909
0	753
0	1547
1	653
1	762
0	737
0	891
0	1074
1	2209
1	924
1	2344
0	514
0	369
0	1563
0	562
1	779
0	2096
1	1066
0	1939
0	603
1	2773
1	867
0	1031
0	1061
0	1273
0	1502
0	889
0	801
0	3939
0	1259
0	212
1	1339
0	891
0	614
0	2910
0	1072
0	1189
0	1310
0	798
1	834
1	1167
0	1048
1	1210
0	1199
0	3162
0	1989
1	945
0	3776
0	883
0	698
0	3777
0	1144
0	611
0	2708
0	877
0	4587
0	935
0	2517
1	1045
1	4939
1	713
0	909
0	369
0	423
0	1286
1	1363
0	766
0	1099
1	2530
1	1261
0	888
0	960
0	804
0	1019
0	820
1	4846
0	750
1	2065
0	4790
0	871
0	1199
0	1240
0	753
0	610
0	680
0	2221
0	805
0	590
1	1498
1	942
0	367
1	1661
0	701
0	525
0	947
1	1487
0	1155
0	666
1	739
0	4224
0	569
1	989
0	392
0	6063
0	606
0	849
1	1094
0	1138
1	6242
1	913
1	3535
1	963
1	906
1	1500
1	3804
0	1451
0	572
1	814
0	1395
0	864
0	955
1	1309
0	627
0	699
0	4534
1	655
1	1041
1	5433
0	1122
0	2178
1	1449
0	2547
0	818
1	2634
0	1026
0	772
0	730
1	1477
0	636
1	8949
1	3770
0	913
1	918
1	511
0	874
0	4282
1	1199
1	3329
0	549
0	1127
0	4552
0	763
1	1249
1	2841
0	264
0	3484
1	952
1	2267
0	3851
1	1067
1	1222
0	681
0	870
0	5351
0	3284
0	2508
0	2584
1	1390
1	1153
1	1256
0	911
1	3112
0	1971
1	418
1	779
0	3562
0	1124
0	925
0	654
1	1390
1	4337
0	902
0	2955
1	3153
0	5152
0	3085
1	889
0	1173
0	617
0	1411
0	1031
1	986
1	842
0	2018
0	1560
1	560
1	658
0	1178
1	322
0	1720
0	781
0	1353
0	1437
0	1281
0	766
0	687
1	899
0	709
1	1613
0	804
0	438
0	920
0	7463
1	3359
1	737
0	587
0	535
0	2058
0	594
0	835
0	676
0	1065
0	587
1	1838
1	2886
1	1306
1	1088
1	2674
0	4872
0	665
0	696
1	918
0	2357
0	629
1	4347
1	656
1	707
0	980
0	574
1	997
0	994
0	1395
0	1340
1	1888
1	1430
0	1082
1	717
0	587
1	7384
0	769
1	814
1	1297
0	2028
0	2472
0	663
1	822
0	2114
1	2488
0	1066
0	966
1	869
0	629
0	754
0	2992
0	1458
0	825
1	5860
0	755
1	2922
0	1677
0	938
0	2083
0	839
1	347
1	1012
0	971
0	971
1	1202
0	1362
0	949
0	4856
0	915
1	1068
0	1413
0	3561
0	7405
0	731
0	782
0	603
1	1909
0	980
1	4145
0	1665
0	893
1	863
0	700
0	900
0	1457
0	1455
1	1030
1	1214
0	1127
0	1042
1	1190
0	2595
0	449
0	894
0	325
0	762
1	5568
1	2647
0	734
0	1035
0	578
0	1006
1	543
0	2309
0	1923
1	1128
0	1003
0	5868
1	1213
1	812
1	1025
0	1335
1	913
1	3675
0	3455
1	1069
1	4609
0	1252
0	926
0	867
1	814
1	217
0	369
1	2005
0	1616
0	477
1	923
0	1285
1	790
0	4162
1	981
0	682
0	2941
1	688
0	7000
0	4737
0	1221
1	5561
0	539
0	2405
1	5630
1	4537
1	1996
0	1014
0	2306
0	742
1	4691
1	1305
0	1703
0	7741
0	646
0	1046
0	1118
0	872
0	619
0	1177
0	6021
0	1892
0	570
0	1116
0	2172
0	1024
1	1170
0	895
1	816
0	2077
0	723
0	1014
0	811
1	3342
1	840
0	1058
1	6641
0	6353
0	1237
0	859
0	888
0	2139
0	752
0	768
0	567
0	7529
0	923
1	5130
1	1006
1	1644
0	752
0	4291
0	510
1	719
1	7110
0	799
0	462
0	2392
0	1858
0	7017
0	7484
0	658
1	1717
0	1707
0	702
0	921
1	1261
1	980
0	1243
0	1164
0	489
0	1071
0	689
0	153
0	1781
1	801
1	854
0	2015
0	908
0	916
1	5371
1	1135
0	1048
1	1023
0	3733
0	1232
1	4170
0	1363
1	1008
0	1067
0	2566
0	1571
1	1371
1	5021
0	1283
1	1399
1	1497
1	1062
0	528
0	911
0	2627
0	854
0	948
1	7378
1	8267
0	7736
0	1627
0	7296
1	823
0	815
1	814
0	1684
0	632
0	2483
0	962
1	1057
1	1014
0	780
0	640
0	958
0	3638
1	675
1	1196
1	1116
1	1708
0	952
1	788
1	1901
0	1126
0	727
1	786
1	733
1	1064
0	439
1	921
1	2873
1	1111
1	957
0	565
0	1495
0	1417
0	695
0	3510
0	962
0	3018
0	923
0	967
0	2750
0	7135
0	5378
1	1066
0	1169
1	1014
0	874
0	866
1	2789
0	6383
1	1328
0	1011
0	818
0	1359
0	609
0	6352
1	624
0	987
1	1238
1	923
0	416
1	998
0	736
1	371
1	608
1	752
1	717
0	868
0	917
0	763
0	1492
0	801
0	533
0	2684
0	1264
0	1041
0	4752
1	1415
0	1298
0	987
1	684
0	767
0	1099
0	6381
1	1993
0	851
0	1622
0	978
1	673
1	829
0	1261
1	2442
1	610
0	275
1	1018
1	5047
0	1345
0	845
1	1428
0	1070
0	636
0	2505
0	1038
0	1068
0	700
0	781
1	1011
0	2921
0	514
0	997
0	952
0	540
0	983
1	1082
0	949
0	714
1	1548
0	656
1	2404
0	888
0	2166
0	832
0	5324
1	1173
0	975
1	2170
0	895
1	1942
1	452
0	3501
1	3439
1	1164
0	763
0	3935
0	1095
0	1197
1	809
0	3632
1	1593
1	1174
0	1226
0	3303
1	989
0	696
0	954
0	845
0	692
0	2592
0	932
1	2937
0	5714
1	2185
1	799
0	1945
0	1031
0	1014
0	855
1	1555
0	2764
1	7594
0	3185
0	2959
0	869
0	1166
0	825
0	629
1	1777
0	2011
0	1154
1	5757
0	929
1	884
0	1292
1	735
1	939
0	816
0	1992
1	1164
0	860
0	1149
0	3509
1	2197
0	1543
1	1246
1	1015
0	1063
1	696
1	3213
1	1920
0	1130
1	3782
0	1933
0	625
0	1297
1	935
0	1021
0	839
0	3500
0	1720
0	4678
1	866
0	930
1	1417
0	1090
0	727
1	1316
1	1120
1	1433
0	4251
0	1303
0	678
0	1833
1	871
0	7818
0	1249
0	1292
0	716
1	1733
1	1373
0	909
0	951
0	3214
0	646
0	862
1	3719
0	715
0	452
1	1064
0	469
1	906
1	399
0	840
0	1456
1	1138
1	928
1	3957
0	1147
1	992
0	1198
1	1187
0	777
0	954
1	1240
1	1140
1	1710
1	139
1	890
0	759
0	1054
0	648
1	2343
0	4755
0	823
0	6537
0	481
0	5859
0	3597
1	942
1	4940
1	2861
1	2255
1	654
0	1218
0	1580
0	1280
1	1518
0	1067
0	2716
1	1214
1	813
0	1106
0	657
1	1315
0	341
1	441
0	156
0	953
1	1265
0	628
0	580
0	532
0	623
0	1059
1	4370
1	909
1	895
0	597
1	820
0	823
1	994
1	3748
1	2027
0	1031
1	8410
0	298
0	959
0	591
0	1431
0	1133
0	524
1	4297
0	541
1	1492
1	1232
0	771
0	4628
1	1758
1	5754
1	3135
0	731
0	874
0	1002
0	953
0	2137
0	632
0	356
1	1747
0	1263
0	7144
1	2860
0	388
0	1003
0	1077
0	1375
0	447
0	867
1	2431
0	2390
0	550
0	2285
0	2505
0	2563
0	1005
0	1015
1	3170
0	2359
0	1243
1	1743
0	3895
0	1796
0	733
1	1108
0	736
1	1256
0	1005
0	439
0	567
1	957
0	1037
0	877
0	765
1	3169
0	491
0	912
1	985
1	4228
0	1041
0	4678
0	3043
0	461
0	1000
0	321
1	666
1	1034
0	655
1	1875
1	5672
0	4237
0	5368
1	758
0	1089
0	644
1	7242
1	1236
1	1073
0	609
0	1067
0	846
1	996
0	1798
1	1166
1	1101
0	6049
1	3702
0	6288
1	1423
0	1730
0	879
0	687
1	1253
0	997
0	2120
0	4138
0	953
1	7220
0	1007
0	521
1	1249
0	5013
1	1150
0	6366
0	6361
0	743
0	3373
0	5042
0	931
0	4084
0	1279
1	1057
1	1242
0	3072
0	1210
0	799
0	837
1	959
0	7155
0	2346
0	779
0	1126
0	771
0	1306
0	1031
1	1444
0	884
0	943
0	534
0	622
0	794
1	1077
1	733
0	439
0	913
0	866
0	650
0	1563
0	771
0	746
0	4936
0	2480
0	1109
0	2656
1	5804
1	2365
1	7676
1	844
1	784
0	806
1	1532
0	854
0	777
1	1291
0	786
0	1898
0	4093
0	1001
0	828
0	607
0	1515
0	2193
0	1314
0	735
0	1474
1	841
0	2994
1	1202
0	595
0	611
0	750
0	1783
0	1170
0	6358
0	733
0	1585
1	1837
0	861
1	1220
1	1323
0	1044
0	449
0	1087
1	934
0	1029
0	1295
0	4672
0	667
0	661
0	803
1	1068
0	627
1	595
1	4835
0	6241
0	817
1	1055
0	754
0	340
0	1878
0	897
1	7320
0	571
0	1291
0	1149
0	1665
0	1146
0	4603
0	449
1	799
1	1029
1	2953
1	1207
1	4939
1	1345
1	931
0	2853
0	665
1	579
0	1199
0	715
0	1271
0	1733
0	2011
0	4131
0	1561
1	1291
0	6867
0	1523
1	954
1	1128
0	954
0	5392
1	1048
0	1057
0	1567
0	3978
0	872
0	636
1	652
0	2963
0	573
0	1753
0	2054
1	880
0	888
1	1364
1	7446
1	1094
0	1241
1	927
1	2928
1	953
1	1104
0	832
1	1776
0	2253
1	2246
1	1395
0	310
0	3348
0	969
1	473
1	1728
0	2207
0	143
1	653
0	6417
1	1422
0	1143
1	835
0	2504
1	3408
0	997
0	2068
1	3679
0	318
0	976
0	959
0	5125
1	1033
0	698
1	2241
0	1427
0	6385
0	2033
0	5721
1	3930
0	1046
0	664
0	820
0	1122
1	1199
1	634
1	2558
1	3087
1	3972
0	663
0	4520
1	870
0	1544
0	3473
0	903
0	3006
0	550
0	900
0	930
0	1786
0	3787
0	774
1	1172
1	1540
0	725
0	3241
0	8552
0	1316
0	932
0	6713
0	584
0	5798
1	1341
0	1057
0	3486
0	823
0	225
1	1044
0	968
0	823
0	528
1	407
0	413
0	2667
0	639
0	977
0	867
1	2211
0	1740
1	970
0	870
1	917
0	1026
1	8382
0	978
0	4916
0	2146
1	1128
0	3830
1	1684
0	501
0	1155
0	732
1	4516
1	789
0	807
1	5370
0	816
0	726
0	792
0	672
1	1128
0	1917
1	973
1	3307
0	7799
1	1148
0	2477
0	802
0	1193
0	833
0	668
1	552
0	1441
1	650
0	625
0	1277
1	979
1	504
1	2218
0	718
1	1450
0	5570
0	5554
1	1099
0	1785
1	1358
0	377
0	3018
1	978
1	3257
0	1536
0	919
0	727
0	6070
0	844
0	757
0	870
0	754
0	1395
0	871
1	830
0	862
1	847
0	800
1	1045
1	848
1	2977
1	8875
1	7115
0	973
0	3287
0	4643
0	1037
0	961
0	582
1	2229
1	976
0	861
0	975
1	2683
1	2255
0	851
0	761
0	2150
0	826
0	1803
0	721
0	1234
0	502
0	1513
1	2227
0	759
0	1496
0	783
1	922
1	1235
0	942
1	913
1	1409
0	5483
1	3889
0	914
0	643
0	1070
1	1221
1	1265
0	1076
0	633
1	1506
0	3081
1	2011
0	485
0	716
1	3951
0	767
0	415
1	1063
1	1650
0	2968
1	1172
1	1107
0	720
0	1207
1	2215
1	1167
1	1174
1	828
1	1307
1	6105
1	4773
0	730
1	1110
1	3878
0	684
0	997
0	673
1	694
0	599
1	3386
1	1770
1	926
1	1098
0	606
0	5049
1	1249
1	956
0	1848
0	1922
1	1064
0	2069
1	1143
0	5588
0	4847
0	3727
0	1044
1	4289
0	1921
1	650
0	1989
0	1284
0	3281
0	999
0	2322
1	7938
0	741
1	4183
0	4060
0	601
0	735
0	1475
0	457
0	622
0	1321
0	940
0	2470
0	938
1	1128
0	422
1	2230
1	2276
0	1220
1	1292
0	1916
1	2040
0	973
1	852
0	949
0	316
0	2453
1	1012
1	646
0	4585
1	1067
1	5347
0	600
0	1051
0	809
0	793
1	1299
1	1309
1	8255
1	2787
0	2892
0	1233
1	694
0	785
0	3929
1	1355
0	2575
0	1014
1	9130
1	775
0	1500
0	4860
1	1851
0	705
0	723
1	4713
0	1600
0	456
1	1075
1	1194
0	911
1	1378
1	621
1	1194
0	619
0	2416
1	1485
1	1431
1	7553
0	3155
0	1166
1	3647
1	850
1	3183
0	1755
0	437
1	1090
1	866
1	747
0	1501
0	1758
1	965
0	1868
0	1035
0	2191
0	507
1	1520
0	1009
0	1101
1	1124
0	3332
0	1417
0	1412
0	208
0	4087
1	875
0	1288
0	2083
0	730
1	1346
1	1180
0	1265
1	6372
1	8134
1	2424
0	2404
0	220
1	1131
0	804
0	638
1	4702
1	2010
0	1043
0	1021
1	1026
1	946
1	988
0	1681
1	5295
0	1967
1	1216
0	718
1	1022
0	833
1	1260
0	792
1	709
1	965
1	1031
0	5374
1	2088
1	1527
1	398
1	2051
0	7856
1	1497
1	4432
0	1355
1	1081
0	1048
1	777
0	696
1	6952
1	1107
0	855
0	608
0	678
0	723
0	1064
0	5490
0	739
0	968
0	1077
0	686
0	1658
1	3860
0	1104
0	4598
1	6827
1	710
0	1852
0	2730
0	2618
0	1283
1	3883
0	1296
1	1092
0	2544
0	2133
0	623
1	2009
0	1204
0	869
0	3473
0	2735
0	3925
1	1797
1	1269
0	5124
0	3898
0	2576
0	951
0	787
1	5350
0	634
1	1063
1	1386
0	904
1	1743
0	1232
1	523
0	423
1	805
0	824
0	5034
0	2891
0	2629
1	644
1	1066
1	3548
0	751
1	1105
0	817
0	4732
1	1469
1	1068
0	735
0	587
0	3034
0	883
0	2463
1	4882
1	1183
1	2555
1	1115
1	7538
0	1527
1	2299
0	3182
0	1012
0	690
1	802
0	4779
0	1890
1	1943
0	1603
1	3097
0	1019
1	1812
0	3305
1	1653
0	521
1	6788
0	2757
1	2638
0	845
1	675
1	939
0	3459
1	1514
1	5036
0	1281
1	5559
0	672
1	1425
0	960
1	3949
1	954
0	695
0	823
0	995
1	1348
0	653
0	784
1	1836
0	719
0	5513
1	3791
0	2024
1	1122
1	1232
0	1043
0	3716
0	797
1	9621
1	583
0	1813
1	7398
1	528
1	6214
1	927
1	1611
1	1671
1	1430
1	1233
0	4853
1	4909
0	658
0	944
0	1223
1	1540
0	717
0	834
1	1113
0	638
0	3110
1	1410
0	801
0	1400
0	767
0	936
0	3471
0	783
1	1011
1	3197
1	799
0	793
0	7037
1	568
1	2230
0	1674
0	1423
1	1210
0	643
0	614
0	205
0	557
1	754
1	1611
0	447
1	3807
0	4052
0	2715
1	814
0	1260
0	786
0	822
0	1260
1	1069
1	496
0	956
0	638
0	367
0	814
1	757
1	2645
0	935
1	896
0	1704
0	641
0	820
1	968
1	901
0	3441
1	958
1	742
0	847
1	898
0	4290
0	718
1	425
1	971
1	1519
0	829
1	764
0	958
1	1815
1	1864
0	734
1	1306
1	3533
0	620
0	2902
1	1393
1	527
0	1191
1	2739
1	691
0	1263
0	659
1	2499
0	808
0	882
0	1097
1	688
0	830
1	717
0	980
0	629
0	920
1	867
0	665
1	3793
0	2593
1	1354
1	3664
1	1002
1	2419
0	1098
0	858
0	1043
1	894
1	1542
1	2004
0	1502
0	1326
1	1080
1	1105
1	1122
0	2185
1	956
1	888
0	811
0	709
1	1050
0	815
0	888
0	1610
0	978
1	1050
0	783
0	2817
0	1308
1	1030
1	890
0	2569
0	997
1	2595
0	892
0	5154
0	562
1	1219
1	1673
0	882
0	899
0	991
0	730
1	650
0	1336
1	3418
1	1275
1	827
0	1923
0	1146
0	1000
0	1675
0	4597
0	1600
0	1456
1	4641
0	4000
1	421
1	791
1	2662
0	753
0	656
1	644
1	1292
0	7529
0	730
0	1004
1	1162
0	281
1	8085
0	1804
0	1299
0	744
1	4226
0	773
0	3078
0	1405
0	612
0	4484
0	1232
1	1110
0	1286
0	2134
0	1000
0	742
0	690
0	898
0	429
1	625
0	963
0	654
0	970
0	461
1	1007
1	1295
0	698
1	325
0	748
0	1015
1	699
0	971
0	1048
0	2594
0	973
0	518
0	1274
0	557
1	9999
0	784
0	1988
1	7217
0	1051
1	2195
0	4426
0	3888
0	739
1	994
0	651
0	2175
1	968
0	2505
0	4633
0	672
0	792
1	541
0	1208
1	3257
1	6664
0	1230
0	7644
1	1201
0	6306
1	1301
1	2439
0	944
1	695
0	460
0	971
0	1010
0	1257
0	1750
0	1475
0	1956
1	1058
1	1328
0	859
0	1639
1	1109
0	716
0	1657
0	1276
0	775
1	6176
0	453
1	1761
0	628
0	979
0	811
1	1296
0	708
0	890
0	1685
1	1561
0	556
0	884
0	1930
0	3229
0	1959
1	854
0	806
0	615
1	1444
0	2051
0	1094
0	769
0	615
0	574
0	4256
1	2750
1	8964
0	595
0	3115
1	766
1	1223
0	958
0	1421
1	5760
0	7465
1	1655
1	1446
0	1664
1	4784
1	1062
0	903
0	525
1	3055
0	1485
1	5915
1	7446
0	308
0	1130
0	2878
1	706
0	492
0	791
1	762
0	641
1	537
1	1964
0	1249
1	1415
0	1036
0	1881
0	617
1	4487
0	3728
0	802
0	748
0	4539
0	873
0	796
1	1208
0	1109
0	911
0	704
0	701
0	649
1	644
1	1063
1	418
1	935
0	1280
0	2468
0	1154
0	1787
0	664
1	1582
0	717
0	916
0	1738
1	6159
1	1152
0	2449
1	1209
0	562
0	283
0	1060
0	838
0	4031
0	899
0	1003
0	6686
1	2096
0	282
0	1405
1	1709
0	1307
0	845
1	1033
1	1058
1	6163
0	2200
0	6497
0	380
0	1949
1	616
0	3891
1	2285
0	845
0	929
0	632
0	7733
1	1300
1	1040
0	1201
1	1234
1	3535
1	5762
1	802
0	7949
0	3811
1	1183
0	680
0	957
0	715
0	4219
0	613
0	3676
1	1000
1	2941
1	629
0	499
0	696
1	4387
0	1210
0	2357
0	713
1	4679
1	947
1	991
0	554
1	2255
0	2021
0	2721
1	925
0	1334
0	525
1	1108
0	761
0	4516
0	1259
1	1157
1	1884
1	2194
0	804
1	1181
0	1815
1	1750
0	1040
0	1143
0	1121
0	660
0	2510
0	2442
1	1151
0	2440
1	7828
0	1235
1	1076
0	2470
0	675
1	3584
0	1462
0	833
0	1003
0	4364
0	565
0	658
0	1416
1	2023
1	3110
1	1352
0	8002
1	2554
1	1226
0	2191
0	996
1	7764
0	922
0	2594
0	1147
0	502
1	1150
0	4721
1	1148
1	1084
0	1543
1	1949
0	6126
0	2168
1	996
1	1205
0	1805
1	1196
0	705
0	456
0	2032
1	1452
0	6351
0	3019
1	2901
0	1706
1	1099
0	1073
0	919
0	7550
0	3634
0	1128
1	1081
1	738
0	2098
0	1361
0	1012
0	2790
0	874
1	969
1	1317
1	912
0	1425
0	4489
0	7594
1	2715
0	820
0	1286
0	1011
1	1289
0	3065
1	942
1	937
0	716
1	1279
1	1481
0	1476
0	910
1	677
0	649
1	857
1	8966
0	893
0	2862
1	729
0	1492
0	677
0	828
0	4194
1	649
0	1822
1	1287
0	868
0	756
1	1132
0	788
0	2476
0	1257
0	699
0	2488
1	1619
0	2343
1	2229
1	1383
0	1105
1	986
0	3074
0	1384
0	927
1	2279
1	1275
0	1219
0	1218
0	857
1	864
0	2301
0	5945
1	5436
0	1129
1	1219
0	692
1	966
1	1108
0	695
0	762
1	963
0	975
1	1482
0	3396
1	1128
1	989
1	4101
0	2918
1	908
0	925
0	597
0	571
0	543
0	2000
0	1001
0	794
1	1183
1	1025
1	4203
1	939
1	1020
0	717
0	661
0	1888
0	1489
1	1100
0	2957
0	1047
1	920
1	804
1	8656
0	733
1	2295
0	789
0	600
1	974
1	837
0	4359
0	537
1	946
0	1857
1	2273
1	356
0	1100
1	1052
0	641
0	486
0	2748
0	863
0	972
0	1705
0	2443
1	4777
0	900
0	4379
0	991
1	2497
0	1011
1	2289
0	7092
0	995
0	1205
0	1538
0	2982
0	993
1	7592
0	2385
1	3472
1	1504
0	708
0	2085
0	1426
0	854
0	852
1	1357
0	568
0	784
0	880
0	776
1	609
0	1808
1	952
1	1108
0	277
0	999
0	1684
1	1316
1	784
0	742
0	5787
1	1004
0	867
0	7097
0	614
0	1255
0	3389
1	1268
1	5305
1	2516
0	944
0	1049
1	363
0	965
0	4521
1	2217
0	721
1	391
1	8329
1	974
0	897
0	596
0	4002
0	5852
0	6903
1	750
1	843
1	971
1	1158
0	1506
1	3379
0	1056
1	811
0	888
1	1670
0	6204
1	7778
0	1228
0	891
0	907
1	1037
1	567
0	1386
1	1143
0	1792
0	775
1	1345
1	4834
1	1138
1	1253
1	1191
0	1147
1	1070
0	1781
1	1020
0	624
1	631
1	828
0	3156
1	942
1	1649
0	1005
0	798
1	821
1	1330
0	5332
1	1677
0	912
1	259
0	686
0	495
1	936
0	497
0	965
0	715
0	2936
0	687
0	653
0	1047
1	3498
0	1792
1	788
1	3724
1	936
0	562
0	3049
0	3429
1	3340
0	3639
1	1110
0	1184
1	1430
1	1942
0	796
0	3335
1	406
0	2224
1	1168
1	3986
0	1001
1	812
0	1270
0	708
1	3458
0	818
1	826
1	4258
0	1764
1	1723
0	1247
1	1582
0	2373
1	6142
1	570
0	1264
0	6442
1	4299
0	5351
0	2425
1	2111
0	3062
1	651
0	1023
1	1138
0	483
1	3078
0	2107
0	1147
0	3163
0	474
0	528
0	2392
1	909
0	2089
1	923
1	1117
0	871
1	1854
1	4152
1	980
1	2255
0	1837
1	2162
0	730
0	4744
1	723
0	5801
1	947
1	1091
1	684
0	6884
0	712
0	2779
0	494
0	2022
0	3428
1	3596
1	1180
0	1120
0	836
1	694
0	695
0	1486
0	1177
1	2230
1	984
0	951
0	993
0	2852
0	704
0	492
1	4436
1	2011
0	485
0	504
0	912
0	3818
0	1764
0	1087
0	654
0	579
0	1701
1	3728
1	1520
0	1058
1	2288
0	2556
0	1308
1	2714
1	4589
1	1728
0	914
1	2190
1	1629
0	881
0	5199
1	757
1	1615
1	1283
0	1163
0	1046
0	1643
0	3965
1	7360
0	1026
0	1170
1	1308
1	1586
0	3442
1	1252
0	672
0	2313
1	1185
0	1573
0	642
1	2715
0	1055
0	631
0	937
0	830
0	924
0	1150
0	194
0	3349
1	2848
0	1842
1	1883
1	997
0	767
0	734
0	4736
1	1642
1	752
1	1723
1	1994
1	1193
0	1374
0	1886
0	1009
1	1262
0	1047
0	5266
1	1321
0	768
0	1239
0	1609
0	1111
1	1219
0	2319
1	478
1	999
1	2249
1	787
1	1055
1	1167
0	356
0	2035
0	3609
1	2882
0	911
0	791
1	1179
0	5071
0	5951
0	490
1	4300
0	679
0	714
1	3223
1	1324
0	1114
0	703
0	702
0	961
0	848
0	805
0	956
1	869
1	1059
1	1881
1	777
1	1266
1	3218
1	7516
0	3065
1	3152
1	1309
0	6522
0	704
0	1991
0	1165
0	2354
1	3533
0	985
0	2294
0	897
0	4941
0	627
0	703
0	880
1	3609
0	2014
0	574
0	702
0	783
1	1495
0	830
0	909
0	1010
1	503
0	1591
1	1322
0	638
1	1647
0	1313
0	820
0	2968
0	1986
0	690
0	1266
1	781
0	908
1	2377
0	1118
1	984
1	981
1	1088
0	946
1	3362
1	613
1	1148
0	7813
1	3155
1	1041
1	1317
0	1161
0	2416
0	770
0	1044
0	2312
0	751
0	2993
0	1011
0	4352
0	700
1	617
1	484
0	657
0	1024
0	1310
0	825
0	6197
0	812
0	930
0	6092
0	674
0	1473
1	2010
0	1257
1	1641
1	582
0	762
1	889
0	2387
1	1249
0	4194
0	641
0	946
0	512
0	1272
0	7900
1	686
1	691
1	915
0	1664
0	2197
0	6843
1	970
0	1613
0	907
1	919
0	1718
0	863
1	781
1	1372
1	5812
0	410
0	1499
0	261
0	1071
0	4268
0	653
0	635
1	823
0	1077
0	1241
1	1289
0	1100
0	2322
0	4490
0	888
1	1428
0	1155
0	654
0	785
0	1405
1	961
0	1751
0	4664
0	2682
1	1569
1	5515
1	906
0	548
1	4047
1	1053
1	2295
0	549
1	1450
1	2909
0	1005
1	9174
1	2700
0	589
0	790
0	1626
1	1218
0	831
0	2228
1	1037
0	1960
1	1858
0	1485
0	970
0	982
0	1106
0	1925
0	796
0	967
1	1078
1	588
1	1008
1	1275
1	2583
0	4181
0	702
0	929
1	1227
0	1463
0	588
1	6196
0	691
1	1681
0	1294
0	1328
0	937
0	4675
1	1297
0	7059
0	562
0	874
0	943
1	2539
0	1877
1	495
1	715
0	446
1	1747
0	1019
0	783
1	618
0	729
1	1182
1	1183
1	1266
0	702
0	556
1	1311
0	782
0	587
0	1386
0	3413
1	904
0	714
1	6168
0	8321
1	999
0	778
0	901
0	911
0	1012
0	727
0	783
0	725
0	697
0	501
0	1613
0	511
1	1141
1	935
0	68
0	724
0	838
0	2166
0	850
1	1177
0	6432
0	956
1	774
0	591
1	1099
1	640
0	1806
1	893
0	626
0	926
0	2076
1	667
0	1047
0	900
0	4467
0	686
1	525
0	2248
0	4160
1	1959
1	3187
1	2049
0	956
0	579
1	921
1	1245
1	412
0	605
0	806
1	956
1	3105
1	2146
0	782
0	2802
1	4268
1	1025
0	3012
1	834
0	1217
1	764
0	1361
1	855
1	803
0	6057
1	1725
1	1179
0	696
0	767
0	832
0	1401
0	1262
0	6071
0	941
0	668
0	748
0	974
1	943
0	831
1	4331
0	587
0	1849
1	1486
0	749
0	967
1	1688
1	6680
1	2792
1	3335
0	2109
1	1479
0	490
1	1428
0	2067
0	1207
0	624
1	655
0	767
0	4215
0	1643
0	1030
1	5953
0	1082
0	730
0	901
0	607
1	867
1	1246
0	6530
1	1151
0	513
0	1332
0	2517
0	966
1	3541
0	2023
1	747
1	1337
0	713
0	824
0	917
0	946
0	1669
0	658
0	3889
1	793
1	681
0	804
1	947
1	1111
0	2618
0	940
0	7483
0	383
1	4721
0	1147
0	655
0	954
0	4891
0	1025
0	2445
0	1021
0	1392
0	859
1	1031
0	970
0	1256
1	990
1	1218
0	931
1	1049
1	489
0	2162
0	508
0	1230
0	992
0	1104
1	6991
1	1423
1	2405
0	634
1	1187
0	1454
0	3889
0	917
1	1027
0	1131
0	1164
1	1986
0	981
0	912
0	1173
0	1360
1	767
0	4118
0	1051
0	1118
0	614
1	1281
0	6809
1	6302
0	947
0	2293
1	1083
0	2082
1	1069
0	6553
0	3165
0	2672
0	871
0	4054
1	3013
1	7728
0	1765
1	1460
0	1008
1	1190
0	865
0	2963
1	1113
0	1047
0	2855
0	2130
0	721
0	2136
1	540
1	625
0	977
0	1283
1	717
1	1169
1	1329
0	646
0	965
1	7367
1	3396
1	1079
0	1095
0	723
0	488
1	1068
1	881
0	2393
1	1207
1	857
0	973
0	767
0	2899
1	1364
1	1286
1	1055
0	460
1	1120
1	2020
1	3691
0	726
1	539
1	1148
1	1119
0	588
0	2259
0	1086
0	929
1	722
1	2696
1	1043
0	1056
0	654
0	2628
0	1831
1	1621
0	796
1	1480
1	785
1	970
1	2398
0	662
0	800
0	860
0	821
1	3370
1	3157
1	4910
0	5873
0	590
1	1048
1	1156
0	3760
1	958
1	904
0	824
0	809
1	1757
0	2468
0	903
1	951
1	1229
0	3955
0	1028
1	758
0	728
0	1752
0	2565
1	4076
0	702
0	661
1	3527
0	684
0	852
0	582
1	955
0	661
0	702
1	1946
0	2538
0	4240
0	5751
0	986
1	1370
1	1056
0	1410
1	1358
1	1665
0	921
0	536
1	1373
0	682
0	4408
0	837
0	728
0	1075
0	7034
0	996
1	1122
0	2294
0	1171
0	2682
0	5007
1	3696
1	1337
0	1100
0	633
0	1022
0	336
1	746
0	547
1	6800
0	1431
1	895
1	652
0	213
0	725
0	1204
1	1368
0	4441
0	709
1	5258
0	1285
0	910
0	1811
0	736
0	684
0	1344
0	2063
0	1208
0	1460
1	6281
0	1350
0	1028
0	1689
0	938
1	9453
0	729
0	2334
0	1031
0	1043
1	3664
0	2043
0	1086
1	2060
1	1395
1	1186
0	1457
1	786
0	658
1	996
0	2698
0	1313
0	840
0	5987
1	2702
1	930
0	910
0	3764
1	914
0	515
0	3610
0	602
1	910
0	643
1	2022
1	975
0	1834
0	875
0	1061
0	3880
0	1974
0	936
0	654
1	1985
0	7404
0	4127
0	917
0	744
0	968
1	779
0	878
0	4272
1	1754
0	4497
1	1795
0	1087
0	592
0	879
0	965
0	687
1	1102
0	858
0	926
0	3603
1	3763
0	1156
0	1188
0	2002
0	283
1	1028
0	1419
1	802
0	571
1	1715
1	744
0	940
0	1568
0	918
0	883
0	2360
1	503
0	926
1	889
1	1060
1	4298
1	1097
1	2932
1	838
0	1038
0	678
0	1061
0	1309
0	562
0	5232
0	4398
0	719
0	812
0	1146
0	885
1	726
1	874
0	6242
1	667
0	719
0	777
0	785
0	888
1	2963
0	3639
1	638
0	992
1	5063
0	1316
1	1090
1	1011
0	421
1	4493
1	1933
1	2836
0	1175
0	365
0	2532
0	5066
0	1178
1	2405
0	1963
0	5254
0	869
1	644
1	1961
1	8507
0	930
0	2543
0	2833
0	5115
0	901
0	1171
1	1052
0	782
0	724
0	827
1	1180
1	652
0	654
0	738
0	1521
0	5396
0	1908
0	1341
1	538
0	1170
0	2053
1	975
0	588
1	1311
0	6753
1	1551
0	881
1	948
0	5039
1	2323
0	3904
0	2507
1	1530
0	2457
1	787
1	1212
0	609
1	6517
1	2396
0	880
1	2312
1	1288
0	1028
1	898
1	1191
0	508
0	777
0	5532
0	814
1	7177
1	580
0	7906
1	647
1	2457
0	5083
0	2238
1	3139
0	397
0	508
1	1109
0	3293
0	1657
1	994
0	855
0	1562
1	3659
0	956
1	836
1	767
0	772
0	2746
0	7491
0	3536
0	1406
0	760
0	5682
1	5265
0	840
1	1176
0	599
0	2475
0	2519
0	906
0	1175
1	684
0	6057
0	1117
0	719
0	2039
1	3087
1	880
0	1546
1	937
0	963
0	2163
1	151
0	956
0	701
1	785
0	1169
0	949
1	1208
1	1343
1	634
1	545
1	883
1	612
1	1935
1	2682
1	2974
1	955
0	1325
0	800
0	504
1	1078
0	2242
0	653
0	1250
1	1347
1	1205
0	2409
0	1543
0	487
1	875
1	891
1	2312
0	680
0	438
0	524
0	718
0	945
1	543
1	676
1	872
0	578
1	5397
1	9112
1	1024
0	4811
1	1103
0	1018
1	1304
1	1031
1	1364
1	1653
0	2672
1	3174
0	978
1	1007
0	1047
0	1218
0	691
0	6144
0	899
0	177
1	1109
0	618
0	4715
1	3100
0	749
1	1036
1	639
0	820
1	1086
0	1922
0	775
1	858
0	2299
1	931
0	7573
0	150
0	1129
1	454
0	370
0	972
1	937
0	1614
1	1233
0	2482
0	728
1	5359
0	4839
0	613
0	4548
0	510
1	973
0	1131
0	875
0	934
1	930
0	2963
0	753
0	1160
0	3140
1	993
1	764
1	1137
0	626
0	512
0	979
0	566
0	947
0	746
1	857
0	762
0	847
1	1307
0	1341
1	2038
1	2470
0	3322
1	2429
0	3497
0	879
0	841
0	763
0	1893
0	2111
0	5182
1	8405
0	8179
0	5113
0	871
0	1086
0	834
1	902
1	854
1	936
1	1201
0	890
1	2221
0	2993
0	4475
1	1572
0	896
1	1884
1	7642
0	1708
1	734
0	773
1	1005
0	1162
0	707
0	1118
0	434
0	3390
0	874
0	1337
0	3061
0	688
1	7243
0	903
0	1252
0	1476
1	768
1	1211
0	1188
0	3215
1	716
0	1760
0	815
1	1129
0	1056
0	843
0	712
0	1187
0	1013
1	3847
0	777
1	7271
0	1129
1	511
0	1910
1	8892
0	3095
0	1054
0	1098
0	106
0	1082
1	1831
0	1012
0	810
0	2139
0	765
1	5067
0	636
0	1002
0	1119
1	4104
0	5266
1	1007
0	714
0	1305
0	917
0	989
1	2060
0	1411
1	882
0	2759
0	851
1	2257
1	2682
0	867
0	694
1	1796
1	581
1	857
1	3067
1	974
0	863
1	1079
0	6978
0	698
0	1135
0	1578
1	757
0	2099
1	7482
1	513
1	8332
1	4995
0	1411
1	3206
1	457
1	947
0	6948
1	5091
1	1086
0	772
0	804
1	4709
1	1359
0	827
0	721
0	5324
1	1247
1	1151
0	1787
1	1192
1	2698
0	823
0	2366
1	795
0	1164
0	1956
0	2470
0	6068
0	785
0	752
1	7415
0	997
0	1025
1	1134
0	2252
0	942
0	573
0	991
1	1171
1	1907
0	679
0	2720
0	7348
0	805
1	2924
0	1511
1	371
0	1008
1	897
0	1152
0	2329
1	1807
0	410
0	6221
0	6037
0	569
0	1105
1	2746
1	837
0	760
0	4293
1	2020
1	1191
1	864
0	952
0	1284
0	869
1	689
1	1023
1	6989
0	916
1	1081
1	2806
0	3539
0	1010
1	682
0	898
0	438
0	909
0	1368
1	641
1	959
0	2628
0	1530
1	1126
0	1101
1	687
1	1009
0	617
1	4411
1	1417
0	1516
1	2353
0	1287
1	1273
0	522
1	2092
0	1157
0	1178
0	465
1	282
0	3787
1	3283
0	1201
0	775
0	4374
0	1269
0	2679
1	1556
0	1007
0	1751
0	742
1	1125
1	445
0	775
1	7232
0	937
0	748
1	1232
0	706
1	4521
0	836
0	5769
0	2180
0	4975
0	725
1	7373
1	792
1	2547
0	3144
0	1131
0	468
0	2377
1	3292
1	1770
1	1209
0	1004
0	1084
0	817
0	955
0	6056
0	3685
1	1196
0	564
0	3591
0	1241
0	1217
1	1420
1	1008
1	1443
0	1362
1	1685
0	595
0	4483
0	2743
0	1266
0	641
0	2725
0	4375
1	907
0	2742
0	1111
1	879
0	713
0	477
0	812
1	1112
0	758
1	1068
0	1675
1	1269
0	591
0	1410
1	1661
1	805
0	1740
1	2617
1	680
0	1209
0	3435
0	706
1	1190
0	851
0	1356
0	782
0	742
0	1517
1	1284
0	1207
1	900
1	981
0	1739
1	989
1	859
1	1071
1	6264
1	1458
0	1957
1	1117
0	1918
1	1765
1	678
0	1180
1	884
1	4752
1	3535
0	719
0	3953
0	984
1	1345
1	640
0	947
0	1087
1	780
1	695
1	921
0	1925
1	1035
1	459
0	3274
1	970
0	738
1	1136
1	785
0	1485
1	1257
0	2505
0	1259
0	567
1	3076
0	7126
0	3202
0	484
0	1365
1	5398
0	2356
0	2908
1	932
0	1182
0	768
1	746
1	1275
1	5401
0	1753
0	941
0	1135
1	1040
1	1570
0	1301
0	789
0	1309
0	1865
0	910
1	1920
1	1526
1	2006
0	424
1	794
1	4579
1	866
1	961
0	5005
0	3578
0	1795
0	914
0	5910
0	2057
0	812
1	541
0	786
0	795
0	1809
1	1318
0	1026
0	1463
1	785
0	808
0	1164
0	796
0	1782
0	889
0	2961
0	568
1	1142
1	1043
0	806
0	658
1	1195
1	543
1	1140
1	942
0	1382
0	510
0	761
0	934
1	3448
0	742
0	692
0	968
0	407
0	663
1	863
0	926
0	2540
1	869
1	1433
0	397
1	1514
0	499
0	3085
0	912
0	3887
0	5059
1	2289
1	782
1	1262
0	3428
0	1043
1	4820
1	1770
0	949
0	1364
0	1072
0	938
1	568
0	866
0	3792
0	2733
1	649
0	1009
0	415
0	815
0	498
1	820
0	1117
0	701
0	5971
1	1535
0	996
1	1156
0	3346
0	1000
1	4133
0	3248
1	2145
1	7635
1	856
0	934
0	602
1	959
0	512
1	1024
0	698
0	1023
0	647
1	1191
0	531
0	1345
0	1435
1	1119
0	870
1	6279
0	697
0	743
0	563
0	1224
0	4430
0	1248
0	5463
1	1182
0	450
1	1042
0	1841
0	1812
1	3129
1	1372
0	4966
1	1449
0	1509
1	869
1	2822
0	2366
0	902
0	812
0	6560
1	714
1	6051
1	2148
0	680
0	2108
1	1111
1	1857
0	648
1	2601
1	1116
0	666
0	809
0	1894
0	658
0	321
0	404
0	610
0	1061
0	906
0	883
1	605
1	1600
1	696
0	768
0	1699
0	1147
0	445
0	558
0	3578
1	785
0	412
0	856
0	2152
0	8465
0	2267
0	5646
0	922
1	968
0	3274
0	705
0	1419
0	806
0	781
1	1023
1	699
1	1756
0	1674
1	566
1	2618
0	2407
0	1230
0	786
0	2424
1	5693
0	833
0	3059
1	3578
0	2462
0	2606
0	1215
0	889
0	1674
0	2069
0	1001
0	4311
0	557
1	1133
1	762
0	748
0	653
0	1309
1	544
0	4091
1	5228
1	853
1	1108
1	651
0	2864
1	2691
1	1082
1	1267
0	3329
0	771
1	7310
1	959
0	1697
1	585
1	1176
0	5856
0	2424
0	1104
0	1053
0	2607
0	1097
0	546
1	1440
0	844
0	767
0	2252
0	910
0	1002
1	807
0	1029
0	516
0	567
1	1915
0	4770
0	1075
0	951
1	2858
1	1300
1	982
0	3264
0	863
0	730
1	1295
1	977
1	1008
1	1374
0	824
1	1291
0	988
0	2136
0	1119
1	1681
0	0
0	930
1	5079
1	3573
1	478
1	4273
0	1299
1	2023
1	1189
1	555
1	8619
0	1058
1	781
0	1614
0	829
1	1056
1	6305
0	1867
1	1266
0	664
0	1202
0	2940
0	1745
1	1019
0	2413
0	3286
0	519
1	1215
1	4333
1	1077
1	1255
1	1331
0	1513
0	750
0	8019
0	1695
1	1108
0	911
0	1391
1	1097
0	2191
0	599
1	2188
0	992
1	3741
1	1084
0	6220
0	1006
0	2170
1	796
0	1300
1	1546
1	1482
0	5808
0	1464
1	1014
1	5358
0	1077
1	911
0	1004
1	753
1	932
1	999
0	984
1	1184
0	7358
0	3416
1	1189
1	1071
0	1236
0	1244
1	1676
1	1064
1	1142
1	3450
1	2090
0	773
0	2151
0	6772
0	621
0	750
1	1615
0	2849
1	1089
0	998
1	6531
0	874
0	747
0	837
0	1195
1	4133
0	535
0	830
0	881
0	536
0	1064
1	4940
0	979
0	962
1	950
1	7568
0	828
0	7816
0	1111
1	928
0	957
0	578
1	813
1	1973
1	6073
0	873
0	717
0	1413
1	1451
0	1176
0	327
1	338
0	2302
0	3068
1	2918
0	505
0	833
1	1940
0	1715
0	957
0	2562
0	1237
0	2321
1	1022
0	300
1	1079
1	801
1	3193
0	6510
0	3009
1	1033
1	5872
0	483
0	1130
1	790
1	2582
0	1223
0	4530
1	911
1	5068
0	6670
0	1066
0	597
0	695
1	613
1	949
0	1184
1	1070
1	1023
1	7041
0	1139
0	1174
0	939
1	737
0	608
1	910
0	2581
0	476
1	972
1	3944
1	414
0	252
0	1479
0	879
0	527
0	3693
1	1318
0	971
0	3813
0	2313
1	1402
0	6524
0	1443
0	1187
0	672
1	957
1	1089
0	1617
1	3116
0	826
0	941
1	897
0	1051
0	1456
0	1035
1	960
0	832
1	1396
1	803
0	952
0	1246
0	811
0	754
0	646
1	974
0	1053
1	979
1	509
0	774
0	1130
0	893
1	855
0	2532
1	2612
0	806
0	929
1	943
1	5153
1	1630
0	1395
0	3431
1	1144
1	1143
0	1816
0	2743
1	638
1	985
1	6242
1	799
0	1080
1	769
0	1083
1	1224
0	774
1	1361
0	1670
0	3478
0	640
0	1091
1	908
1	1724
0	2180
0	1462
0	588
1	1043
1	634
1	564
1	1116
0	836
0	808
1	1205
0	708
1	1156
0	1834
0	1372
1	1231
1	1882
0	1300
0	1020
0	891
1	1198
0	535
0	2363
0	518
0	951
0	860
0	878
0	1852
0	390
1	1249
1	1113
1	8201
1	7204
1	874
0	3583
0	687
0	786
0	855
0	3431
1	2252
1	758
0	542
0	1461
1	3257
0	1495
0	1695
1	589
0	2303
0	7111
1	991
0	1033
0	2446
1	903
0	3692
1	868
1	874
0	646
1	1860
1	2181
1	974
1	1088
0	733
1	1123
1	889
0	402
1	1769
1	928
0	2984
0	971
1	1274
1	5997
0	1017
0	6424
0	353
0	887
0	1995
0	3722
1	6126
0	933
0	6387
0	6383
1	1152
1	1372
0	1067
0	2683
0	744
0	772
0	830
0	1519
0	1991
1	1472
1	1218
1	1373
0	790
0	2192
0	801
0	648
1	1798
0	1636
1	543
1	1356
0	7160
1	1673
0	600
1	1889
0	933
0	621
1	7666
0	735
0	940
0	5681
1	1129
1	963
0	687
1	3418
1	836
0	789
0	2257
1	1529
0	773
1	7045
1	884
1	1166
0	6104
0	772
0	1112
0	1859
0	2769
0	1000
0	936
1	7233
1	5104
1	1039
1	720
0	1063
1	827
1	691
0	2187
0	1672
1	3987
0	1051
1	1308
1	5907
0	713
0	767
0	1001
1	1839
1	3138
1	1241
1	1534
1	1419
0	1506
0	979
0	2030
0	461
1	4804
1	1237
1	821
0	573
1	2794
0	1644
1	3671
0	677
0	1864
0	879
0	675
0	410
0	731
0	1160
0	629
0	883
0	1393
0	1034
1	1485
1	2282
0	4838
0	482
0	717
1	1156
0	2263
0	752
1	1089
0	4645
1	1121
1	5044
0	1291
0	834
1	3180
0	601
0	4495
0	736
1	6464
1	1155
0	987
1	4755
0	780
0	8193
1	1089
1	780
0	755
0	508
1	874
0	903
0	674
0	1793
0	3841
1	863
0	4575
1	2404
1	2102
1	1613
0	6999
0	748
0	2560
1	1000
0	968
0	1105
0	1262
0	7789
0	1180
1	1194
0	3154
1	1280
0	996
0	1399
1	4252
0	935
0	835
0	645
1	958
1	987
1	1153
0	2150
0	856
0	866
0	6442
1	661
0	4921
0	2149
0	1015
0	1895
1	1343
1	1825
0	922
1	5203
0	439
1	4460
1	686
1	1058
0	588
1	1815
1	1197
0	700
1	1103
0	774
0	1472
0	674
0	3367
0	1893
0	736
1	4397
1	1099
0	779
0	957
1	1122
1	1061
0	1142
1	816
1	761
0	643
1	1409
1	1114
0	880
1	5012
0	536
1	2058
0	1974
1	888
0	782
1	1296
0	890
0	524
0	2498
0	1013
0	438
0	1662
1	2124
0	1308
0	2503
0	2155
1	659
0	736
1	8592
0	948
0	1820
1	796
0	1841
1	948
0	1155
1	3965
0	518
1	1074
0	1640
0	2387
0	879
0	804
0	1218
1	2363
1	1132
1	3344
0	766
0	833
1	1097
0	1070
0	668
1	1260
1	911
0	2167
1	1218
0	956
0	2707
0	1343
1	7284
1	2168
1	3762
0	753
1	1465
1	208
1	1210
1	1281
0	1097
1	2698
0	1003
1	1115
0	1052
0	2879
0	1532
1	964
0	511
0	666
0	747
1	1230
0	1443
1	1150
1	1184
1	1213
1	2545
0	701
0	5893
0	3143
1	2148
0	1120
0	499
0	647
1	896
1	2379
0	1261
0	572
0	562
1	4649
1	5853
1	780
0	3314
1	1078
1	1411
1	2399
0	895
1	5173
0	1093
1	975
1	2372
0	1092
0	592
0	975
0	716
0	1344
0	631
1	1086
0	861
1	2140
0	958
1	3252
1	696
0	2062
0	580
1	1146
1	2242
0	1268
0	555
0	699
0	1295
1	1295
0	2462
1	1432
0	1137
1	753
0	3732
0	3078
1	983
0	1775
0	1340
0	765
1	1821
