1	1912
1	4566
1	4152
1	5004
1	7588
1	4897
1	5522
1	5511
1	7987
1	5757
1	4797
1	6503
1	6203
1	5746
1	6679
1	4971
1	6754
1	5126
1	5753
1	5382
1	7759
1	3361
1	4630
1	5633
1	7489
1	3881
0	4597
1	3123
1	4471
1	4403
1	5365
1	7173
1	5308
1	5388
1	5358
1	3134
1	5899
1	5016
1	5787
1	4713
1	5251
1	6695
1	8886
1	5532
1	5702
1	5109
1	4007
1	4707
1	4099
1	2885
1	6669
1	6184
1	3581
1	4518
0	6009
1	5101
0	5871
1	5424
1	5044
1	9274
1	7463
1	6167
1	5471
1	6337
1	5970
1	3962
1	7299
1	4880
1	4715
1	4628
0	6170
1	4219
1	4540
1	3575
1	6090
1	5833
1	4105
0	7711
1	6427
1	4767
0	3858
0	6519
1	4669
1	3058
1	7195
1	5693
1	4667
1	4632
1	4837
0	6154
1	6776
1	4479
1	7583
1	4638
1	3996
1	4253
0	6597
1	7115
1	1862
1	6307
0	5472
1	4823
1	7443
1	4557
1	4718
1	5237
1	6520
1	4746
1	4645
1	8309
1	4536
1	5430
1	4574
1	6074
1	7211
1	4873
1	5523
1	4300
1	7253
1	7901
1	4375
1	5009
0	6430
0	6193
0	5511
1	3881
1	4673
1	7841
1	3616
1	5636
1	5955
1	6467
1	4451
1	4449
1	3184
0	4325
1	4343
1	6482
1	4591
1	4304
1	4315
1	5750
0	5376
1	4184
1	6588
0	5288
1	748
0	6128
1	5536
1	6975
1	6515
1	5522
1	5821
1	5419
1	5180
1	7349
1	4353
1	2995
1	7649
1	5075
1	4714
1	1050
1	4708
1	7664
0	4698
1	4493
1	6208
1	6107
1	4372
1	6274
1	6351
1	8378
1	4983
1	3409
0	4885
1	3995
1	5532
1	4708
1	5089
1	6672
1	5654
1	4280
1	5239
1	4776
1	7488
1	5385
1	0
1	5355
1	5420
0	5409
1	3996
0	6551
1	4806
1	5274
0	5137
1	4839
1	6195
1	6893
1	5072
1	4629
1	9742
1	5039
1	5303
1	4104
0	4645
1	7372
1	5745
1	3100
1	4165
1	4996
0	4906
1	4438
1	8177
1	5016
1	3801
1	4686
0	4382
1	4414
1	5784
1	1147
1	5761
1	5123
1	4491
1	5152
0	6606
1	7535
1	3512
1	4592
1	4991
1	3954
1	8465
1	2104
1	402
1	4452
1	3750
1	4273
1	7466
1	4929
1	310
1	937
1	4784
1	7125
0	4663
1	5441
1	4414
1	4767
1	5738
1	5045
0	4811
1	3598
1	4970
1	4380
1	8422
1	5244
1	4226
1	6332
1	2940
1	5728
1	4397
1	4236
1	6471
1	5720
1	5134
1	6209
1	5557
1	5748
1	5205
1	7173
1	5271
1	5356
1	4539
1	9999
1	4455
0	6862
1	4145
1	9932
1	5406
1	4450
1	3711
1	5002
1	3963
1	6156
1	4511
0	5302
1	7303
1	2758
1	5067
0	4771
0	4708
1	7619
1	4129
1	3316
1	3451
1	6255
1	5767
1	5356
0	2275
1	4460
1	4424
1	4687
1	5804
1	6010
1	5427
1	3757
1	5703
0	5463
0	5426
1	5510
1	5093
1	7388
1	4334
1	4291
1	5858
1	9020
1	4972
1	4545
1	3892
1	3411
1	4125
1	7589
1	5640
1	7003
1	5417
0	3648
1	7841
1	5145
1	3639
1	4699
1	5750
0	4952
1	4879
1	8421
1	5124
1	3733
1	6461
1	7048
1	7895
1	3906
1	5300
1	6819
1	5402
1	4825
1	6205
1	3842
1	8756
0	3764
1	2091
1	5495
1	6151
1	3671
1	1593
1	5311
0	3612
1	5669
1	5610
1	7264
1	4745
0	4618
1	5741
0	6185
1	6214
1	4508
1	4978
1	6275
1	4704
1	5114
1	4227
1	3774
1	5123
1	4915
1	28
1	4494
0	4509
1	4988
1	7671
1	4882
1	6497
1	6784
1	6732
1	6222
1	6156
1	7921
1	5898
1	5424
1	5214
1	7171
1	4376
1	1273
1	4910
1	3247
1	3839
1	4442
1	5113
0	3299
1	1461
0	4387
1	6591
1	5377
1	4291
1	6923
1	1770
1	5106
1	5011
1	5865
1	5034
1	3223
1	7277
1	5224
1	5390
1	9380
0	5570
1	3917
0	4560
0	7495
1	6202
1	5984
1	5109
1	4935
1	5286
1	5566
1	1733
0	3631
1	7071
1	6066
1	4872
1	4706
1	5284
1	4841
1	6998
1	5463
1	4285
1	5181
1	5149
0	7208
1	4516
1	6631
1	1131
1	6481
1	4578
0	9255
1	4250
1	4697
1	4421
1	4471
1	5284
1	6180
1	3596
1	6324
1	7565
1	6485
0	4182
1	5651
0	5191
1	5286
1	5211
1	5084
1	399
1	4527
1	5383
1	5991
1	5210
1	4277
1	5404
1	4443
1	4191
1	4148
1	3966
1	5322
1	4102
1	8872
0	6555
1	4843
1	5918
1	4005
1	9099
1	4868
1	6300
1	5796
1	3812
1	3810
1	4674
1	6064
1	4250
1	5974
1	4644
0	7422
1	4270
1	7557
1	5126
1	4613
1	4522
1	4728
1	6302
0	3855
1	5130
1	7171
0	4549
1	4885
1	6693
1	4598
1	4944
1	6030
1	4588
1	6542
0	4719
1	6389
1	4700
1	6448
1	4148
1	6790
1	5132
1	4707
1	4807
1	4167
1	5202
1	4574
0	2280
1	5470
1	7409
1	5535
1	4740
0	4275
1	5019
1	4559
1	4459
1	1273
1	4035
1	5000
1	4527
1	4652
1	5292
1	5573
0	4194
1	4868
1	3837
1	4840
1	4962
0	4863
1	4741
1	5342
1	4793
1	6648
1	6117
1	5857
1	5328
1	1771
1	7439
1	9618
1	5210
1	4372
1	4579
1	5360
1	3622
1	5768
0	7548
0	4654
1	3905
1	4598
1	7051
1	5919
1	4193
1	5166
0	5231
1	6692
1	4890
1	5047
1	5041
1	4752
0	4425
1	4149
1	8135
1	6145
1	5627
1	4668
0	6333
1	8224
1	4426
1	6492
0	4992
1	5466
1	5003
1	4293
1	6479
