3981	9
4799	4
2694	1127
2754	28
2588	11
1014	1851
3559	2611
3233	27
3105	7
2345	880
5946	7
3093	13
4394	2
4713	8
2666	287
1431	1125
3146	8
3597	511
2314	16
4475	353
3807	1
2620	2
2087	13
2936	1065
2622	39
3927	167
2586	13
2519	2063
3779	248
4009	3
6661	7058
1567	706
3412	5
2985	3
3206	50
1308	1102
3003	16
4072	2873
4550	8
2507	10
2611	34
3139	2
2344	22
1825	394
4242	34
2661	8
3828	2643
3543	407
2855	3
3982	21
2347	8
2827	1192
2389	1259
2707	16
2871	2
2611	29
2861	42
3543	23
4546	13
2557	1449
2249	564
2741	2546
2629	24
3026	150
3978	28
3547	4
979	925
3204	387
2402	860
3231	8
3499	582
2729	26
2404	4
2106	7
2750	5
3658	7
2763	1431
1838	708
3515	5
2013	1107
2578	7
3341	24
3584	20
1872	2
2804	3
2270	7
1909	646
2086	894
929	1544
2914	10
2937	13
3383	19
1496	1130
2996	4
2165	1761
1554	1739
3380	107
3012	662
2377	1060
1942	3
3918	333
2641	19
889	1025
3624	15
2602	525
2605	5
2896	5
4187	15
3425	217
4192	28
3400	10
3829	2708
5331	41
3126	380
1535	2347
2402	555
1224	36
2918	2
1719	1424
2551	896
4667	3733
3526	1
2453	2846
3982	2
3245	1
3596	24
4389	4
1242	11
2368	1280
3973	2930
3396	12
4187	2
2707	3
3326	3872
1611	1422
3655	13
2783	659
2221	30
5160	4603
3802	14
1849	1289
1199	612
2340	862
4693	12
3124	1503
3434	3
2386	735
4811	3999
3477	9
4280	20
3398	2606
1965	7
1649	1036
3396	1
2595	837
3258	29
3647	23
3469	14
2684	48
3734	14
4720	33
3645	0
2980	270
5553	6455
2017	0
3352	1
1995	907
3166	5
1987	703
3360	13
3241	2644
2265	721
3417	4
2936	400
3741	10
3897	15
506	1117
2065	1182
1629	9
4302	1
2033	783
3738	42
4209	19
3590	8
3600	207
2944	11
3421	8
3534	8
3345	3390
2687	3
2652	12
4412	2
3379	26
3617	12
3957	26
1560	1749
2856	452
1237	1286
3742	27
2273	53
1554	8
2343	45
2871	50
2491	253
2811	517
3308	45
3061	396
4016	1
3755	8
2016	39
2523	8
5247	17
2186	1266
1823	12
3354	50
3738	280
2167	66
3787	48
3588	14
2476	0
2358	821
2284	706
3935	8
3326	8
4884	3613
4047	0
2981	14
2538	1503
4079	2
4245	7
3155	11
2255	23
2215	1670
2882	968
2406	1200
3334	507
2597	16
4200	12
3347	45
3606	0
3360	2970
2759	927
3509	7
3340	2934
1754	100
3956	15
4052	4
1731	14
3127	5
3221	1
2512	10
3811	33
4046	3109
2086	364
2811	2394
3573	7
4132	2
1670	14
2516	77
2250	1038
2647	2
4317	3816
3511	168
757	17
3166	5
3550	2
2829	11
3359	2296
3663	10
2942	0
2235	1315
4215	1
2817	22
2031	504
4165	13
3224	44
1751	237
2761	22
3838	1
1057	1318
4418	2
3743	2
2497	8
3701	44
1742	1
2615	1
2956	347
3122	17
2976	15
2077	0
1794	468
3027	3
2157	1248
1864	798
2560	0
2960	320
2202	420
2427	21
4035	21
3396	19
3859	11
3061	19
2377	1657
3356	8
2150	1053
2078	1
3400	0
2369	10
4670	10
4136	7
3504	19
1709	1333
3745	7
3173	8
3508	9
3927	7
1911	22
2223	916
3174	32
2703	4
7706	7816
3270	3
2259	11
604	260
2388	124
2490	68
3128	1600
2747	8
3324	249
3339	2757
3079	10
3006	7
2900	3
3689	13
3302	3
3322	1
3848	3
4110	11
3539	25
2783	2404
1844	33
3494	14
3666	1
3193	5
3641	23
3744	8
3803	11
2205	1901
2906	15
3384	4
3537	10
3374	3
2314	2676
3555	1117
2324	2175
3943	154
4178	12
2288	1327
3724	36
2894	231
3135	38
2562	949
3790	3
2609	24
2769	46
2922	2
1604	232
2963	0
1156	1036
2129	8
4848	3324
2749	12
2747	4
4063	2
1885	1406
2106	0
3461	21
2899	178
4457	5
9999	45
2636	664
3035	3080
2779	11
2042	9
3538	15
2458	1935
3945	0
1793	1142
3104	8
2062	1460
3029	8
2950	9
3078	1643
3760	10
3224	1151
3635	5
6766	3797
3327	7
6473	4220
3539	17
2950	448
3236	12
1789	362
2510	8
3522	3456
4041	155
2262	804
2643	3
2559	10
2811	1354
2857	1033
2791	470
3564	7
1999	945
4201	0
2537	1850
4197	15
2962	155
4187	14
4461	4
2825	1611
1623	1
2321	50
3638	9
3394	109
3419	270
3638	0
2961	15
2917	7
2992	3
3871	1
1142	77
2373	568
2209	892
3813	21
3564	14
3231	3
3167	58
1434	1564
1414	862
2013	1950
3880	2273
2487	23
2535	4
2558	2885
1792	987
1864	5
2674	4
3640	58
3655	28
3786	14
3467	0
3199	2
4290	4
2385	16
2591	8
3496	12
3119	1289
3156	118
2996	395
3355	4
2399	810
3694	14
2723	3339
3020	20
1839	109
5829	3706
1771	988
3281	959
3523	7
3306	45
568	1227
1155	555
2814	2
2335	463
1672	1164
3358	209
2486	2
3206	303
3358	147
3841	304
3525	16
2161	856
929	29
1630	0
4025	40
5201	5229
4656	2
3641	13
3781	11
1629	4
1675	974
2646	3
4051	2
3990	54
2616	12
3216	598
1967	19
3373	136
3415	245
3735	1
3363	325
1531	4
2376	21
990	110
2191	1236
3077	2460
1262	935
1373	294
3993	305
2094	1317
2963	9
2867	14
1469	1360
3917	19
3066	14
3038	512
3058	1623
2683	5
3040	515
2850	20
943	588
2799	7
3383	4
3614	466
2702	1397
2098	3
3636	7
3002	538
2855	19
2567	452
2440	2240
2028	2
3125	162
3343	2
4395	2
4657	5
2054	1017
1938	970
2931	7
3554	9
3329	1
2362	1170
2771	14
3182	8
1677	928
3904	8
3274	3
2603	21
2344	1276
2299	1195
2442	4
4214	5
3059	1
2288	379
2830	1099
3640	243
3704	21
2976	7
1491	1098
1852	381
2855	1
2894	448
1865	13
2172	39
3632	13
2683	227
1970	1633
2379	1
2246	2
2800	712
3455	13
3401	3
3619	5
2093	2532
2125	173
3691	2
1815	14
1504	9
3497	7
1514	1067
3617	14
3025	1813
2616	15
3092	3
2955	292
8533	6659
3650	14
2703	1731
2032	13
3188	319
2664	671
3879	538
2906	431
2060	3
3846	7
4763	35
2000	385
1231	8
3948	2737
4561	15
3212	295
3050	3
2400	17
4154	0
2909	8
3594	7
4117	19
2571	642
3579	453
2040	964
2726	287
2662	50
1755	1416
3894	3
2315	400
3973	8
2217	2348
444	1
2382	582
3621	20
3507	1
3233	469
3317	19
1770	1349
2768	11
2791	413
3157	19
2750	11
3056	5
2631	332
3762	26
2241	12
3050	5
4902	26
2444	5
3467	21
1906	1335
2942	1
3687	98
1775	23
2850	17
3928	2094
1009	543
3850	5
4083	512
3242	3563
4146	10
4401	297
3751	56
2014	1902
3688	34
3330	2
2002	809
4404	2
5287	1
4701	2812
4252	5
3663	12
3678	3
1254	429
4697	2
1961	1600
5147	3650
2921	20
3467	16
3544	490
4503	49
3423	17
2519	15
1573	9
3646	1
4080	1
1991	1129
3137	13
2690	718
3108	19
3243	16
2448	1025
3407	514
3384	195
2617	2948
2642	15
7216	4578
3546	377
3254	1538
1324	1252
2212	2828
2909	14
2229	1827
3157	7
2291	1422
2404	160
2703	45
6751	4790
3046	8
2553	1456
2804	256
4173	7
2895	553
1659	1723
3919	14
2852	2
1920	1235
2590	1299
3071	938
3041	26
3414	1
1824	578
3104	1927
2692	13
5497	5321
1695	984
3730	9
2945	11
4599	4
2914	37
3539	25
5539	4575
3836	3025
2974	34
3028	662
4722	4
2583	40
2367	1142
3927	72
2957	0
3611	256
2545	680
4059	19
4070	8
1905	435
2672	10
2525	5
2681	0
3146	1
3761	4
3117	21
2476	73
2542	1668
2067	1
2750	40
3718	216
5753	5127
4061	42
1908	0
4110	19
3561	71
2649	10
2235	4
2105	15
5006	2
1648	9
2543	579
4481	7
3160	16
3441	3
3382	10
3202	2
2821	182
5056	7
3461	16
3059	117
2465	8
3102	727
4425	4
1328	4
1913	1260
2258	35
2516	7
2696	19
3481	122
3056	2031
3376	32
2491	32
3612	8
2977	8
3087	363
2659	807
4047	12
3015	32
2332	241
3863	34
3847	13
2963	262
3066	30
4270	2
2625	19
2047	37
2312	13
8404	3854
2035	2373
3107	2182
2175	4
971	82
2776	2900
3852	10
2104	42
2785	130
2093	593
2500	12
2899	404
2311	1186
1818	1298
3419	1
2421	568
2783	992
2717	9
2222	5
2281	1
3614	0
2606	741
5957	3584
2379	1471
4819	27
2066	868
2452	450
2329	864
7097	58
2421	1431
3211	48
2737	2
4381	189
2459	374
3980	2922
4042	2584
2226	1601
1748	555
2498	7
2047	883
2524	277
3176	276
2266	539
2217	5
2097	657
2652	11
2636	1
1925	51
2188	63
2960	257
2104	265
2774	10
2451	293
2788	8
4482	8
2139	1483
4427	20
3094	12
5883	14
2057	419
3383	225
2205	0
3057	873
2684	25
3940	1
2733	3723
3332	0
3066	3
3512	3
3540	0
2156	568
2317	57
3868	61
4696	2702
2172	1861
3396	64
3778	195
2859	10
3614	2759
2121	380
3266	301
1479	23
3174	377
3501	5
2998	397
3208	23
3020	15
3804	15
1834	853
2530	5129
2395	442
1887	321
720	931
2485	4
2908	9
3579	15
3080	0
3921	8
3174	11
3223	16
3102	13
1950	0
4506	3
3060	9
3303	1
3036	24
3661	7
2196	1266
1198	1630
3220	13
3541	2
4967	49
2313	17
2816	1851
1932	1363
1243	695
2987	3
3080	501
3989	24
3028	8
3182	296
5127	81
2994	7
3248	2173
3547	511
3307	319
1765	712
2575	20
2105	19
2177	1542
2888	23
3783	39
2248	52
4897	38
4090	1
3486	22
1036	1642
2129	781
3756	7
4117	3
4265	2
7684	4327
2428	3
2615	11
3466	61
1715	14
3231	69
3179	406
2279	1092
2774	8
4389	3
2966	12
2903	2
4083	234
1607	1207
2439	3
1627	1337
2104	24
2606	720
2839	1235
2727	252
2869	111
2785	3
3861	28
3197	28
1575	1171
2564	1984
2560	24
3713	182
3402	15
2781	0
2130	292
3615	52
3819	5
1987	1088
1061	921
2755	0
2658	2810
2741	20
2730	1553
2620	470
1822	5
2984	192
4330	0
3138	416
4874	3
2722	10
3029	15
4561	4
3865	13
2628	2573
2048	1032
2517	2261
2540	5
2776	1
3191	1714
2884	384
3490	140
3653	1
5428	4543
1835	656
3552	10
3465	2
1948	898
2661	413
3808	7
4091	13
3776	185
2364	1342
2677	269
3702	4
2415	362
3768	19
4363	49
6271	5008
3619	8
4001	3216
4443	13
3275	10
3575	5
2981	5
3233	480
2105	196
3987	3
3522	5
1704	13
3710	12
2515	758
3230	16
1518	798
2335	0
2904	338
2953	0
3882	11
3342	3
899	1290
4036	3
3179	8
3877	7
3365	415
3494	7
3235	87
3196	558
2841	1755
2928	4
1990	1044
1793	1489
2654	734
3262	19
2631	13
4074	0
1604	343
4698	6214
3404	21
3225	3
1857	2165
2696	3
2686	5
1259	700
2629	20
3252	22
1814	1459
2916	946
2296	1831
3114	1974
3345	1
3107	105
3570	12
814	1353
3968	1
2721	89
2484	0
3399	272
4555	4
3533	22
3367	15
2458	37
2898	163
5076	9
3979	4
2285	1500
4018	10
1709	751
6366	6112
3272	4
2866	8
1291	1868
5684	2
2033	170
3427	5
3259	32
2038	4
3374	15
4337	19
3457	12
2825	834
3354	13
2176	1545
4350	2
1740	1872
2275	60
4556	9
3917	5
1291	5
3610	4
4207	4546
3002	3
1897	1995
3117	299
1547	2305
2797	188
4237	7
2966	10
3254	9
2985	8
3747	11
3305	22
1406	11
1834	1479
2787	357
1214	1409
3387	3
2795	10
2484	16
2950	2545
2577	683
4887	7
2555	2042
7505	6657
4403	8
1075	1360
2315	91
1886	8
2483	319
3216	33
3699	15
1655	1583
3173	3
3381	8
2943	1265
3364	2580
1814	1188
2484	1425
4243	56
3593	597
3135	1187
3677	9
3052	2056
3873	51
2446	21
3569	75
4630	11
4665	2932
3609	234
2267	8
3768	5126
1849	1222
3514	688
2333	34
2156	910
3316	4
3659	1
3254	26
2335	33
3453	12
2865	11
3087	489
4041	4
1550	3
6411	5099
4791	3144
3022	1763
3634	446
3554	269
2107	4
1926	27
3798	0
3458	2
4086	26
1535	15
1656	2015
3494	3754
3633	20
177	14
3230	248
3448	0
2672	1791
3959	131
3573	20
2970	7
3446	7
2554	19
2929	1
2837	3
2307	12
3818	382
2024	1618
3586	293
2071	560
1158	1293
2926	946
2166	2
1756	1568
3934	4
3893	479
2532	1551
3848	8
3099	58
3694	17
5823	4564
3923	3565
3938	48
3231	2179
4207	3
3357	3
2345	108
2906	17
4744	19
3451	1
2793	481
4063	2
4256	157
2346	638
3866	405
3229	14
3712	7
2602	236
3993	322
1401	531
2290	1246
3444	14
4040	121
2530	2
3792	36
2395	52
2021	12
1637	0
3347	3
3178	2248
2346	2
4418	10
3297	40
1936	3562
4383	2
3350	11
2214	14
2941	460
1371	9
3023	563
4336	32
3182	21
1986	1174
3968	0
2889	7
2340	1
3379	58
2216	256
4489	1
1688	189
4269	12
2784	4
2107	595
4027	15
2872	714
3990	3
3410	167
2661	505
4110	2572
3898	421
2053	768
3430	8
4339	308
2866	597
1699	1149
3205	2701
3740	24
4513	3426
3191	10
3860	73
4001	2
3667	276
1930	20
1886	35
2321	20
2238	34
3948	39
2854	42
2850	2070
2767	11
3065	27
2337	8
3033	13
3164	9
2664	4
1969	32
2469	219
2982	1953
3491	5
4376	186
3089	286
2007	1630
3419	10
2467	629
3639	3
3149	19
4310	27
3799	9
3391	11
7147	6975
3996	12
4419	12
3290	8
2951	5
3625	3136
2740	14
2529	14
2538	525
3917	19
4547	2893
2943	5
4298	5862
3641	2816
4199	0
3623	12
3681	16
1576	1528
2264	758
2812	628
2517	1968
1788	396
3798	17
3917	5
3370	113
2071	1354
3316	1
3705	7
2180	1402
1476	635
2269	352
2792	2396
3207	11
3013	10
3684	2
3044	8
2696	225
3416	2538
1053	149
2168	11
3363	2
2962	12
3680	11
2832	453
2759	0
3555	9
4226	2878
3349	3
4652	4532
3163	19
5132	13
3816	1
3257	1739
3069	0
3160	0
3846	2523
3152	12
3062	9
2021	824
4469	9
4449	12
3018	15
2249	280
4995	9
2785	1
4458	5
4396	7
3367	0
2741	9
1131	899
4592	1
2939	309
3519	221
3139	28
5290	3
1892	907
4121	121
1652	1502
3677	19
2988	69
3144	424
3111	17
4511	13
4135	22
3821	2
1650	1145
1738	360
3230	509
2794	1416
4201	7
2585	10
3385	2525
3104	159
3493	13
2432	86
4481	4
2831	20
3122	644
3559	22
3376	2
3353	3
3984	2161
4400	4
2506	3
2965	588
3247	52
2310	17
242	621
2283	122
2332	181
2765	2916
3417	3
2771	3
2950	146
3813	7
3595	24
2960	4
2670	4
3423	176
2648	1992
4404	0
5097	1
3671	7
3961	75
3455	2
1057	1632
1774	11
3913	16
3838	220
3290	25
3442	7
2068	1023
1917	198
2590	525
4592	4
3622	16
3468	2
3427	13
3035	10
2563	2108
3292	213
2632	4
2458	800
3308	4
3574	296
3262	2268
3051	8
1929	7
1377	68
3140	11
2972	2
3038	205
3077	4
3164	364
3000	10
3733	15
2930	9
3361	782
1886	8
2269	2
2746	10
4167	10
3518	24
2492	219
3483	12
3430	3
4022	11
2456	11
3688	0
3079	3
4398	26
3982	154
2751	7
1961	913
3760	8
3542	262
2701	12
3991	1
4234	14
3065	4
2338	222
3342	233
3625	2
1992	14
4282	9
4034	5
1728	4
4151	310
3255	0
3094	10
2874	130
2869	15
2898	17
3767	22
3424	317
3660	13
2531	8
4008	5
2172	1871
4134	1
3028	4
3099	10
3877	363
3968	259
1922	631
2052	14
2437	258
3409	2517
2289	187
4567	2
2579	3
3916	71
2857	206
3216	14
3409	10
3287	954
4235	2932
3169	660
3563	302
6127	3750
1625	11
4457	11
3124	88
2988	7
3850	11
2923	35
2836	206
3733	7
3630	13
2958	413
3652	10
3573	680
2807	26
1226	1138
1813	1939
3756	2
3145	10
5715	3235
3421	3
2397	4
2996	241
3685	11
3696	35
3421	20
2835	7
3556	1
3147	15
2977	3
4541	4754
2434	197
2215	5
2603	291
2801	0
1974	2786
5046	2530
3484	17
2943	19
3637	4
3757	4
2759	56
3942	28
1729	14
2564	17
4305	12
3795	10
3793	7
4052	9
2772	9
4081	7
2530	323
3491	12
3802	4315
3598	3
2117	5
3215	11
3057	421
2154	1566
2332	1162
4038	17
4198	4
3802	13
2940	24
2400	22
3690	9
3264	25
6256	5070
2719	3
1392	494
4813	41
2603	5
2214	10
3262	2
2635	5
3330	3
4005	3
3559	3067
2478	1473
3679	35
3345	246
2385	3
2877	644
1775	726
3495	10
3567	3508
4038	11
2288	2592
2828	2
2561	29
2593	2
2695	9
3689	5
2460	1413
2790	3
3734	13
4207	3254
3692	14
2632	1174
3462	5
2932	7
1847	21
6379	5144
2296	3
3624	3
3276	2382
2410	1
2446	15
3413	5
1887	1988
6141	10
3770	29
3906	2
3065	20
3029	15
3060	7
2523	286
2164	2102
4108	9
2887	30
3449	0
3964	22
2922	1
2002	19
3062	600
3606	38
1383	946
2272	1553
1740	1
3409	4
4354	2963
1842	17
3721	11
2460	1130
2594	1115
1958	493
2825	2902
2123	1207
2322	889
3203	2397
3131	5
2318	1131
1596	395
2909	1
4099	13
2624	0
3684	3
2341	1
2209	809
3892	10
2360	405
4266	12
2228	1481
2899	2413
3620	11
3533	13
2886	2083
5041	8
2188	1953
2376	695
2058	266
2461	298
3081	1
3265	181
3745	137
2379	479
2692	19
4784	21
4277	14
2825	30
2334	2
3373	9
3932	5013
2615	39
3159	3
1903	22
2471	9
4161	3
2833	15
3480	23
2663	13
1978	1081
2898	253
1314	1131
2349	24
3496	46
1343	2946
4453	3762
2562	8
2514	4
4352	463
2049	792
3177	17
1975	0
4013	2330
2833	14
2302	1079
2893	3315
2644	14
1843	158
2779	567
2448	17
3265	2740
4154	15
2432	17
3190	7
394	3124
4383	106
2374	276
3366	1
2625	523
3579	11
3552	0
3593	3001
1789	907
4062	19
3242	22
2268	237
2442	1064
1887	1407
936	1111
3723	0
3150	502
2057	1727
1651	1434
3200	24
3475	269
3397	268
2950	1918
2991	47
5519	3938
3234	1
1869	94
1992	1353
5265	3448
2470	2229
3874	4
2826	970
4011	4
2410	12
2680	36
3011	0
3684	2224
3293	2310
1957	1518
2651	2177
3730	259
3415	1
3456	357
3029	7
1982	1143
3030	22
3206	15
877	1129
4010	74
3779	1737
2718	2150
2983	2
3884	25
1508	1113
2363	2509
3248	981
1637	482
1836	1207
2635	3
2862	2095
3326	127
2920	8
2737	8
3937	2
3034	1264
3443	16
3520	14
4445	1
2288	15
2268	2
1932	2110
3453	230
2731	15
4044	15
6715	5135
4312	2
3420	5
4202	82
2803	3
1419	206
4387	37
3582	8
2879	2
2802	5
1696	13
2857	7
3348	2
2499	1687
2721	2
1549	7
3703	1
2102	14
2887	509
4717	4
4617	8
1932	1906
4057	2
4512	3431
3873	147
1224	1443
3822	2523
3503	369
4896	17
2944	599
2115	1318
3050	10
3693	2
3005	388
4793	8
4112	33
2758	14
3243	17
1808	2041
3548	7
4807	2458
3232	2
3228	362
3148	2551
2059	2717
2281	747
6269	5576
3694	12
2198	138
4060	3535
2140	11
3793	3
3146	3
3831	1
2570	503
1524	978
5036	8
3017	1599
2560	13
2674	15
3486	66
4143	2655
2694	50
1786	955
2577	1069
2683	999
3384	1
1286	37
2786	14
2889	145
3264	1
1412	540
3294	2
2736	393
2304	17
3658	139
3499	1
2025	2225
1991	615
2371	34
5080	4788
2184	77
3124	467
3596	1
2685	5
2503	2609
3669	4
2783	0
3858	281
3490	9
3511	8
4098	1
2692	26
2444	5
3989	12
2763	341
2649	419
1713	718
2518	5
3827	1
4760	2865
2775	10
2615	17
2617	1
3103	49
4121	32
3399	39
2999	3668
2554	2605
3145	13
2735	1
3289	22
2905	1264
4231	3
3779	9
4457	2950
1585	7
2363	221
5849	4810
2151	103
2399	3
2187	17
1928	2311
3155	33
2427	1439
2804	428
2967	622
3766	1
2889	597
2127	2256
2978	280
2839	603
4280	42
2277	170
4219	8
2613	8
2503	1861
3070	1
4359	4
3623	40
3897	10
3329	11
1859	13
2976	411
3885	8
2184	382
2889	13
2968	44
3057	427
660	9
4449	2
3608	12
3143	3
3464	3
4288	4527
1567	995
1780	1478
2785	7
2980	0
4714	15
3408	9
3195	14
1525	1418
3044	998
1796	854
3819	12
1735	1650
1567	1412
2146	5
3883	1
3084	10
4389	7
2449	791
2069	25
4563	3015
4824	102
1382	15
5505	4
2536	10
2660	3
3348	136
3419	16
3166	518
2489	2
2558	16
2729	19
3900	26
1510	21
3763	2872
3081	2
3047	5
3536	10
4635	5285
3563	0
1902	963
2719	5
125	394
4320	0
4431	32
3512	15
2772	2010
2473	992
2131	988
2955	201
2199	470
1576	1100
3218	32
1740	7
2841	26
2616	9
4733	10
3246	3
2224	1600
2722	16
5281	2944
2955	100
2932	5
1676	1810
1896	17
7341	3484
2202	19
3885	7
2634	1
4078	4
3325	14
2600	949
3533	925
2111	1974
5554	15
2469	7
1586	497
2972	1
2968	1070
2432	3012
3190	245
3191	25
6161	4638
1945	778
2035	741
3319	7
1514	1
2780	1390
3478	27
1493	1179
1290	1697
3643	5
2759	584
3807	34
3747	15
2463	2414
2519	2000
1408	7
1964	1539
2998	146
3264	292
3238	0
2788	1232
4452	7
1987	1837
4743	8
3145	12
3508	7
2288	5
2910	1041
2701	1273
4205	2507
2761	1048
3455	20
3499	8
4330	7
2862	168
1390	1350
2924	2003
5414	2
3149	2
3463	0
3883	11
2698	0
2601	998
3440	16
2735	2
2806	5
2694	9
2086	2306
2075	8
2564	2035
4518	32
3782	5
8999	5909
6325	7807
3437	2795
4171	0
3668	38
3189	3
2820	1899
2906	106
2411	5
2458	478
3068	971
3736	8
2292	24
3478	26
3571	19
2945	2027
4728	1
4349	9
2762	13
3473	2
2995	4
3402	899
4829	22
1986	1305
1326	1295
4589	3484
3838	5
4193	1
1980	611
4516	2
2678	21
5127	3189
2793	12
3102	259
3618	4
3092	3
2877	2
2996	9
3119	2509
2816	998
2464	775
3554	253
3468	21
3763	19
3894	50
3695	32
2400	533
2074	9
2560	694
3600	2532
3310	3268
3780	428
4598	1
2766	58
3961	13
1671	760
3835	3557
3534	7
3269	9
2664	16
4065	14
3125	17
1916	1860
4836	2812
1773	1073
6248	4969
2203	3
2438	11
2404	11
2859	33
2582	7
3741	191
2669	11
3711	5
2098	1
3288	385
3227	653
2741	25
2752	135
1522	437
3907	191
3039	30
3210	567
4489	91
2901	149
2253	5
1680	4
3959	13
2958	5
2788	192
1754	1678
4316	8
1774	5
3288	1
4173	8
2886	3174
2546	12
2435	363
3060	3284
3910	345
2503	1114
3034	7
2767	4
2841	319
3148	768
4529	7
2789	2
2539	1260
3496	9
3197	155
3663	7
3612	2277
3105	14
2735	1190
2335	11
1636	0
2982	941
4256	5
799	271
2865	64
3720	1
3987	4
3020	252
4734	3
1394	0
7067	6764
1939	4
3085	1323
3837	15
2398	2315
4250	10
2614	972
3821	126
8109	4897
2374	1674
3398	10
1285	1479
3642	10
3997	70
4426	11
4731	3
1705	1495
1743	468
6672	5083
2483	11
3369	0
1816	46
3171	7
4638	4813
3451	8
2639	98
2514	14
2491	688
2956	2750
2032	1589
1889	1969
2689	287
3738	22
2652	0
3933	22
3661	1
3136	17
1758	314
1853	2560
473	1178
4129	21
2943	4
4180	1
2775	7
2430	713
2511	1533
4060	4
3382	1611
4586	2
4919	7
3661	8
2429	1775
2534	47
4040	19
2525	811
1408	171
2321	16
2667	20
2247	81
1378	13
2574	1431
4460	10
3180	10
2113	35
3039	574
6121	4819
3860	10
2548	8
3737	37
3239	4
3260	394
3108	9
3935	5
3036	2
2957	11
3720	3063
4292	12
1379	1620
4199	3
2972	1367
3956	166
4879	5
3722	71
3671	286
3244	21
4893	20
2059	611
2134	699
2194	1058
1749	409
1940	7
3111	32
3418	363
2997	3
3838	2557
2901	82
4187	0
3443	122
2289	13
6061	4211
2710	45
3059	12
2415	164
4629	15
2900	22
2905	36
3711	4
3389	0
3015	7
2431	5
4413	11
4023	3
3221	0
4610	30
1533	1330
2608	64
2890	394
3630	289
4050	106
2743	357
2213	5
3728	3
3172	379
3776	260
2914	19
3163	8
3218	10
3424	19
4433	7
3144	25
4224	0
2592	2315
2540	8
8543	6621
2660	4
3334	14
3287	162
3253	46
2845	311
3457	325
3700	7
1928	1271
2372	90
3880	243
2054	11
3062	2
2263	1004
3082	4
3107	1
3982	17
5166	5
2992	72
2704	4
2618	37
3983	11
3036	7
2265	248
2498	78
2094	7
3720	3
2173	2044
2689	8
2816	1
2995	2590
3669	0
4021	9
2072	336
3316	399
3285	22
3759	15
3057	9
2564	2
1863	1514
2124	12
2488	292
3723	32
2764	441
3454	40
3843	30
3725	29
3621	161
2086	1587
3530	612
3043	0
2613	2
2365	967
2992	17
3678	21
3648	21
3346	7
2888	1369
3714	1588
4665	11
4190	81
3299	4
2978	191
2984	17
3513	12
3642	172
4548	12
2041	2083
3804	12
9119	5345
3067	8
3927	3152
2655	5
2701	114
3244	2
2623	53
3145	22
3282	261
1912	2
2206	819
2642	317
1177	1961
3385	2
3148	3
4178	137
1545	1137
3951	1
1147	1495
3481	112
2917	21
4033	266
4017	64
3443	2
3953	28
3080	88
2647	4
3908	2891
4480	3202
2042	273
3689	2952
2076	345
1596	1794
3627	8
2518	1163
2962	5
2710	2
3066	9
3483	19
2013	7
3481	5
3525	15
2843	9
2517	0
3709	32
3479	20
2196	1040
2856	17
4449	14
4746	28
3399	45
2206	1358
2429	28
2753	201
1480	9
2743	578
3047	308
3129	2
2064	133
5000	12
3130	26
3040	199
3466	20
3298	3236
3608	0
4141	9
4890	0
4181	4
2789	408
3897	1
3867	3246
2819	36
3624	3
2617	1863
1485	9
3706	8
1597	15
2026	441
2500	1803
2961	27
1904	2
1939	623
3031	5
3732	2
2459	401
1722	1813
2477	605
2400	11
2479	1529
2802	2060
3732	3
2028	1439
3775	22
3722	5
7912	8699
1667	7
3365	3
3552	13
3295	7
1513	1119
4680	6005
3558	20
4080	20
3471	33
2866	75
2793	1
3890	3234
2297	45
3501	14
1215	1262
2392	2
1385	1053
3912	4160
4167	32
2539	902
2589	1675
3932	7
3260	12
3238	96
2322	2376
4310	2
3039	5
138	424
2423	919
2926	1857
3614	12
2758	1015
4887	0
2392	4
4011	19
2494	3
2075	3
3806	30
2455	167
1008	1047
4248	130
3110	17
1954	1874
1320	1595
3646	25
1992	23
1616	861
2670	8
3653	7
2662	551
5924	4403
4183	9
4293	20
7087	5981
1921	2586
4288	36
2974	1
3251	1
4378	11
2880	2
3444	660
4317	10
2159	9
2868	806
2107	3
3630	9
2943	1532
4114	227
3587	1918
1873	465
2634	8
4178	78
3764	19
3838	3
2594	45
3110	3
2906	1593
3019	7
4178	4
1195	223
4240	7
3633	8
2140	8
3511	8
2946	1868
6173	4109
2515	1826
1993	330
2097	1182
2469	10
3069	11
3621	19
2716	11
4173	2
4339	36
3350	64
3637	8
4196	7
2376	945
1395	1
1069	1190
2563	1
1735	1210
2623	20
2628	13
1472	1690
2874	322
1600	1035
2544	1
2394	2469
2401	7
3105	3766
2687	17
2494	1
3341	4
2512	3
2703	1
4357	14
2873	36
3760	382
3668	3
3361	9
2703	1878
1548	806
2054	1639
3029	387
3373	3
1592	1559
1260	1343
5180	3354
2296	0
2523	919
4360	2459
3929	23
3870	10
1830	10
3051	2124
3478	8
3032	8
1806	21
1166	24
3883	37
1443	10
4943	0
3650	44
2554	751
3010	4
4044	133
2272	1743
3884	1991
1912	1369
2196	555
1952	1240
4408	3608
2871	8
2350	21
3716	7
2002	2091
2159	34
2106	0
1908	605
3830	1
2685	696
693	5
4828	3
2142	783
3816	12
1610	922
2766	33
2234	661
2360	23
3928	9
2563	3
4035	49
3260	20
3536	2210
3643	2
4029	570
2928	486
2729	646
2046	2
1633	2106
4325	9
3490	1
3206	32
3094	19
0	87
1872	7
4048	12
2450	1533
3300	0
3289	2
1281	737
2269	469
2202	868
3272	20
4607	13
2779	9
4800	3070
3720	17
3643	0
1889	516
4705	7
2883	1960
2535	169
2013	5
4533	4643
2130	1973
2183	1
2405	2
2794	99
3501	128
3964	15
2791	27
2993	27
3078	14
1953	599
4020	0
3891	7
4860	403
2478	7
3337	11
4313	1
7250	4249
2879	696
2911	44
3098	14
5277	4452
3648	27
2295	1370
3755	2790
3854	350
2021	1884
3571	19
3134	7
3194	16
3111	10
2582	30
3277	9
4044	1
4587	26
2912	208
5199	3673
5591	7119
2305	621
4085	32
1578	1067
4795	9
2805	25
1822	334
3149	2
2654	8
2246	13
4310	8
4146	28
1884	1637
2796	41
1907	11
2622	869
3488	23
3308	250
4269	9
6121	3952
2895	726
3439	17
3318	329
2609	2214
2319	7
2851	11
2864	2081
2384	20
2165	1786
2078	1332
2493	7
3052	3
3270	11
2407	803
2796	10
2265	11
3369	14
3015	22
3375	2219
2957	29
4610	1
1594	1292
2486	935
2984	274
3638	10
4601	2979
3619	10
2998	128
837	1748
1344	440
1003	694
4934	3208
1770	683
2581	7
2784	8
3698	3209
1969	577
2709	333
4096	8
3252	464
3321	13
3827	3
3628	3045
2362	680
3766	9
3062	19
851	1023
3938	12
2659	1
3594	29
2785	12
1523	981
3465	0
3515	117
1517	540
2313	5
5594	3324
3004	16
5239	3781
2368	1033
1439	566
3700	3
2261	5
3243	9
4650	36
2783	15
3149	1
4488	85
3094	4
2317	950
2417	12
3641	2
1479	1346
3144	1
4243	16
2360	1422
3939	45
2588	1056
1202	30
2654	720
1850	1213
3370	3
4367	11
4633	3
2141	23
2621	766
5983	1
2291	9
4147	2749
2243	626
3108	5
2778	519
3764	40
4951	0
3250	2462
3155	412
2540	2166
2086	1388
1523	1177
3410	5
3066	159
3918	23
4290	17
3089	1942
1901	3
4816	2
3410	344
1839	1018
3904	98
2429	1612
2480	2497
1628	1078
2850	287
4516	2
2030	659
2818	534
2345	1154
2681	906
3184	568
2338	947
2553	3
3121	5
3325	50
2869	635
1772	4
1801	1559
2955	1
2632	1
2309	20
3475	4
3927	13
3369	22
3823	102
3089	12
4290	9
2901	2757
2023	1339
2707	760
7680	5934
2786	2890
3305	26
2422	1674
3841	13
645	433
1410	992
2366	26
5920	5255
2793	135
3035	3
3217	0
2483	1050
3216	939
2061	22
2610	2460
3977	1
3581	2985
3413	2
3849	0
2573	17
1183	503
2626	13
4567	23
1710	1
2722	7
8256	5705
1166	905
2518	8
3334	25
1138	1
1345	7
2660	9
4544	7
2540	343
1798	11
4772	5
2709	299
1960	22
3833	26
1929	17
2431	699
4054	16
5892	6616
2282	19
2945	673
3025	231
3955	13
3429	133
3125	307
3729	1
3268	74
3091	2796
3708	2
3087	2125
7028	6649
2774	1
2015	1423
4185	0
1593	2034
4001	84
4182	7
3522	1
3299	5
3158	50
2387	587
2018	727
2988	138
2909	19
2311	627
2141	692
2434	1367
3929	3
3274	2529
4095	4525
2101	4
2264	5
2860	11
2364	726
4212	4
2444	0
3065	13
3079	2093
2811	342
3022	2303
2993	14
2839	21
3923	19
5033	22
3946	6224
2333	12
3720	347
3225	2
2906	64
2357	1
3440	10
2946	622
3080	402
3036	2998
3416	1
3141	16
3703	11
3613	11
4410	3
4121	9
818	1250
2333	2
3565	15
2761	4
2510	10
2491	7
2704	454
3267	1771
3145	8
1932	607
3352	19
2668	551
3217	820
2634	0
4373	25
2628	7
2346	118
2969	977
1405	11
2208	1515
703	13
1827	2217
4295	5
3985	5442
2005	1053
2828	449
3167	16
1187	3215
1606	987
3895	206
2419	12
2271	13
1697	1701
3479	155
2656	3
3804	4
2970	9
2512	1064
2254	2154
2239	213
2217	28
2323	713
2948	22
2126	599
1578	124
3131	22
4366	7
3152	2
3490	42
2595	9
2823	23
4388	144
4320	5935
2220	1953
5737	3564
2047	1
3637	274
2791	15
3105	21
2942	16
2490	11
3282	320
2260	200
3208	183
3409	79
3502	248
3283	16
2376	78
3236	12
1467	0
2522	736
3612	3
3181	198
4016	16
3430	3
4134	5
2007	1353
5891	3798
2400	717
2917	85
3287	3065
3649	1
4131	28
557	927
632	11
2350	1790
2880	3
3040	480
1340	1033
3636	17
1758	5
1655	4
2166	542
1463	11
3587	2302
3604	231
2355	10
3461	8
3980	27
3820	0
2997	7
2086	715
2975	32
3141	731
1127	796
1480	1359
3617	0
4921	1
2521	32
3501	23
2730	59
3104	3
4154	4
4010	3
2909	7
3060	17
2696	2472
4026	254
3701	9
3203	16
2988	393
2407	2728
2642	1201
4355	15
4179	14
2548	87
3598	40
1304	352
4539	3583
3772	341
2323	16
3306	3
934	14
2859	2
4421	10
4399	2
2764	5
3754	2
2487	2194
2605	5
2552	2088
4167	2873
2246	3
2339	256
1898	1811
3043	10
3064	5
3187	11
2848	1
2994	9
2502	24
2854	2
2417	39
3066	2737
3889	330
3929	7
4070	367
645	0
2201	10
2211	9
2906	2
2252	266
2894	763
3303	176
2382	784
3570	3
2783	860
5031	2206
3636	3
2506	25
3995	24
3235	81
2815	4
2931	4
2702	3
3009	2843
2208	611
3298	1
2798	4
4107	4105
3634	5
3329	13
2955	60
2892	1896
3705	313
4407	23
2972	17
1153	497
5419	3503
4234	1
2203	910
2972	8
4367	16
4037	256
3626	22
3750	19
1703	3203
2242	10
4097	1
3189	3
5083	14
1650	872
3661	22
2830	16
2490	24
1605	1801
3544	3
2715	203
1054	9
3092	284
2900	3528
4001	36
2840	1200
4304	4
3428	825
2334	4
1749	235
2739	23
3199	3
2858	10
3032	1456
3586	258
3926	0
2722	21
3350	7
5082	2
2971	11
4014	8
4179	7
2375	782
3122	1
3321	2
3033	8
2562	14
1682	575
2161	3377
3785	29
2836	0
4137	10
2314	244
2153	1506
5089	48
3883	12
5930	3896
2548	1444
2265	118
3824	4
1473	1578
1905	167
1699	1411
1420	0
3033	19
1432	14
3153	150
2494	2812
4894	8
2221	32
2552	11
3584	3
2301	1567
3638	175
4523	4
3228	2921
2919	143
2345	3
2566	2
4167	2444
3193	4
3385	35
3581	10
2868	178
2902	2
2763	3
3637	340
1604	2
2120	793
3576	14
2830	9
2542	575
2961	16
1982	509
4953	11
4004	13
3219	108
3461	0
3148	15
2775	1
2881	219
4101	9
1084	1168
2830	2263
6916	9333
6757	4299
2840	964
1917	531
3661	37
2518	707
4182	3411
4048	4
2758	812
1767	1859
2792	686
3423	317
3001	1
2879	2
4400	110
2485	14
3618	21
2210	877
3607	1810
2819	2
4785	17
3009	15
3301	9
2338	0
3112	44
2516	827
5117	24
2646	210
3165	407
2320	12
3328	3
2863	17
3841	51
2936	0
3331	21
2942	1470
1244	1194
2421	9
2887	2
2246	35
6551	5791
4006	60
1589	881
2538	10
3508	20
2808	1
3546	14
3671	8
3392	13
2597	1490
4432	2335
2752	24
2512	652
4450	0
4437	5785
2703	444
1072	2124
3392	3
1982	952
2741	8
3709	4
3057	59
3591	12
2623	358
3809	4
2824	3169
3088	436
3392	983
3230	15
2953	21
4045	19
4356	3743
4652	7
4064	12
6041	5127
3407	0
2184	720
2937	8
5604	4381
2525	889
2421	17
3524	2
2714	2008
3698	15
2862	8
2606	10
1060	444
3463	4
2455	4
3534	4
2677	22
1274	1114
2813	334
2586	10
3070	7
2250	2
3407	192
2434	5
2262	1162
3093	2531
1348	1226
3458	3
1050	543
2869	3
2389	2239
2714	15
2768	393
4522	3694
1963	0
2199	20
3999	0
4054	30
3985	12
2073	2040
2133	1911
3524	14
3027	14
1418	1362
4552	48
4405	367
2838	3
3325	12
3545	2
3287	2
2871	7
3418	8
2353	36
3725	499
2094	8
4514	4158
3236	9
4386	0
3035	0
2977	14
3672	5
3388	307
1919	1226
2697	8
3255	7
4446	2763
4213	2782
2263	535
3412	25
2827	0
2394	0
3921	2749
2747	2386
1965	1743
2584	17
3765	2
1946	169
3426	15
1556	11
1385	1226
1628	902
2555	1882
2856	2273
2885	232
2822	15
1804	11
2639	5
3550	12
3489	77
5024	3
2915	28
2811	1091
4210	5
2205	9
2178	687
2924	16
6389	4935
3191	22
3124	3
1578	1761
2914	2029
2835	253
3108	23
3514	5
3783	394
2819	14
4294	4010
3094	4
2469	7
2788	24
2120	11
2051	1058
3444	4
1740	1469
2271	1840
5083	273
2987	1350
2362	246
2884	0
2499	2
2245	30
3195	3
4511	7
4469	66
3481	2
3020	319
3985	16
3871	48
2112	1260
2657	23
1991	156
2558	89
2610	1
2243	23
2336	40
4135	3
2903	48
2852	174
3885	4
2994	236
3133	215
2532	3263
3996	9
3522	2264
1838	1053
3518	425
3590	5
2295	494
5909	9
3954	40
2168	1437
1671	1530
3679	14
2584	22
2537	472
3158	2739
1920	8
3482	3
1875	12
3033	12
3484	10
3029	12
2968	302
3645	25
2588	2
2812	229
2510	1688
3423	2217
3250	431
3799	9
3766	5
2081	418
3235	0
3951	3
1111	640
1988	8
4124	0
3306	10
3993	11
2829	198
2848	7
2846	953
3867	715
2303	1
2495	2215
6123	7
3121	5
2337	11
4172	15
3312	0
3027	2952
3290	2734
1949	1507
2187	0
3212	11
4737	7
1086	1152
4219	15
1147	7
2155	5
3481	7
2318	15
2097	1663
4520	2
1800	1763
3606	11
4369	4
2922	25
2954	75
3254	12
811	17
1193	4
2628	552
3611	8
2402	7
3967	3774
932	7
2647	615
2546	17
1021	1301
3751	4
3453	8
1950	1051
3341	3
3764	6336
4121	10
2883	1865
3685	5
3626	10
3034	16
2540	7
3102	11
2271	457
2261	39
2169	150
3980	13
1197	7
3231	2800
3811	3
3988	5
3142	425
3061	11
3492	119
3971	419
3661	9
3313	17
2402	0
2210	169
4238	5
3776	4
2931	8
3460	65
2994	42
2888	4
5351	4837
4050	38
4267	20
4006	262
3806	3590
2211	1255
1801	965
1816	966
3016	23
3230	19
1328	1908
3398	12
2672	13
3978	13
3937	26
2570	206
2568	611
2867	23
4345	4
2032	1182
2008	1290
1978	1221
3393	4
2046	378
4340	1
5474	10
3183	315
1087	7
2648	22
3273	62
2467	1
2923	51
3505	2
4088	4
3819	8
2217	13
2834	189
2616	440
4667	1
2532	1
1729	1078
8224	9999
3751	4
1575	1069
1993	13
4100	20
4609	13
2664	5
2925	10
3826	228
3866	10
2936	7
1988	784
2559	352
3594	4
2872	93
3401	15
1216	1342
2755	1012
982	1
2578	1577
4144	0
2262	2761
3101	11
4982	3749
3129	0
1512	2214
2842	513
3636	2485
3948	7
3373	369
3722	11
3558	5
1337	1064
2775	12
2427	2
3772	5
3615	238
2844	173
3320	30
3342	4
3617	2220
3399	3
2315	2
2540	1434
2697	0
8335	3
3774	1
2215	2353
2324	4
2681	19
3845	26
2534	243
2744	8
2733	2
1622	17
3573	1
4617	0
2374	5
3068	2
1806	1838
3111	21
5108	26
2061	842
3728	3
2856	582
3973	4
3825	2995
2423	367
2910	93
3742	1
3709	476
1840	3
2128	2162
3738	9
6798	1
2844	7
3658	3
4469	3244
2132	1950
2987	745
2961	12
3031	13
2019	1451
1587	2669
2668	1832
1389	132
2943	2
3244	11
3615	7
1251	1921
3123	8
2663	1
2005	653
2538	91
1949	2441
3065	3
3148	425
2275	1106
4037	45
2102	3
2929	32
4745	4007
3725	1
2826	20
1628	1867
3225	37
2047	257
3058	550
4283	24
2842	8
3030	138
4093	356
3698	0
2119	5
2704	637
2957	709
2618	10
1301	1561
1601	955
4103	34
2960	1001
3596	7
2762	9
3760	13
3898	9
3113	35
3625	327
3421	146
1941	40
3564	8
2672	14
3105	9
4357	0
4091	235
3416	9
3225	7
4595	1
3399	39
2697	2084
5555	2
2586	10
4671	10
4479	2537
3088	4
3797	16
2277	928
2820	17
1912	28
3803	8
2165	1394
2001	893
2742	428
3769	2
1708	271
2464	770
2311	1
1184	461
2870	5
3358	166
3386	8
3382	8
3549	2
4207	27
2376	249
3647	47
3836	16
3459	10
2279	30
4258	4
2510	601
3382	7
2983	20
3599	0
4128	7
3339	2
2833	2171
2247	2583
2217	886
2291	1409
2608	2195
1970	1482
4968	5033
4730	21
1214	1441
2402	772
2991	12
1575	4
4526	3499
2062	9
2822	15
2392	2511
6085	6543
2714	9
2377	22
2882	11
2549	1112
3856	2989
4082	30
2894	17
5124	13
3808	5
4290	7
5183	2
1953	3
2233	1125
2772	2010
5185	3981
3306	16
2497	2314
4846	3
2745	119
2869	184
3544	56
4016	2127
3128	1553
1587	10
2307	2450
4092	2
2719	87
2467	23
2139	3
2091	11
3384	17
3253	2
3320	1126
2312	301
3124	11
3817	5
1770	1243
2958	909
3112	617
2724	26
2528	222
4282	14
1528	12
1983	769
4993	3121
3374	3839
2673	1366
2412	1985
4339	16
3869	3
2830	1069
4806	0
5326	2976
1882	2
3023	13
3177	23
1735	773
3776	3
805	2
4284	19
3838	37
2208	9
3138	0
2438	0
2082	22
1761	19
1535	1602
1591	35
2458	956
2528	432
4609	0
2110	738
2872	12
3649	518
1074	1532
3604	140
3507	323
3821	8
3524	7
4043	33
2881	20
882	1079
2691	15
3192	53
3194	9
7635	5551
7619	8212
2395	13
3738	3
3056	13
1603	146
3748	97
2153	5
2845	3
2490	2089
2930	3
4692	1
3920	2
2489	685
3263	15
3307	9
3313	157
6447	7760
3594	2431
1184	1
4192	9
3142	4
4748	188
3372	0
1714	7
1707	57
1415	593
8033	0
3672	14
3269	16
3360	11
1676	696
3317	33
2036	908
4002	2
3423	13
3856	14
3135	486
2124	1685
2394	1004
4430	4
3733	9
945	923
3375	13
2682	12
2390	771
3928	73
2813	209
3214	38
3744	15
2888	9
4847	4
3394	2161
3589	9
3320	11
3802	24
2855	1
2910	41
6660	33
1999	88
4392	58
2280	24
3688	12
4698	20
3423	7
3394	27
4097	4042
2118	846
2211	1051
2602	668
2515	356
3591	1
3022	208
1423	1197
3562	0
3544	82
3253	1562
463	1385
3722	3056
4012	3124
3072	15
2897	181
3065	20
1726	1567
3593	13
2651	1919
2497	3
2485	7
2682	15
2236	22
2379	10
1116	425
8236	6103
1979	2108
2114	342
2797	531
1404	854
551	1604
4093	406
3562	11
4618	4471
2525	860
2095	758
4055	9
2814	1213
2170	30
3242	284
2958	1
2242	11
4964	22
4271	10
