5990	5347
5135	5793
5401	4884
2772	4836
7005	4964
3108	4535
4845	5003
4054	1169
4037	6366
3441	3082
5381	6718
3011	3437
3342	3299
3407	4010
3219	4227
3930	5068
2246	4512
5356	6259
5116	3883
3303	5310
1723	3956
6036	5176
6224	4836
3400	2587
4363	4716
4312	4650
4035	4033
2714	3600
4855	8455
3748	1869
2629	4177
4057	4443
2772	5781
3611	1566
3861	5260
5481	6527
3403	5461
4563	5475
4671	1939
3179	5892
4665	5295
3779	5060
2914	3832
4470	5984
3716	4285
3238	6288
5751	6617
3878	4030
3546	2341
2481	2741
2888	2982
4060	6802
3901	2379
6122	4241
6749	6730
3986	5718
6653	6000
4534	5714
3721	2053
3150	1741
4147	5160
3731	5987
4861	6051
6128	5971
3431	3948
4475	753
3776	6309
4118	5900
5124	4597
3102	2086
3492	5488
5479	4960
4365	5030
3730	3325
3507	1752
4034	2172
4580	5050
3089	2645
5104	7250
5932	4389
4145	2934
6142	6053
3789	656
3856	2637
4338	2148
4028	3885
4773	4511
3422	1474
5272	4135
4739	3173
4122	1428
3647	921
4167	4540
4768	7053
3363	3221
3007	8405
4800	7577
4432	1585
4326	5711
4482	4021
3648	2076
3645	474
2944	3487
3378	2751
4304	1451
3875	3688
3081	3422
3337	4266
3589	5010
4632	5290
3195	771
4309	3056
3374	7637
3583	497
3845	4211
5756	2404
4021	1867
5331	3498
6954	6350
6601	5665
4794	5226
5293	4222
4259	6694
3911	5910
5029	1997
4587	4722
3564	5252
2886	4076
4400	3445
2939	3600
4582	3032
4059	4765
3102	0
5792	6065
4048	3219
3950	4323
5497	5528
3851	2284
5456	6768
5227	7211
2917	3875
5389	6319
4529	1984
5996	6783
3475	2865
4178	3473
4035	7656
7079	4779
3953	8466
3575	2206
2507	1332
5488	5768
3026	1696
3996	5975
5679	5906
1688	3858
5631	4928
4366	2640
4114	5210
5280	5388
4043	4437
2877	7250
5158	6108
3535	6216
3524	3324
2791	4089
3018	2376
3766	3510
6058	6787
3315	2746
1831	5390
4623	3530
3104	5167
5647	6190
2593	4701
3804	2962
6016	5605
4681	1105
3166	5707
3181	3562
7060	5598
4289	5638
3022	5179
4274	2436
3333	2865
2822	3935
2855	4974
3353	5069
5225	5959
3533	6721
3775	6256
4039	5389
4504	6989
3479	1322
3724	1428
6616	4189
4394	6302
3366	2871
3765	4986
3836	5496
5437	4889
4859	5194
6916	6930
3481	3388
5595	4665
3959	5163
7236	3229
2557	2632
6039	5603
4488	1270
4854	1863
5034	6675
4655	9012
4760	4005
4886	8187
3127	5786
3905	4674
3217	1888
5277	7460
5438	6278
5689	5251
5956	6294
3739	1804
4050	3894
3112	1486
3051	6497
4994	4545
4113	3739
4111	1193
5368	5145
4626	6597
5719	5429
4066	3522
3592	2919
4142	3124
4693	3829
4967	7087
4261	2830
5385	6114
2780	3141
2742	3827
4104	4544
3504	4283
5359	5021
3624	6850
3809	3351
5268	4514
3663	6383
4045	2495
3182	1005
2878	3869
4554	7429
5292	5963
3367	3122
5095	5840
4099	2214
2855	5617
4365	4372
2507	4039
3812	3896
2711	5106
2276	3648
5557	4787
7347	5861
3362	2523
1642	3129
5381	4636
5674	6074
3954	1352
3493	2233
4881	7397
4462	7182
4504	1165
4102	5952
5939	5624
2509	5492
3073	5052
0	4154
4806	3271
3718	2029
7002	5274
5499	5059
5347	4918
3585	5584
6605	5754
4255	6790
3234	4024
5745	5261
2760	4909
2778	3278
4054	5590
4381	3477
3771	2683
6235	5801
3142	5323
4548	3423
5334	5936
5872	5250
2714	3276
4415	3875
2960	6864
2923	4180
5370	5771
5744	6678
4081	4769
2761	2040
5129	5946
3497	7616
3655	5710
4741	4809
3362	2876
5523	6943
4886	6849
3238	2924
2905	3598
3644	2432
4774	2030
5007	4711
3460	5673
4149	6128
4851	5401
4076	2038
5429	5821
3064	4022
4471	5457
4139	5290
3928	3693
4900	6142
3909	1323
2578	4132
1923	4055
4005	2658
5589	3442
2507	1383
3892	3746
4876	5300
3307	2969
3356	4009
3626	5260
2955	5970
3946	6940
2954	3809
2632	2532
3865	2678
4296	6356
4125	1184
4218	7648
2780	2525
6362	5241
1508	3310
3537	3869
1547	6944
3201	3790
5258	4955
5067	5420
3071	4772
3746	6164
3652	6703
6035	6613
5888	6487
4831	5915
4404	5924
5341	3543
5728	6451
5292	6995
5773	5681
5330	3412
3491	6407
3999	5520
3397	3956
7045	6932
2968	1928
6547	6368
2619	3481
4481	4994
4638	5869
3352	4796
2333	3297
3031	4193
5224	3485
2956	3066
5726	677
5262	5890
4935	4809
3477	3381
3061	2977
2555	3937
6421	5836
2575	4409
4761	5777
5212	2189
3953	2827
3957	7060
4071	3416
5311	8807
4231	2183
3306	3020
4677	5775
5176	8417
3259	3654
4425	4557
2618	4688
5562	4786
6277	5389
3919	2371
5211	4608
3741	2922
6313	4870
4773	5227
5382	6005
7042	5427
3561	5289
2997	2602
4511	2374
4297	1923
2942	3906
5780	4887
2714	5972
3170	1822
4029	801
3153	5216
5008	5609
4030	6075
5449	5180
4334	5580
3988	3717
3726	1237
3527	6836
2267	4319
2554	3995
3067	3195
2543	3771
3742	3333
4391	2868
3407	2442
3859	1323
3173	2574
5291	5881
4224	3964
4615	5886
5140	6991
6118	5955
4130	6435
4331	2574
4226	1949
3635	713
5107	7064
3247	6359
3582	4405
3249	4251
2948	3829
3678	4110
5168	5327
2835	2697
2765	2820
3350	3702
3186	6401
4728	5412
4723	5189
5831	4733
5231	5471
2252	3176
4362	2668
5563	4818
5993	3526
4127	3648
4027	2178
4083	3578
3345	4513
5233	6111
4232	3230
4652	2046
5367	5678
6234	7077
2312	6220
3493	3698
3868	3333
3453	2249
3440	3948
4058	1498
4000	4161
4258	4177
3839	1514
3110	4109
4253	3680
3629	1901
2429	6218
3673	8910
3165	4435
5136	7163
4082	6005
5522	2856
3952	3579
4737	5955
4731	4914
3287	3227
6757	6234
5677	3669
2902	3228
5817	5657
3486	1916
4315	3830
3794	768
2082	2967
4431	1923
2865	2928
4207	2337
4237	2344
4322	987
3343	3578
3328	2582
3814	123
3664	5351
3612	3204
3224	2688
3080	2377
4920	5082
3330	4015
5094	6368
3582	3575
4846	6096
5337	5209
3014	7911
3017	3763
2850	3720
6156	5296
4846	4263
3736	6379
3911	3383
3744	5313
4293	5377
3971	2685
3593	2631
4078	1616
3623	5232
2240	6076
5832	9999
3487	5776
4710	6911
2865	3688
4632	7014
3010	1876
2326	3570
4759	6389
6262	7191
3236	2825
3481	2274
5496	6574
4100	6991
4161	5601
3697	4159
5483	5414
3890	3700
4675	2569
1987	3087
3790	5658
4818	5321
3789	2595
6054	5181
4064	4942
2259	3252
4452	7450
3848	3720
2844	3426
4276	6265
3292	2317
2513	1403
3776	3980
4002	2874
3274	3807
5473	5471
2683	3920
6105	6497
3343	4024
4014	1946
4080	2124
4578	3887
4018	5030
4658	7879
4671	2518
4646	605
3255	3729
3374	4313
3906	2005
1815	3803
2896	3099
6786	6132
3875	5656
3193	1524
4514	5797
3974	1681
4090	4822
3988	820
3888	531
5725	5628
4756	6213
3652	5762
3386	5741
3711	3543
4024	6247
3180	6602
5016	4563
3229	5963
4190	6131
4743	5895
3806	3989
3163	2153
4634	5543
3251	3021
4907	5803
5121	5346
4986	3122
4252	7435
4751	6469
4227	2096
5691	6487
3471	5091
4432	4679
4496	1676
3572	1619
2418	2872
4174	7526
3802	4682
4469	6230
4052	6845
4007	4107
3931	3158
6791	5252
5696	3651
2821	5001
3449	3947
2293	5197
2995	5604
4045	5555
4976	6381
3389	2601
3179	5944
3560	1684
3683	3411
4711	7280
3867	3173
5051	4498
3775	4637
3358	3438
6446	6130
3918	6181
3166	4272
3617	2831
4553	4735
5917	4332
5029	5803
3909	5794
2861	4949
2322	5051
4656	7374
6364	6756
3726	5353
4703	3968
3291	3661
2699	6931
4124	1502
3851	3130
3649	3354
4320	1748
2770	5029
3188	2021
4161	2774
3717	5297
3870	3240
4199	6400
4717	5732
2913	3897
3989	2854
3441	3012
4246	5569
2098	4632
3923	5487
5624	5224
4292	3624
4215	6265
3009	5625
2852	1990
3907	5742
4184	4387
5111	664
4091	2328
4044	1732
5233	4942
4958	6364
3616	3974
2733	4040
3416	3408
4028	4681
4214	3679
2860	5896
4207	5220
4353	2757
3780	3533
4791	4113
2793	4106
3677	4520
5488	956
4500	2870
3721	3593
5180	2737
6151	6057
3505	3258
3338	863
5103	4533
3970	4767
3321	5555
3509	987
3601	5012
3334	6254
2465	3116
4225	3830
4344	2068
3392	2751
6804	4812
5873	7035
4596	4770
4663	3418
4958	937
3450	5824
4966	7220
4736	6634
4073	9214
4781	1329
4050	3883
3809	5323
4101	2305
4250	5751
5114	5585
4113	3479
2847	6045
4815	4588
3558	2717
4603	4129
4748	5187
2091	1849
4369	5564
2749	4446
3340	4148
3783	3050
4032	2643
3638	1910
4596	4454
4719	6762
3590	4098
5531	7113
2958	4568
5466	5991
4736	5415
2386	6138
3797	6291
2468	2959
4524	615
6117	6229
4093	3668
3948	2648
4463	4253
4071	2061
4576	6241
7274	6439
5851	5600
5658	3472
6303	4689
5845	6060
2328	2751
5408	6300
3453	2791
3796	4451
4115	1427
3073	2570
4178	6940
4316	1490
5977	6422
5191	5899
2695	4588
3732	4379
3784	4113
1452	2399
4856	2952
5702	4742
5136	1925
5971	4701
3699	3738
4147	2116
5453	4678
4143	5341
4632	5808
3142	488
3664	2260
4175	5321
3507	5121
3346	4398
4989	4880
3043	6000
3962	3189
3930	4041
4633	6009
4654	4694
3201	2984
3276	5303
3373	6352
4004	2804
5559	5849
5208	4741
3885	5630
5421	6435
4256	8364
2952	190
3267	4818
6862	3763
4691	7131
5590	5476
5413	5772
4084	3208
2119	3801
3720	2812
6100	5782
5077	7710
2939	3514
5953	7582
4053	3139
2961	2390
3014	4238
3867	4569
3422	5827
4671	4393
3737	6301
5684	5028
5562	6207
5481	4171
5996	6555
4419	6491
2221	5386
2122	3801
5272	5970
4333	327
4955	3821
4541	7543
2297	4767
3482	6838
4646	5809
6073	6659
3376	6210
2715	6038
2671	3508
3665	2807
5517	4147
5228	7091
3504	3249
4530	5831
4544	4475
3725	5708
4310	4236
4035	6765
5048	6185
3623	2845
2333	2226
4916	6512
5527	5408
3884	1522
4084	3290
6082	6147
3701	2731
3961	3342
4715	5370
4767	3460
2851	4047
5112	6956
3197	5051
4728	1560
4615	6877
6100	8117
4733	2388
3902	3813
5734	5593
4590	5883
3289	7124
3492	1960
4155	1019
3529	3073
2995	5992
5129	5806
4346	3641
3878	3068
3868	3236
5515	5301
3693	7355
2042	4848
4906	5375
3426	2384
3882	7713
5576	6202
3392	4124
3267	4494
5092	5441
4107	4670
4979	3136
4246	3299
6291	6481
4513	3225
3843	2995
4504	4149
4003	3893
3943	3696
4063	3004
9999	4490
5102	6039
3709	2737
4903	5411
3230	4871
2764	2427
5530	4308
5915	7663
5074	7670
4574	4198
2615	3287
5843	6036
6045	5686
4103	2356
5190	8052
3338	3311
3838	4565
2696	3544
3382	2742
5314	4697
5507	6205
3746	5152
5583	4538
5032	7542
3610	3150
3605	5613
3262	3844
3964	5384
5162	6042
4198	4711
3551	6049
3816	3300
