402	30
193	1
345	189
34	15
232	1
306	434
17	252
85	106
170	10
57	127
125	1
1019	91
40	286
23	136
6	1
74	73
28	13
62	1
74	1
74	54
28	1
311	8
170	284
272	6
187	39
2293	1
62	16
249	49
74	18
102	1
481	45
311	1
11	1
28	15
17	1
28	1
3748	1
23	676
260	1
108	34
238	74
215	1
238	1
113	35
611	119
170	1
634	136
153	1
193	1
470	1
74	1
232	1
130	26
85	1
243	1
79	41
0	1
17	1
430	7
125	172
45	1
362	1
379	177
187	1
255	1
6	43
79	143
362	35
23	1
181	1
34	41
17	1
57	28
91	1
23	6
40	93
306	1
351	70
1370	85
159	1
74	233
181	1
102	15
204	1
130	55
0	1
11	15
204	1
28	250
238	1
226	454
11	106
1297	40
164	71
136	1
294	1
255	1
102	1
28	9
28	94
385	1
147	1
2276	1
1189	1
176	13
142	1
11	1
130	1
91	1
963	228
510	6
74	73
91	1
62	18
40	1
23	113
159	387
249	1
40	100
493	1
0	1
45	1
164	1
159	282
187	1
340	111
96	1
28	140
85	115
340	73
306	93
147	28
51	184
142	65
45	303
181	1
679	1
6	1
470	1
1919	3
40	1
798	1
555	168
4598	1
6	1
91	1
102	6
17	44
40	1
51	1
119	131
249	5
40	1
193	1
866	66
28	1
142	1
3929	1
11	71
17	26
62	12
45	1
283	1
28	1
447	1
62	1
91	311
85	1
28	39
113	4
204	1
119	354
45	1
136	1
266	88
34	1
108	1
419	297
6	1
215	1
34	1
249	1
119	1
164	157
708	12
68	780
34	1
130	1
578	1
40	248
130	1
130	1
0	1
108	2
193	1
68	91
289	1
6	1
379	8
68	1
108	382
226	171
300	1
51	24
159	1
255	1
68	1
96	1
62	369
57	74
45	73
74	1
113	34
130	1
527	1
255	1
85	1
362	42
23	2
51	1
68	1
193	63
226	1
68	15
74	1
57	1
17	1
51	86
323	1
198	1
476	75
781	52
606	1
113	46
249	18
108	1
102	36
6	1
651	70
125	1
108	169
283	383
28	1
176	29
45	335
861	1
130	8
28	1
181	66
130	60
181	74
0	41
11	1
28	1
0	376
34	1
45	38
2808	1
0	1
125	8
238	1
221	26
181	1
79	10
11	1
0	168
215	56
11	1
62	215
204	200
68	90
68	236
62	1
396	50
657	335
0	177
45	133
357	152
3261	186
113	72
1602	125
62	1
198	2
68	206
0	1
187	1
147	42
436	115
28	1
17	9
62	17
28	12
136	145
79	161
243	32
96	1
226	43
385	1
170	49
113	1
45	73
11	1
40	1
68	133
6	1
11	32
929	221
204	25
221	108
45	172
164	102
40	1
6	1
28	1
300	160
102	52
28	1
74	1
62	125
62	1
28	104
0	1
674	1
85	193
40	1
0	125
662	1
849	1
742	1
193	18
351	25
6	24
215	236
334	63
23	1
62	201
0	56
17	1
232	38
79	32
204	103
260	620
79	41
102	1
23	184
221	1
238	1
566	1
272	33
209	1
0	1
164	50
23	1
193	1
40	1
425	4
68	1
125	1
57	70
176	16
125	21
198	1
113	320
209	1
340	1
0	62
2219	1
753	1
198	1
40	1
119	41
62	1
6	1
68	34
85	108
0	1
91	1
17	544
28	1
311	1
68	1
2718	1
102	98
62	1
589	9
108	231
300	90
34	1
51	26
578	37
11	136
345	31
159	371
40	282
164	1
130	1
0	193
62	256
549	1
6	1
566	1
249	67
159	74
136	56
45	19
640	2
28	41
566	119
226	1
74	133
0	397
940	1
68	40
215	1
323	16
62	1
28	57
623	364
45	35
102	229
481	1
34	153
68	20
6	5
357	1
447	59
198	12
17	88
11	1
130	26
6	82
0	107
130	179
28	434
985	1
62	6
300	142
6	1
209	36
221	24
209	1
28	1
85	1
62	1
102	44
108	1
0	9
125	28
23	44
249	1
102	1
357	5
102	4
28	1
391	1
198	23
51	1
368	1
28	1
34	1
136	217
481	51
125	1
6	114
136	69
85	1
108	1
181	1
62	1
187	107
385	37
374	115
23	1
113	1
45	316
136	1
79	1
68	192
0	459
0	126
595	15
832	1
142	1
11	50
23	1
34	47
51	1
345	22
3216	33
23	2
0	62
187	549
119	1
51	19
929	1
266	12
28	1
164	1
159	197
476	9
28	1
668	1
193	1
142	41
198	49
136	1
266	1
198	17
164	100
0	134
5464	524
17	151
0	49
153	378
447	1
45	285
113	1
74	1
136	25
176	1
385	23
40	56
113	1
142	1
136	1
866	1
85	38
91	313
419	1
11	1
23	1
102	186
317	14
3335	45
11	1
159	1
725	42
40	1
209	1
85	1
91	183
119	31
79	22
6	1
102	1
68	1
640	1
487	1
68	25
125	1
79	1
272	46
181	33
34	1
6	1
215	6
91	39
17	56
1268	68
79	228
436	52
215	18
470	67
17	86
125	1
62	60
311	8
85	55
51	26
147	5
2616	1
57	153
153	1
1427	1
753	1
0	67
266	118
0	204
277	91
17	735
679	19
277	4
57	38
362	24
17	1
102	1
204	1
6	1
408	1
136	1
51	124
34	1
209	235
170	1
17	70
0	34
957	208
40	310
6	16
85	9
68	58
181	1
934	1
464	1
102	1
57	1
62	43
153	108
34	94
730	520
23	28
45	58
79	1
260	22
68	240
45	20
481	1
221	1
68	31
17	231
2078	1
6	1
147	18
62	146
74	1
187	1
232	1
266	48
74	283
113	1
23	17
6	1
323	121
96	11
17	1
260	212
62	1
79	1
17	1
561	1
226	1
23	1
119	1
113	1
600	11
91	1
838	111
96	1
328	7
708	1
45	1
113	279
45	94
1880	236
119	1
23	1
713	1
11	1
17	1
102	64
634	105
17	66
79	102
1053	1
57	1
6	6
306	1
91	43
147	1
0	71
45	1
317	203
243	329
113	45
96	40
272	1
521	1
249	1
119	1
40	96
125	1
561	60
153	56
57	1
272	379
6	1
713	20
108	1
176	58
1121	1
125	1
51	210
260	50
147	1
74	76
379	21
204	105
408	1
187	1
45	64
136	1
119	37
4796	1
362	482
74	367
209	1
57	6
17	1
136	90
6	1
0	1
136	1
79	13
204	20
181	143
57	1
266	1
6	1
345	34
102	145
317	41
62	1
0	26
334	46
51	20
102	14
28	3
17	230
11	1
696	17
260	220
6	69
294	3
283	1
11	199
351	31
23	28
209	1
1438	99
187	1
374	59
96	1
793	132
142	1
34	1
221	1
11	23
6	1
628	1
45	367
136	102
493	1
561	1
6	1
323	1
6	41
51	65
221	1
51	221
6	91
79	43
153	304
51	1
125	149
181	1
23	38
96	1
91	1
238	120
306	1
0	1
113	29
311	20
215	55
62	1
283	111
266	1
130	1
153	62
91	1
51	1
79	16
17	1
595	92
57	1
170	284
40	1
6	315
555	1
34	250
74	654
226	20
0	238
102	32
159	175
985	191
0	31
119	47
272	1
459	1
108	45
176	61
1138	1
289	1
379	35
17	38
79	1
68	1
538	340
340	1
11	39
17	1
6	9
45	1
136	1
504	1
1597	359
6	252
6	26
40	1
204	178
153	36
1178	1
57	1
136	1
91	1
147	1
277	170
17	1
45	96
0	66
142	782
187	171
85	1
62	26
142	37
85	1
283	13
1483	1
85	109
57	1
266	1
289	1
617	125
85	1
11	1
79	1
91	1
34	1
45	1
108	1
532	1
340	1
340	1
221	191
51	1
28	1
108	1
113	39
17	256
102	6
51	1
6	1
28	44
40	114
147	1
317	3
187	1
317	309
11	52
425	1
351	1
238	150
85	1
226	334
28	165
11	1
125	1
345	175
79	128
243	128
357	298
74	337
283	1
164	1
102	430
17	1
357	121
62	2
17	352
68	1
6	38
164	1
96	1
17	1
561	1
40	301
11	1
136	1
198	143
215	338
45	28
521	9
17	1
170	1
68	1
317	1
68	134
1285	20
17	30
130	9
17	1
142	1
1212	1
45	16
113	1
68	67
198	586
193	5
187	10
1331	67
125	1
385	32
170	51
102	374
209	231
125	37
334	5
470	29
436	1
238	252
147	1
40	1
51	292
23	1
0	1
781	1
187	1
40	7
28	7
17	279
176	63
226	1
130	1
6	1
0	1
17	21
130	1
17	64
470	1
79	1
776	1
96	1
68	723
23	31
17	113
74	8
159	239
40	23
40	1
413	23
147	337
243	358
51	1
6	315
85	1
28	123
113	1
425	520
28	293
900	1
549	231
164	740
6	1
108	45
164	13
0	1
289	1
459	1
11	1
159	103
11	1
0	1
193	1
328	1
142	26
719	1
255	12
345	21
272	34
119	73
1172	378
51	300
85	215
68	1
209	157
28	39
130	19
328	754
34	3
266	14
68	30
6	6
413	1
125	1
153	174
125	15
226	1
136	47
193	1
6	1
96	70
226	216
198	1
62	1
85	2
23	46
204	1
102	1
68	1
23	162
130	1
142	1
306	1
289	1
396	51
57	1
442	13
781	54
79	1
294	1
1365	1
408	314
11	21
1512	1
51	40
6	1
96	1
1149	15
79	1
125	18
91	195
306	11
153	174
17	46
1081	1
142	17
51	1
266	1
147	2
68	1
402	26
45	58
164	1
28	1
51	261
125	1
159	9
113	8
96	1
436	150
62	223
623	1
68	1
147	1
57	1
176	90
430	44
91	1
379	1
28	1
453	10
306	1
85	47
0	19
79	1
51	1
1925	64
85	68
340	203
0	14
62	266
521	13
40	1
0	474
136	9
74	11
125	10
289	1
45	1
176	76
6	78
102	1
11	1
6	1
611	1
96	39
57	1
91	1
45	1
45	57
198	8
215	6
1761	20
362	1
45	1
6	1
51	10
6	63
260	147
164	105
79	1
34	68
62	57
68	1
181	1
730	27
34	153
3108	1
11	1
125	1
147	1
74	333
6	1
96	1
113	1
102	1
351	1
102	368
164	1
334	6
181	1
57	1
238	1
289	1
28	78
40	1
51	1
5973	1
0	1
102	134
23	1
430	1
255	32
600	1
209	181
62	1
6	121
23	356
900	1
51	1
34	1
79	84
323	1
209	1
45	55
345	1
283	39
170	67
51	1
266	1
0	20
402	145
6	1
91	1
102	1
408	1
125	72
17	1
323	1
34	1
611	388
102	560
28	767
51	1
45	451
40	31
209	61
11	105
91	389
125	477
6	140
17	1
226	1
0	1
40	55
209	1
28	1
17	93
747	1
17	1
108	120
85	1
125	1
198	36
0	1
436	1
11	1
91	52
436	48
40	1
45	41
226	1
68	1
317	31
85	1
153	1
193	29
125	51
770	105
164	206
28	576
181	1
243	71
85	119
561	1
170	116
28	1
45	1
136	1
119	1
147	1
23	1
889	1
153	1
176	1
181	183
425	22
40	17
34	39
11	1
544	50
119	48
0	1
40	1
221	151
153	18
28	140
57	105
113	463
74	53
147	1
0	1
379	1
334	1
28	11
17	1
102	1
277	26
510	1
96	8
170	1
946	1
17	345
11	27
68	1
51	26
96	1
6	132
96	479
130	2
238	36
153	801
51	1
402	1
657	1
0	280
193	73
317	1
11	47
504	1
45	17
102	298
45	16
6	1
74	1
589	1
561	127
85	243
283	21
679	1
96	1
142	14
142	1
408	12
221	1
17	1
232	1
306	151
272	1
176	1
40	71
62	335
108	1
28	1
11	64
249	1
2208	1
193	1
11	139
17	1
153	35
0	22
79	1
62	141
238	62
45	1
45	37
91	1
187	1
51	1
45	1
79	1
136	1
40	1
0	1
753	1
0	83
391	1
153	54
442	2
113	49
17	1
170	57
34	1
544	22
232	1
544	1
510	1
153	1
125	19
232	1
62	37
1461	25
125	1
34	1
74	19
164	72
306	1
323	1
193	34
119	37
260	1
40	195
357	1
57	115
221	108
153	45
0	1
40	1
136	1
595	1
51	1
74	33
204	31
91	1
215	52
68	1
34	141
34	77
142	1
108	1
243	1
34	1
119	282
623	8
317	98
436	1
464	1
357	1
40	199
6	1
62	1
74	13
96	96
159	1
226	8
379	1
28	45
62	1
6	120
62	1
51	264
266	161
136	1
226	584
345	423
17	2
170	1
17	1
243	33
634	1
51	1
538	1
181	1
40	1
17	1
209	1
102	43
368	1
2084	1
6	1
255	7
23	1
193	135
119	1
34	1
651	1
510	4
776	1
385	269
6	1
51	345
130	1
6	1
328	1
74	1
277	343
113	161
300	1
51	3
0	68
294	4
51	27
0	121
362	9
221	1
11	1
215	1
0	58
130	211
226	5
147	1
45	61
651	76
430	1
1019	1
226	1
311	191
578	60
413	1
51	182
11	1
374	1
142	99
770	1
249	4
108	205
193	24
79	1
181	376
68	156
209	30
62	1
6	1
113	34
662	100
170	17
470	72
611	173
40	474
6715	38
436	1
17	1
68	1
91	45
57	1
1308	1
198	1
255	78
209	48
351	1
57	1
23	1
74	22
34	89
68	1
0	68
243	8
0	301
277	28
57	1
6	1
91	22
62	1
28	71
125	24
6	18
11	17
159	1
226	1
11	795
844	52
226	1
493	1
11	35
62	172
28	1
57	50
181	62
153	9
119	1
453	1
289	1
249	17
57	1
136	46
125	10
0	1
340	663
34	1
798	1
277	685
91	355
176	1
4665	1
396	1
68	1
11	816
23	32
125	96
504	26
74	53
74	1
57	152
91	23
209	38
28	14
2588	20
79	1
159	1
51	1
96	1
142	196
198	31
226	1
62	1
226	8
300	28
198	1
62	1
28	11
74	257
181	1
498	51
153	1
215	2
0	1
45	1
74	1
153	1
11	1
96	1
102	1
125	1
125	168
396	1
96	1
57	1
374	1
255	1
45	1
6	27
68	1
85	132
198	1
79	13
0	1
74	204
6	1
119	115
79	109
11	3
28	10
23	1
17	43
430	1
136	45
6	123
243	109
74	1
159	1
17	385
742	147
289	105
181	24
306	1
300	1
17	92
6	17
243	4
62	47
119	1
11	256
34	1
34	9
391	14
68	1
272	1
113	1
113	1
243	1
408	1
125	36
34	93
0	124
113	1
249	138
391	321
11	1
957	1
28	1
57	15
130	1
62	237
221	1
204	110
57	1
113	1
74	1
68	1
238	68
91	52
34	43
23	72
215	1
334	7
96	83
130	1
130	207
821	1
249	40
555	1
204	1
17	1
79	75
11	230
374	1
17	16
283	55
379	8
113	117
0	108
176	1
62	1
34	1
357	1
0	1
3035	41
391	259
108	1
79	42
102	10
102	1
91	120
108	1
57	155
221	1
136	33
11	18
68	14
57	1
147	93
272	92
379	1
198	36
102	58
34	50
334	34
374	73
23	1
119	78
68	1
159	1
328	109
68	1
11	70
51	48
74	31
102	1
328	13
934	1
651	1
0	358
11	16
108	73
243	1
40	1
243	102
159	37
142	44
68	1
45	57
40	11
159	1
57	1
6	1
62	63
28	1
96	29
62	1
6	1
1461	1
34	6
74	1
113	375
91	1
6	1
0	241
28	1
119	190
6	349
119	17
125	36
11	9
102	57
181	142
147	350
328	16
45	1
453	1
277	1
34	1
357	217
391	1
108	1
91	1
51	86
23	1
255	1
91	22
164	1
102	1
57	90
204	1
142	1
17	1
119	1
187	153
606	1
57	1
119	40
193	1
91	1
176	1
79	1
0	85
328	1
74	1
747	2
419	80
198	1
323	13
0	1
3482	130
79	1
662	90
402	1
283	149
515	186
6	28
396	1
147	1
17	1
300	106
119	79
193	42
57	1
62	27
85	1
209	174
91	85
691	501
215	160
45	181
34	110
221	46
102	1
0	1
6	1
277	1
62	122
351	1
385	234
396	1
476	1
272	32
515	1
79	1
260	1
34	1
215	1
40	1
226	1
136	10
79	101
85	91
176	1
11	90
57	89
159	1
498	359
91	18
108	1
108	1
6	1
45	16
628	122
0	99
85	1
1500	16
193	247
226	1
79	392
176	233
68	1
51	206
176	1
102	85
119	1
198	39
340	71
147	1
0	1
45	4
51	48
51	7
6	4
753	31
204	168
108	1
40	1
74	1
300	1
708	1
170	1
17	319
34	1
164	89
102	1
317	1
17	1
85	76
5894	94
159	320
62	6
68	136
136	230
306	1
62	50
589	5
91	1
238	45
34	1
119	27
6	25
447	21
260	81
85	1
119	27
23	31
17	402
96	8
40	16
198	28
130	1
0	1
62	1
62	1
57	1
68	498
289	1
11	50
209	1
40	1
136	1
136	190
51	1
193	1
96	1
238	26
57	1
1189	73
193	215
40	1
96	281
130	1
91	421
113	28
57	1
45	1
45	4
306	1
113	91
277	1
23	1
142	30
600	493
317	272
1206	18
413	675
0	91
57	30
1325	77
1438	16
226	33
125	1
91	496
45	1
40	35
702	1
0	287
28	115
119	1
532	1
277	1
430	42
23	35
40	1
176	1
6	1
1455	1
153	1
209	1
142	1
209	1
23	11
28	53
34	104
617	94
130	1
28	24
91	62
68	23
6	25
113	1
130	78
23	271
125	109
193	1
187	123
385	1
45	107
130	694
119	149
34	165
119	76
51	1
289	1
102	26
17	1
464	1
28	1
379	1
11	1
108	26
368	9
62	66
79	144
662	1
119	1
130	1
164	44
136	90
6	1
0	408
91	29
294	1
232	1
68	1
0	1
0	1
187	1
277	1
323	46
136	69
23	24
170	31
28	1
68	85
4365	1
334	1
23	17
91	72
532	12
23	13
51	1
294	1
85	1
125	1
391	1
153	82
6	1
17	1
0	1
17	196
45	1
85	1
79	184
9733	76
23	1
11	1
493	1
51	1
561	90
108	19
1019	1
436	1
277	1
691	1
28	1
91	104
79	111
345	384
108	1
51	1
379	223
787	1
23	139
459	113
385	1
170	1
34	416
51	13
125	1
487	57
62	1
204	24
96	1
668	1
91	132
11	1
283	1
130	52
130	1
147	1
40	20
102	1
6	40
1002	1
96	22
79	35
45	1
0	185
96	68
493	587
170	96
74	1
696	89
57	1
85	1
79	341
238	64
119	1
193	218
187	1
226	73
45	1
725	5
113	93
340	1
6	107
85	39
238	1
91	1
11	1
62	1
57	56
119	1
91	59
45	1
130	31
159	1
74	110
289	1
6	1
108	1
45	90
6	270
34	1
79	1
6	1
130	1
0	9
102	167
147	2
1478	36
249	1
11	1
226	1
283	1
0	1
113	100
510	116
108	61
17	32
17	1
176	1
34	1
57	404
34	108
57	14
289	17
176	20
96	1
260	17
368	27
34	3
0	1
260	1
34	259
277	13
232	1
147	16
289	228
40	1
147	1
28	9
866	111
17	215
34	180
62	1
198	1
413	413
57	1
0	1
6	23
679	1
1093	1
153	270
28	1
430	78
85	30
272	36
113	1
872	1
634	1
91	436
425	136
108	102
385	192
504	45
209	46
159	1
85	1
96	1
334	1
17	353
0	1
11	1
136	86
142	1
119	10
130	1
102	9
119	1
34	91
243	1
57	196
176	1
6	1
17	66
62	1
657	1
125	60
878	1
187	7
317	1
311	1
0	1
45	1
255	1
425	1
209	145
221	1
34	41
498	1
11	1
96	244
147	97
159	1
79	1
11	1
232	42
17	18
102	1
51	1
125	336
51	1
11	1
125	1
74	1
11	99
74	237
34	1
79	169
23	7
79	1
96	1
578	745
142	70
238	1
28	131
159	34
153	25
294	1
91	16
23	1
1602	8
379	1
0	1
193	17
362	246
487	220
294	1
125	1
130	29
447	1
17	103
74	1
45	1
142	64
17	1
142	42
85	1
430	1
221	23
34	73
611	1
11	55
821	25
1614	149
125	1
28	1
226	1
804	1
51	25
34	22
125	118
28	3
328	1
493	1
0	1
96	1
187	1
108	1
34	1
85	1
340	1
578	1
187	1
0	125
102	30
17	1
11	1
317	1
11	1
119	30
181	1
125	783
23	379
209	1
266	1
300	40
51	21
628	12
391	243
0	1
362	45
130	1
102	1
57	1
306	75
11	119
17	38
74	58
193	41
79	18
159	1
136	8
628	1
2033	1
498	66
108	381
159	179
57	1
142	19
85	18
243	1
57	7
0	208
6	49
430	1
45	1
1461	1
193	1
153	38
79	1
255	134
391	97
289	77
1098	1
476	1
17	1
96	108
306	1
130	1
79	140
221	42
40	795
74	1
17	1
159	1
34	48
142	14
17	1
17	1
6	57
40	1
204	1
34	1
62	77
1166	84
193	1
170	254
385	1
176	74
159	4
62	12
436	1
40	61
187	22
91	35
164	8
170	239
34	23
79	1
142	1
142	179
91	1
11	146
57	1
0	1
447	1
17	122
209	1
34	1
187	1
272	90
204	16
17	1
334	1
91	1
249	354
719	1
51	1
23	4
34	1
40	1
79	1
119	118
351	1
164	1
379	13
187	9
209	1
91	374
306	1
249	1
74	8
142	1
45	118
51	106
221	24
1993	1
300	1
40	1
23	1
23	604
204	1
28	1
79	15
96	42
164	1
11	1
40	1
215	1
108	35
408	1
62	190
17	103
68	1
289	1
130	69
459	15
1608	384
1132	50
821	41
572	1
328	1
136	1
306	1
119	5
255	1
17	1
498	45
243	1
62	84
28	1
159	34
68	8
402	115
0	356
170	1
527	42
51	9
425	215
159	1
11	40
164	1
340	94
130	1
102	1
23	1
226	242
159	1
323	162
691	168
243	1
130	188
300	262
142	36
96	61
79	1
11	68
108	109
374	1
170	250
164	1
136	1
68	375
153	1
136	61
51	207
11	75
328	21
68	1
345	1
45	103
447	73
17	27
623	1
170	1
119	30
51	1
40	41
34	370
2525	1
119	98
3091	68
79	586
85	1
396	1
11	362
572	1
232	1
79	7
45	82
311	228
6	32
419	2
527	1
113	1
142	1
1670	1
6	169
28	76
181	1
923	12
96	1
379	1
198	48
62	1
1625	15
181	1
232	1
176	1
17	1
68	54
176	60
1138	86
28	1
255	1
45	200
68	170
130	1
289	73
204	1
113	1
79	1
413	1
91	83
164	1
40	114
6	1
159	1
668	1
368	754
28	1
68	370
702	34
187	138
62	233
51	105
85	47
589	25
436	1
11	1
209	100
130	125
328	107
17	1
176	1
181	1
28	1
74	61
164	1
566	294
17	2
147	609
11	94
0	3
40	94
334	245
323	1
45	1
176	115
62	372
62	51
260	316
28	603
272	143
691	21
283	121
0	1
57	1
555	18
11	1
17	200
113	237
119	113
51	1
300	1
906	112
328	35
74	1
45	1
74	1
193	12
476	1
85	1
68	53
28	58
6	1
45	1
34	1
0	11
606	13
91	1
74	1
6	10
74	84
85	1
521	1
45	202
40	1
85	32
34	34
119	441
79	1
6	6
623	1
17	102
23	1
193	1
102	1
125	1
17	91
51	805
436	1
0	50
198	1
113	24
198	137
0	1
17	1
45	15
57	1
17	112
11	1
68	1
57	1
136	1
402	262
40	76
277	76
68	1
57	1
226	95
130	1
6	4
68	1
187	12
68	60
611	1
40	1
187	304
136	295
79	1
96	448
159	1
266	80
2191	1
1563	8
204	154
91	1
17	504
753	50
0	1
17	44
130	1
51	1
289	188
193	1
68	1
1308	1
6	31
170	1
108	1
11	1
6	189
130	1
0	329
108	207
108	60
1461	36
215	1
79	18
17	159
51	104
634	47
606	38
351	140
17	1
221	104
159	346
289	1
374	2
96	1
583	1
283	1
130	435
45	1
153	49
113	66
226	1
600	745
40	22
79	244
45	84
91	123
821	37
40	1
6	1
447	1
51	1
57	21
102	38
40	1
40	1
6	1
1455	71
40	1
17	4
79	1
130	73
96	1
51	1
11	189
130	379
40	303
11	1
51	1
153	1
277	189
40	6
17	1
57	23
68	14
17	1
164	73
23	1
125	219
79	1
815	1
0	55
68	12
142	1
260	1
74	410
294	27
595	15
102	1
113	108
255	769
283	1
79	11
125	1
198	191
130	116
96	1
108	107
102	277
1370	43
340	209
6	137
113	45
113	58
79	54
193	1
34	1
255	1
232	1
272	1
34	1
102	1
130	131
408	12
187	9
34	73
91	50
204	1
340	1
34	198
40	349
125	15
193	39
28	1
102	1
170	2
51	1
340	1
40	1
260	1
23	9
51	1
159	215
255	1
17	65
74	52
209	56
130	19
1574	1
113	144
57	3
62	1
125	21
0	1
142	1
396	64
221	1
125	50
11	14
85	1
0	149
102	1
0	30
62	29
345	158
209	320
68	1
23	1
108	152
79	1
51	235
57	1
147	1
28	1
198	1
57	102
85	1
79	26
204	564
34	18
74	135
249	1
96	1
159	54
68	1
181	1
181	1
6	46
62	61
176	114
40	1
91	74
28	1
6	1
6	46
294	1
34	68
583	48
17	1
91	360
130	1
57	129
340	1
79	43
62	1
113	1
62	32
119	11
74	1
187	22
798	1
289	175
79	1
96	1
226	30
23	1
51	33
51	44
402	38
130	58
130	62
28	116
3686	109
40	1
96	1
91	1
617	13
170	1
0	13
91	26
164	101
136	15
125	255
645	1
85	22
113	1
51	1
62	1
45	1
0	110
62	4
68	1
6	1
170	74
187	403
0	16
464	30
57	261
793	1
17	1
357	1
23	73
40	1
62	21
40	1
249	123
11	421
125	1
108	290
283	1
815	1
153	1
204	48
147	52
57	1
17	1
209	1
28	295
68	43
226	1
17	116
113	1
187	1
102	1
62	1
153	55
85	26
193	14
79	4
0	1
40	1
85	89
74	286
11	6
6	1
136	1
68	1
23	1
136	201
40	1
74	1
255	72
17	1
119	46
57	121
306	1
34	142
68	134
62	100
28	1
311	1
198	2
62	247
159	1
96	8
74	1
57	59
79	1
11	231
328	1
419	57
102	1
198	1
249	262
85	11
159	214
255	1
153	4
425	1
6	1
0	1
51	1
221	1
34	328
62	9
45	34
153	25
28	1
11	2
23	1
40	5
340	274
345	1
198	1
147	1
283	32
221	1
679	10
74	8
62	1
17	1
176	70
855	46
113	1
17	1
28	247
362	50
113	1
85	181
74	1
198	1
968	14
51	1
130	1
17	19
153	1
108	62
442	7
130	106
459	53
3760	51
176	209
34	1
17	1
6	80
209	75
34	1
130	11
176	1
68	195
17	10
68	14
532	31
108	7
328	21
0	133
153	228
125	15
17	176
62	76
181	1
215	1
40	1
113	83
176	1
62	14
249	1
108	1
215	1
187	1
17	95
317	54
11	45
142	2
866	53
91	75
164	87
34	100
130	76
379	67
232	86
17	73
45	71
6	1
379	332
11	83
23	35
0	1
6	294
306	1
538	132
402	106
583	177
351	140
193	74
204	1
102	131
221	1
164	67
243	20
34	1
11	43
74	219
45	1
51	48
17	54
6	222
62	264
391	1
159	1
45	1
51	16
57	1
85	1
1132	343
187	1
776	97
91	1
57	1
51	644
17	1
345	19
11	1
193	1
108	1
153	1
181	21
238	4
17	1
272	1
11	133
130	87
798	1
11	134
453	26
1478	118
51	1
510	294
476	118
68	62
243	23
57	42
28	39
578	13
11	275
600	166
74	1
45	1
153	1
226	58
108	1
374	1
209	1
1121	1
300	11
238	1
11	44
504	1
442	1
11	1
193	131
6	1
0	602
6	42
62	1
108	28
74	111
17	98
243	134
391	126
51	179
232	13
68	210
130	495
74	31
164	1
130	34
623	1
272	1
125	47
725	1
108	191
51	16
311	60
362	1
170	78
23	367
226	104
6	1
368	83
289	1
997	7
17	40
23	28
102	1
204	1
1534	34
181	110
0	1
102	47
159	1
198	1
125	336
379	1
68	92
153	1
0	21
793	1
130	1
147	1
176	1
436	1
142	1
17	74
997	1
391	693
453	1
255	1
68	1
34	150
68	239
130	49
657	1
385	1
91	265
62	1
102	19
11	1
0	1
17	1
176	1
45	46
51	1
249	1
11	13
23	1
0	1
45	1
260	161
45	1
510	63
34	1
68	1
57	76
62	57
142	70
187	75
51	1
147	1
2089	19
317	2
34	9
260	1
34	1
391	391
215	75
447	58
57	51
91	170
379	1
91	3
193	1
91	1
226	1
436	1
1212	118
79	78
11	116
0	1
62	1
17	1
1376	1
374	1
28	54
311	1
23	1
85	1
0	12
45	62
108	63
6	127
147	1
1687	1
91	1
753	1
747	1
6	13
260	1
113	1
549	75
1093	8
147	65
0	128
187	39
6	1
493	1
91	1
125	135
74	28
102	1
1455	1
68	1
300	1
1229	183
113	71
57	73
6	120
396	1
374	1
340	1
164	1
68	36
170	56
23	76
68	9
294	1
74	39
113	74
125	1
476	15
311	6
40	4
119	1
6	1
249	47
57	1
402	16
130	1
85	1
51	114
572	57
102	1
57	20
1104	1
11	11
198	1
362	8
374	1
136	527
260	1
102	206
226	21
0	14
130	1
74	1
57	1
679	197
0	1
79	1
317	350
0	1
51	1
170	263
147	357
379	1
294	1
40	179
125	1
606	126
561	25
11	766
40	235
634	33
40	1
11	64
1127	1
153	169
23	1
108	1
713	1
74	85
0	202
283	59
476	1
0	1
6	16
68	24
294	1
102	111
74	1
45	1
108	1
40	39
521	6
402	80
130	248
215	6
125	1
96	1
0	1
742	1
102	1
193	1
459	52
6	46
125	314
260	1
85	111
595	13
28	570
362	140
57	35
226	1
23	35
215	84
164	43
62	391
170	1
102	203
125	1
79	1
142	82
57	1
79	266
209	288
0	56
74	130
17	1
85	1
17	1
193	1
232	1
62	1
23	1
368	19
68	314
634	344
85	102
691	1
209	1
209	1
968	1
793	1
108	23
11	65
232	1
425	129
51	350
130	1
6	198
34	1
164	52
798	1
51	2
515	71
91	66
238	6
102	1
102	47
68	176
130	20
108	1
74	94
57	1
181	1
11	1
170	18
74	173
45	68
17	801
57	23
317	92
334	4
28	1
572	80
1546	46
85	1
142	100
23	29
430	1
0	12
1212	1
91	120
57	1
193	56
45	1
170	1
142	1
442	29
102	1
130	1
181	1
34	44
668	1
198	249
130	1
136	333
74	1
57	1
176	1
328	1
198	1
396	21
260	305
345	66
125	56
57	1
34	1
266	1
340	23
164	1
498	203
204	13
170	39
23	14
40	1
119	1
79	1
130	1
2667	157
79	63
198	1
340	231
215	57
119	1
130	84
238	97
142	1
170	1
85	1
34	1
51	1
193	1
68	239
317	1
164	7
900	42
17	1
385	38
108	156
6	58
289	1
3833	635
334	1
159	1
11	40
164	13
209	1
6	129
0	1
209	1
153	6
34	1
232	1
40	1
232	1
96	444
96	47
1053	1
232	1
62	10
147	9
798	1
1568	12
578	1
23	83
34	84
0	1
17	1
255	16
187	4
6	1
23	109
119	1
11	1
1234	1
170	1
45	99
147	330
23	1
57	22
306	36
102	87
45	1
11	1
28	12
651	34
85	38
6	1
17	1
11	66
57	1
17	1
277	98
277	34
459	125
28	1
606	43
62	1
79	217
204	1
34	54
6	127
142	1
68	124
40	1
40	8
855	460
40	1
68	24
221	562
226	205
147	173
362	1
40	1
113	1
11	9
91	114
68	1
23	1
85	1
776	45
57	185
447	44
17	12
142	1
136	17
6	1
57	1
51	1
300	36
6	1
226	66
85	7
159	115
164	34
68	1
232	1
142	1
164	1
815	91
442	12
6	302
79	1
113	76
226	36
623	184
6	1
6	1
170	5
0	97
57	243
45	129
17	34
170	308
62	1
34	23
6	1
498	15
872	153
119	1
328	48
153	1
113	1
368	139
113	1
62	280
402	1
11	1
57	670
45	21
1331	6
419	39
272	1
2480	1
691	1
260	1
487	1
442	1
379	4
57	7
34	1
243	167
23	460
272	1
34	57
221	1
23	1
181	161
142	64
0	1
923	23
113	40
85	10
153	76
176	1
125	137
23	818
23	124
68	282
125	199
79	65
1965	1
6	54
68	1
113	12
272	1
102	17
0	1
136	86
7123	255
317	1
657	1
249	35
396	1
0	48
6	1
17	69
306	241
193	1
226	623
51	1
266	1
17	163
1421	448
193	1
2916	1
204	21
40	1
0	1
232	20
28	49
91	43
113	1
11	18
651	1
181	1
255	301
51	33
17	1
57	1
23	1
0	2
176	252
57	1
198	23
176	1
419	295
323	47
481	1
328	17
589	165
40	1
45	379
91	28
204	1
57	1
419	1
17	1
68	11
147	1
45	1
170	1
1976	1
447	66
181	64
51	61
209	68
125	1
459	139
11	284
34	391
130	174
6	15
221	298
294	34
436	14
198	459
249	217
311	30
153	13
74	39
459	1
510	1
40	46
45	123
74	9
17	430
23	1
221	1
34	1
23	58
34	1
215	1
306	1
45	41
142	248
391	7
108	1
232	1
136	1
125	1
17	308
1495	42
34	18
600	64
45	1
34	49
283	1
108	1
238	46
176	18
28	1
6	91
317	1
6	18
74	1
51	1
11	148
1563	49
379	1
40	1
79	1
374	130
164	1
226	139
11	72
125	1
3154	1
2774	10
804	18
442	223
62	1
272	85
6	1
23	1
895	1
62	1
119	120
85	9
62	1
328	261
34	225
385	72
159	12
6	1
147	1
0	1
119	1
357	1
0	18
232	1
578	147
113	1
391	1
340	1
878	37
28	1
68	18
57	1
79	44
736	17
68	30
226	72
6	1
306	1
198	1
108	63
102	1
277	1
96	66
57	1
215	1
91	36
691	1
45	37
119	1
238	4
6	1
181	1
23	1
232	74
243	1
119	42
11	1
311	1
181	11
153	1
28	1
40	1
396	82
6	1
40	13
96	48
159	148
74	26
57	1
181	1
204	28
153	1
6	13
204	1
176	1
549	1
1008	13
215	41
28	1
159	1
68	1
45	1
28	208
91	66
113	1
153	1
238	13
193	1
487	1
85	413
453	20
193	1
170	1
51	1
193	47
17	217
23	1
17	1
130	1
34	290
34	41
238	1
226	44
402	172
391	1
679	212
28	1
419	1
379	1
79	1
11	7
170	76
6	83
68	1
57	1
62	1
170	103
3788	213
6	1
1138	22
28	1
159	204
0	1
221	7
23	37
294	1
23	1
464	321
453	1
119	1
45	1
23	44
283	31
23	119
17	72
238	16
323	21
209	105
193	1
764	1
396	190
883	13
187	285
289	128
340	7
419	21
79	3
11	4
368	420
57	360
6	1
379	1
68	1
40	1
11	21
136	30
215	14
79	1
68	499
23	295
57	17
85	146
176	5
51	254
40	1
6	1
198	1
334	1
125	20
34	1
17	197
45	189
85	1
578	13
725	1
28	1
209	1
187	1
85	685
260	14
300	11
170	9
11	1
204	1
221	1
515	21
323	337
23	37
396	81
198	114
136	54
413	1
164	34
391	241
1076	1
187	60
176	1
147	382
119	1
204	20
34	80
215	1
368	178
0	1
96	1
544	1
147	1
6	41
226	98
40	1
164	15
136	151
102	119
96	1
170	1
645	1
464	139
164	1
645	1
159	288
153	1
968	1
102	1
476	289
204	1
804	1
113	385
34	91
2457	1
317	1
0	18
170	25
28	88
45	5
385	4
300	80
623	95
283	1
142	1
23	725
221	1
6	122
159	1
11	32
181	1
96	1
17	42
238	129
11	1
102	13
176	1
11	43
527	1
79	1
187	141
68	1
62	1
113	297
17	1
28	285
6	1
40	111
215	1
11	1
498	327
1642	1
6	1
243	1
74	1
125	12
204	28
57	1
17	9
51	341
6	14
255	1
374	2
74	35
40	1
147	1
40	1
170	78
164	1
23	28
125	1
51	1
74	1
266	1
0	52
113	1
51	476
119	1
243	1
294	1
23	1
96	19
266	1
34	1
136	1
79	1
289	1
45	77
17	1
991	1
294	47
334	8
62	1
45	256
51	142
28	1
91	1
40	1
357	130
40	1
51	1
328	1
68	1
40	85
102	1
300	1
300	1
855	21
51	116
74	1
113	1
57	1
23	1
34	1
96	1
74	1
40	97
6	107
34	311
68	20
232	51
889	1
362	1
57	179
125	1
164	1
198	348
11	1
45	1
0	1
96	1
11	74
62	1
85	166
51	596
187	1
362	1
45	124
340	1
510	37
311	27
28	10
153	246
340	1
181	16
130	1
368	1
34	1
40	1
130	18
96	45
906	52
266	1
40	52
130	1
11	16
40	1
45	91
0	1
57	245
566	1
96	70
62	322
974	1
147	1
85	425
0	1
23	3
0	707
51	83
45	21
679	1
170	1
17	1
243	45
6	1
74	1
130	1
2893	43
102	1
11	1
91	1
11	49
4949	180
17	1
28	1
1076	51
238	100
0	1
74	1
102	35
0	3
85	210
113	53
164	1
57	18
40	1
62	1
164	234
68	1
45	51
34	93
425	1
362	1
57	1
130	95
6	1
464	1
719	1
481	1
142	1
34	41
79	171
215	218
0	15
187	31
521	203
142	1
3646	82
470	88
572	70
181	1
40	1
1030	36
334	1
119	33
170	1
40	1
17	40
193	261
17	1
51	1
40	1
96	164
277	1
566	1
11	1
119	8
102	1
725	1
119	68
215	1
11	36
436	44
181	1
102	23
51	217
85	1
198	1
102	1
125	16
45	1
1132	1
147	1
40	10
306	1
130	1
102	85
74	1
510	121
113	355
159	1
215	1
57	76
108	45
232	12
74	1
651	85
68	1
0	96
91	1
6	1
57	1
181	1
408	63
11	1
283	1
572	37
430	1
28	103
79	1
11	130
351	1
351	16
74	1
181	1
11	1
447	230
79	1
34	1
74	73
374	235
74	769
459	1
108	8
1336	214
402	1
96	162
62	33
74	267
34	60
85	57
113	74
300	1
34	1
566	88
68	17
23	1
85	34
34	37
11	573
0	3
28	8
17	1
204	1
91	1
657	34
57	29
0	1
481	1
11	1
946	214
34	4
113	1
68	1
198	1
430	1
40	1
34	1
17	1
28	1
6	11
487	18
57	1
249	1
374	129
226	1
34	1
481	372
68	1
289	1
0	1
159	57
17	1
102	32
108	74
108	1
176	36
1212	1
674	18
691	1
0	122
283	1
6	94
776	1
11	30
40	134
255	65
204	62
306	1
85	1
130	188
623	1
74	41
0	1
62	1
357	7
17	1
249	1
328	1
402	58
1053	1
74	359
510	280
861	79
221	357
125	20
481	1
11	26
17	218
317	1
0	1
40	124
164	1
142	330
11	1
17	129
125	95
266	309
62	27
79	1
498	1
142	17
176	44
125	299
108	55
6	1
40	1
238	10
193	1
181	1
362	1
311	88
45	1
40	1
255	100
11	1
130	1
130	118
68	449
430	18
17	1
147	53
85	3
23	24
51	1
74	199
249	1
0	115
91	7
283	12
91	92
6	1
391	1
34	84
679	102
6	1
45	70
6	1
108	138
108	153
11	1
34	299
91	1
6	1
28	1
0	48
62	1
85	1
260	9
68	40
28	1
226	90
164	1
176	114
34	120
51	1
23	226
34	1
159	151
685	1
23	183
119	1
504	1
74	62
85	56
193	1
108	1
696	1
68	27
6	560
283	1
255	135
470	2
28	57
130	1
209	1
11	34
889	147
159	1
142	1
136	31
74	162
385	1
164	1
57	19
119	70
28	1
272	1
79	10
108	1
125	27
62	29
176	26
396	371
34	17
0	117
498	718
159	74
79	1
328	1
226	30
45	2
108	1
0	1
85	1
266	243
91	202
102	188
170	1
51	1
23	113
142	720
334	21
328	1
45	4
23	79
379	1
51	1
62	14
238	1
181	218
170	22
204	1
23	1
113	41
125	153
164	1
2050	127
40	97
68	1
119	53
11	543
125	39
34	308
209	56
255	5
277	1
747	1
62	4
164	26
34	44
40	34
23	1
51	1
40	1
57	44
51	1
311	1
91	1
385	7
40	1
51	37
0	1
634	1
176	221
476	144
34	1
181	159
11	98
323	11
57	141
74	1
102	30
323	169
102	73
6	23
306	1
119	1
102	46
142	1
193	120
11	1
442	9
6	150
787	1
1257	3
340	1
125	1
40	153
1393	16
102	1
28	1
119	1
102	1
209	62
62	39
74	1
1093	8
176	81
345	136
79	55
362	176
266	1
187	1
119	92
108	188
476	1
277	1
243	1
11	39
623	1
170	1
57	57
345	218
838	1
226	1
345	1
11	48
113	23
470	169
317	171
79	39
17	1
108	1
1308	1
11	1
11	1
102	113
260	670
6	1
408	9
28	9
198	1
68	10
11	63
40	1
74	1
198	1
357	135
487	30
45	1
1999	1
266	1
102	182
159	11
11	1
96	47
345	1
872	77
2406	1
57	27
91	1
79	3
91	130
0	139
79	1
23	18
209	24
0	1
204	1
600	1
198	1
764	34
68	1
23	1
85	1
85	235
1178	6
108	26
51	81
23	1
62	18
108	1
311	1
221	1
221	228
357	288
362	26
68	88
96	1
147	28
272	1
23	228
221	1
289	1
159	42
108	12
198	1
125	32
45	12
34	261
736	1
130	1
57	280
57	1
668	1
2395	1
74	1
164	596
119	1
40	32
317	1
311	1
11	21
221	1
357	143
45	4
28	1
108	66
130	1
11	26
266	250
283	1
79	1
79	57
17	168
91	83
238	1
85	63
62	1
85	1
62	60
759	91
108	1
317	1
102	1
79	1
79	248
17	282
40	1
198	53
215	1
408	89
62	555
1444	37
79	1
68	1
113	287
379	52
504	1
385	441
68	50
487	479
17	62
187	1
34	216
527	24
181	475
176	35
57	1
1081	217
119	157
300	21
125	1
136	1
713	1
62	38
232	14
136	66
102	1
6	83
11	1
74	1
34	277
640	30
34	23
34	744
51	1
34	1
40	2
23	1
102	1
583	22
294	51
28	106
147	72
74	1
40	1
142	128
40	1
215	12
164	60
238	1
272	205
249	18
487	99
578	1
2338	276
6	1
62	17
119	222
23	217
328	1
51	103
260	1
294	1
23	401
221	314
142	1
266	6
28	1
28	1
102	1
136	1
17	42
566	1
28	1
130	60
57	6
323	7
34	355
6	16
51	26
425	11
11	23
74	1
51	1
85	1
68	1
181	1
164	1
85	1
119	163
28	370
40	1
102	1
521	1
204	1
96	1
317	43
62	15
17	316
181	18
11	1
57	1
164	1
68	1
611	75
0	23
51	53
62	1
209	31
142	113
232	1
334	233
68	1
209	1
272	1
17	47
1444	1
62	9
11	1
334	33
6	497
142	97
28	1
45	18
17	15
209	134
17	94
266	321
11	260
0	1
34	10
391	1
51	6
0	1
170	1
311	1
34	147
68	701
23	487
45	108
238	89
125	1
79	12
5503	8
311	1
85	570
243	204
34	1
266	274
51	109
62	102
136	12
176	1
62	122
317	109
685	42
0	1
0	1
0	1
28	11
96	1
476	373
40	48
0	171
68	1
130	1
209	120
425	1
62	36
549	1
85	1
997	135
334	1
40	1
57	51
1331	1
23	46
504	1
34	1
79	74
142	237
238	1
113	74
28	1
328	124
221	1
57	1
74	28
6	415
34	1
215	1
28	244
187	42
136	1
91	1
578	177
447	58
119	50
181	344
226	1
40	7
306	11
136	42
272	1
164	46
147	262
493	34
193	1
170	1
119	1
611	91
40	143
28	235
11	396
181	383
470	16
28	1
187	220
170	1
113	69
91	182
96	1
696	45
289	203
436	42
464	20
674	8
159	54
396	136
91	34
74	1
23	1
113	1
323	1
340	1
198	65
685	104
193	13
611	325
74	91
68	1
34	1
0	4
311	52
45	1
2531	1
221	20
645	213
447	1
74	1
130	1
345	63
57	1
91	1
17	1
51	27
317	92
866	24
91	95
45	149
17	1
102	1
45	1
402	78
221	114
57	400
11	1
34	24
96	1
855	478
108	1
108	28
391	1
317	1
385	27
85	105
51	49
6	1
589	1
176	1
164	10
255	41
28	274
125	95
164	48
23	74
147	1
306	278
125	59
6	107
23	1
510	437
17	1
498	77
74	1
11	168
23	30
215	1
425	1
272	2
40	1
249	1
1076	3
3448	1
23	1
40	18
736	214
51	11
402	1
6	4
51	1
193	1
243	1
74	1
153	1
51	70
153	1
96	12
2033	494
17	1
334	1
91	1
11	37
1466	1
345	1
476	1
164	1
170	1
0	232
11	1
45	1
1755	11
0	239
725	1
96	156
130	101
402	1
272	2
170	1
62	300
102	1
34	1
0	42
0	1
159	14
323	1
164	21
651	94
159	24
62	34
147	1
108	1
408	38
102	198
136	46
28	26
45	643
45	1
912	1
0	1
96	1
187	1
74	1
136	1
193	1
362	1
34	1
204	41
119	268
34	1
170	320
0	3
85	223
102	27
0	19
209	1
0	1
51	12
45	1
11	13
91	1
45	66
170	1
17	171
11	1
34	1
11	96
79	1
96	1
6	13
113	7
238	347
328	131
249	1
68	1
6	1
40	1
181	1
159	44
436	47
351	53
91	1
255	69
51	5
249	1
79	1
34	12
323	201
0	27
328	224
113	1
28	1
11	1
102	1
96	62
0	7
34	32
300	34
45	10
595	23
57	1
209	1
193	1
68	51
91	95
6	291
142	1
74	129
68	46
51	1
17	1
198	196
45	1
102	75
283	133
17	1
28	1
28	19
91	164
68	34
187	27
170	1
125	1
6	1
340	222
176	158
85	32
62	128
23	64
294	1
91	103
334	28
96	47
6	59
368	1
442	15
136	1
447	23
113	126
147	1
136	1
108	1
85	48
28	95
119	24
272	1
130	1
176	1
306	1
0	83
204	144
221	83
108	28
159	1
79	1
6	1
187	135
51	1
113	23
1721	192
991	20
345	32
221	1
57	406
11	178
34	1
85	1
136	1
351	1
40	1
159	10
125	72
28	1
74	11
159	1
125	162
243	1
136	19
113	208
300	116
28	96
23	366
379	15
91	1
79	1
289	394
130	150
51	285
198	12
51	123
170	1
57	808
108	7
226	64
1149	153
51	1
91	33
249	1
45	1
28	163
0	16
85	59
170	1
96	29
391	97
934	1
187	2
153	1
255	58
187	142
68	37
57	1
57	26
34	1
759	1
0	1
74	228
96	246
6	202
6	1
402	183
198	1
300	223
125	1
306	78
170	358
249	1
323	1
11	1
62	1
79	1
34	1
266	1
436	344
17	2
232	207
119	140
238	112
742	137
40	296
85	1
170	39
0	9
45	720
1585	1
187	79
130	15
396	1
68	28
300	331
277	140
91	183
221	1
108	286
51	1
62	1
283	42
23	1
40	707
85	1
45	1
249	1
164	26
379	1
464	1
527	41
91	1
23	28
51	1
40	1
742	129
102	292
40	1
345	45
1319	1
866	82
136	35
323	1
3114	1
96	1
957	46
57	1
340	1
34	39
215	1
521	1
119	319
142	26
11	10
181	125
51	134
317	1
23	1
243	1
130	21
57	39
340	13
0	1
929	303
51	32
459	1
198	13
294	183
232	1
34	52
23	17
334	1
328	1
68	55
300	167
215	24
51	62
68	83
1183	32
804	1
40	327
374	28
45	2
91	26
119	1
96	1
91	1
62	16
6	3
379	4
204	1
68	1
368	201
198	1
23	1
96	1
108	88
1240	1
198	50
153	1
176	72
595	37
798	73
0	778
34	758
193	89
317	373
17	1
17	1
11	104
23	108
74	1
379	1
45	1
260	26
45	6
266	164
96	106
51	1
5062	68
187	1
147	1
396	1
379	1
159	33
176	1
6	170
91	98
334	1
28	19
108	101
702	13
147	184
34	1
11	24
96	1
0	378
277	21
79	255
0	19
221	1
57	1
6	6
147	1
113	5
0	3
861	180
62	47
328	39
413	1
28	696
113	625
125	211
0	1
34	1
6	1
6	115
119	19
85	1
266	39
113	1
425	1
79	1
57	120
40	74
226	1
68	1
28	523
232	21
277	62
51	68
923	73
68	1
23	12
45	1
113	1
28	1
249	638
17	26
28	1
17	1
51	1
11	32
464	65
187	1
1121	1
142	8
323	74
23	15
6	288
57	229
6	9
62	1
51	1
62	1
187	1
0	1
170	186
159	1
11	1
176	419
11	67
113	1
108	1
34	1
79	1
91	1
28	1
74	2
147	19
0	148
85	68
1959	1
147	69
68	282
283	50
753	1
108	1
17	1
164	33
62	12
300	2
28	1
283	1
102	1
51	1
96	1
198	32
153	1
170	1
1342	33
561	1
102	1
272	27
368	1
6	5
45	1
232	99
153	1
504	1
1778	147
159	70
136	1
181	1
379	342
85	222
17	187
142	1
159	102
51	271
85	159
51	1
62	16
40	1
289	1
45	1
159	14
6	1
0	1
40	101
96	1
45	1
51	69
91	1
91	118
45	152
0	1
1030	53
17	1
759	11
272	1
176	343
6	65
68	117
130	1
17	170
51	1
0	57
62	1
159	1
142	62
57	10
578	228
147	95
40	1
57	435
85	62
68	1
6	1
11	1
79	1
249	65
402	124
226	33
238	1
40	68
6	65
28	1
62	204
34	122
17	18
11	1
51	1
436	1
11	46
328	1
555	1
102	1
34	1
11	1
102	5
447	1
23	146
40	5
419	34
17	30
159	1
108	1
96	1
119	1
17	13
164	125
96	1
181	76
3675	49
79	158
187	1
91	11
28	63
119	144
430	1
294	780
119	40
23	25
153	365
204	60
11	154
147	1
561	1
28	1
136	1
2344	161
379	1
238	177
74	1
249	1
142	1
804	1
776	135
74	1
9999	1
40	12
142	1
108	95
0	34
181	412
85	12
334	1
0	1
96	115
385	8
215	20
255	239
113	1
