3734	1
8241	1
2250	0
2356	1
3916	0
9044	0
3832	0
4455	1
1805	0
3985	1
1616	1
3677	0
8234	1
8073	1
4545	1
1528	0
2095	0
2002	1
967	1
1722	0
1906	1
1233	0
1611	1
5062	0
2860	0
1057	1
2759	1
3440	0
2574	0
5996	1
4850	0
2147	0
3230	1
582	1
1819	0
8523	1
3441	0
1355	0
2732	1
1819	1
1484	1
8187	1
2247	0
9504	0
3846	0
4542	1
2197	0
3017	0
8243	1
3569	1
2478	0
732	1
5326	0
4195	0
1309	0
3339	0
3110	0
2294	0
3374	0
3102	0
4380	1
3211	1
2730	1
1825	0
708	0
4601	0
3552	0
2575	1
2234	1
7	1
1841	1
824	1
2988	1
2256	1
3534	1
1325	0
1328	1
1371	1
2480	0
5451	0
981	0
3513	1
9128	1
972	0
2612	1
2583	0
2111	0
2435	0
2111	1
3639	0
4208	1
1327	1
1850	1
1551	1
3475	0
969	0
3974	0
4351	1
3063	1
2221	1
3544	1
9384	0
974	1
1801	0
8588	0
1877	1
1308	1
3630	1
3595	1
720	0
1416	0
2009	1
4116	0
3539	0
759	0
770	0
3751	0
2732	1
3103	0
1762	0
1908	1
1465	1
3359	0
1963	0
565	0
1749	1
2824	0
1562	0
4835	0
2090	0
3422	1
4324	0
2504	1
3816	1
3091	0
2415	0
1758	0
3701	1
2022	0
3536	0
2009	0
9481	0
1013	0
2501	0
3561	0
3316	0
3181	0
1470	0
4552	1
1442	1
3240	1
2642	1
3706	0
3988	1
2917	0
3760	1
2662	1
3305	0
2922	0
3335	0
4387	0
7942	0
2038	0
2735	1
2332	0
1543	1
4133	0
4068	1
2216	0
3716	0
823	0
1716	0
2362	1
4133	0
9051	0
2124	1
2317	0
553	0
8463	0
3388	1
2398	0
3309	1
2773	1
1751	1
2485	1
8968	0
4158	0
3060	0
3421	0
3913	0
3256	1
4008	0
4711	1
616	1
5887	0
2402	0
2654	0
3297	1
1194	1
1929	1
1898	0
2145	0
4588	1
2408	0
3579	0
1597	1
2216	1
2189	0
890	0
3095	0
4644	0
2429	0
1908	0
2007	1
1881	1
2873	0
1495	1
1815	0
2487	1
2145	1
9182	0
4687	0
2349	1
2587	1
2584	0
3256	0
2547	1
9442	0
4288	1
2361	1
4080	1
1831	1
2765	0
4358	0
2239	1
1351	0
836	1
2334	0
1939	0
1159	0
5868	1
3452	0
4768	0
5544	1
4433	0
1947	0
2355	0
1402	1
3486	1
4159	1
298	1
3089	0
3120	1
3106	1
5638	0
3700	0
1049	0
2356	0
3836	0
8576	0
1072	0
2124	0
3325	0
1787	0
1481	0
2660	0
1557	1
3319	0
3549	0
1030	0
3584	0
3240	1
2270	0
536	0
6470	0
3747	0
9471	0
556	1
8276	0
2662	0
4085	0
1294	0
4967	1
1916	0
1643	0
4003	0
2305	0
2948	0
2039	0
4340	0
9075	1
1900	1
2382	0
2213	1
1959	1
2910	0
2253	0
2973	1
1321	0
2552	0
3217	0
4037	0
3623	1
8339	1
3204	1
2661	0
2680	0
2337	0
2924	1
1922	0
2858	0
1393	0
2064	0
2234	0
365	0
1634	1
2707	1
864	0
1143	1
2081	0
2325	0
5142	0
4882	1
3445	0
910	0
4376	0
7800	1
3340	1
9256	0
2409	1
1147	0
2219	1
1331	0
2521	0
2102	0
2634	0
830	0
3069	1
2316	1
3292	0
797	1
3276	0
3096	1
2331	0
2467	1
4075	0
4305	1
3045	0
2488	0
3839	1
2072	0
2134	1
3354	0
2848	1
1228	1
3168	0
2370	0
5056	0
1123	0
2106	1
3829	0
3553	0
1960	1
3354	0
4170	1
1299	1
3620	1
1887	1
2377	0
1915	0
4341	0
3739	0
2739	0
7940	0
3496	0
1607	0
2211	0
2436	0
4444	0
2369	0
826	1
1926	0
3587	1
2617	0
8997	1
1108	1
3786	0
3152	0
1683	1
680	1
2576	0
2251	0
2125	1
2567	1
3094	0
2708	1
2040	0
3983	0
3577	0
1191	0
2819	0
4125	0
2822	1
2196	0
1742	0
8540	1
3112	0
1876	0
3036	0
8574	0
2869	0
6090	1
3570	1
8771	0
2838	0
3070	0
357	0
4444	0
1746	0
1431	0
4929	0
963	1
3014	1
2975	1
4453	0
1186	1
1376	0
1794	0
3544	1
3816	1
4584	0
3945	0
2283	0
1538	0
2955	0
2046	1
8826	0
2088	0
1702	0
2046	0
3719	1
2583	1
2657	0
4200	0
3328	0
3589	0
1576	0
4053	1
4771	0
8401	0
3692	1
3361	0
3284	0
1399	1
2308	0
4125	1
2079	1
1924	0
3826	0
2163	0
882	1
3135	1
4851	1
3779	1
1435	0
3299	1
8474	1
2248	0
3132	1
4069	0
2166	0
3201	1
3352	0
4656	0
3736	0
3732	0
2387	0
904	0
969	0
3453	1
1370	0
2246	1
6308	1
2806	0
2196	0
2998	1
789	0
9171	1
4342	0
2219	1
944	1
3467	0
2841	0
1428	1
8870	1
8372	1
3327	1
4369	0
5435	1
8414	0
3357	0
1910	0
8942	0
1611	0
2606	0
2719	1
1210	0
2749	0
2565	0
2989	0
2442	1
2693	0
4404	0
2706	0
1861	1
3409	0
4400	0
3317	0
6155	0
3297	1
923	0
2799	0
4166	0
8350	1
1397	0
1932	0
1165	1
3440	0
3741	0
4813	0
1272	0
4015	0
1244	0
3177	1
3967	0
2818	1
1223	0
3131	0
4440	1
4533	0
3728	0
1041	0
3292	0
3466	1
4257	1
4165	1
5038	0
1425	1
8379	0
3460	0
3051	0
1044	0
2635	0
3795	1
3283	1
2338	0
4181	0
9793	0
2743	0
1374	0
4612	0
2755	1
898	1
3968	0
1681	0
2116	1
3265	1
1269	1
2255	0
826	0
2776	1
1475	1
3268	1
2265	1
5777	1
842	0
3923	0
3581	0
1894	1
698	0
3814	0
8976	0
3290	1
682	1
9123	1
2203	0
2475	0
3832	0
4793	0
2162	0
2490	0
2098	0
2967	1
2275	1
3658	1
8442	0
2221	0
3950	1
2641	1
4535	0
2955	0
3618	1
2373	0
1267	0
8532	0
3091	0
3751	0
3411	1
1420	0
2030	1
2250	0
5060	0
3166	1
9117	0
1788	0
1996	0
1253	0
908	1
3205	1
3169	0
3737	1
6705	0
5537	1
3517	1
1953	0
3224	1
692	0
1017	0
3352	0
2982	0
2194	0
3632	0
2908	1
3311	1
6205	0
8913	0
1898	1
3718	1
4042	1
3770	1
1852	1
939	0
1158	1
5090	1
1275	1
2269	1
2720	0
1736	0
6091	0
8762	0
455	1
2892	0
2264	0
492	0
1739	1
4313	1
1014	0
4260	0
3020	0
1647	0
3516	0
2425	1
1986	1
4356	0
1300	0
2518	0
3378	0
3410	1
2177	0
2377	0
5865	0
3377	0
906	1
2467	1
708	0
3460	0
762	0
1946	0
3084	1
2463	1
2139	1
939	1
1711	1
2854	0
4165	0
5296	0
4201	0
944	1
1272	1
1815	0
4586	0
2517	1
3453	0
3968	0
3639	0
3642	0
8893	1
3241	0
2547	1
2414	0
1577	1
4434	0
1819	1
3020	0
3591	0
3228	0
1681	1
2124	1
2081	0
3772	1
1581	0
2159	1
3422	0
4514	0
1813	1
2173	1
1106	1
4063	0
3019	1
2780	1
4521	0
2122	1
2857	0
2407	1
1982	0
2263	0
1891	0
9189	1
4472	0
3756	1
3567	0
3298	0
2086	0
1482	0
2458	0
2954	0
8898	0
2558	0
868	0
2379	0
3271	1
5148	1
2574	0
4117	0
3016	0
3652	0
2417	0
4871	0
3491	1
9160	0
1352	0
3465	0
2841	1
3892	0
1490	0
3378	1
3281	1
2391	0
3678	1
3774	0
2231	1
2698	1
2355	1
729	0
1388	0
2752	1
4939	0
2604	1
4078	1
3961	0
2074	1
4372	1
3733	0
2690	1
1865	0
1780	1
3150	0
2385	1
2277	1
8990	0
2735	0
1013	0
1961	1
2937	1
2066	0
3992	0
2485	1
8726	1
3413	1
1129	0
3396	1
427	0
4407	0
3430	1
1750	1
1276	1
5121	0
4994	1
1661	0
2649	1
3126	0
4724	0
3715	1
1168	0
546	1
1813	1
5063	0
2077	0
4496	1
2003	0
3539	1
1959	0
1673	1
3041	0
2467	0
7432	0
4135	1
2732	0
2354	0
4443	1
3529	0
2296	1
907	1
349	0
3065	1
8739	1
3156	0
1580	0
4164	1
8946	0
2300	1
2037	0
2541	1
4964	0
4232	0
9107	1
4123	0
2523	0
5103	0
2174	0
3347	1
4767	1
2459	1
4226	1
1428	1
8701	0
2832	0
2247	0
3372	1
2154	1
3667	0
1145	1
4573	1
423	0
1915	0
2667	1
1909	0
2732	0
1834	1
1849	1
2882	1
1565	0
3151	1
467	1
4236	1
796	1
4815	0
6278	0
4858	1
3374	0
2097	1
3449	1
2750	1
2213	0
1180	0
2049	1
1021	1
2939	1
2082	0
1640	0
2905	1
8362	0
2500	0
4975	1
3359	0
1720	0
8057	0
3236	1
2314	0
3358	0
3987	0
262	1
3673	1
1401	1
9106	0
3167	0
1035	0
4386	0
1369	0
2736	0
3141	0
3866	1
2044	0
1853	1
2372	0
4950	1
4906	1
2431	0
1762	1
5983	0
4416	1
4108	0
2258	0
350	1
3696	1
8524	0
1518	0
2809	0
795	1
3498	0
5495	0
1573	1
8755	0
2146	0
3837	0
2185	1
2450	1
1236	1
2923	1
2498	0
1752	1
2652	1
2779	0
2774	1
3717	0
1444	0
5214	0
3429	1
4201	1
2787	0
5718	0
3581	0
972	1
3089	0
3944	0
3303	1
1536	1
2704	0
8202	0
2256	1
5384	1
2866	0
1977	1
1053	1
9999	1
2487	0
4055	1
2126	1
3978	0
2631	1
2570	0
640	1
2405	0
2483	1
3314	1
2691	0
2441	0
88	0
2808	0
2544	0
2526	1
2253	0
855	0
3922	1
165	1
4679	1
3288	0
3664	1
3454	1
1907	1
2008	0
3613	1
798	1
4065	0
4631	0
2006	0
6111	0
3232	0
2681	0
1718	0
4752	0
2832	1
880	1
860	0
4086	1
4579	0
2104	1
1979	1
3660	1
3702	0
4896	1
3522	1
4111	1
1702	1
1949	0
2691	0
3526	0
8057	1
2650	0
4217	0
2745	0
2038	1
5559	0
2414	1
8232	1
2194	0
2709	0
3723	0
4455	0
4088	1
2476	1
2643	0
7511	1
422	1
1769	1
5018	1
3079	1
1642	0
2453	0
3501	1
1420	0
2639	0
1537	0
1179	1
4020	1
764	0
2705	0
944	0
1005	0
1731	1
1072	1
2261	0
1104	1
808	0
2938	0
3734	1
2982	0
9198	1
636	1
839	1
1146	0
1262	0
3861	0
1808	1
2034	0
2921	1
1144	0
5234	0
1306	0
1347	1
1870	1
3306	0
4539	1
1094	0
3727	0
3767	0
3776	0
3470	0
2991	1
2246	1
464	0
1520	0
386	1
1724	0
704	0
4195	1
3521	0
3525	0
4727	0
3030	1
3805	0
831	1
2209	1
3516	1
1004	0
1578	0
2976	0
8639	1
2807	1
1872	0
2647	0
2349	0
2512	0
1880	0
1393	1
3237	0
1950	0
2654	0
2625	0
2010	0
1021	0
4386	0
3555	0
1374	0
2149	0
2110	0
3225	0
3079	1
4789	0
8743	0
9182	0
3389	0
9161	1
1787	0
0	1
1363	0
3139	1
3472	0
2541	1
3774	0
2030	1
2334	0
2091	0
2916	1
5210	1
3090	0
730	0
2436	1
3297	0
3088	0
2366	1
2646	1
4365	0
2809	1
3064	0
8609	1
2233	1
2382	1
2053	0
2603	0
2179	0
2360	1
3703	0
2124	0
4241	0
163	1
2555	1
3688	0
616	0
2564	1
2732	0
2782	0
9875	0
2847	0
6120	1
836	0
3310	0
2015	0
4427	1
1536	0
2810	1
2297	1
720	1
3045	0
2491	1
3663	0
2610	1
2022	1
2405	0
3762	0
3657	0
1769	0
2092	0
8297	1
