3370	6476
5182	3340
4492	4689
5868	3151
6365	2428
4546	4854
5038	4063
4535	3984
4039	6339
4903	3586
5229	4235
5589	2767
4443	4489
5391	3217
4581	4058
5504	3567
4199	4950
5712	3668
5437	2889
4905	3815
4295	3465
7550	1600
4465	4733
5259	3659
5213	3558
4194	4595
4794	3602
9591	4668
5804	3710
4979	3455
4670	2705
4793	4265
6095	3874
6162	2969
7945	2087
4314	3671
4268	4119
5856	2976
3923	4986
5891	3957
3565	5977
6443	2873
4841	4142
5469	3553
2574	6781
4238	4329
4926	3457
4579	4100
3736	5364
6488	2927
5322	3980
3707	3956
5298	2947
4487	4212
4548	5835
6008	1637
5490	2863
4866	3290
4299	5274
4417	4296
4404	3384
6574	3024
5480	3599
3938	3999
5991	2963
4994	3464
6421	2764
6271	5485
4598	4143
3937	4224
5226	3649
5776	2228
9175	2379
5164	2533
4773	3730
5366	4707
4648	3408
5518	3658
4827	3413
5646	3813
6396	3802
5233	3524
4280	5896
3429	5626
7193	4495
4535	5486
5718	3753
7632	2846
3993	4395
9999	2385
5264	3239
4803	3835
6256	4287
5581	4722
3077	5648
6310	3180
5330	2392
4528	4036
7327	2142
5113	3795
5095	3352
8864	3543
5223	3738
5692	3130
3820	5027
4542	4040
4327	4366
6267	2941
5032	4945
7643	2962
5597	3104
5735	2632
5360	3851
5368	3925
6358	3185
4128	4412
7267	4044
4972	3314
5500	2815
6536	3642
4310	4536
4458	4105
4793	4213
8260	4360
5106	4757
3963	4749
5140	3468
5752	2852
4969	4282
4023	4188
4989	3767
4872	4600
6024	5505
5931	3842
3865	3869
2993	4674
4683	4798
7872	2779
6592	3006
3457	5377
5099	3229
7005	2556
5691	3087
4919	3060
5636	4047
6033	2690
3472	5705
6873	3624
5142	4521
4782	4527
6540	4330
4952	3046
8920	3692
3913	5551
6461	3708
4896	4448
7642	2664
4367	3755
3465	6144
6874	2439
4674	4312
5919	5608
9069	2912
6323	4544
4687	4825
5379	3590
5520	2542
3694	5198
5599	3409
6652	2962
4388	4767
5968	2543
4590	4048
4372	4216
6700	3154
7205	3338
4609	4375
4556	3107
7152	5092
4438	4347
3423	5990
5136	3701
8423	2172
4856	4694
4034	5062
4808	4621
7311	2996
5181	4141
9203	3465
4908	3455
5255	4067
5590	1414
2574	5143
6498	307
4104	4698
9204	3181
4005	4600
5359	3171
5491	2849
6318	2504
7180	3704
6258	0
7052	3354
5249	3323
5642	2261
6058	3355
8215	3540
6378	4831
6235	2861
4607	4412
4332	3833
6082	3126
6924	3804
4767	4219
4192	4628
4974	5033
6566	5055
6189	3222
7334	2953
5047	3415
4413	5047
3900	3952
4720	3580
4863	3789
6599	4514
5100	4129
2410	6940
4180	3798
3612	4468
5020	3824
5228	3947
4778	3896
5478	3389
3079	5696
5555	2582
5418	2924
4817	3333
6104	3487
5484	4614
2711	6651
2131	7100
7385	3876
3883	4567
3927	4688
6233	2665
4103	4585
4842	4566
5185	3463
5189	3585
1838	7939
5390	3127
5748	3204
5232	3936
4452	4463
5044	3236
5246	4643
4586	4172
4742	3721
6195	2678
6944	5134
4394	5371
6351	1737
5454	3222
3652	4568
3938	5508
5424	2471
5236	4121
6061	3331
6442	4201
3604	5628
5094	4118
4026	4298
4141	4655
3943	4324
4178	3858
5125	3475
5390	2149
4926	3599
4449	4746
5623	3586
1640	7868
6895	3118
5679	2839
5428	3171
5274	3065
4563	4700
4994	3777
5791	1297
4018	4529
5556	3942
3362	5447
3262	5286
4322	3872
2599	6906
6607	1598
5573	2707
3629	5226
4875	3669
4528	4086
7505	3902
5550	3624
3947	5014
5207	3184
4286	3768
7041	3157
4822	3995
6148	2671
6425	3471
3469	5508
6242	3852
6857	1295
4785	4094
5773	3251
4554	5219
5225	3709
4811	4920
2666	6491
5817	2443
5208	5128
5207	3070
6357	2416
5451	4095
4401	4562
6329	2684
5124	3363
7690	3068
5557	3635
6291	4225
6895	3439
4350	4514
5142	3218
5670	3365
4569	4209
5156	2553
4866	3877
3119	6003
6125	4964
5219	4035
5816	1840
4872	3426
5871	2517
4612	4234
3617	5495
5689	3480
4815	3375
5980	5557
4376	4801
4676	3531
9454	2707
4836	3426
7061	4659
5873	3017
4966	4233
5578	4380
4540	3479
5987	3443
4375	4128
7849	2100
5800	3280
4732	5498
4990	3154
5408	3372
3970	4755
6817	3491
5884	3835
2888	4573
4315	4790
3048	6293
5584	2716
6420	2553
6274	2524
4947	3979
8835	2819
5676	2649
4365	3389
5630	1863
5947	2542
5676	2855
4352	5021
5914	4804
5140	3877
4691	4397
5790	2980
6300	2419
4782	3429
6356	2953
6894	3155
5104	3383
5300	3929
3714	4232
5439	3593
4063	4771
5472	2900
5075	3831
2072	7022
5185	3207
4839	4333
4994	5063
5165	5616
5209	3773
6050	3413
7041	3645
5336	3883
8305	2539
3694	5448
3898	5317
4362	6961
2879	6452
8779	2337
3907	3867
5396	4279
4635	3728
5944	3616
3619	6222
5752	2640
3820	6703
5079	2987
4037	5329
5546	3374
4876	3764
5716	1790
3691	5928
4796	3890
4772	3566
4734	4352
7537	3938
3312	5167
3859	4341
5535	4176
5128	3930
5263	4520
5447	2682
4205	5651
5101	4129
6071	2545
4541	3391
4995	3984
3736	5760
4192	4491
5746	3689
4705	4077
4648	3738
4865	3984
7663	1587
5046	3880
3558	5903
5599	2471
4846	3976
5464	4083
5906	2517
6708	3489
6746	3492
6345	2360
8088	4050
4797	4076
4877	3955
4091	5028
5594	3017
0	9999
4022	5248
2565	5505
5367	3871
4252	5862
4404	4770
2831	6535
5137	3176
3490	4621
9345	4009
4966	4734
6542	2377
5576	3463
4002	4608
5310	3170
3816	4334
5507	3300
5271	2853
4369	4156
3206	6253
4433	4083
5089	3121
4216	4794
7332	2292
5817	3860
3053	5632
4717	4021
4650	3350
7120	3473
5938	3989
4357	3908
5510	3435
4649	3898
5128	3877
6257	2202
3882	5394
7720	3644
8353	5511
6011	2562
6088	4785
5906	3056
4241	4006
3475	5449
7488	3322
5015	3712
5023	3642
5080	3646
4390	3769
5327	2091
8500	3132
5051	3226
4664	3852
4350	3842
5058	3170
4468	4717
4317	4821
4544	4023
5094	3430
5395	3574
5434	4113
6033	4308
4008	4397
5846	3146
5371	3278
4973	4115
7556	3131
7116	4054
8569	2026
5776	4615
4041	4095
8712	5085
6437	2446
5752	4883
5481	2339
5831	1685
5316	3335
6120	4462
5876	3102
3856	5427
5929	3718
3818	5087
5761	2738
5455	3636
4438	3607
4822	3288
4907	4209
4804	4243
4441	3781
4534	3620
3912	5187
4518	3048
6268	2739
5364	3758
4009	4546
5415	2749
5280	4045
5104	3942
6347	2910
4582	3596
5529	2973
6876	2565
7517	3089
4442	5163
4658	5515
5020	4430
4848	1537
5339	3333
6307	3263
4430	3719
7964	2464
3847	5434
4605	4133
5235	3552
4878	4156
4893	3121
6272	2557
4314	4778
5993	2455
7039	2935
2671	7051
4629	3705
5338	3725
6036	2481
6245	3033
7927	4121
4637	4547
5234	3637
4208	4363
4428	4153
4588	4046
5424	4005
5016	3681
3704	4776
5043	4999
4351	4538
5215	3495
5122	4035
2794	6534
6391	2490
5522	3982
4296	3927
3830	5010
7548	3183
5169	4184
6055	2561
3399	6167
7025	2179
5295	4408
5455	2745
4369	4210
5427	4566
5991	2595
3947	4607
6806	3228
5663	3305
5576	2991
6680	2728
3768	3513
6318	2089
6817	3044
6344	3587
6925	2985
6911	2763
7611	3718
5169	3345
5395	2611
5559	3636
6106	2402
3069	6199
3901	5365
7669	4317
6500	3325
7666	4048
6827	3354
4826	4262
3443	5359
5495	3294
6646	2757
8160	3087
5712	2868
5080	2977
8195	4101
5971	3148
4979	3854
5151	3219
6489	2590
6552	1726
4844	3101
5429	3310
5039	3659
4484	4466
3029	5864
5336	1975
5514	3211
3919	4965
3544	4684
4590	4486
5405	3750
5175	5266
4795	3553
4807	3333
5338	3263
4526	4839
4751	3582
5647	3189
6786	3363
4380	4348
5629	2184
5765	3451
8684	2543
2782	6015
6031	3447
5108	3236
4674	4102
4793	3517
5089	3273
4825	2944
5804	2833
5637	3378
3644	6589
3339	5434
3957	4815
4390	5083
3185	5357
7328	3141
3143	5828
4350	5588
5791	2115
6811	1593
8283	2238
5311	3633
5135	3972
4979	3894
3958	5023
8245	2632
4730	4458
5798	3078
4720	3650
4899	3268
5980	4142
6238	2326
5070	3438
4240	5089
3852	5100
5329	4495
5480	3368
4410	4638
5282	6062
8001	1997
3355	5475
5366	3946
5257	3338
5217	3352
9025	4712
4631	4179
3437	6356
3883	4695
5135	2960
4434	3778
4791	3658
5203	5238
6170	1185
3333	6042
3780	4901
3187	6634
3718	5257
4375	3923
5623	2794
5798	2712
6555	2155
5017	4932
6595	1814
4310	3899
3798	3699
7615	2329
7448	5047
3465	5750
3319	5926
5943	3157
6755	3812
4535	4150
4931	3949
5562	2641
5592	3096
3487	6095
8630	2143
5176	3066
7617	2191
4983	3738
5341	3061
5326	2888
5253	6306
5902	2998
4654	3723
5844	2761
5284	3623
4856	6157
5407	1800
5650	3110
5137	3572
3680	5056
4683	4265
5909	3210
5686	3666
3664	5074
3803	5002
5680	4727
6755	3170
5172	3623
5022	3857
5641	3497
3267	5672
8917	2517
5624	3082
5810	2528
5781	2373
3942	4949
8263	3681
6712	3203
6248	4230
5095	3409
4257	4774
5255	2956
5306	3151
5957	4265
8483	2783
4277	3633
3526	6095
3159	6441
5217	1792
5927	2432
4201	4120
2988	5143
3662	4937
4506	3524
4283	3730
2822	6650
5882	2557
3435	6127
4509	3461
4998	4004
3187	5518
6829	1845
4722	5655
4997	3686
5742	2719
3417	6873
3158	5111
6374	2149
4752	3454
6127	2821
3252	6306
6035	3416
4916	4146
3285	6533
9362	2513
4744	4096
4329	4579
4632	4190
6384	3684
5132	4023
5958	3122
7509	2543
3882	3906
6265	5372
6203	4112
4577	3144
4386	4628
5120	4311
6417	4224
5169	2665
7276	3083
5081	3670
5279	4105
6886	3140
4287	4827
6398	2134
4581	4678
6920	3036
6110	2506
4632	4695
6976	3842
5301	3563
4499	4415
3161	5689
5771	3138
4856	2325
5195	3245
6292	2500
4498	4033
5401	3686
5485	3518
5892	2452
