8393	5437
7433	2976
6875	2939
7948	5562
5971	3450
7131	4483
6605	4015
8063	5631
5006	3598
6795	5819
4751	2353
6618	3145
6231	2395
4129	1535
4454	2960
7535	4728
7628	4860
5636	3614
4672	2743
7580	5458
8663	5409
4831	2556
6666	3571
6932	3904
6572	3690
6166	3358
3430	2394
7390	4759
7657	5773
5133	4589
5551	3348
6789	5644
7265	3921
4716	3551
2729	1234
4700	2398
6681	3705
6343	3666
8830	3890
6741	4023
7448	4584
6766	3784
5226	3172
5444	2708
8356	5171
8647	5864
8098	4397
4854	2267
8566	4694
8199	6978
6202	3851
6301	4944
6713	4615
5303	3093
5937	3015
4951	1674
4945	2623
5321	1816
5179	2589
3971	4334
5581	1682
4140	1536
6510	7416
5326	2445
3593	2136
5453	2100
4170	3172
5962	3807
5875	3424
8391	6916
7481	4688
5328	3228
8783	4557
5720	3535
6959	3940
6048	3509
8729	4105
5878	3369
7141	2716
8089	5999
6675	3783
6455	3434
5524	2982
7274	6494
7766	4407
5532	4247
5130	2881
5526	3453
6641	3110
6749	3207
7850	4424
8594	7964
4847	2780
8125	5698
7917	5765
7346	3381
6753	7254
7537	7504
6445	3262
6489	3126
6695	2396
5650	2893
5240	2271
6500	2783
3489	1684
6624	4721
6491	7753
9104	6276
7964	4379
5800	2639
7484	4602
7133	5191
7483	3968
5401	2409
6436	4452
5697	3480
5437	4655
7807	4832
6957	5566
6333	6219
8638	5846
8212	7029
5347	4851
8502	5439
5418	4061
9181	6249
5012	2782
5978	3371
7452	4876
6023	5350
5550	5420
6608	3683
6386	5773
7113	4094
7014	2920
7239	3439
6473	5825
6078	4507
6339	2957
7026	6775
5142	2513
5768	3587
4869	2696
5851	5770
5742	3034
8949	6217
6564	4968
7161	4047
6900	3644
7202	4569
8044	6035
5216	3131
6231	3826
6120	2054
6911	3983
7948	4484
7617	4765
5766	4206
6105	4412
6809	3590
6446	2396
7431	4025
5283	3207
3860	2695
6871	3667
5254	3600
8668	6810
2658	985
4617	3007
7890	4678
8730	4720
5444	2370
4773	3993
4685	2478
9080	3880
8669	5339
7170	4274
7194	3332
7894	4717
7601	6375
4343	1900
6817	3202
5156	1911
7668	5805
6291	2602
4957	3734
6462	4819
7754	4070
7111	3320
6354	2684
4116	2699
6058	3415
6728	6429
7773	3807
5226	2908
7864	5779
5572	2790
5824	3378
8015	3828
6463	3551
7564	4422
7222	7870
6901	3399
6484	4796
5901	2663
4612	1998
7678	6617
7766	5798
6646	6808
5714	3230
6872	4938
7404	6452
5037	3092
6134	2921
9869	5812
3766	2588
5221	9999
6965	6183
7275	6537
3607	2016
7199	3256
8119	5238
6556	5151
6140	3804
7064	4954
5716	2158
6087	2824
8010	6263
7420	5800
7434	4176
7198	3538
8021	7143
7253	3367
5334	2275
6202	3924
6726	4945
6681	4635
4808	4067
8360	6978
8283	6450
6101	3095
7307	4099
7911	5357
4270	2850
8617	4197
5408	4081
5753	2463
5640	4794
6890	5563
5096	7353
6039	4609
6010	2833
6979	4485
9314	3632
7685	3587
6808	3059
7185	4448
7597	4699
5667	3472
5222	3911
7375	4476
7124	3930
6378	2889
7965	3519
6192	4411
4736	2235
6819	4865
8819	5593
6540	5416
5886	2573
5384	4519
8715	5362
5611	4061
7570	4057
6861	3825
7315	4668
6068	3594
4839	3688
8467	7164
4720	4217
6329	3702
5689	3209
5222	2256
7196	4603
5868	2289
7731	3905
5884	4035
6638	4401
6798	5027
6808	4329
5659	3366
6667	5084
7455	5886
5150	2145
8091	3255
8853	5578
6830	7325
6806	4343
7625	5840
6247	4343
5817	2473
3406	1726
6836	3278
6500	2314
4893	4024
4281	2452
5227	3939
7544	5779
7048	5603
8062	5074
6736	6221
7013	3985
6953	5358
7952	4874
7422	5441
5971	3456
8747	5246
7351	5432
5759	4886
7540	6096
5725	4061
5293	3526
5381	2530
7077	4184
5365	6544
6892	4293
7016	4568
6146	3016
4307	2547
5715	3430
4263	2138
5002	2454
6521	3611
5867	3040
5211	2920
6069	4083
8171	4588
7937	9544
7835	4583
3368	2453
6785	4708
6819	5235
5802	8565
7317	5014
6798	2878
6028	3424
6359	3733
7385	4882
6339	3702
7362	5271
7565	7431
6140	2700
6201	3952
7249	3543
4246	2112
5639	3749
4996	3627
8113	5502
7941	5632
7320	5326
5778	3183
8153	6736
7768	3626
6459	2699
7113	5752
8133	6005
9497	5731
5417	2816
6586	3957
6827	4336
4275	2687
6957	5474
5932	4327
7291	3500
5634	3229
6844	3526
7197	4770
6350	6028
7525	4297
8588	4601
6755	2233
6511	3481
5680	5924
4670	2586
7461	4804
6184	5106
7640	4605
5347	3836
7430	4743
8020	4036
6730	2951
3879	1701
6055	5494
6703	3663
5137	2548
7066	5021
7199	3554
6300	5644
3890	2919
6626	6087
5814	3368
7905	4340
6966	3802
4007	1641
7000	4055
4180	2814
6461	4114
7736	3987
5326	3518
6056	3203
7747	5407
6948	4700
8845	6775
7272	6742
7306	5566
4765	6399
3581	2455
7503	5718
5042	2454
7712	6969
6880	5006
5471	3680
7213	3984
5705	2915
4175	2058
8099	5678
6866	5043
6635	3351
6001	3854
7153	5032
6523	4304
6900	3737
3948	1980
7305	4260
8087	5195
6114	4108
4234	986
5643	2741
8687	6202
6732	5452
7271	5614
8000	5191
7390	6010
5559	3541
7107	5666
6536	4124
4954	2494
7542	3954
5625	2489
6792	4560
6772	4177
8478	6339
7209	4504
5344	5101
7032	3520
5478	3003
6605	3844
5946	2109
4933	2931
7240	3583
7600	5854
8219	4666
3960	2306
6931	5046
7779	6494
7129	5183
7876	3448
7229	4384
7428	4240
4450	2328
5594	4170
6152	3151
7565	5745
8225	4748
6307	6050
7666	4627
2750	1245
2006	1475
6941	4176
7522	5247
6696	4526
6203	4219
6638	6009
5596	3271
7402	7161
6939	7976
4294	3236
6950	3072
7475	4907
6686	3716
3929	2302
6528	2896
8215	5891
5190	3604
6456	4435
6641	2225
7190	4395
5436	3488
5997	4108
7251	5455
6447	3451
6303	3776
7336	6515
6177	8106
5192	3022
5110	2705
6692	4279
5202	3044
5014	2943
7128	6470
5709	5591
6527	3139
7347	8030
6105	6871
5890	4031
7823	4250
4915	3479
5780	2866
7140	4015
6778	4823
8006	5029
7102	4419
5820	4720
5538	5700
5128	4488
6491	4339
6266	3618
7834	5400
6684	5645
5315	4397
7896	4577
6578	5195
7536	6428
6308	3414
7701	5555
6038	2964
8220	6134
7818	3691
9814	6586
7773	7657
7537	6944
6570	5990
9136	6436
5298	2743
6791	3311
8328	5036
6550	4746
1509	2389
5239	3679
6838	4744
8270	7415
4891	3031
5291	2504
6301	2652
5540	4035
7336	5032
6944	4784
7345	3084
4370	2068
7382	4647
5409	3353
7965	6357
6962	4434
6645	3782
7072	6531
6326	2451
7286	4666
5149	3925
8438	4178
5058	2916
8983	5620
7473	4202
5707	4692
7225	4205
8186	5444
4936	3677
6329	4541
4941	2286
6364	4120
6731	4133
8186	4313
7983	6000
7234	3848
1620	1530
4380	3807
6259	3041
6810	5043
7071	3240
7385	3903
7994	7048
5504	3852
4458	2152
6731	6663
5770	2564
8347	6007
5538	2335
7122	5436
7469	3729
3936	2207
7444	5164
7666	4163
6913	5369
5585	2642
6035	4214
5115	3029
5028	4515
7820	6192
7124	6199
8075	4635
6537	4999
3951	1982
5928	3201
3992	2404
1581	1302
8409	4217
7327	4673
3863	2239
6243	2201
5434	2392
6250	4067
6657	4195
6017	3620
6778	4457
3199	1914
6739	5928
6784	5020
7519	4435
6449	2957
6487	7702
7165	4981
7530	5769
4999	2555
7437	5691
4038	3310
6829	6823
4728	3086
7480	4965
6550	4448
7313	4783
6740	4028
6293	4928
5888	3448
5565	3634
6701	6367
7955	5238
7026	5656
8399	5741
3509	2718
8075	4435
5335	3029
6187	4599
6024	4621
8858	6300
5289	2716
7127	4702
8627	4204
8572	6242
6923	3828
6959	5486
7629	5246
7460	5598
8011	4799
5526	7393
6313	4436
5916	3822
4351	2308
5561	4713
5743	3975
7222	4879
7825	3402
8524	5651
4723	5452
6733	7833
6959	2874
6545	5787
5008	3793
5337	3469
6922	3634
6038	3254
6034	4399
6053	4191
7972	3335
6930	3918
6143	2033
7336	3814
4782	2809
7789	6530
6113	4258
8158	6070
5107	3424
7418	4732
7557	3356
6959	4342
6005	5401
8537	4415
5814	3999
7490	2859
5615	2700
4993	2099
6726	4198
6571	4782
5643	3622
7312	4745
6668	4981
6001	2351
5942	3885
8565	4805
7003	4990
7466	5070
6781	3319
4906	1665
8056	4224
4883	2451
8024	5946
4521	2560
6587	4807
6468	3285
9357	6584
8545	6588
5901	5130
8007	6421
6173	2185
6615	5992
6554	5736
8694	6248
5342	3545
6967	4030
5134	2818
6545	2943
8513	6673
6915	4078
5671	2913
5999	3372
7370	4067
4818	2977
7876	4994
6672	4017
6786	5069
5956	2340
3891	1123
6527	5100
5375	4196
7343	3966
6593	4688
8502	5350
6198	3791
6914	4376
6846	3934
5175	3146
8071	3799
8083	4141
4976	2206
6549	3566
7489	6290
8353	7311
7319	4643
7028	3844
5670	3897
4608	3193
5386	4168
3885	2577
7163	5914
6823	4100
6107	3652
7001	5984
6412	3144
6269	3775
5851	4710
4093	2610
4521	1857
5311	8759
8647	5733
5082	3020
6864	5582
6690	6826
4494	1866
7277	5473
6867	6780
5911	4760
4885	3679
9635	7202
7398	4348
7746	6579
3413	2033
5486	1673
7986	4940
4228	3024
7273	6204
5662	3060
5906	3668
5085	2603
6003	3768
5112	3905
4425	2466
4339	1980
3556	1891
5598	3257
6062	4647
5900	3413
8391	4667
5686	3711
8867	5703
6497	4124
3884	3234
6379	3932
6622	3938
6231	4946
6771	3779
5458	3815
9999	6242
7339	5085
5907	3437
5802	3655
6902	3931
5875	3924
7664	4859
4490	1707
6458	6503
7092	6185
3788	2407
5810	3785
7939	3848
5987	3327
6971	3702
6324	3164
7319	6251
7894	5281
7156	5150
6635	3580
7464	4693
6180	3979
6326	3561
2610	2606
5140	3773
7402	3645
7025	5557
7711	6707
5044	2539
6342	3850
6865	5013
8140	3881
7442	4931
3580	2467
3710	2082
7169	3856
5157	3073
5706	3293
6167	3275
5640	7165
7439	4915
6281	4062
5998	5652
7599	5170
4901	2864
2869	1062
6725	4513
8326	4746
7192	5203
6813	5013
7040	5096
7422	5518
4325	2396
7699	4699
7016	6424
6331	4759
5942	2117
5997	3350
7100	6859
5747	2200
4981	2213
7431	3256
7329	4977
5828	3980
7070	3102
6878	3515
7113	4094
5831	4540
6121	3282
6837	5834
6064	4769
6715	3016
6887	4582
8296	5277
7585	5237
7627	6458
4704	2862
7152	4870
6212	3450
6132	8937
5309	3842
5011	2830
7415	4252
7430	5376
5131	3643
4485	3346
5140	3794
7292	6828
5961	3715
6776	3284
5425	3172
5785	2966
3158	1804
5628	3801
3974	2379
5468	2647
8195	4311
8160	5632
5306	4753
6665	6045
7479	5068
4891	4115
5118	3646
7994	5396
7986	7934
6634	4327
3332	1239
8028	6843
5641	3807
7527	4777
4824	2647
5162	3406
3256	4242
6363	4339
7369	4636
7451	6394
8192	5673
8319	6409
7778	4926
6755	4886
7316	6131
7526	5990
8357	4662
8287	5120
7995	3290
5580	2130
6624	3785
6423	4282
6612	3625
5918	3831
8529	4794
6716	3242
5744	5947
6155	3959
5991	4683
6375	4295
8424	5578
5594	6213
5174	4036
4601	2269
6526	4908
5984	3606
5862	5127
6149	2596
6541	3822
6037	4381
3813	2177
3947	723
7271	3420
6226	3767
7648	5227
7856	4587
6930	4302
7773	5011
6845	6438
7290	4058
4462	2441
7465	4342
4224	3520
7810	4651
7626	4618
5944	4170
3901	4134
7891	4926
7058	7644
6222	3006
6619	8099
2469	1171
6779	6056
6765	2925
7368	3396
5805	2506
6532	4252
6613	6201
5992	5765
2618	817
7707	4508
6962	3967
6168	5082
5198	3115
6324	4063
7407	4671
7080	4641
6186	3139
6438	3764
2623	2541
6379	4986
6619	7717
7465	6114
6125	4376
7912	6125
8419	4353
6023	3297
5497	3438
7205	6989
6978	8148
2428	1318
6314	4657
7628	3961
6300	4785
5044	3810
5742	3705
7988	7256
4610	2827
6554	4477
6943	5967
8065	4841
3788	2489
4622	2894
7570	5354
5398	3376
4708	2917
5566	2430
5925	2602
6690	4637
6700	3396
3953	3152
5244	2154
7423	6019
6139	4967
7565	7833
5725	3533
7288	3855
4766	3324
5615	3058
2204	1893
6034	4271
7872	5434
5326	2829
7469	5795
8217	5199
5555	2949
8291	5631
5227	3830
2929	2700
3024	904
6952	4353
7505	4698
7362	6329
5905	4450
4321	2679
7514	5877
6452	6010
5972	3780
8039	4893
7499	4425
8107	5460
5804	4168
5625	3255
6360	6163
6487	2247
8017	5685
3598	1594
7242	2644
8571	4190
6541	3675
7353	4762
7108	3405
6883	3022
6668	4001
6603	5766
7566	3955
5069	2254
6543	4356
4980	3107
5680	3313
6910	4274
7066	4352
6873	5442
4579	2950
5632	5415
5148	3963
6954	5217
6459	2480
7204	3622
8645	5399
6965	5284
5722	4166
5930	3645
7311	5419
7774	3992
7145	3996
6013	5468
3592	1159
6489	3360
6345	5184
8152	7357
7415	4603
7605	3874
5850	2934
8113	4965
6051	4282
5035	2366
6426	4157
6049	3472
5387	4832
6213	3117
6336	4352
6896	5201
6404	2867
7447	2883
7905	6191
5547	3714
8256	3598
6794	4085
6625	3782
6642	4537
6318	4596
7022	5955
6004	3197
4626	2266
4878	3324
6682	5738
6880	5452
5395	2914
5113	2199
5792	4135
4729	2531
6478	4524
7353	6289
6882	7979
6916	6706
6527	5566
6323	4379
5877	1954
7123	4223
7581	5272
6799	5264
4918	2882
5884	2846
9914	5896
4486	1668
7717	6256
7297	5661
5150	3149
6599	4108
6519	4102
5732	3001
5372	2207
7222	6027
6619	2895
6987	3708
7502	6030
7649	5084
7521	6297
5128	3634
6980	4437
6613	4242
6324	4349
7815	5949
4667	1913
8139	4242
4988	4579
5989	6484
5367	2955
5630	1618
4939	2943
5179	2108
7876	4452
6406	3378
8284	5846
6292	5732
6100	3885
5802	2663
8353	4944
6391	3837
7272	6198
3784	2897
7090	3967
5360	3648
6171	6237
5159	5246
5767	2805
5303	6990
5241	3133
7693	4887
9682	5234
5527	3867
5717	4517
5680	4356
7666	3755
6343	5523
6152	2742
3156	1505
7640	5324
7420	3897
5401	3182
5714	4012
5931	4497
5846	3303
6802	3901
6031	3722
5557	3293
6392	7889
6772	3174
6530	6282
5418	2355
7280	4099
5353	3668
6778	3903
5928	2941
5793	1791
3721	2717
3602	2254
6135	4772
5480	2262
5379	2671
8681	5121
6396	3242
4604	1076
6006	3441
6693	5479
7012	3355
5744	4709
3704	2105
6739	4959
4659	4689
8171	4985
5062	3426
8162	8016
4982	2191
6713	4969
6924	4607
6374	4326
7170	3175
7905	4735
3812	2428
6443	3280
6016	3914
6410	4229
5448	4610
6866	5049
6205	3576
5543	3288
6322	4282
7145	4641
6920	4168
6773	5320
6979	4933
4270	4106
3022	2211
5683	3025
4941	3792
4380	3850
7198	7209
5703	2987
7332	5563
8495	5151
7066	5882
8496	5061
7865	5765
7782	3243
6150	2392
5565	3640
6712	2639
5645	4702
7457	5665
5400	3329
6923	4819
6582	3052
6620	3752
6514	7359
7321	6508
8519	5864
5024	3153
6625	7057
5734	7416
8795	5879
5667	3931
5257	2917
5977	5245
5404	5244
8223	5646
6804	4742
7773	7656
6500	3889
4342	2564
6184	9862
8388	4131
7260	2340
5882	3888
7205	3483
4112	1881
4927	3767
5373	3859
7361	6244
5661	2465
4688	3224
8195	5146
7684	4292
5122	2672
5591	2621
7279	5137
7647	3470
6200	4536
5010	3158
6937	6523
6249	2342
6069	3386
6370	7002
7337	5479
8940	6478
7038	4616
4612	2280
7115	5152
5727	6301
4636	2462
8403	5517
7098	4935
6675	2719
6520	7356
7521	3878
6936	3001
7833	5142
8105	4073
5824	2643
7778	4607
4275	2659
8650	5346
5561	3394
7730	3338
7682	5785
6718	3108
6748	3860
5612	2133
6984	2580
6533	3094
7300	5626
7404	5028
8573	5351
6299	5541
6405	4948
5523	3057
8271	7687
5594	2955
6672	3273
7062	4659
6233	4149
7405	4931
6444	5528
7219	4983
6161	3828
7390	3459
5561	2482
6607	4255
6302	4900
5238	2923
7383	4016
6418	4865
7079	4547
6214	3293
6906	5877
5741	3634
5182	2980
6204	3100
4258	4094
6937	3692
4095	2228
8998	5783
3924	1465
7684	4107
7343	4377
7154	4729
4837	3589
7342	5439
6248	3079
4751	1821
7037	4946
6899	6803
6862	3997
6814	6310
7998	6610
5837	4659
4971	970
6320	4696
5264	3000
6933	3905
5927	3768
4747	4019
7212	4671
6092	2750
6426	3949
1975	655
7338	4225
7194	6267
6160	5097
5208	3489
6818	4829
5564	3168
8592	5472
5727	2346
6825	3745
7938	7332
7703	6588
7873	3691
6663	4854
4846	4064
3566	2236
6679	5559
4165	2386
6009	3229
6639	5239
5966	3624
6299	3952
8016	5315
7628	3707
5759	3623
6899	4154
4098	2636
7589	5762
8273	4136
7835	4340
6688	3883
6614	4148
4462	1011
5293	2859
7341	6729
5746	2975
6532	6510
7524	5364
6500	4127
9165	3673
7639	5102
5228	4610
7455	3713
6976	5387
4349	2157
7214	3081
5116	3294
5010	3598
5528	3748
6839	3923
7773	5131
5995	3571
5691	3227
5726	3834
4044	1993
6431	2394
6595	4133
6584	4499
4813	2522
6479	3070
5372	2648
7205	5486
8482	4749
8529	5395
4959	2393
6101	2947
5885	3268
6089	2607
7109	4766
6591	5579
4938	3061
6151	5319
7357	5600
5346	2170
7274	6412
4598	3866
8604	5461
5213	2209
8265	6005
7595	3815
5944	7497
4086	2426
4743	2131
6215	3689
6944	3058
7424	3953
6918	5976
6273	3314
3524	1735
4436	2645
4584	2214
5624	2360
5884	2351
2945	2025
7572	4941
7064	4096
7753	4607
2738	2596
5255	4164
5410	3400
6625	5043
6407	4578
5908	5873
7483	3519
7677	3601
6897	4332
8050	3937
6738	3099
6413	4220
6420	5260
4396	1077
6757	4342
6205	3441
6238	4155
5073	2419
5490	2397
7328	4331
3847	1766
7935	6463
6338	4054
6387	6502
5431	2346
4505	2378
6720	3297
4819	1687
5121	2875
6001	2886
5441	3384
6321	4595
2400	2269
5316	2719
6916	4867
7425	5171
4549	2347
5668	3129
4075	2501
6383	3516
6337	3433
6253	4626
5523	4338
6290	5121
7795	6461
6563	4446
6870	7155
6408	6189
5193	3805
6021	3957
6495	6179
7667	4668
6673	4359
8303	6515
7384	5604
7044	3909
7510	3261
6693	4887
6953	3519
6312	4145
5531	5134
5340	4574
6961	5818
5823	4777
7928	5308
5238	2869
8063	6915
4927	3025
6784	3929
3689	1941
6332	3848
7289	3321
5648	3360
7103	5627
8301	5780
7016	4220
5591	3515
7415	2650
7725	7698
8464	8422
4405	2567
5891	3542
5153	4259
7019	5341
6514	3108
7102	5019
7305	3695
5527	2830
5720	3855
6511	4009
6747	4661
6662	8366
7763	3304
5182	2678
7758	6345
5378	4279
6132	5003
4615	2691
7293	3993
6929	3958
5260	4236
6908	3182
7592	2769
7502	4037
7995	6858
7093	4195
4864	1455
7223	5001
5994	3564
3585	1962
4485	2036
5221	4038
5154	1737
7811	5703
5903	6526
6988	5015
7012	3923
8182	5475
7765	6721
7913	4685
5515	3995
6720	6144
6645	3529
4456	2496
4473	2982
5999	2528
7086	3791
6077	3319
8949	4845
7926	5233
6557	3910
7148	5271
7103	3806
5807	6950
5977	3652
5942	2632
8320	4130
6211	4022
4818	2009
5918	3276
5678	6097
6969	3460
4622	3224
5921	4657
6531	3989
5182	2650
5157	3297
8029	5827
7678	4863
7277	5652
6189	5386
5562	2548
6520	2273
7669	5417
7893	5223
6698	3633
6760	5593
5590	2944
5437	3398
6854	4953
7731	4837
7766	4940
6174	2951
5508	3767
7756	5677
7366	4830
4924	1854
4958	3485
7333	4126
6463	5279
6920	3882
7536	6102
5162	4014
7450	5409
4780	2146
6778	5989
3508	2037
4764	2839
4942	2621
4404	2261
6812	6678
6525	3382
6642	6067
7065	3788
6013	3064
5549	3393
7414	3687
6205	3742
6294	4134
6947	4942
4931	2711
2563	2248
6326	4169
6250	3732
7330	4001
7941	6122
6742	6211
5261	3456
6666	3724
7427	3908
7020	4814
7152	5359
5489	2221
5554	3309
6746	2939
7185	3765
5808	5091
7904	4896
6876	3896
8006	4212
5670	5248
6757	4510
5124	2972
3506	2481
5687	6045
7660	5503
6725	4876
7544	3692
5731	3175
7230	3014
3082	3258
6706	3453
6931	2911
6479	3362
5617	3399
6105	2588
5773	2554
2663	1849
5934	2950
7989	6729
4882	4096
7804	6149
9050	6772
5640	2744
7355	6467
5737	4740
6665	3382
5854	2408
4715	3053
6860	3511
6413	3132
7436	3780
6276	4533
6416	4361
7290	4075
5773	3717
7892	5824
7538	4592
6747	4462
4934	4525
5821	3237
6130	4492
5679	5259
4761	1864
7411	3736
7171	4185
8784	5276
6531	4375
7261	3334
5051	3380
4753	2612
7278	5340
5954	3013
6739	2651
5018	2673
5081	4070
7273	5156
6479	3954
6137	2113
6706	3993
5193	4888
5747	2601
7406	4400
5820	4162
6215	3286
5602	3187
6920	4828
6314	4515
8638	6921
4442	2600
5935	3440
6284	4056
7780	5304
4782	3787
6000	4145
7115	5957
7189	3982
6841	5115
6618	2332
5618	4130
6522	3178
4981	2429
5313	3842
5967	2379
7079	5913
5931	2484
6886	6472
6189	5043
5912	2679
5418	3021
6493	5146
5162	3465
6386	4445
5862	3796
6287	3877
5067	2438
6918	6624
7173	4222
8567	6871
5243	4063
6006	3323
5640	3945
7780	7866
6310	3808
5545	4125
5534	3486
2636	1617
4433	2492
4948	2181
3978	2453
4468	2610
5909	4086
6604	4414
4594	1903
6253	4267
6724	5281
4751	2854
4588	2434
7121	3694
7046	4298
5827	4657
6397	4004
5340	6773
6748	5720
5478	3985
5757	4320
5729	3745
6824	5665
5577	4397
8862	4162
5029	3387
6414	5502
6855	4211
9576	6454
8609	4892
6942	2909
5508	2832
6080	5102
7157	3999
5645	4034
7624	5991
7488	5368
8466	7491
6313	6415
6115	4025
7226	5399
5801	3409
6511	3087
7538	3902
4946	4902
5679	3378
4198	3520
5723	3821
6217	2786
6365	3051
7119	5197
8521	7126
4611	2932
4368	2726
5599	2283
6914	7622
6787	4776
7177	5402
6737	3316
6267	3481
7034	5406
4645	2087
5306	4408
6664	3322
5905	3565
6411	4924
6572	3658
5046	1984
7778	4619
7876	6214
6851	8040
7778	6759
7174	4280
7441	4386
4476	3582
7619	5301
6189	2573
5859	6169
7412	4244
7562	5684
6045	2366
7009	4282
5726	4414
6008	6647
7470	4272
6326	7575
4697	3241
6820	7531
8287	3665
7931	4352
6588	3561
6710	4299
5795	7909
4049	2349
5254	3357
4812	1709
5561	3113
7012	5956
6558	3653
5176	3536
5562	3579
4884	5447
5541	2661
7890	7676
5839	2554
4450	3895
7924	4310
5802	4681
4841	1551
6643	4404
6167	3329
6231	3174
6618	3213
5407	2490
7821	5275
2443	2161
5580	4369
5481	5768
6696	3347
6427	3860
5244	3739
7067	4105
5471	3011
9088	5922
5438	3521
7201	3749
4453	2619
5577	3184
8843	4623
5284	5256
5262	2735
6208	3819
4821	2505
8115	5136
7364	4801
5257	4159
5246	3003
6396	2866
6713	3512
5134	3087
6667	4604
4939	2122
6746	4500
5789	3932
7014	4817
7326	4462
5732	3674
5034	2887
6501	4177
3945	2266
7840	5336
8245	4619
8010	5643
7152	3762
4973	2170
7456	4470
5942	4039
7272	4110
3640	2052
6732	4247
8043	4324
3860	3135
5960	3859
6069	3188
5652	3465
8257	4721
6253	5046
6543	3480
5253	3469
6096	5437
2493	876
5118	2822
6663	6475
6584	3246
5816	3667
5461	3036
5675	2403
5103	2767
6239	4768
7459	5956
6066	4154
5867	3057
7495	4284
6150	4253
6900	5931
5571	4483
4599	3265
7854	6456
6525	5223
7055	5188
6151	4131
7407	4351
8601	5087
4401	3876
6999	3372
4986	3233
5397	3522
5784	3541
7157	4070
6573	3471
5764	3323
7692	4810
7215	3371
2884	2318
5884	4079
6054	5575
8414	6074
5602	4023
6159	4938
7351	8654
5489	3791
6071	3545
5216	3125
8628	3884
7484	3747
6852	8479
5232	2247
5790	3479
4151	1764
5763	2987
4725	2910
7398	7193
7464	5296
5840	5931
6876	5282
5622	4768
7124	4676
5186	3434
4973	3063
3814	1770
7076	6899
5148	2205
5885	3004
7823	4310
4099	1730
7108	4716
6577	3849
7615	4144
3601	2731
6562	4101
7610	7552
6931	3580
6535	7361
7150	3677
4856	2976
4428	2029
5409	5820
4806	2233
5807	3359
6193	3991
6347	4422
6679	6169
7141	4612
6005	2769
8584	3966
3493	1817
7008	6653
7700	3298
4499	3297
5686	3276
8660	5081
6309	3511
7726	7507
6139	3374
6300	2692
6597	4326
6180	4006
2825	1758
8957	4733
7020	3439
4955	3795
5150	3188
4026	2928
5557	4159
5816	3168
6810	3527
5690	4575
6317	3736
5736	2402
6833	6372
5198	3666
5710	2518
4917	2393
1835	1471
5130	3459
7309	5897
5808	4319
8328	3965
5351	1966
6678	5953
8663	5391
7425	6538
5504	4169
3639	2571
8342	4939
5889	3219
7601	6013
6024	3228
6772	4116
7326	5952
5313	4267
7456	6967
4326	2483
6931	3686
4472	2170
6081	2104
5237	3851
4225	1833
5988	4888
7141	3329
4659	2535
7688	5280
6158	3803
6646	2945
7159	6911
8582	5098
4725	4046
5947	3255
6715	3885
5852	4518
7785	4014
7950	5197
6852	3447
6379	7773
4677	3170
5938	4974
5392	3447
8198	6042
7769	7809
7592	3989
5615	4371
6366	3184
7157	4505
5455	3421
6237	2502
6671	4206
8760	5686
7875	5738
6446	3600
2620	1004
4599	2828
6342	2678
6831	4599
3988	2810
4990	2347
6552	4392
3567	1655
8412	6415
5751	2320
6048	4082
6471	5576
8016	5868
7519	4693
7018	4843
6651	4324
7434	3436
6409	5937
7111	4827
5721	4292
6349	3839
6966	3898
7487	5122
6030	4501
7767	4008
7936	3749
5889	4008
6807	3442
5698	2016
5465	3393
6452	4040
6412	3202
6886	4005
5862	5755
9336	5719
4954	2339
6680	3790
4964	4233
7247	7752
5704	3602
7870	5097
7032	3741
4581	2296
8304	6599
7906	5547
6893	3748
6763	5384
6074	4015
7370	7272
8336	4396
6035	4989
6097	4210
7030	4389
4885	3486
7776	5410
7042	3184
7785	7300
7364	6292
3794	1326
7410	4720
3922	2254
4916	2632
7562	5812
6552	1912
6423	4388
6584	6557
6418	7862
7871	5301
6700	3417
4829	2866
6471	2787
7138	5081
6838	5016
6375	2629
6707	4183
6928	5585
6532	3881
6171	4998
5646	3787
7390	4675
4985	2042
7171	4147
8465	4673
6220	3154
7699	5062
5644	3057
6456	2301
7740	4640
6518	3811
8386	6745
7531	4219
7978	5865
3893	3024
6640	4965
8785	6348
6274	3622
5286	2561
7531	4099
7446	5022
5425	2811
7653	3261
6085	3576
5837	2847
6910	3830
3276	2509
6874	5114
8126	4238
5871	4904
6989	6508
6435	4363
4821	1791
6912	4953
6150	3360
8319	5326
3708	2032
7719	6370
7817	4608
6135	3053
9169	7450
6461	5886
5414	4782
4147	2585
6526	4277
5788	3282
6395	5039
7251	4061
7531	4279
4389	2089
5045	2049
5878	3671
3926	2313
5142	3079
6409	5307
7140	5969
8624	5064
7103	5917
7224	4185
6752	2972
7067	6355
7319	3432
6619	5591
6761	6709
5357	2461
6575	3474
7698	5018
6099	4993
5271	1842
5469	2639
8204	6506
6409	3715
6727	3925
6480	3451
7984	4924
6234	5000
7923	6067
6547	3878
8879	5972
6061	3734
3482	745
8103	5240
6305	4019
5253	2890
4930	2300
7273	3656
8401	6478
7075	5044
4846	4681
7486	3802
7471	5957
7950	4921
4745	2815
8291	4231
3365	1144
5127	3898
6624	4094
7325	3436
4213	3228
7397	5310
8637	5771
7511	6122
6751	6268
8792	5426
6415	4490
6579	3959
7085	4252
5817	4212
6925	6114
5401	3330
8159	5293
5163	2828
4975	2755
7676	5055
7700	4596
5227	2528
6439	4491
7378	5223
7507	3933
8108	5688
7388	4834
6383	3455
6179	4381
6155	3376
4867	4339
5014	1983
6127	4959
8303	4079
8236	3858
6706	3322
5284	4494
6516	4417
7447	5392
6800	5188
5411	3541
8323	5162
5746	2434
5392	2626
6532	5760
7789	2968
6097	3333
7140	5136
8009	6633
7202	5071
7243	4298
4898	2857
8174	5391
6263	6529
6093	4559
6141	3215
5764	3499
6234	2485
7376	4688
7701	5874
7419	5640
7318	3103
6103	3479
6800	3868
8914	4651
7157	4464
4785	2553
7881	4485
6320	5011
5130	3282
5335	4743
7904	8530
6403	2774
6008	4206
6971	4401
6926	5149
7485	5998
6201	3533
6981	3245
7369	4576
6640	3439
6914	2981
4973	3340
7875	4775
4270	3074
5981	3160
4651	3043
4537	1825
6745	4802
6509	6038
6233	3546
5861	2870
6364	5285
7474	3744
5920	4388
4692	2043
5634	6201
5500	3256
6700	2943
7932	4427
3823	3390
7779	4747
5815	2810
6250	3037
7006	6194
5005	2557
7904	4175
5483	3982
7452	3694
7084	4225
4659	2345
6270	3170
7920	3701
7991	5338
7510	4714
6131	2422
6625	5213
7423	5154
6063	3730
5711	4961
5562	3462
7888	8143
7830	5529
4973	3215
7494	5217
5085	1992
7768	6516
4363	3282
7133	5296
5712	4548
4390	1986
6177	4102
8846	3774
6650	4144
7067	3466
5212	2803
7853	4195
4980	2513
5907	3971
4789	2491
7040	4217
4240	2339
5527	2003
6483	2621
7712	4812
6413	4754
4868	3833
7492	6311
6367	4889
6066	1783
7866	5475
3318	2153
5381	2219
8112	5417
5813	3360
4971	2230
6360	3291
6454	4874
5727	3980
5375	3661
6091	3217
6633	3684
7176	4419
7959	5017
7608	4160
7020	6511
8642	4615
5232	3353
7391	4944
7519	5300
7638	4491
5547	2283
8188	5271
7333	4507
8293	3851
5761	4145
6174	2867
7821	5918
6854	4923
4970	2924
6195	3840
6994	4155
6875	2913
7376	4019
6954	4749
7493	7942
6819	5034
7504	5220
5648	3605
4615	5022
6609	5838
5970	4593
4886	2882
5087	3505
6867	4438
3775	2738
4160	1960
5572	3610
8344	5557
6560	2965
6243	3637
7150	2621
7571	6465
5719	4809
4611	3021
6138	4830
7906	6782
7189	3360
7253	3425
6501	6151
6328	4327
6595	2982
3175	1296
7522	5719
6353	2655
5568	3702
8259	5511
5496	4082
7427	4164
6386	4794
6585	3780
8187	7573
5634	2493
7247	3601
6032	2629
7068	6742
6971	5035
7415	5666
7684	4872
5109	3107
5424	3210
5876	2974
5722	5109
5386	4122
5850	3763
5903	7821
7488	7460
7084	4212
7073	4559
7405	5720
7006	4328
6405	3289
6688	4773
5270	3642
6734	6453
6074	4891
6723	5522
7722	4549
5773	2437
6433	6404
6107	4420
3594	1194
8193	4321
6352	3481
8287	6498
9764	6930
6182	4538
5435	2400
9574	6096
5456	4977
6380	3320
5888	3849
5537	3983
6180	4510
6185	3381
8751	5593
6636	2611
6740	3845
5411	5594
2957	2063
6351	3912
8479	5133
6975	6182
6586	3801
6395	4175
6977	3471
6179	4591
5536	3778
6085	3451
7059	4293
5775	3469
8363	5283
6395	5408
6808	4131
4336	2952
5750	2993
5797	2885
6364	4723
7566	5458
6793	4982
7117	3719
5805	4299
5498	2769
7714	3729
5168	2473
6751	3248
6528	3779
4730	2147
5841	2846
6959	4000
8009	5189
8396	7474
7465	3609
7027	5230
7894	3842
8066	4471
5966	5775
6198	4430
6320	3281
7227	3144
5789	7741
5603	2640
8296	4324
4821	2568
7507	5475
6006	4313
3212	1439
7403	4883
8054	3270
5589	4132
6664	4295
7286	5839
6833	4865
4902	3005
7095	4032
7312	5225
8378	4130
6604	5422
7915	4951
5061	2068
7304	6470
7154	4258
5981	4439
7055	3729
7592	6679
6316	3708
8819	4649
7495	5282
4692	2363
6108	2395
8221	5913
7804	5063
3122	2363
7727	4505
6398	2478
6344	6345
7402	5496
5083	2639
6421	6792
7316	4162
5328	2915
6558	6408
6893	3241
7960	5593
7361	6034
6215	4471
5612	4918
7583	6596
6873	3290
4758	3658
6943	2978
8326	7877
7395	4325
6820	3517
4995	4152
7118	4312
7088	3571
7781	4636
7351	3355
5382	2256
4798	3377
5074	2379
4791	3122
7283	5354
7010	5092
8099	8310
4341	1651
6647	4305
7578	6252
8362	5770
8437	5063
8439	4673
7343	6123
4738	4889
6475	4343
7005	5565
8655	6115
5812	3279
7800	5815
6567	3452
5116	3743
6230	3187
7441	3681
5920	4879
2838	1487
7811	4302
4290	2292
7640	6835
7017	6771
6978	6666
5041	1640
4106	2726
9472	6955
5882	3516
6187	2454
4067	2601
6278	6132
5227	2611
7471	4846
6713	5281
7639	5216
5831	2571
5939	4012
6897	4872
7998	6072
7617	5153
7412	6306
6235	3403
2901	1899
7163	3992
5496	2996
7025	4226
6511	7526
7235	4976
6902	4862
6890	3624
5370	2186
6539	4464
6349	3804
7135	3885
6269	6699
5711	3388
7828	4414
7329	3826
4861	2579
6457	7204
1540	1208
6440	4609
5426	3663
5563	4330
7671	6511
6522	4073
7051	3806
3653	1191
5833	3730
5411	3583
7723	4921
5146	2586
8670	5876
6000	4897
7196	5051
5307	4495
5938	3124
5171	5523
3351	2615
5635	4676
8248	6478
7540	4337
3952	1522
7939	6220
6269	5041
7070	4772
5375	4276
6644	3789
6730	8666
5612	3938
5787	2437
6706	3619
7547	3874
5154	2940
6852	3173
7976	5920
4089	3358
7229	4755
4011	1346
7203	5041
3576	2063
7952	7307
7745	6016
5624	2914
5867	4015
9241	5956
5930	8437
6860	3485
8042	5014
8216	4224
7151	4246
5293	2515
6159	3145
5600	3390
4808	3205
8138	3759
5625	2556
6948	6391
7426	7215
5129	3489
7952	5507
5347	4028
4862	3364
4842	2071
4930	3352
7439	3873
6022	3778
5606	2253
7521	4412
8508	5814
6788	5869
4108	1083
6630	6303
5478	3364
5450	3199
7726	5243
6074	2386
4833	2985
5767	3097
8815	4679
6478	7223
7925	5336
5929	3901
6474	4452
5097	3129
6646	2965
7672	6433
7573	4225
7449	5816
7793	5597
4981	2020
7220	3457
7072	4037
4613	2406
7834	4632
5421	2855
4694	3215
8305	5176
7576	5429
6326	4188
5634	3004
0	0
6875	6355
7254	5690
5962	2332
7444	6030
6058	4636
8474	5289
4184	2043
7850	5581
6666	4220
4924	2320
5230	3897
6633	4525
7347	4369
4864	2749
5716	4344
5551	3033
5234	3356
6134	4420
4280	1936
6312	3437
8074	7033
6077	2491
7165	2972
6882	4851
7927	4323
7181	3525
7031	5168
5012	3367
7119	4034
7712	6154
5357	2379
8072	6113
5573	2512
6823	4357
7769	6003
5596	5576
4543	3160
6996	4509
6537	8302
6726	6314
4624	2547
5228	2888
3873	1294
7154	4698
6661	5245
5077	2599
5506	2751
6157	3951
5665	2643
7792	4289
7021	5038
4402	2421
6440	4554
6132	4186
4289	1130
6079	4302
7949	6419
5549	5268
4879	2928
5622	3091
7887	6581
8381	4351
5164	1696
6642	4583
7592	7932
5485	3906
6524	4999
5583	5819
5325	3861
6174	2945
5550	3478
7028	5864
5602	4661
7094	5637
7218	3881
6990	4734
4738	2133
7135	4632
5568	2989
5673	2589
5286	3275
7676	4930
6492	3508
6048	3492
9063	4384
5537	3984
7719	2989
6511	2942
6791	5901
7448	4382
5095	4612
6358	4149
4411	2367
7317	4145
8268	5580
5329	3069
7102	4560
7013	6844
5055	4352
8359	4457
6160	6471
3276	2022
5473	3062
3114	3127
8580	4894
7267	3729
6261	4034
6475	4073
7561	4986
6617	2313
6231	5717
7373	4552
5218	3701
6085	3642
6981	3415
8099	7092
6461	4606
7524	4027
8753	7695
4923	2693
6600	4044
8407	3129
6401	8100
5655	3058
6230	3318
6829	4656
7479	6286
7137	4690
6643	4575
7072	4304
7580	4587
5744	3309
4097	2203
5261	2302
4873	3156
8365	4371
6837	5909
4802	2629
7161	6068
5624	2222
7899	4632
6285	3817
5902	2610
7016	4681
5696	5556
6350	3601
6194	4310
5378	7545
6437	5605
4623	3203
7190	6367
7130	4086
9443	4917
5973	3438
6080	3861
5730	4597
6699	4297
7795	5698
6525	2830
5518	2713
7983	4205
5891	4005
9661	6362
7469	3730
5555	3077
7869	4973
7254	4512
5370	2356
6884	4918
3770	1264
7783	3585
7315	8565
5617	3255
7145	3970
7390	2637
6387	4219
6556	4552
4500	3232
