17	5056
24	2646
19	2662
23	5396
19	4937
20	2031
21	6011
28	3761
20	3764
23	4405
23	4641
21	5806
24	6137
21	3934
18	5556
25	5113
18	4929
24	3776
20	4404
23	5938
18	2095
19	7419
21	7348
23	5545
22	4218
20	4041
22	5831
22	4046
25	4648
26	4497
25	4450
15	4743
27	5372
23	4997
21	3397
13	3177
25	3851
12	5802
36	3583
24	6074
22	4871
21	4561
25	4022
25	2390
25	5127
21	6360
23	5330
30	3718
18	3772
23	1488
26	4874
21	4949
22	3323
24	5570
19	4810
19	4309
20	4029
23	4602
21	5009
28	4458
20	4533
24	5950
20	4862
26	4499
19	5571
33	7042
17	4960
24	4079
23	4969
22	4225
18	4474
22	4889
25	5588
27	4771
21	4399
23	4453
21	6298
14	3126
18	4037
31	4399
21	4548
19	3625
23	9458
21	4375
23	4880
16	6193
24	4571
27	5063
22	5711
21	4249
21	5013
22	4557
23	3594
29	4204
18	3730
16	5086
22	5355
17	2802
22	5493
24	3073
24	3275
25	6448
18	4563
25	5745
22	5368
20	5709
19	5224
22	5009
16	4995
18	4151
14	1501
25	5533
22	4648
21	6620
24	6991
21	3727
21	4472
20	6384
18	6650
26	5272
19	5114
32	5685
21	2656
17	8995
23	3635
20	2646
23	1582
26	3318
26	5396
18	5244
17	6105
14	5492
25	6029
20	4769
20	3849
24	5485
16	9232
22	4761
26	3188
16	5246
28	6959
22	4930
22	3935
20	3382
19	5825
18	3751
26	2754
25	3488
18	5601
22	6308
19	4817
22	6579
17	3125
23	4910
20	5782
24	5406
24	5641
20	5630
20	4203
24	5526
25	5314
26	4149
19	5105
22	7724
21	4082
25	4027
19	5458
20	1461
24	3172
32	7426
23	6308
21	3541
25	2346
22	4562
25	4933
22	4163
21	3673
20	5481
22	7220
16	2939
34	5205
27	5700
21	6602
32	3663
22	5191
26	4071
25	3909
22	5981
20	4863
23	6823
20	5388
17	3084
24	3794
23	5381
23	5452
23	4958
22	3997
19	4584
19	4419
26	5345
21	2226
24	4450
24	5872
22	5145
16	4482
27	2180
24	5986
22	4772
24	3001
20	3788
25	4510
27	3167
24	5771
14	4860
27	3905
21	3512
20	3810
22	5225
25	3599
15	4776
20	7571
24	4214
19	4521
17	388
23	5001
26	3193
21	4197
21	3284
26	5485
21	6366
23	5274
21	6435
22	5161
21	2927
17	4584
25	4478
24	5686
20	392
20	4875
19	6904
22	4503
23	1932
25	2634
22	3559
20	5293
24	5085
15	3585
21	4895
22	4293
19	5199
27	6163
22	4521
24	4564
21	3127
21	2999
23	4353
22	5055
21	4424
23	4431
20	4160
26	3882
24	4116
20	5171
23	4082
22	5567
22	6497
23	5380
26	6541
21	4833
22	4201
6	4937
16	6390
19	4662
18	5175
21	4854
25	5864
22	6029
21	3320
22	2918
23	4753
22	3690
19	3969
14	4728
21	5805
22	2989
16	5675
20	4873
21	3812
28	4773
15	5961
20	4520
26	3748
19	4201
23	5553
21	3140
29	2442
23	5565
23	3856
20	4195
11	5107
25	4973
20	5076
14	5459
20	3699
18	2671
19	4220
21	4903
21	6031
23	5450
25	4178
20	6108
25	3926
23	5082
30	1306
21	4394
20	5079
25	5633
22	1877
16	5325
25	4065
21	4319
22	5686
20	4828
23	4984
17	4434
24	5388
27	4948
17	6472
23	7162
22	5295
20	4435
21	4605
15	6595
19	5284
24	5606
20	4193
24	3530
22	4504
33	4144
18	5054
19	5784
24	2148
22	4625
24	4951
19	5635
20	3573
23	5218
21	3828
20	7136
23	4934
15	5320
20	5184
28	5358
26	5614
28	3882
15	3648
20	4468
22	3306
23	4201
23	5386
22	2788
23	5192
23	7329
19	5238
21	4458
22	5070
19	5526
24	4563
27	4488
22	5474
21	5960
24	5262
16	3110
21	5905
30	1856
21	4577
24	5932
26	4264
24	4997
26	4151
22	4917
23	4882
22	2871
17	2837
12	4996
18	4982
23	4909
20	4651
31	4389
21	4712
24	5364
22	4648
24	3781
24	5431
17	5103
22	4874
20	5309
23	8080
29	2502
20	5243
18	4623
25	5528
21	2627
19	5751
14	5492
23	3995
28	4935
19	4471
19	4265
21	4979
22	3568
23	8703
22	3309
22	4233
24	4895
22	6340
23	4899
19	4171
22	4530
23	6138
26	5173
20	5574
13	6105
22	3712
25	4020
21	4600
28	3792
18	3802
22	5155
23	4086
26	4062
26	4521
20	8056
21	7791
21	5064
20	5155
19	2187
22	4350
23	4057
26	3313
22	4876
22	3240
22	5903
24	5876
23	5063
26	4710
23	4333
17	5889
25	3631
22	5638
7	5193
25	5464
26	4762
19	4433
23	4814
23	5292
26	3928
24	5167
14	6567
25	4352
17	5808
10	6020
23	5805
25	4154
29	4441
22	731
22	2767
23	4631
23	4687
22	7930
26	7525
23	5108
26	6963
22	3773
23	4890
28	5997
22	3221
24	3972
20	2207
15	5372
26	4733
20	1734
22	5523
22	5068
22	4150
20	5164
18	3867
16	5181
6	4811
26	4818
23	3933
24	3461
24	4422
19	6221
21	4960
24	5676
25	3770
21	5486
20	5190
16	6794
23	2817
24	4489
21	3350
22	7091
26	4370
21	3371
26	4762
19	4128
17	4469
18	3270
24	4499
22	5587
23	5671
27	2677
23	4767
24	4281
22	4023
22	3124
26	4794
20	5724
19	4745
17	5914
15	4451
22	3788
6	4456
21	5003
15	6284
25	4379
21	3844
21	5069
22	5449
25	4955
22	7658
24	3455
22	3687
23	5801
23	6050
20	5153
22	4773
22	5061
22	4398
22	6292
25	3607
21	4421
21	4918
25	4579
17	4131
25	5531
23	4451
24	3450
20	3469
28	4394
17	5572
30	4684
21	5814
20	3139
23	4792
22	4749
19	6083
20	3464
19	5367
26	4884
22	3477
20	4181
18	7982
21	4607
21	4805
20	4837
17	4441
25	3788
33	4785
14	5443
20	5223
21	4336
20	5892
17	8276
19	3823
22	3319
16	7019
20	4615
25	5204
18	3677
18	5267
20	4866
21	5220
21	1834
22	4658
25	5246
23	4076
19	2569
24	3941
16	4607
17	3883
26	5624
31	5055
19	5787
19	4068
23	5715
17	6220
23	6647
20	5301
20	6469
7	5094
22	4821
26	5385
23	6031
20	5464
27	3831
24	1705
27	4203
23	8504
18	5638
22	1788
25	3394
27	4198
15	6054
15	6422
20	5724
22	5307
18	6556
20	6020
17	5051
22	5804
19	3998
19	4904
23	6175
20	9372
13	4824
28	3664
17	5259
20	5684
20	6818
26	3630
20	5233
22	3831
25	5208
25	5424
22	5234
31	4583
22	5192
17	4487
23	5577
24	4794
25	4556
13	6627
13	5605
18	6369
21	4773
25	2211
21	3879
22	4616
21	2318
19	3507
24	4505
25	4517
23	5247
23	1686
22	2744
25	4353
22	6039
21	5601
23	3933
22	4114
23	3893
24	4552
19	4830
16	2177
23	4211
20	4598
26	4783
19	6642
19	5891
23	4779
24	4020
24	6478
22	4328
14	4305
22	5049
20	2312
25	4214
20	5866
27	2718
21	4169
22	2078
19	5560
23	6168
21	4106
20	5751
24	4773
22	5244
20	3658
19	4086
20	3628
24	3746
23	4382
23	3833
20	3747
18	5254
19	2907
22	5529
24	2947
31	5162
21	5272
25	4601
23	8647
22	7397
19	3370
22	4806
22	4982
21	4094
25	5317
26	4415
24	4568
20	4979
26	6100
24	4609
20	4856
23	4791
22	1669
23	5709
21	4851
22	3167
22	2821
18	7002
23	4815
21	4237
24	5365
24	1756
24	5548
25	5396
21	4237
30	5044
19	4371
25	3344
23	4521
23	5815
23	5772
28	3487
23	6184
22	4873
24	5237
18	5136
31	5263
24	4724
25	5478
23	4595
25	4451
20	3287
21	4673
28	2821
20	4492
20	6966
24	5425
20	4583
21	4429
24	5320
23	5316
21	5714
19	4257
29	1895
19	5507
23	5246
25	2487
21	5568
30	4120
24	5288
24	5328
20	4626
24	6584
25	4502
23	8068
23	4649
26	4639
13	2948
23	5933
17	5123
25	1486
24	4861
22	5066
23	2978
24	2506
26	4126
22	4157
30	5396
20	5211
25	5347
23	3871
21	6642
24	4665
19	4402
21	2587
22	3420
24	6306
22	3966
21	4246
25	3302
25	4566
17	8367
7	4295
23	5532
23	5642
23	2776
23	5160
16	6564
19	3953
8	5048
23	3917
22	5590
10	5613
20	3535
27	4651
17	4641
20	5202
23	5088
20	4948
20	5766
20	3031
30	4944
20	4103
25	3690
23	4860
21	3837
18	4153
13	4883
23	5240
23	3079
17	5760
22	4532
22	6179
25	2135
21	3636
22	6422
18	4289
23	5174
25	6200
24	5979
21	2199
28	4827
24	4375
21	4423
20	6147
25	4063
25	5073
28	3813
20	2199
20	4187
23	3804
16	6054
21	7857
19	5105
23	5329
22	4738
23	3433
29	4308
21	3755
22	5951
26	6943
22	6609
21	5623
26	4301
21	4228
18	7260
21	2337
25	3898
24	5458
24	3340
21	3238
14	2564
19	4948
12	4402
23	4693
19	3618
19	3173
26	5501
18	4934
21	5863
19	3849
24	5175
16	5205
22	6545
16	4649
26	4777
23	4566
30	3293
23	4080
17	3014
22	6767
15	6113
20	5241
24	4267
22	5145
22	4145
15	5410
15	6666
19	3836
22	5235
23	5012
21	6296
23	4897
7	4133
24	6038
23	4757
23	4958
18	4897
24	4213
20	5068
22	2570
24	5733
21	2820
22	3997
17	4706
23	4073
20	4588
24	2082
19	2747
20	5192
23	1734
22	5353
19	5380
19	8307
22	3942
23	6248
17	3145
23	5208
20	3602
18	3033
20	5483
18	4159
21	3889
25	3841
18	4247
24	3973
21	5480
25	3245
21	5247
24	4892
24	4753
13	2864
25	5791
22	7960
27	5122
18	3924
22	4676
22	5112
30	5104
21	4121
24	4558
19	7015
22	3165
22	5767
31	4297
21	4945
26	3428
28	5261
16	3406
21	2387
21	5661
20	6099
18	4853
21	5018
20	2717
25	5165
25	4892
19	3150
20	3264
24	4781
20	4963
24	5526
22	5293
20	3249
21	4682
15	5840
24	5954
31	3312
22	3695
18	5560
18	6324
25	3412
23	3951
28	4137
24	6117
16	6077
19	3887
25	6115
22	5630
22	4120
17	4289
21	5464
21	4106
26	5174
15	5304
17	5906
26	4422
22	4847
20	3943
31	4534
29	4863
23	5510
24	3719
26	5810
20	5483
20	3413
17	1913
20	4571
22	5122
23	1887
23	8331
24	5657
14	6447
21	4229
24	5614
23	4860
33	5635
19	3165
26	4217
23	5867
22	5383
22	5657
21	4854
20	5104
18	7508
24	3671
19	3479
26	4222
19	4327
21	5244
21	7940
19	4389
23	3109
21	5899
14	6939
20	4867
20	6580
23	5936
19	3985
21	4832
22	4887
21	4106
25	4074
20	5459
24	3668
22	5018
19	3515
23	4009
22	6397
23	4513
19	5056
23	6669
22	5974
22	5441
24	3887
19	1273
21	6202
23	7586
24	5248
20	5158
24	5838
19	4218
20	3953
26	5285
26	4247
24	3291
21	4822
22	6163
29	4181
21	5593
23	5568
24	4458
19	4642
21	4313
26	4142
20	5695
22	3535
18	4814
23	5247
17	4062
16	6403
19	4564
26	5258
22	3921
15	7634
25	4220
19	4967
21	5910
21	4479
22	3986
24	5977
23	4573
24	6330
24	5767
26	5397
20	4315
21	2946
21	3383
22	6543
26	5662
24	5583
23	5216
23	2279
20	4700
26	2881
22	5110
22	5452
21	4031
17	5492
21	3893
21	4125
24	6031
25	2828
23	3469
25	4444
23	4934
22	4403
23	5345
16	5595
30	3963
21	4903
26	4693
24	4946
26	3930
21	5581
25	5534
22	4725
27	5029
25	4667
26	4923
21	3950
25	4864
23	6235
20	2006
21	3828
26	5866
18	4540
25	4446
24	4383
20	3173
20	3845
21	4606
18	4629
23	4519
23	6647
26	6388
13	6160
27	4617
22	3946
20	5303
24	6089
25	5044
22	4463
28	4756
24	5211
25	6673
18	2533
19	4103
23	3847
19	4842
23	3096
20	4323
14	5790
15	4722
24	4295
22	4317
24	6038
22	1543
25	4243
21	1207
24	4673
15	5295
20	4262
19	4904
20	5101
20	2856
22	3502
23	4616
23	4410
22	5731
24	5243
25	5293
23	2754
29	3387
22	3690
19	2738
19	4557
20	4860
25	6596
23	5279
21	4957
21	5433
26	6175
20	6084
32	4208
22	5745
27	1985
23	3673
23	2830
18	4057
21	3806
18	5605
16	4000
23	3299
23	4374
21	2565
23	3870
23	5994
24	5534
20	4183
28	5372
20	5154
18	4072
17	2542
20	3542
23	5301
23	5250
26	4688
23	7781
21	3572
21	5629
21	4843
25	4950
26	2837
29	6298
18	5573
24	2801
21	5071
22	4810
21	6465
28	4107
20	3750
26	3942
21	4414
16	4623
20	4097
30	4506
25	5792
30	2950
24	4280
22	4218
25	5697
21	3874
21	4323
20	2970
20	3248
22	5495
23	4909
26	4422
21	6198
24	4720
21	5302
21	5427
26	3608
30	4183
18	4791
20	2182
24	4993
23	5796
24	5935
24	3171
20	4839
21	2675
28	3368
23	4297
21	6476
20	4511
23	4458
20	2924
24	6926
23	5479
22	5548
27	3380
22	3444
21	3088
25	4389
30	5449
25	3845
25	5107
23	5279
17	5947
23	3937
21	4497
24	6517
20	5096
24	7338
23	4826
18	5772
25	4671
30	3791
25	4867
23	4352
23	5279
16	4386
18	6036
13	8323
23	5246
21	4405
25	4275
19	5391
22	5283
23	3517
22	3381
15	5282
11	3779
17	5233
19	6287
18	6577
20	3824
24	5713
22	5299
26	3261
22	3792
19	4131
20	3710
21	4765
19	3985
20	6176
19	5089
28	4566
25	4342
18	3785
25	3789
22	4009
20	5315
26	4529
20	2930
20	5276
23	4497
18	4366
21	4831
25	6965
24	3312
31	4576
24	3599
19	1471
21	4806
25	4968
24	3981
14	6144
23	3872
23	5278
19	2906
20	4667
21	5307
22	6074
23	5895
21	3166
22	6874
20	6043
13	4946
22	4326
23	5395
23	5897
22	3128
24	3936
22	6419
21	6469
18	1812
17	5278
17	5265
24	6022
27	5061
20	4386
25	4091
19	5922
26	4874
25	7269
20	4450
17	5822
29	3205
22	4474
24	5149
19	5075
21	2039
23	6157
22	3520
27	4419
17	5961
23	6262
24	5030
22	5529
26	4274
20	3499
35	6605
24	4599
22	5847
25	5564
31	3851
20	3345
21	2672
23	4593
26	3914
26	3790
22	4605
25	4133
22	5698
21	3858
22	5384
28	4617
18	5404
25	4458
23	3264
21	5912
24	3776
21	4580
29	4122
21	4732
26	5208
33	5372
24	4158
21	4254
22	6925
22	4586
21	5463
24	2204
27	5115
20	3089
19	4268
18	4956
23	4864
18	3907
28	5275
21	3895
19	5352
21	5357
22	5019
23	4827
23	4010
26	5224
19	3648
19	3828
17	5329
23	5026
13	5999
26	5841
23	4058
24	4315
17	5438
17	7556
27	2436
25	4093
27	5585
17	4468
20	2568
18	4293
23	3403
24	4726
24	4300
20	5269
16	5988
23	3509
19	5889
26	4282
21	5248
23	4068
28	6159
23	4556
30	4728
25	3879
21	4650
19	5401
23	4522
21	3210
24	2894
21	2592
20	5561
19	4690
27	5934
19	4825
21	4144
16	4601
20	5381
22	5898
18	6068
25	4620
24	6933
25	4515
19	4576
15	5969
25	4967
19	4061
23	5519
24	6478
27	3963
23	4991
24	4546
25	6336
25	2807
21	4869
24	5480
22	2124
17	4244
24	4213
30	4396
24	5578
24	2115
21	3760
16	5510
17	4026
20	5516
25	3225
19	6044
23	4595
18	5531
21	4190
18	3690
26	3456
32	5269
26	1916
25	5162
27	7350
22	4567
22	2911
22	3683
20	6773
27	3775
23	2933
22	2798
20	2706
21	3260
27	5742
28	2372
22	3872
22	5043
27	4929
26	2289
21	4142
19	4794
22	4197
23	3033
20	5777
13	6547
22	4995
24	4443
25	6701
22	6856
25	3934
18	4590
17	4494
20	5517
24	3685
16	5658
31	4584
22	4728
26	4517
26	5172
20	907
22	5277
26	6584
20	4260
22	6294
14	3760
20	3677
21	5569
28	3727
23	4341
22	3484
22	5404
20	5632
24	3940
24	6291
14	4878
28	3645
23	4536
20	4363
23	3224
23	3498
24	5252
30	3868
25	4937
15	9412
22	5753
25	5452
21	4690
22	2625
19	4317
6	3528
26	4820
20	6006
23	4591
25	7811
22	5273
24	6708
17	3744
23	5202
18	5623
21	5185
20	4109
27	5143
24	4899
26	3798
24	5601
22	3817
26	5056
22	4649
21	3451
24	4609
22	4682
18	2810
9	5378
27	3527
22	6571
24	4556
21	3877
27	6592
23	6549
27	5509
31	3813
19	2434
21	4768
17	5672
22	4843
24	4075
19	3320
20	6211
25	3587
26	3844
19	4233
10	3018
21	6284
20	4412
23	5057
18	5510
21	4654
24	5342
16	6786
23	5943
21	6243
30	5361
23	6464
24	4647
21	4821
21	5309
25	4231
25	5000
24	5373
20	4485
22	7945
27	5697
23	4330
23	4863
27	7564
16	6161
20	7026
24	5024
23	4801
23	4557
23	6485
25	3129
21	5159
24	4702
20	5122
23	6112
28	2135
24	5936
22	8256
17	5353
19	3116
23	7892
24	5048
18	5384
27	5941
25	1913
22	5541
23	5888
20	5354
15	7967
22	4838
24	3552
21	6980
24	2147
27	4589
29	4289
25	5273
19	4661
24	3478
20	4911
21	3756
24	4108
24	2453
24	5419
28	4346
23	4605
19	5749
23	2799
23	4493
25	4756
28	5751
21	4352
28	3042
24	3870
11	4951
24	5426
22	5942
21	5241
25	4588
20	4120
25	5663
26	4272
23	5006
19	5257
22	5646
21	7076
21	3561
20	5964
25	5904
20	3073
26	4533
21	3921
23	5319
25	4034
26	5245
23	5677
24	3943
19	3655
24	6437
25	6066
23	5278
16	6371
24	4774
23	5647
21	4759
24	4338
23	3989
22	2437
18	5055
26	3924
20	3509
25	3832
26	4409
23	3559
22	2846
20	6753
18	4185
24	6785
24	3408
29	5487
25	5603
28	5328
20	7284
31	3324
22	5182
18	5494
21	5827
18	5216
18	3946
28	5644
20	5500
19	5451
22	4834
26	3040
21	3074
15	3624
22	4419
21	3845
22	4944
22	4305
18	4517
22	4040
23	4074
27	5351
19	5249
24	5190
25	2888
14	5305
23	3131
21	3741
23	5067
22	5221
28	4608
24	5544
24	6490
29	6281
26	4602
20	5641
30	4799
18	5044
28	3596
25	5615
18	5642
23	2421
18	4924
21	3562
20	4742
20	5250
24	3503
23	5153
20	4893
25	4623
25	4527
26	3926
21	4006
23	4032
24	5052
24	5555
19	5227
22	4690
24	5709
20	6236
22	3019
20	2617
28	6039
20	6555
21	5608
22	3126
12	3203
21	5795
22	5412
27	4396
27	4682
22	5635
19	5902
26	4403
19	4921
25	4527
25	5467
21	3849
26	5240
24	6343
21	4299
29	6624
26	4074
24	4544
20	6211
21	4367
23	5509
18	4732
26	4703
23	4597
19	4471
28	4664
20	4598
18	3103
18	3407
23	4547
20	7442
30	3923
21	4469
21	4311
17	4184
23	3998
28	4539
19	5326
20	4859
23	5127
25	4831
22	5103
21	4511
23	5322
26	4286
22	5125
23	5262
21	4334
22	6546
24	4367
31	2756
22	7143
15	5103
20	5036
18	5418
28	3530
26	4745
19	4271
22	7974
23	6017
26	4878
23	4880
24	3128
24	4171
22	3082
26	2567
24	4089
21	5295
25	4044
26	3650
26	4210
18	6063
24	2566
26	4086
23	5385
20	4750
20	4937
26	3246
21	3395
24	5697
21	6353
21	4947
26	2393
18	4594
28	6719
26	4224
21	3793
29	6016
26	6138
19	2565
19	7634
28	4340
21	4763
22	4515
21	2175
28	5059
24	3889
26	5327
28	5989
27	4474
28	6569
35	3127
19	8451
22	5557
18	5355
22	6986
20	2393
19	4255
23	5495
20	5052
26	3268
23	4989
19	1993
22	5543
14	7021
22	8183
23	4470
19	6081
19	3605
19	5545
28	2992
19	3660
30	4201
18	4614
18	2037
27	4115
20	5066
18	3344
22	5027
23	2041
22	5824
21	4406
16	3975
20	5020
27	5940
19	3637
19	4232
24	4719
23	3942
21	3435
26	2085
23	4723
20	3167
25	7879
20	4883
24	4708
19	3986
18	2372
24	7702
21	2868
23	6825
14	6674
18	5814
19	2440
24	3252
30	2462
19	5592
23	6817
21	4468
30	3066
20	5193
21	6584
18	5967
27	5084
17	4062
21	4273
15	5043
23	3248
21	4181
21	3884
19	3808
24	5945
9	5313
22	3571
20	5398
33	4643
16	3128
19	3672
23	3703
23	4625
23	2602
24	4518
20	4158
22	3864
23	5756
16	5651
18	2816
23	5636
9	5249
30	4733
22	5180
19	5369
26	5025
20	7127
27	4243
24	4721
26	5231
25	4189
30	3958
23	1513
21	6169
21	3735
23	7529
17	3872
25	4092
19	5099
25	6337
21	4144
24	7290
21	5037
18	8925
17	5178
27	5277
25	4469
22	4665
26	4733
21	6538
20	4782
19	5205
27	4256
31	2143
21	4961
18	3744
21	4441
27	4214
24	5377
25	3670
19	2243
20	4453
22	1753
24	5807
25	3465
24	5285
29	4157
22	2579
21	5082
25	5414
20	4884
22	6210
24	5153
27	5482
28	4294
23	5441
27	4580
22	3571
25	4513
13	4618
17	8750
26	4407
22	4964
27	4356
17	3665
23	5011
30	4943
26	3183
7	5325
23	5276
26	5383
22	5153
21	5945
20	3330
20	2416
20	3443
21	6918
21	3440
27	5021
25	5032
22	5034
21	4680
20	4686
24	2700
21	5351
24	4789
22	4196
25	4056
13	5196
22	2948
21	3808
21	5153
19	3922
21	7762
21	3756
25	4755
23	4596
24	5020
19	5038
31	4286
31	5214
21	5224
14	5674
24	4226
22	6440
27	5332
25	4648
20	5295
24	5653
23	4959
22	5278
20	5500
27	3903
22	4900
22	7344
20	6599
23	6577
25	6231
24	5593
27	5576
22	3553
27	3971
18	4429
26	4846
22	5122
25	7725
23	5305
26	4423
19	6901
24	4340
24	5628
20	5118
19	4312
23	4096
23	3604
21	6348
34	4817
25	3147
18	3629
21	3686
21	5253
24	4822
23	6339
22	5159
19	3402
18	3448
22	5953
26	4352
17	6374
22	4794
21	6018
17	4869
28	3947
21	5244
16	4249
22	5191
14	3381
26	5675
23	4172
14	4393
22	5073
25	4987
22	5176
28	4018
23	3456
22	4286
21	7371
29	4906
19	3412
20	4352
27	3880
22	4854
23	4486
20	4221
24	4122
18	4884
20	4049
20	3839
22	4000
22	2794
20	3770
19	4398
19	4437
25	3735
22	3824
20	4416
20	3221
21	4563
27	4899
21	4647
20	7370
20	4565
24	6544
20	4348
17	5481
25	4813
23	5899
18	4083
21	3458
18	5730
19	5728
24	4768
26	3645
21	7300
20	6189
21	2139
24	2609
20	5038
20	4520
21	6830
23	5112
18	5882
20	4352
24	3909
20	4887
22	5285
22	4652
20	4313
21	3567
23	5026
25	4513
28	4375
22	4259
23	5572
20	3029
21	2561
24	5853
24	4593
19	4332
25	5112
19	4731
21	5091
24	3106
31	5697
22	3986
22	4182
25	6586
20	3767
23	5966
23	4603
20	4252
32	5363
19	3904
24	3064
23	4525
20	9219
23	4793
28	6885
18	7079
24	5102
26	5085
21	7197
23	5077
21	4614
19	5095
18	5215
23	5102
20	4048
19	5871
20	5973
25	4147
21	4890
20	3335
24	4661
23	6588
21	5180
20	5449
27	3541
20	7643
20	5134
26	5869
26	5650
21	4632
30	2465
22	4895
18	4368
24	4589
25	4497
22	4718
23	3901
22	6345
21	38
18	4721
25	4176
29	3073
26	5662
28	2290
20	4015
19	4105
21	4085
24	0
22	5723
24	5110
20	5119
19	4328
23	5936
20	420
23	5883
20	4872
25	2328
18	5786
23	5782
23	2562
24	9351
13	4225
27	4796
24	7005
29	5846
18	5080
23	2851
11	4990
19	4207
25	4442
27	5903
19	4620
21	5604
25	4767
31	3568
23	4173
28	4827
24	5560
23	3563
22	6123
20	5340
25	7123
23	4260
27	4935
21	3910
22	2466
24	2996
22	4756
20	4410
21	4280
25	3259
20	5452
24	4496
21	4641
16	886
23	5955
19	4996
22	2994
20	4985
26	999
23	7525
20	4825
24	3482
30	4394
17	4729
19	3018
22	3887
25	4215
26	5064
19	5972
18	3839
19	3398
25	5439
19	4981
23	4843
24	3954
19	6674
22	5626
29	5592
18	4617
25	4222
23	5027
21	4979
24	3625
20	3728
22	5109
25	4907
18	5434
26	6922
27	2953
27	5099
22	6385
20	3274
22	3825
23	5831
23	5919
22	2648
22	2735
16	7178
25	5208
19	3711
17	6704
19	2907
22	5916
21	5717
23	4886
21	5326
22	5267
32	5728
25	4970
23	5865
22	3812
25	4512
22	6543
19	3806
20	5508
19	2731
22	5085
23	3776
13	4662
23	3221
23	6042
22	7013
19	3364
20	4639
23	6133
18	4933
21	5549
23	7139
22	6593
30	5157
20	6348
20	4619
35	6326
23	4645
22	5823
20	3537
20	3763
23	3965
27	5139
18	6479
21	3555
31	3243
24	6590
23	5073
23	4993
22	5048
24	3548
22	3290
17	7289
18	4172
30	5726
20	5376
19	3604
22	4258
27	4902
25	4224
16	6451
19	5194
25	4230
20	2305
21	3591
21	6661
20	6687
24	3780
21	2130
30	4019
21	4229
21	5903
21	2267
18	7945
23	5540
17	5065
24	3385
22	6549
25	4231
23	4344
14	5892
27	1869
23	3705
17	5112
24	3157
24	3560
25	4649
21	6350
21	4845
18	5419
21	2432
14	6113
26	2161
21	5262
22	5687
25	6201
22	3494
24	4569
26	4608
22	4516
21	2886
30	3482
19	5520
17	3163
28	4533
22	3802
24	3252
25	5079
21	4914
21	5406
19	5100
21	4097
20	5149
22	6314
18	3276
15	7416
27	3395
25	5296
21	4036
20	5773
14	5730
26	4816
24	5123
21	4656
22	5640
20	6322
33	6730
18	5035
21	5190
23	5488
27	3708
10	5307
24	4935
23	4047
27	4841
29	4609
19	4504
28	5613
26	5082
21	5307
20	4207
17	6161
18	4146
21	4607
22	4610
22	5102
19	5302
19	2150
18	3526
20	4174
21	5003
23	4397
23	4700
23	5663
21	4191
23	7990
17	6125
27	4630
22	4440
23	5344
23	3835
24	4472
20	5702
22	3890
17	4003
25	4379
26	5771
21	6923
26	5036
31	4370
28	5687
22	3361
24	5628
24	5105
18	5528
19	5624
24	3032
12	5613
25	4890
22	3968
19	5760
23	4111
25	6148
21	2170
21	4644
18	3356
23	1671
18	4313
18	5462
22	3872
18	4737
19	6429
22	4406
17	5598
22	4641
23	2603
24	5394
22	5472
18	6812
25	5206
23	4740
23	5777
23	4611
18	5433
14	2336
24	3161
22	6801
20	5020
25	4361
22	4551
23	6893
24	6687
22	2985
20	5251
20	4330
20	6968
27	4328
20	4819
18	7842
19	5056
23	5169
22	4237
26	5130
18	4113
25	4584
25	4381
27	3667
22	3891
27	4930
15	4819
25	5399
24	4910
19	5035
21	2372
25	5555
20	4288
25	4500
26	4572
26	2444
27	4443
25	5121
18	4799
18	4932
25	5576
17	5640
13	5656
18	5849
24	5301
23	4937
24	3885
18	4051
23	6081
19	3821
10	5709
23	5296
17	3415
24	2369
20	3540
25	3764
18	7086
19	5609
22	4594
24	5125
23	4444
22	4073
22	4097
19	5074
22	3149
21	4977
23	6392
26	6549
18	3698
21	6454
23	3115
16	5966
28	3844
24	3879
20	3847
20	5904
23	8204
21	5436
11	4083
27	4855
26	4020
20	3799
23	4917
23	8107
25	3324
17	4438
22	4291
23	6093
15	5525
25	4683
24	7010
23	4598
28	4345
22	4437
24	4307
10	3581
29	3156
18	4310
19	5024
22	4755
20	3943
21	2607
16	6644
21	4949
17	5052
22	3015
22	3113
17	5985
29	5059
25	3400
23	4212
24	2887
24	4415
19	5081
27	4830
22	5347
22	5890
24	4867
26	4271
20	4575
22	4717
22	4424
15	5866
20	5902
17	4315
27	2822
20	6550
22	5178
19	2525
19	3800
25	2371
28	3869
20	4265
21	5990
23	6082
21	4894
23	5487
20	5342
21	4927
24	5344
20	5495
27	3303
23	4369
21	3261
21	5521
27	4433
18	4560
25	5140
23	4565
13	4839
28	4611
22	4579
21	2856
21	4475
22	5411
17	4219
21	6482
23	4151
16	2338
23	5972
23	2392
25	4438
22	5285
20	4871
26	4689
25	4661
23	6408
25	5223
24	6933
20	5157
20	4818
26	7871
23	4295
23	6299
19	6520
18	4307
22	6563
24	5398
21	5879
19	4779
18	4995
20	4904
11	4808
26	4183
22	4497
19	5424
21	5507
26	7092
16	4798
22	5048
20	4811
22	5376
17	3802
16	4774
22	5727
25	4620
22	5074
21	4319
24	5153
22	6895
18	4548
24	4670
20	5179
26	2267
15	4514
22	4689
21	4658
22	6093
19	3059
21	1646
20	5468
22	5745
22	5078
23	4495
21	5133
30	3523
23	4457
21	4238
24	4559
26	5031
15	4524
27	4686
22	4515
15	3970
20	4382
21	3692
17	5862
25	3998
26	4801
19	4601
20	4430
18	5916
26	4424
24	3438
11	5355
20	5238
18	4558
23	2491
22	3233
24	4510
25	5008
25	5648
20	3458
23	1712
27	1885
23	4551
26	5013
33	3569
27	4390
22	1863
27	4495
24	4727
20	4599
25	4269
14	6235
25	4049
24	2347
24	5020
17	6600
15	6529
25	5168
21	6067
22	4800
25	5839
22	5821
22	5088
25	4991
21	4751
23	3931
22	4891
15	5250
26	5240
22	4175
25	4971
23	6510
24	4818
25	4183
21	5131
25	6119
23	4494
19	3923
23	4798
19	4711
18	5175
25	2448
22	5225
22	3801
21	4397
23	4693
26	2702
17	8664
25	5153
17	4381
26	5198
17	4580
20	5038
27	4902
24	4229
18	5445
19	4132
23	2494
22	7409
26	4451
21	5108
25	4884
21	6359
20	4249
19	5405
24	6543
19	6040
21	5994
21	4152
21	4783
20	4109
21	5489
22	3068
19	3877
22	4825
24	4517
21	4801
25	4790
23	7218
23	5814
24	5734
19	2377
24	1673
21	5787
22	4474
24	5113
23	4998
26	4512
20	4958
21	6045
21	6278
21	4055
23	4926
28	4312
28	2905
23	5877
17	4118
21	6403
23	3652
23	6619
21	5218
22	5230
20	5932
21	5874
26	2608
24	2746
23	4386
28	6241
19	2181
21	5165
20	5336
20	5259
21	7853
28	6181
21	5794
25	5641
17	2682
22	4786
23	5892
22	4564
17	3891
24	4489
8	2819
22	3975
24	4868
21	3999
21	4066
20	4678
25	4106
23	4793
25	4829
20	5615
23	5890
13	6838
28	3918
16	3671
22	4764
21	3615
16	6234
20	3494
21	3964
22	4361
20	5615
15	6781
26	4696
19	5721
20	3097
22	7417
20	4474
22	4067
25	4943
33	4791
18	4590
22	4620
26	4638
27	3503
21	5532
18	4168
24	4724
21	4982
22	4128
23	6144
22	2963
19	4895
24	6948
23	4864
19	3522
22	2595
19	2874
7	5472
23	7494
23	5076
20	4528
24	4039
23	3880
20	5459
25	4475
22	5290
25	3735
27	3030
32	6037
24	6048
26	4446
20	5502
22	5286
20	3240
20	3767
27	4233
27	4340
20	2484
20	5247
22	5521
14	4726
19	4828
22	6287
22	5746
23	4721
27	4385
26	4429
17	5505
19	2513
24	4502
21	5218
20	4494
24	2701
30	4881
19	3326
25	5581
19	2214
22	4693
20	3688
20	4215
25	3261
19	4813
22	4901
23	5037
22	5884
20	5148
21	3213
18	5483
26	4704
21	4855
21	3746
20	4069
25	3519
24	4363
18	3843
22	5097
26	6414
20	4301
23	7009
25	6335
23	5247
22	5127
23	5091
18	4222
23	2813
24	4582
26	3567
20	4359
26	4534
27	6062
22	4029
23	5535
21	4617
26	4705
26	3560
28	2863
21	4483
19	5018
24	5107
22	5393
17	6407
25	4640
23	3901
23	3199
19	4353
19	5055
19	5888
26	5544
22	5400
23	5583
14	5454
26	3420
17	3508
22	5242
23	5962
24	4645
23	1844
21	5140
21	3527
19	4805
27	4753
31	3614
24	4701
25	3812
23	3041
20	5063
27	4606
25	4162
21	3580
25	5564
23	5273
24	5403
21	1814
20	5410
24	5094
25	3645
23	4745
20	5155
24	3410
19	4099
19	2305
23	1978
24	5037
19	4539
23	4354
31	5577
23	3252
25	2814
19	4979
26	6541
27	6492
16	3966
26	5681
15	6068
24	4818
23	4636
19	3121
24	5471
21	5115
21	5591
19	4321
22	3398
25	4685
21	2829
23	2782
26	5748
23	3522
22	3041
18	3292
25	5431
19	5668
20	4979
26	4577
20	5667
22	5010
13	5685
22	4093
21	3910
14	7210
24	5620
26	3205
22	5066
20	5773
23	3985
16	5023
24	4162
26	4695
23	3631
25	7912
21	4584
25	4696
26	5503
20	3824
23	4720
21	4380
22	5423
22	6379
18	3393
22	4453
21	5103
20	5021
21	4783
19	4410
23	6559
21	5478
18	5197
16	7272
23	2022
25	3507
19	3105
19	3993
21	5108
21	7090
21	6167
20	5742
25	5108
21	4650
23	6749
24	6238
23	4675
17	6856
9	4069
21	4555
24	4612
22	4745
20	4976
16	3260
23	6174
28	4341
21	3885
16	5908
21	1981
22	5607
24	3356
22	5738
17	1235
22	4612
26	2271
19	5490
29	4345
24	5005
24	4987
19	5412
27	4418
24	4268
17	5776
26	5538
24	5233
16	6716
23	2845
28	3430
29	3829
24	4702
23	7671
27	5563
21	4277
18	5301
15	2942
21	4321
19	5566
22	5686
25	4254
24	5128
20	4496
20	4874
17	3161
19	5916
28	4178
21	3588
19	2546
25	4181
24	6431
27	3793
22	4249
25	4106
5	4240
20	4489
24	6036
21	4666
16	5024
27	595
24	4169
22	6428
28	3737
18	4857
16	4262
22	4696
27	3744
16	3590
23	6364
20	6965
29	6470
23	4651
22	4261
20	3655
29	4284
19	6037
26	4615
22	7604
25	3847
22	2860
23	4950
13	8775
24	4360
15	4078
22	4309
25	2140
21	5965
21	3524
30	4815
24	3373
19	3711
12	6573
22	4372
19	5218
23	2236
22	5466
22	4905
24	4350
23	4470
23	4387
22	5706
26	3191
27	3953
23	3301
22	4907
22	5181
22	4199
19	5518
19	2106
24	4316
23	7577
20	5221
21	4486
20	3070
18	3755
29	4247
21	3670
28	5672
25	4054
21	6306
23	3467
23	4977
23	7803
19	8164
25	4342
23	5368
25	4026
20	5031
16	4399
26	2409
23	5736
23	3700
15	4976
20	3283
25	4601
17	5430
21	3130
29	4725
18	5662
19	3345
22	6809
21	4875
26	4838
22	7804
26	3112
21	2046
21	4361
23	235
27	3137
20	4167
23	2934
27	6350
28	4459
20	4525
22	5009
24	3822
21	6013
18	4982
25	4190
23	2701
17	4530
22	3474
24	6197
20	5667
21	5751
27	6516
17	6495
21	1175
21	5039
24	5387
21	2831
28	1626
21	4372
20	3689
20	5822
24	4880
20	3157
20	4730
25	4609
24	4107
18	4994
23	4807
25	4421
24	3703
28	5879
18	3628
22	5143
22	4179
21	3269
22	3988
18	4152
22	3111
21	4426
16	5306
14	7036
26	4767
21	4319
19	4792
25	6401
20	4006
20	4442
21	2196
10	4438
20	6134
17	4513
19	5558
21	5025
22	4279
22	3917
21	5467
20	4190
28	3216
14	5175
18	3899
21	3680
28	2714
20	4246
28	4005
24	4111
23	4932
23	6226
23	4987
24	5379
24	4522
24	5336
24	6443
30	2981
26	4223
26	4996
22	5595
20	3930
19	4352
22	4894
25	3135
24	5014
18	7235
20	2608
19	4731
24	5028
24	2996
23	8962
16	4421
27	5501
25	5426
22	5429
19	5071
26	6905
20	4024
20	6192
24	2901
25	6191
21	5299
18	5257
24	4241
18	5053
25	5400
33	5325
26	4655
27	4757
29	4101
25	4784
27	5145
24	6436
22	4626
18	5110
27	7132
24	3247
22	7587
24	2968
21	2887
24	3235
21	3636
15	6925
19	7056
32	5160
21	4229
26	4403
22	4763
23	2200
22	6444
21	5227
21	6335
17	5001
24	5110
22	4927
26	3258
25	5198
21	4476
20	4363
20	6027
21	5438
21	5346
24	5045
18	5192
22	4261
26	4888
20	6317
24	5743
23	3989
24	2938
24	4203
24	4413
19	3551
23	5392
24	2858
10	6049
20	4436
23	5362
23	5719
18	4688
21	4683
27	6750
19	4804
26	3775
21	3860
21	3031
25	5847
24	3908
23	6686
22	5165
23	3689
23	9877
28	2930
21	4125
27	4404
18	3435
24	6860
19	4492
23	6086
25	5168
19	4463
16	3527
23	4951
20	4867
25	3387
24	5603
21	4499
20	2280
22	4661
24	3825
18	4423
20	5324
19	3859
22	6247
15	4356
18	5218
23	4032
23	4635
20	5101
23	4975
23	8115
30	3709
20	4328
22	4069
23	5357
23	3563
23	4812
24	5696
23	2801
21	4478
19	4682
23	4070
21	4957
18	5236
22	3938
22	4948
27	5497
31	4222
21	6134
27	5160
22	5599
21	3899
21	3351
15	6238
21	4551
24	5077
20	4675
26	5354
24	5823
23	5466
24	5553
22	3880
21	4910
22	4700
25	4287
24	4968
21	7026
24	4642
22	5249
16	4976
23	6311
27	5416
17	4710
26	3955
22	3521
21	4349
23	5023
24	2121
21	4690
25	5216
17	4578
26	4392
20	4775
22	4163
27	4363
21	4709
17	2669
29	5208
25	2596
28	4383
21	4837
18	5007
27	2203
20	6461
24	3651
21	4278
25	7375
23	5655
17	5860
20	4528
21	3125
30	4764
23	5148
19	4963
23	5335
21	5405
23	5946
22	4809
32	5244
21	4665
30	4612
20	5450
20	5647
25	4376
23	2880
21	4556
11	5612
24	4708
23	6599
21	4939
21	4158
22	4600
24	4370
22	4987
21	4914
19	7493
26	4558
19	3034
13	7176
22	3025
21	5488
21	3210
17	4990
23	4447
32	1021
19	6258
20	5797
23	2297
20	5216
21	5281
25	4939
24	4166
19	5240
19	4469
17	4503
23	6953
22	6107
19	4175
21	5853
24	4422
16	5921
24	4971
17	6875
14	7426
28	6588
21	4713
21	2696
22	4754
24	4048
27	6242
20	5670
22	7352
15	5841
22	5338
23	5748
25	4639
19	6661
21	3675
25	5604
24	5623
20	4003
23	6086
22	4605
23	7180
27	4326
20	2786
22	6988
21	4921
31	4405
20	4389
22	3243
23	4794
28	3413
26	5585
21	5702
26	4933
24	4859
23	4782
23	7443
23	5671
22	5440
24	5795
25	7311
20	6071
24	4826
21	5327
21	4108
23	5332
18	4605
24	3484
27	5779
25	4660
17	5590
20	4061
24	7331
27	5142
18	5672
20	3412
21	4318
21	4707
20	6564
22	5433
35	5611
23	4759
23	2638
23	4752
26	4739
23	5050
23	5743
22	5180
22	6513
22	8419
20	6205
25	2377
22	4013
24	5164
25	3419
25	4263
23	5815
21	4057
16	4924
21	4591
23	5328
22	4374
25	5180
24	1933
21	4781
22	4356
21	5449
23	6562
20	2245
19	5225
19	4138
18	5821
28	4779
20	4322
22	6296
23	5234
20	3972
27	5371
24	5654
23	3224
21	3908
22	3864
21	5212
26	4805
17	3713
28	4655
22	2117
18	3040
21	6062
27	3889
21	4543
24	5161
18	5702
22	2141
20	4757
26	1969
23	3525
23	4967
23	4851
23	4562
22	4428
28	4911
22	6127
24	5518
21	5330
28	4360
25	5527
22	4258
19	3472
31	3286
23	3116
22	4775
20	5159
19	5187
16	5255
22	4700
24	4064
19	3729
21	5872
22	4421
20	5049
23	6429
21	5395
21	4636
24	4391
26	4249
17	5440
31	3580
21	5747
24	4266
22	4995
19	3282
27	4157
23	5855
25	2641
16	7849
20	4456
24	6481
20	4315
19	5126
21	5139
19	4544
25	4826
22	3160
22	4236
23	5042
23	5743
18	5300
22	3968
13	6369
23	4548
23	4543
24	5029
20	4115
21	510
18	5233
21	1557
21	4681
24	4826
27	3515
21	3290
22	3371
19	4922
25	6592
31	3606
23	5542
31	4510
23	4273
21	6272
22	7025
28	5859
19	3683
12	5272
19	4687
26	3704
31	3412
20	4872
24	7066
21	3172
18	5427
23	4363
29	4283
24	4943
21	3559
20	4567
24	2747
24	3437
22	5523
21	3103
19	2500
26	5684
20	4732
23	4956
22	7691
21	1888
20	5678
13	5761
26	3028
26	4159
20	3463
24	3582
21	5780
21	4078
28	6043
23	2009
30	3472
26	5385
27	1887
20	5341
18	5753
24	7783
17	5953
26	3550
22	3130
21	4813
21	4549
19	2034
21	5905
18	4667
24	6909
19	4730
24	4796
21	5229
17	4601
25	4899
27	3766
25	5319
19	5309
21	4240
21	6248
25	5179
25	4215
24	3561
17	6263
15	4106
23	5311
14	4820
30	4996
20	5064
15	6141
19	4473
23	4929
18	6386
16	5793
23	2701
22	4704
20	7270
22	5404
25	4260
18	2907
22	5565
17	4940
27	5954
22	5269
19	3356
23	2072
25	5801
19	1549
21	3633
23	6222
20	4109
23	5368
22	5096
27	6249
29	2439
20	4870
22	4353
27	5079
18	4718
25	4436
24	3810
17	4680
19	4661
22	2518
22	4982
27	5422
20	4379
28	4254
25	3377
20	4880
21	5285
20	5123
21	4892
21	5772
24	2875
26	2876
24	5319
19	4214
18	6501
16	5225
22	5428
19	3298
20	5258
23	3138
24	5502
23	3966
24	4552
19	4115
19	4991
16	3230
17	4432
24	4752
24	4617
23	4400
22	3967
20	4650
23	4693
23	8739
26	3993
24	5137
26	2771
23	4204
24	3219
27	4742
25	5172
27	4118
19	5874
17	4359
22	2240
25	2666
28	3384
20	4506
25	5773
22	7847
17	5161
22	4554
27	4755
23	6416
26	4475
23	2919
22	4775
22	4925
23	3935
22	4023
19	3852
21	6177
21	4816
21	5736
27	4868
16	5730
20	5988
25	5079
16	4613
23	3912
27	4498
18	5580
23	5507
12	3300
23	4708
22	6783
22	2983
24	4751
28	5284
19	5572
20	4046
22	5116
20	4779
19	4407
23	5455
22	4486
22	3443
19	2252
22	4362
27	4860
23	4967
18	5846
25	3924
21	4943
21	6539
25	5774
21	2340
20	1819
20	7579
18	3136
19	5474
20	2156
20	4384
24	4823
19	5016
25	4422
21	4705
23	4612
17	4534
20	5021
21	4418
27	4961
23	6625
21	3997
24	4193
14	4232
23	4509
24	4599
18	5239
24	5593
26	4868
23	4888
25	5952
29	4719
24	4873
26	5533
22	3421
25	4983
18	4548
18	3892
23	4260
20	3811
25	6080
21	5136
25	5424
24	4598
19	5639
21	2536
28	3476
24	4766
22	7997
20	3800
22	5407
23	6392
22	4833
24	2218
24	4194
18	3539
24	5790
20	6497
25	5498
23	5062
24	5396
20	5993
23	6417
25	4509
20	6734
26	5142
23	4529
19	4861
23	2660
20	5294
21	5530
21	4738
21	4505
25	4997
16	5227
23	3074
22	4635
21	3314
22	5313
21	1207
21	5295
20	5178
33	5397
23	9126
16	5476
24	6390
19	2867
26	6093
22	4620
22	1823
22	6087
22	6928
24	6191
22	2662
22	4994
21	4862
25	2399
22	5169
17	4916
21	3820
22	6226
23	5256
27	5782
18	5545
22	3558
24	4805
23	5396
22	6147
22	5473
24	4887
21	5644
24	5130
23	4240
23	2650
29	7012
12	5352
22	5747
24	4355
24	4251
20	3502
16	7227
22	4910
18	4752
19	2615
26	2960
20	5086
22	3827
20	5043
21	6364
26	4711
22	2876
16	4745
25	5157
21	4642
17	1594
20	4160
19	6533
20	5511
20	5081
23	5763
21	4461
24	5123
24	2534
22	4300
21	4689
22	7772
18	4467
21	7321
22	3979
24	5548
24	6451
23	4221
18	3413
26	7397
24	4805
23	4996
18	5178
21	6407
18	3140
18	4744
23	4103
29	5820
22	4765
28	6140
25	4411
24	7597
23	4217
19	4475
20	2948
23	5926
14	7568
22	3635
26	5517
21	2729
20	6708
25	5119
21	5796
23	6633
22	4292
21	3993
17	4600
23	4342
19	4803
24	4426
20	4485
17	4973
21	5491
26	4863
24	2509
21	5211
22	4839
23	4435
22	4637
17	6034
22	3796
22	2261
22	5150
27	3366
23	5707
26	5261
23	5374
23	6919
33	6987
25	5463
22	5072
25	3420
18	4983
21	4358
15	5722
24	5327
23	6104
22	7394
21	3175
24	4682
23	4412
22	5547
22	5008
22	3566
30	5025
26	5158
15	7194
24	4115
20	4391
20	3999
20	5753
26	3770
23	3994
21	4432
21	4741
22	4569
22	4095
22	5124
26	4452
27	4239
20	1604
21	5394
21	4262
22	6774
20	3290
26	5331
22	6623
24	4931
22	4761
25	3224
22	5087
21	5032
21	4797
26	7122
23	3755
22	5482
21	6654
26	4649
18	2867
18	5348
20	5228
25	3800
21	3349
28	6069
20	5241
15	3000
26	5217
22	2781
19	4489
18	3072
21	3325
19	4442
20	2989
19	5660
20	2815
22	4539
22	6002
29	6564
18	5268
22	3622
26	3728
22	3113
24	4398
27	7762
25	4973
22	4865
18	4379
22	6394
17	5503
18	9999
23	3385
22	4282
17	5914
22	4287
22	6822
31	4124
18	3804
20	6768
23	5661
24	5732
28	5140
25	5051
21	3718
19	5197
27	4137
27	5215
22	4728
30	2118
26	6187
27	2284
27	7756
31	5601
24	4768
25	4037
20	4246
20	5064
17	3583
20	3349
21	3369
17	6412
23	7136
24	3238
17	5416
18	7301
24	5024
16	4769
23	4700
20	5668
22	3700
25	4087
17	4494
23	4933
18	6789
25	4615
24	4213
18	4721
23	4714
23	5468
23	3946
26	5544
22	6763
21	4946
23	4370
26	4179
24	4184
25	7472
22	4499
22	5887
22	4733
22	4356
17	5620
27	3323
31	4995
20	5065
20	5136
26	4610
23	5985
15	3696
21	4859
25	4280
22	4793
24	3475
26	4812
28	7183
23	3466
26	4265
21	5309
21	4072
22	2263
20	4527
22	1618
19	5401
10	5578
22	5925
26	5121
26	4396
16	6814
28	4123
22	4628
21	3775
24	3211
25	5686
25	2685
29	3340
24	5280
22	4202
24	5154
34	4544
21	3763
18	5727
15	906
23	5418
25	5342
21	5282
22	4033
22	6228
23	5961
26	4777
22	6402
9	8659
22	5988
19	5180
22	2612
23	1894
19	1764
26	4228
29	6688
20	3675
28	3411
26	4849
20	4783
15	6988
16	6441
22	4289
17	3962
22	5399
21	4561
24	6275
24	5310
19	4617
24	5450
20	2819
26	5880
36	6763
21	5150
23	2982
22	5587
22	2471
19	6145
25	4514
30	5101
23	7233
22	5387
20	4564
23	4875
12	4357
23	4493
23	3748
19	2352
22	5127
21	4410
18	6476
21	4003
20	5546
24	4977
23	5948
23	4208
23	5951
25	4959
22	4985
20	4297
21	5028
22	4995
21	3987
25	5929
21	5047
23	4664
69	2417
29	4517
20	5168
19	2360
21	4479
22	5236
17	6161
29	4466
23	1431
21	4550
18	5765
23	4157
20	4880
24	5720
21	4321
21	5420
26	5203
22	4424
23	6550
26	4561
26	4014
23	1871
20	4222
24	5228
30	5059
24	5170
22	4976
18	3751
13	5146
22	6329
23	5135
20	4718
25	5008
28	6015
15	5569
24	5568
22	4968
22	5343
18	3595
19	5946
25	3688
25	4678
20	5898
23	4952
22	5613
23	4809
25	6765
21	4186
21	3959
23	3712
25	5605
19	4442
22	5246
18	4518
20	3498
25	5809
22	3524
18	5953
25	1382
20	8384
14	3353
21	7691
24	4345
23	3653
22	4418
21	5159
28	5689
22	4672
27	6215
12	4496
23	2710
23	3048
17	2796
20	4384
22	6593
20	4826
22	2720
14	6084
19	4183
20	4113
20	5777
19	4237
25	6221
21	4442
24	5814
21	6054
24	4688
19	4060
20	3992
27	6463
16	4245
21	5043
21	3799
21	5059
23	5741
21	5384
22	3292
29	6106
22	5464
22	3675
25	4646
24	5163
27	5379
25	6250
15	4736
30	5067
23	5339
24	5148
17	5737
16	6411
24	4838
24	5107
19	4498
25	5530
26	4625
23	4423
25	4273
22	7470
28	4161
16	3988
23	7305
19	4346
15	6413
21	4733
21	4767
31	4459
20	4607
25	5553
23	5527
20	3371
24	3731
23	5236
22	6248
22	4675
27	4542
21	4079
23	5483
21	5071
22	6350
24	4191
18	6310
26	4596
21	4665
28	3393
26	5028
27	5286
15	5719
20	5324
18	5420
22	5481
24	4764
29	3245
22	4650
24	7525
28	4057
20	4306
20	5272
16	3812
20	3817
20	7358
32	5227
27	4246
17	5396
15	6737
20	3035
20	5327
18	5435
22	4374
23	5821
21	4342
22	4405
20	3565
24	2242
25	2794
27	6824
25	5840
22	4645
23	2489
21	5034
21	4317
32	5038
21	4676
20	5295
24	4861
34	4649
22	4192
15	4835
22	4809
25	5708
23	5604
22	6124
24	3728
22	6521
20	4507
20	4566
20	6118
17	3606
18	4161
22	4599
11	3524
27	3867
17	6166
20	4311
21	5819
27	3730
18	4870
22	6139
23	5528
21	5123
25	4842
23	5102
21	3038
21	4189
20	4142
22	3946
23	3377
26	4750
27	6348
23	4042
22	2991
19	7614
18	5005
24	5734
23	4551
21	6076
27	5852
21	4461
23	5457
22	1930
27	3407
22	3662
22	3792
21	5932
19	5075
23	3838
18	4097
23	1250
29	4862
23	5501
23	3282
25	6617
21	5635
24	3704
21	4679
23	3659
23	2828
22	5836
20	5483
25	2315
15	7655
32	3124
22	4153
26	6351
23	4968
25	5002
20	4689
18	4703
22	4121
18	4708
17	3796
24	5444
28	3680
21	4333
23	3360
23	4447
24	6698
21	5609
23	4244
22	3179
22	4993
23	7774
28	4429
24	4969
21	4976
27	2418
24	6002
19	1916
24	4198
21	6868
20	5184
18	5077
18	3657
20	4934
23	3527
21	4551
30	4594
14	6604
23	8104
20	3348
26	4690
16	5467
22	4192
23	7038
16	7093
17	5423
24	3241
22	5564
22	5429
18	5685
15	2860
27	6336
16	3449
23	3117
20	3502
6	3973
20	9020
20	3124
22	4544
23	5892
23	5283
14	2260
27	5122
24	5314
20	4964
26	6356
20	6375
23	4467
22	5540
30	4922
22	3030
25	5254
23	4451
22	3672
21	5281
26	4199
25	5321
11	3666
24	5683
28	3325
24	4623
18	1815
23	4587
23	4154
21	4853
21	4637
20	5605
21	3383
19	4870
27	5445
21	5491
17	5565
25	4723
30	4352
20	4600
20	4902
28	4916
32	5486
26	4940
24	6826
17	5261
23	5681
24	5713
24	4171
23	6120
22	2960
20	2768
18	3865
25	5317
27	4354
21	5111
25	5765
25	4934
26	6035
21	4233
23	4162
20	1646
20	2458
24	4296
28	3738
21	4681
19	5008
21	5165
15	7214
25	2825
23	5591
22	4487
17	7021
23	5212
21	4875
17	3632
16	5956
20	4259
22	3165
23	4633
23	7279
25	4632
21	4550
21	6352
17	5042
24	3076
25	6945
21	5983
24	1742
24	5694
30	5799
21	5185
26	2202
21	5828
20	4272
24	6392
21	4735
16	4747
27	5157
22	4164
20	4724
21	3654
26	3876
19	3367
25	3400
21	5446
21	5706
19	5617
30	3589
17	3346
26	5834
21	3802
20	3843
18	4740
20	4802
22	4012
20	4916
19	5645
28	5070
20	4937
24	4448
19	3323
18	3348
25	5192
22	4307
22	2523
23	6430
22	4017
21	6241
20	4695
26	5079
19	5185
23	5232
24	5768
19	4186
16	2577
25	4836
24	4072
23	3733
26	5190
22	4728
16	6222
18	6637
20	5161
19	4787
28	6490
24	4511
27	6595
30	4557
21	4618
24	3994
19	4240
16	5896
20	5209
21	4217
20	5638
23	1484
20	4853
24	1967
22	6290
26	4175
19	5401
22	3348
22	5389
15	5679
18	5571
21	2816
19	4495
16	5965
24	6803
20	4689
17	5698
22	5979
24	4682
22	5933
19	3605
18	4846
22	4996
22	4956
22	1982
25	5958
23	6888
22	5378
22	5801
23	6049
33	2705
16	6243
20	4441
24	4447
25	5261
20	5018
24	4703
20	5144
23	6512
22	4283
30	4124
16	6096
21	2737
21	2964
28	4416
15	5952
20	4006
23	5219
24	4840
22	5482
20	2662
22	3036
19	5804
22	6292
28	4800
25	4878
34	2316
25	5176
17	5913
29	4846
23	3333
20	3069
23	5139
20	5332
19	4329
22	4916
25	2855
19	3490
22	5226
20	4744
23	6112
20	3528
20	3852
20	4016
20	4028
29	4147
21	2339
21	6042
25	5672
21	4950
25	4258
20	2811
24	3873
23	4062
21	3740
23	4563
12	5119
25	4674
27	4860
22	5538
27	5972
22	3061
19	5867
21	3695
24	3391
23	5003
17	5101
24	4471
26	6997
25	4261
20	3274
25	5751
25	4966
18	5763
22	4863
26	4671
16	5613
18	5362
18	4732
21	4114
14	6261
25	5056
24	5641
27	4642
27	5132
23	7025
22	6035
22	5336
21	5622
25	6624
23	2802
17	5589
22	4333
18	4209
20	3568
21	2669
19	4213
20	5686
21	3939
21	3238
27	4040
22	7303
28	5960
21	3542
18	5229
17	4643
20	5093
18	5101
22	4527
23	6484
17	8389
23	5345
19	4442
26	3731
46	1421
23	5721
21	2841
31	3558
23	5442
22	6837
19	4693
12	5453
20	8371
23	4646
19	4819
27	4291
24	5719
26	4696
22	3286
21	5440
14	6576
25	5819
22	5179
20	4675
23	4993
23	6634
23	5492
24	4914
25	3158
22	2014
21	6338
19	5517
24	4947
25	4378
24	3414
21	5487
17	3926
25	6022
21	2704
22	4780
26	7467
22	4260
28	4452
23	5508
22	5008
24	5300
22	5292
22	5234
23	4502
24	5483
15	5819
30	3691
19	4692
23	4364
24	1880
22	4386
24	4162
19	5732
24	4759
21	3177
25	5830
23	3857
21	4436
28	4557
20	4393
22	1941
24	4369
24	5218
17	5783
23	4218
12	4880
20	3581
24	4828
29	3513
21	4005
24	3956
21	5199
26	3750
18	5187
24	5555
25	5248
24	3957
18	2704
19	4270
22	5470
15	4805
26	4608
20	4494
21	3374
23	4973
22	5115
23	5890
18	4112
22	1965
23	3896
24	7367
29	3909
20	3726
21	5680
25	5500
19	5019
27	2268
21	5036
22	4543
25	7583
25	4634
28	4784
19	5386
22	3903
23	5753
20	4712
20	7954
22	2045
22	5024
18	2489
24	5644
27	4242
17	5241
23	5208
20	3855
20	4675
24	4089
19	3939
22	5692
20	5261
25	4375
23	4231
26	4886
19	4907
21	6332
19	4377
18	4778
21	4850
19	4597
23	4010
23	4368
21	4857
18	4893
20	5219
27	4504
25	5469
11	5733
25	5098
24	3248
14	5218
21	3786
21	7499
22	3721
30	5053
34	5204
23	4888
27	4879
29	6205
22	3185
17	1889
22	6002
24	2268
22	5184
22	5300
25	4632
24	4915
23	5111
24	4438
22	5057
18	3809
25	4594
18	4428
22	4130
4	4289
27	5666
21	2214
24	4779
23	6685
25	4808
23	6478
23	5228
20	4101
21	7627
24	5736
20	5060
21	3571
20	4646
26	7084
21	4596
24	4589
25	4853
21	4254
18	5887
22	4438
18	6117
22	6282
21	3639
16	6032
22	5715
25	4044
24	2692
18	4742
26	3375
21	5631
19	4885
24	2386
18	6453
26	3163
17	4928
18	4837
19	5535
23	3128
18	6118
27	6497
15	6647
17	4077
24	4158
25	6760
22	5177
25	5614
19	4724
22	4774
23	4866
23	5077
20	4820
21	5316
26	4277
20	5804
24	5110
18	4380
23	7983
22	3105
22	7358
26	5560
21	5009
20	4701
17	6587
26	4194
22	5453
20	4390
18	4802
20	4060
26	3071
23	6233
23	969
23	4959
19	4530
22	5074
29	6098
21	3870
27	6216
27	4788
19	4219
22	4429
25	3963
21	5002
20	3072
21	4607
30	4707
24	4338
19	6151
21	4419
22	2278
19	6575
26	2538
23	5238
23	5631
26	5373
19	1791
24	3020
26	3855
21	4694
21	5516
17	3860
20	5584
22	6428
24	4192
19	5295
22	5181
16	6404
20	5687
18	3893
11	6046
27	4733
24	6182
18	4884
25	2166
24	5128
28	3051
25	3597
19	6305
19	5209
22	5066
25	4353
24	6118
24	2755
23	6192
22	2650
23	4917
19	4614
23	4784
21	2517
21	5504
21	4688
25	4272
21	5614
21	5725
23	8085
22	3832
18	3900
19	4462
29	3912
21	5331
22	5186
26	6889
30	1951
20	5346
20	3674
23	4773
28	4279
8	3969
22	3230
22	5374
18	3257
24	5532
25	6795
23	7514
24	4820
21	5104
21	5442
22	3306
20	7563
26	4128
21	4013
25	4468
23	4261
15	9693
17	6220
21	3134
16	7052
27	3105
24	3724
25	2279
22	3449
19	5067
24	4908
20	4227
21	4785
28	4906
26	6289
20	4405
27	2408
26	4872
17	4320
29	3516
17	6517
16	3965
25	4726
28	6083
22	6299
19	3766
28	4550
16	4961
23	2736
22	5298
17	4503
19	4368
21	3656
24	4491
23	3928
25	4731
22	5085
20	4558
28	4305
22	1911
24	3777
26	4753
38	2698
21	3994
23	5013
19	5306
25	6690
27	5248
24	3945
23	5902
20	4394
27	4749
21	4964
23	5409
21	1890
19	4806
19	2838
23	5649
20	7569
20	3964
25	5438
19	3436
23	6736
23	2207
9	2872
20	1625
26	3392
24	4359
23	5556
21	4453
22	5084
25	5524
14	6647
14	4633
23	5067
25	5300
23	4167
26	5204
26	3585
19	5655
23	6044
17	3632
19	5787
30	4745
23	4377
16	3347
22	5281
21	3009
31	4204
24	4016
21	5203
18	7252
23	5774
23	5367
15	4764
20	3000
23	3809
22	3310
23	5855
13	3908
22	6638
18	4347
20	3488
23	4902
24	3782
23	2269
23	4907
30	3270
21	3891
23	4749
23	4022
25	3964
23	4758
23	5565
20	4630
18	5512
26	7858
20	4910
13	6064
14	4992
25	5944
23	4909
20	5617
19	2835
16	6957
24	4055
22	5491
20	4190
26	4097
27	6730
20	5412
20	1432
19	4287
27	4431
28	3906
21	2269
20	5085
24	4324
22	4524
22	5457
22	5187
21	4558
23	2388
22	5402
28	4066
20	5375
20	4811
23	4439
27	4065
23	5285
27	2831
18	2955
21	5245
18	3699
21	3741
19	4563
19	6058
17	4988
12	5924
27	2762
23	4828
19	4747
19	4873
23	4783
26	5294
24	4833
23	4411
21	5057
21	5549
19	4793
24	4402
21	5298
24	5849
23	4583
24	5418
26	2214
23	5397
21	4474
22	3182
24	4353
25	4966
12	4137
21	6058
23	3684
22	5830
19	4988
29	3335
22	5288
25	4436
21	3867
22	5210
23	4188
18	6975
25	5235
22	4337
25	3288
19	5068
22	4287
20	5011
23	6359
22	5641
18	7990
24	4687
23	5708
22	6353
25	4806
25	3919
21	6347
15	5357
20	4139
24	6154
26	4708
19	5232
21	3824
23	5379
20	5000
21	4646
25	4378
20	3545
23	5097
23	6116
27	3985
28	4465
21	4587
26	5450
23	5049
24	3601
26	4776
21	5490
20	5248
21	4090
21	3853
20	6307
22	5386
23	4686
20	4119
24	2794
20	6916
19	6705
22	3751
26	5450
20	5895
22	5618
25	3748
24	4440
23	4098
22	3211
20	4134
24	4037
27	5936
25	4523
19	5661
25	5043
13	5577
26	5237
15	9008
23	5787
29	3947
22	6268
28	5688
16	6381
21	4072
23	5872
21	5043
27	5266
18	4286
21	6404
21	5498
19	4395
21	5561
27	6192
24	4929
19	4760
24	5254
4	4877
23	5386
26	4355
21	3079
30	6422
26	4403
22	6199
23	5206
20	9093
24	4389
27	2253
25	5923
20	5256
29	5084
21	3986
22	5735
19	6276
22	6289
26	8369
23	856
18	6750
22	4616
21	5585
20	6233
24	4824
20	3771
27	4388
22	5058
20	4691
41	3957
21	9651
24	5900
26	5145
24	4187
24	6050
24	5226
24	5458
26	4876
24	6818
21	6196
21	4046
24	2897
29	2932
22	4963
20	5117
23	6290
15	4235
23	6217
42	3145
20	6053
22	4926
19	5101
22	4337
19	4943
24	5436
25	4004
21	4635
26	4907
26	6264
23	5380
25	5435
25	1663
16	5197
29	4844
26	5559
19	4500
23	4451
21	4763
20	4504
22	3465
23	5365
21	4192
21	4290
24	3816
25	5267
28	5342
25	5490
23	4146
24	3531
22	3399
25	4908
22	4787
23	5207
23	6178
22	5050
24	5146
25	5859
27	3377
28	3221
20	5532
25	5345
24	4564
22	4609
26	4024
24	6243
24	3696
29	2473
19	5024
20	4110
25	5532
11	4988
23	4485
19	6360
27	6347
23	4262
25	4938
16	4197
22	5089
20	5752
18	4146
27	4226
21	3698
23	4938
17	4813
18	4404
21	5635
23	6539
21	6133
23	4606
25	3021
23	4438
18	4461
17	5240
21	5348
22	6085
20	4731
21	5253
22	5477
21	4939
25	3739
21	5141
27	4208
25	4901
26	5490
23	6696
21	4907
25	4353
18	4988
23	4896
19	3277
22	3485
16	5685
25	6235
20	2114
21	2875
29	4080
21	4434
21	5306
16	2849
25	2353
16	2615
20	4224
24	2130
18	1985
19	4418
22	5581
23	5102
24	6653
24	7023
19	5417
22	8178
20	5363
26	3612
22	5415
26	6821
22	5640
28	4636
24	5355
21	3481
26	5270
20	5660
22	6539
22	4734
21	5257
23	4118
23	4928
22	5253
26	4099
20	4476
14	9210
23	5495
24	7552
23	4953
25	3977
21	4372
24	4423
22	5269
20	7276
23	4004
26	5210
24	4635
24	3068
22	3770
20	4310
21	6134
25	4030
24	6318
29	4043
22	5022
23	5434
22	5402
27	4275
22	3110
29	4120
22	4698
24	2819
23	3506
17	6039
17	5824
24	5197
19	5388
24	5089
27	4620
28	5433
24	5294
23	3657
27	6354
25	4412
25	5200
15	7616
26	4652
22	3185
20	4530
11	5144
20	4093
26	6502
23	4363
19	6380
22	5980
20	5484
23	4937
20	8172
21	7669
21	6561
29	2473
19	5062
21	3113
25	3935
17	4813
18	6201
15	4088
24	6400
21	4748
25	2948
19	3827
25	4355
12	4821
18	3528
23	4895
20	3534
26	4322
19	3970
26	6060
25	4218
20	4154
25	3290
26	4373
15	5430
16	3767
17	3109
20	4594
19	4615
19	5107
21	4925
24	5611
22	5258
20	6360
19	5566
23	6615
19	4632
23	6040
19	4862
23	4183
25	4351
15	3999
22	5038
28	5796
18	4273
24	5723
21	3931
21	5294
25	4972
25	4702
24	5589
22	4477
21	4823
23	5019
27	5172
23	5986
21	4479
27	4122
17	3322
23	6206
24	5888
22	4930
18	4778
18	4484
25	4210
21	4601
23	7744
16	4412
21	2955
19	4163
25	5612
25	2961
21	5190
18	5586
20	4588
22	3799
17	6444
25	4248
23	5004
20	4431
21	4912
17	4075
25	4497
24	6357
23	4910
28	7242
24	5065
24	4379
23	6116
20	5037
7	6708
27	3956
20	3544
24	7285
23	6544
24	4358
18	4303
29	5647
28	5687
13	2406
16	4546
25	3614
23	4632
25	7319
24	6273
27	6543
22	5061
25	1416
22	4475
21	5432
20	3978
22	4572
20	5484
15	5997
26	3087
19	5336
18	2659
21	5549
22	5446
18	4415
23	4096
24	5507
25	2937
18	6193
21	3885
20	3863
14	6493
23	2711
21	5038
22	6446
20	5699
25	3739
22	4208
22	4143
24	3567
21	4062
18	4689
19	4872
12	5078
21	6368
25	4928
26	4426
22	4923
24	2173
21	4619
23	4172
31	3735
22	4809
23	5726
24	4369
24	5888
27	6138
26	3393
23	5085
23	4849
29	5883
22	2732
20	3554
21	4170
25	5780
16	2285
21	4740
22	4309
25	4052
25	7159
23	4420
26	2855
22	6738
19	4987
25	5139
26	4597
18	5088
23	6623
27	5253
21	4542
17	2746
21	6264
17	4062
24	2266
24	6561
18	3546
26	4540
20	6299
21	4916
25	4618
23	5915
21	4846
19	4029
21	3584
24	5313
18	3860
20	4520
24	5285
26	5389
28	3364
21	5394
22	6098
20	5730
19	2289
22	5160
23	5523
23	3646
24	4694
25	4303
20	3960
19	4408
25	6077
22	5098
23	4828
24	4842
24	4781
27	4486
22	4383
24	6076
18	5241
16	5602
24	5143
23	5166
21	4884
24	4734
26	5045
24	5243
23	5466
21	2664
24	4316
26	4884
29	4808
23	2823
20	5158
18	6616
21	5176
23	2903
21	4742
23	5250
16	3932
25	2129
26	5513
14	4834
22	5735
22	6049
19	5022
20	4884
17	7290
25	2885
27	3066
22	5306
19	5576
23	5353
21	4340
22	6196
21	4197
19	4636
23	5328
19	3748
16	5733
21	6358
20	2731
21	5618
21	5871
23	6439
20	4449
18	3911
15	5202
14	5691
24	4991
24	4055
27	3470
13	5792
26	4275
23	4974
20	3363
23	4758
19	5532
23	5103
22	4122
19	5760
26	1312
21	4845
22	5009
19	3054
18	5577
31	4461
24	4524
27	4466
25	3420
19	5090
19	5137
17	6173
23	5619
26	3560
20	3471
20	6413
27	5087
16	3609
22	5877
24	1684
16	1861
22	5555
28	4288
27	4264
19	5301
22	3073
14	5901
23	4069
22	5744
23	4389
16	5630
18	3951
21	4837
20	4391
19	4780
20	4052
21	5107
22	2851
23	5082
26	6195
24	3062
21	4503
20	5609
28	2868
22	5359
23	1420
23	4924
24	5017
21	4638
15	4061
21	2412
21	5951
25	3223
25	4663
13	4837
23	6696
20	4763
22	3203
22	7199
23	2272
22	5793
23	5466
22	5687
25	2096
17	4292
25	4431
22	5427
20	5435
1	3098
21	5197
20	3970
25	4992
21	3760
27	5851
18	3434
21	4579
28	3061
18	3794
28	4393
24	5992
22	4837
21	3910
29	2913
22	5161
24	3620
21	5847
19	5422
20	4169
21	3039
32	5318
19	4040
25	3306
31	3634
18	4652
20	5317
27	6746
21	5626
25	3684
17	5616
19	1618
22	4004
19	4622
17	4823
20	5834
20	4081
24	2930
23	5683
21	5003
23	2070
19	4743
25	4775
21	3908
24	4897
25	4768
18	4781
22	2722
26	6956
21	5773
25	4860
15	4139
17	3450
19	5420
25	5105
9	4870
18	4961
21	3800
28	4116
28	3797
18	5429
20	3134
18	6059
21	2917
19	4606
25	7418
19	4457
25	4668
29	3580
25	2208
25	5073
17	3378
18	5843
20	4733
26	4728
19	4072
20	5082
26	4666
22	4744
22	4898
20	7397
20	1550
21	5500
19	5617
28	4295
20	3097
23	4308
28	4355
20	5216
24	4422
17	3376
22	5642
24	3043
27	5578
23	5323
21	4187
24	5015
24	4090
18	4094
22	2843
29	5401
17	3755
26	3736
21	5023
26	7937
25	5451
25	5712
21	4150
25	4382
26	4573
18	4915
22	3869
21	4357
23	4649
24	5728
23	7006
19	4894
24	5203
21	4880
23	5907
19	6762
19	4368
23	3825
24	3544
21	6735
20	4947
20	3089
14	4924
22	3819
21	5864
19	6560
22	6110
23	5115
23	4518
25	5685
29	4864
22	6025
18	4078
20	6834
21	4987
17	6075
23	6136
12	3724
27	2670
28	3634
24	3705
20	5159
31	3871
21	3939
22	5341
19	4397
9	4558
31	2923
25	5617
21	4396
20	4106
23	4965
24	8035
20	3554
20	6400
17	5040
24	4251
23	5014
24	4810
19	4495
26	5943
26	5239
22	6247
21	4778
31	3275
27	6782
22	4638
23	4790
22	2027
25	7478
27	3744
17	3865
26	4963
23	5025
30	3440
23	4582
20	5283
25	4652
22	4330
23	4355
24	7170
18	2702
24	6541
15	8413
18	4116
21	3944
18	4896
20	4407
24	5745
25	3262
24	4536
19	6260
27	3492
23	4778
23	5455
24	6075
26	5686
14	5918
19	4311
25	2691
12	3963
23	5278
19	5321
21	5114
21	2437
21	5394
23	6138
21	4781
21	5679
27	4365
21	2618
26	4391
17	5214
23	4416
23	6640
21	4921
22	5003
21	4228
19	4321
22	1848
23	4921
20	2038
21	3618
19	1501
23	5982
18	4044
24	3210
23	4845
25	3248
22	5133
27	5854
22	5267
15	6248
25	4000
16	3217
18	4835
25	2577
20	4580
17	5049
25	4119
14	5919
19	4735
22	4303
21	5202
17	6446
21	3996
21	5434
17	3850
21	5022
23	5352
22	4742
27	6486
19	4069
22	6048
28	6003
25	3810
16	5907
18	4587
20	5302
21	5159
21	4069
21	4808
22	2543
24	5481
22	5288
21	6079
21	1835
19	5022
19	4833
21	5492
21	5248
23	3205
21	5136
25	5050
19	5418
18	5588
23	4871
17	6400
25	4375
23	3471
21	2142
22	4240
19	5450
25	4287
17	1077
23	4520
23	4055
14	7377
28	6239
24	5759
25	2831
25	6998
19	4826
21	4689
20	5064
25	8263
22	5933
20	4370
26	4689
24	4136
24	3060
25	3876
25	5153
28	4035
22	6688
21	3286
18	6015
27	4335
26	4965
29	4675
23	4760
21	6081
20	4622
20	4632
32	4655
19	4048
23	4446
20	4227
14	8185
24	4878
18	2811
21	2716
26	4833
21	4943
22	6107
21	3885
20	5424
20	5893
23	5407
26	5598
22	4077
23	7793
20	3892
19	3542
24	5783
24	3909
20	3503
31	4294
16	7107
26	1924
30	2783
23	4357
23	4193
22	4739
25	6866
24	5002
11	5209
25	6090
21	4201
24	5084
21	5570
19	4876
20	5499
21	4844
17	4636
26	3852
20	4131
22	4463
22	4497
20	3633
24	4911
28	3602
21	4058
17	5245
22	7267
17	5026
23	4954
20	3768
27	6667
25	4486
17	6320
25	7076
19	4653
21	2094
14	4870
28	3480
19	4774
22	5282
20	4479
20	2123
23	4058
23	3444
25	4831
21	6311
22	6467
22	6327
24	4977
20	4759
17	4923
24	4523
18	5041
31	4563
19	5712
16	5311
24	3306
16	4409
20	3813
27	4284
22	4119
27	3807
26	5403
22	6387
27	5100
22	5719
17	5989
20	4592
24	4728
25	2728
19	4503
20	3988
14	4904
25	6592
29	4295
20	3746
18	4732
25	3367
19	2853
19	3340
27	4925
29	4218
25	4821
23	3328
22	3191
19	4421
22	5517
21	5974
17	4673
21	4243
25	2756
21	4807
22	4375
28	5075
22	4354
20	5229
23	3759
23	4560
26	4481
23	5207
25	7734
22	4451
23	5948
23	4788
35	5777
23	4759
23	4712
26	4203
21	3968
20	6056
14	6434
21	7472
21	3837
20	6421
21	6180
19	4863
28	2854
21	3460
21	6779
21	4595
23	4606
16	4514
17	6569
27	4466
24	5030
25	4895
23	3291
20	4999
28	5754
21	6082
30	4282
20	4900
23	3735
26	4802
30	3221
29	3776
20	4943
17	6952
21	3168
17	5672
20	4910
19	4838
22	5319
26	3636
25	1691
24	4557
21	5024
23	6652
24	2605
20	4410
26	3602
21	4412
26	3446
24	7183
21	4436
26	3801
25	3332
18	6294
24	4010
24	3783
20	4787
25	5795
22	1729
19	2714
18	5444
24	5214
21	5345
19	4629
22	6293
20	4684
25	1596
31	3608
19	4823
22	4490
27	3017
25	5258
22	4438
18	5755
19	4655
20	6296
22	4776
21	4674
27	3972
24	4574
23	3982
22	5688
20	5043
24	5052
25	3876
19	3039
16	4544
14	5982
21	6290
23	3058
22	6937
20	2625
22	7066
24	3989
7	3068
22	3011
21	4097
21	3789
24	5155
19	6141
21	6427
26	3944
16	5049
21	5789
11	4811
27	1922
20	6301
22	5922
22	4835
23	4545
29	5501
22	3980
12	5417
24	5516
21	5986
22	6514
28	4443
28	3989
14	5864
24	4183
20	1824
21	4468
29	5036
27	3659
25	4651
22	5021
26	4125
22	3726
20	5650
26	4185
28	4971
24	4668
28	6821
20	4680
15	4896
25	4763
17	4510
19	4961
22	4740
24	5564
22	3573
25	6641
24	4203
21	4293
25	2316
28	4872
20	1492
20	3772
25	5223
25	5040
21	4794
30	5533
19	4083
17	4432
27	3084
20	4211
23	2801
24	4336
21	4552
27	5239
23	2268
24	6819
22	3842
23	5130
32	4260
26	5742
19	4276
26	5718
21	4848
25	5875
24	4068
22	3180
24	5268
27	4102
29	4393
26	2666
20	4942
22	3821
20	4983
21	5757
21	5929
23	3615
16	4710
21	2734
22	4635
25	4370
24	3782
20	4466
27	5056
21	3327
22	4967
29	4202
32	3582
22	4764
27	4757
20	6413
24	5527
15	6710
21	5057
18	4282
20	4259
19	3875
25	1901
22	5177
27	5008
19	4939
25	4411
21	5293
28	3308
32	6233
17	5859
24	5277
24	4922
20	4851
21	4083
21	4644
26	5454
21	4972
21	5254
24	2863
21	3576
19	7802
20	4946
22	5994
15	6361
18	3610
20	6330
16	3167
22	5024
11	4804
21	5172
29	3432
23	951
19	4766
26	4549
23	3474
24	5450
21	3793
23	3354
21	4853
21	4431
21	4198
29	5969
23	2824
24	4706
16	6065
25	2718
23	4865
22	6596
18	4946
24	4554
21	4652
22	2973
23	4283
22	4374
14	5215
23	4307
24	5380
19	4501
28	7006
23	6211
23	3731
24	3431
23	4073
18	5574
25	2182
26	5104
23	4752
15	5193
26	5436
18	4451
23	6105
23	3562
22	1707
26	4702
24	7937
23	2253
21	4805
16	6672
18	5484
16	5727
23	7751
22	3077
19	3287
22	8023
26	5195
20	4518
21	4539
22	5567
17	5697
22	2073
26	6847
21	4424
17	8461
23	3545
26	4808
17	4182
28	5414
24	5082
17	5022
20	5167
25	7914
24	4195
26	4571
17	5086
20	4554
21	5213
21	2307
23	6413
21	4918
21	6475
22	5407
21	5485
25	6157
27	4524
22	4971
22	3256
22	5713
