9552	5
9590	4
9504	3
9500	3
9512	5
9583	4
9556	5
9531	4
9541	5
9504	5
9585	5
9657	7
9502	3
9620	4
9684	3
9496	5
9514	5
9503	5
9401	5
9548	4
9489	5
9448	3
9489	5
9568	5
9582	5
9577	5
9660	5
9588	4
9524	5
9655	7
9607	4
9482	5
9594	5
9585	5
9601	5
5587	4
9655	4
9518	5
9571	4
9597	4
9408	3
9610	4
9527	5
1261	5
9583	5
9535	4
9482	5
9651	3
9369	3
6668	4
9597	5
9590	5
9798	1
9522	5
5387	5
9565	3
9486	3
9769	7
9503	3
0	5
9292	4
9517	3
9545	5
4937	4
9560	4
9675	4
9570	5
9476	3
9512	3
9557	5
9567	5
9499	3
9532	3
9506	5
9567	4
8713	5
9719	5
9562	4
9543	5
9531	5
9499	5
9594	5
7384	5
9482	3
9638	5
9447	5
9538	5
9496	4
9637	6
9553	4
9514	5
9610	5
3186	5
9476	5
5648	5
9542	5
9552	4
9533	5
9614	5
6587	5
9783	4
9487	5
9620	5
9571	4
9550	4
9618	3
9553	5
9657	5
9576	4
9640	5
9492	3
1973	5
9530	3
9469	3
9567	5
9473	5
5179	4
9571	5
9496	4
9528	5
3416	5
9494	6
3398	5
9504	5
9493	5
9578	3
9529	4
9602	4
9558	5
9417	4
9611	5
2946	3
9413	4
9426	5
9481	5
9450	3
9586	5
7023	4
9626	4
9545	5
9057	5
9555	5
9485	3
9482	5
9567	5
9617	4
9567	4
9668	5
9454	5
9509	5
9556	5
9511	5
9510	5
9504	5
9603	4
9461	5
9499	5
9579	5
7944	5
9537	5
9487	3
8939	4
9522	5
9567	5
8803	4
9511	4
9486	3
9539	5
9481	5
9635	5
9568	5
9593	5
9543	5
9827	4
9564	5
9662	4
9417	5
9518	5
9552	5
9228	3
9701	5
9515	5
1510	3
9633	5
8567	3
9510	5
9564	4
9530	5
9515	4
9620	4
9520	5
9593	4
9544	3
9599	5
9500	5
9550	3
9415	5
9534	5
9511	3
9532	5
9498	5
9525	4
9523	5
9610	5
9549	5
1874	4
9417	3
9520	4
9746	5
9523	5
9712	4
9599	4
9526	5
3700	5
9484	4
5764	4
9546	4
9422	4
9466	3
9518	5
6590	5
9554	5
9512	5
9661	5
9532	5
9565	3
9576	5
9611	5
9551	4
9530	3
9536	5
1506	5
9484	3
9590	3
9580	5
9553	5
9616	4
9637	4
9531	3
9661	5
5028	4
9537	5
9536	3
9528	3
9570	3
9622	5
9505	5
9551	4
9386	4
9478	5
9508	5
9509	5
5248	4
9500	5
9628	5
9540	3
9493	5
6927	5
9597	4
9677	5
9534	5
9462	5
9481	5
9665	3
9620	5
9548	4
9602	5
9553	5
9552	4
9622	5
9597	5
9616	4
9542	4
9567	5
9587	5
9630	5
9489	4
6456	5
9542	5
9828	5
9586	5
9537	5
9520	5
9648	5
9334	5
9511	5
9596	5
9560	4
9572	5
9413	3
9601	5
9578	4
9494	3
9683	3
9550	5
7659	4
9585	4
9561	5
9477	5
9484	6
9461	5
9560	5
9518	5
9558	5
9602	3
9469	5
9510	4
1466	5
9634	4
2877	5
9472	5
5550	4
9563	5
9587	3
9555	5
9514	5
9759	5
9635	5
9553	5
9565	5
9623	5
9520	4
9514	4
9531	5
9528	5
9541	5
9594	5
9754	4
9495	5
9516	4
9633	5
9688	7
9558	5
9562	4
9436	4
9732	5
9606	5
9642	4
9560	5
1616	5
9531	5
9539	3
9622	5
9631	7
2343	3
9551	5
9792	5
9539	4
9565	5
5290	4
9416	5
9672	4
9538	5
9604	5
9623	4
9710	3
9502	5
4165	5
9559	5
9557	4
9574	5
9590	2
9536	5
9557	5
9632	5
9533	4
9532	3
9503	5
9473	5
9584	4
9541	4
9564	5
9531	5
9532	5
9567	4
9563	5
9730	7
9564	5
9709	4
9543	3
9574	5
9604	4
9817	7
3777	4
9613	5
6208	3
9488	3
2018	3
8040	4
9666	5
9610	5
9462	4
9612	3
9561	3
9551	3
9132	5
9501	5
9627	4
9496	4
9559	3
9867	4
9419	4
9563	5
9469	3
9499	3
9502	4
9453	5
9557	5
9575	4
9523	5
9642	4
9555	4
9615	4
9563	5
5288	4
9463	3
9466	5
9584	5
9776	3
9310	5
9458	3
9465	5
9502	3
9504	4
9496	4
9634	5
9575	5
9592	5
9517	5
9854	3
9650	5
9456	3
9520	3
9546	5
9508	4
4675	5
9574	5
1246	3
9560	5
9416	5
9527	5
9550	5
9526	4
9517	3
9400	5
9593	5
9486	6
9521	4
9523	5
9478	3
9593	4
9526	5
9144	5
9533	5
9732	3
9564	5
9551	3
9528	5
9517	4
9545	5
9563	5
9541	4
9565	5
9527	5
9732	4
9504	4
9333	5
9600	5
9620	3
9563	5
2922	5
9532	4
9581	4
9602	5
9603	4
9525	5
9515	5
4778	3
9542	5
9527	5
9507	3
6593	5
9589	4
9593	4
9467	5
9587	4
9499	3
9692	5
9490	4
9551	4
9553	5
9751	5
9507	5
9493	5
9719	5
9571	5
9573	4
9636	4
9615	3
5806	4
9645	5
9583	4
1269	3
9494	4
9636	5
9551	4
9596	5
9598	4
9585	4
9604	5
9518	3
9411	4
9621	4
9802	5
8982	4
8939	5
9522	3
9538	5
9546	5
9608	5
9495	5
5018	5
9438	5
9524	5
9678	5
9572	4
9338	4
9491	5
9607	4
9579	5
9570	5
9381	3
9447	5
9622	5
9620	5
9670	5
9560	5
9480	3
9564	5
9687	5
9622	4
9505	5
9532	5
9585	5
7156	4
9594	5
9533	4
9704	5
9511	5
9542	5
3868	5
9822	3
9363	5
9647	4
9499	5
9561	4
9458	3
9567	4
9611	5
9458	5
9655	5
9791	5
9753	4
9789	5
9489	3
9639	4
9600	5
9446	5
9625	5
9505	5
9502	3
9548	4
3442	5
9625	5
9570	5
9654	4
9572	5
9558	5
9504	3
9505	3
9588	4
1680	3
9484	5
9454	3
9561	4
9621	4
9678	5
9559	5
9515	4
9596	5
9524	4
9703	5
9637	4
9511	3
9587	5
9565	3
9590	4
9477	5
9481	5
9533	5
5337	5
9508	5
9661	3
9555	4
3670	5
9570	5
9494	5
4919	5
9526	5
9206	3
9506	5
9543	4
8887	5
9517	5
9515	4
9430	3
5303	4
9504	5
9445	3
9528	5
9603	3
9626	5
9520	5
9541	5
9591	5
9542	5
9669	5
9577	5
3637	5
9626	4
9545	5
9498	4
9494	5
9533	5
9614	4
9574	5
8641	4
3787	5
9042	5
1383	4
9586	5
9621	4
9504	5
9604	5
9617	5
9613	5
9515	4
9592	5
9498	5
9623	5
9505	4
9652	5
9502	5
9556	3
9505	3
9488	3
9587	3
9614	3
9550	4
9689	4
9566	5
6713	4
9741	4
9601	4
9616	5
9555	5
9483	4
8498	5
6842	4
2806	5
9512	5
9336	5
9442	3
6341	5
9579	5
9480	5
5080	4
9529	4
9466	5
7047	4
9572	5
9643	5
9899	3
9553	5
9331	5
9597	4
9128	5
9516	3
9638	4
9292	3
9571	4
9570	4
5297	5
3683	5
4938	3
9543	5
9509	3
5102	5
9630	5
9548	5
9592	4
9646	3
9413	4
9671	5
9590	4
9540	5
7770	5
9609	5
9600	5
9715	5
9541	5
9626	5
9508	5
9509	5
9580	5
9610	5
9503	5
9694	4
9568	3
1474	5
9619	4
9581	5
9568	5
9135	5
9493	5
9519	5
9583	4
9554	7
9307	5
9507	3
9589	5
9609	5
9543	5
9616	3
9513	5
9683	5
9652	7
9593	3
9534	5
9638	5
9565	4
9480	4
9533	5
9513	5
9556	5
9653	7
9479	6
9416	5
2806	5
8016	4
9529	5
2877	5
9540	4
9528	5
9458	3
9532	5
9551	4
9470	3
9286	3
9515	5
9480	5
8785	5
9539	4
9463	5
9504	5
9552	4
2090	3
9660	4
9556	4
9601	7
9484	3
9557	4
9446	5
9524	5
9512	5
9898	5
9506	3
9736	4
9543	5
9500	5
9570	3
9197	5
9562	5
9457	5
8723	3
9599	3
9564	5
9531	4
9533	5
9482	5
9489	4
9700	4
9495	5
9578	4
9515	5
3511	5
9479	3
9544	5
9417	5
9474	3
9512	5
9662	7
9530	3
9683	4
9542	4
9417	5
9560	5
9564	5
9579	4
9439	5
9479	3
9556	5
9593	3
9570	4
9589	5
9758	4
9528	4
9415	3
9499	5
5356	5
9596	7
9564	4
9531	4
9711	5
9509	4
9611	5
8906	5
9520	5
8976	4
9536	5
7080	4
9327	3
9496	5
9485	4
9470	5
9418	5
9604	5
9568	5
9540	4
9572	4
9403	5
9611	4
9541	5
6820	5
9621	4
9462	5
9554	5
9589	5
9603	5
1498	5
9507	5
7626	4
9522	5
9498	5
9536	5
9569	3
9520	4
9529	4
9703	5
9499	5
9504	5
9510	4
9552	5
9501	5
9600	4
9560	5
3278	5
9604	5
9479	5
9474	3
9584	5
9542	5
9529	4
9448	3
9490	4
9482	3
9543	5
9597	5
9646	5
9511	5
9551	3
6936	4
9418	4
9564	5
9485	5
9513	5
9461	3
9608	5
9563	4
9537	5
9854	5
9487	4
9536	5
9623	4
9570	5
9485	4
9512	3
9463	5
7019	4
9660	5
9563	5
9491	5
9501	3
9492	4
9572	5
9548	5
7705	4
9498	5
9485	3
9578	4
9456	5
9585	5
9512	6
9547	4
9517	5
9522	4
9539	4
9443	7
5079	4
9384	5
9597	2
9530	5
9648	5
9343	3
9539	3
9580	5
3371	5
9551	4
9494	3
9747	4
9572	5
9579	5
9445	5
9707	7
9545	4
3918	5
9445	3
9507	4
9603	5
9565	4
9538	5
9642	5
9554	4
9507	5
9458	3
9609	3
9505	4
9575	5
9509	5
9548	4
9536	5
9491	5
4120	3
9530	5
9563	4
9652	5
9569	3
2252	3
9589	4
9555	5
9564	5
9573	5
9508	5
9474	5
9629	5
3067	5
9567	4
9501	5
9513	5
9563	5
9529	3
9622	5
9590	3
4999	5
9478	4
9213	4
9754	3
9492	6
8657	5
9512	4
9504	5
9664	4
3596	5
9512	4
3864	5
9447	5
9476	4
9606	5
9548	3
9656	5
9570	5
9566	5
9483	5
9469	5
9633	5
9581	5
9658	5
9568	3
3700	4
9505	4
9600	4
9623	5
9626	3
7802	5
9538	4
9502	5
8052	4
9484	5
9673	3
5731	4
9730	4
9619	4
5481	4
9593	5
9418	4
9475	4
9495	4
9602	4
9528	4
9555	3
9554	5
9582	3
9424	5
9782	4
9473	6
9543	4
9417	3
9589	7
9552	5
9598	5
9514	5
9538	5
9487	4
9592	4
9533	5
9610	5
9531	5
9519	5
9525	5
9472	5
9539	4
9536	5
9552	5
9546	3
9567	4
9536	5
8695	5
9551	3
9407	5
9527	5
9544	4
9603	5
9686	7
9718	5
9471	4
9559	3
9562	3
5358	4
6075	5
6268	6
9576	5
7144	5
9816	4
9584	5
9304	5
9526	5
9494	3
9661	7
9660	5
9547	5
9553	5
9619	5
9563	4
9469	5
9614	4
3558	5
8713	5
9488	5
9592	5
9617	5
9579	5
8490	4
9520	5
9386	5
9595	5
9514	5
9484	5
8659	5
9614	4
9455	4
9607	4
9550	5
9678	5
9489	3
9466	3
9555	5
9647	3
9456	5
9451	5
9560	5
9637	4
9518	5
9530	5
3335	5
9566	5
9461	3
8906	4
9583	4
9497	5
9554	5
9449	5
9597	4
9495	5
9362	4
6361	5
9494	4
9493	5
9525	4
9624	5
9546	5
9557	5
9495	5
9417	3
6247	5
5232	4
9533	5
9601	5
9747	5
9555	5
9545	5
9547	5
9518	4
9488	3
9492	5
9999	5
9571	5
9478	5
9545	5
9532	5
9497	5
9550	5
9560	5
9608	3
9649	5
9601	5
2019	5
9474	3
9595	5
9483	5
9503	4
9589	6
9657	4
3729	5
9444	4
9603	5
9834	4
9493	5
9540	5
9532	4
9165	5
9599	5
9531	6
9525	5
9451	5
9698	4
9587	3
9562	5
9474	4
9478	5
9535	5
9496	5
9535	5
9644	3
9545	5
9448	3
9700	5
9562	4
9587	4
9490	5
9509	5
9577	5
9414	7
9538	4
4651	5
9490	4
9490	5
9461	5
5294	5
9479	5
9515	5
9599	5
9277	5
9607	4
3658	5
9506	3
9501	5
9634	5
9509	4
9547	4
9681	3
9417	3
9552	5
3814	5
9600	5
9461	5
9507	5
9425	5
9576	4
9471	5
9495	5
9550	5
9514	4
9492	5
7635	5
9286	5
8127	5
6066	5
4347	5
9570	3
9417	5
9502	5
9536	5
9553	3
3656	5
9507	4
9560	5
9762	4
9527	4
9615	4
9530	4
9649	4
9632	5
3505	3
9532	5
9547	5
9769	5
9533	5
9626	4
9553	5
8260	5
9577	5
9539	4
9523	5
7153	5
8651	5
9587	5
9623	5
9632	5
9419	5
5409	4
9469	3
9514	5
560	3
9532	3
9761	5
9487	5
9497	5
9606	4
9418	3
9482	5
9527	5
9416	5
9482	5
9466	5
9460	5
9569	5
9451	4
9583	5
9569	4
9067	5
9464	5
9720	4
9507	5
3222	4
9541	5
9647	4
9491	4
9719	4
7089	5
9610	5
9518	5
9490	4
6509	5
9545	4
9576	5
9680	5
9485	5
3220	5
9530	5
8850	4
9474	5
9512	5
6861	5
9518	3
3436	5
9565	3
9627	5
9528	5
9543	4
9501	5
9417	4
9497	5
9501	4
9650	5
9602	5
9473	6
9616	5
9587	5
9552	4
9636	5
9565	4
9535	3
9587	4
9493	5
9575	5
9490	5
9497	6
9521	5
9636	5
9538	4
9559	3
9639	4
9597	5
9576	5
9450	3
9802	5
6084	5
9486	5
9544	4
6684	4
7646	5
9517	5
9563	3
8211	5
9592	3
9139	5
9576	4
9513	5
7877	6
9550	3
9520	4
9604	6
9649	5
9559	5
9508	3
9517	5
9549	5
9595	3
7168	5
9512	5
9743	7
9695	5
9479	5
9493	4
9405	5
9516	5
9495	3
9509	5
9682	4
9576	3
9552	5
9416	4
7477	5
9517	5
9486	5
9558	3
9492	5
9614	4
9573	5
9665	5
9409	5
8499	4
9665	5
9585	5
8003	4
9575	5
6761	4
9634	5
5535	5
3736	5
9309	4
9502	5
9521	3
9522	4
9562	5
9559	5
3328	4
9532	5
9691	4
9530	4
8960	5
9485	5
9479	5
9575	3
9635	5
9547	5
9477	5
9581	5
9593	7
9638	5
9497	4
9662	5
9682	4
9587	5
9531	5
9695	3
9548	3
9480	4
9546	5
1389	5
9557	5
9541	5
9567	5
9536	5
9584	4
4370	5
9582	5
9577	7
9466	5
8720	5
9584	3
3483	6
9528	5
9530	5
9568	4
3703	5
3820	4
9585	4
9561	5
