0	177
0	307
1	374
1	67
1	36
0	40
1	36
1	26
1	374
1	307
0	38
1	307
0	177
0	52
1	307
1	51
1	8
1	5
0	307
0	52
1	374
0	307
1	374
0	113
0	27
1	113
0	177
1	75
0	113
1	67
0	307
0	749
1	177
1	307
1	36
0	307
1	113
0	27
0	177
1	749
0	307
1	307
1	307
1	307
0	307
1	307
1	307
0	32
0	4530
1	177
0	75
1	749
0	56
1	374
1	40
1	40
0	0
1	40
0	172
0	57
1	307
0	52
1	307
0	177
1	34
1	374
0	75
0	52
0	374
1	75
0	307
1	24
0	24
1	307
0	57
1	113
1	307
0	52
0	307
1	307
1	36
0	177
0	67
1	749
1	177
0	26
0	67
1	307
0	113
1	27
1	307
0	40
1	57
0	52
1	40
0	36
1	307
0	40
1	52
0	214
0	307
1	51
0	113
0	27
1	40
1	177
0	749
1	52
0	177
0	307
0	113
1	749
1	85
1	29
1	177
0	8
1	374
1	374
1	34
0	307
0	52
0	307
1	177
0	374
1	749
0	218
0	177
1	374
1	307
1	183
1	40
1	24
1	307
1	307
1	307
0	38
0	307
1	52
0	36
1	57
0	51
1	36
0	307
1	67
0	307
0	27
0	27
1	38
0	177
0	57
1	36
0	62
1	14
1	27
0	307
1	177
0	307
1	307
0	24
0	113
0	177
1	9
1	113
0	36
1	67
1	26
1	66
1	749
1	24
0	113
1	177
1	5
1	177
1	374
1	749
0	374
0	374
1	749
1	307
1	177
0	307
1	52
0	36
1	749
0	75
1	8
1	307
0	52
1	307
1	307
1	307
0	51
1	157
0	307
0	749
1	36
1	52
1	67
0	177
0	177
1	307
1	157
1	40
0	307
1	5
0	67
1	307
1	374
0	51
0	40
0	307
0	51
0	307
0	307
0	177
1	36
1	749
0	749
0	52
0	307
0	75
1	374
1	177
0	374
1	307
1	749
1	40
1	374
0	749
1	297
0	67
0	129
1	40
1	57
1	177
0	307
0	75
1	749
0	374
1	38
1	5
0	9999
1	307
1	307
0	374
0	177
1	749
0	51
1	172
0	52
1	38
0	24
0	749
1	307
0	749
1	113
1	38
1	36
0	177
1	307
1	307
0	177
1	307
1	177
0	307
1	36
0	177
0	67
1	40
1	57
0	9
1	67
0	307
0	307
0	113
0	177
1	177
0	177
0	218
1	36
0	29
1	177
0	177
1	36
0	52
0	307
0	36
0	307
0	36
0	19
1	374
0	307
1	51
0	307
1	36
0	40
0	307
1	307
1	38
0	14
1	749
1	307
0	5
0	38
1	749
0	8
1	27
0	113
1	374
1	307
0	52
0	749
0	38
0	62
0	19
0	75
1	113
0	40
0	36
1	177
1	52
0	113
0	52
1	307
1	8
0	24
1	177
1	85
0	307
1	307
0	40
0	51
0	113
0	57
0	307
0	75
1	307
1	59
0	749
1	113
0	24
0	172
1	27
1	36
1	20
0	307
1	374
0	214
1	36
0	32
1	749
0	52
0	52
0	307
1	749
1	307
1	307
0	55
1	374
0	75
1	36
1	36
1	113
0	75
1	26
0	374
1	374
0	75
0	157
1	749
0	307
1	9
1	307
0	129
1	9
1	307
1	36
0	374
0	75
1	307
1	214
0	307
0	307
0	307
0	4530
1	177
0	374
1	5
0	62
0	307
1	307
0	177
1	27
1	307
0	85
1	157
0	214
0	307
0	113
1	52
1	177
1	374
1	70
0	9999
0	374
1	177
1	307
0	51
1	307
0	36
0	307
1	177
0	177
1	307
1	307
1	51
1	113
1	749
1	374
1	749
1	38
1	51
1	307
1	157
0	749
0	177
0	36
1	374
1	374
1	200
1	27
1	52
1	307
0	307
1	36
0	177
1	177
1	307
0	113
0	36
0	36
1	5
0	157
1	374
1	113
0	57
1	40
0	307
1	307
0	36
0	749
0	307
1	51
0	307
1	374
1	172
0	307
0	24
0	749
1	749
0	67
0	52
0	75
0	26
0	8
0	26
0	749
0	113
0	36
0	36
1	749
0	307
0	297
1	307
1	67
1	307
1	218
1	307
1	307
1	307
1	40
0	177
0	200
1	26
1	749
1	36
0	374
1	307
0	14
0	0
0	374
1	40
0	75
0	38
1	307
1	307
0	51
1	307
0	51
1	67
0	9
1	183
1	177
1	172
0	51
1	52
0	177
1	157
1	307
0	57
1	75
1	307
0	177
1	38
0	374
0	307
0	113
0	307
1	62
0	307
0	749
0	749
1	172
0	374
1	52
1	374
0	177
0	113
0	307
0	52
1	40
1	307
1	51
0	36
0	57
1	157
0	51
0	307
0	307
1	36
1	85
0	177
1	157
0	36
0	177
1	307
1	177
0	26
1	307
0	307
1	19
0	113
0	34
1	307
1	51
0	218
0	177
1	113
0	177
0	177
1	62
0	22
1	51
1	177
0	52
0	38
1	157
1	374
1	36
0	177
0	113
0	177
0	75
1	36
0	374
1	177
1	749
0	307
0	67
0	307
0	46
1	307
0	57
1	307
1	75
1	52
0	52
1	57
0	200
1	75
1	13
0	749
1	75
1	374
1	62
1	85
1	307
1	22
1	56
0	307
0	52
1	214
0	307
1	113
0	51
1	27
0	374
1	67
1	51
0	36
0	177
1	15
1	36
1	374
1	52
1	51
0	374
0	36
0	177
1	52
0	52
0	307
0	113
1	52
0	307
1	9
1	307
0	14
1	67
0	40
0	749
1	157
0	24
1	374
1	214
1	307
1	307
1	113
1	67
1	749
0	55
1	51
1	177
1	307
0	297
1	177
0	374
0	177
0	36
0	62
1	36
1	51
1	75
1	307
1	307
0	38
1	374
1	374
1	307
1	749
0	307
0	14
1	749
1	36
1	27
0	218
0	307
0	307
1	113
1	27
0	36
0	374
0	218
1	177
1	36
1	177
0	177
0	24
0	749
1	307
1	307
0	14
0	307
1	307
0	307
1	113
0	14
0	177
0	749
0	307
0	307
1	38
0	374
1	27
1	67
0	38
1	36
0	55
1	51
0	374
0	307
1	27
0	307
0	36
0	177
0	374
0	177
0	307
0	113
1	13
0	52
0	51
0	52
1	374
0	22
1	172
0	749
1	36
0	307
0	374
1	36
1	36
1	40
0	374
1	157
0	374
0	749
1	177
1	307
0	307
1	66
1	307
0	40
0	307
0	52
0	36
1	307
0	307
1	177
1	374
0	51
0	218
0	374
0	38
0	40
1	113
0	113
1	177
0	374
1	749
0	51
0	307
1	307
0	52
0	214
0	307
0	214
1	24
0	307
1	40
1	52
1	307
0	307
1	177
1	157
0	307
1	22
1	57
0	113
1	36
1	374
1	52
1	36
1	307
0	177
1	22
0	177
1	5
0	36
1	177
1	75
1	36
1	52
1	5
0	36
0	374
0	749
1	307
0	307
1	307
1	113
0	67
1	75
0	51
1	172
1	177
0	177
1	307
1	307
0	27
1	307
0	374
0	75
1	307
0	172
1	36
0	52
1	749
1	374
1	52
1	214
0	374
0	113
0	374
1	51
0	307
0	26
1	749
1	51
0	52
0	749
0	177
0	749
0	36
1	177
1	307
0	75
0	36
0	749
0	34
0	307
0	307
1	218
1	51
1	157
0	51
0	51
1	374
1	36
0	307
1	374
1	52
1	75
0	307
1	36
0	177
0	36
1	307
0	51
1	157
1	113
0	214
0	307
1	307
0	307
1	38
0	51
1	749
0	36
0	374
1	52
1	67
1	177
0	38
1	307
0	51
0	177
0	26
0	52
1	177
1	8
1	307
1	307
1	67
0	177
1	749
0	67
0	38
0	183
1	307
0	307
0	27
1	9999
1	24
1	51
1	14
0	218
1	183
1	218
0	40
1	9
0	374
1	307
0	62
1	52
0	36
0	374
0	307
1	0
1	307
0	62
1	40
0	113
1	19
1	749
1	374
0	40
1	177
1	32
0	307
1	36
1	177
0	307
1	374
0	67
0	51
1	307
1	38
0	307
0	177
1	307
1	172
1	307
1	307
0	113
1	307
0	177
0	75
0	749
0	218
1	749
1	36
1	27
1	749
1	52
0	374
1	307
1	307
1	40
1	307
1	9
0	749
0	200
0	14
0	749
1	374
0	183
1	36
1	749
1	172
0	177
1	177
1	36
1	307
0	19
1	38
0	40
0	36
1	113
1	177
1	8
0	22
1	51
0	40
0	66
1	113
0	307
1	183
0	749
1	40
0	40
1	24
0	36
0	749
0	374
1	36
1	374
0	177
1	374
0	307
1	307
1	67
1	36
0	177
0	38
1	307
0	75
0	34
0	8
0	374
1	307
0	177
1	374
1	307
0	27
1	307
0	307
1	374
1	177
0	36
0	9
1	177
1	113
1	374
0	177
1	307
0	177
1	51
1	157
1	113
1	75
1	307
0	183
0	307
1	218
0	749
1	307
0	177
0	52
0	40
0	36
0	52
0	177
0	15
1	749
0	307
0	307
0	172
0	36
1	9
0	27
1	36
1	157
0	113
0	307
1	67
1	52
0	307
1	157
1	52
0	749
0	214
1	749
1	85
0	51
1	36
0	113
1	307
1	52
1	749
0	52
1	85
0	57
0	749
0	177
0	40
1	749
0	46
1	27
0	749
0	307
0	307
1	374
1	36
0	55
0	177
0	307
0	52
1	214
1	307
0	52
0	36
1	374
0	27
0	214
0	374
1	172
0	40
1	307
1	307
1	34
0	177
1	374
0	51
1	374
1	218
1	36
1	177
1	67
0	67
0	13
0	177
0	36
1	200
0	40
0	27
0	307
0	307
0	374
1	749
0	307
1	172
0	307
0	67
0	113
1	307
0	374
1	307
1	374
1	14
1	307
1	177
1	36
1	52
1	67
1	113
0	177
0	183
0	113
1	172
0	36
0	172
1	307
0	749
0	307
1	36
1	8
0	177
0	749
1	307
0	52
1	34
0	157
1	40
1	307
1	307
1	749
0	32
1	177
1	177
0	75
0	307
1	749
1	374
1	32
0	27
1	307
1	307
0	307
0	177
0	307
0	749
1	4530
0	214
1	38
0	36
1	67
0	307
1	36
0	749
0	307
1	307
0	24
1	9
0	177
1	307
1	214
0	8
1	749
0	157
0	40
1	749
1	67
1	307
1	307
1	113
0	75
1	307
0	307
0	374
1	214
1	307
0	307
1	307
0	62
0	57
1	749
0	307
0	40
1	749
0	22
1	24
1	38
0	307
0	374
0	307
1	214
1	374
0	307
0	177
1	55
1	307
0	9
1	307
1	307
0	749
0	67
1	307
0	177
1	177
1	307
0	374
1	38
1	749
1	113
0	177
0	307
1	75
1	113
1	307
1	307
1	307
0	214
0	307
0	113
0	34
1	749
1	374
1	172
1	307
1	38
1	27
1	51
0	749
1	52
1	307
1	177
1	36
1	62
1	51
0	113
1	75
0	24
0	75
1	307
0	749
0	27
0	51
1	172
1	27
0	307
1	52
1	177
0	177
1	214
1	36
0	52
0	24
1	40
1	374
1	51
0	52
1	75
1	14
1	57
1	307
1	38
0	374
1	113
1	36
1	28
0	29
1	36
1	177
1	27
0	51
0	307
1	172
0	307
1	52
0	51
0	307
0	307
0	177
1	157
0	36
0	172
0	749
1	307
1	307
0	67
1	214
0	307
1	38
1	200
0	200
0	40
1	67
1	307
0	26
0	67
1	374
1	67
1	36
1	24
0	177
0	177
1	113
0	57
0	307
1	307
0	177
1	172
0	40
0	51
1	40
0	51
0	183
0	5
0	113
1	51
1	113
1	113
0	374
1	85
0	36
1	749
1	36
1	36
0	36
0	113
1	36
0	374
0	57
1	3
1	36
0	177
1	67
0	749
0	749
1	177
0	113
0	34
1	177
0	307
0	749
1	307
0	177
1	157
1	85
1	307
1	177
1	52
0	36
1	62
1	27
0	40
1	177
1	27
1	749
0	177
0	52
0	177
1	177
0	177
1	307
0	27
0	749
1	307
1	307
1	52
0	749
1	307
1	307
1	40
1	36
1	177
0	307
0	27
1	307
0	38
0	51
1	113
1	40
0	177
1	36
0	40
1	57
0	749
1	307
0	307
0	374
1	307
0	157
1	113
0	113
1	177
1	51
0	67
0	52
0	374
0	177
1	52
1	749
0	307
0	67
1	177
1	40
1	307
0	177
1	374
0	36
1	36
1	1
0	36
1	307
0	14
0	113
1	214
0	52
1	307
1	177
1	38
1	36
1	55
1	177
1	374
1	307
1	177
1	113
1	8
1	19
1	57
0	374
0	177
1	307
0	67
0	51
0	374
0	307
1	113
0	75
0	177
1	51
1	113
1	52
0	36
1	67
0	200
1	4
1	307
1	36
0	40
1	307
0	56
0	374
0	177
0	177
0	177
0	183
0	177
1	307
1	307
1	113
0	9
1	177
1	26
1	749
0	12
1	36
0	374
1	51
1	52
0	307
0	307
0	9
1	374
0	10
0	177
1	27
0	177
1	307
0	307
1	374
1	75
1	749
0	52
1	90
1	57
1	177
1	307
0	67
0	177
0	113
1	113
0	749
0	307
1	177
0	14
1	749
1	38
1	177
0	67
1	85
1	75
0	177
0	67
1	19
1	85
0	113
0	307
0	75
0	307
1	307
1	75
0	218
1	307
1	57
0	307
1	177
0	307
1	214
0	52
1	40
1	40
1	177
1	36
1	307
0	40
1	51
1	307
1	307
1	113
1	55
0	52
0	177
0	218
0	24
1	374
0	36
1	307
1	52
0	57
1	75
1	177
1	307
0	749
0	307
1	177
1	307
1	36
1	113
1	36
0	113
1	307
1	177
1	40
0	307
1	38
0	51
1	307
1	67
0	307
0	67
0	38
1	51
0	67
0	67
1	177
0	177
0	307
0	172
1	177
0	307
0	307
1	52
0	307
1	113
1	36
1	9999
1	51
0	27
1	28
1	67
0	374
1	177
0	85
0	177
0	177
0	24
1	307
1	307
0	749
1	307
1	749
1	27
1	36
1	177
1	75
1	14
0	3
0	57
1	62
1	62
0	374
0	57
1	307
0	113
0	177
0	374
0	52
1	26
1	24
1	34
0	14
0	307
1	177
0	307
1	113
0	374
1	40
1	177
1	218
0	218
1	52
0	307
1	40
1	75
1	75
0	62
1	57
1	177
1	218
1	307
1	307
0	36
0	749
1	749
0	177
0	374
0	172
1	177
1	8
0	40
1	307
0	52
1	749
0	749
1	67
1	177
1	36
0	307
0	8
0	374
0	374
0	307
1	307
1	177
0	62
1	12
1	307
1	374
1	113
0	183
1	307
0	749
1	36
1	12
0	57
1	177
1	9
0	177
1	38
1	307
0	307
1	32
1	32
1	749
0	14
1	113
0	52
1	52
0	307
0	307
0	27
1	307
1	36
1	177
0	113
0	14
1	113
1	749
1	113
0	749
1	307
0	177
0	52
0	374
1	307
0	157
1	218
0	28
1	177
1	113
1	38
0	15
0	307
0	51
0	38
0	36
1	177
1	36
0	113
0	67
1	40
1	177
1	177
1	10
1	307
0	177
1	307
1	22
1	374
0	307
0	51
0	38
1	218
1	177
1	22
0	36
1	52
0	6
1	307
0	22
1	40
1	23
1	307
0	67
0	40
0	374
1	113
1	307
0	177
1	57
1	36
1	29
1	51
1	374
1	307
1	57
1	113
1	374
1	307
0	374
1	26
0	307
0	374
0	157
0	8
1	75
1	177
1	36
0	307
0	307
0	62
0	157
1	307
0	183
0	177
1	749
1	749
0	36
0	52
0	57
1	749
0	40
0	8
0	36
1	307
0	40
0	307
0	38
0	374
1	307
1	113
0	34
0	52
1	52
0	113
1	749
1	38
0	307
0	183
0	52
1	67
1	307
0	177
0	749
0	177
1	172
0	307
0	177
0	374
0	177
0	177
1	36
0	67
1	51
1	57
1	177
1	15
0	9999
0	177
0	40
0	157
0	749
1	177
0	27
1	52
1	36
0	36
0	177
0	67
0	177
1	75
1	6
1	19
0	307
0	14
1	307
0	749
0	51
0	177
0	172
0	85
0	307
1	51
1	135
1	26
1	52
1	52
0	177
1	307
1	38
0	749
0	214
1	24
1	57
1	307
0	307
1	749
1	51
1	177
0	307
0	307
0	52
1	36
0	113
0	14
1	67
1	36
0	177
0	4
1	214
0	36
0	214
1	307
0	5
1	307
0	38
1	307
0	75
1	177
0	177
1	40
0	51
0	15
1	36
0	172
0	75
0	4
0	113
1	38
0	374
1	374
0	4530
0	113
0	51
0	214
0	177
0	52
0	51
1	749
1	38
1	749
1	177
0	307
0	177
0	57
1	75
1	374
0	307
0	374
1	177
0	5
1	307
0	749
1	67
1	40
0	55
0	307
1	307
1	307
1	307
