3406	0
5432	0
3664	0
1994	0
1369	0
2731	0
1121	0
5364	0
4511	0
1283	0
2267	0
3013	0
4977	0
1849	0
3502	0
1250	0
2931	0
4097	0
1638	0
2153	0
4393	0
1899	0
6550	0
2775	0
1744	0
1122	0
1896	0
2474	0
3489	0
2689	0
3791	0
4080	0
6297	0
7315	0
1429	0
1861	0
3570	0
1692	0
2960	0
6881	0
6699	0
4178	0
2199	0
1979	0
3381	0
2510	0
3068	0
2251	0
3684	0
2382	0
1469	0
3410	0
4313	0
4089	0
2737	0
3114	0
2322	0
1792	0
2392	0
1956	0
6061	0
1555	0
3004	0
3977	0
1126	0
2129	0
2845	0
4048	0
7977	0
2290	0
3415	0
3566	0
4009	0
1979	0
4404	0
2021	0
4054	0
6406	0
4601	0
2346	0
1655	0
3110	0
1716	0
1762	0
2050	0
4746	0
3792	0
2450	0
3818	0
3977	0
2198	0
3419	0
1481	0
4359	0
1303	0
4393	0
4400	0
2400	0
2098	0
2363	0
4371	0
3815	0
2001	0
2202	0
4137	0
2131	0
2539	0
3519	0
4945	0
2880	0
3878	0
3890	0
1816	0
3893	0
1581	0
4104	0
2230	0
5359	0
2287	0
2878	0
2092	0
3888	0
1844	0
2160	0
4085	0
1571	0
1001	0
6495	0
2876	0
3789	0
2754	0
1938	0
5907	0
5551	0
1685	0
5893	0
1898	0
2420	0
3838	0
1959	0
2243	0
3450	0
3272	0
2178	0
3884	0
1612	0
4834	0
2066	0
3656	0
5062	0
3345	0
2213	0
3989	0
4143	0
5716	0
2896	0
3593	0
2063	0
2458	0
3517	0
3368	0
3447	0
2890	0
4323	0
1974	0
1423	0
1387	0
2286	0
8031	0
2940	0
1519	0
1495	0
1737	0
5440	0
3198	0
3021	0
4808	0
3318	0
3962	0
4568	0
2374	0
2395	0
3280	0
3611	0
1497	0
674	0
3740	0
1703	0
1864	0
2914	0
2207	0
1845	0
3115	0
8104	0
2627	0
3127	0
2740	0
1285	0
2457	0
3708	0
2559	0
2680	0
3046	0
3638	0
4310	0
1287	0
3128	0
2942	0
2830	0
4516	0
2648	0
7920	0
3699	0
1402	1
2922	0
4064	0
1607	0
4785	0
2779	0
3838	0
1875	0
1575	0
5427	0
2666	0
3308	0
788	0
2813	0
3339	0
2734	0
2239	0
2002	0
2634	0
2765	0
3229	0
2817	0
3073	0
2285	0
3582	0
2200	0
3188	0
7110	0
2578	0
5939	0
3228	0
6309	0
2800	0
2571	0
2839	0
2975	0
3712	0
2231	0
2468	0
1861	0
5557	0
7817	0
3117	0
3957	0
4382	0
2672	0
4820	0
2086	0
4658	0
4888	0
2277	0
3038	0
4541	0
2033	0
6969	0
1770	0
3837	0
3190	1
1290	0
4388	0
0	0
1109	0
4225	0
1920	0
2748	0
6585	0
3360	0
3995	0
3824	0
2333	0
2388	0
3192	0
6711	0
7349	0
3380	0
5034	0
1835	0
2627	0
571	0
2164	0
4183	0
1741	0
4905	0
3666	0
2237	0
2830	0
1109	0
4760	0
2609	0
4223	0
3510	0
2921	0
2908	0
2710	0
5571	0
2159	0
4656	0
1931	0
1994	0
1995	1
3341	0
2870	0
1695	0
3790	0
2143	0
2576	0
3257	0
3333	0
4408	0
3833	0
2186	0
4140	0
5396	0
2288	0
3750	0
1802	0
3761	0
1785	0
4760	0
2060	0
3758	0
5529	0
6252	0
3874	0
6688	0
1881	0
2836	0
5609	0
2520	0
2295	0
7424	0
3820	0
3575	0
990	0
2207	0
2025	0
3411	0
1185	0
2325	0
2592	0
4918	0
3111	0
3217	0
5058	0
2260	0
6752	0
1505	0
2677	0
3863	0
3833	0
2921	0
1839	0
4162	0
3262	0
4089	0
2313	0
2157	0
2529	0
4778	0
3792	0
2533	0
3516	0
1680	0
4818	0
2246	0
2274	0
834	0
5374	0
1119	0
4966	0
2668	0
1444	0
3664	0
5272	0
3618	0
3602	0
3626	0
1175	0
2024	0
2452	0
5677	0
4819	0
9999	0
4272	0
2000	0
2343	0
3721	0
3990	0
4716	0
2832	0
5401	0
5029	0
1143	0
2142	0
2754	0
2055	0
3830	0
3883	0
3246	0
2415	0
4337	0
3849	0
3172	1
988	0
1699	0
2268	0
3662	0
4542	0
1358	0
2345	0
3579	0
1611	0
3361	0
2189	0
1726	0
1732	0
4844	0
2190	0
7622	0
3665	0
2716	0
2657	0
3436	0
2347	0
2815	0
5196	0
4820	0
1786	0
2422	0
4453	0
4264	0
2272	0
2091	0
4642	0
2818	0
2567	0
3011	0
6752	0
5012	0
2320	0
4812	0
2301	0
5779	0
4451	0
2669	0
4467	0
5180	0
4844	0
2812	0
3091	0
3614	0
5802	0
2701	0
3933	0
3350	0
4474	0
4064	0
1650	0
3431	0
4476	0
3720	0
2737	0
4794	0
2582	0
2019	0
5344	0
1970	0
5468	0
4884	0
6014	0
3429	0
1568	0
1392	0
2269	0
1523	0
2422	0
2188	0
3146	0
3789	0
2277	0
2685	0
5110	0
2407	0
5924	0
1836	0
3938	0
1741	0
3124	0
3292	0
1502	0
5339	0
3180	0
2736	0
3177	0
1599	0
5306	0
1981	0
2843	0
2661	0
1158	0
2268	0
2794	0
2175	0
2983	0
5540	0
3195	0
4730	0
4649	0
3929	0
2647	0
4512	0
2947	0
2036	0
4316	0
3879	0
4176	0
2293	0
4150	0
2223	0
2755	0
2606	0
5126	0
2798	0
2883	0
2841	0
5292	0
1613	0
2924	0
1215	0
4153	0
3311	0
3371	0
3327	0
3925	0
5114	0
3825	0
2729	0
2391	0
3209	0
5105	0
2105	0
1778	0
3432	0
1984	0
1370	0
4192	0
1637	0
2458	0
2609	0
2351	0
3382	0
4152	0
3962	0
4573	0
3967	0
3842	0
2443	0
2918	0
1769	0
4027	0
2041	0
4520	0
2654	0
4893	0
4075	0
3275	0
2412	0
3109	0
3241	0
3026	0
4380	0
2189	0
6357	0
2301	0
2239	0
1777	0
3309	0
4805	0
4121	0
4739	0
3125	0
1790	0
4493	0
1853	0
1660	0
5496	0
4285	0
4510	0
3595	1
4426	0
2661	0
2285	0
2589	0
726	0
4437	0
2690	0
2614	0
3504	0
760	0
1872	0
1505	0
4082	0
5350	1
3280	0
4058	0
2619	0
1663	0
2859	0
4001	0
1526	0
5964	0
4861	0
2716	0
3458	0
5323	0
5440	0
6846	0
3538	0
1965	1
3007	0
3298	0
3027	0
2927	0
2274	0
3876	0
5313	0
2215	0
5146	0
2337	0
6189	0
1859	0
1882	0
4127	0
2171	0
2282	0
1299	0
2030	0
4611	0
1825	0
5577	0
3041	0
2351	0
2054	0
2197	0
3041	0
3142	0
1293	0
2357	1
3128	0
2516	0
2022	0
2700	0
3246	0
2241	0
4220	0
4240	0
2937	0
1980	0
2075	0
1628	0
1230	0
3903	0
3766	0
2556	0
4292	0
3254	0
3961	0
6736	0
2122	1
3340	0
1981	0
2321	0
1726	0
2831	0
4120	0
2751	0
4383	0
4230	0
3227	0
3907	0
1965	0
4809	0
2085	0
5256	0
2682	0
3281	0
4794	0
2905	0
1039	0
4530	0
1138	0
4126	0
1456	0
3928	0
4103	0
4498	0
3982	0
1447	0
2630	0
2413	0
4089	0
1469	0
2743	0
1556	0
4163	0
2550	0
1563	0
1753	0
3557	0
4610	0
1782	0
2779	0
4446	0
3679	0
4956	0
2426	0
3511	0
1832	0
1956	0
4534	0
3419	0
1945	0
4061	0
3394	0
2894	0
4449	0
3707	0
2010	0
3231	0
2779	1
4814	0
6190	0
6629	0
5771	0
4920	0
2578	0
4079	0
2085	0
3871	0
6695	0
2698	0
3595	0
2044	0
5341	0
1737	0
4038	0
2301	0
4281	0
2061	0
6453	0
3341	0
5218	0
4361	0
3484	0
3061	0
2080	0
6461	0
4630	0
1705	0
3096	0
2262	0
3156	0
1960	0
2395	0
4186	0
3690	0
7018	0
2567	0
2425	0
1956	0
3170	0
5222	0
1592	0
4744	0
4241	0
1846	0
1868	0
2319	0
4655	0
1911	0
2794	0
4701	0
1713	0
3730	0
2789	0
1107	0
4916	0
3369	0
5217	0
3341	0
4109	0
2021	0
5286	0
3158	0
3358	0
2332	0
6094	0
4422	0
4646	0
5021	0
3962	0
3924	0
4985	0
3628	0
3566	0
4502	0
3957	0
1928	0
3533	0
1904	0
2458	0
705	0
6484	0
6022	0
1558	0
1868	0
2666	0
3511	0
4306	0
2678	0
1931	0
4313	0
4124	0
4638	0
3301	0
2269	0
2347	0
4367	0
2151	0
3400	0
8565	0
4402	0
3355	0
4541	0
3808	0
2636	0
1878	0
3462	0
1321	0
1767	0
2559	0
1886	0
4194	0
3943	0
3328	0
4586	0
3807	0
2490	0
1673	0
3270	0
1554	0
3746	0
4271	0
3124	0
2975	0
2496	0
4403	0
2286	0
2953	0
7749	0
2509	0
4647	0
2311	0
3890	0
1386	0
3970	0
3335	0
1558	0
4671	0
2316	0
2660	0
1952	0
2651	0
2986	0
5004	0
1356	0
3001	0
3296	0
3005	0
2516	0
5704	0
2571	0
3799	0
4117	1
4642	0
669	0
2320	0
1420	0
3413	0
2882	0
4569	0
2234	0
5061	0
4765	0
2460	0
6318	0
6591	0
4451	0
2070	0
2780	0
4723	0
1814	0
4625	0
2134	0
3666	0
2224	0
1995	0
5138	0
2277	0
3544	0
1032	0
5190	0
2535	0
4089	0
2150	0
852	0
6059	0
1970	0
2255	0
6245	0
3518	0
2778	0
1902	0
2549	0
5730	0
2329	0
3583	0
3846	0
1878	0
1716	0
3814	0
2653	0
4703	0
1661	0
3077	0
664	0
1487	0
1223	0
3984	0
4903	0
4970	0
2527	0
4269	0
3466	0
4714	0
4383	0
1958	0
1971	0
2316	0
1480	0
4541	0
4869	0
1373	0
2852	0
3505	0
2013	0
3517	0
2679	0
2106	0
2312	0
4391	0
4824	0
2344	0
3570	0
4064	0
5088	0
3038	0
1586	0
1938	0
2313	0
3488	0
1569	0
3321	0
3878	0
2538	0
1589	0
3308	0
3576	0
1672	0
3739	0
3186	0
2500	0
2814	0
1816	0
4478	0
2843	0
3207	0
3192	0
1659	0
4241	0
2693	0
6420	0
3475	0
1825	0
1888	0
2355	0
1196	0
1843	0
2866	0
4156	0
1783	0
2787	0
1980	0
5113	0
2051	0
1564	0
2510	0
2807	0
5338	0
1684	0
4089	0
1003	0
4999	0
2452	1
3949	0
6260	0
1962	1
2892	0
2001	0
2332	0
2725	0
1088	0
7142	0
3497	0
1504	0
1443	0
2018	0
3800	0
1451	0
2758	0
8591	0
3503	0
1656	1
3689	0
2373	0
5484	0
3264	0
2619	0
4999	0
4740	0
3224	0
4851	0
3934	0
4025	0
4673	0
4353	0
3143	0
2708	0
9792	0
3422	0
6128	0
3135	0
6855	0
2751	0
4689	0
2201	0
4859	0
3750	0
4517	0
3821	0
6281	0
1399	0
1814	0
3358	0
3301	0
4667	0
7063	0
3636	0
3163	0
2813	0
4139	0
2074	0
2760	0
6754	0
2932	0
2040	0
5007	0
5540	0
2681	0
4129	0
2939	0
1638	0
4054	0
1696	0
5144	0
3878	0
3869	0
2463	0
1763	0
6522	0
2528	0
3163	0
3238	0
4794	0
2408	0
3762	0
1633	0
2550	0
3342	0
3826	0
954	0
2477	0
3803	0
4037	0
3141	0
3276	0
1390	0
6579	0
5257	0
4576	0
4235	0
5870	0
3238	1
5237	0
2492	0
6861	0
1889	0
3154	0
3601	0
2328	0
4002	0
2395	0
4089	1
4590	0
2858	0
1787	0
2823	0
3589	0
4076	0
4047	0
1674	0
1514	1
3106	0
2407	0
3148	0
1465	0
5142	0
1234	0
1904	0
3080	0
2278	0
2239	0
5790	0
3950	0
4157	0
2394	0
1542	0
3887	0
2982	0
3084	0
1814	0
3073	0
2957	0
1687	0
2374	0
1536	0
2761	0
2977	0
3464	0
4511	0
3186	0
2346	0
6196	0
3737	0
3749	0
3518	0
5480	0
2400	0
2180	0
2898	0
2076	0
3290	0
2424	0
2765	0
2183	0
2876	0
1981	0
2382	0
1123	0
3222	1
1734	0
1756	0
1941	0
2997	0
3040	0
2872	0
1806	0
3114	0
3877	0
3766	0
1303	0
3225	0
5302	0
3466	0
1982	0
2571	0
2293	0
2369	0
2452	0
2793	0
4121	0
2026	0
3022	0
4747	0
1549	0
2677	0
1707	0
437	0
3317	0
1320	0
3503	0
3069	0
4278	0
1759	0
2188	0
1572	0
4213	0
1748	0
2984	0
1302	0
1298	0
1839	0
3243	0
3296	0
2746	0
2117	0
4207	0
2246	0
2731	0
2177	0
793	0
1846	0
3384	0
7968	0
1941	0
3437	0
2638	0
2637	0
3597	0
2956	0
3728	0
2765	0
2170	0
1532	0
4097	0
5371	0
2112	0
3785	0
2057	0
2554	0
3080	0
2513	0
2458	0
4108	0
2507	0
2479	0
8439	0
4910	0
3027	0
1938	0
2318	0
6884	0
4881	0
1758	0
3167	0
2581	0
3168	0
4429	0
6035	0
2397	0
2660	0
1615	1
2657	0
2167	0
1960	0
2240	0
2534	0
3840	0
2518	0
1344	0
2245	0
2477	0
3225	0
6030	0
2061	0
3861	0
3358	0
4898	0
5995	0
4264	0
3430	0
1816	0
5559	0
2010	0
2740	0
3527	0
2350	0
2037	0
3956	0
2249	0
2773	0
2550	0
3272	0
2301	0
4252	0
1714	1
242	0
2408	0
3769	0
5185	0
2695	0
2159	0
3224	0
2557	0
4288	0
2268	0
2638	0
2307	0
5585	0
2542	0
4856	0
1691	0
5185	0
1073	0
1128	0
2278	0
4691	0
3600	0
1697	0
5053	0
4311	0
3112	0
1969	0
3118	0
3372	0
3449	0
6354	0
3051	0
3860	0
3712	0
2847	0
2814	0
3373	0
3307	0
2168	0
2559	0
1886	0
3781	0
2729	0
3782	0
3215	0
2173	0
2108	0
4188	0
2398	0
2390	0
2489	0
3810	0
3656	0
1406	0
3053	0
2105	0
3659	0
2981	1
4402	0
3052	0
3334	0
1815	0
5299	0
4126	0
2449	0
1786	0
1666	0
2528	0
1379	0
2809	0
2103	0
2304	0
1654	0
1975	1
2459	0
1549	0
3467	0
2856	0
5113	0
1300	0
4637	0
1467	0
2545	0
2378	0
3148	0
3623	0
2605	0
2343	0
2500	1
1591	0
4384	0
4069	0
4567	0
2796	0
4907	0
2069	0
4454	0
3942	0
3678	0
4708	0
3242	0
5976	0
6713	0
1830	0
4482	0
8232	0
5434	0
3469	0
2472	0
2200	0
2999	0
3516	0
2797	0
5625	0
3677	0
2912	0
2978	0
1411	0
1956	0
4862	0
2641	0
4735	0
2290	0
2077	0
2324	0
2561	0
2938	0
1381	0
5578	0
1994	0
5268	0
2927	0
2565	0
2588	0
2204	0
3849	0
8392	0
2334	0
2317	0
4749	0
4687	0
2451	0
3885	0
3084	0
2316	0
3443	0
4643	0
3316	0
1658	0
1753	0
2408	0
1760	0
3059	0
5641	0
4533	0
3986	0
7829	0
3631	0
3096	0
3836	0
2861	0
3704	0
3137	0
1938	0
2935	0
4064	0
2547	0
6271	0
3821	0
3410	0
2990	0
3616	0
3597	0
3671	0
2396	0
4124	0
2785	0
2749	0
1507	0
1779	0
4415	0
3774	0
1671	0
5125	0
1111	0
1973	0
3136	0
4236	0
3846	0
3076	0
3119	0
3229	0
3249	0
4330	0
3330	0
3189	0
1299	0
1846	0
2927	0
