186	0
16	0
28	0
31	1
105	0
12	0
29	0
14	0
28	0
34	0
9	0
42	0
61	0
58	1
10	0
128	1
133	0
78	1
122	1
117	0
21	1
30	1
43	0
70	0
59	0
55	1
96	0
145	1
212	1
52	1
27	0
171	0
10	0
2	1
101	1
1	0
11	0
61	0
20	0
9	0
134	0
58	1
25	0
111	0
157	0
31	0
36	1
84	1
189	1
58	0
20	1
109	0
6	1
120	1
93	1
116	0
110	0
1	0
80	1
95	1
210	0
55	0
58	0
7	1
47	0
118	1
28	1
31	1
26	0
2	1
87	0
87	0
125	0
105	1
19	1
29	1
152	1
59	0
91	0
10	1
24	0
57	1
18	0
37	1
10	0
40	0
117	0
11	1
25	0
122	1
30	0
1	0
85	0
91	0
85	1
11	0
98	0
43	1
89	1
17	0
78	0
9	0
13	0
35	0
126	0
58	0
65	0
49	0
72	1
35	1
29	0
14	1
98	0
21	0
26	1
32	0
96	1
49	1
197	0
19	0
72	1
56	0
41	0
3	0
2	0
24	0
80	0
8	1
107	0
119	0
4	1
1	1
145	0
18	0
228	0
57	1
129	0
151	1
29	1
89	0
135	1
20	1
67	0
84	0
3	0
80	0
69	0
71	1
11	0
22	0
68	1
10	0
48	0
17	0
26	1
46	0
1	1
1	1
17	0
87	0
69	1
40	0
150	0
1	1
79	0
75	1
16	1
116	0
35	0
8	0
17	0
149	0
1	1
52	1
25	1
73	0
49	1
45	1
59	0
109	0
13	1
25	0
1	0
52	0
104	1
127	0
11	1
168	0
130	0
118	1
6	1
102	0
24	1
228	0
85	0
193	1
76	1
52	1
73	0
86	0
82	0
171	1
87	0
12	1
21	1
7	0
53	0
70	0
56	0
216	0
97	1
53	0
45	1
16	0
48	0
133	0
15	0
52	0
194	1
45	0
78	0
97	1
57	1
46	0
39	1
28	1
32	0
85	1
53	1
53	1
56	0
8	0
15	0
52	1
139	1
41	1
54	0
20	0
113	1
18	0
79	0
15	0
8	1
77	0
55	0
126	0
68	0
14	0
31	0
215	0
102	1
44	1
36	1
29	0
116	0
12	0
24	0
8	0
1	1
85	0
40	0
24	1
88	0
129	0
1	1
60	1
64	0
1	0
65	1
50	0
24	0
43	1
41	0
28	0
22	1
1	0
54	0
88	0
90	0
132	0
60	0
31	0
76	1
38	0
13	0
110	0
154	1
25	0
36	0
29	1
219	1
21	0
36	1
216	1
136	0
181	0
167	0
18	0
11	1
135	1
21	0
17	0
54	0
43	0
28	1
145	1
14	1
9	0
132	0
70	1
57	1
56	1
101	0
118	1
104	0
109	0
75	0
57	0
180	0
36	0
7	0
3	0
231	1
6	0
26	1
34	0
33	0
92	0
10	0
50	0
222	1
37	1
131	0
33	0
60	1
51	0
44	0
98	0
24	0
47	1
47	1
126	0
98	0
1	0
66	0
102	0
69	1
5	0
99	1
125	0
78	1
11	0
107	0
34	1
188	0
24	0
90	0
24	1
124	1
148	1
61	0
53	1
1	1
70	1
22	1
50	0
62	1
88	0
29	0
4	0
170	0
116	0
51	1
119	0
102	0
1	0
88	0
31	1
4	1
15	0
6	1
77	0
58	0
35	0
55	1
201	0
8	0
126	1
119	0
75	0
161	0
73	1
131	1
8	0
40	1
30	0
79	1
116	1
15	1
62	0
144	0
1	1
66	0
167	0
32	0
47	1
96	1
33	0
16	1
24	0
89	0
57	0
124	1
201	1
35	0
116	1
44	0
49	0
164	0
56	1
147	1
41	0
31	0
23	0
84	0
92	0
10	0
55	0
30	0
28	0
63	0
53	1
59	1
45	0
78	0
15	0
115	1
30	1
17	1
110	1
1	1
1	0
37	0
32	0
8	1
29	0
25	0
64	1
83	0
71	0
117	0
52	0
154	1
12	0
11	1
39	0
6	0
63	0
21	0
41	0
1	0
45	0
18	0
68	0
97	0
59	1
1	0
17	0
5	0
89	0
38	1
7	0
89	1
126	0
88	0
28	1
93	0
213	1
27	0
91	0
118	1
11	0
44	0
36	1
154	1
91	0
216	1
91	0
105	0
111	0
166	1
119	0
87	0
109	0
12	0
146	1
109	0
14	1
122	1
72	0
105	0
65	0
4	1
22	0
6	0
74	1
31	1
10	1
37	1
192	1
177	0
185	1
144	0
196	0
156	0
51	1
46	0
131	1
141	1
100	1
13	1
28	1
67	0
194	0
146	0
14	0
64	0
67	0
104	0
57	1
22	1
20	1
1	1
154	0
160	0
98	1
19	0
42	1
209	0
1	0
47	0
15	1
203	0
102	0
26	1
103	0
42	1
4	0
8	1
55	1
33	0
55	0
21	0
104	1
16	1
43	1
133	0
183	0
30	0
116	0
89	0
154	1
18	0
43	1
137	0
73	0
5	0
24	0
1	1
111	1
65	0
26	0
43	1
29	1
142	1
56	0
49	0
106	1
231	0
11	1
126	1
23	0
28	1
106	0
123	0
19	0
1	0
73	1
56	1
95	0
55	0
24	1
104	0
29	0
96	0
112	0
106	1
55	0
38	0
10	1
103	1
18	0
125	0
173	0
59	1
114	0
21	1
2	0
2	0
80	1
10	0
92	0
22	1
17	1
11	0
8	0
1	0
104	0
78	0
139	1
117	1
1	1
42	1
3	0
69	1
15	0
116	1
67	1
75	0
23	0
79	0
4	1
35	1
32	1
64	0
109	0
123	0
25	1
5	1
60	1
12	0
99	0
231	0
95	1
66	0
152	0
32	1
38	0
231	1
121	0
31	0
98	1
55	1
60	1
5	0
96	0
22	1
62	0
7	1
11	0
15	1
79	1
89	0
71	0
17	1
11	1
7	0
43	0
25	1
32	0
14	1
27	0
108	1
22	0
66	1
20	1
2	0
30	0
17	1
139	0
151	0
61	0
202	0
59	0
58	0
93	0
36	1
36	1
48	0
30	0
10	0
10	0
67	1
71	0
19	0
61	0
35	1
90	0
85	0
36	0
24	1
56	0
120	0
45	0
40	1
53	1
40	1
118	1
50	0
39	1
24	1
129	1
138	1
55	1
5	1
224	0
52	0
47	1
178	1
69	1
121	1
139	1
125	0
85	0
125	1
228	0
15	1
9	0
53	1
33	1
1	0
73	1
124	0
29	1
64	1
8	0
93	0
35	1
14	0
22	1
96	0
83	1
51	0
184	0
225	0
85	1
58	0
1	0
13	0
143	1
7	0
83	0
139	1
41	0
84	1
88	0
1	0
30	0
109	1
71	1
31	0
33	0
91	1
2	1
102	0
69	0
152	1
87	0
149	0
47	1
4	1
87	0
30	1
38	0
151	0
29	0
117	0
71	1
15	1
88	0
24	1
127	1
34	0
26	0
30	0
1	1
65	1
11	1
63	0
73	1
16	1
26	0
35	1
92	1
48	1
217	0
42	0
31	0
116	0
93	0
67	1
20	0
49	0
1	1
90	0
32	0
24	0
7	0
155	1
30	0
8	0
28	0
131	1
41	0
61	0
70	0
112	1
22	0
73	1
158	0
120	1
49	0
63	0
11	1
70	0
78	0
173	0
91	0
69	0
165	1
121	1
17	0
43	1
123	0
45	0
49	1
153	0
47	1
115	1
35	1
101	1
113	0
36	0
113	0
157	0
41	1
160	1
1	0
84	1
95	1
123	1
6	0
69	0
151	0
23	0
79	1
107	0
194	0
35	1
22	1
159	0
1	1
28	1
27	0
14	0
4	1
215	0
7	0
190	0
60	0
57	1
43	1
25	0
99	0
39	0
163	0
140	0
14	1
12	0
127	0
54	0
117	0
8	1
30	0
64	0
145	1
110	0
12	0
16	1
71	0
6	1
43	0
224	0
61	0
9	0
4	0
113	0
55	0
24	1
15	1
35	0
48	0
66	0
80	0
114	0
1	1
45	0
104	0
33	0
87	1
181	0
89	0
209	0
130	0
43	0
50	0
20	1
215	0
88	0
109	0
86	0
47	1
231	1
21	0
11	0
53	1
19	0
15	0
11	0
43	0
185	1
109	0
59	0
130	0
204	0
188	1
162	1
1	0
26	0
40	1
114	1
102	0
84	1
14	0
34	1
107	0
143	1
9	1
212	0
96	1
28	1
84	1
16	0
135	0
69	0
54	0
38	0
170	1
17	1
63	1
11	0
178	0
20	0
26	0
48	0
99	1
1	0
36	1
38	0
115	1
24	0
27	0
21	1
83	1
136	1
112	0
81	0
120	0
14	0
62	1
76	1
36	0
73	1
9	0
173	0
86	0
93	1
67	0
31	1
203	1
50	0
75	1
40	1
31	0
39	1
151	0
5	0
39	1
111	0
80	0
1	1
35	1
14	1
49	0
126	0
16	0
9	0
168	1
106	0
108	0
231	1
16	0
1	1
123	1
124	1
6	1
53	0
14	0
70	1
130	0
172	1
53	1
2	0
60	0
20	1
120	0
89	0
63	1
79	1
69	1
6	1
227	0
88	1
115	0
153	1
34	1
73	0
5	0
106	0
102	0
12	1
51	0
63	0
64	0
14	0
108	1
39	0
155	1
73	0
93	0
50	1
65	1
15	0
58	1
96	0
66	1
1	1
75	1
81	1
22	0
112	0
106	0
64	0
7	0
6	0
106	0
8	1
111	1
91	1
19	0
48	0
202	0
13	0
92	0
87	0
15	1
12	0
40	0
66	0
124	0
22	0
90	0
7	0
83	0
132	0
23	0
47	0
25	0
153	0
49	1
28	0
102	1
1	0
104	0
36	1
41	1
85	1
17	1
7	0
104	1
209	0
53	1
62	0
24	1
39	0
133	0
4	0
65	1
59	0
21	1
51	0
1	0
42	0
125	1
101	0
42	0
108	1
15	0
43	0
23	0
128	0
15	0
155	0
114	0
72	1
34	0
21	0
32	0
225	0
94	0
39	1
29	1
86	1
57	0
81	1
113	1
18	1
113	0
54	0
1	0
58	1
20	0
125	0
88	0
38	1
123	1
196	0
113	0
47	0
119	0
46	0
30	0
101	1
27	1
38	1
16	1
150	0
38	1
31	0
31	0
49	0
186	0
43	0
39	0
70	0
85	1
34	0
33	1
87	1
1	0
115	0
208	1
139	1
79	1
67	0
71	0
73	0
63	0
121	1
57	1
24	0
43	1
7	0
5	1
63	0
63	0
20	1
13	0
21	0
68	1
33	0
104	1
33	0
63	0
146	1
39	1
29	0
154	0
28	0
132	0
61	0
5	0
184	0
76	0
199	1
217	0
85	0
78	1
62	0
13	0
99	1
79	1
29	0
92	0
172	1
24	0
83	0
148	0
79	0
25	0
4	0
5	0
89	0
169	1
102	0
8	0
26	1
21	1
41	1
58	1
131	0
53	0
173	0
111	0
52	0
45	0
66	0
25	1
22	0
11	0
10	0
81	1
73	0
20	1
150	0
38	0
85	0
60	0
81	1
97	1
39	0
231	1
158	0
58	1
8	0
35	0
85	0
45	0
13	0
81	1
70	0
2	0
25	1
1	0
87	1
15	0
1	1
17	1
34	1
26	0
120	1
103	1
95	0
55	0
101	0
36	0
24	0
108	0
125	1
97	1
32	0
27	0
162	0
23	0
34	0
54	0
64	0
25	0
15	0
21	1
170	1
18	0
60	0
209	1
27	0
68	1
111	0
178	0
98	1
51	0
105	0
84	1
33	1
57	0
39	0
88	0
66	1
71	1
215	0
46	0
29	0
33	1
11	1
1	0
46	1
21	1
41	1
39	0
65	0
9	0
88	0
75	1
97	1
99	0
42	0
35	1
44	0
63	0
181	1
12	1
231	1
16	0
61	0
44	0
136	0
72	0
62	1
75	1
99	1
138	0
23	1
104	0
39	0
38	0
203	0
5	0
152	1
73	0
213	0
138	0
28	0
42	0
78	0
119	1
81	0
72	1
52	1
18	0
39	0
110	0
53	1
146	0
11	1
224	0
34	0
102	1
21	1
56	0
6	0
53	1
32	0
19	0
181	1
34	0
28	1
4	0
37	0
8	1
93	0
43	0
80	0
127	0
48	0
107	1
10	1
55	0
140	0
223	0
50	1
20	0
14	0
47	1
47	0
68	1
6	1
128	0
19	0
23	1
103	0
14	0
136	0
164	0
40	0
1	1
39	1
10	1
195	1
41	0
184	1
156	0
14	1
30	0
8	1
24	1
134	0
154	0
13	1
13	0
12	0
123	0
15	1
55	0
90	0
31	0
48	0
136	0
87	0
73	0
229	1
44	1
222	0
2	1
65	0
228	1
137	1
33	1
84	0
43	0
150	1
61	1
130	0
48	0
76	1
69	0
73	1
23	1
65	1
145	0
116	0
191	1
34	0
68	0
58	0
51	1
23	0
161	1
161	1
120	0
132	0
30	1
203	0
59	0
30	0
29	1
10	0
76	0
24	1
80	0
47	1
7	0
123	0
17	0
56	1
21	0
1	0
116	0
83	0
48	0
94	0
1	1
78	0
81	1
5	0
53	0
103	1
124	1
31	0
45	0
9	0
4	0
2	1
11	0
95	0
76	0
15	1
137	1
54	0
38	0
9	1
48	1
142	1
1	0
1	1
12	1
113	0
121	0
46	0
33	1
52	0
129	0
57	1
27	0
17	0
34	0
100	0
104	1
90	1
37	0
78	1
38	1
57	1
79	0
89	1
48	1
111	0
44	0
32	0
118	1
31	0
11	1
35	0
33	1
197	0
38	1
13	0
27	0
35	0
133	0
38	0
14	0
55	0
68	1
46	1
82	0
119	1
63	0
64	0
1	0
18	1
9	0
1	0
16	1
28	1
102	1
78	1
84	1
42	1
24	1
108	0
19	0
29	0
107	1
72	1
46	0
43	0
1	1
23	0
86	0
86	0
27	0
34	0
1	0
195	0
7	1
70	0
31	0
1	1
29	1
92	0
22	0
18	0
33	1
46	0
83	0
1	0
45	0
34	0
126	0
103	0
153	1
86	0
71	0
186	0
204	1
66	1
26	0
34	1
54	1
4	0
1	1
71	1
23	0
29	0
41	0
93	0
27	0
5	1
49	1
27	0
40	1
17	0
231	0
3	1
34	1
16	1
133	0
46	0
1	1
121	0
227	1
62	1
90	0
56	1
51	1
200	0
64	0
6	1
94	0
96	0
69	0
199	0
114	0
31	0
113	0
29	1
85	0
73	0
3	0
88	0
3	0
15	0
35	0
80	0
56	0
38	1
37	0
35	0
1	0
61	1
82	1
116	1
17	0
98	0
1	1
11	0
49	0
57	0
190	1
46	0
17	0
80	0
195	1
110	0
103	0
13	0
1	0
16	0
68	0
9	0
10	1
24	1
89	0
38	1
148	1
120	0
24	1
121	0
9	1
41	1
10	0
90	1
23	0
23	0
26	1
120	1
54	1
44	0
3	0
5	0
90	0
95	0
7	0
4	0
174	0
106	0
156	0
49	0
22	0
55	1
5	0
89	1
110	0
71	1
155	0
34	0
146	0
43	1
6	0
197	0
58	0
29	0
44	0
48	0
53	0
9	0
15	1
56	0
19	0
58	0
29	0
99	1
11	1
46	0
12	0
79	1
53	0
69	0
53	0
139	1
1	1
69	0
96	0
27	0
58	1
9	0
30	0
28	1
144	0
32	1
51	1
5	0
11	1
6	1
78	0
41	1
31	0
73	1
123	0
206	0
16	0
142	0
87	0
82	1
58	0
68	0
173	1
99	0
57	0
133	0
54	1
51	1
114	0
119	1
15	1
49	0
15	1
37	0
21	0
72	1
125	0
74	0
14	1
94	1
78	0
93	0
49	0
10	0
112	1
15	0
125	0
41	1
85	1
36	1
88	0
69	0
15	1
25	0
7	1
57	1
4	1
19	1
71	0
65	0
11	1
36	0
81	0
39	0
1	0
16	1
92	0
23	1
67	0
191	0
94	1
145	1
3	1
10	1
152	0
15	0
93	0
67	1
28	1
33	0
54	1
28	1
42	1
102	0
153	0
16	0
57	0
32	1
217	0
138	1
5	1
28	1
26	1
144	1
160	1
36	0
84	0
131	1
101	1
67	0
65	0
4	1
50	0
171	1
87	0
29	0
67	0
85	0
97	0
88	0
1	0
126	0
70	1
41	0
30	0
189	0
47	0
165	0
136	1
120	0
47	0
166	1
170	0
31	0
49	0
191	0
41	1
69	0
32	1
61	0
11	0
21	1
1	0
66	0
151	0
48	0
49	0
56	0
32	0
10	0
3	1
20	0
167	0
133	0
27	0
100	1
8	0
148	1
14	0
121	0
1	0
90	0
33	0
82	0
1	0
29	1
10	0
3	1
67	0
126	0
125	1
41	0
145	0
11	1
27	1
60	1
9	0
132	1
67	0
180	0
59	0
92	0
28	0
42	1
165	0
43	0
37	1
67	1
16	0
55	0
4	0
6	1
85	0
43	1
40	1
25	1
51	1
149	1
78	0
34	1
17	0
116	0
54	1
44	1
