1	4943
1	5121
1	6186
1	6066
1	5662
1	7765
1	2291
1	3372
1	5389
1	8822
1	4283
1	4661
1	3285
1	4185
1	1914
1	5279
1	7632
1	3573
1	4191
1	3607
1	2646
1	4517
1	5819
1	3260
1	3481
1	6244
1	5947
1	8779
1	3191
1	7328
1	4835
1	5446
1	6208
1	6085
1	3671
1	4676
1	2366
1	3489
1	7413
1	5356
1	2730
1	6499
1	1994
1	2534
1	5510
1	4709
1	4872
1	8345
1	2462
1	4241
1	1929
1	5704
1	5199
1	2326
1	6628
1	4684
1	5755
1	6199
1	5760
1	5312
1	6012
1	1583
1	5896
1	3925
1	5124
1	5700
1	2298
1	5431
1	4531
1	1079
1	4775
1	5245
1	6822
1	4912
1	3513
1	4087
1	6377
1	4400
1	2903
1	3710
1	5186
1	4653
1	7850
1	3688
1	5253
1	3868
1	4568
1	4451
1	5206
1	4709
1	2760
1	3181
1	6528
1	6655
1	7174
1	6594
1	6166
1	2078
1	5920
1	4546
1	1331
1	3683
1	7002
1	1260
1	7369
1	2650
1	5271
1	4650
1	4589
1	6146
1	4920
1	4301
1	4444
1	3766
1	820
1	4643
1	3324
1	4439
1	5328
1	5500
1	3790
1	5255
1	3832
1	4474
1	8590
1	441
1	5863
1	6927
1	5585
1	6438
1	5538
1	8462
1	5098
1	2822
1	3570
1	6097
1	4938
1	2219
1	5320
1	2205
1	5460
1	5434
1	5247
1	5535
1	6822
1	4226
1	5676
1	2836
1	3173
1	3079
1	6875
1	1836
1	7459
1	4816
1	4902
1	3107
1	4604
1	4072
1	6879
1	6398
1	2454
1	5689
1	3272
1	5289
1	8924
1	8309
1	2779
1	4229
1	2843
1	6412
1	5923
1	6153
1	4924
1	4559
1	2864
1	5816
1	3589
1	4591
1	4841
1	8623
1	4000
1	2971
1	4689
1	5424
1	4874
1	3784
1	2912
1	7563
1	3813
1	4831
1	3430
1	3594
1	5013
1	5364
1	5025
1	4936
1	7472
1	3708
1	4198
1	3407
1	1606
1	6627
1	4079
1	5531
1	4189
1	2314
1	6698
1	3418
1	4434
1	3847
1	3861
1	3572
1	5763
1	7446
1	6607
1	1863
1	2133
1	6916
1	4153
1	4815
1	6421
1	6148
1	3830
1	2545
1	5557
1	3239
1	7086
1	3773
1	2811
1	4542
1	3839
1	6419
1	3329
1	6244
1	7597
1	5635
1	6793
1	4874
1	5134
1	5638
1	8916
1	6026
1	6957
1	5225
1	5875
1	2187
1	5723
1	3923
1	8415
1	6345
1	3977
1	6411
1	3704
1	3824
1	2951
1	5005
1	4889
1	5822
1	1600
1	7904
1	4840
1	3333
1	5410
1	3329
1	3787
1	4888
1	4858
1	5547
1	8775
1	6074
1	2058
1	4800
1	3654
1	5533
1	2566
1	3417
1	4261
1	1942
1	4293
1	4766
1	7559
1	4591
1	4949
1	4129
1	5039
1	4594
1	4203
1	7011
1	6252
1	5423
1	7155
1	5952
1	5165
1	6921
1	7507
1	7083
1	4375
1	4447
1	2683
1	2432
1	7443
1	5545
1	4173
1	3958
1	5076
1	3639
1	6253
1	4860
1	6095
1	6647
1	3983
1	5347
1	6182
1	3151
1	5725
1	5441
1	3406
1	5233
1	7458
1	3110
1	3837
1	5129
1	4110
1	5708
1	6557
1	5073
1	7320
1	5007
1	6120
1	6361
1	3786
1	8294
1	3340
1	3104
1	4250
1	6780
1	4978
1	5594
1	4202
1	6704
1	6890
1	4631
1	6475
1	5703
1	4478
1	4020
1	5128
1	5607
1	4313
1	5225
1	3776
1	3878
1	5018
1	3184
1	6957
1	3004
1	6755
1	3547
1	3965
1	1572
1	6773
1	2106
1	4184
1	5003
1	2666
1	4961
1	2812
1	3875
1	4483
1	4911
1	5442
1	5548
1	5486
1	2948
1	5879
1	4761
1	7309
1	5280
1	2699
1	3336
1	6534
1	7073
1	4250
1	5057
1	4360
1	4477
1	4723
1	6365
1	3188
1	5584
1	5272
1	3843
1	2293
1	6441
1	7003
1	5398
1	3932
1	6002
1	3823
1	4298
1	4191
1	3651
1	4734
1	4287
1	4911
1	4833
1	3951
1	3693
1	3347
1	6279
1	2648
1	6690
1	5129
1	5353
1	4503
1	3140
1	3507
1	4920
1	4429
1	3988
1	4462
1	6810
1	7990
1	5349
1	4721
1	4225
1	4386
1	5363
1	6544
1	5673
1	4889
1	5266
1	2026
1	6598
1	1590
1	4723
1	3886
1	2123
1	3718
1	5463
1	6257
1	7480
1	5310
1	4020
1	4863
1	3973
1	8063
1	5242
1	4126
1	5733
1	3061
1	7836
1	3408
1	7460
1	3311
1	4269
1	3329
1	6282
1	6072
1	6055
1	4551
1	5578
1	6751
1	3844
1	4188
1	5295
1	2590
1	7678
1	5955
1	5408
1	3572
1	3850
1	4717
1	3802
1	4847
1	4184
1	3154
1	4709
1	5934
1	6731
1	2227
1	4304
1	4517
1	7023
1	4692
1	6447
1	3055
1	5382
1	4601
1	4870
1	5614
1	4716
1	7301
1	5971
1	3253
1	5148
1	4065
1	3616
1	6090
1	4554
1	6055
1	1887
1	4149
1	3369
1	4598
1	2203
1	3708
1	3909
1	5426
1	6101
1	4813
1	6841
1	6884
1	3809
1	7632
1	5619
1	7491
1	5212
1	5537
1	3740
1	4240
1	2092
1	7008
1	1872
1	4027
1	3971
1	5707
1	4883
1	4081
1	4874
1	6922
1	3233
1	1663
1	3668
1	6040
1	5443
1	3486
1	3414
1	4711
1	3638
1	4176
1	6142
1	4990
1	4098
1	5308
1	7319
1	7862
1	6393
1	4147
1	5807
1	1449
1	7344
1	4839
1	4552
1	7287
1	3658
1	3234
1	4632
1	5637
1	2673
1	4133
1	2850
1	6783
1	7975
1	4062
1	3034
1	4549
1	5709
1	6120
1	3898
1	3486
1	4080
1	7123
1	4833
1	3854
1	4111
1	2761
1	6728
1	5120
1	2691
1	2238
1	5481
1	5025
1	6105
1	5069
1	5119
1	4685
1	6626
1	6397
1	8979
1	4997
1	3686
1	4354
1	6254
1	4471
1	4331
1	5656
1	6756
1	3546
1	6283
1	5045
1	2238
1	2785
1	4617
1	6739
1	3432
1	1255
1	7195
1	4562
1	3993
1	7141
1	4421
1	3060
1	5602
1	4009
1	4861
1	4527
1	3343
1	4138
1	4267
1	4645
1	2736
1	6256
1	7296
1	7400
1	3411
1	5320
1	3027
1	4195
1	6239
1	6232
1	2541
1	5425
1	5832
1	3954
1	3983
1	2328
1	7877
1	3017
1	5964
1	5891
1	3574
1	4817
1	4836
1	6016
1	4601
1	3826
1	9688
1	3597
1	3322
1	7491
1	6374
1	5215
1	3820
1	7915
1	4820
1	4903
1	4487
1	7162
1	4431
1	5256
1	2889
1	3643
1	5701
1	5411
1	4716
1	3373
1	5875
1	7064
1	3306
1	3371
1	6207
1	4889
1	4853
1	4317
1	2192
1	6205
1	4037
1	6986
1	3841
1	3446
1	1802
1	5684
1	3007
1	4606
1	6292
1	6077
1	8289
1	3692
1	3858
1	6082
1	3503
1	3529
1	6199
1	6698
1	6066
1	4323
1	3735
1	4872
1	8079
1	3317
1	7663
1	8146
1	3522
1	3639
1	5824
1	3216
1	4924
1	4995
1	7773
1	3767
1	6980
1	2699
1	5464
1	3383
1	5333
1	5228
1	2542
1	4319
1	2754
1	6761
1	3837
1	4547
1	3123
1	6128
1	5324
1	4027
1	4614
1	3396
1	6562
1	6486
1	4433
1	4828
1	5575
1	6580
1	6559
1	2430
1	4873
1	5481
1	6307
1	2864
1	4667
1	4713
1	5903
1	5463
1	3709
1	2319
1	4646
1	6786
1	6880
1	2863
1	2587
1	7191
1	4682
1	2083
1	3375
1	4130
1	4480
1	3291
1	2611
1	2869
1	4365
1	4796
1	4592
1	4079
1	5000
1	7695
1	3693
1	4741
1	4582
1	6437
1	6444
1	5825
1	6627
1	6331
1	5229
1	1682
1	6322
1	4273
1	5392
1	5363
1	4789
1	3346
1	5265
1	5391
1	3225
1	3869
1	5497
1	6833
1	2939
1	5442
1	3370
1	6054
1	9154
1	4597
1	3066
1	5286
1	3956
1	5929
1	4244
1	7622
1	2017
1	6466
1	4377
1	5447
1	3858
1	5791
1	6369
1	3713
1	3909
1	5350
1	4071
1	2982
1	5288
1	4689
1	5933
1	7542
1	4845
1	4312
1	7681
1	7592
1	5723
1	6106
1	3029
1	4975
1	4732
1	5772
1	8052
1	4441
1	6537
1	3678
1	7140
1	6420
1	6613
1	2214
1	4405
1	4291
1	4934
1	4631
1	6864
1	5138
1	6747
1	1815
1	6526
1	2541
1	2386
1	5413
1	3162
1	3732
1	3551
1	2912
1	6069
1	4318
1	6694
1	5096
1	5658
1	2509
1	3936
1	6462
1	5212
1	5788
1	3053
1	4922
1	3522
1	3615
1	4618
1	5037
1	5176
1	6736
1	2117
1	3304
1	3040
1	2624
1	5014
1	5652
1	7143
1	6147
1	6134
1	3897
1	6312
1	6823
1	5435
1	7543
1	3566
1	6966
1	6624
1	2552
1	6380
1	4931
1	4632
1	6647
1	3655
1	3878
1	4045
1	7109
1	3361
1	6371
1	5273
1	5328
1	4570
1	5117
1	4454
1	6826
1	5681
1	4184
1	4620
1	5375
1	2912
1	3270
1	3352
1	4765
1	3176
1	2319
1	5483
1	5254
1	1439
1	4520
1	3314
1	4850
1	7311
1	2802
1	5248
1	3434
1	7671
1	8310
1	4597
1	5686
1	4930
1	6300
1	3031
1	3698
1	3916
1	6135
1	4907
1	6972
1	3924
1	5499
1	8314
1	4494
1	2237
1	5007
1	5930
1	4923
1	3952
1	6514
1	3966
1	4904
1	7789
1	5963
1	5416
1	4951
1	5580
1	5427
1	7280
1	4539
1	5841
1	8138
1	6447
1	4013
1	1853
1	6813
1	1342
1	4063
1	4321
1	4761
1	5505
1	4170
1	3220
1	2093
1	7457
1	6036
1	4140
1	5886
1	4239
1	2903
1	7492
1	4249
1	3690
1	5472
1	5629
1	3718
1	5271
1	3513
1	6594
1	6255
1	9372
1	3803
1	6307
1	2314
1	3485
1	5585
1	5221
1	7603
1	2355
1	5051
1	5647
1	5536
1	5610
1	6213
1	4350
1	4803
1	4448
1	4265
1	2366
1	4611
1	5855
1	5324
1	6437
1	5966
1	8298
1	6445
1	5329
1	4309
1	5107
1	5277
1	3550
1	5451
1	3723
1	4086
1	2834
1	6404
1	6418
1	5831
1	7956
1	6896
1	5890
1	3894
1	4940
1	4925
1	2631
1	5640
1	5015
1	3227
1	4965
1	4787
1	4027
1	6510
1	5712
1	5158
1	2068
1	5180
1	3601
1	6292
1	7733
1	4237
1	4690
1	5211
1	5674
1	7753
1	3930
1	3301
1	6728
1	4094
1	5403
1	3961
1	4321
1	2013
1	2758
1	5291
1	4353
1	7096
1	5671
1	2356
1	3635
1	3856
1	4812
1	4677
1	4894
1	2628
1	7022
1	5178
1	5147
1	3936
1	2708
1	5022
1	6288
1	3955
1	5090
1	5865
1	5549
1	5916
1	4041
1	5294
1	7312
1	5511
1	4939
1	3605
1	2488
1	2244
1	4243
1	7375
1	4141
1	3234
1	3832
1	5158
1	8143
1	5208
1	7082
1	3325
1	6670
1	4924
1	6839
1	5217
1	6321
1	5420
1	1632
1	7898
1	6132
1	2576
1	4799
1	6132
1	2009
1	5222
1	2166
1	5609
1	4160
1	4241
1	3101
1	3494
1	3884
1	4840
1	7659
1	5574
1	4979
1	6013
1	4178
1	9167
1	8167
1	4330
1	2617
1	3363
1	3525
1	5315
1	4001
1	2436
1	4974
1	5451
1	6582
1	6777
1	8219
1	7342
1	7468
1	8693
1	7655
1	2977
1	4826
1	3682
1	1999
1	695
1	4772
1	3613
1	4763
1	5052
1	2696
1	5967
1	6878
1	3695
1	5602
1	1489
1	4256
1	2470
1	6426
1	5618
1	2198
1	6054
1	5497
1	4761
1	5701
1	2521
1	6276
1	8230
1	3166
1	6111
1	5791
1	1608
1	3461
1	3878
1	4255
1	3927
1	4104
1	4128
1	3398
1	5712
1	7167
1	6658
1	3256
1	2669
1	4931
1	3798
1	5664
1	3551
1	6828
1	5298
1	2105
1	4895
1	3483
1	4660
1	3489
1	4385
1	3040
1	5118
1	4579
1	8033
1	6279
1	6251
1	5227
1	3690
1	4630
1	3220
1	3121
1	3887
1	5807
1	4026
1	6355
1	5839
1	5368
1	7572
1	3258
1	2794
1	3527
1	3791
1	4163
1	4978
1	6748
1	4353
1	5564
1	6447
1	4203
1	5694
1	3805
1	4124
1	5417
1	2325
1	2624
1	5934
1	8412
1	7122
1	6720
1	1421
1	2474
1	5979
1	4446
1	3355
1	7496
1	4089
1	3944
1	4857
1	5318
1	3491
1	4998
1	9008
1	5270
1	5781
1	6128
1	6391
1	6286
1	6046
1	3325
1	3998
1	5796
1	6167
1	4097
1	5354
1	3875
1	3067
1	4633
1	6355
1	3146
1	4764
1	6474
1	6738
1	2691
1	4364
1	4591
1	4498
1	6675
1	5405
1	6028
1	3662
1	4893
1	1893
1	5074
1	6212
1	5648
1	5451
1	2233
1	3181
1	4532
1	4549
1	6642
1	5321
1	4885
1	6762
1	4631
1	5256
1	7052
1	7181
1	7804
1	4946
1	5577
1	3766
1	4206
1	5348
1	5802
1	4863
1	4284
1	6587
1	5914
1	7017
1	1601
1	4107
1	6502
1	5661
1	6123
1	2254
1	4425
1	5745
1	5319
1	4735
1	3949
1	1281
1	4170
1	5653
1	5606
1	2128
1	4093
1	6543
1	6091
1	2468
1	5504
1	6131
1	6568
1	4907
1	4461
1	3506
1	3035
1	5319
1	3231
1	3542
1	6660
1	5579
1	5098
1	3993
1	5697
1	3566
1	5147
1	4661
1	5009
1	7963
1	7130
1	4516
1	6343
1	1877
1	5823
1	6130
1	5980
1	4165
1	3431
1	6566
1	6480
1	5283
1	6948
1	5104
1	3679
1	6813
1	3480
1	915
1	5341
1	5726
1	3972
1	7193
1	4542
1	4779
1	6317
1	6027
1	4201
1	2542
1	6900
1	5037
1	5484
1	4181
1	6125
1	5523
1	4250
1	3270
1	3676
1	3946
1	2176
1	4369
1	3392
1	5605
1	3725
1	5680
1	3758
1	3408
1	3222
1	4080
1	3847
1	4828
1	4244
1	5412
1	3646
1	5775
1	7513
1	4437
1	2933
1	4825
1	5691
1	4137
1	6162
1	4992
1	6908
1	6505
1	3523
1	6777
1	7963
1	7445
1	6306
1	5930
1	6229
1	3602
1	8922
1	1665
1	6145
1	4125
1	2985
1	2513
1	6164
1	4461
1	5561
1	5886
1	1979
1	4163
1	5815
1	4794
1	6825
1	3256
1	6078
1	7889
1	1902
1	4985
1	4804
1	6214
1	5623
1	3994
1	4356
1	3106
1	5425
1	4618
1	3528
1	5938
1	3419
1	4384
1	6888
1	2993
1	4227
1	3481
1	3000
1	7003
1	4716
1	9106
1	4777
1	3744
1	5779
1	5091
1	7750
1	2062
1	2757
1	5496
1	5029
1	5706
1	6105
1	3119
1	3484
1	5744
1	4119
1	7658
1	6052
1	4007
1	6475
1	4708
1	6445
1	4389
1	4700
1	5536
1	3953
1	4478
1	4467
1	6540
1	4805
1	8280
1	4990
1	4478
1	6422
1	4516
1	4072
1	7301
1	7283
1	3238
1	4969
1	6871
1	3460
1	1836
1	4557
1	7854
1	4546
1	3388
1	6926
1	6206
1	5066
1	2607
1	3275
1	4583
1	5425
1	4244
1	5179
1	3542
1	4291
1	4467
1	4941
1	5288
1	2841
1	6225
1	4818
1	4874
1	2944
1	6052
1	5603
1	4992
1	8039
1	4562
1	5387
1	6923
1	7588
1	7565
1	5483
1	3663
1	7383
1	7075
1	3701
1	2695
1	6779
1	2483
1	2163
1	4260
1	4722
1	6858
1	1792
1	4567
1	4153
1	3112
1	3970
1	3714
1	6677
1	5073
1	6535
1	6123
1	3725
1	4870
1	3295
1	3068
1	6647
1	6227
1	5312
1	7273
1	5330
1	2615
1	3987
1	2537
1	6650
1	7035
1	6331
1	3201
1	2375
1	5975
1	5622
1	6136
1	4627
1	4001
1	7426
1	2661
1	6082
1	5706
1	3731
1	5990
1	6431
1	5594
1	4408
1	6088
1	4265
1	2258
1	4397
1	2046
1	6070
1	5068
1	6056
1	7226
1	4763
1	4222
1	4322
1	4466
1	6795
1	4409
1	4195
1	5647
1	2337
1	4005
1	3107
1	1795
1	5628
1	6013
1	2433
1	7230
1	7555
1	5767
1	4890
1	3854
1	2799
1	3804
1	3671
1	4150
1	7341
1	4580
1	4794
1	4917
1	4315
1	7204
1	3229
1	5502
1	3180
1	6479
1	4478
1	4581
1	8968
1	4874
1	5953
1	6797
1	4263
1	6318
1	5546
1	5982
1	4306
1	3152
1	6681
1	4636
1	2920
1	6018
1	9999
1	5690
1	4802
1	2503
1	1802
1	1932
1	3841
1	5200
1	5243
1	5207
1	5179
1	3384
1	6995
1	5289
1	2607
1	3152
1	7905
1	4966
1	6701
1	4888
1	5615
1	4407
1	7770
1	3617
1	7568
1	7155
1	8284
1	4063
1	6054
1	3560
1	3971
1	6658
1	6789
1	3587
1	4119
1	6106
1	5447
1	4475
1	4826
1	5291
1	5181
1	5806
1	3732
1	5279
1	6281
1	4589
1	4672
1	5062
1	3789
1	6374
1	5492
1	3441
1	5993
1	4100
1	5039
1	6478
1	6294
1	2553
1	1434
1	4035
1	5525
1	3536
1	5767
1	5817
1	1879
1	6788
1	6367
1	4519
1	6338
1	7488
1	4705
1	5915
1	6882
1	4557
1	3706
1	4184
1	3816
1	2667
1	5739
1	6830
1	2825
1	8208
1	6422
1	3721
1	5788
1	3995
1	5139
1	1333
1	3423
1	2078
1	7802
1	3625
1	3737
1	8156
1	4395
1	6352
1	4423
1	6040
1	3773
1	8232
1	5193
1	5894
1	8375
1	4775
1	6521
1	6462
1	5767
1	3743
1	4296
1	6970
1	3103
1	7061
1	5157
1	6721
1	3935
1	6174
1	7213
1	3268
1	4482
1	2135
1	5906
1	5025
1	2859
1	5686
1	6648
1	4552
1	3725
1	5244
1	5267
1	4626
1	5658
1	5034
1	4819
1	6763
1	4016
1	5506
1	5109
1	3807
1	7517
1	7436
1	5142
1	5138
1	5915
1	3010
1	3759
1	5821
1	1456
1	6646
1	6437
1	3568
1	5102
1	1652
1	3484
1	5839
1	5928
1	5415
1	8269
1	1666
1	4596
1	4535
1	4164
1	6057
1	4002
1	6283
1	4814
1	8467
1	2829
1	5709
1	3932
1	4172
1	6332
1	4090
1	6286
1	4601
1	4510
1	5903
1	4189
1	5833
1	3606
1	4785
1	4160
1	3389
1	3381
1	5033
1	5585
1	4814
1	5781
1	4136
1	4326
1	3049
1	6525
1	3733
1	3923
1	5636
1	4943
1	5391
1	3100
1	6190
1	5578
1	2469
1	3814
1	5943
1	5300
1	7308
1	5648
1	5956
1	3347
1	3446
1	3739
1	3618
1	5978
1	6024
1	3442
1	1873
1	4975
1	6755
1	4949
1	4042
1	4412
1	2728
1	3625
1	5667
1	4603
1	6289
1	7362
1	5704
1	4262
1	2574
1	5386
1	3740
1	5756
1	5065
1	5361
1	3486
1	3602
1	3824
1	3629
1	5891
1	4723
1	5901
1	4699
1	5402
1	3812
1	7381
1	5414
1	3638
1	3394
1	4102
1	3854
1	4205
1	6653
1	3949
1	5238
1	6556
1	5111
1	4274
1	4978
1	3368
1	6767
1	5376
1	3924
1	4078
1	8163
1	5952
1	5968
1	4997
1	2938
1	3275
1	2707
1	5731
1	7049
1	3504
1	5501
1	6727
1	5044
1	2389
1	3619
1	5354
1	7151
1	3348
1	6240
1	5706
1	3136
1	6947
1	3591
1	3648
1	3440
1	6688
1	2024
1	3924
1	6089
1	3992
1	6617
1	3850
1	5536
1	5851
1	4629
1	2596
1	7212
1	7065
1	3494
1	4744
1	4488
1	4845
1	5218
1	7571
1	4449
1	6229
1	5588
1	9103
1	2869
1	2666
1	2960
1	4770
1	3943
1	5913
1	4051
1	6202
1	4366
1	5691
1	6332
1	3324
1	5321
1	3191
1	2771
1	4372
1	3064
1	5816
1	2557
1	7779
1	6357
1	5360
1	2963
1	4258
1	3347
1	2474
1	2040
1	4875
1	3320
1	3387
1	3134
1	5095
1	4996
1	1519
1	2991
1	6090
1	1880
1	4021
1	4970
1	5450
1	5845
1	1851
1	1474
1	6002
1	5631
1	2980
1	6312
1	4836
1	5260
1	3441
1	6145
1	4857
1	5028
1	7764
1	4865
1	4411
1	4627
1	5105
1	2141
1	5376
1	2452
1	6275
1	4259
1	3274
1	2761
1	6111
1	6129
1	4621
1	4514
1	4121
1	2734
1	5867
1	3401
1	3596
1	5980
1	4799
1	4552
1	2924
1	5107
1	5188
1	6899
1	6329
1	4830
1	4911
1	2095
1	7432
1	7386
1	7789
1	5332
1	3046
1	6861
1	3974
1	2769
1	8414
1	6681
1	4791
1	7604
1	3862
1	1584
1	5352
1	3387
1	6152
1	5873
0	4314
1	5434
1	3453
1	6337
1	4101
1	3377
1	7646
1	5724
1	5486
1	6100
1	3497
1	2982
1	3212
1	2694
1	4525
1	1554
1	3625
1	6243
1	2893
1	4713
1	4622
1	6627
1	3623
1	4080
1	2959
1	7560
1	3930
1	3303
1	1485
1	7508
1	4389
1	4713
1	5025
1	6015
1	4719
1	1376
1	6551
1	2865
1	5423
1	6403
1	5372
1	6720
1	4731
1	4295
1	5159
1	5926
1	5529
1	6740
1	6968
1	5459
1	1476
1	5603
1	3794
1	3199
1	6545
1	5208
1	4671
1	3738
1	4228
1	3220
1	3923
1	4996
1	5358
1	6925
1	2690
1	2216
1	6634
1	4540
1	4958
1	3798
1	6680
1	4704
1	3973
1	7457
1	3466
1	6638
1	5724
1	4658
1	3102
1	6919
1	5211
1	4497
1	4810
1	4365
1	2005
1	3155
1	2999
1	1200
1	3476
1	4171
1	4806
1	7065
1	6613
1	8410
1	4108
1	4271
1	3142
1	5686
1	6447
1	5679
1	7502
1	3782
1	3660
1	2947
1	6076
1	4333
1	3229
1	7090
1	5762
1	2323
1	6018
1	3542
1	4745
1	5035
1	2870
1	7424
1	4086
1	3924
1	4839
1	4397
1	4117
1	3756
1	5404
1	4256
1	4912
1	3471
1	6378
1	5853
1	2853
1	5269
1	4757
1	3698
1	3754
1	3821
1	3696
1	3126
1	6519
1	5592
1	3366
1	5681
1	1108
1	4082
1	5509
1	3571
1	2697
1	2462
1	3686
1	5605
1	2335
1	3255
1	2561
1	3939
1	4912
1	4849
1	5078
1	2415
1	6638
1	3376
1	4993
1	4786
1	2909
1	6859
1	6504
1	1969
1	3333
1	6174
1	8054
1	3926
1	5161
1	8219
1	6795
1	4854
1	5955
1	4370
1	7915
1	2111
1	4010
1	4763
1	2490
1	5139
1	4771
1	4090
1	3055
1	5631
1	4202
1	4847
1	6100
1	7101
1	3894
1	2920
1	3351
1	4602
1	7640
1	1945
1	5553
1	6994
1	3843
1	5510
1	4309
1	3910
1	6081
1	9036
1	5471
1	6183
1	2615
1	4634
1	4000
1	5759
1	6116
1	3366
1	5287
1	7910
1	4790
1	6094
1	3617
1	6414
1	2534
1	7546
1	3821
1	5608
1	4086
1	3978
1	4158
1	5902
1	4554
1	3828
1	7857
1	6915
1	3611
1	3479
1	6828
1	3652
1	4202
1	5069
1	1000
1	4909
1	6146
1	6217
1	6147
1	5919
1	8019
1	5425
1	4080
1	5556
1	7211
1	4186
1	4890
1	5013
1	2243
1	7072
1	5543
1	7948
1	4042
1	5439
1	4087
1	6546
1	2936
1	3095
1	4949
1	5263
1	6374
1	6156
1	6252
1	6993
1	4246
1	4697
1	5327
1	3834
1	6908
1	2855
1	7282
1	6118
1	4556
1	5169
1	6932
1	7097
1	3616
1	5964
1	4279
1	7878
1	6457
1	4474
1	1660
1	7035
1	5919
1	3149
1	3273
1	5170
1	4405
1	2983
1	3240
1	7146
1	5895
1	7808
1	6502
1	5267
1	7100
1	4599
1	5732
1	5780
1	4988
1	7411
1	5156
1	7303
1	7050
1	1480
1	5295
1	3584
1	5818
1	5622
1	5781
1	1486
1	6549
1	4664
1	2049
1	9323
1	5500
1	3067
1	1799
1	5926
1	4484
1	4395
1	3870
1	5049
1	5814
1	7529
1	6278
1	3389
1	3102
1	7007
1	6365
1	5524
1	5100
1	4233
1	6665
1	3493
1	6437
1	4773
1	3904
1	5373
1	4472
1	1899
1	3679
1	2302
1	4901
1	7148
1	1029
1	3666
1	7924
1	4106
1	4245
1	3108
1	5426
1	5802
1	8141
1	3378
1	2159
1	8153
1	7916
1	3334
1	7011
1	2100
1	3540
1	4523
1	7931
1	6947
1	7959
1	4412
1	7374
1	2792
1	4241
1	5942
1	3191
1	4856
1	9351
1	286
1	5349
1	6187
1	5569
1	0
1	4437
1	6580
1	4948
1	6150
1	4400
1	9495
1	5055
1	6805
1	2579
1	4924
1	4404
1	4813
1	4502
1	2194
1	5298
1	4069
1	6637
1	3250
1	4583
1	6894
1	3917
1	4349
1	3896
1	995
1	2972
1	5268
1	5700
1	5824
1	5724
1	5140
1	5498
1	4534
1	6924
1	3741
1	2765
1	4813
1	3886
1	3064
1	5763
1	2304
1	3766
1	2915
1	2904
1	6422
1	2929
1	4072
1	6834
1	2934
1	7551
1	4431
1	6530
1	7153
1	6429
1	5406
1	3641
1	7950
1	3129
1	5909
1	5856
1	4108
1	5330
1	7811
1	4982
1	3430
1	5697
1	3202
1	5393
1	5576
1	4699
1	4886
1	6316
1	3697
1	5119
1	5879
1	4707
1	4567
1	4262
1	6158
1	6776
1	4300
1	6405
1	3731
1	6945
1	4868
1	4739
1	5118
1	3540
1	2872
1	3618
1	5064
1	6832
1	3090
1	3174
1	3696
1	3372
1	3030
1	3919
1	3753
1	4488
1	7769
1	7336
1	7972
1	7035
1	4949
1	6870
1	6463
1	4058
1	3113
1	6680
1	3759
1	6164
1	3563
1	6311
1	5437
1	4828
1	2519
1	2918
1	5544
1	6724
1	5540
1	6617
1	4998
1	4952
1	4786
1	3377
1	4150
1	4862
1	4031
1	6007
1	3649
1	6297
1	5552
1	4956
1	3429
1	7101
1	3503
1	3435
1	4840
1	5603
1	7422
1	4075
1	5332
1	6681
1	5497
1	3225
1	6393
1	2826
1	3811
1	3313
1	3427
1	3292
1	5130
1	6373
1	2588
1	3602
1	3964
1	5513
1	4607
1	3741
1	4639
1	5140
1	5653
1	4558
1	5618
1	5023
1	4814
1	5522
1	5787
1	4389
1	2918
1	3543
1	5464
1	4341
1	5122
1	4161
1	4685
1	2820
1	6151
1	5892
1	3196
1	6546
1	3150
1	3201
1	5969
1	3527
1	4196
1	5045
1	4897
1	6662
1	4056
1	4637
1	6943
1	3021
1	3351
1	4159
1	4704
1	2884
1	3389
1	6395
1	4472
1	3753
1	6451
1	2320
1	5329
1	2935
1	5528
1	4907
1	6546
1	5567
1	2463
1	6769
1	5254
1	4932
1	3866
1	2012
1	7518
1	6584
1	2203
1	6523
1	6420
1	3600
1	7375
1	5176
1	6062
1	3703
1	3423
1	4383
1	4566
1	3149
1	6327
1	5965
1	1049
1	4259
1	3564
1	6805
1	2380
1	6853
1	5345
1	6342
1	6254
1	8484
1	7942
1	2508
1	9766
1	5282
1	5721
1	5765
1	4728
1	4538
1	5273
1	4875
1	3754
1	5592
1	2267
1	5023
1	6371
1	7203
1	3952
1	5004
1	6913
1	4726
1	6640
1	6800
1	2562
1	4213
1	4207
1	4922
1	6483
1	6231
1	5242
1	5836
1	5749
1	3384
1	5153
1	2857
1	5657
1	4844
1	3193
1	6783
1	5432
1	4979
1	1853
1	5701
1	3204
1	6560
1	7583
1	3595
1	4697
1	3068
1	5967
1	3894
1	6035
1	3663
1	6675
1	7090
1	6962
1	3765
1	4087
1	5571
1	5040
1	3863
1	2821
1	4269
1	6911
1	5342
1	3575
1	4553
1	3581
1	4936
1	5532
1	6699
1	2699
1	5964
1	6924
1	3910
1	2416
1	4458
1	3802
1	3668
1	3647
1	3447
1	5614
1	5243
1	6385
1	5795
1	6830
1	2301
1	2947
1	7167
1	4292
1	7042
1	6143
1	6375
1	6964
1	5185
1	3780
1	4822
1	2395
1	5247
1	2797
1	5143
1	3703
1	5977
1	2777
1	5714
1	4230
1	2898
1	6994
1	3697
1	4323
1	4507
1	4264
1	3291
1	4206
1	1304
1	4980
1	1593
1	5299
1	4467
1	3566
1	5830
1	8220
1	7320
1	3962
1	3850
1	4428
1	4088
1	4597
1	6992
1	3988
1	3447
1	2226
1	6427
1	3841
1	5249
1	3992
1	6225
1	2901
1	4625
1	4679
1	3946
1	7194
1	3504
1	3766
1	8025
1	5216
1	6700
1	3539
1	4807
1	5773
1	2316
1	4226
1	9783
1	4513
1	5725
1	3501
1	5576
1	4762
1	6092
1	4321
1	5986
1	1123
1	3882
1	5400
1	5133
1	5397
1	3092
1	3873
1	3201
1	4949
1	728
1	3892
1	4968
1	4804
1	6351
1	5696
1	6429
1	5206
1	3789
1	3522
1	7526
1	3026
1	4275
1	3668
1	4218
1	4309
1	3819
1	8650
1	3142
1	5162
1	6240
1	7620
1	4054
1	3387
1	4113
1	4206
1	3662
1	3378
1	4479
1	2824
1	4017
1	4851
1	6231
1	5387
1	3227
1	1774
1	2666
1	4418
1	1896
1	3980
1	5295
1	5463
1	2657
1	5180
1	4089
1	4464
1	5753
1	5383
1	6325
1	4516
1	4853
1	5510
1	5176
1	5258
1	6339
1	4931
1	2756
1	1934
1	7638
1	4286
1	3402
1	4946
1	6149
1	5472
1	4610
1	3886
1	3984
1	5972
1	3421
1	4028
1	3758
1	3071
1	4392
1	5343
1	7502
1	5568
1	3108
1	5953
1	3747
1	3813
1	2463
1	5275
1	2464
1	4899
1	5728
1	3006
1	3064
1	3532
1	4273
1	4261
1	3471
1	3821
1	3603
1	6328
1	2475
1	3192
1	3376
1	3501
1	6900
1	5322
1	6014
1	5421
1	2262
1	1774
1	3298
1	7009
1	7653
1	5319
1	2600
1	5967
1	5848
1	4363
1	6428
1	3594
1	5915
1	929
1	4844
1	9308
1	5894
1	3904
1	3237
1	2603
1	2421
1	5405
1	3412
1	4543
1	4674
1	5327
1	6573
1	1054
1	5403
1	6642
1	3814
1	5005
1	5360
1	5786
1	4977
1	6920
1	3640
1	4977
1	4324
1	6613
1	4146
1	3983
1	4384
1	5427
1	4469
1	4957
1	3447
1	5833
1	4491
1	5181
1	5458
1	5893
1	3801
1	5050
1	4015
1	5821
1	3654
1	7145
1	8098
1	1028
1	3581
1	4990
1	4710
1	5027
1	5963
1	7364
1	5145
1	5959
1	4997
1	5183
1	3851
1	3240
1	5014
1	6855
1	1122
1	8532
1	3365
1	4232
1	4582
1	6021
1	4017
1	5535
1	3085
1	5559
1	4205
1	5540
1	5822
1	6965
