3687	7543
4026	2165
3285	3510
3607	2380
2614	2516
3699	1180
3313	1604
3928	2233
3354	1540
2737	1495
2697	2118
5124	2221
3600	6058
3832	893
3221	1641
3694	1750
3392	2239
2564	1625
2948	1963
4079	1621
5329	2875
3406	968
3570	7305
4886	2333
5344	2567
3994	1592
2721	7626
5125	2115
3944	6849
4544	2349
3502	1362
2244	8578
3274	2139
5651	2210
3271	1218
2707	1477
3930	8292
5372	2157
3836	1287
3666	2386
2513	2583
3553	1344
2929	1695
2951	7071
3939	1741
3406	1337
3609	1678
864	2537
3897	2102
4706	2039
3514	1503
3532	6616
5160	2907
2507	2044
4624	2572
1196	1653
8120	1880
4717	2066
3270	1070
3612	1796
3175	2012
5090	1525
4886	1506
4040	2312
3075	2239
5554	2911
3271	1378
4836	2556
4144	1726
5481	9589
4060	2440
1765	2556
2006	4670
4551	8099
4719	1553
2845	1695
1988	8668
2907	1645
2525	1800
2772	1943
4002	2386
2580	2316
3796	1828
4555	2244
2260	2270
2895	7380
4896	3001
3013	1986
4262	6576
3504	1508
2875	6047
4420	2485
3527	1017
3184	1239
2914	2094
2819	1569
5368	1978
4206	1604
4025	1713
3060	1388
5250	2022
3623	1692
3534	265
3415	3287
4326	2451
1797	1884
2527	1694
4899	2121
3807	1505
2554	2570
2351	1825
2472	2267
4127	2258
3707	1848
2592	2213
2791	1863
4370	2173
4903	1106
4083	2516
4063	4274
5390	2703
3197	1910
3970	7790
3934	4595
4598	8663
3497	5095
4059	2149
3202	1260
2609	5619
2804	2475
2158	2446
3961	2182
4130	4108
3556	1426
4271	2385
2290	1976
3753	1304
2933	1905
3139	1702
2686	2555
3179	1814
6540	2416
3752	2579
3334	1110
4335	2069
2305	2423
5285	2760
3311	1683
4132	1543
1291	8090
3613	2039
4146	2136
2227	1858
5382	8561
2985	1739
3333	1866
4999	2442
2293	1263
4111	2148
1342	4078
2674	1822
4285	3303
3358	1610
3884	1951
3524	3095
3181	1272
2273	1921
2698	2484
3548	2204
3775	2125
3689	5298
4073	2314
4387	2187
3328	1737
4440	2046
3640	2147
5360	2454
3223	1257
2562	2021
4657	1501
3624	1594
3996	1840
3540	1675
3270	1409
2369	6980
3165	1474
3298	2033
3163	1666
4225	2082
2518	1955
3247	1501
5391	2111
4477	2643
3311	4980
2300	1715
5011	2722
3493	1576
3910	1537
4259	1954
3432	4746
2524	1885
3211	1201
3361	4258
2429	7591
4437	2046
4081	5460
2194	1505
3496	1197
4471	2002
4212	854
5460	3608
7014	2184
4439	2311
4668	1024
4093	7861
2359	3086
3153	1058
3076	1958
2334	2901
3390	1830
1832	1597
2501	1951
2443	1477
3307	1743
1615	3091
3137	1814
4625	2236
3498	1461
1731	1870
4140	2693
3359	1331
4001	1938
2883	1993
2502	1574
3319	1949
3457	1377
2973	1565
4909	2421
7693	1808
4544	1593
2126	1489
3340	987
3242	1549
4564	2113
3775	2035
3997	1997
3014	1491
3745	7376
4716	2018
3929	1954
2701	1461
3462	1822
2693	1369
3112	1485
6210	1446
2772	2062
2101	1728
2489	2579
4151	8446
2998	1572
4051	1720
2472	2597
3243	1312
4005	2743
3779	2190
2958	1409
2217	2262
3174	1658
2544	1869
2522	8062
3281	1685
3633	2044
5080	2599
2895	1797
4057	2244
3567	1067
2841	4638
3632	1747
3053	1056
4446	2229
4155	2034
3120	2332
3530	2031
4107	7308
3704	1980
899	3195
3086	6425
2434	2468
4215	1400
4896	9497
3958	1774
3008	6246
2241	1374
2507	1890
3691	1085
4072	2654
2603	1303
2992	1871
3721	2015
3950	1808
2884	1079
4667	2502
4226	8058
1829	2527
2883	775
3760	7334
2392	2193
3997	1849
3172	1212
4390	1161
3771	2272
2244	2582
3888	2536
3420	6437
3007	1713
5800	1932
4057	2830
2515	4176
2437	2009
3871	1724
3805	2281
3655	1983
3680	4107
2700	1950
3840	1265
3690	1954
3980	7895
4320	1528
2493	2063
5056	3001
4761	1900
3989	1884
3392	936
4194	2072
4592	1199
4012	7264
4351	8201
2706	2031
3496	1234
3356	1429
2688	2126
3880	2153
4190	2489
1018	2271
3676	7316
8869	6467
2671	1679
3669	2152
4064	1853
4741	9131
2926	1241
3226	1282
3737	1768
5507	3946
2872	1851
3449	1783
9509	1638
3389	1960
4262	5081
3578	7269
3666	6563
4737	8436
5266	1728
3677	2379
3864	2144
5169	9321
3259	1469
4506	8935
4711	1944
2132	2053
3960	2063
4099	1730
1923	5426
2589	2989
2912	1111
4377	2171
4093	2222
4192	2055
3873	1860
2406	2463
6442	1881
3642	1513
3240	2074
2341	1883
4493	2150
3932	2127
2453	2403
4422	2667
4481	1355
3997	1759
4090	1875
2369	7968
3877	6662
3307	4760
3829	1578
4479	2365
3596	1503
3127	2253
3405	1426
4454	2045
4287	1553
3755	2182
2527	1739
3860	1906
3478	1207
2876	1915
3770	971
3987	2002
3079	6745
3028	1727
3541	1413
4622	2182
3025	3848
3359	1869
3923	1578
2507	1734
2927	1841
2008	1411
4312	2695
3997	2083
3646	2201
3239	2035
4593	7702
3066	3637
2014	2259
3641	978
4125	1397
3182	4310
3598	1662
4228	2352
9999	3229
2958	1779
3220	1788
3658	1066
3596	2246
2254	1792
2839	2107
4254	8471
4565	2515
3231	1375
4631	2613
3936	2448
2802	1681
2899	1588
3807	1989
5667	1988
3247	1844
3364	1432
3676	1286
4646	925
1161	1314
3854	2701
3252	1297
3678	2189
7617	1311
3825	4169
2985	1508
2050	2013
4038	2085
3994	4102
4456	2338
2849	2028
2600	3123
4273	1402
3535	2222
3209	1044
2832	2355
7434	1552
4747	2581
3871	2136
3846	1697
3631	1471
5396	2209
2447	1727
3960	2138
3418	2077
4341	1956
3193	5293
4452	2762
2020	7896
6134	3306
3531	820
3972	1920
3016	2280
3532	1576
2770	6645
3465	1132
2687	1355
4312	6283
2066	1866
2022	1832
4193	2215
2849	1704
5821	1350
4927	6316
3451	6231
3114	1611
4121	1482
4318	1941
2966	2347
1180	1395
4075	1589
2695	2512
4616	1850
3856	2138
2523	2478
3530	6716
3334	1128
2747	1961
3624	1581
4313	1968
3175	1361
2755	1724
4048	1429
3395	1825
3795	1446
2973	1514
3744	2285
4244	1761
2991	1954
3492	1764
3804	2020
2311	1563
3865	1259
7057	2188
3880	1968
2472	1004
3669	2136
3991	1446
4198	7994
1842	8212
3128	1846
3740	899
4039	1696
3982	5592
3719	1147
3390	876
5481	7181
3036	1639
4241	1611
3240	1274
3716	1842
4911	2663
3371	5989
2968	1889
5825	4285
2718	1692
3765	2029
4994	4524
3520	2058
3605	2231
3445	1652
1955	8259
1730	2317
3701	2058
4382	1337
3762	2881
3460	1869
2610	2579
3314	1659
3252	1805
3307	1213
963	2031
4512	3711
4573	4008
4558	2683
2952	1062
3362	1279
2999	1737
4502	1577
1269	2634
873	2281
3570	7256
3560	1838
3406	1578
3112	1458
3145	1792
3752	1728
2625	2616
4507	1920
4024	1763
2903	1735
2917	6747
4320	1563
2376	1907
3647	1455
3052	2084
2572	2390
3509	2259
3720	1955
5008	1426
3780	1729
3338	1129
3213	1413
5770	2423
4428	2076
4370	2353
3374	1056
4459	7611
5183	1049
3608	1607
2811	1785
3135	1832
1588	3462
3633	1512
2939	6816
3555	1634
2191	1454
3512	1481
6752	1945
4108	3182
3370	1697
4022	1772
2879	1964
3914	2372
4158	2176
1593	2327
2934	2025
4165	1987
3736	2260
5325	9541
3466	1608
4298	8633
3651	6956
5114	9145
4064	8124
3480	5056
3707	1755
4025	2460
4322	1528
4639	2501
3168	1110
4805	2463
4632	2923
3729	1797
3792	2175
4240	2203
3207	1474
6414	2647
3999	1398
3415	1717
4507	3466
3880	7641
5467	3344
4022	2291
3184	1820
4462	1957
4346	8734
2949	7176
2631	2294
4249	1720
2445	2520
2920	2358
3562	1919
2838	2239
2326	5036
3191	1636
2042	1835
2463	4883
4699	2253
2638	2210
4494	2656
3904	1378
3430	1984
3944	1853
5041	1698
5667	1984
3000	5170
3924	1627
2615	3861
4528	2396
4161	1992
3109	6374
5203	2353
3650	1534
5416	2029
3081	1823
3160	1488
3506	2059
2582	1898
2821	1799
3789	1953
2568	2828
2844	5079
3462	6575
3085	1524
3219	1964
2904	1518
3851	2252
4124	1861
1528	1625
1723	7248
3033	2062
2787	8048
4272	1694
3357	1708
1813	1757
3502	6892
2184	3590
2695	3700
3276	1860
3456	911
1678	2065
4454	1142
2515	2523
5561	2164
6762	1639
3571	1736
2991	999
4349	2398
2742	1942
3922	2157
1937	2273
3196	1654
5138	7452
4174	8312
3951	1473
5131	1884
4264	2172
3228	1313
4245	2502
3110	6711
3899	1557
3611	6040
5934	2093
1544	1896
3795	618
4033	1992
3196	1169
1596	1829
3116	1397
4467	2154
4100	901
1616	1303
4712	7313
1776	1785
2245	2331
4243	2481
3691	1295
3260	1444
4001	1029
4000	2273
3657	1362
3737	2032
800	7487
2419	1420
3648	3662
3631	1187
4939	3173
3483	929
4829	2210
4741	4480
1728	8004
4008	7793
4314	2592
2517	1371
4949	2746
3529	1707
2959	1969
3752	7478
4165	1629
2627	2143
3375	1623
5267	2187
2285	1451
3034	1877
1186	2303
3929	8035
3100	2971
4141	2151
3923	1746
3826	6886
1935	1700
3520	1709
2830	2323
3651	2206
3056	7025
2862	1917
2524	2441
2870	7484
2918	7346
3033	1649
4258	2336
2062	1172
1970	4690
4290	1719
4539	2197
5040	2646
4641	2631
3677	1546
4918	3098
3224	1470
4413	892
3925	2004
4807	2334
3736	1842
4049	2001
3797	2058
2627	2094
2585	1883
3112	1607
3514	1756
9356	2217
3244	1776
3623	1324
3012	2275
3448	1600
4687	2277
4644	2699
4475	1355
3832	3342
2008	2286
3806	2082
3421	1908
4471	2524
3528	1691
3973	2183
4783	2021
3655	2620
2880	1721
4219	1774
3685	1539
3725	7551
3922	2070
3645	1878
4095	1692
4797	4673
3773	2404
2944	1724
5354	6998
4475	2340
4770	5955
3466	1516
4222	1961
2661	7684
5689	2565
3127	6575
4118	4879
3716	1893
3678	1161
3892	2061
3865	2099
3147	897
3123	3353
4084	1698
2915	1921
4611	2151
5726	2325
2209	2384
604	1803
3839	1289
3771	1878
4140	4108
4070	2323
3550	3017
2650	2298
3490	934
3438	1472
3072	2234
4582	2152
3907	1657
3666	1469
4091	1678
3646	2129
4283	2260
3942	1967
1149	1873
5011	2605
3666	1945
4111	2503
3395	3563
3991	1999
2942	1754
3434	1723
4690	7015
3474	2383
3477	2050
3268	5540
3936	7614
5463	2487
6028	2922
3777	7460
4333	1753
4194	1580
3742	1493
2650	1951
3600	4961
4118	2383
3932	6015
2655	2080
3995	2232
4544	0
3196	804
3693	1873
3490	1228
2695	7876
2724	1878
3643	1182
4049	7957
3868	2774
3690	1998
2271	1794
2471	6850
3974	918
1954	1856
3434	1917
3554	1236
4097	2044
4210	2352
4093	3062
3433	1395
3852	1980
2547	1783
5144	2558
3229	1602
4170	1751
4138	2456
2306	1873
4889	1507
3042	1837
1729	2834
3111	1692
3761	2376
2770	1272
3049	1848
3473	1543
4729	2489
3814	7570
2628	833
2411	8311
3152	1513
6000	2758
4584	2389
3057	1714
3837	1234
4388	1908
3994	1966
4530	2758
2685	2488
3006	1031
3419	1012
3256	1459
4272	1779
2864	1540
3540	6977
2449	1984
3907	2298
4170	3323
3774	1808
2146	2714
5728	2580
5227	3181
3350	1546
3026	2081
4244	6861
3967	2167
3915	2121
3812	7478
4031	2092
3054	1649
5793	2902
3905	4252
3741	1940
4762	2438
3102	2068
2785	2243
3164	1695
4148	8464
3535	1463
2837	1862
2379	2257
3083	2893
4065	2376
3815	2625
2740	2775
3591	1109
1858	2502
3262	1346
2740	3253
3376	1245
2043	1920
5332	2735
4206	1862
3026	1556
2419	1269
3829	2202
3268	1599
3005	1656
3875	1428
3301	2362
2882	3361
4114	1830
2828	2106
4140	5690
3489	1750
2938	1966
2405	1910
3051	1821
3723	2490
4780	2310
3374	5518
4988	2058
5123	2964
3017	1251
2529	2374
688	1832
4495	8233
3854	2691
3789	1544
3915	1427
3767	2227
3512	1445
3751	1757
2571	1886
4214	2091
4245	2395
4217	2214
3423	1645
3342	1322
1897	1884
2501	5436
3250	938
2433	4768
3220	1787
3245	1675
3362	1835
2904	7247
4061	2101
5633	3058
2231	1912
2334	1830
4098	7968
4407	2926
4009	6631
7014	2584
4951	6719
5008	2961
4698	1358
3400	1587
3467	1474
3304	1467
5543	2771
3388	1584
5693	2528
3503	2188
4421	1714
4273	1943
5281	7158
3890	2511
2728	1411
3791	6948
3356	1813
4825	1695
2387	2483
4043	2173
5925	9693
2359	8249
5760	1930
4607	2018
3915	2208
2019	1624
2727	1637
2603	5618
3800	1909
4527	2771
5703	9486
3848	2148
4728	2269
2772	7361
3160	1671
3663	570
3086	1363
2454	8408
5901	1971
6446	2756
4559	8189
2726	1768
2612	1679
4032	1180
5203	2755
2021	1104
2797	2335
3373	1920
3375	1236
3229	1664
2374	2316
2906	2428
2571	1306
3712	5831
3091	1411
3610	7193
3335	4474
3349	1597
5395	2315
3467	3646
2588	2158
2764	1736
2812	2082
3298	1653
1134	1299
4031	2295
3927	1532
2400	2359
3747	1388
3672	1652
3958	6719
1676	1275
2594	1994
3829	3182
3373	968
3151	1440
3942	2149
3422	2859
4642	2046
4818	2352
3497	1348
3080	1716
3717	2088
3633	7444
4326	1930
5541	1373
3454	1519
3028	2420
4179	3035
4943	4989
2342	1501
2763	7331
4431	1771
4495	2002
3671	1554
3735	6387
3556	1513
2091	2323
3581	1725
3267	1111
4481	1989
2551	2514
2764	1261
4948	2340
3499	1304
2731	1270
3342	1279
2988	1436
3757	1453
4013	1495
4326	2452
1956	2285
3741	5760
3072	5643
4064	2284
1319	2466
3265	6680
4644	1056
3346	1552
2651	6060
2247	1707
3602	2429
5056	2495
3826	1645
3707	5312
2747	2567
3031	1647
4039	1596
2453	1531
3884	1534
3089	1750
4027	2182
5231	2647
4131	2450
3968	1644
4256	2122
3570	1308
3569	1146
3714	2147
2601	2349
4294	2123
3757	1400
3592	3477
2770	2133
2989	1515
2897	2437
2980	1641
4081	7702
3125	6256
4724	8844
1398	2230
3888	1965
3404	1661
3316	1761
1193	1834
4188	2069
5231	2610
4607	2272
2046	1507
3570	6900
3512	1130
3814	1772
2652	7812
1027	7890
3782	2143
3613	2240
2922	1875
3180	1959
4392	2203
2741	2189
3587	2014
2692	2099
3705	7759
4076	2557
5125	2184
3361	1580
2950	1760
2685	8116
2081	1949
2480	2247
3306	6490
3546	1807
3897	1176
3177	5939
3669	1693
4722	2348
6548	9467
3443	2816
4482	8270
3642	1872
1863	1705
3996	1815
3033	2123
3411	2489
3679	1990
4445	2051
3672	2124
3305	1386
4726	2334
2741	2260
3172	1457
4269	2214
2363	8346
4829	1278
4184	2488
7708	1930
4876	1900
4114	1527
5267	3001
2441	1956
1826	2131
2290	2566
3484	4922
3316	1153
3642	2916
2892	1826
3108	6877
2549	1926
2940	7220
2327	1774
3949	2072
3749	1761
4723	2033
5204	1326
3882	2154
2871	2270
3722	1573
3364	6392
2718	891
3187	1591
2667	2191
2548	8425
3254	6375
3354	1477
2178	1840
2725	1931
3296	792
4413	2044
3447	1910
3023	4623
2950	7256
2189	1817
2870	1719
4269	1725
4087	1087
4230	1815
4124	8045
2760	2208
2813	2079
2493	1255
4641	2517
3466	1611
4627	1402
2520	2581
4671	2299
3923	1822
3033	2252
2613	1518
1278	2042
1242	1198
3924	2504
3490	2484
3312	6309
2913	1559
4946	1544
2143	2506
6157	1850
3832	2354
3887	2272
4182	2051
1625	2200
3557	1335
2820	1567
2121	1414
4021	2264
4261	2248
2913	1727
4471	1745
2098	1950
3534	1612
2395	2705
2119	3935
2300	1508
5696	2123
2888	1921
3438	1046
2486	2566
5140	2600
3488	1744
939	1747
2914	2084
6554	1800
3629	2204
3805	741
2536	2334
3581	1499
3560	1769
2925	1924
3840	1569
2171	2234
4086	1666
2501	4085
2947	1673
4140	2623
2722	2416
2138	2196
3806	1837
4069	2128
3089	1576
3876	1691
3487	1651
4294	2126
3371	6302
4311	2147
3427	1582
1496	1526
3710	1858
5747	1919
3598	1360
2302	1393
4535	1631
2962	4190
3107	1758
3973	2715
2594	2741
2184	1926
4407	2060
7981	1496
2684	1160
5914	1850
4871	1402
2595	2501
4254	2367
4891	2492
4944	3107
4287	1941
3274	1718
5188	8988
5673	2109
2582	1868
3461	2053
4004	2189
2343	2468
2927	2501
3952	1538
4552	2421
4531	8595
4003	7829
3894	930
3319	5772
5421	1322
3313	2020
3752	2281
2455	2085
5501	9999
3483	4392
4776	3599
4824	3248
2268	2721
3157	586
5180	2449
3245	1219
4124	2432
4286	2085
2464	1338
3222	1461
4007	1837
2990	2393
3754	1955
3375	1039
2850	1643
3274	1593
5313	9391
3884	2376
3812	1633
4509	1764
4588	2382
3380	1176
2206	3189
3817	1396
3615	2162
3520	4619
3512	1115
3236	2393
4113	2166
2897	2453
3238	1553
4339	1986
3255	1311
2611	2436
2613	2059
4019	2203
2446	1212
2550	2591
3976	2347
4149	2682
4424	8552
3588	4001
3019	1271
3938	1790
4299	1550
3774	2327
2195	2066
3126	1867
4303	3412
4047	5477
3701	1694
3925	8033
4299	2077
3721	1739
2608	2365
2736	2028
2882	1675
3580	2324
3209	1691
3354	1492
5205	4003
3326	1772
4978	1601
2649	2240
2766	2250
3284	1940
4170	2360
6082	3278
1929	2964
3114	6400
4581	2116
2041	1664
4354	2772
4251	2578
4152	2554
3837	7709
3904	1598
3170	1564
4056	2107
1988	1731
3959	2477
4093	1673
3319	1293
3882	2026
2617	2340
2908	2232
3181	5962
4710	1965
2826	1897
2822	5773
3591	1391
2969	1609
3497	1403
2754	957
4126	2737
4903	2999
3638	2159
4104	1804
3422	1487
4485	1584
2714	1045
4331	2358
3303	1379
4625	7750
3938	2704
5040	2020
3893	1719
3743	955
3628	4444
4468	2334
3518	6942
3717	1474
4605	1818
4662	2510
4058	8342
2260	2140
3622	5481
4475	1890
4099	2657
2857	2096
4034	2416
3007	6790
3469	1230
3670	1789
4290	3202
4844	2110
4775	3505
4398	1733
3906	2361
4282	1723
3961	1889
4100	8575
3762	2329
5431	2721
2844	3313
2637	2023
3656	1573
4964	2710
3228	1988
2953	4586
4228	8672
3206	1769
3734	1909
3927	1401
4285	8261
2400	8764
2369	2367
3746	1698
3999	2342
3027	1408
3652	1783
5057	8898
4157	2600
5003	3036
4264	2859
4860	4483
3390	1482
3885	2054
4158	2503
3498	1789
7754	2144
3977	1708
3935	1864
4455	2885
2598	2489
4411	2470
3985	2063
4525	2916
4044	1552
4414	2269
4752	2266
4804	2374
3535	904
2837	964
2467	2319
3650	1653
2921	6535
5065	2001
2832	1574
2621	1843
3801	1930
3691	2194
1186	8141
3683	2212
4016	2163
4559	2200
3421	6034
4001	1458
1257	7035
3706	1941
3553	1806
3105	1802
3812	1097
3242	5574
2820	1867
2399	1470
3022	2812
4077	2836
3150	1309
4207	8560
2751	1931
3671	2206
2692	1863
4011	2169
3777	1700
2681	2272
2993	703
2726	2009
2718	1741
2446	1762
2393	2031
2761	1581
3408	1638
2667	6320
4681	2534
2086	5706
2350	2027
3780	2808
3228	5037
4886	2652
4266	1357
3568	3769
3987	2418
3698	2160
4187	1929
4890	3444
3329	1802
5803	1554
3696	2932
5007	2402
3097	1992
5237	2636
4646	1855
3033	2686
4736	2528
4127	1364
5280	3083
4036	2999
3444	2081
3898	1855
4493	1948
4267	2667
3396	1469
3035	1371
5406	2165
4742	4563
3602	1278
2905	1673
5398	6878
1577	1933
8717	1723
3846	2077
3867	1580
3408	1719
4082	1500
3087	1521
2933	7276
4321	3052
5492	2609
2777	344
3886	2225
3229	1954
3152	1492
8632	2141
3290	1885
4553	2235
4344	2666
3168	2201
4905	2412
2740	4059
4369	1266
4054	3727
2556	1917
3838	2206
2499	2333
3549	5050
3658	1044
2440	1873
2914	6983
3243	4292
5004	2909
2931	5025
4766	2078
3103	2132
4378	1763
4059	2602
2541	1704
4503	1507
4759	2245
3357	1563
3809	2114
4004	6142
3114	1661
3560	6846
3962	1662
4760	2599
1775	2723
2707	7078
3470	2031
3530	4872
4349	2157
2747	2551
1628	1867
4300	2181
7539	2066
2624	2681
0	2191
3942	1721
3616	2033
3892	1911
4613	2762
3594	2088
3475	1525
3471	1926
4202	1248
7948	1565
3400	4316
3938	1579
3910	1226
3790	2271
2970	1840
3225	1164
2683	1205
3352	1246
3189	1278
3172	1718
3566	1389
3338	1542
3772	1949
838	1679
3865	2433
4091	3371
2069	2301
2793	2626
4102	2352
2319	2315
4162	1377
3468	4098
3244	3573
3971	2795
3063	2422
3954	7078
2485	2091
4474	1547
3109	1180
2880	2264
2790	1915
3261	1290
3814	2548
3638	1411
2929	1754
2902	1783
2468	3259
3449	6872
3991	1622
3142	1832
3397	1493
2227	1039
2957	1197
3075	1919
2139	2358
2986	1932
3968	2265
3024	1786
3358	1610
2065	1674
3727	1867
6370	9139
2423	1990
3095	1856
3768	1285
4197	2575
4632	2013
3450	1859
4097	3303
3100	1391
4493	754
3683	1442
4677	1933
4103	6190
4254	4679
3321	4290
4594	8564
4119	2433
5808	4490
4988	7528
5119	2530
3028	1670
3764	1905
3439	1807
3477	1374
2696	7865
4274	1716
3456	1538
2059	1688
3694	7204
3232	1476
3943	1641
2574	2630
4137	2148
5328	1964
4336	1293
4092	1976
3083	1324
6096	2719
2820	1289
2449	2477
2948	1258
2469	2117
3480	1018
3371	4841
3300	1012
3814	1336
3590	7095
4004	2851
3239	2083
3152	2260
3925	1346
3887	2035
2296	2311
3594	1502
5488	2532
2799	1715
3598	1814
5824	2459
3037	1590
3953	1609
2270	1579
3902	1771
4126	2068
3965	2009
4071	1871
2801	1268
3732	1903
3466	1951
3088	2516
4498	1173
2481	1385
3023	1771
2705	1503
3906	1540
4363	2167
3906	1878
4646	2146
3296	1897
3974	1783
2120	2214
3983	2084
4161	8492
3327	929
2908	6748
5794	2794
3220	1582
3833	1994
3529	6571
3237	1455
2872	1595
4824	2156
2232	2093
2708	1703
4322	1514
3745	2436
1991	2231
