560	19
2	19
306	19
3856	19
1094	18
2570	19
8	19
2669	19
16	26
1218	19
16	19
1999	19
2247	18
475	19
624	19
824	19
11	7
17	7
2	19
2	19
2366	19
1005	19
19	19
165	19
37	3
911	19
22	19
5	19
165	19
748	19
35	19
113	19
10	19
16	31
27	19
1054	2
383	3
73	3
3	19
14	3
430	19
1899	21
22	7
1343	19
54	19
2080	19
603	19
330	7
16	20
2836	19
3	19
16	19
16	14
21	19
10	19
1105	19
3	19
16	15
54	22
318	19
2	7
84	19
76	19
130	19
67	19
1000	14
17	1
1068	19
2804	19
316	19
11	5
1992	19
3	31
483	3
14	19
5020	9
24	19
48	10
206	19
13	19
611	19
611	3
17	19
14	15
19	31
538	15
2766	19
2	19
13	19
75	19
46	19
35	19
30	19
203	1
1673	7
1669	19
1162	19
1629	19
30	19
16	19
3744	19
2042	20
3618	19
532	19
33	19
21	16
13	18
5	11
24	19
44	19
1578	19
268	19
529	19
13	19
10	17
1327	19
60	19
267	19
14	19
1669	30
708	7
484	19
22	19
11	19
319	19
46	7
837	19
6	22
24	19
3	19
11	19
843	19
16	3
22	19
1510	17
25	19
0	19
11	19
35	19
1407	19
35	3
1359	26
159	19
0	21
2178	30
1592	30
1030	19
765	19
24	19
583	1
1070	19
0	19
1845	19
292	5
11	19
14	19
49	2
8	19
2	19
1819	2
926	19
6	19
945	18
6	19
41	19
1338	18
2397	12
14	18
8	19
14	22
8594	19
19	19
5790	19
59	19
1681	19
35	19
699	19
13	19
9969	19
2183	19
2	19
51	19
191	19
1523	19
8	12
243	19
43	19
0	19
2370	19
2	19
10	19
0	19
2381	10
1918	5
1615	22
14	19
646	19
33	19
3	19
24	19
1437	19
11	15
5	19
648	31
10	19
11	9
19	31
5616	31
25	4
1302	19
11	19
1146	19
198	2
791	19
3	19
2172	32
30	19
8	1
1418	19
524	19
2005	19
6	19
24	19
3	19
2	19
11	19
0	9
756	19
802	19
21	19
2591	2
5	19
694	26
38	13
13	31
646	31
1894	19
60	19
5374	12
1597	9
4129	19
27	19
13	26
9999	8
1523	19
227	19
2561	19
1427	19
1051	15
2642	19
692	26
1786	19
2	19
487	3
1889	19
3782	19
3194	18
3	16
1754	19
2693	19
43	19
67	19
13	19
92	19
49	19
2601	31
29	19
271	19
3809	19
1611	32
859	19
992	32
756	19
6	19
648	17
14	19
0	19
1464	22
3298	19
1907	15
2	19
16	19
152	19
8	19
14	19
967	28
273	2
110	23
1689	19
116	19
1054	7
37	15
22	19
665	25
71	3
3	19
2146	20
37	13
3086	19
21	19
19	19
4693	19
1700	19
760	18
125	19
1437	13
37	19
3893	19
17	19
3639	19
356	19
3	26
24	15
10	19
1067	19
56	19
5577	2
857	19
513	19
6	22
21	19
10	19
395	19
1462	21
5	19
10	12
483	19
14	8
22	19
176	5
144	19
1099	19
198	19
556	19
3788	19
30	19
1389	19
4955	19
83	19
2180	19
1854	19
5	19
1467	19
689	19
3	12
13	19
718	19
1764	19
602	19
475	19
867	19
25	19
1550	19
673	19
5128	19
708	26
17	19
1430	19
0	19
52	19
8	19
600	19
1213	12
184	9
5	19
246	29
70	19
529	2
10	12
3385	19
25	19
2180	19
1142	19
14	19
5	19
16	19
1581	19
44	19
10	19
1642	19
33	24
1988	19
46	19
5830	19
1440	22
2	19
1307	19
3755	19
3	19
406	19
325	19
2905	20
21	19
40	19
3864	33
1996	31
22	19
1788	19
2726	19
1188	19
6	19
251	19
24	19
0	19
1191	19
51	19
184	19
2	19
17	19
24	19
0	25
22	19
672	23
21	10
1119	19
14	19
0	19
1831	19
35	19
941	11
1099	19
65	15
10	19
826	26
2678	19
14	32
13	19
86	19
121	19
124	17
1402	19
33	19
0	9
6	19
44	30
64	19
1523	3
143	19
5	19
24	19
0	2
497	19
162	19
1326	19
14	19
8	19
35	32
25	19
5	19
2562	31
2085	19
270	19
354	19
3	31
25	19
25	19
0	19
519	19
2564	10
24	19
24	19
16	10
160	6
646	19
368	19
3	19
2443	19
3848	27
495	19
907	19
606	19
460	19
38	19
1091	19
16	19
4977	30
1543	18
2021	19
2667	19
17	19
94	19
48	19
22	19
1497	19
986	19
2	19
1500	19
22	13
67	19
0	31
595	19
1870	19
3085	19
3509	19
37	22
10	19
6	19
16	19
4455	19
2628	19
108	23
502	19
48	19
8	19
2	29
3	19
1692	19
5	7
1783	19
1249	19
1034	19
0	19
2383	19
2035	19
1453	2
4988	19
2545	19
14	19
110	19
6	19
11	19
778	19
10	19
13	1
183	1
44	16
3839	19
76	19
38	19
14	19
5	19
13	19
16	3
10	19
2	19
11	19
2496	19
610	19
797	19
6	19
2	2
24	19
21	21
907	19
38	30
2	19
865	19
533	17
44	19
16	19
51	19
672	19
10	19
3136	1
1240	19
137	19
17	29
2	22
56	19
29	28
8	25
6	3
3237	7
1450	19
2261	3
17	19
395	19
40	19
876	19
2150	31
0	19
29	24
7568	19
6	10
3561	26
3164	8
5	19
90	19
27	15
8	19
