1	3038
212	5264
65	8546
65	8585
5	2279
219	3847
136	3414
23	3121
131	6322
212	2132
1	4950
136	5667
1	2722
1	2415
48	5231
20	3826
15	3774
9	4084
121	3006
149	5381
8	6000
138	3064
43	6564
46	5196
186	3755
105	4312
57	5112
175	4267
137	4068
140	5876
49	5468
10	3754
39	3572
135	4334
229	3833
141	4107
30	4065
61	7936
28	3608
31	2928
1	5604
112	3709
38	3881
27	6856
1	4969
103	4285
43	4766
19	1843
161	4657
131	9524
130	4001
10	8227
89	6002
30	2603
44	5990
10	4120
97	4672
131	4701
1	3859
46	3919
70	4954
26	2765
52	4794
129	4722
125	6538
115	4161
66	6805
43	3810
64	4206
147	3348
141	4443
136	4018
62	4652
228	2781
200	2869
15	4489
201	3609
57	3477
1	4440
1	4116
97	5500
98	3649
47	4197
16	3895
214	4745
33	5006
38	5839
4	3976
129	3615
9	4126
58	5465
130	3495
92	3941
26	5058
5	5605
18	5020
134	3778
10	3351
20	4457
144	4447
122	2581
62	2589
140	4505
41	5649
129	5091
116	6391
17	4280
1	4193
73	4645
34	3978
212	2279
1	2271
26	4342
44	8778
60	4897
146	6433
1	5857
62	5575
133	2585
149	3898
100	4346
30	5890
90	4115
1	3032
41	3552
28	5777
95	6321
137	2971
20	6879
148	3868
158	2695
138	6524
154	4811
20	3607
109	5630
18	5346
160	2658
55	3172
1	4254
150	4222
39	3466
47	3488
116	3785
105	6535
1	2813
39	4893
135	3529
87	4974
44	4751
27	6227
71	801
132	4572
19	6680
72	3957
39	4687
141	5663
200	3124
148	2105
1	2099
229	4110
30	9434
135	3358
27	2854
138	4455
228	4071
146	7066
24	4864
1	4717
48	3842
1	4103
52	5935
151	3030
115	4767
70	5358
130	3694
135	4045
1	4407
143	4472
121	3066
24	4636
140	6437
27	4951
1	5421
160	5175
67	1706
216	7088
60	3560
138	4021
134	1995
91	6128
8	5466
55	4809
223	3090
28	2530
137	3795
112	4080
38	6048
1	4291
137	3418
135	2248
35	3795
148	4308
136	4454
29	5558
24	3190
137	3746
143	7963
64	5366
16	4590
18	2105
58	2280
28	8199
26	5474
5	3868
1	5233
6	4335
154	5685
156	4543
29	3608
131	3777
1	5207
133	2318
20	7300
120	4427
150	6826
163	5492
1	4241
27	5314
106	2888
20	3561
138	5504
31	5868
49	2691
54	4618
26	6132
105	3973
37	6798
13	4705
21	4739
131	8288
101	3393
144	4937
51	2737
36	3055
1	2455
48	4573
134	3662
114	4484
145	4354
110	5099
128	4718
129	4379
180	4470
18	7226
34	4293
19	5754
97	3658
133	2088
154	7588
133	3114
103	8503
137	5390
124	3186
142	7663
18	3226
124	2506
19	6389
23	5185
139	5058
18	1969
34	5919
29	0
97	4912
126	5560
1	4862
55	7547
148	2348
11	3203
10	5552
143	6492
44	4513
33	3826
18	2966
13	4304
135	3948
1	3498
1	3132
141	5619
47	4819
213	4175
1	3450
129	5208
207	2459
97	4802
22	4430
221	5058
227	4128
122	4125
135	3788
47	7677
32	4751
1	2877
20	5629
19	3801
38	3857
135	6662
19	4891
160	4865
1	5360
140	6859
162	4613
116	7282
96	7395
39	4409
153	6083
133	1961
60	7433
140	5479
18	7447
26	5216
27	4632
79	4540
157	3193
30	6598
88	6396
122	3068
141	5221
65	4096
133	3224
136	5621
20	3221
1	5381
133	5715
34	6914
1	6309
87	3686
58	5069
20	3243
1	4935
135	4556
47	5421
102	1779
103	4226
48	2759
144	4125
14	3060
39	6643
52	4206
16	3964
134	6174
122	3776
36	6076
141	5752
46	4455
92	3407
17	9046
7	2545
1	4401
116	7242
14	5712
104	5119
56	4373
125	3645
139	3098
126	7283
90	1632
133	3782
18	3414
154	4338
1	4823
56	7243
1	3230
175	3197
189	4080
68	6313
81	5351
130	6845
132	4246
11	2193
187	4211
130	3945
21	5173
19	1706
129	5857
1	3233
148	7566
33	4375
146	4471
41	8750
44	6030
116	6831
133	1920
47	4577
86	3157
46	3111
27	2083
49	1649
25	6660
139	6151
116	3291
15	3289
1	2362
113	5663
59	5063
228	6091
6	3240
22	3835
16	5320
19	4693
27	4435
16	3178
66	4131
140	6971
43	6875
81	7621
143	4869
149	2725
1	5178
1	2242
133	1192
1	2615
145	5488
137	4039
84	3471
141	4057
68	5631
10	3359
104	5000
39	2920
154	5986
1	4018
86	3145
1	4254
32	2725
154	4397
34	2112
33	5369
134	5684
135	4565
146	2808
220	6999
52	4257
28	5833
24	4662
101	4410
220	4054
24	2348
31	2359
30	6450
1	1901
159	4975
16	4149
28	4323
144	2485
1	2596
162	3473
26	4108
28	4695
116	6099
154	3766
133	4795
135	4422
32	6569
1	3825
131	3292
126	5452
124	7525
47	5159
20	4104
37	3435
71	7221
22	6229
128	5328
48	4388
18	3798
36	6391
147	3388
158	2176
1	2047
44	4703
138	3465
20	4502
13	5481
84	3494
45	6402
123	4156
155	5606
18	5274
60	5410
218	3712
55	5396
45	5242
17	4305
119	2906
132	5404
90	4734
45	4672
18	8403
24	4936
148	4824
210	4560
1	3638
128	3935
1	4320
144	3977
20	3899
36	3061
113	6769
133	4094
146	6518
138	2522
129	8480
173	6496
39	4712
132	4860
26	3641
29	2338
17	5182
128	5706
140	5765
129	3995
53	2988
23	4148
162	2125
135	5353
15	5056
154	4368
137	6691
13	1727
133	5113
131	3053
144	4797
49	6814
61	5218
103	4223
218	2424
27	4257
27	7122
54	3633
42	4078
39	5550
20	4464
99	4226
136	4197
173	4498
97	5637
58	5622
56	4207
122	6171
17	4008
220	5716
82	4895
136	6096
135	6322
45	5679
92	6793
45	6258
13	2403
1	4673
138	3722
170	3503
161	6229
39	6407
142	3860
22	2531
1	3639
204	5213
1	1269
125	1974
141	5847
188	4649
48	3220
21	4368
26	2865
37	3404
18	4430
37	2647
39	3887
124	5565
68	5527
29	6698
221	5571
97	4924
61	6958
1	4568
210	2746
17	7218
132	4874
160	3495
1	3831
225	3730
46	3216
187	3506
13	4776
51	6028
26	4861
90	4182
140	3331
1	2796
136	4388
139	4803
1	4415
132	5214
84	3499
1	5555
1	2503
1	2889
75	6435
11	5012
32	3055
22	4512
143	4256
41	5165
116	4265
142	4238
58	4840
29	2614
12	4309
106	5231
7	3230
12	3329
196	5965
10	4298
143	4943
112	5638
1	3543
20	8125
24	3989
45	2531
1	2883
139	3582
1	4176
119	6948
66	4351
1	7664
15	4402
152	6043
33	2992
128	3203
154	4022
137	2046
140	4653
144	4310
127	5547
155	3192
23	1089
134	2633
111	4204
1	4978
98	5971
143	4839
218	3994
112	4685
113	3963
116	4047
138	3977
148	4577
4	3886
22	5044
181	3168
219	3151
135	4504
35	4525
150	4890
121	4683
1	4720
9	5494
1	4904
57	4622
17	3872
65	4785
1	1702
39	7077
146	5379
71	3413
26	2554
65	4920
122	5113
30	5210
138	3856
45	2697
24	4721
71	4074
161	5894
30	1631
88	2918
24	5176
216	3757
26	4073
1	4520
173	3673
134	4274
65	2322
1	3692
58	3890
1	5346
136	1922
15	6206
48	4267
97	3317
122	3784
116	2224
1	5045
47	6234
89	4044
1	558
27	4397
49	2328
52	7109
162	3880
134	2914
10	3710
33	6140
30	4528
24	3418
1	2242
85	8637
33	3717
25	3709
1	2877
1	3900
97	5419
28	3488
1	6217
137	2712
118	3857
64	3375
143	4011
16	5287
126	4104
141	2825
24	2076
136	4528
4	8738
74	4924
74	6021
24	4747
143	4657
67	5309
121	8373
97	3790
224	4647
137	2979
21	5613
37	4829
223	3886
53	5197
139	2690
116	5726
18	4266
1	5494
56	3357
145	4527
35	2758
27	4192
58	5796
42	4619
207	3867
154	4168
73	5203
12	4375
47	4433
9	2801
1	5504
123	3873
20	3559
30	3445
43	5686
78	2357
75	4474
71	3617
150	5951
124	5958
78	6361
101	3336
188	6640
39	4525
58	6985
39	5221
137	3332
146	3883
82	5096
11	8456
39	4782
35	2673
1	5263
36	3102
18	7668
112	5736
11	4998
207	4231
128	5280
58	4675
15	2553
52	7567
28	5204
61	4320
36	5875
138	5603
22	4189
154	3743
52	2435
130	4657
138	5167
34	5458
45	3686
27	7004
12	2857
79	7283
36	4291
47	3824
25	2677
1	4018
230	5648
140	3255
173	5880
26	2300
229	4642
1	3750
32	3400
133	4011
141	3772
133	3563
229	2835
190	3954
56	5668
22	4090
1	3554
149	6779
127	5546
24	5356
20	6546
148	2826
39	2632
144	3202
138	4489
133	5562
1	3218
126	5571
146	5382
137	5109
30	2879
133	6076
65	3703
1	8262
49	4049
45	5138
27	5569
139	5692
129	4448
22	7907
146	4911
61	5685
57	4906
199	5142
1	5314
28	4901
17	4191
82	3256
192	3671
142	2772
1	4278
33	4815
146	1318
126	4393
111	2535
146	5584
36	8747
32	2658
55	6999
140	3850
109	4164
218	2739
52	5360
1	2865
40	4363
13	8510
24	4009
158	6208
22	7309
25	6432
46	4405
142	6649
5	2355
23	4100
226	5870
21	8351
1	3363
11	4292
116	4158
49	3592
39	1131
135	4539
140	5902
135	4526
132	2895
173	5338
14	5050
88	4768
1	4816
27	4170
1	5521
126	3719
132	7239
1	4664
52	4961
100	1781
63	3979
111	2588
72	4239
147	5209
9	3566
144	4501
97	3606
1	2306
19	4322
7	4084
126	4183
1	2070
138	3897
27	4146
130	5074
172	6616
30	3566
124	4482
132	6770
49	4130
56	5249
160	4153
50	3459
25	6859
1	4457
17	4010
1	2178
52	2571
126	4351
56	3225
138	3335
29	2172
177	5536
1	4444
1	7062
46	4593
130	3133
141	3762
1	3832
1	3133
1	3866
163	5323
1	5932
132	2783
29	5168
23	5169
42	3457
134	1959
55	4419
23	7419
125	4627
137	3546
14	5618
1	3258
89	2521
27	5589
160	4171
22	4658
121	4948
144	4555
56	4510
68	4741
154	5806
12	3230
143	4648
116	5249
3	6180
128	3149
55	3814
43	5677
46	5266
78	5010
32	4241
115	2781
121	4658
33	3382
1	4347
56	5459
30	4012
120	5899
39	3273
149	4910
139	5185
135	2448
155	2824
1	4102
143	3783
135	3647
46	5498
71	5338
140	1466
114	4669
32	3714
202	4785
10	4420
218	4617
31	4248
83	3462
21	4099
162	6995
138	3047
153	4760
226	6033
37	3524
140	4119
29	4296
27	2569
173	4481
151	5886
19	1855
17	6596
28	4562
1	5162
21	4252
15	5529
51	2089
33	1244
20	3730
138	5401
92	4547
101	2787
43	5431
134	2413
31	4511
64	1261
154	2958
31	4610
133	4116
58	7098
13	4929
136	6558
105	3399
1	4339
39	4002
44	4836
100	4713
1	4328
58	3892
1	7823
31	4948
151	3986
135	3575
71	5071
39	8241
176	6431
103	4394
145	4920
67	6423
122	3739
1	3375
130	7074
46	7323
27	4249
24	4379
49	1368
45	4420
138	4485
1	2998
141	4280
91	8969
35	3171
1	4209
14	5040
33	3530
140	4952
51	6094
1	4661
133	3979
46	5032
22	5783
12	3287
142	5422
36	3251
12	4786
54	5135
129	4611
97	4797
146	5633
65	6014
164	4511
141	2381
32	3826
44	4569
171	3186
140	4207
116	4700
39	3549
60	3557
33	6443
138	4782
49	5605
21	3177
30	4288
134	4802
127	5589
1	4300
36	5715
21	5105
30	6179
144	4290
21	3500
10	6768
149	5655
20	7417
134	4842
36	4643
131	4525
125	1954
102	3996
25	4777
132	2626
10	4634
14	1810
138	3384
45	3575
135	6296
12	4196
65	4614
114	3621
22	6537
24	3882
1	2883
125	5220
24	8018
1	3975
135	3487
141	4267
6	6689
52	5273
173	4084
36	4850
46	5664
35	5214
30	6964
43	4084
25	6643
73	2000
24	5024
138	6581
28	6332
12	4289
39	3964
1	6231
17	4638
198	6504
28	1158
4	4669
133	4927
38	5490
32	4652
1	5135
11	2193
97	6707
70	929
136	4266
60	4099
13	4695
1	3649
13	5897
25	5253
142	5717
125	2095
141	7114
15	4477
137	3033
216	3318
17	9580
129	3759
86	3553
31	4212
137	7538
111	1686
151	6120
1	5589
135	2216
1	6881
139	2592
34	3667
1	5062
24	3542
130	4210
66	5234
25	5553
1	5971
16	5187
154	5085
1	4258
58	4149
139	4816
119	6666
39	3612
178	4242
1	4385
16	5438
64	4055
1	5120
19	5520
52	5056
1	4916
221	3917
131	2835
76	990
39	4612
41	5838
52	3310
158	4066
68	4057
81	3677
68	4153
56	5110
138	4916
26	3734
134	4323
130	5022
173	3830
116	6306
134	1652
1	4014
14	5641
134	5762
106	5411
72	4791
133	3024
128	5001
30	2263
12	3026
60	7345
133	4541
19	1863
19	7303
82	3356
22	5319
138	1635
146	5505
34	5473
17	6222
14	3058
20	4484
22	2252
90	5979
33	4550
20	5652
65	4901
125	4581
29	4680
106	2697
15	6425
1	3268
130	9107
226	4423
208	5904
66	3289
28	4502
26	4002
21	2836
122	3569
27	3975
109	3986
44	3933
8	5488
1	4348
24	4275
29	5689
1	6128
162	3865
33	5950
136	7426
192	4492
57	4191
7	2354
144	3847
17	2761
60	1474
228	4588
146	3066
140	3798
158	5111
27	5395
26	2410
228	4816
21	5919
48	2120
18	5030
89	3996
45	4553
1	3558
134	3881
1	6732
37	4839
52	3951
103	5779
138	6071
11	5465
139	2566
81	7753
116	5360
93	5292
1	8541
92	6711
145	5461
126	4380
12	4767
134	3908
16	4060
126	3679
45	3078
17	4394
1	5442
136	4223
61	5473
57	6103
52	4808
1	8984
159	2815
192	4577
112	1000
19	5575
1	6261
21	3261
16	4148
23	4197
33	3348
113	4592
47	5025
28	3545
138	2487
67	4855
78	3786
85	2994
37	3038
85	1705
160	6090
146	3784
48	6095
22	5302
139	2835
15	3168
102	3791
1	4943
12	3544
146	5577
139	6136
131	4605
124	3591
53	6876
135	5630
1	4116
46	4459
116	5272
20	3911
107	5039
78	4442
106	5201
214	3311
99	6758
138	3563
36	3566
134	5391
141	5185
59	2819
140	5186
29	3934
154	5729
60	4211
1	5350
1	5687
49	6133
145	4972
116	1924
18	5595
1	2846
14	6107
92	3577
78	6289
5	3589
66	6040
18	5662
131	6324
46	4947
1	4335
32	5994
75	2560
54	5788
123	2815
42	3300
212	4164
160	5493
42	2951
20	4766
116	6003
180	1697
1	5156
142	4966
39	3573
71	2664
144	2308
61	4196
39	3827
58	2346
29	4728
141	4189
19	2331
154	5436
19	3070
31	3268
136	8346
24	2167
133	3394
144	5732
29	3790
133	4473
17	3144
89	6253
22	5803
27	7991
33	4808
135	4768
32	2782
123	5086
162	6101
146	3998
1	6264
42	4472
11	4409
11	5214
22	3455
56	5552
52	2354
88	4349
52	2775
116	5336
39	3934
97	3438
20	6377
47	5020
132	4615
137	1967
34	5373
4	4692
145	5068
17	4084
141	4472
150	2994
162	4277
12	3601
144	4504
85	5099
25	7182
56	3632
21	3898
110	2326
118	8910
1	6121
134	5130
122	5686
181	3421
9	2644
130	5148
213	8272
173	2641
78	5009
75	4215
21	2367
164	6536
138	3171
144	4273
162	4206
143	5669
120	5873
146	4063
1	6457
160	6349
1	5055
124	5276
44	4463
34	2558
52	5611
137	5262
139	4560
189	4561
46	6128
1	4301
16	3449
81	5983
162	4331
39	5190
107	5250
121	5892
133	6490
31	5209
32	3028
63	4400
1	6152
44	2788
41	2920
141	5905
131	3342
103	4393
58	9380
41	4854
137	7972
36	5121
71	6834
132	6081
93	6512
132	3787
227	4711
4	4780
138	3688
154	3277
137	3213
121	1214
2	6697
192	3394
1	4882
206	1721
122	3697
181	5662
94	3443
22	3260
223	3618
5	4980
1	2476
1	4441
64	4092
135	3377
135	5499
140	6180
7	5998
5	2721
146	4073
27	3116
148	5031
160	4980
26	4488
58	3315
12	6480
189	4241
20	3685
39	5744
12	4616
61	4212
78	3671
159	4281
138	3231
22	5417
50	3544
123	3398
134	8762
78	4705
145	4191
116	5300
137	5252
16	5468
47	4010
118	2976
45	5184
16	4313
134	6933
139	3323
84	5951
138	627
22	2862
1	4717
27	8030
116	2507
56	3516
67	7111
20	3815
69	2708
38	4913
103	4048
135	4852
1	2918
136	2082
20	3707
192	4741
146	4817
1	7009
170	2985
80	2449
135	4531
45	3230
18	4704
136	2535
19	3261
125	3645
15	6230
116	3794
131	5961
148	1718
41	4347
164	5307
23	5297
215	4311
130	4442
13	6211
130	5420
28	4707
33	4644
24	4884
34	5145
103	5187
1	4179
218	3775
130	5390
121	6417
106	4145
129	3404
65	4636
1	4532
5	6449
126	3098
42	7738
141	2137
135	3094
24	1395
132	7777
1	5858
11	5357
132	4091
199	6906
31	4423
208	5926
1	5120
116	2989
135	5758
81	3058
150	2764
141	2663
137	7257
46	2765
56	3688
108	4309
17	4009
1	4339
32	5481
25	8752
51	6346
134	6219
117	5467
133	5656
45	4123
230	4846
63	5893
2	4831
141	3180
116	4325
37	6671
59	4201
64	3688
72	4417
18	3541
23	3667
1	5411
30	4839
99	2720
116	6028
56	3519
60	5282
128	3440
88	6016
57	5195
76	2375
36	2717
17	4453
46	5276
144	3773
17	2963
137	955
134	2115
132	4682
1	6066
133	4676
143	890
161	3497
136	4193
56	4671
45	4028
155	6008
116	3500
34	4890
139	5060
121	3423
19	3127
1	4878
227	3995
142	4469
32	3758
1	6780
104	3969
106	7819
135	4991
160	5382
28	2990
192	7521
135	2165
78	2967
131	4660
144	4148
137	2433
154	2002
118	4313
138	5081
24	5021
130	4390
23	4913
125	3727
133	5638
154	3496
27	5425
143	4564
17	4245
70	4210
52	7627
30	4388
29	4706
20	2969
132	2379
127	4368
225	5300
46	4885
18	2020
212	3396
139	5272
71	5696
104	3778
19	4250
26	5013
24	4190
1	3890
143	6259
144	4351
222	8325
132	3401
10	5219
1	2284
60	5300
1	4110
30	6221
34	4268
1	4325
123	4658
161	4567
30	4010
28	6375
151	3988
163	4795
65	3319
30	5590
51	5470
52	3878
15	4071
43	1488
22	5757
20	4305
137	3767
113	6419
136	6183
192	4041
181	5447
10	6690
136	5099
52	5676
106	2469
1	501
133	4284
57	7118
125	4803
86	4097
28	3928
1	1005
1	4843
23	7811
116	4693
1	2762
123	4745
42	4382
34	3754
143	3649
1	3957
24	5126
136	3662
137	4991
29	2332
15	4545
22	4753
69	4830
173	2950
192	3284
56	5293
34	4366
173	8109
65	4646
138	6197
47	6098
31	4725
26	4505
122	6765
138	6081
106	6043
126	6494
146	6937
139	3024
57	3234
45	5006
7	7202
79	6122
1	4877
39	4059
32	1965
159	4465
38	5903
178	4523
14	4747
42	2610
141	4650
120	4977
158	5611
26	3990
134	1947
1	2455
40	7135
1	2256
47	4180
116	4753
145	5106
29	4573
144	886
133	2777
141	5440
128	4938
80	5533
141	3985
131	5563
218	4126
132	2858
30	2760
146	3144
1	6540
104	4620
56	5117
69	1828
135	4451
36	4847
125	1615
1	3780
131	5103
62	4766
24	5244
139	3939
84	4861
140	3705
29	4463
116	3809
38	4897
11	4759
14	2954
152	6553
39	2892
55	4445
125	2976
21	1668
135	1787
32	6033
50	4798
39	5868
8	2470
78	3177
116	5246
1	6197
197	3610
70	5076
1	4306
163	4831
122	3278
116	3851
51	5075
36	6300
46	4613
150	4016
1	4486
36	5638
30	2942
24	4777
16	1741
149	6769
4	4205
130	3113
1	5096
26	5683
15	4681
1	3684
126	4677
139	8730
121	3325
1	2419
148	3638
103	4773
149	6124
140	3783
47	6157
16	4352
10	3254
135	2578
112	8808
1	3000
1	5172
35	7959
131	5296
16	6643
24	5209
22	2842
130	4189
41	5867
57	5004
218	5068
1	5731
145	4271
97	3478
119	3256
139	4315
105	2151
78	3599
47	5071
48	5518
205	5423
31	3490
27	6225
1	4387
61	4528
25	4177
165	4266
18	3978
88	5634
123	4598
141	5143
1	2710
129	5132
32	2459
73	5566
133	1685
1	4246
22	7822
55	5895
138	4599
15	5488
125	5682
46	8160
72	3923
69	6591
47	5102
116	2916
65	4329
8	2028
140	6360
47	3821
30	4739
26	3106
113	6352
67	5457
25	6664
162	5004
1	3203
154	3881
152	3718
131	2993
39	2749
219	5532
28	5068
47	3386
148	3701
21	3939
22	4245
55	1951
62	3028
127	2485
126	4878
116	5038
12	3839
211	4285
57	5555
70	3106
39	6460
1	4944
119	3884
98	3972
6	4353
36	4615
122	2716
97	5001
87	4423
132	4623
205	3833
133	3829
143	4377
32	3169
21	4653
137	6966
165	4259
131	2995
1	5285
180	4633
46	3975
67	5396
16	3049
141	5971
1	4913
135	7853
26	4901
128	3487
43	4452
49	5277
52	3565
1	2449
1	2981
21	4265
214	4995
133	3754
1	3321
62	4086
133	6010
74	7282
58	3734
143	4096
49	2334
1	3387
150	5140
12	1542
104	5196
145	3518
71	2431
109	2360
141	4431
93	2789
49	6776
6	6352
1	1883
205	1282
116	3993
55	3820
113	5453
97	2562
180	4393
82	2776
212	2177
63	5884
1	5466
23	3073
142	2777
229	5820
39	2807
154	3059
148	4977
27	5044
135	6276
9	3775
46	4848
82	5560
139	3635
6	4127
65	4854
125	6301
16	5027
51	2413
131	4668
38	6319
6	6188
46	6306
142	6751
48	4529
30	3051
67	2069
100	3679
38	3787
138	3757
130	4026
58	3627
52	5274
130	3418
76	6223
20	5124
129	4804
24	5326
66	3669
27	2747
5	6638
136	4409
21	4240
15	3994
135	3574
141	5627
125	5925
72	2746
22	1781
17	4512
1	7635
49	5788
1	4398
48	5253
1	5658
116	2469
47	3375
143	7350
98	3719
126	4075
43	5180
19	2814
27	1509
24	4754
1	2119
116	4686
112	3892
2	1348
157	3096
212	6486
1	2442
116	1228
60	4979
228	6087
154	5544
42	3631
195	4194
94	3899
119	3247
125	2336
154	5859
23	5774
125	5122
136	3462
150	3814
25	2551
119	5931
61	2803
11	5476
163	6057
1	6643
1	5531
126	4278
60	2516
229	3449
19	6561
1	4352
46	3088
51	4393
138	5339
74	4562
39	2437
133	4014
20	4697
128	5106
13	2096
1	2881
125	2519
33	5675
224	7181
61	4925
65	5310
219	3017
218	3185
1	3677
109	2150
12	4744
140	4032
64	1954
128	4099
146	5044
137	5698
11	6888
145	3330
92	4523
142	7793
1	7011
149	2504
1	5263
22	5006
30	3224
226	4448
25	1766
45	3484
125	3733
1	3632
144	4033
137	5139
54	4368
155	4658
141	5255
1	4033
28	4184
126	4562
34	4485
62	5406
78	5222
152	3279
46	2201
63	4647
38	5606
32	3983
136	4712
24	4267
49	6267
110	5116
134	3410
142	3486
32	3462
1	8207
112	6367
111	2831
158	3173
29	6174
49	4556
39	3705
15	4360
44	5251
229	3165
12	4057
1	3716
66	5569
31	3666
112	3575
62	4858
131	2816
20	2625
221	6043
1	5224
58	5513
23	9424
27	983
30	3307
88	5040
1	5722
221	4387
88	4062
221	2944
124	4987
27	4469
31	4485
138	4037
139	3202
44	4405
65	4913
138	4168
43	5695
18	2868
229	3400
167	3608
52	1821
144	5225
139	7202
27	4676
29	5448
36	2343
192	5000
27	5356
139	4560
129	4768
1	4825
17	6273
73	4436
1	3640
167	4315
118	3911
20	4466
1	5100
127	3840
124	4955
39	3300
126	1100
133	4672
132	2420
22	2354
43	3273
181	7065
108	3481
141	3297
59	5996
54	4731
126	2929
189	3445
93	4474
1	4660
173	4088
159	6261
28	4816
124	4487
44	4646
25	1300
132	7094
196	3236
17	5559
18	3055
87	4701
113	2974
17	4777
67	6139
127	5402
13	5089
216	4673
1	4946
1	4034
136	2637
14	7580
27	5811
1	4357
159	3692
1	6711
128	3639
47	2517
1	4955
55	4856
129	2062
22	2646
132	7069
30	4544
47	3350
35	4463
39	5291
44	4489
32	5951
49	5661
205	4177
226	6586
1	5797
135	2747
52	3108
17	4273
130	6232
1	4600
102	4063
27	5568
136	2829
26	4801
24	4298
192	3404
75	3363
10	5032
132	5378
75	3253
34	5055
22	5398
1	4253
192	1900
108	1052
17	4136
131	3630
37	5006
39	5067
14	3068
31	4048
81	2129
42	7636
1	3986
208	3226
1	5728
137	3936
97	5025
4	2911
135	4914
31	5055
223	4771
62	2427
136	5541
33	2947
50	5486
205	4161
225	5733
71	5323
57	4141
34	1769
130	2687
154	4219
1	3668
141	4761
9	4412
163	6446
1	5965
161	4156
133	4866
1	2745
131	3862
143	4415
13	2413
4	3373
49	4883
1	2832
18	4448
39	5043
1	4693
137	3475
60	5085
116	3633
57	2152
4	2139
17	2647
28	6434
52	4905
20	3121
64	4867
65	7352
48	4651
131	5018
8	5906
129	5488
1	3494
39	5991
1	4722
10	2838
154	2125
171	6134
135	5790
77	2570
167	6273
1	5099
131	5033
1	3191
108	3990
62	6395
137	4934
85	3733
62	4849
63	5668
59	5743
230	5329
129	4142
71	4051
36	3722
31	6948
154	2510
116	5472
1	4683
1	5856
126	8020
44	4649
140	5355
15	5632
49	5464
132	5653
1	2348
48	2719
1	3645
54	2659
21	4786
139	5258
118	3000
154	6997
36	3665
138	4239
188	4385
69	4623
78	4962
140	5598
135	5470
33	5527
154	4662
145	5698
71	5456
131	1898
156	5668
54	3811
134	2881
124	1949
31	5708
1	5768
42	4667
15	4240
16	5576
1	2406
80	7398
222	7001
1	4658
45	6127
18	3452
36	5963
38	5626
41	3647
52	3805
46	5425
15	4939
20	4954
19	3573
111	6137
136	4933
208	5802
1	4979
36	7964
22	4235
95	3635
130	2927
5	2344
212	2497
130	3253
106	4233
132	4506
39	3849
58	5324
48	3499
1	4817
68	3458
28	4098
30	5079
18	5376
19	4270
138	4486
28	6857
16	5353
140	5017
20	4983
161	4386
17	2919
1	5679
19	6473
1	4541
14	2640
67	3241
21	4549
107	6413
3	4221
1	4666
96	5140
39	6408
78	4106
114	4876
138	2964
23	3866
12	5106
126	4727
1	3410
143	2863
144	5560
1	6390
125	4496
42	4376
131	4150
61	1832
11	3987
25	4421
129	5421
135	3843
23	3890
32	5181
136	2330
148	5303
65	3686
200	3296
54	5250
24	3173
19	5731
177	5134
103	4205
9	2496
141	6817
137	4320
103	6993
128	5052
134	5190
160	6369
21	4262
15	4935
68	6525
21	3509
14	6367
119	7832
127	4519
151	4210
1	4380
32	6319
135	1959
54	2211
131	5003
136	4049
99	5053
1	3459
220	6284
1	5881
31	5054
42	4175
144	3937
228	6032
132	3068
136	3619
72	5347
143	6791
121	5839
135	6236
132	3846
97	3044
58	4081
136	6200
127	7243
142	6013
133	3454
1	8410
24	3763
76	2582
33	4680
122	4040
37	5391
55	5161
205	3313
152	3856
20	3265
36	4315
1	1671
115	4047
133	3660
152	5041
1	4228
39	4210
15	4130
25	3966
134	3500
128	4138
146	4015
60	2474
116	3114
1	4728
29	4067
178	4749
74	5405
66	2936
17	6307
136	2303
46	4424
227	5508
42	2009
44	4065
134	5776
25	4370
142	3364
144	4759
11	2652
85	2274
141	2101
32	4084
132	3700
20	3507
27	6131
28	4367
135	4894
24	3957
208	2505
57	4474
21	4521
20	6141
1	5386
5	4749
22	4607
58	2427
39	4930
106	4982
144	5766
135	5345
36	5305
161	3720
20	4862
136	4137
127	3839
34	6122
40	5108
60	5786
226	4024
33	4321
212	5837
28	3361
29	7169
141	3705
146	4330
26	3085
140	3496
142	4684
1	2960
90	6544
32	6658
55	5471
16	4341
12	3642
136	4129
1	4520
192	5408
134	7186
154	4055
200	2406
1	6056
45	7764
19	3196
1	2266
108	5043
58	3056
203	5910
26	3554
22	3835
208	3140
1	5123
1	5342
154	2786
18	4842
137	3855
1	5111
26	7875
14	4064
92	5341
147	6346
29	3375
94	3205
72	6068
14	4715
23	4185
40	4394
141	5277
1	2975
20	2462
139	5342
56	3427
90	4510
73	2082
45	7009
60	5541
140	4687
115	5535
224	5249
86	3839
59	4732
20	3798
202	5804
131	5968
20	5717
47	5912
39	3887
135	5590
162	4431
137	6228
114	4549
49	5103
135	4889
127	5132
146	1565
209	5074
42	4431
142	6190
55	1684
119	4329
15	4395
9	3452
1	4269
114	4910
65	5140
26	4355
139	4441
45	4378
36	6121
29	2157
127	5041
134	5857
39	4604
1	6486
126	3987
36	6647
229	4768
15	6376
136	3337
82	2180
121	2758
9	5232
219	5009
57	2129
114	4256
26	9212
15	2186
212	3640
133	5438
163	2557
158	6298
136	5082
67	1974
59	2189
106	4563
16	4585
40	1149
21	5872
130	5151
15	7756
165	4722
34	4955
1	6283
29	3677
45	6895
212	4087
18	4894
15	5295
78	5926
41	3826
42	3188
27	6180
138	3616
146	6338
27	6051
30	3798
78	3606
18	5584
58	2909
52	2697
47	2708
39	2922
71	5100
63	2083
130	3593
21	3156
37	2560
34	4350
14	2888
29	3001
1	3150
49	5819
67	4130
11	2504
90	5041
112	3631
1	4182
48	3706
17	3275
140	1629
34	5125
1	7112
113	3289
132	4357
125	5576
30	3596
74	5970
136	4185
1	6750
103	4565
14	2730
13	2960
56	3959
49	1908
32	3172
32	1837
116	3631
118	5595
42	4618
9	3845
55	4584
134	4287
53	4407
78	4203
36	5547
161	2396
31	4760
149	3395
46	4411
220	4546
47	3628
39	3261
137	5342
137	1338
145	5876
91	3360
72	4502
41	5962
19	2259
53	5207
27	4974
24	4659
58	5026
1	5000
18	7390
215	4125
135	5820
135	4102
197	4348
1	2464
5	4119
106	6266
49	5476
67	5225
56	4355
8	2832
1	6255
133	4883
1	2974
23	2509
139	4816
129	7921
142	6143
58	4275
36	4162
141	3796
1	7389
39	3056
58	4863
72	5188
140	3138
39	4484
141	2467
6	4036
47	5404
31	5751
59	2426
174	5476
165	7608
116	4303
1	1547
37	4051
64	4672
101	5002
124	3252
106	2068
116	4609
134	5258
169	4621
53	7253
219	3028
137	4906
34	5458
33	5680
1	2182
143	8748
26	3262
212	5005
27	5632
1	4105
1	3851
97	3489
52	8197
114	7273
227	4293
134	4714
14	4860
212	3410
18	6691
24	3845
121	5669
19	5161
148	3809
56	5013
58	6287
162	6168
24	4339
16	2933
82	6665
28	5306
50	4343
140	4645
48	4364
201	2624
1	4117
20	6382
57	4582
39	7467
5	5920
52	4556
46	6236
60	2152
28	7881
40	4986
51	7021
103	2543
17	3520
21	5615
173	4391
22	3059
45	5976
51	5227
128	3305
57	2945
21	2463
65	5361
207	4840
140	5889
20	5384
23	6078
5	4145
133	3412
1	4363
148	3573
148	4388
14	5958
33	7114
35	3215
1	5629
215	4748
165	9260
9	3781
135	7298
224	3813
58	7846
1	5103
22	4793
137	4409
227	5044
21	4448
1	6379
27	4129
154	7251
139	5657
51	4477
42	4066
1	4856
29	3911
94	3185
30	2910
18	4349
148	5969
228	4069
37	3867
51	5705
146	5009
148	3837
22	4404
129	2601
1	4761
128	5137
61	6705
1	2702
2	4912
48	5407
20	5169
23	5208
28	5086
188	2087
134	4095
20	2025
23	5364
149	3342
28	4224
170	3954
116	4630
68	2272
27	1403
142	2633
1	4801
58	2965
7	4766
89	6512
55	3797
19	4933
101	3696
138	4982
66	3962
121	2342
55	5617
97	4371
138	4867
138	4855
35	7553
16	3798
123	3854
140	6371
19	6264
97	3419
21	4881
109	6306
39	3033
28	7525
20	4685
40	4330
1	3766
59	3530
42	4506
21	5046
126	9196
217	4713
47	4980
36	6208
2	5856
25	4891
103	4723
9	4680
142	5944
142	4617
154	3109
138	3355
1	5454
141	7029
9	3918
23	3057
62	5867
116	6219
47	4247
130	3115
117	4123
42	3480
185	3638
144	4462
143	4997
14	2393
28	5506
1	4253
116	3852
69	2917
55	2993
154	3491
13	3107
27	5502
1	5281
25	2937
46	4959
97	2697
135	4983
59	4754
80	4575
48	2500
57	3314
137	3424
3	3042
105	2275
116	2621
149	3507
61	5011
132	4500
138	4180
52	6700
130	3750
188	4358
119	3132
221	3517
105	4030
212	3592
139	2591
152	4589
9	2655
144	5248
69	4591
39	3063
30	4766
20	4876
89	3754
28	5554
15	5145
138	4704
133	4356
39	5178
92	2628
65	3259
135	5081
161	3088
21	5000
1	4632
33	4474
18	4294
28	5393
154	3192
60	5778
127	6479
102	5014
20	2455
160	4914
111	4007
64	4252
196	3322
126	3857
42	4648
133	5323
130	5613
64	5108
124	5832
71	3128
127	5125
9	5440
20	4447
98	3487
191	2959
18	2003
100	3960
5	4286
7	5422
34	7870
142	4629
52	5380
1	4663
1	2974
133	3495
126	5692
180	3377
40	9040
47	7888
45	4124
154	4915
36	7300
19	5271
127	2373
133	6293
124	4180
19	3794
1	3374
54	1550
49	3659
127	7746
141	4548
134	3172
26	2737
17	2561
1	2216
135	4608
148	5979
137	2361
18	4747
11	6399
66	4503
39	5094
52	5492
137	8838
12	5019
1	2573
85	3401
1	3919
149	2363
128	4091
20	4214
25	4893
71	5258
74	4141
137	3742
24	4091
39	7080
143	6656
140	5922
119	3376
33	5735
116	4422
48	6735
60	4533
46	6092
82	7479
93	4034
19	2220
131	7997
148	5298
41	3779
125	5048
38	3352
30	4585
46	1051
27	3878
18	5630
11	4690
47	5014
143	2064
21	3488
1	5185
192	4111
42	4042
25	1731
135	4609
11	3417
59	5570
90	3230
13	4623
113	3883
58	4153
131	6037
131	4612
116	6055
1	2781
1	4216
134	3697
28	4049
86	4091
20	5948
132	4857
187	5360
90	8186
73	3451
13	6432
123	6782
47	3781
154	5130
30	5403
54	5068
45	4897
127	4335
96	8125
143	4317
1	6923
28	1593
47	5109
126	3869
130	4421
228	2181
130	1309
1	4328
129	4679
1	4661
49	4159
1	5739
95	6781
38	5587
23	2815
155	5144
138	2041
162	2175
103	7608
1	3889
26	4807
134	3986
70	2454
93	3710
29	2461
134	4574
50	8233
72	4511
43	6172
45	5438
14	3557
134	3317
39	3627
24	4264
116	4928
39	1710
78	3258
64	2639
57	4951
1	4512
136	4260
39	3700
29	3335
116	2926
1	4586
138	3311
56	1233
138	5869
53	4101
28	3384
119	4233
112	6352
12	7443
171	5644
119	3889
1	3834
32	6350
138	4692
55	7508
18	3456
8	1848
39	2616
229	3575
53	3482
144	5554
135	5590
143	4112
17	3575
148	4859
1	6049
132	3587
133	5031
50	5045
42	6382
72	1904
140	6462
5	3200
11	5550
136	6258
27	5012
23	4125
1	1322
97	6433
87	5069
85	5810
19	4078
145	1610
116	2776
6	6053
27	5410
16	4718
137	4999
126	4859
25	5568
61	3649
1	2652
18	4490
154	4498
26	5145
1	5753
159	3212
1	4294
154	5026
144	2231
60	4545
143	6317
214	5140
3	4108
217	1263
32	4713
71	2410
113	2634
46	4628
1	3589
61	4395
36	1994
226	3304
205	5349
133	6417
21	4849
9	3999
20	2097
30	5889
148	5246
15	6508
131	5651
63	4337
137	4911
39	3418
1	5078
56	6476
125	4406
138	6140
143	5450
208	5157
23	3642
60	3263
17	4830
41	1051
68	3660
29	4052
136	3872
57	4192
130	4250
45	3552
46	7647
132	3824
209	3672
218	4648
30	2179
46	2206
154	3594
87	2362
20	5116
9	3986
131	3277
125	7023
60	1778
1	2914
121	3649
6	6568
132	3522
137	4247
21	5522
14	2427
133	3823
34	3987
16	2424
97	1741
1	4361
137	4941
161	7053
139	5080
183	5315
73	3261
16	5047
114	3711
23	4945
119	4227
227	4788
135	6220
30	2746
49	5523
13	4007
1	3810
25	6021
37	4643
57	4752
58	4791
28	3002
222	6158
216	2166
68	5322
47	3243
44	5913
39	4544
121	2806
50	4483
8	3868
137	3487
135	6341
31	1988
1	3926
103	7481
116	3130
19	5937
51	4212
1	5492
21	3943
18	4859
1	3986
9	4659
26	4135
1	6310
93	1452
14	5888
182	4240
97	5823
139	3866
7	5220
32	6091
108	4119
212	6126
125	5265
138	4365
15	6540
65	4669
130	5552
41	4045
19	4871
146	6959
21	3676
72	4182
210	4156
136	6271
157	1741
141	4160
24	4891
154	4953
46	5985
20	3742
135	5317
10	2634
132	3628
17	3557
138	4989
86	6348
140	3401
52	3069
157	4474
148	2114
20	6971
56	4676
65	3915
18	4588
18	4330
126	4405
123	4857
7	5273
39	4835
52	4993
23	3203
205	3661
136	4607
14	3255
136	5993
106	2940
132	3845
39	6049
4	5297
39	2519
24	3598
55	3300
14	7293
1	5437
127	3783
43	4340
23	3836
69	4204
116	4430
61	3628
62	5060
17	4823
133	6039
162	3550
130	3619
135	5082
51	4267
90	3490
138	3997
20	4773
42	5188
135	5374
59	4266
143	4418
142	3319
160	3491
1	4869
55	7304
21	5839
17	6763
19	4390
134	3811
134	6232
124	4731
139	5112
200	2200
24	1972
49	1936
137	6560
103	4140
116	8779
158	3491
39	3791
134	2731
1	6759
39	5424
123	6516
38	4827
127	6411
131	4269
54	2216
36	4769
19	4130
37	4991
106	3387
46	2298
20	2899
9	4102
148	5843
134	5087
25	4796
46	5384
148	6705
1	3892
31	3810
136	4709
22	4419
66	6666
137	5109
97	5194
127	4965
1	5425
151	5574
17	3330
51	6788
124	4208
39	5486
154	1752
137	4186
34	5481
192	4644
9	3859
18	3612
111	6452
138	4733
42	6567
45	4091
131	3091
143	4626
37	7180
52	6172
17	3178
204	4602
137	4417
22	5919
137	4159
65	7229
134	4750
124	4085
21	4509
85	4937
29	8613
45	3174
25	6170
229	4895
122	7232
39	3602
188	4238
20	6359
1	5043
65	5771
1	7292
8	5862
78	4567
14	3438
10	6341
133	4549
16	3559
121	6091
97	7019
144	4978
161	4534
122	5192
78	4854
44	4695
26	2278
139	3590
12	4314
154	3984
38	3829
135	4198
201	5106
81	4495
44	4557
142	3041
51	6899
212	3557
132	2406
39	5896
59	3296
52	4991
137	5377
137	4066
51	1407
56	3803
20	5315
147	5409
71	5323
44	6730
133	4250
22	7938
31	2140
1	2592
32	4100
94	2933
116	4739
52	3069
71	4899
61	5243
93	2918
19	3868
154	4085
26	2845
19	5324
1	5556
45	4806
53	3839
159	6005
49	3895
59	5364
16	4385
12	2946
55	5514
63	3812
37	5499
63	5432
63	3236
137	5161
30	3089
226	4375
124	2546
25	4573
1	4340
27	4934
1	3617
161	2930
19	4972
19	6227
138	2133
180	4662
1	5648
39	4563
103	2472
19	3864
130	5927
140	2722
167	2396
30	4967
135	4914
52	6546
163	3824
163	6045
135	6678
36	4227
5	3269
33	4532
27	2039
15	3533
141	3610
1	3513
8	6791
36	4355
46	4535
39	4726
130	6455
151	2352
102	6005
29	5696
25	4111
20	3661
13	4697
34	6270
103	4693
138	3408
140	4812
29	2270
116	4898
17	3670
49	1646
33	4920
129	3116
24	4283
140	7594
38	4842
15	2872
27	2983
210	2842
28	5707
63	7767
33	3504
154	6323
57	2528
1	7796
52	4110
11	2869
150	5962
154	4920
144	2816
81	2891
17	2457
218	4169
143	4867
116	3661
1	7899
13	4809
20	3993
138	6542
224	5394
125	5520
60	3554
154	3846
208	4934
166	2417
157	3436
217	5678
68	3007
138	5812
134	4320
45	5453
17	4284
39	5481
144	3270
71	6007
30	3717
21	4348
148	5231
141	4039
173	2440
16	3565
63	3533
28	2479
23	3415
14	3007
138	2632
1	5486
18	3579
73	3698
12	4391
97	5334
134	6684
175	4929
103	3682
119	5222
192	4039
62	6667
16	5170
39	4873
128	4754
100	4977
63	3638
35	5450
134	3242
131	6635
116	5687
124	4196
33	4950
13	3672
59	5493
16	4814
19	2909
141	7762
14	6343
43	3709
24	6741
1	4385
73	5472
131	5283
119	2167
132	5379
124	4168
122	5648
25	1570
39	2950
24	3468
106	3559
122	6246
142	5017
149	6304
12	4292
27	4542
22	4649
229	4517
134	5229
73	4139
104	3685
1	4782
45	8049
168	4911
58	4191
27	3937
134	4207
2	6192
1	3455
173	6444
21	3746
127	5917
6	2374
12	3001
26	3290
1	6811
103	4670
16	8022
29	6062
103	6023
1	3302
135	6182
34	3702
36	4418
23	5994
24	5202
144	5371
31	4891
39	4456
29	4906
133	3374
116	3744
14	6176
24	2637
117	5166
71	3456
136	1749
65	8751
1	7559
78	5204
31	7333
137	4176
141	4970
229	5007
170	1919
78	6600
1	6047
12	5057
28	2297
45	4857
76	2783
29	6116
148	2500
14	5106
161	4332
1	3698
134	3250
130	4822
21	5676
143	3097
4	2488
184	5961
73	3844
12	5423
140	4970
12	5106
19	5707
58	5067
24	4202
49	4094
66	5071
129	4473
97	3641
123	5154
144	8181
130	3740
133	2946
116	2744
212	5606
1	6635
12	4399
133	5177
41	4593
72	1772
49	6339
34	4839
11	6080
128	4455
220	4750
56	6243
1	2126
129	1291
175	5232
61	3709
65	6663
1	7158
23	2088
81	6534
143	2700
104	5635
12	6088
42	3920
14	3779
29	2957
126	4486
143	2466
39	3838
218	5036
47	3322
39	4628
133	6102
128	4510
176	2586
55	5000
1	6266
138	7676
71	6290
141	4964
99	4459
123	1826
21	3753
57	4676
115	4591
2	4071
1	4576
22	4822
70	4624
47	5260
46	4857
131	3159
56	5559
19	6060
225	3650
78	3251
10	4222
21	5773
128	4140
39	3072
133	4569
210	3307
69	2490
1	2885
21	4910
116	4571
1	7082
58	4344
54	3347
125	2903
36	3520
141	4327
222	3310
125	8539
53	5829
142	7044
22	8276
19	4384
7	4437
54	6253
61	4576
15	5643
108	4979
147	4225
125	5618
1	4398
138	3630
82	6686
100	3472
136	5265
116	3930
51	5502
20	2470
9	5576
27	5397
97	4043
5	4185
34	5045
154	1747
123	4775
18	5839
78	3187
84	5029
196	5002
133	3950
29	6396
1	3980
20	3848
123	3815
136	2539
28	4276
11	3147
138	7454
19	4891
9	2871
212	7466
88	6090
150	5597
143	6758
25	4710
14	4732
33	4876
59	5702
78	4374
63	3958
143	4767
47	6393
19	7176
25	5225
47	3270
149	4023
6	6124
138	6482
146	6191
33	3950
62	3110
73	3872
25	4775
121	2302
137	2640
23	4704
136	3406
132	4098
225	3465
99	3978
137	3924
126	3558
140	4719
34	5620
36	5754
225	7079
134	6354
129	5097
137	2650
135	4224
64	4831
230	6698
142	2768
10	4681
154	2411
12	5314
18	3697
43	6337
28	4868
119	2295
1	2698
39	5176
28	7057
20	2406
47	2161
12	3803
41	4451
67	6085
126	6026
162	5412
144	3796
137	6198
130	2945
154	2455
39	4994
213	4097
102	5528
131	6438
132	4390
34	2430
102	4441
137	4905
31	3593
142	2339
123	3442
58	3887
46	4429
133	3838
116	4844
28	4279
1	4994
173	4062
105	5506
116	3106
33	5944
1	6940
18	2285
1	3161
97	6999
27	5296
1	3547
56	4995
134	2466
227	4598
28	4530
21	4262
138	4483
53	8943
102	3910
220	5611
230	3882
42	2781
22	5167
217	4688
49	3307
132	5345
140	5465
57	4170
19	6798
46	3918
27	4760
25	3254
150	5195
23	4647
2	2419
28	5961
1	3163
141	3277
1	3682
51	4494
96	5985
129	2290
11	3056
46	5314
31	6357
120	6103
50	5773
5	5059
52	6477
135	3667
154	3924
1	4853
129	7617
51	4606
81	2807
140	5043
92	5774
95	1759
44	3816
16	5908
39	3000
20	3594
27	5589
33	2337
148	3990
87	5535
20	4954
144	4371
149	5333
15	4873
63	4847
5	3257
136	5136
1	2349
21	2766
148	9313
10	3806
33	2831
140	3766
153	4215
22	4075
10	5750
19	3075
133	4963
22	6093
135	4643
141	5596
134	4862
173	6862
54	5526
28	5789
38	5695
27	5711
19	2929
1	5205
3	4620
35	4772
55	5626
39	4130
170	5020
127	3372
116	5017
141	3429
43	3580
19	4739
22	3685
27	3806
148	3649
17	5180
106	3366
46	4791
20	3001
228	6068
131	4596
41	5086
147	5425
168	1931
54	5815
23	4346
54	3605
192	5284
154	3226
140	4152
35	5611
114	4670
4	5786
132	5312
146	7390
26	5164
7	2467
146	1811
29	6193
39	3358
15	7204
41	2093
59	5574
180	3807
97	5246
132	5227
82	2886
14	2731
5	4110
66	5307
39	5930
146	2714
30	5735
137	3851
26	4167
53	2269
106	4689
1	5322
103	3292
17	2032
70	2586
11	3956
29	6069
1	4879
1	4672
141	4399
39	3474
20	6258
116	3804
21	4862
54	8099
21	3268
63	5997
170	1820
133	3799
30	3404
34	4864
152	4024
138	4644
10	3427
52	6007
212	5836
27	4972
1	3274
22	2689
17	4602
16	4270
125	5817
31	2937
31	5474
1	2948
144	1879
162	6591
50	4760
136	2667
134	6138
133	1649
135	1923
33	3867
1	4695
18	3792
133	3361
1	3771
125	8416
13	5645
20	5682
1	6552
26	2612
140	2541
23	4074
67	5794
39	4100
20	5935
49	6093
1	5011
145	4333
48	5267
14	4453
40	2961
137	5458
189	5034
74	4670
60	5216
228	5785
6	3114
145	3602
141	4056
49	6596
79	7031
128	3968
16	5465
159	2879
138	3070
39	2608
92	4034
39	4767
125	4896
137	2168
84	4654
147	4722
1	6578
15	4592
19	4240
143	3485
66	5628
87	4286
15	9354
140	4716
55	3614
170	4944
170	6044
128	5368
30	3954
20	2833
188	5931
1	4482
33	5463
55	5141
16	3822
128	2527
133	3486
212	5556
4	7094
1	5145
28	4803
97	4992
132	4749
223	5638
130	5939
53	3948
86	5536
29	4491
129	7790
154	7927
132	3300
71	5264
27	4966
162	4874
30	2259
140	4400
134	7965
19	5421
11	6534
39	5212
112	4926
14	2493
103	3718
141	4320
1	6912
27	9364
121	4391
5	5046
133	2770
1	6662
32	5144
28	5277
47	1816
4	1797
146	2500
23	3680
1	2737
58	3383
132	4150
145	3056
205	5068
154	3481
57	6883
52	6355
154	6282
93	3868
20	5423
1	4657
103	4827
16	3151
154	5434
130	2725
192	2078
133	5281
142	3229
1	6516
162	5625
16	7007
7	4807
142	3867
50	5345
137	1836
55	3885
23	4842
9	4542
52	5250
135	4497
137	5925
28	4777
137	4586
28	5526
60	5388
104	4304
39	3654
129	5065
161	5416
128	3948
135	3094
211	3735
35	4758
122	4068
88	3775
10	2680
78	5298
27	5758
154	3260
11	3151
54	5558
1	5773
22	4837
137	4640
49	4485
134	3462
57	3093
26	3270
198	2118
135	3508
138	5612
52	4563
7	3141
141	3972
31	2943
37	2433
156	4403
52	4127
1	4379
30	5528
1	4737
15	2740
144	4452
47	4222
4	4964
51	5521
68	1859
102	5749
72	4540
222	5195
124	6055
135	3710
20	2554
1	3632
51	3991
33	3398
29	8787
13	3347
217	8820
9	8052
1	3785
58	7233
132	4337
14	3282
1	7595
66	3209
228	3261
1	7626
135	4367
217	5811
97	5436
45	3004
22	4350
228	5152
19	3585
35	3666
38	6636
1	4246
227	1666
17	6076
125	3957
47	3958
17	7295
1	1145
133	5297
1	5631
15	4841
1	2784
1	6019
1	2830
29	2104
1	6458
1	4398
1	6156
212	4137
131	3797
39	3001
129	5026
218	4079
1	6659
20	4127
144	5706
66	5095
145	5603
59	4648
30	2430
3	3700
26	3515
5	3131
154	3706
112	2460
9	4753
30	4811
51	3248
129	5325
135	3665
79	3851
1	5718
70	3539
105	6047
135	5802
100	5445
93	4450
53	3854
1	4409
140	4153
124	9999
1	5908
106	2153
224	3319
29	5078
220	6798
30	5131
154	3734
19	5906
154	2762
47	5388
145	4616
137	7576
5	3686
18	3391
68	4172
69	4231
1	4678
78	1734
41	5117
33	6895
25	4659
185	4405
129	4546
48	4869
132	4124
78	5380
192	6126
21	2761
179	6964
1	5529
39	7489
52	4411
190	4725
28	3993
13	3414
68	6125
12	7634
212	3738
138	4360
30	4194
15	3480
28	6653
13	4083
52	5392
127	3429
144	5383
168	6463
130	2291
154	6087
37	3355
133	4269
12	5314
27	4805
28	4066
1	5987
154	5687
140	4966
23	3062
22	6323
138	4549
8	6061
136	2675
129	4191
175	2024
205	4530
22	6275
123	3734
159	6461
84	4817
55	3659
1	4388
130	2695
217	6453
27	4991
43	2008
100	4734
34	6324
1	2900
194	2257
20	4841
35	5897
141	4005
44	6906
214	3447
46	4131
112	7932
123	6368
131	4470
207	4030
1	3898
5	5636
129	1409
52	4170
116	5889
71	3487
48	3992
139	5050
119	4946
151	2121
160	7554
10	4708
152	3293
40	4370
161	3236
127	2416
34	5514
1	3096
18	2199
130	1936
1	2621
140	1603
62	4277
155	4630
1	4590
29	4284
22	5510
21	5993
1	4717
42	7375
1	5749
135	3770
133	4894
170	4977
197	4711
7	4271
124	3543
188	5671
44	747
178	3146
133	2397
110	4078
78	2661
132	2404
111	5238
1	2774
19	2849
230	5644
37	6396
32	3293
18	5817
66	6740
160	3479
1	4978
11	3229
139	4355
133	5639
15	2921
24	6204
215	5109
44	6250
131	4554
20	4576
180	5198
51	4316
93	4693
140	5255
141	5476
1	2384
133	8235
166	5791
44	5806
65	3580
16	5915
164	4050
73	4849
122	2422
19	6301
149	4999
138	3278
36	5112
192	3410
1	5572
160	4505
230	4654
134	3428
24	3707
125	3166
135	4417
127	6573
20	4037
154	6034
21	5758
18	3583
1	3831
