6931	2650
5281	2049
5836	2437
6405	2220
8763	2882
3875	2607
7434	1612
4692	3331
6147	2557
7658	1964
4398	1400
2830	5403
3698	3371
6862	3494
7158	2512
8004	1916
4428	2646
7824	2404
6440	2839
4493	2411
3820	1880
4536	2221
6522	2819
6809	3864
2062	6969
5462	2737
6715	2939
6963	1900
9450	2232
5125	2358
6263	3404
3441	4236
7550	2998
7769	2456
7813	2214
2723	7081
7495	2766
5594	1336
4083	2012
3968	2153
5906	2650
5108	1826
5295	1414
3540	3602
4375	2391
2069	6975
7996	1498
6545	1834
7422	2093
4557	2467
7750	2023
2227	6620
7235	2981
5203	2162
5810	2596
4570	3302
2244	7493
4718	2880
6599	2107
6313	1976
5907	3365
5079	1464
3855	2695
6190	1426
6089	3348
7313	2618
4098	3585
6350	1591
3743	2187
7249	2278
5592	2612
5479	2836
3523	3902
5165	3496
2794	7788
7112	2772
6691	1372
3772	4715
4474	3782
5186	3841
2889	4893
7839	1190
4848	1808
7389	1905
4191	1922
2847	7310
5643	2919
9999	3748
6164	3114
5288	1624
7403	2188
6007	2682
5098	2837
5811	1897
5277	3646
4913	2240
6997	2780
3841	2582
5135	3480
3142	4158
5349	2155
9653	2411
6325	1465
7258	2778
6087	2649
3697	4374
6957	3366
5502	2163
1624	7763
7382	2814
4389	2469
1103	8753
4265	2664
6284	2045
6795	1852
4910	2401
4795	2907
7956	1516
4061	1500
6633	2014
4674	2527
6383	2407
4943	1272
5494	2359
5933	2536
6587	3526
7452	1246
6044	2141
325	4675
4815	2337
6902	3510
1006	7224
4753	2897
8407	3287
5024	2004
2574	8289
7229	2259
5178	2267
5539	2483
4628	2551
6298	2477
3430	3903
7429	2980
7867	3187
4949	1768
5893	3018
6683	3180
6936	2473
6803	2280
7737	2230
5278	2992
4155	3081
3630	4218
6571	3167
4736	3095
7240	2094
4095	3472
6281	1945
7473	1982
3053	6429
5833	2326
5930	1824
5621	2712
5131	3124
7006	2239
7546	2762
5608	1217
7038	2653
2980	3851
4662	1628
5635	2420
6625	1563
2555	6551
1820	7545
2437	6913
2016	8130
4343	2573
7367	2454
7336	2171
1275	4153
3569	2686
4316	2515
4496	2103
6663	2589
4554	2402
5456	2443
5551	2015
2277	6492
7733	2238
6927	1642
8573	2353
6079	2031
5501	1519
5714	2585
7796	2893
7064	2232
7251	2725
6700	2824
7453	2374
2262	7935
4775	2257
6373	2389
5289	3520
6237	2712
3796	1558
1704	8529
7369	2823
6597	1733
5303	1463
4558	2587
5884	2335
8136	2851
1753	3905
3214	5604
3831	3412
5731	2710
4252	2662
8546	3067
5518	2848
6706	1893
4925	1601
6003	3457
4640	1525
7500	2031
4922	3258
5560	3148
7856	2110
3557	4164
6621	3070
4424	3339
7366	2892
3274	5402
7043	2863
5021	2751
1851	7244
6160	2485
3135	5716
2444	6109
7226	2215
9066	2128
4874	2437
6646	2745
4110	2464
4263	829
7912	2979
5054	2307
2201	6568
6381	2478
5805	2580
4905	2836
5497	2087
5089	3089
5467	2461
4550	3159
5747	2173
3566	2660
6078	1933
5677	2278
7580	3098
7083	1932
5482	3601
3431	4722
1663	5958
2077	6783
5298	2884
3332	5077
7534	2102
5993	2764
6971	2555
7566	2131
7029	2556
5784	997
7437	2272
5522	3435
1795	5753
7542	3327
5679	3476
1899	6575
6423	3338
5602	3035
4532	2056
5597	2042
5322	2172
5083	1826
7884	2937
4569	3160
4912	1707
5238	2128
6514	3302
5988	3535
3089	6796
7398	2329
7887	2201
3481	4037
3664	3346
4848	1778
5573	2991
3262	3900
9675	2956
1966	6357
8489	2366
8462	2798
6110	3467
4180	3128
3701	3248
6033	1168
2851	3943
7636	1777
4548	2542
6634	1081
2290	8879
7066	2487
5448	2506
8036	2626
7925	3096
7529	2564
2788	6706
7010	1443
4755	2200
7174	2693
4985	1892
2720	6032
7588	2836
4780	2489
1706	6131
4203	2706
5173	2606
5766	2510
4200	1902
5099	2590
5153	2339
7488	2067
7769	147
6410	2275
5427	2523
7058	2838
6690	2105
4019	3335
4132	1064
3435	3800
6590	2018
8219	2179
8506	2273
7432	1367
9252	1082
5705	2362
5280	2237
5319	2309
6337	951
7446	2735
5636	2268
7081	1985
6028	1724
4281	2546
5854	2463
3440	2906
3404	4625
5920	686
6122	2195
8762	2182
3768	3830
7183	2578
7667	2158
4847	3357
7683	1900
5992	2929
3180	4734
7460	3648
2931	6268
6133	2246
4603	2619
6393	1578
5792	2539
3526	3797
6873	2437
5933	1767
6422	2953
5908	2148
2633	6169
3038	5657
4317	221
8148	3777
7675	432
4269	966
8115	2734
6101	1947
5237	2020
7694	1783
7795	3060
5553	2220
7609	2957
6798	1418
5234	2965
7436	3705
3200	3887
7508	2187
3052	5439
4043	2488
7552	3260
6912	1708
3301	4873
5716	2368
1214	7873
3392	4872
5525	1689
5143	1602
5665	3737
6177	2307
2490	9340
6000	1915
7758	3367
0	8382
6781	2038
5102	2064
3640	3471
7861	2881
7985	2110
7212	1864
7159	1187
2753	7130
7592	3092
2540	5291
3815	3647
6892	2483
2055	7259
7146	3457
7373	2417
5065	1905
7867	2109
6393	2464
4582	572
2816	4907
7465	1637
6492	1962
3617	3123
3752	3272
7351	2087
4673	1091
3568	4328
5274	2690
6193	2359
5430	3120
3531	3933
4439	2429
8345	1962
7347	2162
5719	3194
2292	5950
7712	2097
1912	5840
4643	1668
4636	2630
4228	2428
5017	1442
7498	3132
4739	2855
3530	2407
7218	2229
1982	6830
8139	3498
8071	3051
4061	1301
7291	1645
7237	1937
7330	3551
4294	3211
6805	3746
5977	2468
6926	1091
3054	6223
6176	2687
7915	2209
3429	3671
6154	1853
5973	2783
7114	3110
6658	2788
5309	2900
7332	2695
6356	2909
7496	2259
6475	2228
4996	3521
4732	1818
7960	2645
3797	3126
2268	7749
5648	3167
1244	7579
7943	2930
5532	2170
7654	1948
5194	1678
5668	3370
7269	1256
4692	3147
6495	2433
6337	1781
5477	3652
8214	1459
6723	2701
7209	2422
5046	2715
7009	3335
5223	2016
6486	1198
2918	4928
6132	2174
6011	706
7322	2221
2077	6706
5781	2206
7511	2642
7303	1736
7162	2211
5293	1888
1974	5842
5353	2781
4495	3230
7216	2074
6609	3802
3143	4098
4109	3576
4313	3382
7177	3046
3137	2830
6561	2946
5980	2105
7438	3486
8254	2292
6799	2912
7407	1681
8566	2122
1623	8348
7466	1757
2233	6690
7783	2312
7016	2286
7270	2101
2291	7222
7573	3588
5462	1990
4628	3117
1958	5890
7755	3822
6619	1311
3657	2926
7464	4119
3655	3296
6718	2091
7654	2750
4658	3888
4974	3008
4491	1936
9041	3314
5149	2163
7224	2291
4441	3369
7775	2393
6843	2662
6709	2079
6995	1498
5283	2386
8392	2027
7621	2541
4868	2752
8481	2079
8789	2617
7198	2594
8272	2365
5183	2415
9039	2036
4808	3432
3195	7437
1696	6319
5488	1832
4155	3642
7160	2153
7890	1873
5216	1382
6689	2009
7652	3235
6219	2735
3544	3789
6993	2660
4684	3240
3810	3067
3906	3336
7438	2646
4319	3871
4092	3814
4388	1866
4053	2214
4061	2769
4764	1755
4577	2712
3015	6514
6241	1972
6549	2728
1067	6238
3503	5469
7269	1070
7733	1863
2850	4438
3603	2631
6255	3101
4880	1483
5602	2566
3358	3230
4178	2775
3084	5625
6189	1460
6540	2937
6098	3244
7423	1760
1724	5470
4825	3976
6327	2463
6585	1755
5157	2159
4407	2580
7845	2905
3267	4654
6267	2830
7952	2481
6693	2987
3936	3873
6034	2676
7298	3131
6600	2870
7789	1172
7972	3202
7697	3419
2580	6719
2240	4511
7681	732
3770	3675
5391	835
8203	2109
4053	2887
2572	6316
7114	1987
4891	2430
4079	3119
7894	3132
1774	6549
5618	2827
6629	2886
4468	3669
7710	1713
7224	3092
6789	2483
6679	2613
2950	6389
5877	2518
4348	2436
7035	1783
4860	1847
5069	3430
5791	1685
3941	2974
6037	2424
5362	3589
8353	2173
7503	2475
5959	3012
4173	2541
5410	1019
8461	1883
5057	2484
6207	1931
1706	6630
704	7871
4892	2351
7349	2163
2907	6622
5011	1819
7278	2477
3957	3025
4208	2295
7112	2367
7412	2614
4938	2805
4406	2370
7125	3017
7412	2512
6423	1779
4747	2325
6277	2991
8988	2497
4028	3178
6214	2434
5244	983
7200	2410
6141	2876
7639	2254
4492	2840
6050	1641
4750	2403
5658	425
5276	3325
5149	2047
3590	4873
4133	1510
4656	2569
1694	6090
6630	1905
3463	3125
6801	2453
5724	2774
8627	1947
4265	1623
5141	1806
7285	2415
7140	3508
3814	4568
7286	2285
5770	2290
6854	3186
7285	1646
3332	6983
4102	2799
7809	1162
3992	3466
7714	1268
5230	2957
7438	2800
7325	2864
6878	1845
2075	8002
1844	9025
4759	2951
4861	810
5227	3097
3597	4376
2324	7218
4881	3182
3355	5634
7425	3123
5632	2673
5139	2456
4516	1847
6471	2083
4834	2505
6806	1278
7965	2658
4664	2441
6841	1849
5369	2164
3465	3567
3901	3764
7541	2064
5132	1544
4926	1834
3836	3516
8104	1347
6906	3134
6963	1890
7071	2557
5291	2852
6617	2289
1898	7023
7684	3209
6240	2169
7173	3000
6256	2525
7612	3308
6598	1123
5901	2876
3995	2857
6748	1344
8330	2796
6703	1890
4912	1986
7107	1908
8397	2759
5046	2735
2090	7160
5222	2384
5159	2471
7762	1661
7784	2288
7189	2729
5724	1849
4099	2613
6869	1897
6826	3007
6772	2742
5275	3512
6251	3538
7250	1589
4813	1333
6690	1813
5318	2329
7266	3549
4699	2334
9433	1544
6584	2109
5957	2728
5330	3266
7855	3064
5731	2551
6286	2950
6907	971
7748	3985
5182	2775
6893	2576
6969	2794
4730	2828
6156	1923
7537	2158
4475	1813
6226	3262
1397	6837
6367	2663
3084	2344
5238	1913
7719	1736
4236	2581
4880	3602
2055	8435
6024	2949
7891	3225
4880	2579
6129	2823
4891	2374
2973	5264
7352	2393
5024	2286
5302	1712
5421	3856
6918	2832
4173	1383
3326	6471
5324	1806
6004	2861
4932	368
6615	910
6732	1977
6812	2353
4774	2771
5790	2200
3500	3199
5124	1808
5083	1729
6569	2504
8255	2424
7452	1739
2830	6359
6324	1678
7197	2407
6466	2884
5811	3652
6074	2745
6365	2806
7344	3593
3254	3596
5435	1938
7908	2511
6789	1881
6281	1223
7158	3108
4155	1928
4853	2010
6076	1530
7465	2403
4142	3531
7210	3924
7555	1871
3494	3615
5014	1549
4079	3984
5434	2677
5874	2855
7216	2220
6395	3071
2810	6549
6013	1846
6805	2081
5962	1937
6215	2667
3337	4468
7260	1636
7775	2982
5481	1118
4246	1458
7342	2436
3803	1975
7022	2082
7089	1749
5489	2047
4384	2727
4942	886
3321	4692
7553	2450
3572	3941
5036	2835
9559	1982
9828	2275
3635	2848
3727	2612
7306	2868
5355	2172
5069	754
7542	2053
3999	2609
5521	2723
3579	2732
3891	3150
4231	2325
5537	2510
6824	3801
4193	1616
7134	2836
1714	7448
5959	2163
4976	2729
7250	2475
4715	2937
6209	2039
5895	2640
5569	919
4705	2509
3684	3030
4968	1854
4865	2311
4502	2775
2580	5818
7917	2601
7055	2008
4435	1693
6109	2699
5464	2420
4883	1644
4157	2423
5371	0
7463	1769
5043	2973
8181	3066
5384	1576
7351	1781
4710	3250
7986	1796
7570	2308
8162	3560
7677	2995
6644	3116
7527	2710
7533	3199
5619	2521
5339	1761
2851	6569
6903	1574
6378	2325
7349	2923
7964	2391
6650	2790
7137	4218
2305	7945
2482	5203
6668	2196
5937	2818
7243	1900
3966	2789
4263	2760
6834	2104
4796	2976
7451	2324
7025	3247
7636	2110
5083	2889
7598	2086
7605	2665
2475	8698
2151	6083
2460	4422
7735	3288
3822	3013
5416	3251
5017	2278
5133	3427
3984	2741
7188	2321
4462	2810
4760	2582
6782	2003
5455	2397
8138	1892
4150	2737
3721	4774
2596	6250
5007	2865
4364	767
4973	2427
6990	1813
4976	2356
6155	2741
4721	2197
7157	2597
1896	6657
6283	2006
4288	2578
4860	2825
6659	1699
7236	2851
5824	3447
4778	3394
4586	3030
3051	6767
8582	2508
5326	2639
5977	2809
7023	2797
4027	1565
4573	1991
5193	3284
4287	2226
5465	2191
5353	3013
4480	2605
3118	5242
7587	3419
7226	1267
4289	4450
6656	2771
7660	2073
6571	2024
6317	1848
5475	1214
6135	2432
7046	1725
7491	3151
9386	2250
6658	2726
1499	9999
4458	2438
2758	4142
5591	2909
6597	3146
6905	2144
6449	2308
6906	341
7936	2727
6715	2305
7497	1611
7215	2547
5013	2096
3973	3531
6890	2126
4698	1881
1172	6460
6116	2095
3814	4059
1870	5236
7107	2059
1887	7698
7326	3206
4831	988
5492	2446
7791	2011
2138	8327
5991	2409
7706	2812
7699	2458
7182	2382
3222	4764
