0	1261
0	9068
0	1849
0	9989
1	7340
1	3056
0	9822
0	9953
0	1969
0	9984
1	8889
0	7407
1	8850
1	9998
1	3603
1	6584
1	9910
1	6286
0	1303
1	9988
1	9986
1	502
1	1305
1	9018
1	7513
1	9572
0	9855
1	6873
1	1189
1	7840
0	4149
1	1754
1	3971
0	8529
1	6810
0	9699
0	3420
0	7317
0	9351
1	8572
1	8965
1	9982
1	2438
1	9927
1	1632
0	9767
1	9104
0	6593
0	7063
1	1875
1	8491
0	9650
0	1244
0	9267
0	8702
0	8490
1	2309
1	7682
1	9994
0	9884
1	9801
0	8190
1	5726
1	7917
1	7234
0	6338
1	9525
1	9998
1	8865
1	8846
1	9362
1	9361
1	9941
0	9676
0	2396
0	4647
0	9662
1	7960
1	167
0	1081
1	9928
1	773
0	1937
0	9627
1	6279
0	7135
1	9477
1	6161
0	5183
1	9986
0	1043
1	6300
1	2607
1	9751
0	8945
0	5280
0	9887
0	51
0	8956
1	8677
1	9998
1	6091
1	9550
1	2226
1	9758
0	9903
0	9282
1	6580
0	2229
0	3981
1	1268
1	1469
1	1162
0	2454
0	9421
0	3057
1	1446
0	9069
1	2539
0	9638
1	6461
1	7185
0	9837
1	9995
0	5381
1	7688
0	9462
0	9217
0	2177
1	3846
0	9345
1	3195
0	6828
1	9997
1	7582
0	8837
1	1827
0	7904
1	5384
0	671
1	5859
0	9049
0	8684
0	8354
1	1270
1	1746
1	1433
1	816
0	8538
1	7864
1	9993
1	7923
0	5743
1	1341
0	8519
0	8292
1	930
0	8205
0	6443
0	9971
0	4073
0	6268
1	9217
0	699
0	8310
1	9619
1	1541
0	9823
0	9891
0	4790
1	9793
0	118
1	1634
1	1204
1	9726
1	9330
1	9325
1	9828
0	9945
1	9677
1	524
1	9349
1	8724
0	9911
0	1195
0	9998
0	6219
1	7832
1	5584
0	2058
1	9190
1	3571
1	9771
1	6689
1	4338
1	4854
1	741
0	7454
0	9882
1	9932
0	9430
1	8560
0	2279
1	850
1	3860
1	9250
0	9007
0	9915
0	5143
1	7448
0	9952
1	9947
0	2338
0	8858
1	9743
1	3834
1	411
1	3947
1	8645
1	8082
0	8346
0	7622
0	9613
0	7853
1	8794
0	786
1	7840
1	8854
1	1227
0	1285
0	4251
0	9242
0	1286
1	8368
0	6928
1	5366
0	5141
0	9835
1	8760
1	9105
1	9771
0	4157
0	9853
1	6704
1	9590
0	9277
1	8703
1	7524
1	9994
1	8036
1	337
0	4
0	9933
1	9364
1	8819
1	3195
1	4759
1	79
1	9608
0	1457
0	747
0	4468
1	4392
1	9978
1	9969
1	7165
1	9173
1	9591
1	971
1	6656
1	2414
0	612
1	5451
0	4310
0	9994
0	9550
1	8212
0	9443
0	6579
0	9573
0	7512
1	151
1	1175
0	7169
1	7569
1	8817
1	9566
1	9794
1	3592
1	9732
0	5671
0	1859
1	9868
0	9774
1	7316
1	1289
1	9967
0	9521
0	9413
1	9617
0	1481
0	5232
1	9754
1	2882
1	1538
1	9680
0	9148
0	3434
1	9982
0	8926
0	9991
0	9816
0	9913
1	6779
1	7195
1	8476
1	9167
0	9749
1	9974
0	9999
0	9475
0	9340
0	1164
0	1351
1	1926
0	6801
0	1222
1	8828
0	9554
0	3845
0	9521
0	6874
0	8784
1	9920
0	8968
0	8770
1	7019
1	1157
1	1247
1	7661
1	8755
1	4419
0	9999
0	9147
0	9997
0	9269
0	8528
0	9406
1	1047
0	3649
1	9844
1	8645
0	9656
1	1274
0	774
0	461
1	9999
0	1441
1	8
0	8077
1	1258
0	4627
1	605
1	9858
0	9988
1	3910
1	7625
0	6663
0	9353
1	9830
1	1143
0	8984
1	605
1	2199
1	1845
1	1557
1	9462
0	9963
0	6399
0	5565
0	9993
1	234
1	1127
1	4570
0	9848
1	9438
0	4056
0	7256
1	8691
1	7152
0	3114
1	897
1	8543
1	9331
0	7202
0	3233
1	9791
1	9868
1	2249
0	9995
0	9291
0	8280
0	9937
0	9998
1	8269
1	9783
1	611
1	4198
0	8567
1	9359
0	7342
1	9850
0	2100
1	9997
1	821
0	8244
1	8343
1	4484
1	9931
0	9942
0	1360
0	9451
1	614
1	9164
1	9901
1	496
0	9089
0	7428
0	9638
0	5836
0	7275
0	1016
1	8317
1	2484
0	8689
1	3508
0	1281
0	9969
1	9004
0	1380
0	1643
1	9999
1	8519
0	9573
1	6544
0	9396
0	868
1	8015
1	8431
1	302
1	1712
0	9745
0	9998
1	6820
0	9396
0	9332
1	9182
0	8152
1	9841
1	9029
0	9023
0	8858
1	9866
0	9425
1	7743
0	9770
0	8940
0	9857
0	6196
0	7913
0	8159
1	9753
0	5632
0	8024
1	9991
0	2110
1	5734
0	8578
1	9947
1	7566
1	8807
1	9996
1	9987
0	7624
0	9047
1	8452
0	5
0	9610
0	4565
1	9202
0	9985
1	6388
1	1205
0	8045
0	1534
1	4508
1	7847
0	7710
1	1493
1	4272
1	1730
0	7795
1	9867
1	2768
1	8696
1	16
0	7868
0	9999
1	857
1	8481
1	6686
0	9512
1	2247
1	9133
0	9847
1	5761
1	6630
1	9983
0	4043
0	1978
1	4650
1	3269
0	1876
0	7906
0	6196
1	9731
0	9788
0	5573
0	9835
0	6587
0	9875
0	8750
0	1266
1	9968
0	50
1	4678
0	830
1	8779
1	9800
0	9140
1	1247
0	9281
1	796
0	9855
1	9195
0	8800
1	7929
0	8487
0	3914
1	9979
0	9882
1	1454
0	9520
0	657
1	2613
1	6985
0	9875
1	9810
0	7291
0	8597
1	7979
1	3791
1	9392
0	9044
0	8487
0	6215
1	948
1	1307
0	8449
0	2111
1	6771
1	9569
0	9202
1	9900
0	2916
1	9997
1	7719
1	9769
0	1979
1	4646
1	287
0	7520
1	8341
0	2198
1	9127
0	8445
0	4021
1	9016
0	4617
0	747
1	5261
0	9873
1	8308
1	4
0	9985
0	9952
1	7965
0	4507
0	3630
0	9956
0	6480
1	8041
1	9141
1	6715
0	4455
1	5432
1	9994
1	8700
1	8188
1	7273
0	9983
1	9917
0	9765
1	8976
0	9998
0	962
0	7770
1	6827
1	997
1	7456
0	3898
1	9020
0	9240
0	9980
1	9898
1	8514
0	6851
0	7287
1	9757
1	8326
0	9628
1	5942
0	148
0	8616
1	9996
1	7576
1	9579
1	6402
1	9286
1	7988
0	4168
1	2045
0	9761
0	1487
1	478
0	9986
1	9857
1	7803
1	9998
1	7666
1	3259
0	9759
0	1358
0	6563
1	8992
1	2130
0	9420
0	9119
1	2124
0	2852
0	3394
0	5879
0	7137
1	1386
0	1489
1	9544
1	3674
0	7644
0	4183
1	9452
1	4565
0	2656
1	9118
0	9437
1	6461
1	1484
1	7968
0	6647
0	525
1	8519
1	1585
1	9988
1	2948
1	9826
0	9999
0	9128
1	8557
0	9886
0	1124
1	9750
0	9999
1	8339
0	8915
0	6823
1	9880
1	8223
0	9980
0	2105
0	9661
0	9943
1	9502
1	9920
1	9140
1	6819
0	7012
0	1147
1	9998
1	9289
1	1860
0	9983
1	9966
1	1178
1	1330
0	8783
0	8537
1	1
1	9570
1	6402
1	4497
1	9924
1	9268
0	9994
1	9941
1	8474
1	7134
1	7884
1	8295
1	4010
0	1890
1	9906
0	463
1	8749
1	9358
0	8986
0	9901
1	9968
1	8852
1	7094
1	8867
1	9732
0	6915
1	8944
1	9590
0	1323
1	2775
0	1625
1	8826
1	6717
1	9759
0	8286
1	9975
0	9552
0	2147
0	9169
0	9939
1	5708
1	9983
0	1426
1	5074
1	9670
1	8835
0	9060
0	7455
0	9998
0	9697
0	29
1	9692
1	4122
0	1192
0	9813
1	871
1	8845
0	2594
1	1389
0	8831
1	9964
0	9101
1	8327
0	9596
1	1344
1	1209
1	6935
1	9090
1	1339
0	9886
1	4769
0	1193
1	5
0	8939
1	998
1	8923
0	9540
0	7698
0	9783
0	9957
0	7187
1	9792
1	9436
1	1478
1	9060
0	9809
1	9333
0	7808
1	3743
1	1619
0	1416
0	453
0	8920
1	7482
1	4311
1	9933
1	9420
1	9976
1	8085
0	5155
0	9190
1	1160
0	9976
0	9595
1	9955
0	9803
1	2469
1	6275
1	9227
0	9986
1	9299
1	9444
0	9319
1	9832
1	9795
0	9493
1	9376
0	8852
1	7894
0	4444
1	6953
1	9903
0	87
0	4964
0	3074
1	8221
1	9802
1	8504
1	8866
1	9490
1	2568
0	1320
1	9565
0	9987
0	595
0	9175
0	8951
1	1808
1	4131
0	9211
1	5280
1	9952
0	990
0	6820
0	3656
1	2168
0	8994
1	9168
0	6916
1	1750
1	1049
1	9862
0	1360
1	9966
1	5213
1	9329
0	9766
1	3080
1	9463
1	9480
0	9207
1	9746
0	2243
0	6591
1	8948
0	781
1	6981
0	8781
1	9922
1	8398
0	1285
1	9963
1	9973
0	4003
1	6612
0	2316
1	1091
1	1977
0	3393
0	9992
1	9563
1	7587
1	9740
0	1126
1	9781
0	8295
0	9977
1	8551
1	1251
0	1277
1	4864
0	4703
1	1919
0	103
1	9742
0	326
0	8757
1	9978
0	1005
0	5560
0	9804
1	1215
0	5212
0	3544
1	8129
0	9909
0	8993
0	9012
0	9366
0	1162
1	7597
0	9266
0	9351
0	4361
0	9742
1	546
0	8928
0	9710
0	58
1	6866
1	3904
0	7447
0	251
0	444
1	5623
1	9958
0	8779
0	8760
1	9984
0	8257
0	5426
1	3323
1	9283
0	9998
0	9086
0	9859
1	4731
1	0
0	1271
1	1774
1	3295
0	1030
0	9888
0	9899
1	9327
0	8793
1	8569
1	7965
1	1393
1	9207
0	9335
1	9916
0	1307
1	9761
0	6593
0	8752
0	1363
1	6181
1	7786
1	9646
0	1565
1	691
1	9143
1	2293
1	774
0	1269
0	9628
1	7853
0	2406
1	0
1	9962
0	1056
0	9240
1	9842
1	9416
1	6320
1	2028
1	9637
1	8987
1	953
1	7909
0	9634
1	3496
0	1238
0	150
0	192
1	8345
1	9807
0	5498
0	9241
1	3788
1	1734
0	3971
1	9473
1	7473
0	9412
0	8950
0	2137
0	9575
1	9955
1	964
0	1497
1	1263
1	9684
1	196
1	3976
0	9229
1	7748
1	5577
0	8923
1	7176
0	4451
1	5509
1	6558
0	1230
1	9798
1	9029
0	3411
1	8922
0	4121
0	8662
0	8203
1	9861
0	9497
0	9994
1	9467
0	5201
0	1788
0	9391
0	9934
1	8001
1	2352
1	2719
0	1150
0	5530
1	9938
1	9040
1	1559
1	9881
1	9703
1	9915
0	758
0	9094
0	1235
1	9129
1	3099
0	9025
0	1061
1	1165
1	875
0	9090
1	2671
0	3948
1	7027
1	767
0	9722
1	9979
1	2429
1	8593
1	9268
0	9930
1	9792
1	7117
0	8198
1	8506
0	9736
1	9945
1	6041
0	9201
0	9935
0	9916
0	6728
0	9991
1	9805
1	9998
1	9612
0	7643
1	7808
1	9997
1	8643
0	8875
1	5145
1	9996
0	9919
0	9877
0	9989
1	9814
0	9292
1	8203
1	9357
0	9966
1	9994
1	1873
0	7515
1	9938
0	8645
0	9752
1	6070
1	9984
1	9999
1	7924
0	7746
1	8296
1	3900
1	9993
0	9997
0	9963
1	1551
1	9673
1	7106
1	9959
1	9672
1	9509
1	8095
1	8947
1	6356
0	8592
1	9834
0	9889
0	9999
0	8137
1	8299
0	1608
1	1850
0	9961
0	8267
1	6239
0	9476
1	9841
1	7945
1	6781
1	9838
1	3918
1	9997
1	9530
1	3503
1	9988
1	1151
0	9107
1	9705
1	7905
0	9819
0	9974
1	9954
1	4102
0	1189
0	4916
1	950
1	9999
1	8046
1	9991
1	9852
1	9567
0	7048
1	9967
1	1935
0	9938
1	7463
1	9004
1	8934
1	3883
1	6474
1	1227
0	9663
1	9140
0	1509
0	8611
1	9000
0	9394
0	5752
1	1323
1	9697
0	9825
1	1843
0	8093
1	9805
0	9995
1	596
0	9167
1	1213
1	1870
0	8860
1	8043
0	6934
1	8075
1	4018
0	9039
1	9673
1	2933
1	9978
1	7447
0	9500
0	8428
1	570
1	8865
0	9478
1	9877
0	1531
1	1403
0	2281
1	9724
1	9408
1	793
1	3998
1	5120
1	534
0	9940
1	9221
0	9983
0	8516
1	7779
0	5594
1	8422
0	9332
0	8756
1	9974
1	9962
1	1464
0	5976
0	9862
1	9955
0	9337
1	1142
0	8377
0	8637
1	7540
1	8050
1	6984
0	9293
1	1390
0	8515
1	7956
1	8524
0	7930
1	1192
0	9724
0	4818
0	8487
1	9736
1	9798
0	9442
1	6959
0	8781
0	4121
1	1282
1	5845
0	4478
1	6205
1	1623
0	3984
1	9973
0	9743
1	1435
1	3981
1	2707
1	606
1	695
1	6616
0	1489
1	7830
1	3310
1	7816
1	7527
1	3213
0	4132
1	8262
1	209
1	7359
0	9918
1	6045
0	8854
1	8611
1	3698
1	9894
0	1274
1	8399
0	7082
0	7996
0	45
1	9708
1	9999
0	2731
0	7800
0	6
0	9893
0	1898
1	7851
1	9827
1	2767
1	9254
0	1702
0	8233
1	9994
0	6615
0	9291
0	9071
0	5840
0	9935
0	7363
0	2317
1	9311
1	9890
1	9870
1	4057
0	9955
1	6159
0	735
0	9838
1	1406
0	9533
1	8073
0	5859
1	8875
1	9971
1	6990
1	9985
1	6041
0	4498
1	1390
0	4180
1	8510
1	1984
1	6
1	9849
0	3705
1	9236
1	9578
0	6720
0	9335
0	9329
1	9717
1	9937
1	281
0	7138
1	2223
0	9634
0	9669
1	1146
1	1593
0	8791
1	9963
0	1532
1	8866
0	5769
1	9941
1	9788
1	9995
1	7221
1	3358
1	9929
0	6335
1	1232
1	8957
0	8536
1	1028
0	3
0	7220
0	9151
1	9943
1	8986
1	9945
0	7325
1	9512
1	994
0	9128
1	9705
0	5132
0	9928
1	3070
1	1205
0	9289
1	9949
1	7801
0	3528
0	7373
1	6866
1	3023
1	9173
0	9782
1	9416
1	1874
0	2963
1	1404
1	9820
0	9142
1	1087
1	8801
1	2587
1	9976
0	9665
0	9020
0	9893
0	8945
1	8603
1	5787
1	9926
0	68
1	7699
1	9944
1	9702
1	9806
1	6018
1	9179
0	8121
1	7825
0	8775
1	516
1	9875
1	7063
0	4078
1	9845
1	9860
1	9923
0	9195
0	9829
1	5775
0	3072
1	9985
1	7139
1	9080
0	2060
0	6596
1	9968
0	8222
1	9804
0	9869
1	9982
1	9083
0	9997
1	8830
0	1326
0	8377
0	214
1	9656
0	9550
0	8280
0	9027
1	7258
0	9572
1	7620
1	1463
0	9978
0	8977
1	9921
1	9997
1	6112
0	4398
1	9965
0	7316
1	9982
1	8991
1	9978
0	9983
0	9985
1	9954
1	9570
1	1812
0	8172
1	1045
1	8260
1	5418
1	9999
1	9182
0	9476
1	9861
0	7653
0	3062
1	8868
1	9851
0	9975
0	9988
0	5530
1	9770
0	9220
1	9968
1	8892
0	4325
1	6191
1	9965
1	9881
0	8383
1	9986
1	31
0	2935
1	7670
0	3986
1	8660
0	6836
0	4867
0	8287
1	6620
1	9985
1	2774
0	7619
1	8172
0	9871
1	9569
0	7656
1	127
1	9966
1	8373
0	3885
0	8472
1	9800
1	9328
0	3345
1	8423
1	8588
1	9996
1	693
1	7259
1	656
0	1337
0	346
0	9988
1	9985
1	8766
1	9235
1	9688
1	9390
1	6881
1	9442
1	5094
0	5935
1	8663
0	9434
1	2020
0	9180
1	9970
1	9977
1	9988
1	5737
0	9605
0	1891
0	1
1	9593
1	8713
1	2068
0	7974
1	9952
0	6599
0	354
1	9114
0	5027
0	7808
1	6055
0	9907
1	8835
1	9571
1	3424
1	2798
1	4108
1	4487
0	9656
1	9994
0	9542
1	8316
0	149
1	8094
1	7009
1	315
1	9653
0	9424
0	910
0	8621
0	8421
1	9247
0	377
1	3886
0	19
1	9312
0	9656
1	7797
1	345
1	8732
0	8195
0	492
0	9998
1	9672
1	8507
0	8594
1	6851
1	7998
0	9062
0	9781
1	9541
1	8830
1	9260
0	9793
1	9987
1	9457
1	1745
1	9580
1	9620
1	1400
0	9883
1	9813
1	685
0	7196
0	8984
0	4869
1	4858
0	7076
1	1257
1	1236
1	5979
1	5745
1	6802
1	1139
1	8757
1	9008
1	3930
1	6337
0	9692
1	9943
1	9893
1	5117
0	5681
1	2511
0	9663
0	3046
1	7508
1	7567
1	9141
0	9625
0	8228
1	9982
1	9231
1	7886
0	4724
0	7748
1	912
0	8662
1	7315
1	1162
0	157
1	9908
0	7500
0	8841
1	4769
0	9998
1	5709
0	1595
0	9970
1	8858
1	1255
0	9406
0	1162
1	1105
1	5494
1	813
0	9862
0	1192
0	8559
0	32
0	9688
0	1522
0	1844
1	8221
1	9908
1	9064
1	5427
1	3411
1	9807
1	6701
1	7883
1	9976
1	565
1	9841
1	1205
1	9534
1	9972
0	5030
1	9998
1	7642
0	8567
0	1550
0	9641
0	9397
1	9943
0	2560
0	9835
1	9752
0	4677
0	7383
1	985
1	7661
0	677
0	1199
0	9655
1	9900
0	9790
1	7405
1	404
1	8713
1	9042
1	1186
1	6844
0	9963
0	1693
1	9497
0	9989
1	9995
0	9783
1	9994
1	8031
0	9972
1	9569
1	6939
0	5487
0	2268
0	9757
1	9786
0	8169
1	9830
0	8434
0	9526
1	3456
1	3363
1	8467
0	8498
1	2985
0	9994
1	9934
1	9909
0	5902
0	4931
0	2673
0	7610
0	9364
1	9840
0	2660
1	7188
0	1007
1	9937
1	132
1	9940
1	3804
1	9999
1	1111
0	7372
1	8827
0	7682
1	7826
0	1678
1	9692
1	7943
0	9270
0	8990
0	1198
1	8602
0	7278
1	8842
0	3892
0	2257
1	3925
1	9949
1	1313
0	9879
1	12
1	9931
1	9889
0	1
0	9982
0	6703
1	6952
0	6807
1	3049
0	9962
0	7551
1	8679
0	9907
1	8584
1	5135
1	9018
1	6886
0	6015
0	7542
1	6057
0	5741
1	9946
1	9005
0	9112
0	9483
0	9991
0	934
0	1342
0	5411
1	6043
1	1279
1	7547
0	8911
1	1488
0	9990
1	6180
0	9999
0	9892
0	9776
0	9724
0	1163
1	5013
0	5083
1	9315
0	870
0	9374
1	9512
1	1102
1	9941
0	9714
1	7411
0	1189
1	3224
0	9655
0	9428
0	9747
0	9213
0	9580
1	9140
1	9499
0	9965
0	9816
0	9585
1	7441
1	9002
1	7689
1	9404
1	9332
0	9309
1	1799
1	8621
0	1372
0	9859
1	9725
0	3471
1	1625
0	9687
0	7211
0	6189
1	9671
1	1442
0	2977
1	7715
0	8588
1	4214
1	9986
0	9973
1	7889
0	481
1	743
0	7523
1	1563
1	345
0	9284
1	9592
1	8803
1	1811
1	7353
1	9997
0	9807
1	3313
0	6974
0	2746
0	1616
1	7319
1	2312
0	4836
1	4277
0	7074
1	9981
1	4644
1	9697
0	2693
0	6501
0	8572
1	914
1	9765
1	9879
0	7511
1	9884
1	3681
0	8912
0	7680
1	1203
1	4141
0	9599
1	8499
1	9877
0	9909
0	8481
1	5251
0	3447
1	2170
0	34
0	9704
1	9701
0	9611
1	583
0	9763
1	9514
0	1312
1	3185
0	9896
0	8109
1	4809
0	9588
0	9211
1	2809
0	2203
1	4485
0	8334
0	4047
1	9659
0	8670
0	4253
1	6960
1	783
1	9866
0	5789
0	9293
1	9990
0	9992
0	6352
0	8864
1	9998
0	1833
0	8366
1	3804
0	2716
0	6400
0	52
1	9905
0	8528
1	1
1	8989
0	9727
1	8953
1	9933
0	1241
1	3343
0	1568
0	7200
1	7859
1	1187
0	8554
0	736
1	7275
1	8521
0	6940
0	9902
0	467
1	1357
1	1187
0	9874
0	4537
0	1311
1	5650
0	4559
0	3730
0	3526
0	3087
1	9124
1	9955
0	1270
0	9568
0	3288
1	1784
1	1167
1	1238
0	9938
0	9982
0	9422
0	1267
1	7086
1	8892
0	3834
0	1280
0	9554
1	3785
1	4305
0	9877
0	2083
1	2837
1	9999
1	5955
1	3089
0	9938
0	2426
0	1538
0	9847
1	9445
1	9848
0	3450
1	59
0	6990
0	9912
1	9856
1	7576
0	2381
1	5478
0	9752
0	3233
1	1228
1	8396
1	1481
0	6614
0	1249
0	7987
0	9753
1	8881
1	9824
1	1694
1	9844
0	5259
1	9046
1	1470
0	6239
1	1325
0	397
0	7490
0	688
1	367
0	9994
1	6810
0	7732
1	6814
1	9985
1	4130
1	9988
1	7559
0	5037
0	9982
1	8551
0	3231
1	8401
0	4056
1	3435
0	9435
0	4914
1	9861
0	9995
0	1259
1	7650
0	4691
0	7833
1	9791
1	8921
1	9819
0	9893
0	1200
1	41
0	9671
1	2189
1	9489
0	9443
1	8816
0	8894
0	9829
1	2075
1	6960
0	9068
0	9952
1	3223
0	3105
0	6933
1	9380
0	8275
1	9974
0	7141
0	8227
0	9858
1	1116
1	9966
0	9940
1	9973
0	1193
0	1114
1	7735
1	2301
1	9664
1	1181
1	7590
1	9943
0	1161
0	2496
1	9869
1	9486
1	8234
1	6254
0	9124
1	8468
1	5605
1	7989
1	2580
0	9764
1	9969
0	6677
1	8907
1	8220
1	8888
0	9989
0	879
0	9599
1	1058
1	8607
0	7302
1	9994
0	7797
0	9012
1	7659
0	9950
1	7941
1	8910
0	9534
0	9259
0	9453
1	7336
0	4987
0	9994
0	3316
1	9921
0	9963
1	9824
1	4347
0	12
0	9910
0	8710
1	6181
1	7827
1	1227
0	1719
0	9657
1	9841
0	3733
1	1513
0	9433
1	390
0	2360
1	27
1	9550
0	9627
1	1390
0	8648
0	9361
0	2796
1	3692
1	8912
0	1471
1	8961
0	9950
1	1261
1	5236
0	4872
0	9912
0	2970
0	4545
1	9979
1	1616
1	1343
1	9995
0	9075
1	9544
1	495
1	7085
0	9037
0	9803
0	131
0	2666
1	821
1	9781
0	9822
1	9989
0	1114
0	9861
1	8007
1	8787
0	7387
1	9347
0	7465
0	9997
1	8696
1	7481
0	9976
0	4702
1	2609
0	9956
1	9319
0	9848
1	2209
1	9197
1	1773
1	2258
0	1
0	9865
1	4390
1	9975
0	1985
1	1491
0	9892
1	8992
0	7319
1	6920
1	9858
1	1442
0	9826
1	9017
0	9895
0	413
1	9199
0	3776
0	9996
1	9810
0	6776
1	2430
0	9468
0	2670
0	9759
1	9608
0	6627
1	5913
1	8966
1	9999
0	4748
0	9958
1	4302
1	8454
1	1613
1	1019
1	2898
1	8118
1	6475
1	8893
0	1613
0	9153
1	9272
1	9634
0	7596
1	6137
1	7614
1	9865
1	9758
0	9968
0	9448
0	7939
1	1734
1	1401
0	7354
0	9875
1	9949
0	1611
0	5458
1	9810
1	9778
1	9987
1	9641
1	1921
1	2763
0	9739
1	9875
0	18
1	8151
1	977
0	7568
1	9994
1	6697
0	5710
0	6331
1	2311
1	9998
0	9964
0	1949
0	9524
1	1858
1	9243
1	9773
1	7065
1	5932
0	7913
1	9998
1	1969
1	8776
1	9732
1	5525
1	8098
0	4942
0	263
1	9328
0	9425
1	9421
0	1469
1	7828
1	9567
1	9485
1	373
1	9057
1	8563
0	9862
1	2345
0	4046
0	9921
0	594
0	9686
0	9132
1	283
1	9990
1	634
0	3941
1	8995
0	3898
1	9444
0	4652
0	9961
1	9544
1	510
0	9987
1	3054
1	7242
1	6817
1	6884
0	3866
0	6504
0	16
0	9815
0	7119
0	8659
1	1844
1	8357
1	9847
1	9992
1	9944
0	2718
1	9932
1	7378
0	9894
0	9966
1	1969
1	1445
0	1171
0	7164
0	9255
0	3864
1	9911
0	6301
1	8960
1	2200
1	868
1	7835
0	2024
1	6835
1	9725
1	9811
0	9578
0	2017
0	9835
0	9997
1	4751
1	9444
0	5549
0	8804
1	9635
0	9992
0	9687
1	9433
1	1014
1	9890
1	1935
0	8391
1	7000
1	9225
0	9990
0	9098
1	8191
1	4666
1	9983
0	8988
1	9808
1	9120
0	7067
0	6249
1	9759
0	8477
0	9964
1	8915
0	9269
1	1252
0	9615
0	7855
0	2212
0	763
1	9984
0	1100
0	8992
0	9989
1	6622
1	5764
1	9998
1	5550
1	924
1	8980
1	263
1	7427
0	6373
0	9988
1	2181
1	9565
1	5963
0	8316
0	7891
0	9892
0	9573
0	3663
0	8930
1	9998
1	6146
0	551
1	5349
0	9770
0	8862
1	1284
0	630
0	9994
0	9995
1	9947
1	9853
1	6306
0	9917
0	9921
1	32
1	9576
0	5546
1	195
0	1754
1	5155
1	7272
1	1185
1	9119
0	8021
0	1232
1	7812
0	9317
1	79
0	7021
0	9555
1	3990
1	9936
0	7625
0	9207
1	6125
1	9752
1	9583
1	3214
1	9312
1	9941
0	9469
1	1215
0	5211
1	3459
0	6764
0	496
0	3
0	9756
1	9616
0	4092
0	7157
1	8880
1	7000
0	7633
1	4148
0	7340
1	9977
1	9972
1	8970
1	9435
0	1222
1	4998
1	7993
1	9920
0	9530
1	5
1	9901
1	9159
1	9856
1	9999
1	3228
0	9992
0	9528
0	1575
0	1228
1	1541
0	5246
0	9935
1	6145
1	6206
0	5121
0	5901
1	1197
0	9530
0	9544
0	1167
1	1854
0	9123
1	8769
1	3614
0	9999
0	9718
0	980
1	8676
1	8425
1	1195
0	9084
1	8999
0	5550
0	8809
1	9167
0	9481
1	9763
0	9998
1	9999
1	7731
1	7061
1	1220
0	9923
1	6161
1	5186
1	9770
0	9486
0	9934
1	9990
1	558
1	3345
1	9661
1	6223
1	8918
0	8479
1	9881
1	2919
0	1308
0	2194
0	7125
1	2686
1	9655
0	9649
1	1362
0	8141
0	6990
0	7964
1	5708
0	7159
0	9722
0	4052
0	591
1	9985
0	9975
1	9962
0	9023
1	1108
1	9349
1	4941
1	9184
0	2612
0	2842
1	417
1	7939
0	9127
0	6079
1	9617
1	1282
0	7084
0	4110
1	9952
1	1430
1	9651
1	9337
0	9149
0	9956
0	7873
1	9566
0	1205
0	7550
1	1274
1	8750
1	9192
1	8985
1	9377
0	9965
1	9973
0	9458
0	9655
0	5451
0	3957
0	9749
0	2101
1	6455
0	806
1	7251
0	5058
1	9330
1	81
1	7194
0	9951
0	7440
1	6046
1	1347
1	9343
1	5868
1	7978
1	2335
0	5529
0	4723
0	9994
1	3135
1	6889
1	9996
0	111
0	8274
0	8610
0	9860
0	8705
0	1219
0	7928
1	8498
0	4095
0	6013
0	9417
0	6065
1	9948
0	5886
1	2820
0	939
1	5820
1	8873
1	1594
0	8998
1	8774
0	9086
0	4106
0	1231
1	9548
1	1128
1	7274
0	9875
1	9788
0	9716
1	9359
1	6799
0	9887
1	9780
1	9358
0	4916
0	9215
1	9417
0	1977
0	8348
0	6608
1	9993
0	6358
0	9894
1	1160
1	9624
0	9971
1	8744
0	9995
0	2110
0	9160
1	7935
0	9704
0	26
0	9855
0	9999
1	9847
1	8990
1	3510
1	9596
1	9170
0	7573
1	9628
1	9827
1	9138
0	9994
1	913
1	4261
1	5307
1	3904
0	9994
0	1204
0	3306
0	9992
1	3729
0	9924
1	1612
0	7593
0	9436
0	4204
0	9767
1	7770
0	9916
0	8583
1	40
1	6455
1	1852
1	7451
1	2120
1	8620
0	2254
0	1392
0	1391
1	9621
1	7903
0	23
0	9988
0	9998
1	9899
0	4011
0	9572
1	412
1	8202
0	5887
0	1244
0	1566
0	9418
1	9938
0	7165
1	9674
0	245
1	9206
0	9133
1	9994
1	8448
1	6
1	8264
1	9630
1	4721
0	9685
0	2521
0	848
0	9424
0	9371
0	7681
0	6673
1	4367
1	774
0	1470
1	7885
0	9999
0	3206
1	8788
1	9997
1	4855
0	2958
0	9992
0	9886
1	9134
1	3445
1	8348
1	9505
1	9887
0	7957
1	259
1	9984
1	9897
1	7733
1	9693
0	6872
1	9939
0	4318
0	9959
1	1121
0	8627
0	9923
0	7114
1	6811
1	9854
0	1992
0	6311
0	9714
1	8160
0	9405
1	3527
0	9895
1	9011
1	9729
1	8734
1	6677
1	2
0	1163
1	4365
1	9065
1	44
0	344
0	9487
1	9933
0	9045
1	6889
0	9446
1	758
1	9411
1	1281
0	4322
0	3901
1	2864
1	9966
0	9467
0	9998
1	729
1	9828
1	9904
0	8596
0	7303
1	7779
0	1540
0	8028
1	943
1	9987
0	2125
1	1220
1	1182
0	9945
1	101
1	9997
1	9986
0	9638
1	9954
1	6942
0	8175
0	5828
1	3749
1	3508
1	2222
1	876
1	1164
1	1140
1	9941
0	2813
0	8776
0	514
0	8484
0	3823
1	9987
1	1244
1	6382
1	54
1	899
1	9652
1	9450
0	9999
0	8384
0	8965
0	9720
0	9995
1	8747
1	9983
0	539
0	7333
1	674
0	9094
1	2809
1	9758
0	5724
0	9414
1	5216
1	9759
0	9300
1	7897
1	2690
1	2161
0	8355
1	3535
0	9984
0	9721
1	9757
0	7906
0	9796
1	8724
0	5236
0	9996
1	9514
0	9928
1	9251
1	6819
0	1923
0	9778
0	9680
0	1069
0	7889
1	9708
0	9899
0	6288
1	3799
1	8639
0	3465
0	5620
1	9538
1	2578
1	9956
0	5967
1	427
1	7448
1	2357
0	7313
0	8711
0	9990
0	9480
1	9483
0	4879
0	8848
1	8325
0	9804
0	9646
1	8807
0	8495
0	9414
0	819
0	2469
1	124
1	1031
1	4568
1	7282
1	9778
1	1589
1	6906
1	9901
0	9310
0	9857
1	9731
1	9273
0	1597
1	5700
1	4893
1	9685
1	9859
1	3740
1	4466
1	9944
0	9181
1	9920
0	9780
0	1959
1	6894
0	9998
0	9981
1	7284
1	1318
0	6687
1	9690
1	9941
1	2410
0	7441
1	2105
0	9312
0	9320
0	9769
0	1144
1	9167
0	9181
0	9225
1	3270
1	6654
1	4906
0	9862
1	6965
1	6866
0	9362
0	7047
1	2816
0	1317
0	9667
1	9777
0	2560
1	8750
1	7336
0	1334
1	1314
0	1815
1	9997
0	9975
0	1702
0	9367
0	1256
0	8753
1	418
1	9729
1	8921
1	3733
0	7588
1	9909
1	5210
1	4869
1	9678
1	9697
0	34
1	883
1	9670
0	9597
0	1247
1	2633
0	9350
1	9828
1	1441
1	9399
0	413
1	8550
1	1083
0	520
1	9966
1	9915
0	9987
0	1770
1	1393
0	9992
1	4890
1	1068
1	9991
0	9841
0	6108
1	1263
0	909
1	9780
0	903
0	2228
0	8158
1	5342
0	6922
0	9841
1	5842
0	9014
0	5820
1	6774
0	9253
1	9206
1	9810
1	1586
1	9391
1	9438
0	9506
0	9991
0	8725
1	1226
1	8670
1	6322
1	6753
0	1330
1	6265
0	9890
1	2954
1	0
1	7696
1	9987
0	7991
1	9793
0	9991
1	8984
0	3200
0	8417
0	8329
1	2848
1	1316
0	5588
1	4099
1	8801
0	5342
0	2442
0	9324
1	4034
0	9970
0	8473
1	1238
0	1279
0	7432
0	3052
0	384
0	9919
0	7229
1	8549
1	1596
0	8348
0	2229
1	9960
1	9999
1	8352
1	7959
1	9892
1	9870
0	9991
1	2075
0	1607
0	9674
1	1446
0	9043
1	9972
1	309
0	9833
1	9694
0	9633
0	9540
1	9839
1	9979
0	261
0	7027
1	9730
1	9679
0	9200
1	9831
0	8276
0	674
0	3361
1	3348
1	9999
0	2359
0	1541
1	3812
0	9549
0	3080
1	3978
1	9564
0	8932
0	3692
1	9986
1	9696
1	9998
0	9341
0	4102
1	1261
0	9973
0	9765
0	3486
1	9637
0	7522
0	9734
1	1289
1	8286
1	2078
1	2476
0	7870
0	7889
0	9996
0	9545
1	5128
0	1328
0	3409
1	9738
1	9741
0	8508
1	1269
1	9134
0	7755
0	7792
1	6773
1	8890
1	8353
0	8960
0	4490
1	7853
1	1340
0	886
0	8755
1	2435
1	8879
0	9779
1	9640
1	2684
0	9978
1	9196
1	9722
0	634
1	9867
0	9850
1	9820
0	2116
1	9648
1	701
0	9399
0	6812
1	9959
1	6817
0	4820
0	356
1	9786
0	9733
1	748
1	8597
1	310
1	8906
1	1299
0	9776
0	727
1	5995
1	1232
0	9456
1	1469
1	2181
1	3294
0	9941
0	5032
0	6819
1	7921
0	9373
0	7239
0	9722
1	9620
0	9913
1	9473
1	9049
1	9857
1	9796
1	8179
1	9741
0	4293
0	3
0	9463
1	6106
1	3705
1	9376
1	2682
1	8406
1	6663
1	7475
1	7434
0	6424
1	511
1	9487
1	9777
0	888
1	4720
0	7787
0	9454
1	3314
0	9998
1	9730
0	1351
1	9943
0	9975
1	0
0	9998
1	1326
0	9561
1	9828
1	7914
1	8051
1	9792
0	9445
1	9718
1	1165
1	9998
0	9958
1	9938
0	8235
1	3627
1	8659
0	9250
0	9564
1	9962
0	752
1	9978
0	5922
0	7868
1	3094
1	4948
0	9967
0	9966
1	5983
1	9125
1	8416
0	9938
0	9901
0	147
1	7754
0	8287
0	6668
0	825
0	3101
1	9921
0	1977
0	9611
1	9999
0	58
1	8585
0	7468
0	6909
1	9997
1	8215
1	8902
0	2537
1	1425
1	9907
0	7746
1	8527
0	9776
1	2848
1	8372
1	6310
0	1135
0	2542
0	1153
1	9997
1	9857
0	9942
0	1066
0	1780
0	9994
1	9757
0	2032
0	937
0	7877
0	6535
1	3856
1	8563
0	8623
0	7439
1	8781
1	5488
0	1774
0	9448
1	6856
1	8439
1	9884
1	9602
0	4469
0	9635
0	2981
0	5822
1	1668
1	9945
1	7997
1	3646
0	8530
1	8052
1	213
0	8890
1	9827
1	9963
1	9471
1	5565
0	9583
0	88
1	1079
0	1144
0	9972
1	9882
0	7653
1	7297
0	9403
1	9459
0	8451
0	540
1	447
1	9631
0	583
1	7683
1	9993
0	8554
0	4163
1	9995
0	9308
1	1899
1	2960
1	8124
1	9905
0	9608
0	9288
0	7966
0	9321
1	1362
1	9975
1	9984
1	9242
0	9995
0	65
1	8138
1	9902
1	9192
0	7181
1	6484
1	9583
0	9999
1	5666
0	515
1	9956
1	1373
1	9404
1	9970
0	1402
0	9539
0	9922
1	2876
1	9406
0	2033
1	4139
0	9912
1	8
0	9969
1	8223
1	7702
0	9754
1	5540
0	9410
1	8613
1	9997
1	9874
0	9634
0	24
1	9874
0	9590
0	5753
0	7353
1	709
1	9569
1	1287
1	2150
1	1236
1	610
0	9949
0	9462
0	9849
0	7274
1	3289
1	9815
0	9367
0	8673
1	9549
0	1542
0	2649
1	1353
0	5633
1	9782
1	5452
0	8403
1	905
1	9967
0	4210
0	3646
0	8855
0	8092
0	1225
1	3827
1	9998
1	7118
0	7984
1	7363
0	9044
1	9464
0	5642
1	9132
1	9260
1	9997
1	9998
1	6534
1	7161
1	335
0	9866
0	8580
1	9670
1	1968
1	7395
1	8867
1	8311
1	9957
0	4929
1	9962
1	8222
1	958
1	5125
0	5177
1	1342
1	9789
1	8737
1	9017
0	9851
0	1216
0	6972
0	245
1	9817
0	1241
0	9119
1	2686
0	38
0	8177
0	8027
0	9891
0	6576
0	4958
0	9748
0	8507
1	9994
1	9758
0	9725
1	5829
1	8434
1	9735
1	9978
0	9687
1	2
1	8832
0	9994
0	9208
1	9564
1	734
0	8176
1	8324
1	6319
0	3941
0	7706
1	8637
0	20
1	9912
0	7599
1	4914
1	9536
1	5354
1	9229
1	6399
0	576
1	7204
1	8554
1	70
0	7796
0	1261
1	9553
0	9424
1	9448
0	600
1	1100
0	5265
1	9355
1	6782
1	3549
0	8666
0	9877
1	9293
0	9972
1	9987
1	8570
0	9976
1	4071
1	4097
0	5792
0	9373
1	9203
1	5405
0	9673
0	9967
1	2
0	8869
0	9924
1	8456
1	4944
0	7994
0	1178
1	9550
0	9247
1	9997
1	1645
1	9189
0	2646
0	7439
1	995
0	3432
0	2594
0	1968
0	8190
1	4037
1	7919
0	2682
1	6046
0	8671
1	9121
1	1197
1	8650
0	7765
1	9239
1	7028
0	7866
1	4989
1	9835
1	6516
1	9994
1	9961
0	7891
1	1117
1	9225
0	9912
1	8290
0	4050
1	4522
1	2277
1	9965
0	3490
1	9506
0	9827
0	8300
1	9522
1	9991
1	4119
1	1123
1	9945
0	9919
0	3035
1	9952
1	8299
0	6241
1	9999
0	6947
1	9922
1	5975
1	9521
0	10
1	6425
0	9941
0	8828
1	3529
0	9388
1	9618
0	7408
1	9954
0	3705
1	5161
1	6954
1	9977
1	8954
1	9509
1	202
0	9936
1	4939
0	9390
1	2722
1	2374
1	9790
1	9904
0	448
0	7976
1	9397
0	4649
1	9127
1	9997
1	9132
0	8688
0	857
0	6794
1	9935
1	9144
0	7756
1	2691
1	9452
1	9999
0	200
1	7661
0	6518
1	6689
0	2942
1	635
0	9747
0	1176
0	9740
1	9943
0	7098
0	9883
1	9989
0	6300
1	7485
1	9897
0	9085
0	3449
1	3552
0	1333
1	9790
1	7298
0	8503
1	1984
0	7762
0	1196
1	7059
1	7891
1	1717
1	1496
1	6935
1	9988
0	5264
1	9971
1	8913
0	4620
0	3392
1	1137
1	5160
0	1392
1	645
1	982
0	4782
1	4514
1	587
1	7661
0	9771
1	9111
1	9483
0	463
1	1698
1	1725
1	9734
1	9363
0	324
0	9038
0	9764
1	9330
1	7511
1	9949
0	3961
0	6315
1	5148
1	9801
0	9631
1	8998
0	8253
1	2431
1	9997
1	9659
1	1563
0	7513
1	10
1	8543
0	8434
0	8448
0	2445
1	7597
1	4869
0	5596
0	9911
1	3869
1	8138
1	8497
0	9507
0	9794
1	9999
1	9938
1	9996
0	2226
0	9100
0	1198
0	881
1	9746
1	8187
0	8885
0	9320
1	4789
1	7744
1	8548
0	9997
0	5829
1	1887
0	9999
0	8303
1	4428
1	4537
1	3103
1	1204
0	9568
0	4146
0	3456
0	1304
0	9523
1	8554
0	7491
1	8557
1	1376
1	4859
0	9987
1	9954
1	7797
0	3294
1	3254
0	7943
1	7795
1	9780
0	9618
0	9907
1	6968
1	0
0	2446
0	1582
1	6100
0	3914
1	151
1	2210
1	9993
0	1196
0	9998
0	9945
0	9384
1	9921
0	5821
0	9685
1	9844
1	6249
0	9798
1	8812
0	1662
1	3665
1	4
0	9925
0	1401
1	8690
1	8974
1	2871
0	6293
1	1119
1	9329
1	9028
0	911
0	9956
1	2482
1	7871
1	9875
1	8934
0	9040
1	2317
1	8868
0	1316
0	2965
1	3250
0	4211
0	7532
1	8511
1	6417
0	9975
0	9993
1	1671
1	6886
1	1859
1	9406
1	9692
0	9992
1	9180
1	2764
1	8304
0	6764
1	9094
1	8532
0	1065
0	9511
0	9494
1	8762
1	5449
1	8224
0	9254
0	8133
1	9925
0	4788
0	9999
0	8157
1	9203
0	9995
0	9503
1	5012
1	3585
0	7503
0	9816
0	9409
1	8611
0	9944
1	9372
0	8576
0	145
1	8816
0	9906
1	3076
1	9695
0	5211
1	9434
0	1147
1	1216
0	9354
1	182
0	6098
0	9831
0	6664
0	8723
1	2958
0	7858
0	3731
1	3783
1	7584
1	9470
0	9897
1	8490
1	7265
0	9101
0	9942
1	1245
0	1107
1	9957
1	9736
0	9242
0	1030
1	8426
1	1848
1	223
0	1399
1	9966
0	3053
0	7938
0	7931
0	1424
1	1400
1	1467
0	9588
0	9834
1	7621
0	7306
1	8631
1	9940
1	6554
1	8175
0	9670
0	9980
1	6250
0	1914
1	7732
0	8961
0	9987
1	7316
0	9559
1	8560
1	9375
1	9663
1	2839
1	7949
1	9428
1	6398
1	9102
0	1062
1	2429
1	8633
1	222
1	9726
0	8834
0	8771
1	8308
1	9628
0	5592
1	6917
0	9881
0	9920
1	9872
1	7920
1	2714
0	4203
0	8232
1	4419
0	8839
1	2594
1	9923
1	1825
1	1590
1	8983
1	9802
1	8304
1	9917
0	9475
0	7733
1	6776
1	9957
1	6227
1	1060
1	8938
1	8897
1	9053
0	8560
0	9218
1	3843
0	8522
1	9988
1	1935
1	9860
0	1606
0	9626
1	2521
1	9982
0	9524
1	9198
0	35
1	9597
1	7713
1	7578
1	9680
0	6861
0	5633
0	9854
0	8309
1	7781
0	9488
1	9898
0	9992
0	9793
0	6944
1	3732
0	9889
1	8313
0	7387
0	1603
1	9962
1	9928
0	4313
1	9410
1	9741
0	1253
1	6450
0	1518
1	5545
0	6910
1	9359
0	9155
0	7467
0	3905
1	9922
1	8779
0	9448
0	9554
0	7978
0	7907
1	8780
0	7207
0	9049
1	627
1	2004
1	9979
1	9768
0	9841
0	6663
1	9590
1	635
0	1364
0	1263
1	3804
1	1244
0	9922
0	489
1	9842
1	8794
0	1840
0	1362
0	7970
0	2566
1	9988
1	9770
1	6861
0	7869
1	2627
1	843
0	9947
1	9542
0	4833
0	1270
0	9603
0	9953
1	7433
1	1410
0	9995
0	9848
1	9193
0	3097
0	4464
0	1294
1	9016
0	907
1	2927
1	9892
0	8926
1	9932
1	5405
1	9621
1	1590
0	9113
1	8505
0	7845
1	5847
0	2519
0	1734
1	7624
1	5176
0	9962
1	9201
1	9160
1	6004
0	2876
0	2743
0	4214
0	8834
0	9935
0	8065
0	2354
0	8386
0	4442
1	9611
0	8509
0	9892
0	9246
0	8959
1	8338
0	9694
1	9842
1	1707
1	9145
1	9752
1	603
0	4390
1	2116
0	1391
1	9925
1	9999
0	9212
1	9502
1	9997
0	9955
0	8960
0	592
1	3631
0	6102
1	1188
0	8705
0	3621
1	9990
0	9769
1	1408
1	9741
1	9954
0	2777
0	3013
1	7189
1	9939
0	9073
1	905
1	4484
1	9993
1	6579
1	5435
1	2104
0	1296
1	1139
0	9602
0	140
0	9638
1	9994
0	9911
1	8111
0	9649
0	9826
1	1490
1	9100
1	8034
0	1564
1	9851
0	7712
0	9695
0	8822
1	8020
0	8432
1	8576
1	9970
1	9959
0	6308
1	390
1	9169
0	9966
0	8814
0	8759
1	7642
0	9991
1	7981
1	9970
1	1114
1	9553
1	9911
0	9965
0	9812
0	6530
0	1263
0	6302
0	7920
0	9917
1	3377
1	1909
0	6035
0	8879
1	9839
0	106
0	8353
1	1873
1	5268
1	9873
1	9238
0	9865
0	1353
0	5903
1	7892
1	9671
0	9996
1	9997
0	9892
0	8328
0	4608
0	9725
0	8239
0	7543
1	9950
1	233
1	1914
0	9465
0	8663
1	6676
1	9358
1	1181
0	1138
0	9960
1	9927
1	9183
0	4755
1	1245
0	8834
0	9920
1	9953
0	2415
0	1648
1	8170
0	8354
1	7370
1	1061
1	9849
1	7182
1	9965
1	978
1	9959
1	1845
1	9767
1	3430
0	8528
1	9296
1	9018
1	9885
1	9400
1	1228
0	1541
0	9913
0	9777
0	3457
1	3669
1	9726
0	4014
1	9450
1	9430
1	7541
1	6013
1	9992
0	2895
0	9875
1	9611
0	1973
0	9516
1	5612
1	4546
0	6007
0	9711
1	9347
0	9211
1	7583
1	9288
1	9993
0	1351
1	8481
0	9978
0	9522
1	5980
1	9866
1	1266
0	6941
1	9419
0	9990
0	31
1	8993
0	9791
1	2261
0	5335
1	8957
1	9436
1	9888
0	1847
1	6907
0	9514
0	813
1	2055
0	9815
1	8645
1	8626
1	5381
1	3838
1	9592
1	9836
1	8326
0	3133
0	1054
1	7686
1	2719
1	7582
1	2341
1	2136
1	2658
1	7263
1	6793
1	1203
0	9998
1	9744
0	8305
0	715
1	1511
0	9802
1	4774
1	3175
0	3264
1	9947
1	3727
1	8479
0	9891
1	8571
0	7557
0	7983
0	9318
0	9398
0	141
0	9761
0	9713
1	1190
0	8454
0	2784
1	9287
0	4939
1	4268
1	9489
0	1373
0	1413
0	2245
0	8964
0	1213
1	6744
0	1197
1	973
0	1192
0	6891
1	9734
1	9996
1	8823
1	8559
0	52
1	9541
0	9575
0	7263
1	9587
1	9399
0	1334
0	9250
1	4239
1	2436
0	9787
0	9995
1	9914
0	8233
1	8147
1	8779
0	5673
0	7387
0	5937
0	4714
1	9771
1	6594
0	8769
0	216
1	6937
1	7932
0	9205
1	7961
0	9363
1	8390
0	476
0	7201
1	9985
1	8802
0	8163
0	4303
1	3713
0	9929
1	2760
1	1286
0	7113
1	734
1	9934
0	9868
1	7656
0	8602
1	9469
1	8338
0	8756
1	9989
1	9749
1	9886
1	9916
1	8620
0	9250
1	9859
0	9988
1	977
1	7097
1	9119
0	1801
0	9856
1	1258
1	9259
0	9223
1	9514
1	7571
1	1464
1	1283
1	9207
1	9589
0	4021
1	5313
0	9930
0	5447
1	4955
1	9358
1	1333
0	6982
1	5644
0	9053
0	8760
1	1639
1	1084
1	9884
0	9336
0	8536
0	1352
0	1502
1	1326
0	5383
1	357
1	3456
1	8888
1	3499
0	7519
0	1429
1	2094
1	1530
1	3380
1	9535
0	4028
1	9933
1	2735
1	3146
1	9234
0	1260
0	6548
1	7849
1	9946
0	8019
1	4976
1	9249
1	9997
0	9944
1	5279
1	9644
0	7855
1	1079
1	9900
1	4161
0	9695
1	7267
1	5647
1	114
0	7192
1	8372
1	7750
1	8460
0	9254
0	8926
0	9090
1	130
0	136
1	9994
0	9645
1	6728
0	7111
1	8880
1	2457
0	4605
1	9869
0	7806
0	9858
1	9551
0	3823
0	9953
1	3033
0	9987
0	2603
1	9861
1	9968
1	8587
0	2937
1	8195
1	7418
1	9908
0	8890
0	8886
0	9984
1	2853
1	9312
1	8930
1	9970
0	1932
1	9470
0	1497
1	8743
0	4659
0	392
0	9798
1	7372
0	9089
1	3749
0	7644
1	9234
1	8329
1	9999
1	9896
0	9113
1	7268
1	1226
1	8724
0	8822
0	7340
1	9683
1	9982
1	9860
1	7870
1	9442
0	9888
1	2108
0	9886
1	2967
0	870
1	9871
0	9944
0	9040
0	1152
1	9942
0	9947
1	1138
0	9458
1	9948
0	5626
0	9304
1	6558
1	7676
0	4646
0	629
1	8807
0	7512
1	2919
0	8636
0	1593
0	1212
0	9220
0	9918
1	9892
0	9278
1	8484
1	7258
0	9950
0	7723
1	9972
0	9337
0	8261
0	9932
0	8501
0	8564
1	9511
0	9989
0	4400
1	7745
1	9796
1	1842
0	9659
1	7223
0	9926
1	9222
1	67
0	9041
0	9439
1	9118
0	9912
1	8147
0	9893
1	5667
0	8229
0	9942
1	9960
0	9948
1	7344
0	9849
1	9978
1	8185
0	8417
1	8017
1	2710
0	5253
1	7919
1	8983
1	7385
1	7293
0	7083
1	9498
1	9387
1	9997
0	8849
0	8891
1	3680
0	9992
0	5108
1	9029
1	9867
1	9843
0	8665
1	8549
0	9072
0	8971
1	9048
1	1864
1	9996
0	7787
1	2076
0	9997
0	6164
0	3158
0	9995
0	165
0	1801
1	8221
0	9782
1	9536
0	38
0	9979
0	8006
1	8533
1	6984
0	6567
0	1132
0	8562
1	7570
1	9957
0	7381
1	9943
0	8335
1	3970
0	7738
1	632
1	747
1	420
0	2654
0	8149
0	130
1	8327
0	9626
0	9405
0	9509
0	9969
0	1610
1	9978
1	2016
0	4997
0	7099
1	8973
1	1132
1	9652
1	9994
1	1855
1	2168
1	547
0	9961
0	1817
1	5596
1	4175
1	9769
1	9431
0	2468
1	7095
0	8902
0	2107
1	8463
0	9845
1	1177
1	7937
1	9741
1	2863
1	7400
1	1
1	9551
0	9126
1	2555
1	8280
1	9654
0	5422
1	1325
1	9681
0	9577
0	9865
0	9551
1	7847
0	9519
1	4326
0	9861
0	638
1	5468
0	9607
1	9794
1	6270
0	9686
0	1951
1	9681
1	8150
0	5071
0	9983
1	4143
0	9997
0	1266
1	9875
1	9781
0	9953
1	6173
0	9659
0	9976
0	9152
0	1124
0	7351
1	9696
0	8584
1	9968
1	2719
1	531
1	1570
0	7299
1	8162
0	1661
1	9611
0	9585
1	968
1	1725
1	4331
1	9964
1	9236
0	1325
1	6419
0	4658
1	7771
0	8678
0	5166
1	1414
0	8722
0	8289
1	9453
0	9994
0	9236
1	9992
1	197
0	9206
1	9877
1	1544
1	8336
1	9999
0	3212
1	3204
0	9410
0	7777
1	2365
1	98
1	9928
1	2335
1	4487
1	9294
1	158
0	9931
0	9660
1	9153
0	4708
1	1272
0	9962
0	9990
1	3225
1	7582
1	9973
1	9419
0	9977
1	9989
1	1314
1	1016
0	9897
0	8830
1	5646
1	2506
1	7811
1	9139
1	8336
1	5489
0	9707
1	3232
0	9892
0	9095
0	9401
1	9656
0	3753
1	5235
0	7710
0	8154
0	9500
1	7236
1	9811
0	9998
1	517
1	6529
1	8981
1	2425
1	9999
0	7563
1	9999
1	9963
1	1567
0	8856
0	1255
1	9915
0	4512
1	6416
0	7583
0	9651
0	9995
0	9742
1	9798
1	9713
1	9510
1	9513
1	2436
1	6474
1	9807
0	9348
1	9981
0	7941
0	8926
1	8479
1	5848
1	1333
1	7355
1	9990
1	8034
1	9061
1	5636
1	6038
0	9680
1	9510
0	270
0	655
1	9679
1	1782
1	979
0	9613
1	4952
1	1459
0	7248
0	9345
0	9642
0	9767
1	8296
0	4943
0	8298
1	9669
0	9883
0	2282
1	4659
0	9925
1	8434
1	9957
1	7844
1	5947
0	9771
0	9998
1	9438
1	1603
1	8898
1	9877
0	9992
1	9806
1	7329
1	9990
1	8559
0	1697
1	9789
0	9298
0	9984
0	9908
0	9968
1	1962
1	9974
0	7657
0	4994
1	692
1	9977
0	9990
1	3002
1	7744
0	8457
0	8817
1	9854
0	8912
1	1196
1	1287
0	1251
0	1399
1	9028
0	2067
0	9632
1	9869
1	7936
1	9985
1	9689
0	1083
1	1971
0	9183
0	7413
1	1089
0	8410
0	8030
1	4513
1	7199
1	9946
0	7461
1	7039
1	2927
0	5554
1	1254
1	9764
0	8676
1	3551
0	3781
0	198
0	8296
1	8174
0	8718
1	1533
1	9591
0	5686
1	4530
1	3374
1	6944
0	1642
1	9294
1	9957
1	1019
0	9719
1	1398
0	7377
1	9917
0	4983
0	9984
1	7001
1	17
1	8472
0	2373
1	9999
1	3587
1	9995
1	8947
1	8214
1	9424
0	9983
1	3025
1	9075
1	9829
1	14
0	163
0	8681
1	5030
1	981
0	7889
0	3787
1	2243
1	6744
1	640
1	9842
1	9377
1	5402
0	551
0	9870
1	1234
1	8081
1	4012
0	8114
0	1402
1	7660
0	9880
0	6637
1	9648
1	9997
1	5259
1	9956
1	3980
0	8004
0	9997
1	5947
0	88
0	1812
1	9351
0	7942
0	7289
1	9947
0	9956
0	7419
0	6913
1	1167
0	4550
1	9926
0	9842
0	1528
0	8927
1	8627
0	8984
1	8216
0	9303
0	5831
1	9997
1	3555
1	9934
1	7786
1	8033
0	7051
1	2757
1	8507
0	9504
1	9556
0	66
0	7743
1	7178
0	5614
1	9961
1	9501
1	9965
1	9601
1	9991
0	7185
1	7532
1	8596
1	292
1	9823
0	1655
0	1018
0	4114
1	1792
1	8242
0	9961
1	9888
1	477
0	9607
1	9690
0	6614
1	3877
1	9076
0	4074
0	6996
0	76
1	6295
1	9903
0	232
0	9864
0	887
0	7625
0	8724
0	5379
1	9959
0	9901
1	9080
1	8924
1	7798
1	9990
1	1311
1	9815
1	803
1	3772
1	4888
0	9901
1	6836
1	3223
0	1270
1	9878
1	9872
1	7969
0	3811
0	7370
