3014	6304
2824	2687
1650	934
6004	4826
1111	4280
2365	3839
2190	2013
1670	1779
1975	1706
1810	1860
1586	3662
2240	2619
3744	3588
2028	3205
1447	2147
1911	2694
1523	2151
2248	2408
2348	6136
2015	1908
7294	4713
2434	4718
1568	2235
1386	1690
1410	1822
2451	2885
1522	2317
2027	2892
1664	1737
2040	5081
1420	1637
2338	1822
1516	1650
2304	1916
2361	2896
2116	1819
1033	1524
1514	1957
1677	2208
1851	1798
1620	2270
3443	3922
1964	2508
2048	2472
1913	1937
1147	1611
2369	1997
1374	1552
2422	1794
2547	7098
1788	1641
1713	3505
1882	1912
2417	2710
1413	2133
2270	5531
2276	2756
1749	2354
2464	1963
1933	1964
1251	1423
2385	4659
1977	2057
1708	1764
2217	3371
1240	1843
2444	2464
2793	3376
2560	2616
3197	3382
1738	3491
2468	2760
2805	6445
2834	2544
8499	4530
1864	2175
2722	5269
2177	3599
1964	2559
2185	2647
1473	2083
1827	2144
1243	1940
1536	1449
2961	3332
1883	2492
2555	2402
1647	2727
1369	1959
2216	3707
1773	1693
9821	4294
1234	3051
1712	2513
2165	2673
1733	1873
1350	3003
2525	2747
1552	4079
1928	1963
2403	1743
1643	2204
2433	3198
1795	2751
3049	3335
2398	2044
1740	3303
1383	3175
1820	2232
1505	1219
2018	5495
1769	3925
2316	1196
1905	2311
2222	2549
1243	3657
3278	3988
2740	6300
1716	5991
1806	2390
1563	1709
1967	4141
1550	2094
2514	3522
1917	1940
1789	2699
2542	2577
1841	2271
2094	2031
1428	3340
1573	1967
2286	2773
1553	1617
1934	2607
1641	2286
2076	2629
1879	1947
2875	2838
2121	3563
2989	3021
1868	3248
1827	1351
1904	2201
1642	1957
2556	1533
2016	2045
1290	3261
1953	6293
1828	1748
2640	2672
1658	2132
1594	2255
899	1506
1543	4631
2816	3345
7615	4414
1613	1102
1660	2602
1206	2417
1649	1523
2273	2405
1491	3221
2455	6901
1688	2146
1668	2503
1648	1844
1557	1765
3225	2072
1977	3386
1579	1573
1301	721
2093	2183
1207	2393
2343	2667
2330	3975
1657	5898
2251	2439
2513	3772
2239	3297
2818	1065
2091	1813
1590	1896
7240	5173
1766	4581
2122	1509
2450	2335
1655	3376
2023	2174
1627	1932
1427	1561
1700	3099
1976	1678
1867	2686
2604	3434
1531	1844
1373	2078
1644	2345
3894	3633
1846	1880
2199	3492
1373	2011
2913	2571
2464	2707
1409	1948
1791	2422
1838	3303
3017	2738
2041	2224
2359	2688
1492	2606
1733	1957
1956	3876
2322	6292
2857	2884
1245	2030
1614	1995
1982	1185
1934	2976
2028	2358
1883	3559
2163	2691
9330	5587
1883	2014
1473	1836
2467	2754
2038	2663
3221	3180
1393	2795
3015	2877
9299	4352
2170	1923
2021	2437
0	2587
1346	2566
1990	6242
1425	1848
1813	2478
1759	5501
1671	2865
1857	3124
2677	4469
1092	1783
3210	3933
2430	5923
2099	3302
2728	7277
2067	2238
2393	1949
1345	2063
1526	1780
1433	2182
1651	1384
2214	2967
1755	2394
1912	2460
1493	2143
1480	1703
1660	1746
1568	3659
2125	2327
2069	5171
1710	2033
1783	2557
2079	1548
1705	1651
3058	1844
2136	2187
1270	1829
1895	3130
2199	2359
1994	2158
2781	2148
2146	2257
1569	5021
1920	2037
1407	1567
1912	2139
1984	2190
2285	2544
2465	2961
1837	2087
2221	1992
1105	1914
2037	3042
2369	4278
1816	2079
1680	2618
330	3962
2651	2943
2100	2118
2500	2685
1480	2356
1925	2329
1785	2634
2676	2792
2463	2961
1815	2766
2203	2235
3105	2904
2023	2685
2498	5409
1509	1691
1984	2759
1940	2583
1594	2113
2273	2862
1373	2551
1421	2079
2639	4448
1803	2337
1311	1661
2014	2050
1448	2172
1845	2870
1513	1748
2618	2565
3005	2140
2037	2123
1731	1619
1963	2144
1128	1213
2101	3090
2011	3539
3373	4512
2820	4398
2373	3779
2570	5725
1953	2715
1603	3639
2125	2738
2619	3145
2086	1988
1695	2342
1431	2281
2558	2177
3712	3137
2550	3099
1553	1979
3011	5577
1510	1758
1966	5147
2445	1672
1989	1890
1703	2310
1910	2972
1904	2375
2711	2237
1981	2152
5175	9177
2588	2911
1406	2669
1375	1772
1989	3511
393	2870
1525	1854
1924	2184
1316	1290
1730	2658
1821	2348
1700	3202
1803	2110
1851	2552
2056	4180
2658	2953
2555	2293
2771	3178
1693	2185
1812	2625
1659	1538
1677	2026
1548	1820
1656	1593
2490	2361
1465	1668
1874	3680
1530	3899
2682	2208
1393	1901
1928	2503
1469	3695
1926	2442
1814	3081
2080	3970
1919	2046
1583	3021
1994	2895
1539	4353
1825	4741
1722	2162
2025	1922
1062	1654
2009	2172
2910	3475
1814	2087
2048	5276
2507	6835
1139	1355
1344	2624
2299	2607
1937	4585
1928	2506
2207	6803
2631	3734
2608	3034
2676	2555
1595	2373
1776	2983
2995	4227
1864	2932
2452	2501
1778	2414
2144	2635
1549	1849
2674	3967
2363	1937
2329	2528
1892	3276
3225	1810
2053	1932
1453	2251
1953	3991
1278	5109
3019	3598
2119	3344
2124	2767
2366	2492
1365	4508
2175	2512
1462	4218
894	4067
1497	4207
1929	1641
5029	4833
1477	5621
2018	2440
1761	1975
2372	2479
2543	2928
1892	4190
1338	1868
2328	1816
1507	2689
1267	2261
3013	5298
2381	2960
1608	4289
1520	1987
1127	1789
1459	1782
1639	2750
3553	3793
2978	2826
1854	2015
1577	5961
1676	2639
2879	2603
1535	3097
2124	2891
1473	3044
1909	3021
1164	1372
2115	2646
1763	1873
1414	4301
1934	2518
1643	2755
1003	2033
1785	1668
2198	2406
1057	1917
2458	2479
1499	2444
1148	1431
2308	2336
1281	1467
1884	2097
2369	4397
1496	2046
1987	2418
2046	1808
1536	1957
2355	1941
1905	2185
1827	2411
3415	2096
1779	4347
2248	2528
2675	2893
1241	1915
1721	2289
2370	3369
1492	2148
2074	1918
2282	3342
1936	5544
1720	2110
1705	2717
2646	3393
2063	4476
2251	2451
1595	2180
1955	1820
1320	1887
1534	1544
1231	993
1562	1182
2082	1501
1055	2078
2277	2223
2580	3640
1905	3426
1827	2034
1133	3210
2330	4067
1469	3765
2390	2705
1736	2306
2034	2648
2443	4278
1784	1952
1291	2181
1293	1348
1789	1037
2018	2051
1823	2092
1893	2350
1841	2066
2229	4908
2805	6099
2552	3432
2718	2664
1869	2095
5114	4091
2734	2755
1389	2039
1760	1911
1435	1691
1954	4593
1398	1945
1586	1894
1736	5140
1863	3691
2586	2796
1353	2095
3732	3188
2107	2556
1622	5436
1538	1045
2417	2177
2517	2653
1660	4352
1488	1878
2697	2561
1863	2202
1962	2399
1544	1849
2677	3028
1016	2568
1962	2233
953	4657
1945	1972
2859	2586
1914	4458
2303	1735
1511	3736
1608	1534
2480	2990
2179	1740
2358	2616
2144	2464
2319	5805
2352	3505
1992	2293
1498	2797
2193	2461
1861	4166
1891	1888
1627	2211
1989	2976
1934	2232
2609	3496
2618	1957
1952	2727
2046	2573
2014	2350
1163	1127
2729	2845
2577	3312
2260	2141
2016	1671
1474	1646
1624	4099
1323	1481
2038	4841
9018	5720
1671	2230
1494	1674
5423	4493
1839	2637
1736	1606
1514	5871
1601	4997
1794	1872
2748	3406
1758	2310
1454	1993
2593	2698
3180	5466
1240	1968
1396	1451
1559	1697
1715	2397
2850	3029
2120	2224
3463	3563
9804	8540
2304	2222
1863	942
1509	1284
2023	2225
1453	2061
1692	2429
1934	2423
2168	2552
1823	4366
2674	2782
1646	1980
1485	1888
1723	1817
2197	3075
1838	2049
1575	2706
1783	2797
2106	1830
1372	2543
1292	2842
2038	4148
1542	1933
2333	1873
1650	3096
3114	2154
1808	2801
1795	1613
3225	3303
1269	2362
2281	3324
2327	4758
1782	5409
2816	2575
2357	2243
1077	1769
575	1571
2895	2741
2856	2866
1515	1825
1769	1666
2553	4072
1687	3165
1867	2646
2614	2274
1829	2424
3218	2511
1298	3131
1782	2047
1403	2749
1527	1804
1613	4493
1674	2815
2460	2128
2045	2914
1620	1948
1333	2766
1870	2289
1128	1640
1751	2311
2182	1641
1479	2167
1653	2793
1636	1676
2097	3373
2916	6796
1516	2100
1623	2896
2003	2517
1349	2377
2466	4822
9214	4473
2879	3016
2607	2729
1616	2046
1913	1769
1859	3224
2061	2040
1639	1960
1762	5261
1590	2237
3019	2212
2326	2916
1616	1756
2111	2148
2114	2246
3099	3415
2494	2876
1782	2610
1592	2062
1860	1392
2066	3157
2053	2543
2161	4932
2238	2416
1676	1808
980	1825
2726	2884
1583	2666
1934	4437
1934	2620
1455	2542
1024	2810
1899	2889
1899	3763
3527	2766
1863	2048
1669	1594
1810	2138
2948	5234
2044	3947
1384	2008
2289	2232
1510	3318
1987	3876
1866	2788
1522	2211
1329	1895
2490	3089
1848	5180
1758	4152
202	1808
1638	2185
1044	2873
1857	3475
2307	3777
2467	1864
1525	2153
1450	3398
1981	1197
2167	4179
1817	2100
1545	1471
7184	6637
2024	4568
1930	2041
2625	6346
1498	1872
1995	4648
2510	2184
1396	1735
2670	3064
5914	4311
1980	1696
2305	2439
2211	1862
2378	2796
2266	2120
2352	2992
2530	4999
2138	2275
1858	3877
1401	4448
1921	4807
1367	1763
1977	1810
2180	2730
1874	2207
1932	2086
6610	8625
2754	5236
1786	5334
1844	1434
1627	3418
1480	1912
1620	4199
1156	2190
1874	5531
2150	6399
2366	3014
1597	1600
1584	1845
1479	1657
1797	5303
1728	2597
2072	2236
1850	3519
1532	1961
3195	1863
1699	2342
2171	2117
1876	1593
2138	4287
1486	4225
1604	3473
1166	1824
2129	2135
2625	2587
1879	5120
3182	2960
1641	1960
1759	2955
1674	2810
2018	4592
1529	1477
1888	3395
2377	2870
1596	1890
2400	1506
2031	2418
2227	2668
1261	1043
2304	4699
1986	1878
1505	1769
1025	1700
1713	1928
1720	1961
1518	1656
1619	1997
2150	2958
1781	1964
2220	3008
1787	3388
1751	3053
2618	3147
2431	2246
2016	2258
1896	4762
1942	4156
1523	2228
1057	1122
2252	4284
2061	2749
1976	2059
1825	3210
3712	3113
1731	3282
3144	2998
74	4405
1851	2375
1913	2629
1601	2043
1691	4621
866	1727
2241	2041
1957	1859
1506	2369
1660	2781
1886	2320
1106	2732
3533	3140
1433	3674
1358	1264
1528	3668
1568	1141
2137	4190
1667	1312
2079	3338
1699	4250
2955	2721
1675	2158
1858	3027
1887	1034
1471	1595
2120	2665
2392	2225
2033	2054
1915	2210
2126	2227
1894	2236
1826	3219
2465	2184
2483	3789
2212	3023
1804	1985
2848	2666
1591	2168
1640	1686
2363	5873
1945	3071
3468	3106
2468	3479
2130	1936
2574	1652
2903	2935
2347	2886
9389	5260
1709	2351
1966	2808
2910	5678
1838	2270
1911	2449
2893	4407
1276	4350
1668	1944
1990	3670
4093	5068
1755	2471
1851	4517
2437	2897
3257	7714
2556	2580
1693	2239
1841	2473
1582	2117
1592	2567
2587	4541
5219	4018
2267	3814
1888	2206
1537	4714
1704	2608
2004	5322
1924	1833
1341	1906
2681	2005
2061	1818
1403	4676
2031	2125
1601	3914
1357	1170
1544	1493
2190	2334
1767	1988
1672	1109
3060	2164
1987	3585
1794	2258
2195	2563
1689	2271
2025	2275
2431	2710
2617	1719
1874	5691
1869	1965
1851	2543
2016	2406
969	1320
2820	3538
2155	2611
2521	2469
1717	3749
1577	2416
1896	2619
1974	2542
1987	4695
1818	2538
2138	2123
2582	2267
1439	1915
1785	4337
2189	2165
1001	2644
2302	4715
2090	5497
2262	2934
1681	2311
1613	1108
1428	2296
1350	1925
2793	3183
1289	2075
768	1797
1846	2098
2389	2958
2881	3174
1117	2318
2420	2915
1734	1813
1983	1637
5057	3148
3110	2592
1549	2189
1850	2348
1860	1552
2333	4117
1196	2094
1618	1675
1940	2226
1415	1476
2295	2303
2109	5628
1763	1984
3000	3494
1067	1692
1391	2204
1979	2332
2061	5000
1371	5422
1454	4086
1406	3082
2961	2675
1664	2302
1436	2687
1859	2625
2798	2952
2527	2361
1478	1461
1669	1428
1758	1652
1840	2106
1811	2754
2394	3190
1922	2463
2180	2983
2752	3736
1882	2580
1614	1805
2764	3403
1577	1501
1953	1785
2055	3344
1798	2217
1945	3275
2075	2425
1971	2000
3128	4473
2093	2388
2997	3164
1716	2595
1851	5074
2067	2458
1674	2435
1442	1881
1040	1758
1390	1689
2013	2724
2065	2028
2063	2639
1478	1736
2294	3056
2229	3160
1152	2177
972	4098
1635	4214
2383	2113
1792	1733
1929	3351
2099	2006
1969	2337
1920	3465
1484	1636
1778	3651
2220	1951
1970	2400
2909	2769
1536	1527
3037	2679
1370	5011
2880	1921
2232	2133
1366	1081
2198	1927
1804	5247
1630	1377
1402	1622
2006	2126
1945	4587
2497	2392
1564	3376
1946	1753
1263	1685
1867	2076
1840	2444
1446	2241
1688	1532
1290	1814
1511	3213
1686	2581
2132	5510
2031	2172
1249	1445
1709	1941
3229	2854
2377	2289
2071	2382
1151	4614
1771	2276
2196	3366
1744	1675
9968	5927
2614	2422
2720	6173
1341	1892
2096	4855
1321	2130
1859	2244
2135	3034
1936	5246
1462	1801
2154	2444
1932	2365
5861	4513
9773	5068
2842	2915
2143	2055
1820	2718
2313	2592
2162	4198
2604	3788
2148	2739
2264	2918
2104	2238
1935	2813
2127	3262
1603	1551
1835	3166
2781	4793
2347	4188
1672	1739
1859	2341
2624	2034
2114	3951
1180	1706
1391	2228
944	3156
1632	1530
2158	2311
1781	2278
2160	2466
2470	1809
1769	2435
1704	1558
1890	3969
2610	2365
1749	2356
2191	2296
2837	2718
2231	2887
2517	4080
1663	2598
2419	2153
2152	2177
2014	2208
315	2970
995	4239
1876	4656
1852	6004
2401	3050
1775	2096
588	1764
1765	3483
1789	2379
942	1366
9137	5393
1969	1185
1194	1699
2546	2510
2746	2612
1892	6077
1864	2147
3153	2709
1324	1875
2291	4992
1694	1823
1175	2452
1571	1540
1787	2348
1262	5340
1800	2563
1812	1874
1528	1806
2338	1639
1560	2191
2313	2759
1703	1982
2235	3657
1582	2327
1695	1721
2988	2918
1975	2104
1321	1217
5218	4733
3091	2005
2132	3451
1825	1903
2485	3486
2327	4958
1849	3540
2970	2599
1506	2574
1099	1389
2142	2249
1429	1617
2085	3296
1290	1659
1890	2468
1684	3738
1838	1762
2004	1922
1653	2007
1382	3410
2431	2324
2014	2420
1472	2082
2357	2876
2542	3446
2390	2881
1326	1333
1799	2291
1652	2190
1621	2291
2395	2123
3011	2555
1716	3390
2666	2746
1998	3283
1077	1945
2278	1983
1423	3152
2505	2600
2204	2408
1676	2803
1953	2149
1494	2469
2078	1918
1699	5782
1286	3823
1697	1634
2444	2375
1807	2808
1515	2972
2166	4152
1717	3585
2594	2113
1950	1954
2500	4146
1815	1758
2493	2617
2617	3821
2943	3281
2060	3426
2901	3491
1948	2201
2329	4042
2108	3124
2289	2441
1469	2857
1785	2167
2563	2840
1156	1561
1852	1693
2182	2605
2185	6506
1393	1530
1385	2936
1668	1539
1680	3012
2237	2586
2695	2871
2240	2693
1892	2668
2182	4520
1715	1831
2333	2835
1150	4497
2629	2281
1390	3838
1638	3952
1600	1890
2211	3637
2137	2570
2397	4135
1712	2053
1812	1887
2095	2161
2497	4147
2099	2685
3646	3029
1707	3188
2309	2969
1428	3633
3353	6612
2208	2403
2588	2624
2208	2290
2523	1779
2355	2323
3463	5413
1645	2666
1839	2261
2042	3210
1767	3943
822	1926
2476	3941
3255	2813
1834	1870
1560	2625
2793	6488
1471	1547
2036	1728
7333	5679
2343	2184
1900	3886
1670	2850
1885	1852
3176	2611
1696	2657
2064	4823
1840	2361
1602	2832
1955	2579
1893	2030
2111	3189
1790	2034
1851	2754
2141	3683
2634	2319
1595	1662
1299	3486
66	1261
1594	2555
1892	1460
1633	4280
1870	1517
1718	2769
1967	2281
1564	1742
2220	2509
1457	2078
1911	1736
1825	2408
1453	1887
2433	3827
1734	1838
1661	2744
2121	2443
1511	1536
1790	3870
1585	4811
1892	2033
1813	2098
1439	1598
1933	5088
1739	5244
1426	1602
1024	2596
304	1608
1574	1236
1410	2466
628	1609
1846	1921
2026	2270
2422	1905
1713	1925
1805	3192
1240	2931
1803	1611
1026	2703
1917	2145
2062	2038
2569	4577
2316	4877
2821	2482
1831	2063
1992	2314
1804	2019
2060	2379
1646	1572
1766	1574
2294	2580
2676	5004
1672	1723
2190	1795
1504	1650
1899	3498
3174	2940
1533	1784
1854	2686
1761	3244
1636	1829
2234	1573
9005	7012
1570	2167
1757	2036
1331	1616
1876	1993
1335	1293
2722	2946
2879	1873
1673	2285
2325	2528
1816	2310
2959	3317
2777	2535
1770	4665
1564	2175
1460	1245
2312	2504
1400	2208
2127	2710
2390	2855
1542	2731
1938	2712
1956	3516
2188	2216
9644	6426
2319	2700
3769	4398
1987	1932
1004	1150
2104	1857
2236	4433
1706	1564
2014	2843
1138	5328
1365	2311
1091	1523
1916	2235
898	2668
1360	2124
1387	1782
1669	2139
1934	2589
1161	2187
2951	6468
2083	1911
2074	2343
2130	2096
1459	2328
2291	3280
1813	2480
1766	2056
1639	1315
3070	1988
2039	4579
1578	2259
2100	2951
2220	2707
2715	2548
2004	1089
1116	4362
1494	2143
2119	2214
2570	2894
1205	2686
1624	1614
2535	1967
2185	2204
2313	2514
2236	2735
2581	3216
1590	3057
1883	4146
2258	2449
2209	3018
2063	1190
1389	1956
2447	2466
2804	3490
1020	2068
1055	1582
1564	5347
1752	2073
2406	2905
1822	1733
1978	5242
3551	5156
1528	1932
2099	3400
1829	2335
1883	2665
2007	1977
1492	2217
3121	4746
2109	2980
1752	2274
2827	2685
2121	2225
1468	3268
1868	2004
1942	4213
2367	2288
1612	2018
2823	2160
2036	2475
1768	2328
1387	2508
1946	2058
2807	1609
2718	3119
2946	2923
2150	2194
1905	2966
2093	2283
1904	2114
1329	1704
3739	3805
2085	2865
2095	3689
2266	3219
2086	2409
1998	2534
1775	1927
7478	9999
2677	4285
2096	2255
2163	2098
2993	2566
1732	2561
1649	4663
2143	2895
1877	4171
1689	4901
2857	3017
2599	2711
1896	2275
1207	1596
3851	6612
2021	2054
1828	1504
2054	6263
1976	1962
2754	2442
2889	4276
1825	1429
2251	2482
2057	2521
1525	1843
2150	3243
2245	1955
2597	2262
2465	2726
1693	1569
2070	1596
3157	3340
1996	1851
3642	3273
2377	3227
1750	1740
1264	2141
1432	1324
1275	2065
1842	1806
1781	5436
2217	2764
2488	4897
1518	4139
1284	1972
2746	2462
2572	2268
1756	4914
2094	2069
1489	2048
2288	2281
1389	2795
1485	1942
1411	3537
1718	4715
1939	2133
1733	1862
2357	2857
2075	3421
1965	2927
2061	2752
2090	2534
3022	2368
2389	2973
1504	1808
2071	3072
2419	2055
1616	3723
3189	3033
2167	2073
2591	2303
2508	4104
1504	3175
1048	1870
1655	1715
2603	2351
1831	2042
3477	3452
1431	1924
1938	2770
1590	1845
1958	2434
2239	2520
1752	4214
751	2313
1419	3315
2224	2030
1924	2266
2096	3130
2006	2036
2758	2834
1908	2034
1646	3606
2140	3232
3213	3139
1803	2598
1485	2256
1067	2198
2608	2582
2092	3346
1497	2048
1157	4318
1761	1270
1825	1949
1452	2855
1594	1911
3099	2653
1822	2206
2813	4159
1295	1933
850	1094
2671	5323
2696	2250
1642	2493
1744	3340
2033	5306
1663	3458
1982	2367
1329	4250
1652	1892
2262	2702
1591	2370
1918	2660
895	1271
1431	3276
1414	2151
2209	2716
1972	4013
1720	2667
1682	1375
1893	2557
2168	2251
1584	1807
2322	1774
1890	2340
1632	5338
2843	2938
2375	1972
1554	1664
2360	2956
3053	2827
1351	4287
1887	2189
2155	4037
1554	4824
1919	2112
1410	2986
1609	1977
1640	2011
1777	2111
2004	2568
1637	2226
2204	2613
2201	2541
2274	2919
122	3407
1637	2037
2036	2589
1647	1702
1891	1933
2513	2574
1814	3213
1473	3086
2289	2381
1855	6244
1822	2820
2445	2463
1508	5840
2233	2380
839	1820
1712	2519
3227	2744
2165	1746
1707	2747
1888	1232
1877	1748
1468	2093
1426	2432
2440	2389
2074	6324
2181	2514
2557	2266
2269	4395
1428	1749
1914	3513
1794	2150
2507	2449
1945	1350
2033	3682
1862	3167
1880	2317
1658	1577
1422	1538
1992	1617
1564	1867
1984	5905
1517	2340
1311	1764
2309	3463
2050	3250
1926	5125
1568	2202
1874	3500
2012	2030
2031	1848
2056	3486
2717	3714
1797	4857
1780	2760
2480	1679
2655	3678
1415	3992
1679	1588
2117	2668
1970	1421
1989	1957
717	1547
1810	6068
3079	6562
1213	3693
1766	2833
1251	1932
2730	3077
1995	3874
1413	2117
1833	2530
2077	2021
1779	2532
2386	2163
1791	1635
1851	2158
1661	2096
1708	1521
7919	9445
2103	1454
2759	2873
938	1551
2855	3549
1701	2357
2152	2108
2025	1747
2114	5761
1975	1982
1935	2022
1892	1759
2987	3600
1703	4558
1924	1872
1897	2097
2499	5930
2049	3433
1933	1998
2830	2348
1582	3491
2351	6220
2392	2529
2333	5013
1736	2364
2199	1745
1968	2610
2181	3644
2332	2860
1784	2215
2073	2380
2110	2721
1862	2312
2311	5209
1640	2312
1678	1668
1297	1884
2239	2300
2178	3539
1872	2887
2829	2089
1904	2117
2114	1980
1717	2265
1562	1991
1788	1691
1676	2387
1779	2302
2221	2769
1476	2724
1916	1637
1803	2102
1834	2243
1885	2663
1712	2744
1739	2239
1479	4777
1253	2043
2163	2121
1940	4796
2817	2597
2469	2031
1888	3034
2261	983
1903	2971
1921	1042
2952	3882
2061	2037
1612	2573
2105	3022
2126	4878
1426	3701
2068	2058
2280	3047
1719	4266
1504	3572
1751	2332
2434	2354
1527	1774
3429	5082
1408	2410
2487	2607
1764	4447
1571	1898
2184	2736
1884	2313
1920	2714
2694	3041
1729	1954
1286	2064
2374	3368
2039	1931
1647	1360
1792	2191
2563	2441
2374	2525
1680	1547
2640	6520
1875	2484
2749	1738
2599	2646
1390	3072
2439	2349
1488	2184
1679	1587
1938	3311
1415	2754
1667	4072
2430	2241
1423	2053
1928	830
2085	2125
2366	2968
1742	2121
2195	2570
1808	1644
1932	2172
1627	1948
2040	1834
1716	3061
2904	8069
1487	1927
7446	5050
1880	1802
2987	3385
2236	1811
2039	2835
2094	4531
3791	9315
1768	2373
1841	1940
1805	2753
2738	2568
2072	2853
1529	2312
1680	2307
2434	3908
3092	3255
2078	2202
1920	2277
1710	2361
1626	1373
1784	3328
2163	2137
1973	1996
2564	3494
3116	2574
1582	2271
1892	1648
2735	4394
1519	2168
1365	1996
1248	1695
2298	2975
1353	1682
1168	4121
2480	6823
1507	3112
1663	3687
2762	3042
2166	3232
1414	1679
1793	4595
1994	4672
1816	2157
2108	2479
2004	2624
1810	2249
2478	2642
1396	3229
1920	2210
1784	2175
1605	1767
1208	1719
1669	2259
1921	3269
2008	1999
8908	6700
2046	1721
2392	3902
1173	1882
2073	4495
2063	1598
1920	2605
1977	2621
1687	1990
1631	4750
1901	2334
1748	2220
1603	2244
1848	2281
1538	1115
1699	2093
1954	2538
2449	2471
1742	1996
1611	2082
1645	3389
1678	2513
2814	2818
2925	4622
1956	2654
2236	1773
2753	2994
2099	2335
2130	6565
2041	1878
1831	1945
1109	4461
1635	2325
2851	3683
2771	3786
1933	3882
2513	2537
1755	2242
1792	1686
1476	2901
2349	4779
1197	2111
2097	2469
1643	2091
2251	1512
1738	1746
1565	1947
2884	2851
1532	1440
3008	2112
1925	2563
1812	1920
3179	3144
1735	2524
2753	2376
1942	1516
1688	1591
1740	3690
2188	4061
2131	2172
1493	1784
1345	3314
1535	1900
2456	3137
2785	5672
2494	2285
1825	2355
1920	1618
1502	3842
950	1595
1420	2701
1764	1877
2354	2504
1604	2330
1853	4792
1692	2565
2611	4152
2037	3107
2596	2296
1859	2321
1893	1932
3023	2872
1669	4973
2062	2510
1641	2280
2006	2768
1286	2151
2314	2086
1500	2135
1285	1984
2160	1862
2264	2755
1800	1861
1279	1706
2517	2229
2157	2184
2734	7093
2586	6244
1724	2748
1735	3212
1790	2413
2304	2470
1716	3822
2775	3302
2450	1797
1252	2130
2379	5648
1813	2684
3580	3369
1825	3428
1653	2003
2201	2189
2428	2238
1915	2085
1313	2061
2048	2095
1513	2157
2731	1978
1594	2006
1779	3248
2010	2289
1725	2282
1422	1639
1983	2333
1889	2447
2651	3764
1394	3660
2002	2300
2009	2111
1764	5697
1785	1984
3290	3073
2858	2497
1718	2844
2019	1867
9999	5247
2879	4997
2727	4468
1962	4204
2006	1671
2525	3004
1787	2146
1948	2730
2315	2042
1852	2579
2163	2804
1874	2348
1848	1818
1806	2099
1845	2169
2048	1802
2013	1794
1490	1787
1458	2149
2118	2835
2626	2746
1540	2139
2568	6880
1840	2337
3271	4984
2333	2595
3272	2098
1764	1766
2299	2563
2074	3926
1691	2286
2525	4884
3142	2883
2235	2870
2888	0
2112	1993
2978	3242
1893	2923
1751	2673
1669	2961
8709	5329
925	1703
1249	3527
1998	2109
2773	2686
1781	3641
1776	2464
2461	6164
1237	2015
2361	3271
1851	2873
1375	3403
2378	2037
2105	2275
1934	2274
1667	1763
2145	2717
2030	2599
1632	2149
1694	2781
1984	3069
1815	3175
2741	2925
1131	3245
2008	3299
2480	2343
1681	2260
1770	3663
2811	3096
1605	1805
1691	5669
2020	2479
1858	3603
2167	2435
1579	3901
1605	3116
1889	2073
2530	2365
1661	4095
1538	3326
1369	1369
2337	2998
1781	2195
2397	4073
1832	2298
1697	1112
2379	3972
2420	2443
1674	2679
1448	2805
1929	1720
2776	4570
1986	2703
2756	3051
1993	2018
1762	2365
1636	3933
254	1688
2555	3479
2552	2847
1640	1802
2840	3321
3834	2870
1613	2077
2211	5516
2030	2504
1823	1749
1885	1536
2332	2762
1938	2020
2216	2185
1713	1996
1451	1289
2170	3237
1878	2284
1661	3357
1140	4681
1697	3643
1677	1636
1374	2364
2298	3834
1723	2532
2010	2820
1975	3178
2252	3497
1788	1819
1862	1926
2970	3524
1903	1861
3105	2899
1654	2440
2670	4229
1688	2064
1736	1334
2227	2561
2054	1606
2380	2332
1847	2125
1208	1779
1952	1762
2139	1912
1625	1780
2419	2005
1963	2716
2039	2351
1845	2243
2026	3932
2254	4074
2829	2971
1855	1731
2077	5072
2007	2063
1697	1408
4816	3846
2244	2646
1316	1492
1576	2163
1805	5426
1463	1738
2922	6019
2451	2894
1744	2409
1472	2071
2011	3927
1622	1320
2215	3397
3182	2441
2172	3893
1849	1519
1679	1520
1525	2445
3041	2596
1374	3141
2116	4651
2054	2447
968	3150
3139	2628
1663	2987
1663	2551
2495	4007
1296	1945
1511	2074
1731	2799
1563	1890
1803	1629
2002	2068
1755	1789
2591	2413
1932	2423
2069	3515
2575	3544
1656	1703
2027	2162
1370	3868
