117	3
102	1
119	1
147	1
133	1
180	4
144	4
156	4
126	4
144	1
99	1
89	1
118	1
155	4
139	4
52	1
82	1
106	1
157	4
130	1
161	4
137	1
174	4
175	4
143	4
149	1
185	4
76	1
105	1
143	1
111	1
103	1
160	1
117	1
169	4
126	1
120	1
112	1
142	4
132	1
96	1
158	4
120	1
152	4
33	3
138	1
104	1
101	4
90	3
128	1
156	4
48	1
147	4
55	1
153	4
156	4
99	3
123	1
165	4
81	3
119	1
125	1
179	4
138	1
88	1
51	3
152	4
126	1
166	1
143	1
90	1
98	1
190	4
205	4
53	1
80	1
130	4
91	1
169	4
30	1
115	4
168	4
177	4
174	4
71	1
149	1
152	4
151	4
152	4
129	1
114	4
143	4
165	4
124	1
104	1
152	1
114	1
135	4
104	1
200	4
142	1
79	1
123	1
148	1
140	1
182	4
106	3
173	4
180	4
87	3
144	1
129	1
84	3
1	3
191	4
139	4
63	2
53	1
113	1
132	1
152	4
55	3
182	1
104	1
119	1
128	1
147	1
170	4
92	1
170	4
121	4
102	3
130	1
158	1
86	1
66	2
130	1
150	1
201	4
172	4
44	3
102	1
136	4
112	1
117	1
62	3
155	4
93	1
149	4
119	4
190	4
114	1
142	1
146	4
66	3
125	1
124	4
146	4
70	1
128	1
157	4
98	1
124	1
144	1
151	4
38	1
119	3
87	4
191	4
84	1
155	1
140	1
113	1
123	1
71	1
109	1
114	4
139	4
127	4
157	4
187	4
64	3
175	4
62	1
92	1
172	4
136	4
142	1
112	1
153	1
133	1
77	4
86	1
145	4
134	4
147	4
153	1
78	3
115	4
14	1
97	1
78	3
162	4
126	1
144	1
95	1
146	1
78	1
155	1
115	1
63	1
179	4
134	1
101	1
76	1
107	1
47	1
152	1
143	4
141	4
133	4
48	1
125	1
199	4
191	4
147	1
103	1
125	1
160	1
140	1
129	1
74	1
108	1
53	1
147	4
165	1
160	4
119	1
125	3
133	1
13	3
168	4
182	4
155	1
138	4
91	1
172	1
142	1
154	4
126	1
185	1
177	1
102	1
78	3
91	3
90	1
150	4
150	4
27	1
89	1
71	3
107	1
122	4
97	1
158	1
132	1
142	1
187	4
149	1
131	4
155	4
58	1
152	1
136	1
67	1
100	3
175	1
135	1
146	1
66	1
97	1
106	1
125	4
129	4
154	1
163	1
144	1
147	1
76	4
140	1
144	1
143	4
122	1
144	1
111	1
89	1
78	3
132	1
118	1
129	1
74	3
99	1
180	1
97	1
44	1
168	4
134	1
76	3
108	1
17	3
139	4
115	1
109	4
86	3
130	1
101	1
143	4
189	1
90	1
167	4
97	1
34	3
145	3
140	4
64	1
54	1
143	4
111	1
123	1
137	1
135	4
71	1
161	4
32	3
155	1
181	4
95	1
132	1
137	4
91	1
83	1
119	1
81	1
148	1
142	1
139	1
113	1
99	1
126	1
193	4
143	4
100	1
126	1
88	1
69	1
148	4
108	3
103	1
166	4
151	4
144	4
150	1
137	4
133	1
47	1
124	1
153	1
155	1
78	1
161	4
142	1
110	4
59	1
139	1
109	1
114	1
119	1
95	1
86	1
125	1
96	1
77	1
98	1
107	1
144	1
148	4
157	1
188	4
98	1
53	3
72	1
73	1
114	1
140	4
182	4
177	1
183	4
133	1
155	4
158	4
119	1
100	1
49	3
136	4
171	4
115	1
138	4
68	1
182	4
137	1
130	4
126	1
172	4
126	1
117	1
146	1
80	1
78	1
59	3
144	1
152	1
154	1
152	4
120	4
141	1
108	1
159	1
167	1
90	1
187	1
165	4
52	1
144	1
83	1
86	1
124	1
115	1
140	1
148	1
107	1
107	4
143	4
83	3
128	1
149	4
142	1
98	1
120	1
144	1
43	3
158	1
76	3
136	1
157	1
62	1
21	2
138	1
135	4
33	3
56	3
147	1
123	4
135	4
152	1
48	3
158	4
45	1
90	3
115	1
159	4
103	1
113	1
103	1
65	1
149	1
44	3
174	4
88	1
144	1
127	4
37	3
124	1
142	4
75	1
110	3
118	1
76	1
87	1
145	4
190	4
131	4
168	1
102	1
162	4
109	1
179	1
81	3
86	1
106	1
40	3
192	4
131	4
136	1
153	1
32	3
146	1
169	1
175	4
110	3
82	1
85	1
55	3
70	1
141	1
150	4
135	4
55	1
96	1
120	4
191	4
60	2
127	1
62	1
82	1
151	1
106	1
114	1
155	1
108	1
103	4
60	1
98	1
125	1
64	1
154	4
82	1
141	4
94	1
112	1
91	1
140	3
69	1
51	1
121	4
146	1
104	1
131	1
95	1
103	1
109	4
179	4
89	1
60	1
130	4
145	1
133	1
33	1
160	1
132	4
156	4
117	1
112	4
46	3
150	1
90	1
124	1
131	1
150	4
65	3
77	3
146	1
134	1
90	1
72	1
135	4
140	1
59	4
132	1
130	1
111	1
146	1
134	1
144	1
173	1
136	1
178	4
160	4
94	1
142	1
116	1
133	1
96	1
115	1
156	1
135	1
53	1
139	1
132	1
164	1
108	1
87	1
149	1
146	1
51	1
126	1
131	1
163	4
156	1
114	1
162	4
94	3
123	1
66	3
159	4
21	3
188	4
94	3
99	1
132	4
128	3
149	1
131	1
146	1
109	1
155	4
132	1
119	1
145	4
123	4
109	1
142	1
163	4
165	1
58	1
161	4
78	1
138	1
59	1
144	4
128	4
164	1
194	4
107	1
62	1
62	3
88	3
136	1
173	1
172	1
182	4
115	1
128	1
146	4
130	1
173	1
138	1
76	1
84	1
127	1
58	3
176	4
72	3
123	1
120	1
83	1
132	4
149	4
91	3
143	1
135	4
122	1
164	4
143	1
90	4
124	1
92	1
141	1
123	1
182	4
127	1
142	4
169	4
134	1
94	3
168	4
127	1
144	1
98	1
64	1
150	1
141	1
71	1
161	4
137	1
189	4
178	4
171	4
114	1
161	1
70	3
183	4
64	1
94	1
109	1
132	1
121	1
148	1
116	1
130	1
133	1
144	1
127	1
182	1
41	3
61	1
168	1
129	1
100	1
136	1
172	4
87	1
140	1
38	3
98	1
152	4
131	1
41	1
97	1
131	1
84	3
188	4
163	4
132	4
145	4
171	4
128	4
144	4
132	4
163	1
114	4
133	1
141	4
157	4
132	1
151	4
108	1
76	3
46	3
156	4
55	3
121	1
148	1
34	3
96	1
140	1
143	1
157	4
160	4
95	1
72	3
102	1
159	1
106	4
128	1
165	4
152	4
123	1
99	1
136	4
122	4
128	1
73	1
33	3
62	1
97	1
52	3
143	1
141	1
19	3
138	4
115	1
60	1
124	1
110	1
38	1
63	3
61	1
163	4
126	1
127	1
171	4
183	4
207	4
56	1
112	1
173	4
28	3
107	1
134	1
116	4
159	4
40	3
101	4
136	1
127	1
150	3
163	1
188	4
165	1
170	4
126	1
103	4
144	1
119	1
178	1
126	1
102	1
111	1
120	1
119	3
153	1
131	1
114	1
159	4
134	1
132	4
119	4
179	1
166	1
98	1
148	1
160	4
149	1
71	3
147	4
35	2
63	3
151	1
117	3
128	1
149	4
139	1
162	4
137	1
116	4
135	1
103	3
137	1
134	1
145	4
116	3
102	1
25	2
149	4
84	1
148	1
136	4
146	1
89	1
114	3
132	4
137	1
142	1
183	4
120	1
123	1
3	3
169	4
112	4
143	1
91	1
167	1
114	1
107	1
132	4
74	3
190	4
161	4
206	1
138	1
99	3
201	4
136	1
23	3
160	4
42	1
120	1
163	1
50	3
197	4
102	1
149	4
90	1
130	4
166	4
163	1
89	1
147	4
148	1
143	4
114	1
119	4
109	1
72	1
132	4
57	1
89	1
152	1
69	1
73	1
115	1
59	3
122	1
111	1
78	3
97	1
146	4
137	4
155	4
74	1
130	1
150	4
149	1
117	1
148	4
120	1
63	3
182	4
115	4
87	1
156	4
24	3
182	4
115	1
147	1
157	4
136	4
67	3
160	4
138	4
65	3
69	1
123	1
181	4
151	1
92	1
139	1
116	4
55	1
129	1
181	4
58	2
158	4
79	3
164	1
103	1
156	4
102	3
118	1
102	1
46	3
115	1
123	1
102	1
168	1
65	1
102	4
134	1
92	1
145	1
132	4
155	4
125	1
144	1
134	1
163	1
103	3
67	3
91	1
95	1
153	1
86	3
172	4
162	4
163	4
162	1
110	1
84	1
107	3
118	1
118	1
56	3
123	1
181	4
53	3
180	4
111	4
138	1
83	1
100	1
60	3
193	4
137	4
192	1
164	1
107	1
145	1
108	1
185	4
129	1
108	1
109	1
88	1
150	4
141	4
94	1
124	4
64	1
80	1
83	3
179	1
69	1
163	1
158	1
158	4
135	1
159	4
120	1
137	1
99	1
121	1
126	1
174	4
148	4
51	3
146	4
195	4
138	1
148	4
132	4
115	1
60	1
119	3
123	4
182	4
81	1
138	1
180	1
108	1
128	1
156	4
176	4
114	1
151	1
87	1
125	1
97	1
132	1
158	1
107	1
118	1
98	1
112	1
182	1
144	4
131	4
33	1
53	3
36	3
138	1
187	4
85	1
109	3
204	4
132	4
119	1
145	4
119	1
176	4
122	1
171	4
135	1
106	1
140	1
186	4
159	1
134	4
75	1
130	4
148	1
45	3
145	4
41	1
102	1
138	4
146	4
114	4
96	1
193	4
155	4
194	4
36	3
146	4
77	1
162	1
167	1
170	1
116	1
149	4
152	4
138	1
159	4
119	1
104	1
126	4
140	1
128	1
133	1
120	3
110	1
143	4
84	1
130	4
182	4
109	1
33	3
169	1
151	1
131	4
133	4
107	1
150	1
142	1
116	1
135	1
142	1
113	1
94	1
55	2
67	1
182	4
173	4
107	1
90	1
110	1
133	1
175	1
96	1
89	1
113	4
172	1
172	4
165	4
205	4
148	4
154	4
150	4
137	1
91	1
206	4
162	4
114	1
122	1
121	4
134	1
112	4
108	3
20	3
20	2
91	3
44	3
108	1
110	1
156	4
95	1
108	3
133	1
173	4
62	1
106	4
174	1
172	1
75	1
95	1
93	1
53	3
116	1
97	1
141	1
94	1
38	3
154	4
111	1
157	1
118	1
158	4
150	4
168	4
144	4
22	2
124	1
147	1
147	1
39	3
170	4
128	1
31	3
61	1
57	3
151	4
199	4
93	1
167	4
142	1
155	1
56	1
100	3
76	3
126	1
140	4
148	4
187	4
125	1
172	4
187	4
98	1
172	4
138	1
150	1
145	1
148	4
130	1
128	1
147	1
159	1
68	1
94	1
126	1
64	3
186	4
138	1
170	4
99	3
108	1
200	4
114	1
157	1
114	3
60	1
153	4
71	1
90	4
137	4
122	1
172	4
100	3
194	4
143	1
100	1
121	3
150	1
56	1
152	1
122	1
160	4
150	1
120	1
131	4
121	1
155	4
164	4
105	3
20	2
140	4
130	1
149	1
108	1
120	1
44	1
13	1
166	1
149	1
87	3
149	4
154	1
14	3
32	3
155	4
108	4
147	4
170	4
82	1
169	1
130	1
160	4
46	3
67	3
99	1
146	1
150	4
134	1
135	1
113	1
81	1
149	4
75	3
94	3
108	1
119	1
121	1
116	1
133	1
152	1
139	4
76	1
132	1
98	1
159	1
87	1
155	4
163	4
205	4
132	1
125	1
144	1
98	4
111	1
163	4
143	1
131	1
181	4
120	1
92	3
39	2
160	4
172	1
118	1
132	1
62	4
96	1
188	4
29	3
69	1
141	1
125	1
107	1
71	1
146	4
160	1
154	1
115	1
190	4
152	1
41	3
184	4
129	4
144	1
123	4
81	4
128	4
149	1
98	3
58	1
136	4
32	3
108	1
166	1
115	4
99	1
64	3
123	4
174	1
152	1
131	1
101	1
62	1
29	3
111	1
136	4
121	1
186	4
86	3
122	1
49	3
149	1
154	4
108	1
90	1
47	1
179	4
109	1
206	4
55	3
126	1
145	1
133	1
119	1
120	1
104	1
8	3
169	4
142	4
154	4
162	4
94	1
143	1
90	1
91	3
147	4
143	1
94	4
193	4
140	4
167	4
79	1
71	1
151	1
124	1
175	1
133	1
138	4
140	1
111	1
9	2
147	1
101	1
152	4
97	3
38	1
148	4
149	4
190	1
176	1
116	1
50	1
109	4
156	4
185	4
143	1
100	1
113	1
128	1
155	1
81	1
91	1
179	4
128	1
147	4
144	1
164	1
140	1
58	1
50	3
163	4
127	1
132	1
188	4
96	1
167	4
133	1
87	1
54	3
133	3
135	1
137	1
108	1
98	1
71	3
109	4
86	1
156	4
140	1
123	1
187	4
108	1
97	1
103	1
149	1
133	1
70	1
115	1
117	1
103	1
81	3
68	3
140	1
100	1
133	4
61	1
161	1
165	1
138	1
146	4
113	1
151	1
141	4
132	1
71	3
126	1
54	3
144	4
66	1
182	4
65	1
71	1
121	1
93	3
75	3
106	1
99	1
132	4
195	1
97	1
83	1
195	4
132	4
39	3
101	1
132	1
84	3
165	3
9	3
89	1
77	1
127	4
188	1
179	4
45	3
81	3
98	1
48	3
47	1
181	4
170	4
157	1
141	1
126	1
118	1
134	4
120	1
178	1
120	1
106	3
114	4
188	4
30	3
65	3
137	1
157	1
138	4
174	1
175	4
162	4
107	1
55	3
148	1
181	4
93	1
29	3
123	1
140	1
133	1
63	1
119	1
110	1
107	4
206	4
158	1
167	4
133	1
76	3
141	1
139	4
94	3
141	1
78	1
123	1
126	1
84	3
83	1
105	1
123	1
20	3
145	4
153	4
161	4
131	1
122	1
123	4
155	4
169	4
63	1
142	1
103	1
81	1
30	1
70	3
147	1
73	1
172	1
142	4
144	4
113	3
118	1
131	1
110	4
17	3
184	4
116	1
93	1
105	1
128	1
175	4
145	4
130	1
180	4
159	4
172	1
114	1
68	1
91	3
124	1
59	1
165	4
124	4
170	4
94	1
75	1
138	4
135	1
67	3
125	1
87	3
33	2
198	4
116	1
113	1
112	1
123	1
86	4
183	4
50	3
102	3
145	1
47	1
162	4
148	4
161	4
99	1
111	1
101	1
129	1
74	1
98	1
189	4
134	4
204	4
142	1
146	1
146	4
146	1
81	1
112	1
130	1
84	1
67	1
128	4
106	1
180	4
182	4
174	4
142	1
58	1
152	4
121	1
179	1
41	1
135	4
25	3
134	1
98	1
140	1
158	1
128	1
125	1
129	1
138	1
119	1
36	1
115	1
83	1
116	1
72	1
149	4
163	4
156	4
118	1
120	1
126	1
179	1
190	4
158	1
86	1
156	1
163	1
138	1
58	3
192	4
118	1
104	1
135	1
69	1
110	1
148	1
138	1
121	1
158	1
166	4
133	1
144	4
53	3
170	1
118	1
143	1
106	1
170	4
52	3
164	4
145	1
46	3
109	1
67	3
187	1
86	1
131	1
99	4
85	3
144	1
59	3
157	1
143	1
141	1
110	1
167	4
55	3
141	1
142	4
131	1
147	1
170	1
139	1
154	1
87	1
174	4
119	1
129	4
101	3
99	3
119	1
62	3
69	1
28	3
130	4
40	3
116	4
89	3
146	1
92	1
77	1
155	4
75	1
140	4
100	1
146	1
151	1
201	4
118	4
150	1
61	1
106	4
189	4
137	1
124	1
157	1
94	1
115	1
160	1
160	1
121	4
149	4
151	4
87	1
154	4
204	4
155	1
119	1
116	1
81	3
121	1
92	1
174	4
83	1
137	1
134	1
145	4
132	4
63	3
96	1
149	1
133	1
93	1
136	1
97	3
125	1
132	4
129	1
60	2
25	3
135	4
57	3
185	4
133	4
170	4
153	4
151	4
140	1
133	4
168	1
97	1
141	1
140	1
140	1
113	1
73	1
119	1
184	4
77	1
55	3
134	4
105	1
101	1
61	3
129	1
198	1
78	1
156	1
151	1
123	1
115	1
157	4
125	1
65	1
95	1
101	1
134	1
158	4
104	4
136	1
156	4
98	1
105	1
137	4
134	1
90	1
128	1
132	4
156	4
83	1
173	4
191	4
72	3
154	1
155	1
124	1
109	1
121	4
104	1
74	1
97	1
84	1
157	4
147	1
202	4
125	1
99	1
130	1
120	1
111	4
152	4
119	1
114	1
151	1
140	4
194	4
170	4
142	1
170	1
190	4
125	1
136	4
148	4
49	1
151	1
134	1
63	1
99	1
123	1
170	4
51	1
135	4
70	1
99	1
63	1
63	3
176	4
165	1
163	4
73	1
124	4
154	4
58	1
61	1
120	1
100	4
121	4
32	1
89	1
187	4
163	1
76	1
171	1
89	1
132	1
98	1
110	1
187	4
127	1
140	1
150	4
129	1
69	1
39	3
85	3
122	3
163	4
137	1
132	4
10	3
118	1
138	1
128	1
96	1
114	1
152	4
138	1
140	3
123	1
134	4
41	3
142	1
