4	4251
1	2090
4	3592
1	2865
4	5292
2	221
4	3711
4	3434
1	2725
3	1634
4	3591
1	1755
1	1259
3	2442
1	1335
1	2547
4	4624
4	3459
1	1674
2	989
1	2109
4	3345
4	3233
4	4510
1	2196
4	3452
4	4552
1	2078
4	4592
1	1477
1	1294
4	4560
1	2306
3	1505
1	1874
4	5232
1	1787
1	2568
4	4627
4	3778
1	2744
4	3588
4	3893
1	1189
4	3195
1	1184
4	4671
4	3683
4	3844
4	4712
4	5058
4	4275
2	945
1	1872
2	4030
4	3535
4	4665
4	3441
4	3373
4	3568
1	1547
4	4218
4	3557
1	1434
4	3822
1	2109
4	3433
2	1568
4	5182
4	5906
2	1442
4	3841
2	159
1	2542
4	4264
4	3708
4	4239
1	1852
4	4975
4	3549
1	1164
3	1682
4	3732
1	1512
1	2727
1	1373
1	1565
1	2543
1	2444
1	1512
4	3524
1	2436
1	1950
1	1692
1	1201
4	3596
1	2616
1	2531
4	4554
2	1883
3	1670
2	1515
4	4571
4	3492
2	1420
1	1168
3	1603
4	4514
4	6150
4	3727
4	4305
1	2469
1	1252
4	3659
4	4648
4	3522
2	1542
4	3535
4	4198
1	2491
2	2856
1	1774
1	1070
1	2682
1	2350
1	2590
1	1248
3	1323
4	4841
4	3527
1	1888
1	1456
1	1373
1	1622
4	3869
4	4573
4	4668
4	3674
1	1318
4	4875
1	2695
4	4538
1	2674
1	1794
1	1133
1	2351
1	2046
1	2294
4	4985
1	959
1	1321
4	4276
1	2376
4	5178
1	2385
3	2829
4	4655
1	2718
4	4805
2	519
1	1724
1	7480
1	1011
4	3561
4	3217
1	1695
1	1378
4	4712
4	3690
1	2700
1	2510
4	3875
1	2493
1	2032
3	2686
4	4486
1	1925
1	1416
4	4713
1	1464
1	1232
4	4602
4	4621
1	1372
4	3617
1	2375
4	3773
4	4337
4	4973
4	3548
1	1204
4	4610
4	3525
1	1373
4	4081
1	2659
1	2380
1	1091
4	3499
4	3865
4	4525
4	3690
1	1129
1	2673
4	4209
4	4337
1	2218
1	2340
1	2360
1	2566
4	4813
4	3724
1	1763
1	2310
1	1157
1	2424
1	2675
4	3374
4	3917
4	4090
4	4554
3	2538
4	4189
1	1342
4	4973
2	417
3	1998
1	2341
4	4932
3	2430
4	3416
1	2979
1	1843
2	282
1	2360
4	3432
1	931
4	3419
1	1995
4	3654
1	2266
2	122
1	2650
4	5117
4	3490
1	2174
4	3855
1	2989
4	4968
4	4438
4	4756
4	4177
4	4434
1	2366
1	1394
1	2194
4	3601
2	713
1	2343
1	2291
4	4755
4	4183
1	1440
4	3515
4	3750
1	2498
1	1449
2	1239
2	1053
4	4535
4	4064
1	2266
1	1122
4	3566
4	4823
4	4770
1	1960
4	3721
4	4636
1	2469
4	4605
4	3741
4	4764
1	1585
1	1434
1	2135
1	2202
1	1197
4	3565
4	3511
1	2616
4	3496
1	1368
4	3457
1	2229
4	4651
4	3377
4	3635
1	1058
4	4609
4	3563
4	4555
1	2709
4	4453
4	3770
1	1267
4	4681
1	1591
4	4919
1	2234
1	1427
1	2377
4	4478
4	4518
1	2404
1	1896
4	4629
1	1382
1	1991
1	8768
1	2204
2	1401
4	6257
4	4475
4	4652
2	1163
4	3222
4	4083
4	4697
4	3326
4	4694
4	3538
1	2663
4	4487
1	1971
4	3507
4	4177
1	2667
1	2481
4	4795
4	3702
4	3606
4	4848
1	2251
4	3693
4	4426
1	1144
1	1972
4	6532
4	3874
4	3888
2	370
1	2590
1	1679
1	1096
4	3841
1	4036
1	2075
1	2093
2	117
1	2198
4	4711
1	1211
3	2395
4	4682
4	4848
1	2512
1	2415
4	3850
3	2425
4	3635
1	2762
4	4777
3	2041
1	1896
1	1547
1	6026
2	615
4	4181
4	4670
1	2430
1	2207
1	2432
3	1373
1	2603
4	3797
1	2217
1	1330
3	1207
4	4474
4	4501
4	3835
1	997
4	4486
4	5750
4	4684
1	1608
4	3664
4	3500
4	3814
4	4717
1	952
4	6022
1	1955
1	1129
1	2286
4	4876
2	258
4	3517
4	3589
4	4501
1	2430
1	1333
1	1892
3	1431
1	1949
1	2474
1	2548
1	1389
4	3738
1	2885
4	5821
1	2291
1	1160
1	1293
4	5671
1	1657
1	1795
1	2640
4	4130
4	4347
1	2148
4	4812
4	3625
1	745
4	4559
3	1381
1	2365
1	2106
4	4581
2	1776
1	2322
4	3731
1	2091
3	2548
1	2384
4	4634
1	2556
2	458
1	6015
4	4581
1	1115
1	1693
4	4214
4	3625
3	2847
4	3564
1	1144
4	5919
1	2093
1	2253
3	1319
4	4614
4	4623
4	4740
4	4873
1	1481
1	2340
4	4498
4	3375
4	3531
1	2294
4	3585
3	1658
4	4737
4	5156
4	3560
1	1095
1	1332
1	1591
1	1783
1	1264
4	4301
4	3939
2	379
1	1328
4	3520
4	4425
2	1380
4	3355
4	4580
2	302
4	5037
4	4129
4	3900
4	4024
4	4608
1	3325
1	4694
4	3741
4	3819
1	2194
4	4498
4	4868
1	2283
4	3659
1	1363
4	4869
3	2583
4	3708
4	4457
4	3518
2	1288
4	3701
4	3462
1	2058
4	3997
1	1280
2	247
4	4739
1	1200
4	4151
4	3361
1	1736
2	454
1	2192
1	2331
1	1273
1	2245
3	6009
4	3713
1	1047
1	1590
1	2538
2	1551
1	1656
4	3593
1	2254
4	3495
1	1565
2	1618
4	4527
4	4499
2	203
4	4443
1	1634
4	5277
1	5292
4	4667
1	1963
4	4602
4	4705
1	2589
1	2392
1	2342
1	2759
1	1373
4	4762
3	2560
4	3524
1	2623
4	4912
1	2429
4	5045
1	1424
4	4039
4	4884
1	2219
4	3494
1	1267
1	1822
4	4255
2	484
1	2538
4	3831
1	1940
4	4487
4	3439
4	3446
4	3736
1	1841
4	4953
1	2766
1	1974
3	2345
4	4191
4	4090
4	3297
4	3547
1	2589
1	2599
4	3527
1	2103
1	1241
2	589
2	1750
2	158
4	6106
1	2829
4	4561
4	3796
4	4790
4	3872
1	2213
1	2480
4	3484
4	3721
4	8863
4	3976
1	2365
4	3608
4	3524
1	1889
1	1887
4	3831
1	1463
2	2771
1	2154
1	4158
1	2445
1	1139
1	8710
4	3765
3	2479
4	4026
4	3824
2	7222
4	3854
1	6638
1	2542
3	1384
1	1385
4	4699
1	1495
1	2103
1	2420
3	4065
1	1813
1	1253
4	3381
1	1011
1	1796
4	4265
1	1226
3	4109
1	1690
1	1574
4	4396
4	4813
1	1253
1	1206
4	3424
1	1351
4	3718
1	1744
4	4613
3	1447
1	1745
1	1340
4	5040
4	8464
4	4438
1	2342
4	4719
1	1103
4	4341
2	313
3	1703
3	2503
4	3494
1	1088
2	328
4	4667
1	1234
2	138
1	2412
1	1201
1	1331
1	2185
4	5048
1	1487
3	1128
4	4751
4	4878
1	1048
4	4663
1	1164
2	983
1	1230
4	3340
1	1948
3	2711
4	4357
4	3928
1	1829
4	4753
2	1624
3	1619
1	1326
4	4789
2	845
3	1571
4	4312
1	1697
4	3504
1	2120
1	1275
1	2434
1	2206
1	2587
2	2135
4	4865
4	4467
4	3676
4	3761
4	5712
1	1277
1	1612
1	1308
4	4850
4	3418
4	3391
2	448
4	4808
1	1611
4	3721
4	4572
4	4291
4	4021
2	1613
1	2405
1	4882
3	1334
4	3561
4	4239
1	2750
2	1144
4	3933
4	5228
1	2291
4	4301
1	3638
4	4839
3	1527
1	2378
4	4889
4	3840
4	3965
4	4511
4	4852
3	2900
4	3681
1	1893
1	1641
2	1507
1	1170
4	4567
4	4762
1	2227
4	3337
4	3825
1	2420
1	1711
1	2169
1	1911
2	1650
4	3412
1	1333
1	2232
4	3932
1	2393
1	1373
4	4223
1	2130
4	4168
1	2300
1	1355
1	2404
4	3322
4	4036
4	3762
4	4768
2	1333
3	2194
1	1937
3	2588
2	1175
1	2118
1	2435
1	1966
1	2464
4	3546
4	4867
1	2464
4	3635
1	1337
1	1674
1	1345
1	1381
4	3564
1	1379
4	3575
4	4700
1	1895
1	2414
1	1430
1	1076
1	1189
1	1217
4	3589
4	3872
1	2412
3	2554
2	1219
1	1420
4	4897
1	2225
4	4623
4	3390
1	1426
1	1006
1	1392
4	4650
4	3656
1	2274
1	1024
4	3994
1	2354
4	3536
1	1105
4	4521
2	1104
1	1254
1	1204
4	4892
4	3989
1	1226
1	1437
1	1265
1	1253
4	4770
4	4183
1	1634
1	1612
1	2349
4	4755
4	4723
4	4680
4	4646
1	2428
4	4589
4	4615
3	1389
4	3465
1	2248
4	3764
1	2615
4	3783
4	4591
1	2122
1	1378
4	3260
4	4501
1	2852
4	4515
4	3440
4	3271
4	4146
4	4634
4	4637
1	3322
4	3067
1	2146
4	3535
2	1021
4	4014
4	3755
1	2609
1	2182
4	3395
1	1045
4	4620
3	2999
4	3295
4	4588
4	4904
1	1406
1	1161
1	1220
4	3438
1	2261
1	2196
1	1567
3	1626
4	4734
4	3972
4	4658
1	7337
1	2099
4	6781
4	3599
4	4746
1	2589
1	1342
4	4237
1	1011
1	1783
1	2245
4	3934
1	2244
4	4824
4	4662
1	2579
4	4817
1	5235
4	3641
1	2564
4	4357
1	2466
1	1239
1	1260
4	4136
1	3824
4	4298
1	3206
1	1605
1	2595
1	1725
1	963
4	4482
4	3621
4	3645
1	2425
4	3886
1	2274
4	4798
4	4391
2	1562
3	1421
1	1627
1	2286
1	7250
4	3461
1	2032
4	3848
4	3593
1	1044
4	4508
1	2403
1	2550
3	1388
1	2409
4	3766
1	2104
4	3474
2	1165
4	4858
1	2528
4	3651
4	4761
1	1945
1	2301
1	1464
1	1995
1	1246
1	3687
4	5906
1	4198
4	3842
4	4607
1	1876
2	3681
4	3685
2	357
4	4632
4	3737
1	1300
1	1396
1	1615
4	4754
4	4614
4	4698
1	2212
3	1354
4	4463
4	4674
3	1172
1	1493
4	3626
1	2070
4	3573
4	4268
1	2690
4	4618
4	3748
2	1396
1	1997
3	4070
4	4983
3	1523
1	2223
4	3612
1	1153
2	383
1	2404
1	2609
1	1383
1	2189
4	3494
1	2354
1	1621
1	1727
1	1735
4	3248
1	1875
1	1504
4	3273
3	2409
4	4685
4	3999
1	2094
4	3956
4	4027
4	7784
1	1927
1	4232
1	1833
4	4956
4	4727
1	2125
4	3400
1	1451
4	4589
4	3605
4	3684
1	1238
4	4658
4	3927
1	1457
2	956
4	4171
1	1947
1	2408
4	4156
4	4839
4	3974
1	7504
4	4563
1	1342
4	4528
4	4800
1	2443
1	2826
1	2671
4	3525
1	4665
1	1691
2	701
3	2747
1	1317
2	1671
1	1280
1	2655
2	971
4	3946
4	3366
4	3759
1	2364
4	4908
4	3444
1	2472
3	1333
1	1386
4	3915
1	2380
1	2084
4	4680
4	3630
4	3753
1	4292
4	3950
4	3765
4	3716
4	5147
1	2306
4	3715
1	2363
4	3678
4	4449
4	4701
1	2156
4	3657
4	3610
1	2406
4	5074
4	4633
4	4634
4	3988
1	963
1	1196
1	2494
1	1339
4	4615
4	6692
1	2307
4	4685
2	346
1	1167
1	2474
1	2430
4	3510
1	2009
4	3570
1	2114
4	4522
4	4592
4	4795
4	4555
4	3333
4	4214
4	4286
3	2733
1	1391
1	1277
1	1210
1	3600
1	2770
2	145
1	2447
4	3423
4	4353
1	2052
1	3900
2	1687
4	3867
1	2526
4	3783
4	4933
4	3512
3	2236
1	1323
2	414
1	1422
1	2229
1	2303
2	276
1	1823
1	6344
4	6228
4	3460
4	4025
1	2404
1	1229
1	1315
1	2348
4	3577
1	2433
2	669
4	4749
4	3424
4	4602
1	2316
1	2516
4	4705
1	2205
1	2234
4	4461
4	3678
4	3798
4	4742
4	4823
4	4661
1	1785
4	4500
4	3148
4	3484
4	3559
1	2173
4	3340
1	1119
4	3254
4	4772
1	1601
4	6121
4	3959
4	3515
4	3476
1	2009
4	3398
1	1995
1	1972
1	1348
4	4131
1	1264
1	2426
1	5361
4	3357
4	3365
4	4577
1	1615
1	2057
1	2258
2	254
4	4096
1	2772
4	4223
1	2312
4	3804
1	2501
4	3810
4	4862
4	4690
1	2409
1	2272
4	4189
4	4571
1	2460
1	2275
4	3725
4	4194
4	4402
2	483
1	2316
1	2447
1	1280
4	4324
1	1907
4	3595
4	4496
1	1793
1	2448
4	3841
3	3122
1	1459
4	4165
1	2169
4	3735
4	4987
2	610
4	3630
4	3508
4	4670
1	2050
3	2335
1	1337
4	4718
1	2265
1	1330
1	2227
4	4901
4	4531
1	1547
4	3501
4	4635
2	983
4	5300
4	4827
3	2335
4	3284
4	3361
4	4125
4	4588
4	4259
1	1786
1	2223
4	3943
1	1356
1	1423
3	1956
4	3771
4	4883
1	1453
1	1863
4	9686
4	3990
1	2318
1	2584
1	1143
1	1078
4	3322
4	4109
2	679
1	2555
4	4511
1	2370
1	1228
1	2508
4	4615
4	4810
1	1302
4	4230
1	2418
4	3998
1	2336
1	1592
1	2251
2	463
2	1437
1	2387
1	2505
1	2940
1	1336
2	533
4	4221
1	2112
1	2511
1	1959
1	1227
1	1444
4	8285
1	1169
1	1432
4	6186
1	2165
4	3604
1	1991
4	3515
1	1642
4	4813
3	2427
1	3004
1	1429
1	1446
2	414
4	3349
1	1275
1	1573
2	421
1	2511
4	3439
4	4416
1	2356
1	1137
1	1147
1	2208
2	41
4	4741
4	4722
1	1410
4	3566
4	3533
4	4699
4	3594
1	2271
1	2103
1	2803
2	1339
1	2310
3	1518
1	2265
4	3422
4	3914
1	936
1	1186
2	931
4	4554
1	1246
3	1314
4	4797
2	1490
4	6655
1	1474
2	376
4	4237
2	1324
4	3794
1	2436
1	1848
4	4967
4	4152
1	1344
3	2431
4	3831
4	3696
4	4449
1	2471
2	872
2	325
4	3861
1	1559
1	1210
2	781
1	1619
4	4302
4	3667
1	2121
1	1351
4	3614
1	2538
4	4995
4	3691
1	1829
4	4655
1	2397
1	970
4	3536
1	1212
1	1433
4	3617
3	1514
1	2433
4	3384
1	2139
2	1118
3	1929
1	1887
4	4863
4	3927
4	4784
1	1612
1	2514
1	1587
1	1542
1	1754
2	1430
1	3177
4	4317
3	2465
4	3355
4	4612
1	1315
4	4369
4	4684
4	5248
2	1736
4	4594
4	3165
2	352
1	951
1	1905
4	4190
4	4553
4	4677
4	4586
4	4971
4	4238
1	2344
4	3356
1	2145
1	2187
3	2709
1	1889
4	4003
4	4615
4	4263
4	4881
4	7817
1	2410
1	1340
4	4643
1	2482
1	2262
4	4666
1	2538
1	2364
4	3537
4	4282
4	4671
4	4438
4	4813
4	3461
4	4034
1	947
1	2197
1	1527
4	4482
4	4512
2	659
4	3690
1	2207
1	2156
3	1534
4	3413
4	3376
2	222
4	3705
1	1625
4	3579
3	2481
1	2819
4	4439
1	2403
4	3465
4	3264
4	4118
4	3803
1	6004
1	2383
1	2555
4	4608
1	2270
3	3934
4	5011
4	4724
1	2053
1	2228
4	3618
2	1001
1	1239
4	4144
4	4403
4	3555
1	1192
4	3476
4	4270
1	2511
4	3476
1	2177
1	2122
1	2394
1	2349
1	2158
1	2528
1	1179
4	3589
2	1548
1	1683
1	1386
1	1355
4	8000
1	2501
4	4531
1	1645
4	4592
1	2730
3	5671
1	1633
4	4641
1	1111
1	2224
2	343
1	993
3	1403
4	3959
1	1188
1	1856
4	4254
1	2444
1	2457
4	4928
3	1742
4	4494
1	2333
1	2253
2	537
4	4051
2	1236
4	3875
4	4338
4	4757
1	1716
4	3916
1	1273
4	5428
4	4091
4	3445
4	3577
2	280
1	1214
1	2177
1	1596
4	4454
4	4323
4	4671
4	4192
1	1736
1	1422
3	1059
1	1459
2	1204
3	1616
1	2345
4	4520
1	1895
1	2307
4	5653
2	2394
1	2519
4	3790
1	1048
4	3710
4	4569
1	1229
4	4688
4	5012
4	4008
4	4420
1	2226
1	1184
1	2145
4	4148
1	1825
1	1215
2	170
4	3589
4	3506
3	3014
4	4333
1	2416
4	4719
4	3384
1	1039
1	1180
4	4752
1	1363
1	2081
1	1126
4	3341
4	3550
1	2290
4	3499
1	1393
1	2295
4	4732
1	1184
1	1318
1	1941
1	2638
3	1277
4	3611
2	1152
3	2600
4	3425
1	2648
4	3662
4	4827
1	2228
4	5585
1	2333
1	2186
3	1582
3	1997
1	2601
4	4479
4	4877
4	4336
4	4340
1	1137
1	1980
4	3442
4	4101
1	1630
1	1033
4	4569
4	4322
4	3863
1	2314
1	1368
3	1182
2	136
1	1989
4	3940
4	3461
1	1112
1	2398
4	3532
1	2321
4	3854
4	3475
4	4370
4	3850
1	1784
4	5081
2	271
4	3717
1	2519
1	1320
4	4756
1	1619
1	1997
1	2090
3	2312
1	1319
4	3625
1	2294
1	1833
4	4471
1	1965
1	1529
1	2428
1	1911
4	4637
4	3722
4	4623
4	3659
2	879
4	3433
1	1828
1	2415
4	4629
4	4504
3	1487
3	2437
2	1603
1	2113
3	1545
1	1045
1	2297
4	3750
1	1353
1	1233
4	3625
4	3746
4	3752
1	2376
4	4414
1	2045
1	1262
4	4609
1	2484
4	4690
1	2448
3	2671
1	2306
1	1567
1	2269
4	5546
1	1315
4	3637
1	3489
4	3565
4	4419
4	4619
1	2293
1	1653
2	284
4	4901
1	926
1	2248
4	3625
1	1296
1	2472
4	3622
4	3532
4	4107
1	1294
2	2604
4	3973
3	2083
4	4016
4	4746
4	4796
1	2247
4	4275
1	1980
3	1409
1	1123
1	2428
1	2422
4	3880
4	3540
1	1426
1	1029
1	1261
4	3568
4	3282
4	4545
1	2326
3	1911
4	3943
4	3855
1	2177
3	2180
1	2379
1	2957
1	3262
1	2771
4	3303
4	3923
1	2344
1	2086
1	2699
1	2619
4	4253
4	3597
2	1292
4	5028
1	1245
4	4062
1	2839
4	3567
1	1247
2	5101
1	2406
4	8615
1	2305
4	4603
1	2656
1	1046
4	3508
1	2286
4	3537
4	3691
1	2851
4	3676
1	2354
1	1304
1	2896
1	2116
4	3532
4	4825
1	1255
1	2053
1	1207
4	4587
1	1305
4	4023
1	1169
1	1157
4	4423
4	4347
1	2075
1	1048
4	5104
1	1253
4	4744
2	2828
1	2657
1	1374
1	2573
4	4461
1	3972
1	2326
4	3859
4	3699
4	3745
1	938
4	3988
1	1242
4	3949
4	3397
1	2329
2	892
1	1186
1	1312
4	3729
4	4277
4	4528
1	1390
2	1452
1	1382
1	1704
1	1218
3	2555
4	3346
4	3786
1	2251
4	4415
4	4778
1	2346
4	4647
1	2715
1	2448
1	1769
1	1146
1	1246
4	4608
4	4719
4	3711
4	4840
4	4374
1	2530
4	4553
4	3988
3	1387
2	206
1	1304
1	1061
1	2629
2	555
1	1113
4	3477
1	1167
1	2514
4	3550
4	4735
1	1336
4	3668
4	5853
4	4619
4	4695
4	4566
4	4853
1	2111
1	2654
1	1926
1	1367
1	2387
1	1351
3	1604
1	1310
1	1115
1	2841
1	2657
3	2494
4	4843
3	1621
1	1834
4	3432
1	2446
1	1998
4	4436
1	2496
4	4353
4	3942
1	2621
4	3386
4	4424
2	1291
4	4480
1	1428
4	3680
4	3809
4	3681
1	1456
3	1562
1	1371
4	3555
2	1211
4	4583
4	4273
1	3737
4	4718
1	1338
1	2313
4	4488
1	976
4	4646
3	2976
1	1162
1	6107
4	3307
4	4206
1	1177
4	4038
4	3419
1	1913
4	3740
1	2225
4	3982
4	4468
4	6265
1	1289
4	4645
1	1162
4	4439
4	3365
1	2868
4	3685
4	3317
4	4475
2	241
1	1123
4	3536
4	4007
1	1075
4	4717
4	3642
4	8032
2	341
4	4079
4	4239
4	4620
4	4666
2	1089
1	2324
4	4372
1	2304
4	3538
4	4816
1	1095
1	2496
1	2029
1	2569
1	1881
1	1618
4	3719
4	4632
4	4668
4	4939
4	4732
4	4742
4	4246
1	1348
4	3448
4	3767
2	1436
4	3968
2	1425
1	1433
1	2144
1	1321
1	1330
1	1320
4	3420
4	4720
1	2423
3	1942
4	3679
1	2558
4	4497
4	4269
1	1616
4	4632
1	1110
1	1679
1	2101
1	2449
1	1637
1	2200
1	1084
1	2364
4	4583
4	4513
4	4717
4	3490
4	4633
4	3413
1	2348
1	1862
1	1304
4	4115
1	2208
1	1763
4	3639
4	3604
4	5042
1	1368
2	1223
4	4759
1	2743
4	3439
4	4310
4	4619
1	2432
1	1549
4	4519
4	4349
4	3502
3	1770
1	1614
1	1621
1	2244
4	3594
1	1631
2	1215
1	1119
1	2555
4	3807
1	2172
1	2116
1	2496
4	4634
1	2532
4	4848
3	1529
2	601
4	3689
3	2621
4	3774
4	4485
1	1691
1	2249
1	2038
1	2091
4	4276
1	2592
2	1696
1	2080
1	1164
2	1462
3	1804
4	3462
3	2698
2	1408
4	4816
1	2292
4	5049
4	4184
2	496
4	3778
4	5120
1	1381
4	3505
4	4040
4	4789
1	1719
1	2150
1	2562
1	2386
4	4365
1	2231
4	3480
3	1938
1	2413
4	4941
1	2369
1	1741
1	2059
4	3798
1	2033
4	4433
1	2202
1	2447
4	3711
4	4511
1	2823
1	1244
1	1559
4	3368
1	2423
4	3617
1	2288
1	1739
4	4947
1	1337
4	3958
1	2346
4	4674
1	2460
4	7253
4	3325
2	55
1	967
4	8071
2	1565
1	1315
3	1621
4	4197
1	2641
1	2120
1	1277
4	4809
1	1186
1	1060
4	4876
4	4761
1	1832
1	1157
1	974
4	4800
1	1919
1	1201
1	2478
1	1695
1	1231
1	1239
1	2208
4	3282
4	4569
4	4875
4	3545
4	3290
1	1185
1	1131
4	4823
1	1499
1	1697
1	6809
1	1896
4	4494
2	441
1	2264
4	4381
1	2424
4	3632
1	2375
1	1292
1	2311
1	1105
4	3487
1	1315
2	552
1	1043
1	1497
4	3444
1	7373
4	3657
4	3433
1	2339
1	2607
3	2525
4	4952
4	3642
1	2497
1	2498
4	3573
4	4740
4	3320
4	4404
3	2499
4	6511
4	6848
1	2356
1	1957
4	4387
3	1312
4	3466
1	3217
3	1480
4	3581
1	2284
1	2377
4	3645
4	8901
1	1062
1	2399
1	1364
1	1671
1	3776
1	2606
1	3379
4	3242
4	3735
4	4092
1	2195
4	4946
1	2190
4	4814
1	2185
1	3435
2	146
1	2705
1	2427
1	3405
1	1392
1	2739
1	2466
4	3588
1	2599
4	3483
1	1754
4	4758
1	2287
3	1131
1	1040
1	2246
4	3547
4	3326
4	3997
1	1743
4	3962
1	1377
1	937
4	4535
1	1451
1	1610
4	3775
4	4597
4	4878
4	5877
4	4612
4	3449
1	2499
4	3909
4	3484
1	1463
4	4798
1	1199
4	3748
1	2470
1	2546
1	1187
1	3086
4	3745
2	622
2	1286
1	2127
1	2319
1	1538
4	4239
4	4881
4	5068
4	4636
4	3495
2	747
1	832
1	2368
4	4595
1	1947
4	4841
4	4600
4	3805
2	1299
4	4157
1	1446
4	4377
1	2609
4	4789
2	1196
4	3898
1	2070
1	2419
1	1510
1	2190
1	1330
2	1361
4	3835
1	1323
4	3577
1	5693
4	4684
3	2109
4	4692
1	2516
4	3647
4	4752
4	4552
1	2127
1	2500
1	1367
1	1239
4	4636
1	1104
2	464
4	4446
4	3737
2	766
4	3653
1	2828
4	4893
4	3819
4	4433
4	3976
1	2573
4	4039
4	3818
2	1477
1	2403
2	39
4	3662
1	2495
4	4888
4	4948
1	1800
1	1675
4	3599
1	2117
4	3487
1	2030
4	4701
1	2051
1	2635
4	4210
4	3538
1	1101
1	1206
2	135
4	4656
1	3915
4	3347
4	3627
4	3803
4	3529
1	1123
4	4580
1	2216
4	4335
1	2247
4	4111
2	118
4	4507
2	687
1	1350
4	5014
2	133
4	3772
4	4650
1	2501
1	1225
2	205
4	3792
1	1512
4	4457
4	4953
4	4665
4	4838
4	3653
4	4260
1	1749
1	2244
2	2353
4	4584
1	2406
1	1039
1	980
4	4881
2	1504
1	4025
4	7238
1	1423
1	1494
3	1440
1	1084
1	2459
4	4420
2	1566
1	1386
4	4301
1	2473
4	3498
1	4677
4	4292
4	3464
4	4006
1	2575
4	3695
1	1491
4	3835
4	4734
4	4124
4	3649
1	1324
1	1849
1	2194
1	1423
4	4456
4	3399
4	4838
4	4064
3	2774
3	2657
1	1650
4	3510
4	4881
4	4508
1	2145
3	1900
2	208
1	1038
4	4714
1	2238
1	2679
1	2674
4	4333
1	1149
4	3797
1	1219
1	1230
4	4431
4	4743
1	1198
1	1482
4	4735
1	1467
2	1286
4	4874
1	1475
4	4833
1	2592
3	2402
1	1113
1	1882
1	1074
4	4044
2	575
1	2500
1	2398
4	5006
1	2772
4	3684
1	1969
4	4748
1	1045
1	1012
4	4876
1	1970
4	4626
1	2123
1	7211
1	2091
4	4099
2	1512
2	356
1	1401
3	2349
2	487
1	1880
1	2098
4	4348
4	4907
1	1192
4	4856
1	1657
4	4593
4	3551
1	1079
4	4938
4	3748
4	3489
4	3423
4	3712
4	4020
4	4530
1	994
1	2424
3	1411
4	3784
1	1772
1	1303
3	2455
1	2829
1	1690
3	1544
1	2211
4	3275
1	2365
4	4442
1	2166
4	3383
1	2476
4	3380
1	2320
1	1243
4	3851
1	2275
4	3364
1	1063
4	3578
1	2105
1	2740
4	4969
4	4003
1	1259
1	1283
1	2211
2	517
4	4552
2	582
4	4607
4	3722
4	4868
1	1601
1	2463
1	1325
4	3597
1	2600
4	4208
4	3500
3	1585
1	2311
4	3478
1	1757
1	1319
2	1781
1	2334
4	3499
1	2113
4	3584
1	1584
1	1143
4	4166
4	5062
4	4069
1	1491
1	1356
1	2549
1	2317
1	1891
1	1332
1	1988
1	1796
1	1664
1	1400
2	1331
4	3327
4	3294
1	2415
2	1023
4	3555
4	7201
4	3665
4	3880
1	1258
4	3368
1	1601
1	1178
1	4470
1	2326
1	1471
3	2716
1	7086
1	2165
4	4690
1	1223
2	1045
1	2333
1	1281
4	4659
1	2918
4	3804
1	1620
1	1122
2	6328
3	1747
4	3620
4	3950
1	1656
4	4052
1	2463
1	1442
1	2309
4	3520
1	1440
3	1563
4	4466
3	1931
1	2854
4	4800
4	4127
1	2381
1	1231
1	1507
1	1072
1	3070
4	4545
1	2645
4	4377
1	2340
4	3979
4	3792
4	3635
4	4412
1	2082
3	4278
1	2300
1	2174
4	4685
4	4257
1	1453
1	2504
4	3590
3	1673
4	4271
3	1637
1	2190
1	2650
4	4869
4	3948
1	2306
1	1378
4	4567
4	3979
3	2522
4	4901
1	1649
1	2434
4	3500
1	1732
1	1308
1	2797
4	3438
1	2650
4	6264
1	1294
1	2547
4	4658
1	1972
4	3639
4	3843
4	4614
1	1453
1	2428
4	3398
1	1363
4	3545
1	1474
1	1189
1	2515
2	1381
4	3910
1	1284
1	3299
4	3145
1	1550
4	3506
1	1856
1	2562
1	1134
1	4033
4	4892
2	1081
4	3511
1	2649
1	1056
4	9630
1	2198
4	3626
4	4383
1	2032
1	1056
1	2142
2	225
4	3379
4	4786
4	4860
1	1209
4	4632
1	2158
1	2292
1	2308
1	2653
4	3581
4	3720
1	1474
4	3449
1	2717
1	3391
1	2439
1	4301
4	4606
1	2515
1	1140
1	1105
1	2032
4	4429
2	1205
1	1071
4	4508
1	1625
1	1060
4	4784
2	1723
2	199
4	3703
4	4134
1	1268
2	950
1	1339
1	2971
4	4336
1	4013
4	3421
4	3850
4	8102
1	2487
4	4658
4	3384
4	4879
4	4782
2	1277
4	3910
4	4917
1	2300
1	2313
1	1227
2	443
1	1579
4	7257
4	4683
4	5304
3	1524
1	2773
1	2355
2	448
1	1061
1	3777
1	1136
1	1922
4	4832
4	4805
4	3757
4	3452
4	5305
1	2191
1	4102
1	2197
4	3805
1	1146
4	4694
1	1728
4	3418
4	3652
1	1389
4	3709
4	3352
4	4045
4	3575
2	1752
4	4257
4	4678
1	2255
1	1414
4	4947
4	4048
4	4103
1	1695
4	4517
1	1815
1	2220
4	4778
4	4482
1	1164
2	279
4	3604
1	2270
4	3717
1	2529
4	3699
4	8822
1	7854
1	2312
3	2333
1	4790
1	1001
1	1707
2	504
1	2787
4	6173
4	4428
4	3849
1	2223
2	1950
4	3700
4	3660
4	3794
1	1354
1	2334
1	2462
3	1986
3	4695
4	4103
4	3746
1	1232
4	3722
4	3501
1	2667
4	4149
4	4732
1	2738
1	2826
2	1557
1	2302
1	2656
1	1006
4	5070
1	1155
1	2307
1	2422
1	1234
1	1338
2	32
4	3603
1	2354
4	3607
4	4053
4	3772
1	2611
4	4880
4	3449
4	3439
1	2229
1	1616
4	4894
1	2238
1	1173
4	4889
1	1178
1	2545
3	2209
4	3235
1	1565
4	9999
1	1202
4	3588
1	2448
1	2116
1	2255
4	4149
1	2489
4	4335
1	2080
1	2339
1	2660
4	3198
4	3274
4	4331
1	2402
1	1462
2	1346
4	3309
4	4882
2	329
2	1330
1	2519
1	2289
1	1013
1	2373
4	3904
3	1092
1	2670
2	1283
1	1924
2	3514
1	2250
2	1369
4	7479
3	6044
1	1573
4	4327
4	3860
4	4495
4	5648
1	1485
4	3604
4	3354
4	3675
1	1507
1	2449
1	1151
1	4504
4	3458
1	1927
4	5431
4	4768
1	2824
4	4114
2	242
2	298
2	1426
3	2365
1	2080
1	2089
2	1080
4	3614
1	1324
1	3961
1	1157
1	1514
2	590
4	4830
4	3414
4	3981
3	1553
4	8520
1	1108
4	4066
1	2550
4	4606
4	5146
4	4148
4	3479
2	2143
3	1706
4	4845
1	1040
1	2162
1	1413
1	1105
4	4410
4	6976
1	1118
1	2492
1	2394
1	1091
1	1334
4	3725
4	4005
1	2171
1	2621
4	4977
1	1929
3	2632
1	1485
4	4963
1	2647
4	3695
4	3704
4	4672
1	1523
4	4892
4	3446
1	2591
1	2181
3	2799
4	3294
1	2426
1	3980
4	4804
1	3391
4	3535
1	1098
4	4157
1	1112
1	1504
4	5777
1	1995
1	1230
4	4446
1	2430
1	1287
4	4763
1	2490
4	3447
1	2322
1	2495
2	809
4	4080
1	1937
4	4688
1	1142
1	1474
4	3808
1	1417
2	1193
1	2311
4	4913
1	2419
4	4889
1	1313
1	2403
1	2129
1	2040
4	4285
1	2353
1	1207
4	3507
1	1360
4	5855
1	2574
1	1734
1	1393
4	4016
1	2136
1	1791
2	329
4	3381
4	4382
1	2300
4	3482
1	2343
1	1202
1	1477
1	2132
4	3410
3	1717
4	4223
4	4968
1	1668
3	1879
1	1775
1	2361
1	2607
4	4569
4	4019
4	3658
4	3501
4	4383
4	4791
4	3519
4	3309
1	1244
1	2548
1	2377
1	1756
1	2346
1	1168
1	1253
3	2768
4	4881
4	3447
4	3671
1	1187
4	4881
1	1765
1	2475
1	2309
1	2346
4	3934
4	4902
1	970
4	3628
1	1351
4	4408
1	2759
1	1451
1	3511
1	3410
4	4608
4	3518
4	3839
4	4559
4	3564
1	1652
1	1779
3	1437
1	1525
1	1435
1	1456
4	3445
4	3752
1	2061
3	2738
1	1488
4	4530
1	1657
3	2224
1	2218
4	9321
4	5040
4	4893
4	4566
1	1295
4	4456
4	3287
4	4245
2	1081
4	5626
2	321
1	2492
1	1331
1	3878
4	4538
4	3717
4	4646
1	2211
1	2412
2	2237
4	3600
2	1309
4	4219
4	4551
1	1247
4	4033
3	1390
1	2003
4	4482
1	2493
4	3685
4	4219
1	2390
4	3798
1	2258
4	3626
4	3560
1	2295
2	1258
1	1385
4	4027
1	1866
1	2126
2	1361
2	1332
1	1367
4	4134
4	3866
1	1244
1	2597
4	4581
1	1252
1	2488
1	2056
1	1306
1	2030
2	852
4	5014
2	265
1	3306
4	4412
4	3795
4	3681
3	1823
2	590
4	4058
4	3567
4	4217
1	2461
3	1562
4	4596
3	1465
1	2085
4	3589
4	4019
1	2446
1	2234
4	4504
1	2517
4	3567
4	3578
1	1420
1	2469
4	3381
1	2605
4	3383
4	4412
4	3881
1	2357
4	4223
4	3733
4	3988
1	1489
2	1547
1	1224
1	1300
4	3534
1	3813
4	4223
1	1152
4	3933
2	317
4	3388
1	2498
4	4924
1	7622
1	2319
4	4034
1	2251
4	4687
1	2184
1	2660
4	4647
1	2218
1	2420
3	1883
1	3321
1	1336
4	4734
4	4637
1	2403
1	2374
4	4716
1	1915
1	960
4	3759
4	4914
4	4629
4	3686
1	2390
4	4784
1	1423
4	4429
1	1742
4	4085
4	3429
1	977
4	4723
4	4593
1	1475
4	4399
1	2337
1	2714
1	1988
4	4501
4	3158
4	3680
1	2261
4	3494
4	3402
4	3723
3	2444
4	4633
1	2568
4	3358
1	1063
4	4014
1	1420
1	1864
1	1235
4	3427
4	4186
1	1746
4	3791
1	2360
1	2433
4	4062
4	4552
4	3924
4	4535
4	4507
1	1669
4	3618
1	1699
2	672
4	4548
1	7310
4	3448
1	1107
1	2371
1	2282
3	1697
4	3523
4	4646
1	2240
1	1958
3	2251
4	4848
4	4806
4	4789
2	191
4	3448
4	4719
1	2186
4	4061
1	2255
4	3829
4	4426
4	3595
4	3592
1	2645
1	1272
1	1637
4	4723
4	5071
1	2481
1	2550
1	2318
1	2007
4	4197
4	3922
1	1375
1	2334
1	2538
4	4096
4	9557
1	2454
4	4908
1	1944
2	471
2	1815
4	4633
1	1584
1	1993
1	1963
3	1558
1	2460
2	1492
1	1305
3	2720
4	3404
4	4716
1	2517
1	1055
1	1413
4	4770
1	1559
4	3475
4	4562
4	4196
2	508
1	2713
4	3201
1	988
4	4784
1	2613
1	2661
4	4169
4	4427
4	4796
1	2253
4	4517
4	4369
4	3714
3	2507
1	2108
4	4742
3	2896
1	1504
2	1643
3	2297
4	4046
1	2139
4	3543
1	1531
1	1366
4	4513
4	4755
1	1217
4	4353
4	3486
1	2320
4	4710
4	3716
1	2247
4	3767
4	4753
1	1272
1	1809
1	1099
4	3970
4	6096
1	1711
1	2407
4	3530
4	4124
1	2537
1	2321
1	2209
4	3714
4	3596
3	2314
1	1474
4	3508
1	2939
1	1619
1	1392
4	5435
1	1370
4	4437
4	3507
4	3704
1	1235
4	4486
3	1390
4	4598
2	665
4	3973
1	1326
1	2460
1	1363
4	4661
1	4179
4	3854
4	4766
1	5034
1	2544
4	3857
4	3554
4	3811
1	1260
1	2372
4	3620
1	1617
1	2524
1	2240
4	3815
1	1033
1	961
4	4590
1	2412
1	2005
1	1984
1	2362
2	2712
1	1636
1	1078
4	4910
4	3533
1	1461
1	1522
4	3709
1	1248
4	3471
2	1673
1	1069
4	4738
4	4269
1	2529
4	4513
1	1243
1	2255
2	1373
1	1475
4	3380
1	1156
4	4790
1	1558
4	3942
4	3157
4	4840
1	1143
1	2378
4	3455
1	1216
4	3506
4	3381
3	2315
1	2409
1	1423
4	3447
3	1769
1	1561
3	2685
1	1013
4	5012
1	1309
4	3422
1	2054
4	3472
1	1210
4	4434
1	1370
1	2512
4	4665
1	1361
4	6383
1	1304
2	428
1	1828
4	9795
1	2322
1	1230
1	1402
1	2237
1	1366
4	4607
4	3806
1	1241
1	1872
3	1873
1	1354
1	1769
3	1511
4	3828
4	4662
1	2531
1	2149
1	1309
4	5995
4	3851
1	1378
1	1252
4	5439
1	2570
4	4925
4	3540
1	2241
1	2649
4	4795
1	2530
4	4783
1	1296
4	4175
2	1337
4	3697
4	4533
4	4113
1	2080
4	4831
1	2209
3	2895
2	1482
1	959
4	3815
4	4659
1	2131
1	1919
2	374
1	1077
1	2461
4	3402
4	4352
1	1606
4	3567
2	1561
2	528
4	4507
4	4838
1	1246
4	4385
4	3766
4	3513
1	1678
2	1609
4	4071
1	2259
1	2128
3	1461
1	2512
1	2615
4	4656
1	1760
1	1080
1	1564
1	2977
2	272
4	4637
4	3903
1	2018
1	2714
1	2601
1	1436
3	1403
4	3753
2	1318
4	3267
4	3769
4	5227
4	3706
4	3501
1	1358
4	3988
4	3825
4	3688
1	2108
4	3488
2	706
1	1288
1	2843
1	1304
4	4057
4	4672
1	2083
2	1527
2	127
4	3450
2	683
4	4090
3	1869
1	4797
1	1249
4	3963
1	1305
1	2218
4	3699
4	6619
4	4135
4	5901
1	1565
2	2944
1	5460
4	3745
1	1622
1	1435
4	3631
4	3163
4	3837
1	2320
1	1476
4	3935
1	1463
4	3216
1	2534
1	1657
4	3615
1	2852
1	2228
4	3670
1	2381
4	4837
4	4676
1	2070
4	4857
4	4694
1	2466
4	3080
1	2294
4	4590
4	3868
1	1261
4	4002
2	1120
1	2215
4	4764
1	2425
4	4452
2	381
1	1130
4	3249
2	303
4	4656
4	4990
1	2324
1	2377
4	4770
2	377
1	1709
4	6246
1	1214
4	4613
1	2325
4	3619
1	1516
1	2438
4	3811
1	1685
4	4713
4	3863
2	1067
1	1630
4	4658
1	1158
4	4642
4	3642
1	3581
1	1728
1	966
4	3346
1	1332
1	2644
4	3515
4	4707
4	3383
3	2804
1	2152
1	2352
4	4681
1	5141
1	1329
4	4036
1	1795
4	3400
1	1383
1	1958
4	3603
4	3425
4	4611
4	5008
4	3584
4	3779
4	4583
4	4358
4	4683
4	4079
1	2363
1	2630
1	2187
1	2379
1	2573
2	249
3	2725
1	2696
4	6920
1	1949
1	2405
4	4688
1	2411
1	2098
1	1361
4	5311
1	2593
1	1538
1	1929
1	2375
4	4540
3	1274
4	4479
1	2634
1	1380
1	5103
4	4061
1	1448
4	3335
4	3823
1	2210
4	4525
4	4512
4	6115
1	1134
4	3577
1	2365
4	4552
3	1637
4	3447
4	3444
4	3713
4	3921
1	2226
4	4491
1	984
4	6158
1	2136
4	4990
4	4715
2	422
1	2315
4	3696
1	1905
4	3362
4	4576
4	9823
1	2126
1	1172
4	3797
1	2622
4	3544
1	1480
3	2478
1	2386
4	3616
1	1246
3	1518
4	3799
4	3227
1	3738
1	2398
1	1209
4	3420
1	2637
1	1064
4	4379
2	1318
1	1452
1	1263
1	2427
1	7240
1	2220
1	1454
1	1214
4	4721
4	3609
4	4688
4	3429
4	4631
4	3708
4	3486
1	1713
1	1411
4	3871
4	3511
4	3334
1	1695
4	4481
4	4583
1	2212
4	4591
4	4957
1	1243
1	4640
4	4719
4	4586
4	3924
1	2080
4	4513
1	2046
1	2394
1	2123
1	5883
1	2438
1	1499
1	2463
3	2885
2	900
4	4779
2	6106
4	4501
4	3778
1	2385
1	1922
4	3905
1	2231
1	1336
1	2229
1	1783
1	1301
4	4975
1	2363
1	1617
3	2546
1	1294
1	1872
1	1342
3	1571
4	5053
1	1671
1	1732
2	1741
1	1111
4	5012
1	2585
1	2088
1	2242
1	1287
1	1331
4	4828
1	2178
1	2338
4	5091
1	1238
1	1221
4	4920
1	1355
1	2882
4	4794
1	1231
4	4361
2	1299
4	4579
4	3228
4	3862
1	2470
1	1245
1	1220
4	3597
1	1144
1	1571
2	342
1	1547
4	3763
1	2246
1	2354
1	1961
1	1924
4	3296
1	2110
4	3747
1	1333
4	4748
1	1578
1	1829
1	1170
1	1161
4	3550
4	4939
4	3508
1	2602
1	1370
1	2153
4	4688
4	4245
1	2522
1	2392
4	3459
1	2361
1	1128
1	1661
4	3474
1	2177
1	2605
4	3290
1	1671
4	4696
4	3513
1	1372
1	1277
4	3863
4	3371
4	3453
4	3433
1	2792
4	4410
1	2582
1	1388
1	1591
4	5403
1	3774
4	4036
4	3822
1	1492
1	1120
1	1740
4	3671
4	4541
1	1134
4	4720
1	2508
1	2272
1	1100
4	3733
4	3694
1	2401
1	2077
1	2302
4	3495
2	1515
1	1423
4	4490
4	4596
4	4592
1	2103
4	4774
1	1088
1	2087
4	4938
1	2129
1	1095
2	1336
1	1449
1	1396
4	4189
4	3866
2	461
1	2523
1	2235
4	4084
1	1369
4	3385
4	3473
1	2716
4	3593
4	4981
1	1359
4	4445
1	2201
4	4085
1	2416
4	3228
4	4871
1	1894
4	3833
4	4860
1	1539
4	3704
1	1087
4	5078
4	3483
4	4621
3	1344
4	4872
1	1378
2	1157
1	2513
1	2538
4	3607
1	1431
4	3715
1	1804
1	1128
4	3344
4	3593
4	4628
3	1561
1	1271
3	1757
4	4807
4	3704
4	3642
1	1470
1	2399
1	1896
1	2129
4	3415
4	4888
1	1305
4	4713
4	4203
1	1672
4	4378
4	3686
1	1071
4	4430
4	4762
2	1336
1	1673
1	2034
1	2260
4	3542
4	4685
1	1318
4	3712
2	295
4	4475
4	3545
3	1521
1	1840
1	2361
1	2423
4	3968
2	1370
4	4162
2	794
4	4482
1	1459
2	1229
1	964
1	1235
2	48
1	1737
1	1328
1	2462
1	2180
1	2304
4	3712
4	4556
1	2716
1	3130
4	4715
1	2231
4	3244
4	5754
2	1472
4	3651
1	2451
1	2048
2	81
1	2612
1	1366
1	1210
3	2572
1	1047
1	1166
1	2371
1	1719
1	1318
2	671
1	2277
4	3748
1	2418
4	4870
4	3986
4	7492
1	2038
1	1559
4	3525
4	3535
1	1632
4	4427
4	4652
1	1881
4	3447
1	2736
1	1865
1	7133
4	4569
1	1435
2	188
4	4711
1	1548
4	3382
4	4442
1	2709
4	4196
3	1992
4	4803
1	1369
3	1769
1	2298
4	4424
1	2353
1	1327
4	4154
2	1242
4	3984
2	1472
4	3722
1	2296
4	4585
4	4683
1	2360
1	2302
1	2613
1	2561
4	3549
1	1989
2	1844
2	1572
1	1366
1	2924
4	3740
2	791
4	4533
4	5995
4	4917
1	4247
4	4114
1	2225
4	4801
4	4656
3	1457
1	995
4	4058
4	3386
4	3827
4	3563
4	3436
4	3516
4	3605
1	1657
1	1805
4	4463
1	1760
1	1302
4	3953
1	2269
4	5134
1	2587
1	1445
3	1544
1	1673
1	1088
3	1537
1	2096
1	1599
2	346
2	682
1	1390
1	1513
1	2437
1	2649
1	2466
4	3752
1	3083
1	1180
1	4330
4	3871
4	4745
1	2114
4	4398
1	1601
2	320
4	3642
1	2297
1	1134
4	4835
4	4873
2	1533
1	1975
2	508
4	4683
1	931
3	2289
1	1315
4	4334
1	2288
3	2273
1	2313
4	3626
3	2469
4	3329
4	4431
1	2264
4	3456
3	2367
4	3551
4	4491
3	2505
1	1323
4	6275
4	4454
4	3591
4	3490
2	1311
4	3464
4	4753
4	3913
4	3551
1	5623
1	1296
1	1242
1	2575
1	1111
1	2439
4	4791
1	1603
4	3317
1	1130
4	4884
4	4079
3	1426
4	4954
1	2516
4	4682
3	1896
1	1736
1	1301
2	1620
4	4404
1	2152
1	1609
2	374
4	4863
1	2245
1	2342
4	4182
1	5933
3	1346
4	9175
1	1309
4	4631
4	4019
1	2031
1	2987
1	2190
2	823
1	2425
2	1559
4	3708
4	3579
1	2446
2	233
4	3810
4	4345
4	6535
1	2529
1	1305
2	1676
1	1210
2	1412
1	1152
4	3568
1	1210
2	480
4	4464
1	832
1	2386
1	1288
4	3872
4	4844
1	2173
1	2263
4	3535
1	1239
1	5857
1	1373
3	1412
1	2599
1	2004
2	1602
4	3379
1	1841
4	3669
1	1772
4	3478
4	4445
1	2539
1	2315
2	1039
2	349
1	2021
1	1901
1	1830
1	1394
4	4649
4	3197
1	2438
4	4976
4	3634
2	1274
1	3872
1	2232
4	3932
4	4919
4	4540
1	1320
2	1428
4	4737
1	2020
4	4524
4	3443
1	2356
4	3747
4	3683
4	3446
4	4492
1	3702
1	1066
4	4973
4	3773
4	4966
4	4866
2	336
4	3968
4	6177
4	3846
4	3584
1	2633
4	4590
4	3674
1	1119
1	1434
1	1036
4	3781
1	3426
4	4526
1	2884
4	3375
1	2011
4	4604
4	3492
4	4577
4	4591
3	2476
4	3485
4	4764
3	1753
4	4340
1	2425
2	3731
1	1938
4	4775
4	4723
4	4797
4	4784
4	4676
4	4209
1	2232
2	1041
4	4441
1	2358
1	2247
1	1768
2	1658
4	4093
1	2374
4	4773
4	3372
2	1484
4	4614
4	3392
4	4604
4	3346
3	2573
4	4905
1	2338
1	2252
1	2356
1	2119
1	2080
1	1157
4	4913
1	1049
3	1404
1	1356
1	1329
1	2486
4	3736
1	2294
4	3682
1	1134
4	6659
4	3923
4	3719
4	3579
1	872
1	2319
1	2280
1	2265
1	1962
4	4848
2	473
4	3549
4	4728
4	3464
1	2002
1	1423
4	5002
1	2441
1	1523
1	2645
4	3385
1	2400
1	1330
1	2033
4	4675
1	1243
4	4815
1	1402
2	1390
4	4770
4	3514
4	4651
4	3856
1	2195
1	1622
1	6653
1	2284
4	3795
1	1278
1	1095
4	4651
4	4907
2	1479
4	4062
3	2842
4	3787
4	4523
1	1671
1	2456
2	664
1	1816
1	1680
1	2699
4	4726
3	1652
4	3508
4	7033
1	2199
1	2614
4	3575
4	3644
1	1125
1	2621
4	4937
1	2120
4	4617
1	2343
4	4467
1	2850
1	1244
4	4639
1	1763
4	4029
4	3794
1	1446
4	3517
1	1165
1	3568
1	2106
1	1248
1	1597
1	2622
1	1672
4	3712
1	2199
4	4558
4	4761
1	1848
3	1442
4	4618
4	3470
1	2205
4	3739
3	1252
4	4540
1	1272
1	1247
1	1973
1	2373
1	2424
1	1438
4	4747
1	2484
1	2338
4	4428
4	4603
1	1482
4	5663
4	4445
4	4670
1	1140
1	1470
4	3465
4	4477
3	4071
1	2327
1	2517
1	1121
1	2351
4	3765
4	4177
1	2340
4	3586
4	3613
1	2612
4	3439
4	3603
3	2550
1	2440
1	1288
4	3462
1	1404
1	2009
1	1970
1	2254
1	2446
1	1182
1	3323
4	4255
1	2211
1	1336
4	3724
1	1118
1	2241
1	1895
1	1300
3	2182
4	3631
1	1595
4	4183
4	3465
2	645
4	4706
1	2222
4	3596
1	1966
4	4775
1	2822
4	4780
2	1231
4	4843
1	1000
4	5050
1	2465
4	4441
4	6350
1	2540
1	1957
1	1337
4	3714
4	4617
1	2299
4	5138
4	6255
1	1209
2	1054
2	1331
1	1465
1	1223
4	3716
4	4625
2	1226
1	1166
4	4721
1	2287
4	3802
4	4317
4	5463
1	1708
4	3294
4	5030
1	2375
1	2146
1	1287
4	7738
1	3668
1	2333
1	1371
1	2362
1	1457
4	3692
1	1324
4	4539
4	4487
3	3773
1	7576
3	1556
1	1429
4	3675
2	622
2	1333
4	4766
4	4723
4	5171
4	3527
1	2264
1	2204
1	1395
1	1384
2	339
1	1476
1	1922
1	1414
4	4535
4	3467
4	3511
1	1243
4	4825
1	1538
1	994
4	4447
4	3640
3	1274
1	1254
1	1364
4	3300
1	5520
1	1655
4	4883
4	7083
4	3580
1	2330
4	3882
4	3567
4	4546
4	4689
2	1422
1	2432
1	1000
1	3800
4	4828
1	1438
4	3895
2	84
4	4673
1	1340
1	977
1	1671
4	3435
4	4029
1	1480
1	1280
4	9120
1	1887
4	4739
2	1326
1	2362
4	4655
3	2171
1	2345
1	1093
4	3888
4	4409
1	1340
1	2915
4	4718
4	4527
4	5098
4	4451
4	3655
2	3000
1	7038
4	4480
4	4518
4	3464
4	9702
4	4558
1	1228
4	4505
1	1936
1	1601
3	2393
4	3523
1	2272
1	1097
3	2392
4	9272
1	2397
4	4715
1	1729
2	453
4	4693
1	1245
1	2582
4	4736
1	1373
4	4014
4	4517
4	3566
2	1058
2	1154
4	4297
4	4898
1	2127
1	2324
1	1633
4	4810
1	2391
4	4312
1	2513
1	1490
1	2542
4	3599
1	1474
4	3663
1	1198
2	3684
3	2981
1	1490
4	3761
1	1371
1	2462
4	3329
4	4669
4	3915
4	5127
4	5064
1	1569
4	3960
4	3550
4	4742
3	1324
2	1390
1	2488
1	1300
1	2492
1	1253
1	2348
1	1226
4	3592
1	937
2	1737
1	1432
1	2346
1	1351
4	4557
4	3951
4	3646
2	1095
2	1587
4	3611
1	1286
4	4616
4	4405
4	3525
4	3703
1	1256
2	1344
4	4892
1	4312
2	585
1	2189
4	4160
4	4550
1	2354
4	4714
4	3559
1	1587
1	1344
4	4134
4	3393
4	4456
4	4684
1	1524
1	1317
4	4635
4	4546
3	2853
4	4850
4	3512
4	4359
4	4445
4	4729
1	1472
4	5024
4	4888
4	4818
2	241
4	4675
2	1697
1	2015
4	9009
4	3545
4	4668
1	2437
4	3584
4	4651
2	247
3	2265
1	1587
4	3432
1	6948
1	2438
4	4483
1	1938
1	2647
1	2426
1	1354
4	4634
4	3643
1	2197
2	1323
4	3873
4	4663
1	2366
1	1812
2	1910
4	4958
1	1593
1	2085
4	3566
1	2401
4	3486
1	2082
1	2354
4	3505
4	3828
4	4192
4	4780
1	2499
1	2288
4	3451
1	2648
1	2253
2	622
4	4705
4	4619
4	3593
2	386
4	3363
1	1064
1	2109
1	6595
1	1637
4	4876
1	2026
2	1300
4	4771
1	1950
1	2546
1	2241
1	1568
1	1294
4	5218
4	3633
4	4600
1	2692
2	1416
4	4477
2	1164
1	1813
1	1925
4	4111
4	4878
4	3673
1	2649
1	2060
4	4868
4	3919
4	3781
4	4659
4	3387
1	2281
1	1465
4	3955
1	1248
4	3920
4	4839
1	1229
1	1641
4	3971
1	1426
4	3463
4	3598
4	4071
1	2340
4	3629
4	3590
1	2354
4	3700
1	2632
3	2284
1	2571
1	2546
4	3835
1	2204
4	3300
2	434
4	3992
1	2635
4	3738
1	2112
1	1529
4	4468
4	4648
4	3537
3	2305
1	1389
1	1229
1	1339
4	4749
4	4743
4	3577
3	2429
4	3307
4	4908
2	1374
1	2468
4	4648
4	3756
1	1959
3	2611
1	2334
1	2345
1	1057
1	2151
2	893
2	1506
1	1340
3	1505
4	3724
2	490
1	2536
4	4915
4	5292
1	1243
4	3707
4	4413
3	1847
4	3484
3	3151
4	3596
4	4978
1	2501
1	2258
2	1605
1	1217
2	0
1	1221
2	258
3	1303
1	2026
4	4851
1	1161
4	3555
2	1701
1	1924
4	4645
4	3471
1	2370
1	2605
4	6706
4	4379
3	1564
1	2216
1	1388
2	977
1	1668
4	4893
1	7122
2	703
4	3467
1	1380
4	4072
1	2532
4	3544
4	4720
4	7811
2	911
1	1059
4	3802
3	1311
3	2150
1	1841
4	4767
4	3231
1	2013
4	3419
1	2306
1	1119
3	6428
4	4589
2	1517
4	3766
4	3761
2	181
4	3870
1	1553
2	1539
1	1371
4	3509
4	3835
1	1577
1	2301
4	3692
4	3629
1	2565
4	6837
2	847
4	3589
1	2286
4	4492
1	2147
4	3898
1	1394
1	1743
4	5455
1	1282
1	1985
1	1267
1	1253
4	3541
4	3641
4	4521
4	3461
4	5249
1	2176
3	1351
4	4055
4	4282
1	2211
1	2374
4	3485
1	2422
4	3877
4	3662
1	1248
4	4716
3	1835
2	1255
4	3647
4	3451
4	4641
1	1549
4	3601
1	2432
4	3781
1	2502
2	1383
4	4538
1	1165
4	3982
1	1313
1	2459
1	1636
4	3175
1	1593
1	1281
4	4856
3	2004
1	2276
1	2168
4	3562
1	1345
4	3725
4	4706
1	2404
2	131
1	2019
4	3658
1	1679
4	4642
4	4666
3	1480
1	2214
3	1459
2	610
2	994
1	1219
1	1680
1	1021
4	4801
1	2390
4	3498
1	1656
3	2161
3	2633
1	1336
4	3565
1	1315
4	3925
4	3503
4	3684
4	4297
1	1531
1	990
4	4653
1	2041
1	2378
1	2441
1	1387
2	1078
4	3806
4	4310
1	1686
1	912
1	1600
4	3537
4	4788
4	3392
4	4742
4	4940
1	2246
1	1391
4	4109
1	5673
4	8228
2	1312
2	3451
1	1574
1	1383
4	5010
1	2300
4	4722
1	1816
3	2567
1	1360
1	1122
4	4846
3	2709
1	2478
4	3556
4	3359
1	1537
2	1174
4	4641
1	1139
1	2635
1	2481
4	4008
1	1093
1	1073
1	2743
1	2323
4	6688
1	2618
4	3660
4	3737
1	2439
4	3608
1	2316
1	1510
4	4190
4	4631
4	3465
1	1963
1	2281
4	3666
4	4842
1	1096
1	2312
1	1849
3	2431
3	2544
4	3629
1	1706
4	4664
1	1177
4	3296
1	1335
3	5297
1	1114
1	2437
1	2417
2	47
4	3576
4	4178
3	2750
4	4063
1	1654
1	1524
4	3832
1	1676
1	1436
1	2267
1	2145
1	2278
1	1768
1	2603
4	3503
4	4088
3	1248
2	5451
1	2442
1	1345
4	4704
1	2541
4	4626
4	3708
4	6482
3	1639
4	3520
4	3448
1	2535
4	4776
4	3470
4	4784
4	4092
4	3888
4	4621
1	1263
3	2520
1	2089
1	2240
4	3040
1	2428
4	4469
1	2202
4	5088
1	1880
1	1627
2	1335
4	5447
4	4520
1	2242
1	1367
1	1361
3	2563
4	4275
1	2112
4	4656
4	4722
1	2389
4	4630
4	4075
1	2369
1	3504
1	2621
1	2538
4	5985
3	1600
1	1616
4	4756
1	2651
1	2545
4	5052
4	3388
1	2408
4	3556
4	4062
1	1540
4	4823
1	1161
4	3772
3	2470
3	1901
4	4842
1	1067
4	4539
4	6133
1	1144
3	2581
1	1847
1	2090
4	4723
4	4318
2	530
2	1269
1	2016
4	3650
1	1364
4	4776
1	2282
4	4022
1	1160
4	4509
4	3641
2	1496
3	1514
4	4547
4	4468
4	4889
3	1669
4	4338
3	1310
1	1445
4	4790
4	4680
1	2605
3	1292
4	4961
4	3828
1	4213
1	1439
1	2608
4	4577
3	1270
3	2559
1	2450
4	3682
1	2393
4	4944
1	1564
1	1137
1	1167
1	1379
4	4592
1	1306
4	4754
1	1458
1	2339
1	2600
3	1528
4	3745
4	4804
1	2083
1	2640
1	1312
3	1313
1	1353
1	2441
1	2586
4	9524
4	4088
4	4811
4	4599
4	4696
1	1507
4	5398
1	1858
4	3718
1	2593
4	3596
1	1978
4	4764
1	1257
4	4700
4	3517
4	4771
4	3890
4	3549
1	2514
3	1446
4	3572
1	1930
1	2572
1	2592
4	3686
1	1086
4	4683
4	3444
1	1572
4	4740
4	3722
2	1211
4	4716
4	3661
1	2054
1	1339
1	1916
2	1475
1	2494
1	1668
1	2755
4	7369
4	3855
4	3351
2	507
1	1612
4	3501
1	1296
4	4989
4	4549
1	1353
1	2427
1	2711
1	1290
4	4377
4	3527
1	2558
1	1440
4	3853
4	4670
1	1926
4	4444
1	1334
1	2434
1	2423
1	1447
1	1769
1	2410
4	4638
2	126
1	3847
1	1303
4	4449
1	1452
1	2145
4	3470
1	2472
1	1212
4	3823
3	2653
4	3533
4	8068
4	4874
1	1546
4	4797
4	3480
1	1181
1	1796
1	1134
1	2220
4	3736
1	2291
4	4526
1	2403
1	1901
4	3817
1	1590
4	4996
1	2408
1	2167
4	4198
1	1608
4	4754
4	4937
2	661
4	4667
1	1346
1	2636
1	2494
4	4385
4	3144
1	2004
4	6098
1	2364
1	1000
1	4398
1	1232
4	4739
4	3884
3	3554
1	2493
1	3752
3	2519
4	4691
4	4945
4	4438
4	5036
1	2109
1	1494
2	864
4	4568
4	4665
4	6628
4	5124
1	1222
4	3973
3	1263
4	4247
1	1365
4	3426
1	1149
2	301
4	4718
3	2783
1	2760
1	2251
4	4432
1	1476
4	4563
4	3866
1	1192
4	3480
1	2211
1	1164
4	4850
1	1160
4	3549
4	3647
1	1080
1	1228
1	1129
4	3619
4	4778
4	7101
3	2549
1	2227
1	1504
4	4360
4	4692
1	1496
1	1950
1	2254
1	1084
1	1065
1	2391
1	2662
4	4044
4	4596
1	2351
4	3714
1	2254
4	3636
1	2733
4	3312
4	3599
1	1408
1	2407
1	2580
1	1446
4	3368
1	1285
1	1632
1	2437
4	4721
2	1284
1	1417
1	2100
4	4819
2	1602
1	1257
4	4310
4	3491
4	3638
1	2775
4	4923
1	2664
4	3555
1	2276
1	2456
1	1294
1	2322
4	3498
4	5332
4	4517
1	2319
4	4726
2	329
1	2336
3	2670
4	4692
2	1126
4	3743
1	1318
3	1514
4	3395
1	1575
4	4721
1	2290
1	1151
1	1281
4	4397
1	1334
1	1530
1	1249
1	1290
4	4570
1	1258
4	3470
1	2333
2	1351
4	3496
1	1504
4	3706
4	3937
4	3756
4	4167
1	4299
4	3694
4	3751
4	4828
1	1388
4	4121
4	4605
4	7500
1	2402
4	4784
4	4872
4	5165
1	2520
4	4549
1	2691
4	3427
1	1516
4	4912
2	481
3	1398
4	5858
4	4623
1	2208
2	816
1	3554
3	1963
1	1654
4	4503
3	1305
1	1345
1	1007
4	4264
1	1501
4	4396
4	3670
1	1733
3	2370
1	2691
2	1269
1	2473
1	2260
1	4624
4	5031
2	252
1	1481
4	4721
4	4323
4	4722
1	2463
4	4196
4	4261
1	2379
4	4627
1	2272
1	2401
4	4673
1	1541
4	4667
4	3554
4	3278
4	4222
4	4872
1	1628
4	4144
1	2256
1	1834
1	2495
1	2480
4	4558
1	1108
4	3919
4	4067
3	2740
4	4998
1	1961
1	2469
1	1294
1	976
1	1408
4	4283
4	6104
1	2494
1	1863
1	2146
3	2253
1	1143
1	2156
1	2152
1	2661
4	3420
4	3372
4	4628
4	4447
4	4959
1	1837
2	208
4	3379
4	3538
1	1396
1	1513
3	1361
1	2190
1	2545
4	3470
4	3649
1	1178
1	2558
4	5042
1	2504
4	4257
1	3619
1	1450
4	4701
4	4629
4	4364
1	1864
1	2427
1	3577
4	3624
1	2573
4	4140
4	4114
4	4709
4	4639
1	2030
4	4337
4	4586
4	3251
1	2364
1	1572
1	2348
1	1892
4	4804
2	1407
1	2345
4	4484
1	2357
4	3348
4	3763
1	1911
1	2485
4	5002
4	4005
1	2473
3	1249
4	4251
1	2413
4	3428
4	4794
4	3480
3	2477
1	1677
3	1893
3	1304
4	3853
4	3725
4	4433
2	334
4	4690
1	2765
1	2174
4	3481
4	4561
4	4730
4	4630
2	751
4	4767
4	3994
4	4211
1	2126
1	2341
4	4598
1	1320
4	3527
1	2556
4	3476
1	2143
4	4590
4	4676
3	3826
4	4147
4	4123
1	2292
1	1618
1	2356
4	3568
1	1863
4	3724
4	3694
2	1142
2	1613
4	4784
1	1142
4	3936
4	4902
1	2087
1	1116
3	1998
1	1782
1	1894
4	4207
4	4641
1	2129
1	2503
4	3535
4	4741
4	4784
4	4401
4	4289
1	1231
1	1928
1	1407
1	1946
4	4549
1	1184
4	3486
4	4835
3	1902
1	2602
4	3571
4	4801
4	5501
3	1274
1	2527
1	2000
4	4620
2	161
1	2137
1	1419
1	1851
4	3397
4	3383
4	7775
4	3972
2	70
1	2244
2	1570
4	5336
1	2618
4	4422
1	1413
4	5023
1	2294
4	3700
4	4547
2	1268
1	1095
4	3505
1	1121
3	1501
4	4011
4	3553
4	4847
1	1900
1	2444
2	165
1	2337
4	4092
3	2389
1	2256
4	4024
2	142
4	3568
4	4567
1	2272
1	2560
1	1315
1	2135
1	1357
1	1568
4	3608
4	3516
1	2474
4	3546
4	3711
1	1471
4	4323
1	2301
1	1353
4	3954
4	4066
1	1876
1	1365
4	8212
1	2678
4	4900
4	4521
4	4309
1	2745
2	254
1	2298
4	4650
1	1442
1	1344
1	1296
4	4878
1	1398
1	1618
3	1829
4	4873
1	2033
4	4876
2	1164
4	4474
2	480
1	2146
1	1591
1	1727
4	3412
4	4837
1	1760
1	2181
4	4737
4	4472
1	1303
4	4440
3	2653
1	2392
3	3580
1	1205
1	2420
4	4605
1	2518
1	1943
4	4763
4	4229
1	1823
4	3558
1	1306
4	3565
1	2701
3	1495
4	4059
1	2748
4	7718
4	4753
1	1599
1	1409
4	4789
1	2510
4	4625
4	4418
1	2077
1	1640
4	3150
4	3749
3	1259
4	4622
1	1413
1	2296
4	4264
4	4761
4	4568
1	2491
4	4504
1	2225
4	3344
1	1508
4	3690
2	689
1	2121
1	1658
4	3188
4	3613
4	4696
4	4422
1	2133
3	1194
2	837
3	1318
1	1961
1	990
1	1276
4	3803
4	4659
1	2526
1	1099
1	1317
1	2639
4	3792
3	2647
1	1047
1	1413
4	3427
4	3690
4	3347
4	4728
1	1998
4	4741
2	2611
1	2321
1	2420
4	3462
1	1292
2	1257
1	2881
4	4216
4	3536
4	4799
4	3580
1	1006
4	4481
1	5575
1	4052
4	3686
4	3648
4	4575
1	996
1	2600
1	2138
4	4935
4	4745
4	3499
4	3751
1	1911
2	1379
4	4087
4	4512
1	2924
1	1532
4	4315
4	3262
4	4098
3	1639
4	3831
4	3375
3	1223
4	5021
1	2344
1	2791
1	1850
2	1416
1	2384
4	3504
4	3894
4	3666
4	3712
1	2483
4	4042
4	4780
1	2357
4	3881
4	3598
4	3468
1	1832
4	4992
4	3676
1	1696
3	2747
3	1709
4	4723
1	1408
1	2051
1	1400
4	3362
1	2655
4	4368
1	2343
1	1521
1	2528
1	1941
4	4815
3	1355
3	2636
2	1361
1	1695
1	2607
2	679
1	1215
4	4270
4	4123
4	3327
4	4781
4	9601
4	3551
1	1208
2	1380
4	5952
4	3298
1	2530
4	3502
4	3403
1	1179
4	4738
4	3669
