7374	1
426	375
1599	397
6693	1
7482	1
6499	1
6880	1
6908	65
6120	1
5364	20
8534	33
5086	44
6421	42
6866	1
6906	1
7202	1
2245	223
6278	1
6173	1
1572	394
4986	16
7842	1
6278	1
7204	97
6998	33
6247	1
5411	1
7374	1
6891	1
8032	5
7181	1
6559	85
7189	1
1286	272
5922	33
1417	410
5972	141
6352	50
7538	31
6351	40
8777	1
5300	54
5684	21
7934	88
6541	1
8280	4
7743	23
8037	1
1550	383
5513	1
6455	1
7392	51
3751	194
6596	27
7298	1
7115	31
8094	1
6306	82
1239	558
7250	1
7023	53
6279	134
6648	1
7208	1
3487	49
1533	415
1570	348
6915	27
5448	85
709	264
7017	1
6285	1
6832	1
6242	31
7449	1
6600	13
6531	1
8660	1
5880	1
9660	1
4134	184
6846	57
7744	1
6690	8
1813	473
7388	1
3320	204
5716	1
7034	1
6837	100
1369	463
6295	38
6440	1
6579	1
7160	8
4555	41
8330	4
7007	1
1473	344
6451	1
7004	13
7672	89
6064	59
1613	356
8122	1
6610	1
6064	1
7146	1
7675	30
6831	108
7078	24
1703	425
7264	1
4770	11
6985	1
4888	1
8102	1
1255	414
7844	1
5762	1
6515	1
6044	1
5878	1
2940	202
6023	152
7598	1
8052	104
3532	182
4849	178
7045	1
5533	6
7627	1
8594	1
5144	160
7420	1
4697	145
7111	67
6090	1
5413	1
6901	27
6616	2
9469	1
6181	86
1121	411
2200	252
5632	1
5400	15
6225	10
7312	72
7172	106
6769	50
3285	198
7315	1
7716	1
6472	51
6879	13
6695	1
6816	3
6483	97
6604	47
6509	33
5448	1
6376	1
7418	1
6942	80
8049	1
8690	11
5896	1
6782	1
6394	1
5801	1
7334	19
6713	1
6885	50
6523	15
1189	371
6869	1
6918	1
8819	56
7327	1
1423	208
1591	543
7910	1
7664	38
5739	115
7935	28
6590	3
6113	98
6119	1
6678	1
7846	111
6530	44
6345	1
7244	79
6735	1
4746	140
6706	115
6756	1
6035	10
7338	1
5722	1
7373	1
1517	229
5849	7
7913	1
4420	91
5886	1
6755	1
4964	1
7053	1
7723	39
7094	1
3874	191
6402	1
6884	1
5588	1
6430	1
6511	1
6386	63
2002	471
6798	1
4651	1
6008	1
6930	1
4753	1
6903	1
6294	21
6597	35
6628	1
6868	1
1430	546
5854	1
8792	1
6631	1
5710	94
7203	1
6815	1
6864	1
1319	207
8010	44
7782	1
7121	1
6696	1
8011	13
6629	1
6628	42
6696	1
7685	38
5038	3
6387	1
6769	1
6840	29
5306	1
6280	47
6735	64
612	404
7814	148
1826	468
974	344
6522	1
7506	15
7302	75
6769	9
8107	1
6588	1
1433	494
5368	1
4769	1
4594	151
5031	134
7564	34
1814	317
8405	56
1687	332
7158	1
6456	1
6734	1
5898	1
6932	2
920	396
7036	9
1134	434
8471	34
821	374
7233	28
877	532
1767	391
2009	374
7277	11
7842	29
6999	16
1445	419
8485	55
8206	1
5308	43
6749	1
1094	530
6442	25
7842	1
4366	167
6478	60
6812	1
5773	1
5132	1
6676	9
6428	26
6949	4
6151	1
6759	1
6567	1
6505	1
6667	63
7996	72
6931	9
5835	1
3603	151
7335	51
7329	1
1986	377
8121	1
7614	94
7735	1
6695	1
1078	369
6304	113
7144	1
2322	195
1628	441
6824	1
7845	19
1754	343
6482	117
6621	77
6486	1
5710	121
4945	59
4775	1
7213	1
7325	1
5651	21
7173	1
1849	227
8153	1
7870	1
7725	1
2012	247
1206	268
8333	1
6626	1
4913	109
6230	1
8378	1
8954	1
6734	1
7184	1
7179	100
7589	1
6898	67
7268	1
1881	247
7239	26
777	391
6945	20
7642	1
7471	1
6358	1
6492	19
7436	66
7697	1
6544	140
7294	1
6816	1
7539	33
3645	182
7538	1
7050	49
7990	39
7573	1
5936	1
7363	16
6039	45
6521	1
5798	16
6123	4
6904	1
7661	61
6006	1
7121	73
7521	1
7533	1
1345	375
1458	427
4761	132
5852	6
8327	1
1767	235
877	310
2051	229
1745	295
7874	1
5847	152
6239	1
333	416
6236	49
8889	23
8485	1
4574	1
6319	92
3106	183
6947	14
7212	81
8041	31
7314	1
6423	118
7114	1
6753	1
1934	418
7298	24
7000	53
6031	1
1969	236
7196	102
8000	23
6603	21
6350	47
1686	363
7565	1
7626	1
8025	1
7290	1
1031	584
5477	51
5431	21
7004	65
6125	1
6960	1
8012	27
5118	162
5792	1
6229	1
6851	50
1574	457
6696	100
4346	157
764	412
7039	11
3062	177
1828	226
6721	131
6240	134
6475	1
7001	118
6508	50
7066	1
1930	551
5469	1
6271	60
1233	487
7392	1
8010	1
6402	49
6117	1
7935	1
8054	1
7603	72
2783	204
1311	324
6747	4
6586	41
1587	416
6749	58
6261	15
6846	1
5193	165
6425	1
5183	20
4469	166
1108	445
6073	1
8900	1
7184	1
8544	24
6605	1
4113	187
5845	34
4389	175
7837	1
5515	123
7912	1
6640	101
6824	39
1768	319
7882	1
8605	1
1741	415
8713	39
8767	5
4919	1
7898	1
6727	131
1761	428
7355	1
7693	1
6529	1
5336	1
500	448
5712	1
1070	437
6613	16
7426	1
6363	33
4039	183
7407	1
7361	1
7656	109
6802	1
1638	375
7888	1
6970	1
5918	42
8616	63
7323	1
7401	1
919	479
6927	1
5410	1
6944	1
3858	182
7626	62
6864	1
7128	1
7411	48
7503	1
6440	97
2895	202
1339	361
1578	373
7121	1
7412	1
4926	56
7209	86
6370	142
6607	15
7070	1
7010	1
7742	23
6399	29
6702	1
1581	446
7102	1
7313	1
1470	237
7691	1
6157	1
6592	38
6206	143
2701	69
6140	1
4012	184
7637	1
6241	1
7907	1
7434	1
7257	130
1304	574
7205	18
8130	44
1365	337
7408	1
7606	33
6956	1
1153	418
7579	1
5706	126
7244	1
7289	70
7410	22
7356	65
2218	343
6224	1
5392	1
7962	1
6852	1
7940	92
8594	1
7917	57
7672	20
5933	1
6266	1
7786	1
6597	1
7743	1
7853	1
6288	1
6311	1
5511	1
4893	8
6621	72
6352	27
4782	183
6713	43
6806	1
6058	1
6125	14
5058	16
0	330
7560	1
1686	354
7096	1
2263	465
7211	1
6998	1
9999	1
6932	1
7515	38
6044	1
1007	390
6662	68
7029	1
7110	52
5322	1
4398	1
7118	1
4040	1
4845	172
8047	1
7293	32
