333	3
50	1
1	1
1	1
98	1
112	2
163	4
22	1
1	1
59	4
1	1
14	1
8	5
20	4
1	1
39	1
1	1
1	1
25	1
1	1
48	4
16	1
225	4
82	5
1	1
1	1
91	1
25	1
93	4
1	1
7	1
1	5
48	1
4	1
119	4
1	1
45	1
46	3
10	3
393	4
1	1
1	1
403	3
1	1
1	1
183	3
1	1
1	1
285	4
588	2
1	1
47	4
22	1
58	5
90	1
37	3
421	3
47	3
11	1
448	3
38	5
1	1
22	1
191	3
62	4
5	1
1	3
1	1
1	1
78	2
138	2
1	1
1	3
59	5
1	1
1	1
1	1
389	3
1	1
18	5
1	1
41	2
405	3
1	1
1	1
435	3
46	3
287	4
1	1
143	4
1	1
29	1
1	1
8	1
96	2
1	1
53	1
26	1
1	1
1	1
1	1
1	1
14	1
42	5
27	1
483	3
10	5
174	2
50	1
1	1
334	4
23	5
86	3
33	1
49	5
85	2
1	1
1	1
1	1
150	5
1	1
1	3
42	5
358	3
1	1
89	4
14	1
44	3
49	3
564	4
39	1
1	1
52	4
1	1
206	2
39	3
89	4
1	1
183	3
432	4
1	1
88	5
55	1
1	1
286	4
1	1
44	1
1	1
1	1
30	1
374	3
44	1
1	1
29	5
24	1
1	1
469	4
39	5
1	5
345	3
1	1
1	1
1	1
1	1
103	2
1	1
92	4
184	3
1	1
55	3
1	1
25	4
192	2
1	1
1	1
46	1
145	3
1	1
34	1
1	1
1	1
577	2
1	1
40	1
1	1
66	1
1	1
193	2
104	4
1	1
49	3
1	5
1	1
31	1
1	5
1	1
11	1
22	1
95	2
1	1
1	1
3	1
62	4
1	3
1	1
50	1
197	4
58	1
1	5
1	1
16	5
1	1
19	5
14	5
46	1
23	5
60	5
1	1
87	4
46	1
1	1
22	5
43	2
16	1
1	1
1	5
102	2
1	3
7	1
1	1
23	5
204	2
37	1
1	1
33	1
378	2
1	1
1	1
33	1
388	3
1	5
34	5
1	1
1	5
21	1
38	1
382	3
1	1
23	1
59	1
18	1
23	5
1	1
89	3
386	2
41	5
286	3
1	1
71	3
41	2
67	2
68	5
1	1
197	2
53	1
60	1
1	1
146	2
1	5
146	4
24	1
363	4
1	1
1	1
1	1
83	4
6	1
38	3
33	5
1	1
31	1
6	1
1	1
1	1
1	1
1	1
1	1
450	3
42	5
287	2
117	3
185	4
1	1
426	2
1	1
367	4
84	5
1	1
28	5
217	2
93	3
57	1
27	5
26	1
30	1
1	5
369	2
63	1
1	1
26	5
48	1
75	5
114	4
570	4
53	1
441	2
33	3
83	5
65	3
1	3
28	1
68	1
1	1
54	1
394	4
1	1
55	5
356	3
365	2
744	4
108	5
49	5
1	1
1	1
35	1
1	1
48	1
49	1
9	1
51	5
213	4
1	1
1	1
1	1
36	4
1	1
60	1
44	3
491	4
2	1
1	1
83	2
1	1
1	1
1	1
211	2
201	2
50	1
1	3
139	3
1	1
2	1
37	1
251	2
1	1
1	1
1	1
1	1
25	1
1	1
1	5
1	1
213	2
1	5
1	1
533	3
74	4
1	1
1	3
5	1
5	1
1	1
1	1
67	4
1	5
35	1
1	1
68	1
351	2
93	4
34	2
96	4
1	1
1	1
1	1
1	1
74	4
1	1
1	1
105	4
55	1
31	1
382	3
1	1
70	5
84	2
50	1
9	3
31	4
1	5
1	1
385	4
486	3
1	3
22	1
8	5
37	5
566	3
405	4
1	1
483	4
23	1
47	1
35	3
369	3
79	3
143	4
132	2
63	1
1	1
157	2
113	1
381	3
24	1
84	3
1	1
1	1
13	5
1	1
156	2
245	4
46	3
126	2
396	3
1	1
203	3
368	2
267	3
338	2
64	3
1	1
182	4
1	1
1	5
338	4
61	3
284	2
24	5
211	4
1	1
1	1
37	3
69	5
63	4
1	5
1	1
411	3
1	1
1	1
206	2
83	2
46	1
1	1
70	1
27	1
1	1
1	5
1	1
9	1
1	1
1	1
1	1
25	5
1	1
1	1
1	1
1	1
218	2
1	1
1	1
9	4
56	5
18	1
144	2
1	1
53	3
1	1
15	1
162	5
1	1
25	1
1	1
1	1
26	5
220	4
96	2
148	4
60	1
1	1
1	1
1	1
9	5
1	1
33	1
1	1
1	1
31	5
1	1
616	3
322	2
1	1
243	5
1	5
260	3
77	1
56	1
1	1
268	4
472	2
1	1
1	3
69	4
61	5
1	1
1	1
37	1
1	1
1	5
1	1
109	2
3	1
1	5
1	1
1	5
1	1
133	2
1	1
109	4
73	1
64	4
205	4
5	1
1	1
39	2
1	1
52	5
351	2
406	3
1	1
34	1
41	5
359	3
1	1
68	1
470	3
1	1
18	5
429	3
1	1
1	1
95	3
308	4
108	5
52	1
1	5
67	5
64	1
51	5
64	3
1	1
297	4
110	5
1	1
241	2
1	1
3	1
1	1
734	2
64	5
57	1
40	1
34	5
85	1
1	5
1	1
67	4
1	1
1	1
418	3
1	1
28	1
19	1
39	1
1	1
1	1
287	4
44	1
1	1
1	5
1	1
191	2
39	1
1	1
409	4
86	2
1	1
3	1
152	2
93	2
58	1
1	1
216	4
1	1
279	3
29	1
1	1
467	4
1	1
1	1
1	1
1	1
1	1
100	2
1	1
1	1
38	2
7	1
65	1
58	2
161	4
1	3
29	1
232	2
44	5
78	3
1	1
421	3
3	1
43	5
29	5
1	1
52	1
1	3
1	1
630	2
417	3
1	1
35	1
47	1
1	1
19	1
46	5
1	1
1	1
48	5
68	3
51	1
1	1
1	1
4	1
16	4
21	1
181	2
425	3
1	1
1	5
31	1
105	2
67	3
34	1
27	1
1	1
14	1
78	3
472	4
1	1
1	1
35	1
318	2
1	1
36	5
19	5
1	1
109	4
106	3
1	1
1	3
24	1
248	3
108	4
339	4
1	5
72	1
15	1
524	3
24	3
87	1
136	5
1	1
1	1
11	5
79	3
1	5
257	4
50	1
260	2
247	4
17	1
65	1
45	1
136	2
67	4
560	3
72	2
60	5
26	1
51	3
1	1
41	5
1	1
1	1
1	5
1	1
1	1
28	5
1	1
425	4
298	4
100	5
1	1
34	1
386	2
1	1
64	5
85	1
64	5
1	1
156	2
46	2
1	3
1	1
153	4
109	5
61	4
45	2
1	1
104	1
57	1
50	1
9	1
1	1
124	5
459	3
4	5
1	1
61	3
1	1
273	4
4	1
39	5
1	3
76	4
48	1
47	1
125	3
27	1
69	4
1	1
1	1
16	4
1	1
95	4
45	4
127	5
1	5
75	5
119	4
1	1
1	1
1	1
5	1
302	2
327	4
1	1
419	3
363	3
54	1
1	1
353	2
207	4
354	3
193	3
49	5
1	5
56	5
471	3
159	4
1	1
8	1
371	4
40	3
115	5
14	5
12	1
1	1
47	3
96	5
7	1
5	1
17	1
10	1
2	5
30	3
78	5
22	5
1	5
106	1
107	1
26	5
91	5
61	5
393	4
115	4
1	1
1	1
32	1
1	1
62	3
113	5
676	4
54	2
1	1
165	4
1	1
1	3
39	3
91	3
1	3
463	3
1	1
73	1
1	1
167	2
53	1
39	1
1	1
1	3
135	2
41	5
1	1
64	4
159	5
42	5
1	1
1	1
105	4
1	1
40	1
238	2
5	3
58	1
690	4
45	1
230	2
1	1
35	1
1	3
387	3
232	4
576	4
1	5
1	1
24	1
18	4
6	1
1	1
283	4
52	3
1	1
1	1
47	5
277	4
1	1
199	2
39	1
220	1
1	1
430	3
392	3
234	2
14	5
247	4
2	1
27	1
128	2
285	4
81	3
65	5
1	1
1	5
425	3
1	1
1	1
242	2
75	4
108	2
125	4
1	1
192	4
1	5
15	1
73	5
78	3
1	1
1	1
1	5
7	1
67	4
1	1
76	2
1	1
1	1
352	3
1	1
