4774	5943
5581	6151
4455	5486
4610	5146
5081	6140
2165	6965
4947	5075
4497	5707
3247	3816
4542	2977
5853	8021
5514	7799
3336	4939
3494	5991
6644	7695
3336	6476
1307	3735
3974	6460
3213	4166
3811	8277
5868	5489
6242	7393
3829	4940
7366	8394
4430	2653
6308	4591
5503	4879
6708	6767
3393	5453
6444	6162
6408	2561
3212	5134
4737	6615
4194	6069
2228	5059
7671	6466
2504	6461
4938	6235
4342	4913
3217	4946
4883	5887
5866	6060
4289	4874
2925	6711
5658	5083
4999	5032
2918	4302
4929	5341
1959	5259
5717	6855
3170	6038
6930	7301
8388	7989
4501	5713
5853	5608
2453	5223
856	3016
2968	7324
4442	6028
3994	6703
4622	4526
5543	4982
3771	5327
4132	6082
3191	6062
5068	4580
5368	6104
2040	5210
6554	6525
3625	5114
4448	6508
3784	4695
7373	5086
7292	7354
4762	5247
3358	6528
6376	7968
7143	6432
651	3815
5557	5572
1564	4514
4543	2214
5210	7045
2367	2949
1898	5329
3949	4564
3077	7223
6192	7387
5567	6174
6820	6605
5777	5635
2907	4789
3422	5047
4793	4959
2033	5723
3100	6286
4873	5446
3405	5850
4143	5363
6543	7167
6688	2986
3617	5312
3471	5789
6080	5563
3227	5504
3875	5109
3723	5297
1891	5668
5318	4990
2960	1861
4031	4680
1995	4282
4735	5748
7557	7652
6075	4705
3752	5433
4521	3442
3513	5548
4494	5201
7214	4999
5840	3743
5459	6060
5792	5061
4631	5903
5547	5810
4042	5879
7276	7967
4418	6121
4109	5073
3382	6421
2312	4521
0	4938
6926	7654
4080	5723
5663	5467
1958	6249
5780	5753
5298	6851
3412	6504
3758	5672
8499	7810
4648	5622
5302	3413
4186	5213
2748	4237
6964	5859
5469	4916
1633	3120
6120	4546
2194	4336
4933	6813
4794	8207
2954	5365
3302	6156
4404	5985
5047	6072
5533	5254
4801	5867
6814	6048
5155	4763
5252	5780
2523	5720
4486	5535
2697	4030
2585	3083
4536	4883
4616	5664
5569	3698
4919	6273
6038	5212
4675	6303
4469	6035
5827	6179
1644	3399
4173	5603
6396	5843
6854	7864
6766	2466
5091	5769
9194	7213
508	4857
5477	3804
4323	4756
6392	4979
3716	5838
4805	4499
4981	5439
5311	5842
5668	5413
4779	7493
5706	4455
2787	3974
4076	3609
6488	7947
4779	5351
3769	5622
2123	4603
4975	1349
4423	4037
5041	7628
3943	6837
4348	5858
2456	6297
5320	5594
7609	5636
6326	8798
3123	6816
1662	5245
4455	5475
2347	4521
3531	5963
4318	3836
3573	5357
3303	5047
2845	3175
3620	5436
3012	4140
4764	6477
7591	6452
3300	6015
6058	6448
4034	6117
5311	6185
4192	4190
6711	6057
3419	5523
4852	5285
3164	5033
8547	7711
3965	6630
5786	5629
3233	4855
3720	4721
3336	5220
3845	4914
4466	4338
5063	5680
4651	2345
8237	6719
2499	4153
6761	6696
3181	7028
3247	2753
3990	5522
5161	6076
3326	5255
4552	5296
6172	5105
6598	5254
4788	6083
7901	8146
6918	8325
2902	6243
1829	5130
2348	4823
5129	5774
4025	2785
3462	5114
4588	6477
3940	3980
4820	9392
6557	5985
6155	4365
5949	8263
4768	5815
4571	3165
4493	6062
4207	4465
4022	6071
6118	6631
4583	5368
1484	5590
2836	5619
4292	4870
5149	6806
3402	5498
4612	5606
6320	5779
6437	6546
5448	4810
4124	4649
2690	5141
3970	5835
3567	5446
3541	4339
2903	4684
4082	6053
4130	5811
4501	6072
5265	6013
7123	8220
4844	4197
2670	3453
4205	5578
3044	5850
6779	5908
2134	4207
5579	7886
2789	5506
6005	5081
987	5271
6393	8879
4581	5464
5412	6882
4726	5601
2317	4573
4427	6908
4869	5614
4138	6223
5875	7002
4986	6375
5861	5746
3091	3280
2482	5013
3233	4399
4382	6344
6058	6871
7705	6748
4503	4692
2702	4262
7613	9010
4656	6318
4648	6538
5145	5917
4970	5436
3111	5721
4348	5593
4549	7364
6875	4775
3717	5597
5869	5954
6863	6125
6411	5518
5500	5199
3992	6599
7267	4314
3808	4453
1972	7461
5965	4927
3735	5288
4800	6277
4497	5239
5948	6780
8138	6357
4672	5206
4138	3280
3978	6304
5213	6160
4018	5861
7592	7854
3138	5912
6864	6470
4838	4233
1848	5398
4262	6478
4024	5858
4813	5534
5660	6598
3857	3379
3789	6133
2469	4560
8479	8145
8678	3749
3569	6633
5335	5637
4186	5590
3098	5893
1676	5998
7337	7763
5301	5726
4637	5108
7471	7596
4333	5347
7247	2966
1225	5629
4450	5554
6377	5894
5485	7948
4308	5008
3985	5696
2394	5335
6531	4241
2559	7263
6255	7409
4104	5676
2414	5463
4790	3385
3881	5793
4309	6105
3043	6845
4617	6308
5876	5953
4251	3514
5173	6536
2306	3773
3926	5707
8595	7183
7604	6617
3457	5807
6254	4931
3883	5747
2632	4724
7632	5418
3770	6086
6713	6862
4055	2434
2557	7596
3836	5629
4760	3244
3824	5428
5091	6019
5223	5978
3457	5549
5119	6297
2301	5416
4600	5371
3207	5815
4619	6500
6683	6183
5693	6467
4587	763
5174	5810
7288	5544
4948	5114
4616	5869
4964	5390
1373	5050
7878	7480
5012	5013
4730	5947
7051	7488
5359	5510
4351	5421
4888	5503
4389	5817
2094	5986
5856	4618
3374	6227
4943	5579
2708	5471
4465	4233
5832	4595
4396	5911
3062	6230
4762	5727
4609	5332
1268	4527
4458	4076
3708	5472
7579	6038
6186	5648
256	3539
3992	6517
2969	6181
7120	6357
4259	3217
4734	4586
4302	5769
6525	5323
4151	5146
1058	5185
5348	5763
2008	5368
3698	5691
5564	5686
6807	7932
4490	5082
5848	5202
7098	6192
3804	5160
6710	4041
5031	6218
3026	6413
4473	844
5574	5645
2013	4597
4705	7505
3488	6757
1867	4043
5862	4568
2254	4880
5069	3846
2130	6040
4265	5443
2505	1315
4303	6246
3672	5445
2799	5927
5461	5518
3567	5495
3697	5765
4522	5373
4034	8621
6026	7843
6144	5338
2586	5069
3894	5662
2708	4390
5041	5194
3659	5917
6116	4448
5953	5999
7845	7492
5799	4813
6118	6069
3589	8055
2955	5408
7144	7937
4986	5138
8206	6444
3912	4667
5285	4586
3890	6360
6072	5360
6022	2615
5130	6696
3548	4107
2488	5922
4524	5515
8818	7834
4908	6744
6930	7763
3402	5269
2494	5206
4863	6130
3853	5613
3681	5482
3367	4250
4051	5447
2819	5951
1076	4513
4178	6058
5618	5880
5023	3444
4274	5820
3095	4746
1968	5081
3735	6453
4568	3832
5560	5886
3819	5834
5063	4756
3625	5304
4773	4337
2226	5823
6535	7267
4639	5314
4982	5776
3630	4540
9126	7615
5160	3862
2108	6025
2326	5966
4776	5510
3081	5037
3502	6017
3925	5411
4395	5033
4140	5489
3131	625
4653	5159
3911	5433
3906	5201
5080	5416
4926	6406
6291	5540
2232	4443
2921	5915
3583	1058
6131	5663
1917	4572
6432	8153
5427	6486
6412	9030
6967	7506
2620	4680
4312	4816
3150	5686
2196	1729
2759	6069
6290	5917
7072	6893
6381	6190
3903	2558
5841	5372
3722	6266
2779	5455
3274	5888
5439	7418
3457	5046
6332	6030
6668	7578
2654	5303
4822	5717
4451	5781
8553	6842
5177	4099
2358	5485
6957	8115
4930	6159
5617	5519
5502	4149
4907	6223
5628	4662
3547	460
5745	7853
4189	3323
1452	5215
7589	6789
2750	5397
1850	5090
6320	6569
4896	6120
3226	5832
1161	4700
4008	6791
5500	5583
3665	5235
6314	5356
3115	4659
6326	5631
6294	7909
5763	6887
2624	5471
6195	7134
3213	2102
4208	4415
4273	5925
2687	3817
5491	6327
2199	5541
5332	5250
971	883
4641	4772
2081	4838
1378	4694
4483	5343
5174	898
3379	5359
4433	5650
2471	6049
3636	5849
5178	6611
4524	2520
4265	5755
4321	6121
4436	2973
3227	5501
7414	7563
4136	6042
3394	5402
4936	6093
8024	7546
3943	6874
2799	6160
4376	5548
5237	6540
5973	7622
2863	4978
4177	5176
6364	6272
4662	4544
4184	5330
5666	5835
6376	5765
4135	4570
6146	8078
3698	7008
4316	6391
4932	5429
5402	3918
3710	5480
5448	7450
5798	6415
4832	7257
6447	7295
7932	6995
3717	8292
5609	5219
6640	6234
3927	6061
5917	5037
6245	5420
4538	2594
1450	4455
5918	6457
3225	5748
5987	3672
3675	5300
9999	9999
6106	7638
4699	5390
4177	6328
2963	5986
4822	5601
4862	6081
6746	6429
4873	5279
2000	5994
1263	4972
7189	8082
3806	3772
3136	8233
6517	6940
6193	7208
4664	5321
6864	5965
6523	3427
5361	5985
5334	7748
2479	6453
2735	5231
4069	5618
3144	5681
2870	5391
4467	5564
5325	7962
5302	2348
2962	7198
3135	3261
3947	3808
1053	4466
9276	7788
2531	4461
2445	4821
6580	6332
3736	4591
4709	5036
6202	4575
4578	7609
3325	4510
7103	7105
3555	4651
4775	4650
3232	5767
5341	6342
5154	6317
4989	3708
4928	6369
7074	8296
4126	3716
7077	8545
9230	5474
7319	4576
4088	6586
3227	6216
4844	7082
3330	6312
4583	4963
3184	5149
2712	4930
5142	5724
2791	5829
9620	7373
6362	3146
5523	8388
5403	4779
2074	3824
6742	6202
3448	6569
6225	4082
2552	5461
4817	6183
5524	6787
5890	3124
3006	6993
4656	5775
2436	3452
2653	5838
3356	6225
4258	6031
7145	8095
5213	5533
1576	3283
7138	6817
6683	6205
3927	4311
4403	5121
4194	5299
4979	6100
5071	5889
5907	6608
3534	5550
5885	5374
5891	6331
7190	5903
4340	5745
1475	4655
3866	3943
5217	5137
5877	5353
4818	5918
6438	6086
6115	5817
4890	6543
2656	5924
5619	4694
6428	4991
4679	4998
3204	5748
1441	3932
1722	4622
3674	3677
7270	6461
4179	5193
4175	4962
3411	3743
5094	6265
4388	5753
3205	4984
3853	2309
3658	4564
3166	3365
3317	4483
4566	5487
2062	5139
2244	6303
4471	5946
4155	5533
4530	6020
2931	5296
5657	2695
4423	909
7434	4714
3744	4582
5715	6067
7108	8270
7790	7367
7171	7045
3678	5272
5113	6656
3778	6284
2663	5583
5190	5236
5931	3022
1797	5047
4834	6188
5197	1382
4926	6602
4902	6205
3992	5364
2880	5993
4322	6004
3274	5828
2044	4170
4101	2078
4136	6474
4357	5070
3264	5401
1880	0
4755	6343
2788	6098
6377	5888
6209	5227
3314	5242
2294	4498
3606	2437
2334	6214
6503	6671
3023	6075
5503	6292
5752	5409
4726	5487
5702	7567
4529	4523
6427	5806
3602	6796
3134	5741
1168	73
4295	4845
1531	5654
1666	3403
3075	6405
4911	4867
2607	4181
3294	5272
3896	4675
7920	6689
4386	6319
3074	5721
5456	5615
2560	5438
2840	1257
7103	6692
7184	5395
3872	6443
3931	1905
6679	7545
2745	4634
2746	5473
6084	6823
4531	6498
4750	5697
5614	5709
9222	8456
5354	4636
5731	3723
5514	6119
5649	5916
3857	4095
2872	5632
6187	7853
912	5738
4076	5188
5613	5654
4343	4481
5120	4311
4449	5390
4791	5577
5081	6668
4369	4006
3940	6106
6961	6745
4761	6359
4327	4947
6533	7755
6906	7448
5078	4940
3728	4994
4473	6221
4265	5079
6469	6272
3310	5836
1721	5072
6718	6476
2408	2796
3092	5750
5839	5714
4986	5657
6339	4690
6829	5997
5599	5387
2938	4136
2018	1052
3880	6140
5729	5882
7076	6945
4799	5630
6557	1134
7138	7651
4009	5128
4675	2346
4298	5018
1781	4338
4259	6304
3996	4904
3279	5652
3618	5896
5377	6755
7647	8381
3211	5284
4602	6063
4126	5408
3846	4394
6095	6754
3536	7807
7851	6069
5507	5923
3844	4005
5765	5814
6670	6042
5721	5648
4795	4873
6375	6356
4664	7095
3865	6064
2978	4015
4168	6100
4466	5704
3254	5225
5366	5705
4815	6315
7118	5635
5043	5045
4620	5174
6760	4823
3031	4351
5744	6100
2757	5734
5444	4861
3858	4917
3208	5522
6219	5840
1776	5684
3864	5661
4270	4520
4815	3693
5402	7002
4335	5421
4699	4635
3802	5931
4901	5787
4867	6790
2255	3461
2897	5816
5004	5320
2682	5844
3002	5465
3845	3378
5607	5578
3833	2775
8312	7883
5881	6422
3536	4141
5675	6624
5393	8173
5048	3407
1313	5370
5034	4598
5250	1750
4454	4208
5104	3014
8236	5682
5075	3325
3340	5292
3432	4924
3806	5257
4818	6840
1855	5138
5456	4390
4578	5315
5570	6011
4431	6320
3497	3249
3312	5410
2738	4614
5081	5095
1188	5247
8244	8181
4535	6331
3359	6357
4132	3314
5716	6636
1841	2169
3129	3490
2896	5457
3110	8421
5188	8165
3483	6334
3547	5712
4805	5288
5149	5421
5994	4750
6099	6633
5283	7826
2024	3232
6933	7148
4652	5482
5202	5158
5622	4822
3230	5985
4458	5416
3953	5771
4008	6962
5294	7609
4694	7604
4002	4804
3486	1854
4449	5636
3330	6242
8179	7985
6932	4845
5672	5303
6419	6581
5817	6310
3827	5742
3308	5380
7370	8337
5359	7818
4313	5343
3624	1749
5043	5886
3884	5232
4500	6014
5378	5434
2085	3759
3055	2716
5895	5799
4050	5294
3794	6619
3927	6494
2932	5298
4632	6557
6624	5536
6574	5379
3297	6742
6693	6663
5358	6793
936	5892
5108	6066
3177	6003
3576	6244
6408	4974
4130	6125
6654	5660
7820	5924
5135	5873
6456	6434
3751	6492
5133	5156
5390	5693
4315	4160
4298	6295
7348	6000
4542	7758
5497	5729
4806	4360
6451	6893
2901	6903
5629	5852
3320	5993
4333	3816
3275	5992
6550	5027
5450	5980
7320	5828
5227	5430
5474	6410
6500	5936
5652	5144
5119	6969
4588	5516
4880	5479
4687	5663
3457	6016
4261	6323
4638	6476
6385	8178
3053	6366
3962	5630
4035	3941
3869	4224
4831	5899
3414	5703
4435	4644
5939	5868
4455	4374
1759	5766
7359	7351
2119	5154
3117	5195
3604	3728
