1132	4093
3860	3943
2901	2543
3144	3300
3921	5483
1673	3209
2131	4204
2538	3977
2135	4797
2588	5514
2336	4263
2461	4728
3179	5145
2316	4933
1255	137
2667	5531
2953	2755
4701	5292
2248	4263
3159	4875
3182	4278
3356	5308
3668	3894
3021	2964
1606	5000
1485	4805
2531	4264
2469	6213
1309	4323
1637	4457
2245	4910
2682	4019
1379	448
2448	3962
1032	1325
1077	1935
2151	3974
2066	3492
1509	3824
2200	3932
3005	5704
2243	5425
3205	5444
3106	6526
6227	4931
2954	5115
2377	3723
1948	1955
3067	4725
2877	4721
3413	2495
2702	3400
2948	4006
1222	4933
1939	5109
2905	4396
2684	3654
1891	3361
3070	3500
1827	1584
2224	3322
2008	2937
1995	4859
1522	3934
1521	2397
2056	4794
1924	5089
2795	4735
1527	3622
2451	4861
2376	4471
2073	4395
1290	4324
4158	5525
1890	4651
2121	4311
2088	4644
2236	4547
2165	3686
2400	3379
4146	3951
2493	4915
2465	4325
3057	2619
2459	5078
3704	4281
3363	3954
2906	3848
2632	4247
3011	4098
2836	5807
2927	2978
3445	5513
2544	3378
2846	3228
3213	1719
3820	4967
2041	3782
1174	2018
2261	5107
2300	5061
2334	2356
2610	4714
3709	3260
2692	3167
2742	3628
4266	5329
3272	5815
2738	4854
3487	4511
2469	3857
3331	2663
3121	5249
1796	2471
3330	5619
3549	4516
1682	5638
1735	6196
2373	6264
2501	4295
2800	2670
2824	4964
1447	4694
2046	4020
2489	3954
2936	3935
1809	4945
2428	4916
2842	4965
3719	4722
2169	3824
2314	5171
3786	4679
1388	4949
2275	6764
2337	3087
1233	1534
2279	6407
1848	2321
1744	5411
2459	5436
2153	3189
2260	4695
1252	3875
3112	5660
3015	5339
2355	2432
2012	4663
1547	4904
3342	3794
2768	4416
144	3517
2650	3790
3773	6552
6624	5383
1927	703
1842	6018
2099	4570
1862	5639
1391	4820
2635	4161
2786	3386
804	5822
3954	5188
2225	2545
2706	5961
2678	4869
749	3698
856	4177
2030	3580
2431	4154
2378	5091
3683	3851
2387	4284
3413	3203
1745	2956
3544	3561
1878	1959
2552	5646
3453	4487
2407	3603
1499	3353
2717	4550
1788	4777
2740	5200
1717	3366
1555	4252
3576	5304
1931	3814
2640	3119
2413	5671
3217	3435
1380	2254
2363	4265
1579	4865
2776	3839
2424	3426
2254	4590
2784	4647
2078	3942
2424	4973
2645	3367
2586	4275
3158	3335
2292	4687
2263	3501
1972	4721
1721	2277
3824	5286
2536	5223
3101	4823
2367	4790
2257	3071
2497	6181
2289	4260
3568	4568
1875	1347
1496	1089
2463	3351
2290	3154
2043	3779
2711	4264
3079	4348
2946	4273
3572	5521
3231	5330
1870	2613
2759	4183
934	2530
1237	4967
1053	5248
2874	3691
2551	4025
1880	4811
1764	4676
2618	4436
4129	5018
2371	4673
2139	3736
2210	2939
2797	5055
3079	3519
2597	4692
2218	2742
2850	4580
1412	1305
2692	5696
1395	5024
2327	3398
1699	3667
2384	3313
627	5453
2998	3575
2114	3957
2446	4862
2338	5667
3199	3861
2961	5171
1676	3884
2445	4682
2493	4950
2463	5256
2563	3061
1677	5082
1913	2988
2230	4308
1542	3888
1546	5434
2989	4708
2033	1872
1416	4841
2716	5484
2900	3541
3197	5758
1484	4894
1996	4151
1983	4805
2651	4689
1661	5229
2540	5342
1240	3616
1557	3208
2182	5498
1652	1951
1249	4804
1602	5662
2289	4938
2940	5849
1518	6332
2838	4839
2773	4615
3033	5000
1957	3290
2137	3441
2719	5746
2646	3528
2768	2972
2394	5557
1695	4661
2133	4004
3149	4675
1765	2674
1313	3700
1612	1260
2754	3842
2351	6002
1895	1927
2945	3189
2387	5301
2262	3343
4157	4571
2733	3911
2787	5904
2037	2509
2393	5958
2918	5396
2773	5417
2400	4165
2710	5009
3030	4437
2058	5306
2112	3093
2891	5904
2308	3972
2685	4014
2096	4212
3140	4409
1645	3674
2869	4446
2784	5127
1365	373
1716	4758
1696	2633
930	2003
1153	3599
2819	6033
2959	4941
1670	4639
2538	3799
2576	2521
1149	5148
2156	4329
2859	4693
2770	4380
3236	4958
1934	3731
2731	4912
2130	4903
2173	3174
3139	4666
3791	3736
2453	4596
3387	5140
2930	3369
3059	5195
2666	4206
2038	4756
1979	5450
3074	5651
2553	4423
1768	3240
2847	3557
2248	2675
1237	4010
2803	3036
3114	5152
2804	4320
2660	4844
2571	4317
1402	2693
2617	3353
2169	3801
2482	4011
1928	5087
3239	5461
2113	3879
2564	4117
2164	4177
2041	5401
1163	1114
2190	2682
3081	5875
3079	4679
756	1207
1499	2034
3011	3388
2851	5489
2869	3341
2263	5775
3209	3765
2959	4254
1556	2019
2553	3367
2356	3552
3137	5087
1722	4648
3386	2716
2304	4465
1091	5844
2753	3925
1454	1245
2593	3743
2927	5689
2890	4049
2330	5109
2900	5049
2724	3229
1937	4848
2104	2531
3360	4974
2225	4551
3048	5388
1877	1917
2664	4864
2016	5171
3449	4445
2595	3451
3493	2470
1263	4605
1943	3299
3167	3513
2379	4891
1484	4378
1671	3601
1772	5502
2988	4939
2285	3540
4082	5456
2736	5330
2580	2950
3964	4490
3144	2724
3089	4490
3327	4679
1071	3158
2494	4922
2481	5499
1831	2312
2228	4340
3292	4913
1899	2399
3646	4991
1257	2259
2338	4170
2776	2628
1280	3506
2634	4007
3019	4877
2262	4372
2211	4959
2623	4147
2186	6030
3577	3836
2652	3617
1136	2594
2538	4708
2436	4837
2348	3344
2419	5008
2350	5813
2968	4956
1559	5411
2035	5807
1827	4054
2856	4986
3220	4364
1860	1966
2569	5526
2769	5035
1015	4912
2148	4687
2856	5116
2857	4810
3008	4842
1476	4510
2889	4686
2609	6069
2416	4234
2202	4488
2277	3744
2929	3311
2960	3270
2462	4753
1792	5069
2929	4112
2437	4024
2487	3232
2594	5095
1818	4333
2963	4810
3616	2748
2784	4478
2020	4967
2019	2879
1915	2927
2887	3049
1490	4366
2165	6183
1706	3059
1164	4129
2779	4639
1417	3550
2810	4549
2679	5198
1170	2569
3224	2202
3243	4028
2619	4924
1720	3397
1920	926
2485	4200
2793	4640
2396	5754
1116	5660
1232	2908
2634	3722
3011	9896
1893	2946
1551	4908
2675	5306
1833	4578
2328	5468
1947	3024
3549	3321
1603	5359
2451	3254
3497	4813
1912	4843
2792	4284
2710	4765
1753	4546
1710	2768
3408	3790
2065	2274
1392	4970
2089	4212
1734	4181
2856	5511
3117	4702
3491	4047
1926	2083
2688	4123
2768	4517
3461	3999
3406	4007
1252	5293
3089	5523
2709	3008
3429	5207
2323	4789
3098	2284
2746	5251
1801	2882
2838	4136
3039	3640
3061	5116
2318	2887
3705	4287
2405	3764
3854	4663
3400	6188
2258	5730
3136	5068
2347	4747
2472	2754
3007	4911
1503	5058
2087	2744
992	3446
2330	4513
3108	5629
3949	4018
2606	3743
2603	5395
2489	4958
3334	3634
3467	5826
2726	4832
2009	3137
1923	5738
1835	5167
2648	4395
1597	5229
893	4742
1545	4181
1575	2621
2018	3587
1500	2559
2027	4085
3847	3610
3203	2055
2032	2351
2812	5288
2724	5002
2781	4102
2232	2508
2486	3896
1474	4218
1502	1822
1234	2350
3086	3622
949	6006
2463	5154
1330	2136
2576	4078
1154	4116
1938	5543
2287	4084
2116	3305
1431	3495
2036	2300
3137	5408
1924	6054
3411	5759
2336	4061
2466	3087
2503	2893
1319	6055
2624	5094
1909	4100
1549	3072
2292	4399
2470	4005
2122	233
2442	3062
2938	3653
2015	4145
2149	4851
2823	4733
1972	4624
2478	3324
2378	4904
4139	5318
3212	4163
2692	4025
1425	3660
2590	3008
2502	3301
2260	3844
1941	5060
2430	2964
2506	3069
2232	5371
2320	4217
2683	3456
2316	3969
1731	4241
2415	3080
2388	6134
2609	3145
1244	4799
1852	4986
3283	4598
1905	1993
2353	4624
2544	4468
2699	4175
2345	4293
2769	5133
2490	4759
2320	4592
3659	3887
2236	4787
1932	5376
1790	3006
3295	3467
2384	5448
2531	5445
2876	4156
3470	5266
3314	4544
3331	5166
3038	5491
2797	3944
2684	4107
3538	3986
3067	6428
2916	4798
2060	3390
1435	5170
2464	5302
2114	3004
813	3080
1643	5581
2713	4097
2678	5592
2645	2455
3455	3671
3401	5818
2749	2561
2549	3059
2352	6217
2448	5820
3380	5178
2066	3327
1528	5467
2762	4788
1879	5024
1701	3647
1585	4234
2075	3780
2777	4136
2573	4597
3161	5465
3212	4624
2534	3566
2520	4407
3286	3386
4213	6795
2402	4039
2930	4835
1936	3583
2880	4129
2126	4627
2691	4706
1056	902
2172	4143
2701	5340
2276	2479
2840	3766
2506	5183
2157	3917
1983	2819
1632	4100
1581	4426
3178	3964
1930	3310
3042	6121
2455	3039
2268	2777
2623	3191
3096	4972
1757	5977
2325	5009
2632	5060
3006	5471
1634	3454
2889	5567
2985	4202
1904	3099
1971	2622
1097	2571
1899	2368
2862	2939
3093	5318
3693	3072
2594	2489
2588	4711
2201	4044
2603	2648
3015	4833
3560	6670
2291	4729
2059	3194
1915	5381
2778	2058
2213	4706
2678	4482
2690	3833
1503	4343
1758	5767
1698	3797
2270	4615
2927	4160
3354	5483
2114	5259
1794	5174
3273	5575
3555	3701
2925	4617
2089	1595
1390	4734
2774	4671
2980	2976
2843	3644
3059	4481
2352	3911
2699	3861
3195	3940
1994	3367
3220	6946
3258	4248
3208	2348
2180	4771
1815	2728
3224	4709
2169	2806
1654	5143
3898	5197
2788	4467
2352	4815
2203	2281
2285	3231
3386	4105
3662	3935
2541	4009
3191	4412
2442	4575
2095	4251
1824	5107
2768	3684
2421	4632
2318	6033
2682	4797
3283	5019
2023	5356
1690	3238
3011	4302
2032	4705
3075	5825
2169	4530
2739	5615
1780	5784
3554	4947
3185	5216
2342	4626
2340	5687
1151	4628
2405	5255
2552	5196
2442	4830
2567	5615
3508	5311
2744	5807
3390	3090
2872	4755
2924	3728
3256	6014
1779	6094
2193	4317
1461	2293
1589	4647
2556	5754
2956	5334
3206	4300
2426	4246
1578	3767
2646	4046
2263	3984
2585	5136
2449	4981
1831	4838
1997	3680
2297	3543
1689	950
2360	4652
2683	3819
2721	5044
2131	5241
2054	4122
2446	4768
2726	4878
2335	3690
3476	4805
2544	5249
3235	5493
2826	3546
1920	4853
1883	4026
2215	5507
3219	5664
2356	3401
2464	2860
3687	5361
1527	5150
1843	5672
2680	6937
4472	5909
2559	4474
2915	3750
3171	4177
2029	1236
2564	5349
1542	1720
2681	5606
2043	5185
1821	5788
3457	5504
2810	5039
2802	4491
4034	4692
2069	4505
3164	4733
2452	4020
2752	4284
3371	4862
2176	3463
567	1273
2765	2686
2163	5092
2527	5059
2988	5119
2453	2866
2995	4486
1889	4926
1814	1206
1988	3911
1219	5093
3002	5353
2387	4460
2895	3801
2411	3554
1885	5439
2756	4324
2297	2524
2500	5013
2720	5581
3032	3108
2246	2055
1977	4772
2198	3511
2768	3398
3467	3656
3549	5151
2847	5149
2119	4516
1246	5017
3490	3889
3008	5548
2824	4629
2622	4590
3144	4715
1765	1744
2554	2574
3086	5149
1621	2761
2912	3808
2397	4183
2685	4859
2723	2896
2196	2807
3083	2807
3420	3449
2223	4669
1659	5735
2937	4467
2513	5314
3167	3126
2415	5393
3178	3943
2433	2279
1847	1799
2923	4135
2711	3465
2979	3519
1243	1336
2366	4232
2132	5372
565	4412
2594	3344
2182	5039
1968	4668
2178	3814
2928	5582
2534	2904
1987	3674
2635	4381
1938	5281
2618	3124
2143	1694
2351	5502
1947	7577
2506	3843
2912	5087
1997	4850
1871	5739
2902	4081
1362	3334
2670	5885
3002	5871
2150	4064
2101	3415
1719	4499
1899	4910
2034	5140
1121	4169
3343	5422
3635	5071
3685	3607
2247	5278
2069	4242
1156	4131
3298	4161
3183	3725
3958	3244
2000	5050
1973	5314
2448	4630
1559	3701
1542	3613
2097	5235
2729	6340
1223	5329
3506	4502
3796	3935
2504	3640
1489	5525
1531	4700
2184	4898
1418	2200
2641	3862
3511	4951
3305	3875
2971	5474
2008	3622
2703	3078
1858	3352
2775	6474
2038	3843
2642	3419
2298	5396
2220	3136
1726	3546
2419	5513
1378	4994
1170	5134
4223	3846
2293	3846
3695	4686
2400	4899
3925	5606
2467	6008
2163	3238
2118	4651
2603	5550
2514	5793
1993	3648
2055	4483
2967	5141
2554	4853
2152	5309
1663	5093
2637	5862
2239	3446
2548	3021
2374	4960
3370	4736
2390	5161
1589	1957
2673	1625
2284	5851
2048	3659
3071	2858
3368	4383
1809	5269
1241	5129
2776	5567
3672	4488
1784	4652
2130	4997
2578	3599
2766	5386
2149	3864
2629	5490
1889	5844
1748	4380
3351	3286
2122	6110
2113	4575
2930	3917
1528	2950
2014	4344
2749	4648
2289	5890
2592	5195
2702	3804
1588	2811
3465	5330
2123	5058
2362	3720
2648	6321
1157	3129
1995	4351
2840	3381
1833	2379
1989	5310
1080	4493
3057	4719
1884	2020
3197	3674
1879	5289
2685	4438
2459	5821
3805	4854
2866	5096
9999	5911
1992	5384
1595	2522
2202	6175
2763	5517
2263	5275
3149	4579
1958	4221
3134	5421
1545	3784
3415	3649
1710	4993
2215	5304
3950	5133
3699	2444
2230	3947
3696	5711
1091	3333
2024	4245
2160	4012
1686	508
2165	3315
1670	5475
2330	5029
2057	5956
1758	4027
2387	4769
2481	5383
1469	5709
2692	5408
2744	4072
2158	5590
2580	3497
2268	3651
440	4398
2483	3547
3343	4252
2531	4489
2219	5175
1733	2433
2838	4732
3561	4748
3006	3499
2333	4193
2724	3130
1718	1228
3218	4587
1807	4505
3252	5142
2277	4167
2005	1952
2497	5664
2075	4628
3086	4465
3187	4097
1880	3532
1894	4143
1946	4492
2090	3072
2363	3962
2803	5171
3042	5132
2537	3233
2460	4472
2302	4605
2977	5573
3421	3755
1490	1829
1576	1417
922	5972
2531	4291
1780	3744
1562	4684
1008	2944
1513	3985
2300	4738
1635	3699
3413	3805
2851	2963
1985	4604
2923	4389
2170	5528
2182	4422
2088	7176
3732	4260
2565	4047
436	1891
1418	3464
3233	4937
1519	3705
1500	2321
1668	4450
3122	6260
3111	4540
3786	3572
1421	4088
1399	4516
2542	2354
3801	3189
2164	4947
2170	5548
3370	5360
2988	4702
4270	3954
1131	4007
2637	4723
1233	3945
2282	3327
1951	5447
2688	4678
1964	6449
3581	4982
1916	3801
2579	3647
2460	2602
1845	5040
1189	3684
1732	2187
2419	4741
2164	3562
2601	3864
1555	5309
2961	4217
3164	4937
1900	4551
2792	1887
1791	4039
2948	5056
1845	3720
2296	4945
3662	4425
1741	3016
3240	3748
2618	5965
2403	3312
1905	4480
1367	3953
2276	4655
2107	3466
2265	2213
2077	3878
2536	5279
2503	4905
2608	2545
1569	1301
1711	3540
2980	5007
2200	3579
3263	3487
2250	2490
2434	4187
1333	4150
1731	5217
2403	4574
2293	5070
2817	716
3233	3514
2352	5961
2844	4559
3218	3735
2454	5765
3292	4878
3198	4470
2394	2745
1136	5010
466	5479
261	3019
2293	3527
2715	4986
2199	5711
1686	4245
2054	4945
3107	3290
2275	3329
2034	2476
2368	5186
1976	5559
3037	3458
2448	4764
2398	3790
2106	4627
3236	5368
1669	2842
654	4254
3308	1862
1341	5666
3065	5005
2872	5462
3612	2785
2498	4779
2815	4222
2486	4629
1945	1786
2088	6180
2635	3472
2127	4037
2629	4698
2686	3389
2124	3581
3040	4611
832	3185
1890	4323
1996	1929
2446	4595
1516	4811
3482	3588
2541	3826
3147	3398
2869	5395
784	4023
2759	2652
2237	5902
1876	1613
2309	3383
979	4109
3422	5539
1796	3369
2469	3978
2365	4035
2269	3987
2273	5246
2877	5888
1594	3578
1862	4590
2404	4815
1409	3329
2783	5416
2704	4620
3018	5146
1775	2477
1874	2197
2161	2805
2565	5164
1601	3072
1730	2649
1693	4723
3319	3263
1898	4450
3216	3597
2659	4171
1926	4195
2905	5328
2075	4480
2755	5531
792	2551
1542	2267
3507	3817
2835	4979
2932	3473
2329	4561
3237	4874
3771	3473
2944	3960
2725	6391
1974	4420
2462	5588
1260	5720
3434	5149
2030	3536
2555	6543
3086	4587
2233	2623
2554	4454
2274	4316
2812	4957
3281	3071
2066	5508
2120	2990
3239	4979
3503	5070
1748	3823
2976	3048
2807	3952
2599	3520
1732	4115
2578	5363
2085	2590
2868	6008
2329	5092
2630	4819
2260	3849
1107	3095
2159	6215
2306	4225
2638	5591
2498	5864
2935	4985
4292	4792
1216	4644
2372	4331
1807	2914
2633	3758
3213	5144
3458	4552
2381	3029
1092	1870
3208	4224
3048	2908
1871	5874
2401	1954
2751	3888
843	1349
2844	5488
2679	5267
4049	4000
2141	3645
2942	5456
2542	3432
2808	5201
2901	4459
2081	4254
2883	4725
2618	3782
1508	6019
2411	5556
2121	4259
2763	5542
2254	4874
1860	1213
1284	4830
3052	5219
2068	6377
2790	4491
2977	4789
2170	3123
3364	3562
2540	4570
2317	3286
2057	3683
3077	4620
2310	4463
2766	5386
4232	4986
3324	5544
1857	6063
1368	2060
2826	5178
1492	4197
3048	5514
2093	5496
2379	4937
3434	3823
1660	4358
3667	4566
2800	5093
2065	5108
2189	3158
3189	3236
3174	4492
2898	4025
3300	4740
3890	1218
1838	5265
1990	6069
2508	4520
2028	3877
2866	4375
3320	4224
1694	4789
2255	3489
2165	5785
2980	4699
1521	2477
2373	4814
2089	5147
537	1385
2825	3688
873	4565
3258	5280
2510	4317
3334	4016
2805	4371
3198	3230
2922	6480
1199	5061
3117	4938
2687	5126
3492	4990
2359	4202
3531	4922
2256	5732
3411	3888
2546	3200
2729	4239
3113	4015
3841	3381
1869	5808
2110	3840
3384	3973
2954	3875
1869	1472
1928	5343
2903	5517
4397	4732
3243	4029
2116	3326
2202	3721
2973	5321
3043	5109
1927	5367
1776	5562
3540	3129
2338	2398
2304	5119
2103	6171
3635	4326
2620	3741
3460	4186
2267	4271
1867	3976
3251	4965
2663	3666
1277	4622
1856	3729
2390	5300
2831	5825
2344	4782
2126	3731
3224	4687
2071	4081
1755	4916
1323	2550
2375	5206
2740	3229
2005	6564
3301	2727
1652	4032
3546	3977
2912	4288
2967	2831
2079	5458
2164	4990
3588	4094
1288	1640
3060	4395
2310	3529
1935	5983
2417	4054
3020	3595
2655	4426
2439	3043
3516	4824
2671	5453
2138	5088
1930	3541
1189	928
2965	3355
2267	5522
3114	3665
1594	3925
2534	4109
2118	3799
2946	4826
2056	4819
2463	3487
2563	5657
2907	4096
3004	4150
2466	5815
2703	3800
3321	4722
2458	5310
1766	5485
2451	5104
3216	5039
1540	5149
2648	3333
3250	3695
2354	3215
3280	4838
2428	2964
3550	3405
2131	6130
3450	4168
3087	4824
2723	1935
2200	5011
2315	5047
2035	4869
3216	5324
2803	5067
2178	5664
2798	5510
3533	4507
2414	4791
2468	3937
3292	5746
1341	3689
3230	4035
2878	5093
3124	3884
3023	5544
1978	4502
3431	5392
2827	3300
3026	2649
2786	4590
2180	3827
2138	5268
2907	2851
1891	2259
2460	2694
2097	3490
2269	4795
2930	3102
1592	4568
3123	3692
1887	3872
2852	3992
3116	5041
3034	4831
2150	4307
3523	5593
936	1656
3217	3725
2153	3675
2962	4887
3234	4558
3112	5081
2803	5892
2520	5038
3030	5511
2383	5477
3092	5290
2477	5400
1153	3196
3608	5600
3639	3503
3372	5423
3099	5501
1577	4200
1937	5880
2700	4497
365	2460
2157	3005
2666	4246
1478	5056
3097	6715
2358	4822
2229	3711
2175	3556
2151	5205
1833	4108
2244	5156
3098	5600
2570	4426
3314	3555
2233	1330
1866	3322
3010	5713
1197	5150
3730	5014
2803	4867
2606	4515
2814	5140
1578	4851
2330	2965
2515	5021
2497	4292
1615	1934
3215	4651
2348	5114
2802	3302
1616	3904
2479	6076
2472	5263
2261	3896
2751	4564
2466	4855
3490	4025
2455	4892
2558	2656
1184	5309
2213	3772
2705	5553
2426	4824
2104	5102
2103	3069
3686	3145
2032	2965
2559	6124
1754	3790
1705	3666
1830	3657
2324	5067
1583	2401
1840	4876
2167	2676
2090	4774
4028	3860
4350	4647
2559	4556
1688	5147
2701	2990
1835	2857
2128	4281
2319	3660
3021	5612
3133	3970
3206	4403
3815	3887
2636	5994
2691	5183
2482	6276
2538	4607
1727	4687
1607	3632
1753	1828
3707	3181
2927	3926
2927	4311
1786	4169
3412	4483
1945	2791
2601	2619
1739	3381
2844	3354
3429	4423
2979	4764
3615	4980
1370	3573
1103	2692
3638	3982
1196	5552
1915	5018
1397	4763
2021	5260
3215	3903
2281	4968
2472	4770
3564	5003
1591	2209
479	3182
3051	4674
2826	4862
3299	5016
2494	5321
3144	5572
2972	4093
2537	2762
2052	5916
1617	1137
2204	5126
1647	1017
2056	5584
2547	4512
3483	5209
1949	2846
1802	1379
2168	5186
1904	5568
2543	4770
1765	3780
2547	3663
3767	3592
2502	4620
2318	4049
2333	2217
2927	3327
1331	4434
3377	4570
2396	5250
3058	4017
1949	2692
2179	6106
2908	4386
2266	4831
3840	4806
2611	5168
2321	1330
4554	5610
1235	3656
1612	5702
1473	663
2527	4620
3122	4312
3458	3762
1685	3899
1606	3180
2001	3233
1918	5722
2859	4866
3037	6253
2825	3684
2232	5737
4153	3359
2820	3213
1884	631
2711	4752
2214	4641
1581	4974
2397	4443
2061	3521
3231	5516
2964	4105
2556	3887
1223	4645
2635	2940
1948	4526
4066	3250
3159	3745
2795	4477
2879	4864
2676	5190
2569	3972
4288	3072
1814	3858
3448	4542
3316	2885
2573	855
2423	5917
3569	3676
1594	5820
1765	5069
2229	4733
2004	6472
3574	4148
2562	4353
722	4974
2640	3872
2173	4129
2063	2166
1565	3097
1555	4699
1491	3371
2014	5489
2723	4623
1783	4724
2418	2738
1217	2723
2488	5203
2735	3543
1763	2674
1673	4765
2321	4315
2056	4645
1110	2382
1662	4358
1756	5333
3770	6340
1622	2993
4793	5690
3290	4545
2857	3452
2837	5074
2974	3618
2815	3616
2379	4910
2588	4972
2050	3515
1270	5996
2466	3404
2642	4813
2264	5311
3849	3088
1982	4700
3084	4204
2220	924
1891	5132
2895	5269
2581	5296
3163	5296
1993	4543
2440	5646
3135	5455
2563	6520
2412	5690
1907	5134
2153	5187
2287	5575
2491	4392
2809	4571
1557	6262
2766	3854
2344	5914
1621	5615
2324	2402
3323	3792
2785	5062
3206	4860
2566	5054
1704	2355
1845	4115
2454	2617
2988	4966
1884	5667
2516	3049
4024	5396
2100	3657
1702	2010
1734	720
2833	3108
3454	4012
3197	5255
2659	4655
1962	4184
2603	5637
2068	5698
2889	6206
2282	4748
2197	6091
2469	4359
1413	3700
1414	2924
2876	4968
2666	5195
2165	3746
1359	5856
2493	3501
3379	5420
3214	3593
2629	5964
2901	3392
2555	793
1662	635
1752	5482
3033	2585
2610	3583
2760	4697
1784	3649
1964	4585
1612	5602
2027	4825
4193	3729
1252	5540
2128	2788
2034	4783
4103	4745
1730	4397
3249	5196
885	4916
3568	3480
2205	5812
2476	3070
2866	4598
3670	3299
3394	4024
3106	5014
2272	7913
2780	5072
2413	5320
2983	5820
2504	5108
2900	5677
1109	1404
3091	4462
3634	3632
2972	5760
2560	2899
4858	4588
2171	5071
1012	6310
2442	5909
2547	3957
2182	5387
2458	5949
2331	3321
1105	1891
3881	4012
3022	5091
3116	5382
2309	3527
2427	4102
2514	2355
2939	6688
2295	3672
2486	4798
2811	5172
2554	4259
1263	2779
2534	4934
1516	2506
2775	5229
2204	3956
2612	3742
2191	3540
3225	4019
3119	3660
1798	3984
3139	6086
3611	3047
2214	2557
1662	3924
3251	4292
3019	5706
2212	2585
2633	3334
2548	3629
3174	4685
1862	5176
3104	5094
1811	5258
2499	3256
3244	5044
4216	3963
2541	4800
3151	4311
3955	4809
2039	4336
2878	4549
3064	5105
1939	4226
2733	4725
3368	4822
1261	4355
2957	5428
1650	4626
2817	5358
2585	4195
2880	4982
2230	3330
2311	3629
3136	5738
3324	5252
2597	4942
2956	4813
3170	3681
3303	2487
2114	5296
1812	3660
2441	2696
3416	3284
3093	2375
2494	2307
3296	4788
3899	4212
3202	3139
4506	5308
2513	4395
2839	3762
1706	2605
2182	3510
1216	4628
2669	3666
2779	4988
2924	3610
2398	4949
3926	5184
1506	2318
2997	4564
1127	1491
3357	5027
1828	3216
2309	2946
1574	4377
3376	3176
3413	4414
1471	4140
2767	3659
2710	4507
3447	4694
2679	3396
1887	4935
2304	5072
3543	5720
1749	3974
1228	2145
2874	3791
3033	3500
2246	2917
2792	3496
2811	4198
3085	3089
2745	2957
2497	5362
2115	5070
2977	3495
2140	2365
2818	5148
2575	5193
2137	3952
3407	3205
3034	5119
2711	3725
1551	3491
2319	5147
2465	4950
2697	4600
3060	5296
2237	1779
3165	2741
2868	4498
2656	4718
1984	3617
2672	5123
2291	4660
2958	2850
1686	2266
1199	3907
947	5083
2586	2050
2598	3144
3755	3550
1931	4098
1705	3465
3303	3435
3107	4024
2367	4653
4083	3839
1488	5349
2387	4659
3056	5228
3268	3826
2362	2870
2897	3328
1979	3333
1900	5277
1874	5384
1952	4526
1558	4381
3101	5475
2728	4929
2597	3936
2344	1265
2001	3410
2693	5228
3038	5404
3438	3675
3094	4416
3296	3972
1503	1956
2767	2482
2762	5600
3173	5226
2265	4431
1015	4821
2580	4648
1976	5779
2739	4706
2059	3767
3499	5663
2698	4811
2539	6237
2754	3507
2839	2805
2653	5925
1891	3090
2455	5401
2254	4895
1915	4209
2825	3745
3235	5613
2256	2721
3034	6425
1746	1560
2004	4085
1554	1949
2630	4599
2963	3490
2133	4285
2377	5012
2153	3228
1049	0
1875	3732
2793	5159
2274	4564
2077	4204
2057	4873
2810	3895
2033	3161
1269	1917
3363	5703
2120	1777
2653	2881
2573	3296
2173	4063
1232	3854
3364	5030
1571	2555
3067	5664
1756	5102
2769	4060
2353	4302
1514	4135
1937	3356
3034	5367
2066	2608
2156	4482
3275	4418
2259	5042
1867	3544
2538	4569
2543	5386
3155	4883
1188	4970
2272	5507
1387	4088
3187	4961
3299	4137
2051	5447
2480	3857
2674	1280
2304	3724
2410	3735
3427	4674
2861	4904
2354	4085
3063	3599
3049	3471
3714	4895
2631	5337
2834	4372
2369	5263
3426	4293
2081	5824
2435	5740
2808	2883
1986	4967
1600	1878
2190	2086
2265	4781
1988	5451
3401	3515
2623	3388
2172	3505
1522	821
2571	2890
2638	5232
1864	4716
3611	4213
1800	3257
3468	5066
2482	4339
1756	3121
3898	6330
1384	1802
1488	2986
2879	5466
3170	6077
2899	4683
2334	5461
1426	5315
2540	4658
3124	3544
2781	3196
3311	4728
1905	4042
3315	4378
1507	4084
1904	4485
2607	4474
1702	3735
1916	5159
3533	5484
928	3942
3506	4542
2416	4464
2196	3908
3738	3899
1811	5364
2654	4786
1827	3359
3572	4221
2651	4905
2734	4972
1559	5461
2814	6163
1811	1684
1632	1979
1764	4952
1560	2297
680	4172
1970	5623
1865	4147
2332	4036
1825	3592
3114	5410
1378	5710
1817	2968
2011	5146
2683	4073
2202	3949
2955	3328
2993	6204
1527	4891
2837	2765
1931	5470
2947	4916
3040	3744
973	4571
4177	5480
1616	4767
1898	5391
2776	4828
2028	5502
1266	2694
3090	3973
2588	3456
2324	3690
1419	2504
2112	3702
2284	4952
2312	4305
2128	1504
2350	5597
3126	5177
3542	4179
2664	5356
3648	2897
2977	5891
2690	5224
1510	3038
2055	5023
589	1446
2392	2983
2855	4236
2706	4711
2554	3641
2674	3537
2354	4268
2622	6230
2907	3539
2620	3665
1654	4061
1559	5431
3187	3308
3484	5557
2922	4573
2784	4056
2949	5241
2463	3048
2983	3648
1865	3819
3077	5119
2602	5137
2478	5509
3503	4649
2865	3661
1292	1434
2719	5107
2997	4130
3658	5275
3659	5194
3068	4625
2637	4607
2022	2280
2484	6466
2176	4567
3540	5849
3518	5083
1574	4800
3776	3528
2722	3852
1630	2981
2702	5170
2482	1976
2637	3138
2256	4360
2468	5738
1454	5274
3344	4689
3108	2666
3025	4303
3086	5391
2659	3654
2173	5616
2675	3595
2670	4374
1353	2478
4130	5574
2934	3846
3562	4911
1406	2309
1421	4682
1834	4576
1863	2655
1574	4274
3239	6147
2542	4862
2482	4793
3071	3928
2276	3908
2201	3894
3387	5022
2834	5642
2690	6003
2258	4671
1655	5192
2018	3798
3654	3666
1202	4809
2948	4117
2054	4124
2834	6969
2825	6058
2575	4571
2504	4481
1337	4739
3054	4636
2005	3447
1626	2911
2644	4183
2242	2688
2249	4539
3421	5356
2583	5054
2646	5397
2648	5055
2170	3993
1863	4140
1327	1429
3307	5597
2867	4013
1917	3366
1417	1393
2976	5519
2689	4299
3054	5305
3023	4705
2648	2551
1897	2648
3056	4021
2495	3945
2913	4257
1861	2286
450	5422
2887	4301
1754	2381
3170	5405
2635	3341
2275	3671
1702	2132
2710	4791
1340	4404
1220	4776
2838	5423
1733	5596
3497	5104
2703	5072
2189	3994
2046	4117
1877	3334
4692	4777
2017	2226
2217	4013
2927	4920
2117	4882
2348	3053
3455	3495
2610	5436
3033	4644
3197	4369
1883	4972
2243	4432
2784	4869
2265	4905
3036	3201
1295	2067
2552	5521
2622	4826
3120	4186
2825	5977
2483	4686
2466	4941
2211	5317
2084	3886
2705	3813
2411	4482
1964	4950
1577	3629
1810	2684
1107	6824
3504	3222
2822	3760
2553	5233
2740	4583
2049	3063
3016	4386
3646	4808
2242	2064
2010	3974
1333	3721
2624	2635
2614	3584
2205	4643
1783	1585
2280	4238
2190	4778
1341	3797
3160	4183
3221	4530
2381	4332
2185	2486
2406	4774
2430	3923
3230	5445
1271	2185
737	2164
3083	5121
2647	3951
2020	3685
2527	4895
3196	4870
1293	4360
2415	4867
2552	4264
2583	4936
1178	4050
2528	3708
2464	6189
1445	4933
2586	5303
2886	3763
1687	3599
2020	5603
2935	5973
2630	4637
2982	4088
4328	3113
2716	3480
2901	5173
2560	4750
1649	1686
2320	5018
1708	5411
1581	4369
1987	4121
1995	3381
1908	5725
1985	5435
1355	2876
1938	2600
3026	4420
1869	4951
3460	4476
2224	4447
2425	5597
2124	6173
2784	3084
2839	4894
2870	3447
2627	2652
2295	4533
3402	4602
1300	3547
2557	4596
2452	4112
2089	4650
2618	4814
2104	3794
2291	2313
2425	4405
2606	4146
1950	4841
867	1653
1448	4067
2473	2250
3121	3602
1821	5474
3264	5418
3023	5888
2488	3876
3050	5611
2758	3137
2376	5265
2909	3598
2223	4090
2157	6459
1893	5728
2330	2632
2814	5772
2204	4291
1687	2932
3446	3246
2898	3935
2007	5211
2348	4466
2777	3588
2874	4419
2535	5484
2698	2551
2131	4543
2981	4829
2143	4482
2435	2166
2080	3349
2097	3535
1217	5313
1719	3350
1929	3494
2379	4808
2582	5851
3577	3429
1953	3146
1698	3222
1189	6304
2499	3640
784	2121
2567	4175
1915	4638
2944	4748
2646	4753
1564	4443
3076	5420
3118	5030
2845	3277
1507	4118
1050	4171
3081	4891
3067	4346
1416	5327
3503	2774
2331	4767
2436	4535
3565	3930
2937	3239
2499	5153
1793	3082
1960	5224
3153	3579
2914	3763
1827	3049
3506	4747
1540	5655
2822	3791
1709	1277
2562	5280
1961	3461
2119	4009
2184	4883
3010	4168
2720	3349
1526	4493
2534	3910
1934	5202
2610	5690
2552	4352
2734	6529
3068	5633
2769	3300
2283	4867
2490	5529
2813	4414
3033	2793
3001	2488
3386	5675
2057	4497
2501	4853
1884	5223
3132	4750
2160	2498
2383	4142
3297	4951
2395	4373
2188	6230
1481	2718
2378	4654
1523	2795
3228	4717
2237	5275
2286	4518
2578	3313
2120	4654
3350	3150
3357	4953
1777	829
2075	5256
4134	3379
2798	4191
2535	4933
1441	2192
1568	4101
2960	4051
1572	4591
2529	5172
2554	4433
1945	4313
2576	3019
2691	3626
2833	4326
2001	3839
3802	2834
2976	5459
1763	3916
3302	5071
2705	4178
2576	3603
2671	3011
2310	4304
2332	3217
433	1489
2130	3293
2480	2932
3046	3041
2274	3443
2965	2915
2121	4636
3142	4942
1972	3487
2077	5124
2881	3862
3808	5414
3374	4021
2945	4616
2094	5149
1296	5602
2341	3349
2726	4745
4019	5161
2100	2974
2796	5718
2883	3788
1747	5825
2920	4359
3568	4384
1191	4756
3167	2988
1836	5273
2339	4226
2536	4736
2748	2929
2639	4044
3340	4144
2235	4033
2890	5584
3899	4247
1113	5073
2209	5345
2468	3099
3707	5603
3918	3649
3045	3914
2605	4952
2761	5272
2860	4171
3101	4996
2738	4929
1850	3979
717	2354
2013	3414
2972	4484
2560	4786
1397	1936
3046	3309
4385	4697
2294	3714
2418	3301
1681	2119
2064	4676
1781	1743
3693	9999
2791	3628
2033	5172
775	3719
1538	4838
3181	4340
4486	6128
2836	4044
3309	5453
2802	4011
1464	3477
2538	4558
1878	1597
2035	2231
995	3976
2611	5695
1897	4735
1897	3406
4394	4623
2816	5276
3812	5344
2517	5069
2534	4118
2439	4436
2614	4050
3535	3787
2383	3074
3594	4698
2900	4843
2904	3669
2334	5120
2239	5666
2148	4949
2266	3226
2903	4993
2173	5033
1808	3247
2444	4562
1435	3003
2999	3982
2332	4742
1953	5172
2502	4546
3908	3442
3195	4028
2323	3645
2078	2105
2851	4886
1990	3944
2875	4956
3216	4965
2572	3176
3335	5521
2103	5105
2525	3820
2319	4925
2272	5550
2571	4373
2153	5288
3222	3491
1778	5229
3260	4660
2874	4571
1287	5766
2383	5220
1310	2170
2176	3215
2448	4880
3196	5374
1477	5816
2760	4554
3365	5307
1732	3858
2569	3307
2439	4505
1528	4480
1433	2778
1467	4504
1958	5048
2657	4600
1875	5637
2451	5501
2840	4498
2954	4704
1673	2693
4245	5043
2344	3928
2461	4364
1729	4318
2703	5786
1983	3519
2336	4976
1755	2779
1174	5506
3110	3773
2996	5944
1239	6072
2545	4821
2774	5563
2491	3798
2608	2733
2821	4218
1974	2130
3027	4692
2679	6421
3138	4052
2271	2767
2896	4630
1920	5510
2514	5454
690	5396
3853	4177
1662	5171
2438	6069
1706	4695
1941	3484
3432	5107
3791	4286
1526	3183
2767	4784
3107	4906
2120	4000
2688	3920
2713	3150
3309	3363
1604	5499
1240	4840
3179	4725
2266	3057
2836	5245
2355	5266
2509	4101
1546	5320
2665	5241
1465	5856
716	1346
1655	5205
1382	1600
2878	3347
2344	4037
1770	3497
2431	5638
2142	4939
3415	3409
1411	5035
3006	4755
2616	5975
2113	5298
3456	4619
1906	1346
2246	4051
3048	4961
2072	4918
3289	3865
2450	5785
2529	5115
2516	2878
2385	4259
2453	5372
2872	5264
2375	3485
1498	4485
2696	3812
2964	4337
1354	5334
2451	5662
2962	4805
3798	4859
2931	3216
2682	5755
2371	5562
2190	3626
3248	4317
1658	5426
1709	4585
2430	4243
2263	3915
1721	3630
3380	3899
2158	4727
3968	5232
2134	3731
1700	4615
1397	552
2352	6012
3599	3379
3112	2341
4080	4363
2469	4468
1381	2291
2210	5344
1855	3912
4593	4717
2346	2250
3056	4389
2527	3597
2811	3779
2455	4542
3376	3905
2376	4311
2383	4643
2479	4662
2833	5023
3140	3555
3214	5498
2359	4322
3010	4564
1580	4080
2464	4307
2625	6584
1270	4335
1709	5374
2811	4856
1400	2586
3079	4479
2407	3984
2899	3673
3068	4891
2963	4442
3077	3337
2851	4817
2743	5458
1586	2219
1915	4997
3018	3546
2238	3170
1814	2821
2985	5089
2524	4131
2563	3968
1278	3310
2103	4569
3355	2965
3078	4713
2341	4217
2580	5736
2223	3268
2458	3603
1899	4645
2492	6579
1535	4810
2401	2480
2119	5518
3586	3551
1891	5680
2791	5970
1094	5180
4552	2608
2014	4580
3610	5152
3147	5856
2128	4915
2278	4159
2741	5767
2670	5034
3110	5732
1520	4802
2207	2231
3725	5744
2766	3899
3606	5360
3118	5048
1290	2593
2910	2539
1364	3919
3859	4415
2939	4645
2656	2920
3143	4031
2366	4577
779	3934
1119	1525
1087	6390
1851	2060
993	5277
3433	5464
2550	4197
3082	4623
3249	2564
3496	4509
2732	4024
2872	3271
2291	5013
3250	4067
1791	4881
1727	3630
1612	5448
2150	2417
1816	2965
3661	3975
1516	4996
2902	4810
2957	4543
2423	5394
2416	4860
2392	3599
1846	4178
2666	2863
2980	5029
1958	3903
3152	4874
1853	5117
2827	4307
1704	4497
2461	5983
3112	4372
2483	1885
3043	4160
1721	3336
1314	5253
3663	3748
2400	2424
2700	5993
3190	5259
2991	3377
2067	6208
2710	2843
2527	5597
1611	4331
2804	4241
2306	4767
3456	6202
2402	3952
2320	5243
3390	5609
2238	4854
2902	3270
1413	4322
3318	4004
2179	4160
3100	3991
3306	5027
2821	2449
2439	2650
1556	6196
2197	5076
2354	4829
1555	2494
2495	3226
2850	4601
2247	4424
2256	2708
1222	1782
1698	3352
1550	2675
1924	5158
3039	5620
1632	4708
3018	3693
2266	5810
3038	4587
4233	5694
2244	4356
2905	3810
3643	5263
2988	5644
2708	4868
1406	2682
2815	6306
1608	3941
1852	2076
1503	4725
1242	1369
2214	5776
2799	4115
2212	2340
2348	3816
2762	4542
2197	5006
3371	5259
2223	3518
2404	4545
1569	1074
3044	5271
2601	5890
2966	4284
1759	2545
3486	4547
2069	6721
1664	4818
3339	4627
3142	3015
1177	3133
1409	4151
1017	4444
1788	3001
4219	5747
2235	2786
3738	4900
2135	4828
2660	4320
2827	5051
2738	4261
1598	5179
1633	5456
2532	4326
1646	4699
3268	4295
2517	5154
1864	3693
3283	3848
2389	4718
3125	4416
1225	2438
1082	2822
2652	2804
1852	3971
1414	3653
1176	3875
1107	4259
1409	5695
2742	3795
3563	6082
1690	5929
1523	2861
2508	3094
1844	2398
3009	5322
1915	2582
3820	5338
2814	3510
2198	2933
2988	5940
1889	5362
3363	5099
3968	4810
2888	4657
3527	3271
2625	4888
2095	5470
2747	2737
3185	3391
0	4395
2427	3998
3111	5231
2922	4476
1730	4164
2057	3115
2770	5190
2663	5362
2406	3621
3569	3883
2568	2713
2834	5768
1998	4606
3579	4290
2170	5485
878	5872
1884	4749
1616	4684
2986	4336
3373	5678
1566	4980
2051	5006
2959	3534
3410	2081
2140	1797
2033	3986
1494	1780
1927	5740
1516	5026
1735	3911
2327	5452
2325	2839
3181	5697
2437	3185
1764	4358
2013	5831
1762	2821
2926	4092
3152	3362
3570	4468
2063	3983
2749	3654
2207	3218
2868	4877
2686	4252
2053	3158
1013	5578
3446	4275
3895	5167
3235	5356
2299	5107
2359	3212
2523	4558
944	4472
2136	5310
2393	4379
1472	3664
2221	5480
2703	3722
3021	6081
1972	2035
3264	5632
1973	4924
1787	3524
3340	5554
3218	5365
3289	5675
2757	5490
1741	4764
3134	3388
1117	4839
2346	3959
1976	2864
2356	5566
2215	3689
2842	1598
2778	2779
1903	6635
2707	3677
2713	4381
1615	4474
1859	3560
2138	5827
3839	4520
2543	4884
1847	6080
1112	5502
2958	5282
2904	4561
2337	2122
1833	4917
2375	3861
2258	3542
1980	3980
2074	5462
2599	4890
1319	4602
3442	4963
2566	5834
3735	4607
3425	4393
2380	5404
1578	3425
3359	5761
2825	3956
2923	4103
2965	4917
2951	5512
1780	4921
2239	3796
2128	681
1297	2642
3316	3630
3451	3890
2789	6234
1504	4995
2784	5812
3045	3760
1833	2992
3399	3061
3044	3989
2886	2454
1948	4167
2701	4311
2548	3026
909	4408
2468	6662
1687	2951
2550	4462
2381	2755
2695	4460
2896	5262
1634	1935
1822	4486
3675	3851
2459	3731
2585	4255
1165	4482
1926	4406
1185	5248
2536	5914
3221	4044
2691	3317
3207	5449
2660	3713
2638	4695
2274	3597
1670	2810
2674	3776
2278	4478
3021	5720
2836	4243
2991	5196
2670	4764
2067	6717
3011	3695
2140	5118
3142	5249
2333	3400
2590	4144
1178	518
2060	4515
3565	5582
2091	3800
2619	4878
3873	3694
3054	4416
3001	5126
1376	5087
3629	4030
2631	3801
2732	5291
2850	3867
3287	4650
2111	2652
2615	5745
2116	2702
4273	5059
1960	5127
2609	3088
1922	6102
2540	4278
3094	4669
2939	5618
2400	4040
1259	1383
2877	3403
3118	4463
2368	5390
2162	6893
2412	1945
2706	4902
2055	5398
2439	3320
3266	1690
2566	4891
3548	3859
1859	2123
2581	5389
2572	3852
2873	2501
3332	5652
448	4006
2202	3700
2329	4811
1635	4320
3175	3763
2755	2652
3190	4504
320	5261
1906	3300
3181	6062
3198	3455
1222	4906
1843	6472
2602	3129
2892	3260
2210	5462
2449	2769
2294	3863
3405	3555
1118	3707
2181	5376
2141	5059
808	2607
1076	4937
1834	1973
3235	5206
2802	4031
2043	4082
682	2530
2593	2604
1430	4581
2446	4760
2024	4098
638	2002
2305	5644
1804	3461
2451	3393
2981	4498
2722	4609
2363	5940
2414	2952
2505	4573
2720	3151
2493	5728
1694	3372
1301	2599
1617	5676
2665	3160
3165	1929
2751	4984
3758	5586
1319	2403
2415	4084
1574	5517
1980	2693
2010	5797
1698	4044
3177	4422
2946	4951
2011	4490
1789	3980
3342	4724
2767	5241
2973	4390
2326	5009
787	729
2795	5732
2381	4723
2486	5202
2505	3742
4415	3611
1995	5977
3580	5508
3026	4285
2386	5421
3226	5062
3141	3324
2089	5190
2559	4070
2009	2877
2925	2174
866	1468
2260	3367
3595	4901
2347	2551
2793	5582
2746	5092
3935	5175
1039	3517
2016	5491
3447	4440
1762	4945
2425	5882
635	3652
3800	5169
2899	4728
2857	2690
2989	4685
3133	4899
1657	4291
2181	4046
2124	5131
2465	5546
1672	3700
1822	4359
1682	4865
2095	4251
1820	2190
2949	4649
2684	3291
1729	414
3374	4541
2387	4539
2145	4001
1833	3925
2514	2256
2888	4221
2191	4710
2558	5203
1624	2917
2589	4315
3198	2162
2550	4407
2611	4566
2867	4715
2812	3135
2892	6113
2689	4032
2799	4552
1701	1260
2867	4326
3063	4120
2956	4578
3401	4468
3435	5248
2867	5021
1822	2082
1498	2629
2995	5074
3233	3176
2080	5026
3113	5161
2784	4998
3299	3461
2962	3038
2343	5102
2331	3999
2724	3976
2562	4802
3501	4825
1909	913
2621	3575
3227	4437
2070	2284
2066	3242
2321	4956
2380	5080
1408	5510
2174	4957
1843	4251
507	1669
2469	2521
2310	3027
1083	2291
1872	3753
1986	4028
2171	877
2301	4512
2209	5862
2596	3552
3548	4160
2009	4224
2153	4235
2608	3288
2655	2537
1021	4617
1798	1680
2475	4627
2179	3843
2650	4798
2139	1410
3371	3370
2162	5211
2305	5285
3608	4984
1865	4474
2348	2288
2943	3426
3087	4381
1617	5802
2087	4144
556	2006
1154	5550
3157	4422
2857	5503
1599	4360
2368	3912
2440	4038
3188	3362
2297	6402
1826	3196
2561	3572
3472	4359
2405	4789
3085	4597
2518	3900
3496	5442
2723	4693
2824	2235
2907	4617
2055	4552
2947	5027
2179	4595
2707	5861
1398	3162
2269	2835
1980	5118
930	4663
3884	4153
2027	4632
3022	5386
4196	5216
2051	3771
3037	5052
2888	6044
3063	4166
2258	4575
1809	2405
2083	5878
2189	4582
4188	5275
2812	3798
1855	4626
3013	5132
2130	3225
3399	4281
2961	2577
3083	3696
2506	5064
2174	4988
2696	3206
2712	4900
2909	5015
2765	5324
2819	2389
2771	5523
2224	5447
2322	4068
2929	4109
3739	4271
2306	3989
2640	3208
2250	2027
1729	4091
2459	3003
1606	3362
3169	4231
3868	4867
2627	2828
2183	1949
3042	5753
3273	5222
2454	5553
2003	5570
3513	5235
1555	3363
2101	3425
2726	3151
3149	5576
1381	4700
2538	5324
3577	4861
2944	5824
1570	5260
2340	1881
3603	3165
2444	4370
836	5394
2650	5150
2124	3555
1246	161
2420	4761
2675	5397
2502	5166
1006	3062
4485	5025
2865	5246
2056	5592
2483	5860
1680	2968
1909	1997
3166	4168
3195	4252
1180	5656
1929	3905
2035	2210
2445	5195
2247	5471
3051	4584
3110	3660
2619	4025
2267	5193
1408	3010
3493	5500
2597	2714
2448	4442
2777	4400
2397	3340
1657	4788
2176	5578
2988	7268
2494	4719
2420	6213
2947	2832
2674	2392
3320	2982
1858	4736
2676	4281
3026	4142
2822	5783
2615	3686
2854	4242
3315	4118
2854	4097
1907	4177
1357	1832
2445	4494
2347	4184
2510	4530
3619	5425
3006	3122
2502	2450
2788	3156
2452	3556
1752	5029
1444	6008
2243	5105
2542	4872
2091	3133
1973	4752
1961	5924
3208	4658
2447	4220
2850	4938
2430	5607
3163	4077
2267	3618
2015	5815
2076	4148
2835	5045
3478	4706
2826	5452
2028	5138
2252	4192
2491	3537
2043	5155
3071	4010
2449	3560
2162	3883
2679	5161
3071	3420
1878	4389
2617	3701
2210	4634
1535	3740
1279	2059
2660	3843
2796	2653
2031	5356
3865	3546
2339	5345
1694	5226
1281	4123
2764	5987
1338	4121
2121	4021
954	5902
3343	3678
2825	4832
2061	2748
3299	6326
3739	3979
3007	4886
2747	4369
1393	4418
2406	2991
114	5335
3365	3983
2996	3731
2581	5723
2636	4606
2251	5327
2646	6238
2731	5201
1872	1979
2375	4999
2995	3994
2580	3134
2086	4656
1864	1735
3266	4797
2068	4268
2264	4199
2806	5295
2267	2454
3410	3783
3015	4651
2454	4631
901	1641
3087	3326
2831	4745
1939	4796
2577	6080
2932	4356
2246	3987
3521	4077
2474	4445
3356	2548
1432	3365
2940	3734
2840	3553
2389	3117
3029	6044
2177	5120
2715	3288
2186	4701
1133	5155
1677	2268
1994	4097
1025	4764
3542	5439
2491	3775
2417	4560
644	5145
2554	3077
2388	5037
3262	5992
2632	3816
3706	3115
3816	4918
1915	2107
890	3760
2838	4701
3209	4316
2390	3307
1079	3168
2677	3774
3566	4657
2739	4796
3623	5282
2010	2983
1177	1879
2067	3594
2402	3723
2713	4902
1885	2754
2762	4635
2351	3400
1399	5902
2609	6173
2859	4943
3119	3331
1755	605
2829	5421
2803	3833
2825	4687
2935	4727
2137	4722
2425	4572
2254	3624
2602	4628
3345	5046
3609	5136
2750	5376
2663	4345
1714	3439
2626	4794
2630	5130
903	3794
3235	4698
1994	4882
1800	4539
3069	5017
2131	3061
1914	4953
2039	4442
2506	4407
3573	4739
2461	2413
1913	4579
2398	7306
2165	4276
3022	2725
1428	4267
2299	4462
2037	3674
2865	4707
2934	3684
2273	4600
2423	5456
1197	7466
2494	3386
2159	4457
3456	4311
2563	4554
2810	4497
2169	4026
943	1570
2123	3290
1793	2586
3327	3720
1687	2443
544	2184
3337	5216
2445	5129
1851	4273
1901	5173
1565	5087
3221	5991
2737	4551
3435	2150
2735	5566
2393	4291
2663	4906
4099	5378
2707	2919
2851	5045
1860	5508
2104	2318
3832	4461
3453	4789
3032	4404
1820	3534
2067	1811
2745	3833
2787	4630
2674	2694
2790	4158
3591	5350
2256	2635
2898	3991
2070	3602
2874	5354
2284	5406
2811	4071
2529	5954
3545	4696
3991	4999
2439	5389
3671	3672
2223	4534
1918	2135
2033	2780
2843	5056
3164	5287
2407	4807
1536	4645
2186	5825
1908	1991
3364	4585
1875	2230
2195	4149
2350	5795
2808	4258
1924	4925
2708	4912
1928	5621
2561	4008
2820	5608
2013	4724
1853	3606
2528	5905
2626	5316
2737	5258
2271	5244
3484	5307
2293	2568
3245	3313
2328	4401
1801	2602
2512	5178
2017	5518
2124	3817
1966	4766
2740	3519
2596	2982
2308	5366
3222	4858
1873	4843
2127	3394
2189	3829
3644	5056
3090	6176
2157	3609
3197	4472
2785	4401
1710	4413
2202	5316
2161	2576
2302	3166
2548	4697
3215	4786
2244	5350
2271	3099
2153	4308
2874	4835
2696	4813
2664	2605
2207	5249
2112	5303
2431	3980
3119	4427
2472	3344
1858	3561
1716	2476
1131	4121
2552	5513
3360	6023
2017	5944
2362	4530
2879	4271
2913	4822
1301	5597
3291	2445
1929	1879
2318	4342
2935	5403
3239	4790
3012	4729
2786	5529
1992	2891
3756	5129
2799	3185
1224	6024
2820	2328
2959	4050
1870	2854
2550	3218
1225	2313
2542	4535
2649	5797
1766	1671
3221	5338
874	4730
2303	1969
3054	3667
2449	5240
837	2038
2000	4143
3349	4717
3737	4402
1263	4255
2755	4471
3078	6397
3397	5775
1993	2140
3079	4253
2336	2013
3157	5007
2619	4207
3234	3966
901	4632
1492	4957
3330	5241
3085	5602
1877	3518
1829	3419
1965	3892
2339	4360
2668	4816
3455	4982
4068	4200
2954	4072
1897	1714
2510	3325
1930	5415
2827	5310
2532	3907
3136	5250
1794	5708
5687	4458
1361	5411
2106	4926
2103	5779
1351	2954
2230	4544
2091	3304
2997	4285
2802	4226
3841	4475
1611	5312
2999	5285
3636	5162
2553	2699
3176	3369
2436	4055
2899	3600
3496	5068
2071	2225
2892	3665
2616	4869
2454	3717
2510	3493
2234	5017
1096	2717
2063	4011
2521	4959
3161	3688
2881	5025
2930	5542
2084	3077
1325	5112
2426	3727
2056	5697
1824	4147
2412	3518
2999	5525
1917	2724
2999	5684
2263	6940
2372	2455
1721	1744
3995	3814
3647	5227
2421	1738
2201	5283
3028	4157
2636	3734
1738	4929
1651	5339
3460	5232
1657	5003
3591	3146
1741	1466
2905	4991
2194	4806
1461	2747
2648	3037
2243	4741
3258	5043
2878	4880
2248	5117
412	4786
2617	3508
2755	2215
2410	4792
2560	3564
2029	1381
1194	5397
2416	4630
2482	5029
1893	4757
1446	1909
3239	5286
2930	2698
3020	2502
2643	3998
2045	6328
3128	5315
1360	2363
2180	4391
3414	3452
738	1179
2541	3653
3133	4048
4918	5100
3565	3470
1333	2772
2237	3342
2166	1853
2988	4935
1398	4704
2650	3252
1909	4485
3129	5569
1673	3055
2067	3188
1808	4911
3338	5030
1607	3244
2261	4363
3540	3254
3676	5588
2730	5101
1945	2694
2928	4773
1966	4162
3361	4819
3122	4526
2418	5690
3245	5731
2058	3490
2394	3415
3159	3604
2854	5082
2490	4155
3877	4877
1550	5246
948	4260
1780	2513
2792	6039
2455	5461
3851	2931
2370	2378
1568	1347
2180	5688
2846	4789
2342	4250
3643	2534
1741	5470
2992	2842
3502	5595
1517	3723
2719	5707
2087	4577
1969	3037
2482	5435
2557	3522
1719	4575
903	2691
3030	4670
2030	2961
3778	5404
1687	5383
1463	2865
2895	4460
2741	4295
2796	4799
2608	3165
3079	4078
3414	4958
2814	4329
2794	5642
2517	3986
2596	3984
3807	3646
2454	4579
3122	3983
2418	1765
2148	4487
1989	4990
2103	2525
2759	4323
3412	5425
1953	3721
2298	5268
3470	5745
3211	5915
2241	5068
3293	4049
3720	4592
1958	1784
1464	2543
1989	4273
980	1875
