136	7440
37	7671
85	7967
52	6055
16	6116
761	5710
290	4628
103	5232
19	7188
425	5560
10	7348
14	5940
18	9309
163	4912
86	7137
14	7715
440	8337
140	8421
96	5669
83	7884
703	5632
53	7193
298	6584
225	4031
128	4489
737	3503
3025	3924
446	6810
538	5592
9	6910
146	8343
284	4846
46	5170
37	7193
232	4290
72	6881
443	7667
269	6069
121	4680
25	6047
27	8288
42	6069
509	4189
133	7609
208	5392
134	7515
130	4953
322	4925
238	5677
233	7627
405	3852
669	5701
41	4047
172	5027
23	7274
207	9201
90	7552
96	5640
2	8238
31	7276
19	6460
26	6207
621	5100
611	4174
246	6516
66	7039
164	7812
424	7354
313	7640
172	2684
78	6715
87	5810
43	4251
243	6110
180	5352
319	5665
129	5244
44	6776
729	8059
43	6677
206	5914
615	4657
632	4647
355	6627
306	5017
79	4051
34	4950
51	5037
173	2295
54	6469
165	6287
99	4766
481	5852
1190	4585
32	8049
152	4659
73	4865
235	6025
428	5631
131	6624
30	6363
74	7066
89	6890
114	7226
72	5587
319	5587
38	7199
102	4439
2250	5137
71	5641
163	4312
18	7173
70	7331
780	4583
46	6724
62	4085
611	4725
155	6402
109	5973
130	7971
68	5711
788	5487
62	5307
124	5859
15	7306
159	7646
71	5221
397	4836
319	6835
107	6872
72	7130
50	7663
236	4745
533	5280
29	8161
104	5917
410	8235
163	3113
49	6664
54	3726
22	5934
190	6392
109	7827
429	6086
112	5495
205	4546
974	2535
74	5904
171	7210
83	5078
84	6038
158	4944
43	5725
293	5965
177	4903
91	5049
125	7799
515	3283
16	7042
120	5965
385	4002
42	7114
589	5545
513	7098
4	7382
1403	5303
279	6278
8	6414
288	5654
115	6536
203	6279
163	5589
40	4743
31	7981
153	7603
877	1496
19	9679
30	8278
918	5648
191	7191
748	5961
144	5877
676	6032
72	6358
51	8324
68	6624
154	7375
12	6826
108	8224
78	5323
227	6553
15	6140
407	5387
83	6082
43	7117
164	7018
21	6466
218	7722
54	4602
46	6209
573	2858
202	4215
61	6069
114	4509
498	4811
210	8204
37	7167
49	7149
45	4495
573	6480
83	7611
28	7924
503	6911
218	5524
140	9221
65	8079
74	3644
43	5958
185	7274
1155	4728
54	6221
76	7562
65	3871
42	5741
91	6946
99	8424
102	5012
110	3551
134	7029
119	4446
1290	6624
124	6854
152	4283
327	5120
1034	6043
98	2761
100	5855
98	5483
534	7227
112	5233
79	7293
591	6930
140	7183
48	9122
7	7418
76	8208
45	8000
30	7333
39	5277
146	4735
211	6683
48	7662
181	6896
343	4609
86	7081
550	5140
71	8860
24	5482
159	6918
186	8433
61	7420
122	6249
104	7001
174	6769
168	4785
263	8896
78	6086
43	5704
27	6127
24	6423
80	7170
415	3816
24	5926
55	5507
597	5067
172	5788
140	4238
1866	5695
16	4583
26	7692
62	6441
57	4818
282	7140
47	4911
23	6423
150	7010
386	4229
173	7298
252	6051
59	7933
48	7659
462	7411
277	5879
86	4814
162	5026
118	7099
305	5216
489	6518
296	7288
148	6327
105	7680
60	7553
195	5218
451	6102
172	6662
187	5598
93	5691
72	6924
765	5012
121	5800
501	3619
68	8314
210	5879
338	6551
13	7117
57	6517
412	6791
46	6994
51	7127
33	6105
253	6937
123	5943
92	5748
35	5408
331	1884
67	8707
777	5756
55	5607
93	3632
18	6364
160	7868
348	6088
173	7065
398	4521
582	4917
91	7363
82	8738
298	6378
320	5095
199	6531
145	6721
371	7746
47	6984
52	6605
298	8439
100	6656
462	7083
294	7989
192	3900
54	8162
10	5716
571	5378
59	6467
8	6875
361	5350
250	5578
570	6023
34	6448
987	5065
85	6501
138	6801
22	4621
20	6331
105	6032
38	6304
164	5511
278	6221
197	4590
55	7581
15	7457
502	6013
149	5372
219	5626
98	6765
66	7955
269	4902
69	5536
40	6490
1524	5915
61	5140
12	7424
208	5643
55	4043
114	6327
310	2531
912	5904
472	5713
256	5003
589	5946
82	4691
329	4263
41	5062
28	5819
77	8721
491	4390
411	4344
258	5397
49	7313
221	4216
351	7456
88	8560
102	6312
80	4838
224	8127
166	4299
172	5260
571	6246
52	2603
346	5086
421	3833
276	8174
1138	5890
246	6622
95	5262
9	7443
140	4814
42	7366
82	3519
144	4258
256	8021
347	7673
128	2506
18	4927
379	5006
183	5347
81	7014
357	6266
329	5696
161	4047
39	4352
155	6344
98	6767
89	8106
215	4882
56	5187
3	8571
115	6040
918	4484
39	5176
122	7147
53	5601
270	6460
94	4998
296	3099
56	7200
273	6764
63	7243
27	5881
129	6251
792	4502
2	6802
62	6968
6	4687
861	4947
88	2045
246	5514
813	4496
1478	4447
185	8491
69	6349
35	6896
34	8623
228	5420
93	6969
105	7426
66	6219
136	6224
69	5753
424	4092
516	6100
402	2841
66	3893
156	7787
274	5955
154	4827
75	7117
420	6979
239	6665
173	6364
440	6930
746	4094
47	8720
44	8143
66	5039
137	5345
17	6294
163	7253
296	6221
139	6156
88	9568
200	6459
91	6552
212	6678
286	7259
27	6925
89	7978
162	5245
510	5785
125	6206
117	6895
38	5204
323	7472
47	5724
721	6212
23	6677
293	7193
89	7731
60	7073
156	8676
401	3163
22	7612
291	6206
23	7775
107	6796
243	5572
104	5773
85	974
59	6995
271	5582
454	5022
464	5325
383	2786
74	5141
227	5142
42	4103
79	4872
377	4679
117	6821
479	6232
17	6594
187	5042
76	5578
83	6606
37	6263
335	6317
118	8839
137	4180
17	9220
15	6546
342	7181
42	6361
44	7346
75	6157
231	7436
73	4165
30	6064
432	4240
1116	7944
90	4605
205	6846
61	5239
51	5567
31	7958
1914	4858
386	3927
127	6671
251	6218
814	5668
447	4542
147	6674
53	8078
46	7224
2	3787
43	8017
106	5915
72	6521
445	6874
574	6639
446	5910
65	8110
0	9221
129	7901
714	5972
106	6006
1599	5030
230	4627
101	9116
158	6416
529	8889
107	3266
164	5484
358	8549
30	6264
705	5732
402	5929
22	7611
6	5889
292	8385
128	6256
362	2892
100	7175
27	9769
7	6714
72	5014
139	7770
105	8586
165	7318
465	4428
202	6972
283	7175
331	5748
136	2462
41	7911
43	5664
341	8557
122	5595
419	6702
34	6120
95	6841
48	5918
84	4375
124	8247
243	4232
6	6702
98	6296
507	4855
56	9682
107	3213
178	5600
33	5985
202	5598
677	4998
237	4443
307	6306
72	7888
313	6136
212	4122
206	5744
457	6410
73	5868
260	3675
839	6820
11	8636
684	5343
95	8565
875	5139
54	8072
34	6412
235	2713
1364	4547
141	6302
176	8077
90	5592
229	5958
88	4520
423	6482
19	3791
38	4784
157	5760
39	7235
22	5886
827	4850
1504	3297
353	5834
53	4505
15	7425
377	4621
279	9538
238	5460
103	8440
157	7187
9999	5350
106	6471
142	6015
48	7250
82	5522
11	8895
50	7438
314	2897
52	8665
251	5549
55	6174
31	7226
186	4946
765	6333
95	3685
480	7263
44	8571
43	5085
95	6960
26	6122
300	5896
207	5143
41	7579
284	7841
262	5790
81	3765
321	6351
111	5475
31	5905
185	2338
204	6211
62	3780
34	3859
533	3976
204	4557
190	5533
70	6044
2169	7321
103	8137
78	4819
819	8083
52	3741
497	5687
71	7929
64	5797
65	7048
473	6276
25	4017
76	6971
38	7403
84	8055
7	7311
4	9882
27	6299
288	7603
25	7683
150	6410
228	7040
179	6386
48	7871
47	4322
71	6569
15	9204
39	7215
13	8414
13	6493
48	8544
78	4019
165	4601
80	6789
68	4858
232	4668
31	5988
0	4512
78	8682
62	7096
116	6824
122	7229
159	5135
113	5972
125	5276
25	6084
51	5833
304	3566
33	7098
61	6962
96	6906
276	5312
29	6479
191	7562
50	6149
723	5474
309	7240
74	8849
67	3928
159	4996
203	6249
73	4794
349	7639
103	6120
230	4994
707	4642
91	7440
53	7597
444	5007
183	5568
45	7371
74	8482
140	5620
320	6043
169	7107
235	4575
80	6581
79	7366
225	5274
708	4626
26	6192
106	4656
103	7241
1069	5776
167	7388
553	7688
514	5873
42	7331
176	7621
208	7572
142	6683
79	5784
336	7067
254	6426
256	7609
26	7689
143	3983
53	5189
78	5883
16	7951
35	5246
16	4997
51	7334
137	4936
46	5773
258	7220
21	6593
68	5312
56	6239
79	7422
183	7511
247	5157
133	9299
280	6950
102	6705
76	6940
120	2709
225	6914
111	5293
89	8494
26	5727
118	4471
92	4566
123	5483
161	7816
36	8206
29	7530
36	6441
71	7823
32	5782
106	6224
248	6758
364	4296
728	7054
233	7749
262	7317
69	7113
62	5669
73	5155
240	4795
287	7688
434	5493
130	6808
1402	4903
165	5107
235	7041
106	7450
316	3889
212	5313
411	6730
366	4999
21	7898
98	6994
13	6145
57	5194
435	5739
1026	4729
983	4619
85	6987
16	7563
150	6049
1020	4800
31	5326
4	8735
46	6803
113	3780
29	6460
257	4992
291	7032
11	5892
91	6746
122	6962
53	7760
44	6184
27	4616
19	6885
225	3905
152	7047
58	3415
76	7165
882	4346
97	5120
63	8216
43	8909
307	6711
346	7715
75	7868
164	6221
50	8802
77	7526
177	6867
380	3775
81	8179
72	4212
31	7680
156	5409
44	6625
560	5545
281	6685
22	6377
17	5354
32	5679
75	5446
14	8735
132	7937
277	4454
203	3842
76	6454
141	3451
442	5098
69	7427
311	6188
439	5756
17	6086
193	6109
142	4947
83	8265
318	5453
43	7251
61	9151
162	4619
31	5168
1	7729
10	8890
138	7191
358	3950
264	5510
62	6571
67	6937
131	5036
15	7355
950	5465
139	7170
271	6418
380	6368
428	5636
15	8601
11	3272
219	5662
638	6159
115	6778
486	3759
54	6836
84	3051
195	5912
110	4844
70	7422
2319	5949
23	5549
198	5113
137	5836
75	6088
206	8870
72	7659
106	7680
241	6141
65	5967
150	7819
632	6677
161	3495
83	6717
84	7776
81	8094
525	6686
100	6505
77	6701
575	5706
301	6226
1814	6112
38	6891
177	7084
15	6552
1492	4348
31	7087
147	5999
527	5699
103	4674
770	5653
157	8150
35	5654
472	5988
280	5296
79	6772
39	6128
447	5176
489	6416
213	3829
49	6922
86	5621
573	6288
65	7587
55	5296
9	5761
68	6727
61	8689
28	5780
61	7614
313	5344
144	7703
201	7353
60	4244
44	5752
369	9086
86	7032
289	4141
169	6122
195	7004
205	5431
130	6451
101	6608
198	6409
140	6711
49	5719
143	6088
175	5656
70	5135
23	6668
216	7096
264	5638
105	4697
113	8070
153	7184
16	5854
431	6725
188	7445
484	4692
207	8256
589	5697
449	5107
54	7803
150	6132
43	6069
360	6007
508	5705
321	9328
213	5970
25	6037
478	5875
15	9017
293	4850
169	6597
227	5784
535	7848
746	2792
159	7542
2177	2710
1937	5998
60	6927
40	3623
232	6866
120	9475
18	7277
521	4893
158	7903
153	6277
342	6399
159	4686
183	4392
59	9386
67	7435
174	7115
445	4219
133	4631
12	7990
239	5023
34	6516
328	4733
988	5091
451	8054
39	7804
908	7328
245	5020
99	4532
88	9999
628	6147
112	5660
493	7735
112	6579
176	7386
818	5714
526	5115
39	7155
68	8274
128	6162
1007	5219
586	3754
792	5794
147	4143
245	6506
486	4051
56	6863
217	7212
2	6770
416	5926
160	5095
78	5428
36	6064
60	6310
50	5196
239	6189
121	7040
26	5950
114	7683
225	5252
40	6273
43	6505
119	3640
59	4308
47	7392
50	6903
825	4248
241	6420
99	7551
97	5343
162	6606
228	6958
908	5599
22	6535
25	5959
104	6883
64	6580
258	5484
437	4438
47	5265
29	6907
110	6388
239	4299
62	3869
566	8177
255	7174
68	7276
159	6148
109	3023
198	6191
159	6649
1077	6336
17	7899
155	7748
2569	5726
288	6161
623	4946
3002	5123
57	7566
30	6057
99	7568
1	7286
620	6281
73	8218
63	8636
62	7812
27	5060
568	4342
263	6449
86	4262
107	5323
357	6895
24	7456
76	4551
164	5255
124	5702
258	4722
92	7533
58	6218
86	5036
25	4768
478	6397
113	5831
177	8222
49	5309
99	6699
60	8130
58	5763
228	7236
119	5170
170	4711
152	6266
157	7396
111	8793
74	5412
493	6222
145	8612
273	6718
1722	3984
646	5757
218	6427
422	7297
442	5023
772	6883
149	5444
348	7182
149	2698
199	4340
498	7575
57	6331
31	5766
29	7798
64	4226
394	3649
349	4981
231	6329
224	6471
405	4566
394	4896
268	3236
381	8391
94	7362
444	4482
34	4286
162	5766
257	5100
78	7241
171	6755
24	6379
163	6435
97	5380
489	7749
63	6068
103	8151
258	4855
250	4501
532	7963
1319	4462
48	7339
107	6834
72	7923
54	8506
592	6055
35	4422
88	7334
17	6440
1859	4600
21	7622
310	7743
416	5086
517	5945
119	5803
189	6870
555	5840
142	8561
20	7972
59	6426
328	5905
52	5339
159	5458
177	7764
306	6299
74	7671
46	6553
305	4989
37	7991
910	4458
97	6172
183	4733
180	4925
75	4635
80	7144
511	4666
366	4407
1727	7179
52	4439
190	6492
73	5069
8	5135
1112	7423
689	6814
43	7670
105	6426
145	7167
102	6228
21	9255
441	6828
42	7284
62	6863
86	6767
73	5176
100	6006
93	5299
787	5728
176	5574
73	6886
93	4914
747	6178
244	5005
1006	5870
15	6475
701	5685
72	4450
54	8618
91	7833
995	3932
51	9059
135	7000
48	6184
58	4802
50	5942
367	5719
975	4867
17	6379
48	6169
254	4504
2	8172
185	5263
99	3854
635	5355
83	7623
110	7036
299	5672
321	4834
111	8190
1506	5268
171	4626
476	8017
52	4150
19	7264
572	6704
94	8509
614	7983
1186	6817
66	5352
62	6305
564	415
104	5416
53	7328
61	5922
237	7721
68	3679
186	5361
455	6719
77	6341
152	5540
658	3401
266	6258
1774	4966
595	5569
33	7071
136	7653
106	6263
166	7965
91	4640
353	6531
44	5812
153	6838
461	7071
71	8192
272	5324
110	6284
121	5249
439	2076
230	8682
118	4456
417	3761
185	6147
117	8327
369	5265
74	9257
1044	6152
59	7280
24	8426
645	6148
124	4320
399	4340
416	5086
12	5510
70	7239
82	3666
18	5751
77	7242
41	5816
78	6055
156	4227
148	5725
398	4582
141	5877
29	8726
356	7587
27	7089
51	3792
89	6064
20	6149
62	5669
154	5095
161	5804
18	7006
145	6719
124	4941
53	7812
124	6544
195	4327
34	7458
461	8300
250	3000
178	6995
546	3695
49	6857
16	6293
1082	5099
58	6473
30	8157
466	5690
176	6945
233	5109
154	9047
896	6254
175	7158
239	5557
26	6965
324	7690
123	6243
347	5172
72	5964
84	7048
87	5566
280	5666
66	8413
82	7196
92	5740
142	5849
30	5286
111	5384
540	4333
6	6566
127	3239
147	6462
568	6075
147	6489
1624	5011
537	2728
172	3485
98	6088
137	7255
24	7921
216	4797
53	7803
91	5231
147	7235
359	5708
45	6767
337	6436
160	8339
225	6804
166	4816
193	2080
281	2709
575	5176
40	7099
197	7707
74	7723
424	5141
96	6433
255	5071
105	6949
187	7062
574	5589
89	6048
57	6600
519	3904
7	3886
122	6404
250	6221
54	5909
1230	6564
471	5625
107	8546
241	3791
100	6475
407	6793
92	6464
227	8287
47	6763
606	5245
196	4951
36	4215
70	6184
567	5791
269	5507
54	3916
26	8973
39	7415
352	7310
151	3280
386	5340
46	8306
521	5985
81	8201
58	4468
216	6697
409	7902
79	8157
214	5949
82	6577
295	5571
29	7732
145	8505
105	7464
663	7567
438	6982
194	6374
695	4699
604	6593
49	7118
139	8834
30	6171
27	6303
23	8071
15	7613
248	5556
95	6961
241	7235
88	4784
72	6147
50	7847
398	5651
190	7103
306	4619
46	6453
424	4680
59	5488
23	7804
273	6283
125	5221
45	4213
195	5055
47	5406
117	6012
28	3660
70	8068
111	4554
234	6722
485	6550
4	5999
226	5887
421	5187
246	8439
64	4120
199	4849
123	5308
498	5960
957	3554
6	6728
158	6243
1210	5368
476	6736
165	8281
5	5563
403	646
149	3914
391	8263
109	6863
152	5561
19	6061
266	2863
162	7099
59	7881
59	9005
53	6614
110	1812
529	5792
49	7254
816	8165
680	5122
64	5241
13	5602
1025	4062
13	4498
102	7602
893	2522
393	4456
66	7604
248	7277
332	3910
1116	3541
242	7240
124	5804
132	5256
413	5717
20	7953
367	6712
149	8494
177	6128
205	5395
366	8441
84	7454
64	6365
327	2749
324	4895
241	4636
91	5052
121	7347
58	5845
18	3933
94	6866
45	7342
43	6653
83	5728
41	6284
80	8033
63	5260
300	5947
23	8503
19	7386
81	5125
122	7450
148	5590
9	6789
1518	3535
39	7731
125	1560
163	4523
16	7198
108	5755
20	7381
91	4641
167	7679
1412	5353
138	4867
4	8896
244	6568
212	6969
141	6707
800	7767
162	4252
155	7988
2342	4688
92	7196
78	6573
115	6221
176	6910
447	6029
224	5932
130	5472
151	6754
68	6187
193	5872
152	4627
11	8443
114	6817
61	4607
438	6033
432	3911
246	5555
8	8630
306	6351
46	7563
11	4835
76	8490
175	6231
290	4592
26	8384
427	6456
255	5301
195	6004
576	6861
173	5414
12	8479
117	7171
360	5639
15	6195
427	4700
478	3054
102	5787
68	6452
763	7565
145	4275
50	5652
73	6116
251	4022
218	5431
263	6495
174	5114
524	3177
75	7094
38	7337
111	5292
31	5305
120	5638
217	4595
144	9252
131	7414
625	5243
72	6608
59	3452
29	6749
180	5924
123	5347
124	7731
46	7834
128	6746
151	5997
308	4331
454	6589
190	7312
54	8695
161	5226
116	5740
113	7626
382	3844
16	5939
165	4975
69	4317
151	0
169	5163
426	4630
201	7192
161	4289
25	8911
117	5189
132	9103
181	5663
196	7652
47	2367
733	5573
80	7518
27	9493
82	7666
0	3383
60	5315
126	4374
404	7583
206	8658
942	7710
144	5475
60	6588
37	5780
8	6300
212	6635
8	7060
260	6049
39	5788
80	6225
271	7348
673	5695
302	7173
63	5494
198	5993
16	6450
156	7717
97	3232
177	5526
887	4167
184	6418
25	8122
5	6616
447	4737
114	8870
33	7731
35	7967
1154	4295
74	6424
110	5434
737	5946
101	7088
58	6450
122	6319
27	7191
335	7972
610	2887
169	7363
219	7567
14	4359
95	7821
14	7747
213	3932
160	5281
493	6912
41	8452
258	5660
149	5464
204	5925
63	6167
278	6253
134	7543
114	8732
15	6075
255	6190
930	5520
111	6863
26	8487
855	1911
507	5056
288	4054
96	6471
124	7722
437	6521
2045	4809
71	5209
248	4833
66	5906
50	5242
68	5162
33	2044
401	5489
96	7970
45	4997
86	7032
155	5963
260	5673
205	5528
15	6663
6	7496
277	6838
118	5848
71	6264
61	7066
503	6044
212	5812
5	7266
92	6039
220	6631
766	5244
201	6753
739	4081
50	6805
414	5285
46	7224
141	7969
43	4732
366	1847
67	6455
192	5782
619	5400
478	4182
17	9031
119	7435
20	6416
63	7330
33	5823
1341	7471
37	5564
75	6438
22	9354
49	7696
13	4663
90	7470
58	6260
341	3285
261	7398
181	3368
223	6750
218	7445
194	6361
321	5569
95	5153
74	5940
198	3636
356	5661
119	6874
41	5832
45	7071
547	4363
84	4331
43	7529
83	6908
24	5734
155	6053
47	6217
33	6935
869	5694
440	5658
324	6187
550	3703
187	7267
1333	3797
97	5287
1849	6172
5	6690
133	6297
128	6930
253	7218
57	8140
49	6042
82	4927
248	6354
178	6209
251	5809
35	5456
99	5285
80	3292
123	5834
124	6674
601	5946
178	6299
94	6096
31	5679
190	3835
117	6599
226	4733
359	5219
399	8294
167	7428
15	8468
245	3010
66	5385
90	5116
1524	6157
527	5360
64	7688
498	6093
95	6276
24	5265
24	8285
99	5561
217	9843
389	8141
57	4557
213	5930
198	4897
172	7302
96	6237
28	6332
292	6591
396	7989
149	5973
241	5914
242	6133
245	6491
723	5279
222	6969
650	7499
154	8475
9	6443
159	6513
200	5914
1004	5924
174	4611
171	7646
145	6953
144	7245
22	6770
62	7069
29	5920
276	7708
19	3999
363	6075
84	6258
323	4686
68	5756
188	6703
631	5126
54	6327
62	6363
141	9360
119	4581
135	5377
396	8043
217	8579
69	6110
142	5276
503	5066
365	4812
1296	6316
85	8349
479	7007
745	7456
355	3293
174	5154
275	7223
542	6979
1112	5744
247	8266
136	5897
388	6716
66	5474
114	5656
169	4827
136	6285
175	6645
448	6250
147	7958
310	3918
31	7748
6	5212
40	5796
543	6022
254	5660
574	6313
51	5762
84	5353
77	6060
198	6939
95	5066
881	7443
34	5657
61	6359
59	6943
654	6132
41	4347
167	5573
185	6298
69	4604
286	7614
88	6295
19	8020
56	8281
1772	4907
60	8436
169	4350
7	5988
18	9479
94	4163
439	7003
354	7516
144	4902
147	5538
188	6254
116	6537
92	4720
163	5324
75	7427
211	5619
187	5141
32	6315
159	4920
54	7219
8	3996
124	3717
107	7415
30	5745
337	4828
14	5298
25	7168
299	6205
578	5960
43	5191
1008	5207
468	5190
172	8260
51	5585
21	7289
179	5419
271	8036
123	6429
134	8382
26	5709
456	5443
120	3835
42	4130
