1005	1198
5973	1782
6268	1654
9102	1232
4451	1357
5430	1866
8571	4936
5110	1660
7659	1396
6136	1205
6499	1256
1499	1439
6873	2331
8425	3031
8201	1580
9492	1619
4764	471
4730	1379
5152	1312
5695	4094
1890	3134
1925	7055
5464	1785
4272	1468
4594	6557
5280	5909
4486	946
4786	6377
9055	1949
1448	2841
4671	629
4676	1261
4563	4863
3785	2024
8065	1750
4233	1647
4604	1851
5086	2403
9414	2717
1904	1831
1549	1583
9113	1116
5085	3358
2059	1387
5427	2407
5099	2297
5509	2099
9105	5373
6374	1717
5366	1742
1110	1093
4950	3426
5954	812
1489	1977
6545	1235
4608	2909
1343	1887
9443	3329
4826	1886
1929	1523
5101	1456
8822	1968
8359	2586
1858	1124
4830	1408
5012	2297
4695	1668
1427	1298
4557	992
4085	6866
4857	1071
5019	1443
4906	1182
5230	5703
8346	1137
4824	1630
4658	2083
4710	1952
4802	1468
4360	7165
8689	432
5440	1882
8810	2052
8273	4016
4740	6821
5562	5573
5690	1862
1151	1709
4441	1745
4683	720
4425	5663
1080	1078
1399	1103
5484	2643
4958	1805
6651	1247
2984	1114
1706	1177
4926	1587
2236	1454
4889	2035
5253	1542
4724	1129
5398	1357
4957	1656
4639	1656
8652	6657
6843	2067
4918	1834
1018	1327
4581	3033
9022	1365
1648	2650
1997	1571
5159	1526
4890	1957
8641	2930
2526	1528
7981	1282
1399	1963
6114	0
4320	2240
7461	1927
5011	2202
5692	1539
5726	1406
9103	3079
5180	2068
2081	1539
1870	1983
2682	711
2699	7519
4970	1469
3017	1512
5235	1359
4410	8124
5072	1936
5273	1715
5555	1249
4979	1890
2383	725
8957	4604
4662	4197
5091	3397
2255	1527
5108	1376
8900	2466
4639	1143
9130	6329
4744	947
4328	3195
4331	1171
8636	1737
5389	4136
5186	2165
5444	1043
2330	3797
4363	1122
4374	5262
4456	3870
5200	1182
5312	2229
4763	1564
5594	2919
8246	3387
4937	6486
4836	1752
4387	8750
3961	2423
5445	1490
7139	2903
5216	6698
5176	1122
4600	1152
7120	5228
5506	5996
7642	1281
2200	1170
7885	2143
5018	1396
901	1222
5589	7813
4630	1828
687	851
7066	1703
4021	1159
5590	1444
4926	1669
5973	3139
7335	3287
4788	2073
5807	1964
6155	2000
4964	830
3604	1224
7041	9066
6116	1071
5841	1194
4519	1568
2395	1607
5888	2047
4450	6486
649	2129
4027	1634
4663	813
8984	1678
1020	1420
4555	1358
4887	4192
8469	1090
5920	1503
5091	2226
2239	1480
5026	6611
5606	1298
4571	1337
4061	910
5000	1771
5519	1588
5013	2003
4925	3099
5360	1720
8846	1359
6791	1119
4361	5209
1384	1188
1172	2975
6314	3152
8707	2404
4960	2132
8837	5771
4800	3266
5250	1658
4810	2592
4964	1300
5770	2784
2139	1518
4931	1318
4935	1523
2140	931
4302	2071
5028	3279
5051	1100
4512	1171
9632	1351
1737	1242
4827	1282
5097	2303
2741	2172
1767	1185
8016	1870
4819	1768
4503	1677
4617	1338
4684	1540
8884	1444
4366	1417
5159	1582
6120	1713
5366	4516
449	3390
4764	3263
4531	1092
5263	2660
5238	1928
1547	636
4413	984
4517	1509
4214	1594
7566	5697
1236	1341
4309	4389
4725	1447
2060	5001
4872	1041
1883	986
4685	5383
9423	4784
6382	1236
4484	2140
4125	2930
4724	3812
4948	1542
5039	1224
4871	2013
4662	935
4382	1399
0	4444
9500	1346
4879	2720
4676	1485
1526	842
5152	1588
4343	1942
5889	3269
1683	1836
4966	1915
4944	1377
4412	2081
5925	1821
4272	1828
4729	3048
7570	1337
5459	1135
4640	7470
9216	6295
4332	2767
2606	2014
5486	7296
6527	1514
2311	1939
5630	1556
2675	1190
4554	2037
5278	1367
5125	1322
2016	868
4066	2314
6463	1717
4524	1638
8385	1818
9004	3200
8548	1424
4689	1576
4781	2667
1875	1278
5355	959
8393	1004
4715	7028
4664	2042
2183	3900
9611	2864
4571	2232
4501	3317
5277	905
4833	1627
54	1106
4938	1908
6160	1991
4435	1490
4386	2139
4907	1557
4352	2314
4897	5521
1294	2381
4474	1255
5235	2117
4838	901
5313	2828
4638	1870
1427	1108
5278	1038
4716	1819
2230	503
5634	1745
4162	2059
6940	1190
8887	1164
2265	1051
1169	1133
8461	1268
8734	2234
4912	1234
6357	1446
5189	2385
4382	1050
4416	1714
5201	1548
4471	1421
5597	2114
4616	1820
1426	1503
5172	473
4980	9417
4332	2202
5052	2091
6011	1526
4822	1370
4285	1173
5516	1712
4265	2871
4319	1658
4527	1307
2960	1027
9510	1190
5706	2016
2202	1435
1629	734
2375	1506
1587	593
5903	1493
2034	1000
6434	1334
4702	4839
4650	1422
4365	2157
4369	2192
5396	3936
7409	3165
2401	1073
5048	2079
4732	1556
5582	3260
9457	1084
5237	1795
4370	1024
2005	1457
9300	2146
4755	2907
1552	4292
4528	1606
5531	5210
5392	2281
4805	1816
1771	1385
2384	566
4936	3878
4097	1304
4785	6993
5492	1410
9638	4760
5344	3536
4040	1388
5487	1060
5572	1166
5336	2260
2582	1619
7464	1699
1284	1574
2914	2075
8983	1402
5231	2347
2623	1913
8463	1288
1574	1578
1763	791
4290	3097
5942	1298
5143	4481
4788	1619
5550	1244
7363	6696
5208	1540
1085	1410
5636	1363
1364	639
4548	2583
4519	1152
7667	2400
5594	6338
7342	1154
647	1279
3145	857
8279	953
1150	3751
4745	1409
1334	1899
4417	1769
4539	1856
5236	1534
5154	2507
4812	1792
5246	1722
4550	1168
4441	1362
5737	5764
6315	1238
5045	709
1651	1882
743	1326
4704	1821
9520	1580
5369	1260
5165	1509
4805	1703
8775	2246
2987	1068
4464	5257
8919	1655
7811	1231
6821	2160
5028	501
5314	1387
3104	1030
5390	1850
4901	1492
9085	1562
4431	1360
2583	752
3501	1247
4824	2158
4741	1625
4734	1088
1480	1408
6881	5220
768	3986
5376	1101
9116	4513
8602	1725
8754	5597
5052	7618
8606	3396
4850	746
4539	2560
5173	1413
9585	1502
1128	1565
5529	950
9061	1999
5042	2053
5379	1450
2675	1308
8785	8040
5576	2185
7926	2422
8539	2220
2000	2048
5069	2012
1510	1314
4956	1005
8952	2100
4768	4869
4838	8847
4950	5050
1270	1002
1164	1710
8838	2458
5611	3164
1049	1124
4865	1266
4823	1355
4708	2668
5183	2457
5186	3953
7750	2495
5782	1301
4812	1111
4888	1041
5057	1847
4660	1648
4778	2255
4592	2532
1186	2483
7964	1292
7168	3143
5095	1223
2270	1536
4714	1885
3980	798
1388	2223
5010	2074
4473	3498
4462	6490
5287	2823
5098	1320
4669	3812
5147	2057
8342	291
4910	1426
9768	1714
5238	278
5487	2285
5180	1830
4721	1234
3552	1041
1162	2177
7237	1961
5064	1480
4627	1130
4695	2125
4862	1936
4518	1802
4402	683
4618	666
4809	3288
4408	3508
5143	1071
4930	2116
5036	228
5049	317
5074	1995
2177	1839
8894	5351
5564	1886
8541	1470
4787	2194
7533	6666
4599	5451
4786	5487
1806	2865
3887	1608
4511	1696
4681	1788
3398	1536
8407	6342
8210	2268
1610	837
1853	801
4701	2020
8664	1884
7208	1821
5555	73
4446	2007
4535	2086
5083	1213
1940	6682
5741	3960
5083	6232
5299	1437
6115	3634
4396	5820
4188	2271
5210	1778
5254	1527
5027	1579
4907	1918
4524	1789
5461	1463
5051	1954
4713	1918
4485	2182
5035	2372
2951	3555
7575	1911
629	1359
4947	1091
948	4447
552	944
4400	1428
9131	2336
6834	6696
4721	4672
6346	1283
1194	1850
9139	1650
8761	2952
4831	2575
7975	5146
1779	3474
4045	1960
7699	2082
4852	3729
4601	3259
4176	915
5729	2756
4191	948
4461	1764
4611	1526
1385	5774
4717	4075
5354	5889
6050	2931
1820	590
5236	2511
4741	2266
8367	2038
5353	1431
8690	2193
5181	4657
5489	2427
9428	1782
4463	3313
2591	2827
4278	2063
4741	886
5007	2100
4125	1414
2060	1780
8738	1617
4582	1520
1754	2768
8909	1963
1430	2828
1573	4905
4798	1263
3092	1810
4875	1519
5036	1145
4758	1192
4809	1666
4211	2715
1888	1596
2424	5349
1977	1776
4841	2071
1063	1396
625	583
4446	1260
4720	1726
4296	3073
2994	1642
4570	1318
5290	2357
5467	2168
7094	5435
4787	1408
4905	2276
2963	2134
8129	1310
4630	2401
4930	1860
5331	1001
8773	1679
5703	4297
8404	3397
2160	1348
4390	6743
5075	1922
4357	7196
4859	1935
8910	889
4500	1785
8718	4947
6496	1207
4122	1603
4387	944
8092	1130
1277	928
1154	1883
4490	1015
5017	1964
3657	1101
3310	2021
4631	1627
4859	1876
4578	1757
4725	4481
4302	1083
4749	1785
4274	3254
4651	2399
4603	1376
4662	1327
4811	2083
1437	826
9107	2440
9645	2351
5059	2016
2145	1278
4623	1339
4826	3278
8644	1599
7296	3472
9166	2778
4605	1560
4745	1285
4954	977
2497	922
5987	1664
4334	2121
4370	2008
4902	1711
4786	1178
4792	3242
4752	3937
4663	1970
2250	1454
4795	1269
6041	1179
4497	3428
4472	3001
4379	1902
5077	1309
4802	643
1220	3986
4735	1361
5422	2189
8773	1984
4574	1819
4991	4998
3030	1580
9565	2657
4159	1091
4508	2501
5152	1178
5367	2234
4206	1456
1975	2422
7472	1103
2728	547
1725	954
4718	1312
9077	2047
7643	1909
691	4609
4957	1764
4487	814
4779	1479
1915	5017
1783	1914
5556	2085
4619	868
4811	795
2000	1601
5562	3886
4621	4117
3882	2720
4493	840
8495	2848
4592	1042
8339	1781
5402	1267
4781	6702
8907	1214
4898	2806
2921	6805
5076	1262
6807	3141
4684	1120
2663	4525
5259	3290
1156	2694
5299	2902
4525	904
4618	1990
4450	2031
9035	9207
7490	1141
4115	1487
4611	1932
4534	1230
4747	2107
4928	2632
5506	1669
4737	5461
4967	1889
4479	675
4392	1222
7687	798
4228	2621
5104	1967
4257	2201
5378	1722
5338	4145
4483	1617
8759	1403
4755	3776
4355	917
4862	1225
1758	1377
9289	3822
1359	1756
950	1409
5332	1950
5298	2020
2864	1839
8374	1086
1334	4547
8929	1351
4318	1842
7564	2125
4136	1473
7967	2185
1029	2967
5289	2125
603	687
4904	3189
4517	1627
5828	984
5051	2227
8117	1695
9134	1724
4738	2021
4943	4260
8725	2599
4302	2980
4888	3357
9140	1889
1515	1616
2321	1635
4465	2121
5064	1998
5459	1500
2041	1068
4873	1750
4864	1716
1048	943
4922	1270
4931	1868
5060	1655
5956	3436
2233	857
5042	1002
5182	1131
4576	6872
4852	3643
5131	5501
5066	1215
9379	1331
5074	2319
5016	2234
5488	8530
5263	1962
5284	8883
4233	1833
5216	1722
1602	3774
1986	2057
4978	1403
5352	2028
7849	4680
4287	1043
5373	4833
4968	6293
2768	1429
2160	871
3295	1495
4930	1702
8782	1855
5419	3671
8834	1369
5354	1746
2569	1601
4257	2207
5171	2910
5205	2094
7701	5972
4771	1484
2643	1074
5783	1516
684	1336
2602	1602
5458	1975
5502	1831
2493	2226
2118	1209
4578	976
5274	1616
4753	7456
6124	1764
4437	1698
4554	1938
9677	1630
1853	1577
5061	1388
4979	2395
4141	3069
4970	2446
5237	1865
4850	1685
5459	1537
5041	2133
1390	1141
4845	5160
1740	2144
5449	1250
5794	2126
8854	1834
2065	1330
9415	2887
4539	1898
4702	3426
4773	1874
4074	739
5866	1702
8873	829
2404	1184
5119	1319
3786	1239
4554	1359
4816	1312
5945	2407
1594	3852
5602	7218
4418	2252
3626	769
5528	2280
4782	6620
7055	1267
4777	1526
4482	4561
5306	1522
5402	1359
1174	2992
4878	3678
4776	2856
4168	6613
1769	1363
4743	1609
1472	1648
8739	1166
5273	4752
4389	1919
8005	2554
9673	950
4859	1708
5011	1249
4970	1930
6261	1245
864	1322
1732	1472
4251	2037
1149	3576
5180	1089
8657	602
4537	3622
8519	2202
4781	4685
515	2219
2837	2021
5198	7326
4978	1409
4749	1732
4953	1665
1118	1654
8450	1443
6699	1145
4665	873
6544	1472
5078	1910
1739	1089
5359	1887
1606	1039
3267	1390
4425	1994
5716	1251
4981	1223
4413	1835
5883	1164
7533	2403
5356	3432
5517	4747
5284	1363
3611	4465
1608	1335
5577	4104
4746	1428
7246	2898
1209	1029
5107	5746
4635	1819
5801	5920
8181	3382
4553	1008
3668	2040
4855	1904
2444	1177
4849	3383
4311	2744
9290	1233
4551	1535
4620	3081
5167	1615
5161	2887
4804	4674
391	1317
5443	889
1754	784
4758	2029
5088	1399
6446	1274
4039	1365
2467	2424
7633	4639
4333	1270
1370	1781
4142	1625
4499	1384
5053	1276
5012	1671
8339	1784
1455	523
1777	1475
4151	2089
4744	829
4956	1562
4049	1891
5366	9999
2323	1235
4881	1393
6966	8100
2875	1528
2457	1438
5069	1845
793	2712
4353	3298
4201	1150
2378	1232
4825	901
9388	2390
4978	2958
2233	835
5175	1334
4992	2549
1503	2012
5104	2225
2758	1221
5116	830
5166	1464
1753	1215
1425	1431
4576	1786
9164	1084
5130	1592
9001	1926
4998	4785
4949	858
2777	818
2870	1265
5446	1832
4553	1586
1524	1349
246	1179
5410	1640
8429	2077
4954	1666
5811	2014
4517	818
4658	6233
9509	2610
9053	1174
2193	4589
5050	1593
4872	5114
4872	1238
5224	4378
2095	1629
5488	2119
1608	784
4186	1332
4935	1494
5387	2651
1115	1268
4841	3802
516	1313
6097	4291
5051	3211
1640	1113
4640	1222
5302	2701
4955	1556
5559	4082
3937	292
4749	1265
5258	969
5129	1210
4474	1499
5051	2626
8752	3985
5126	7114
4400	5682
5362	1981
3843	6219
981	1222
1380	1722
4577	2016
4941	4830
8920	973
8840	588
4228	2819
5159	823
6315	1214
8158	6733
5382	3157
4371	1750
1757	935
5336	1819
1723	1458
9064	4277
5138	3053
9112	1254
8569	1406
4616	5836
4736	1816
5035	4703
8501	1607
4884	1955
8026	1459
2986	1440
5111	1190
6244	1699
4871	1944
5053	1222
5499	620
5547	1132
4577	898
4870	1483
8224	1637
2426	3182
4682	2082
4987	1383
1902	895
5138	851
5654	1237
4846	1208
5788	1016
4542	936
5393	2503
9160	2720
2374	1021
2099	5690
7382	1587
2037	2408
674	6430
1270	5214
1803	1026
5330	1568
8600	2830
5432	2327
4921	1500
4979	1613
5174	3000
6339	1896
5188	1922
7444	1384
4887	2054
4508	4730
1937	1542
5386	2089
4438	995
1342	1157
5639	6830
2260	1725
4338	1900
5400	2612
3088	1083
8132	2223
4722	6316
5300	1866
4660	3459
4606	1108
4622	1683
3347	973
5887	1315
8927	1637
1905	1738
5063	2281
8260	918
4573	4798
5666	1709
6695	5953
6152	1809
3548	2293
7912	6988
4647	1875
5232	2501
4764	3628
1894	1459
4241	1814
957	1668
4061	2591
4697	2394
5477	3058
5682	1571
8017	1553
7987	905
4960	1542
5380	1878
5570	2279
5514	1907
4812	6356
9019	4962
5668	4425
4698	1540
4238	2498
4976	1602
1714	1835
1481	1131
6670	1144
1277	1006
4425	1944
5795	4832
8645	1976
5370	3691
4441	6958
4708	1460
5615	2196
4408	2532
5002	3834
4748	1426
4855	4437
1594	1080
4730	1052
4084	2721
3894	4183
870	1077
1201	892
2086	2227
4949	3943
1921	2049
1687	1324
5271	1004
3612	1292
4865	2128
7590	2382
8032	2572
4858	1579
1544	1420
4888	813
1484	1526
8997	2511
5134	2536
9083	1678
4610	1501
4662	5964
4545	577
5596	8983
9037	1311
4864	1701
4024	2100
5366	1365
5018	981
7836	2138
6762	1717
4935	136
4645	4073
4810	1236
5039	2360
5174	1487
1622	993
9131	1531
1824	7038
4206	1227
6119	1535
1189	928
1827	2171
4606	4600
4745	4298
9751	4219
4777	1412
5345	1002
4637	9133
4822	5114
4216	1856
5858	1382
4853	491
6363	1577
8845	6470
5140	1719
8666	782
4826	1324
4990	1325
5982	2604
3734	1107
4358	1864
4767	3028
4431	1495
2384	846
2937	2009
5052	2467
8226	2837
9312	1300
4107	1121
5213	1757
5054	2208
4389	1540
1811	2831
1711	982
4482	2220
4541	1430
4557	1425
5365	2733
4626	6442
4964	1507
3257	1554
8503	1119
1403	1361
4237	1931
4266	1365
4266	1480
4803	1450
5025	2169
8877	1354
5097	1633
4808	1805
5079	1376
4300	2089
4114	1713
4503	1358
5734	1620
5791	1257
1870	959
8778	5965
4712	1231
5522	1798
4877	3922
5525	2271
4554	5767
4533	1630
5037	3815
8903	2456
4850	1143
6670	1138
4264	2409
4551	1413
3728	2222
5478	1133
4653	1630
5951	1327
3870	1157
5337	997
5367	1406
4995	1246
4998	2082
4170	9494
2091	1968
4763	2537
4679	4650
7909	1345
1817	3021
1475	1708
4274	1797
4707	3327
5084	5369
2135	5161
4666	1985
5308	1943
4498	3132
2321	1555
4351	3728
3799	1835
4729	1349
4320	2508
8773	3688
3169	1226
4909	1582
5480	1230
5162	1737
4660	5832
9535	1033
396	1953
4004	2731
5768	1962
4425	1626
4984	2737
4702	1686
5205	1349
4304	5037
4564	1096
1731	1409
1861	1635
4900	3445
4948	2498
5465	2080
4689	1244
5445	1356
4653	948
5640	2446
942	2887
9062	4436
5007	2098
4460	2056
5035	1868
2111	1014
5489	1437
8322	2742
8220	860
5213	5195
4425	1397
1799	1798
4521	1953
8545	1214
1199	1285
7812	956
5163	4548
4689	1761
4774	2211
4835	2602
1601	1207
839	3070
5796	1251
7190	1158
1443	927
8711	7033
7567	1308
4874	6584
5093	1291
4705	7680
4725	1745
5249	2179
4692	2399
5197	1108
4386	964
5465	1943
4705	3460
9035	3575
5234	2323
6010	1585
3056	3630
1839	521
4691	1105
1080	919
5082	1400
674	1495
4116	2114
2176	1498
3260	2997
2475	6960
4501	1950
6302	2532
5066	1942
7590	1475
4853	1399
6041	2431
4344	1462
6320	1529
4725	1871
4321	3019
8274	2114
3228	1099
8542	1260
5184	6566
4354	1780
4934	527
7380	1180
5199	1408
5438	1552
5315	645
8601	1323
7270	2338
9468	1654
7712	2353
5615	1941
8773	5468
6930	1464
4608	4737
6576	483
5330	1837
5332	1086
1693	841
5089	1251
4432	6443
5888	2246
4848	1757
5560	5184
4847	843
5448	2947
2296	1664
739	1832
4833	1603
7377	893
1542	851
7139	1063
4906	2155
6899	1523
9999	2421
4108	1875
8447	1689
5299	2404
4524	1780
8321	2110
4645	1568
4632	7261
1973	3187
1785	1036
1816	1544
3161	1079
4884	1394
5277	1530
5622	1266
5128	1685
7344	309
1528	1275
4572	1405
8831	1390
9679	1669
8516	2896
4569	2633
5169	1729
8891	2047
1342	1053
7670	1777
4197	6095
4467	2625
5673	5137
4653	2630
8770	1182
5009	1379
5400	2191
1277	4957
4826	1764
5103	4116
4410	1791
4493	2508
4822	3156
5155	2830
5108	2503
5644	2775
5443	1561
784	501
5010	1766
6764	1856
2709	3523
4541	1880
5752	1303
4484	1515
5339	1789
2365	866
4930	2876
1464	632
4186	807
6088	1991
4877	2256
2141	1256
8259	2437
2110	4758
5139	1292
4991	1464
1722	1323
4960	1208
5600	2294
4290	1836
2181	1012
1458	1418
1717	1175
4196	1704
6785	1534
6508	3440
3135	3758
5611	1402
5387	1745
2261	5282
2500	3305
4797	1779
922	2024
2134	1489
4786	1295
1484	5264
1897	1258
1907	1337
5177	1897
2598	686
5076	1337
4788	1887
1723	673
4383	2292
5283	2142
4571	1420
8349	1287
6477	1310
5231	1092
4881	2767
4851	2379
8472	1237
4755	2198
5587	2055
4374	5149
4916	1288
8764	958
4899	2664
2428	1498
3237	2071
4360	1863
5555	1984
4516	3551
4771	1719
8505	1195
5219	5375
8429	1599
1777	1386
4817	2166
5260	1237
5272	1437
5018	1747
4831	2632
1987	3167
5175	1933
946	824
4971	892
4388	2011
9053	1638
5141	1532
4461	1676
1707	1113
4283	1453
5551	1904
5021	1670
6835	2477
2070	1332
4691	8373
4157	1456
4155	5416
5878	1957
5334	1990
7040	1545
816	1434
5626	2651
6702	1482
8797	1410
5260	1482
4612	6627
2382	3834
5243	2354
4685	603
5080	2772
8763	1784
5903	610
1851	2633
1628	834
4885	1491
6030	3666
4610	2492
2319	1675
5497	2693
8997	1062
2385	1677
4564	1489
4474	1419
1681	1209
1660	2941
8849	7507
3581	1878
4969	1763
4420	1572
9613	1229
4853	1986
5072	1961
4827	2442
4581	1216
4900	1260
5007	1707
1821	375
5604	1019
4424	2491
5230	1263
2582	1712
4396	1198
4764	2179
4720	3790
4797	2179
5218	1208
5029	3229
5802	1263
1147	1002
9009	1529
1412	595
5206	1675
494	954
5400	1870
2913	2937
3937	2662
9581	1706
4861	1289
6452	978
1387	5110
4605	5030
8889	2958
3967	2196
4730	2620
2328	2957
5126	1792
4593	2488
4926	7218
6584	1205
5056	2265
1983	1149
4880	1377
5018	1595
4978	386
5255	2567
1734	903
4725	1006
8940	5024
5038	2082
5158	992
2538	1825
4785	1336
4040	3290
4238	6291
4992	1558
8111	4587
3805	1608
4692	1929
4775	1990
4948	1561
8024	3366
151	1419
7457	1114
5215	5181
5166	1927
8970	907
4714	1844
2018	1410
5046	3196
6587	2334
1096	1687
9167	1186
4222	1489
5132	880
4427	1707
4590	1093
4956	6598
8784	978
