8844	6476
4265	4027
3428	4380
3458	3539
2587	5474
3977	6024
3612	5162
6474	3724
3375	5137
3954	5089
3479	2596
2784	3421
2854	4955
3159	4668
3797	3612
2780	3575
2641	4556
4146	4930
4213	5832
5258	4367
6624	4589
3535	4768
3293	3270
6405	4381
3303	4765
3378	4673
3987	4627
4465	3204
7183	4590
3802	3484
2860	3878
7280	4095
3007	2129
2650	4241
3763	3751
3318	3626
1612	4127
7849	2717
5904	4076
2436	3068
6343	5225
3444	4268
2117	3900
2069	3419
5101	4736
2454	4713
7715	4174
6539	6677
3204	5660
2170	5104
3434	4544
7709	3019
4018	5430
3764	3239
6933	6081
3082	5577
3050	4869
2394	2885
3693	4499
5312	4251
4770	3330
4466	4138
3066	3326
3098	6565
2624	3924
2921	3978
3328	2749
4785	4089
2166	6222
3466	3283
2533	2401
4814	4577
2491	5037
3203	3259
2837	3328
2321	3096
3317	2461
3579	4035
5958	1709
3782	4711
3058	2454
2842	4346
6085	1893
5100	4326
2177	2238
1868	4302
0	5655
5067	4758
5332	3225
7315	3690
5672	4694
2736	3231
3145	5923
3338	5234
2157	4800
2521	6204
8229	2903
9150	6186
4191	4985
3881	3801
4896	4906
2460	4791
4931	5084
4779	4619
4299	4821
3344	3130
3012	2637
2368	4571
1859	4023
3090	5016
3641	2921
2530	5023
1256	3941
4582	6152
1553	4390
4889	3955
4794	2690
3210	3238
5989	3612
3158	3882
4627	4153
2555	6129
2446	4611
3236	4132
4229	4678
3161	3439
4798	2851
2401	4979
4567	5875
2947	2389
3301	3906
2696	4671
3130	5834
3235	4512
1256	5391
2230	7400
4852	4472
3556	4080
2862	3940
5158	4404
3917	6956
3555	2731
4646	3966
7474	2948
5961	3678
9793	3880
4421	4176
4930	6170
4747	3288
2339	3460
3534	4867
2971	4184
3319	4341
3338	3720
3787	4505
2606	4549
3673	4229
3405	5582
2604	2200
2138	5145
6224	5684
4931	3165
3002	4921
2709	4255
3354	4911
1868	2516
2814	4269
3426	4293
7352	5128
3148	4853
4122	3828
3832	4829
3656	3902
5125	4700
2140	3741
4354	4950
3698	4714
2387	5153
3976	3569
7754	4015
6732	4455
6797	5286
4840	5050
3117	2903
3468	5496
2893	5781
7029	4584
4010	4606
5341	5128
2861	4181
4790	3158
5455	4264
3440	5274
3660	5148
5190	5868
5039	4243
3629	5400
2832	3519
4187	5315
3253	4486
2489	5900
2496	4799
4113	4071
3778	1590
2617	5096
3505	5507
3706	4676
5597	3694
3489	4583
2832	5014
3573	2477
3097	5004
4097	3977
3400	4818
4017	7788
9999	4816
4308	3597
2651	4573
3602	3732
2230	5095
3575	5939
1893	4472
4020	4461
2654	4150
3040	6104
6295	5149
3521	5922
1970	4902
3464	3046
6442	4402
2619	4444
3242	3778
4664	5883
2467	5789
2115	5502
3216	3360
3638	6124
3947	5291
6116	4874
3013	5025
3269	4205
1343	3854
3535	5382
2864	7220
3054	3865
2978	5072
3711	4278
5235	6567
3009	4522
5691	4309
5770	3273
9271	2178
3757	5007
2586	7017
5015	5259
2082	4196
3392	5836
4143	3964
2532	2347
6985	4107
3597	6613
7242	6125
3223	5398
6617	3086
7153	3955
6587	5833
2991	4921
6909	5403
3243	3920
3131	3791
3302	4689
3173	4453
2356	5222
2924	6039
4924	5601
4612	3952
3907	2283
3561	3629
8429	5073
3421	4637
3377	3715
9006	3284
3785	4660
4271	3888
4246	4688
2656	6408
4718	7080
2567	3116
3444	4755
3181	3550
2995	6236
5461	4729
4053	2418
3488	4157
2298	6133
4306	4206
5052	4693
7688	3809
2847	6019
5159	4021
6439	4560
5625	4242
3272	4379
3728	6666
3365	5511
4708	2794
2076	5515
3277	4468
2667	5782
2529	5451
4618	4744
3174	4032
2879	3160
4343	3956
2092	4601
3150	4227
4813	4425
3689	6791
2788	3517
4289	4513
2618	6640
2675	2765
1639	4855
6195	4786
6327	3942
3840	5047
9439	5090
2702	0
5496	3970
8148	5557
6144	4858
8661	4559
1324	3784
5335	3708
7990	4220
4969	4622
5383	2991
8548	2511
8681	3518
6554	1827
2200	801
2220	1875
3382	3269
4543	5795
3015	3972
3912	2352
2669	6008
1676	4781
3812	5431
2384	4658
3353	5536
3631	4955
8745	3731
6410	4026
3580	5510
4912	3517
3585	4937
2899	3273
3250	2661
7776	3396
3598	6199
3191	6203
1983	4361
2910	4669
6071	4590
5589	4310
2155	4197
8447	6517
3702	4809
8308	3841
2145	5075
3996	5013
7257	3929
3629	4071
5622	4249
3177	3467
2013	3243
3482	4768
3385	3760
3283	3713
2108	4117
3009	4297
3142	3692
2896	4518
3176	5229
9367	4798
6776	3889
2714	3631
3874	2975
5506	2923
2983	2429
4866	5564
3088	4545
2749	5034
2504	2698
2154	3679
3336	5258
3956	3505
2284	5129
5293	5170
3718	5189
1760	3140
3497	4150
3358	3550
4357	2657
3358	4280
3882	3862
3195	5309
5114	5497
3032	3927
3073	4060
3386	4883
2874	3108
6981	2948
2156	4166
3013	4386
3460	3757
3281	4405
2682	3234
2599	3243
3249	3178
2167	5952
4239	4905
2908	4954
4071	5307
3378	4113
7220	4736
5099	5336
5133	3636
3372	5067
3591	2655
3642	4590
2410	6119
6564	5032
5219	5562
4012	4222
3133	5363
5474	3829
2801	4497
3135	3659
4095	4671
3227	6861
3005	6236
3262	3660
2093	5285
3246	6308
3871	4135
4262	3271
5058	5501
3250	3991
6870	6366
5371	3667
3938	4667
3746	2785
7789	4227
9217	3211
3314	4427
2042	3905
2570	4630
4000	5251
4409	5650
2574	4748
2507	5847
2569	4190
6370	4415
8664	3665
3427	5949
2427	3595
4164	4941
7635	3309
4971	4906
3645	5474
1885	3395
3387	4608
4245	5273
6448	6202
3065	5339
2823	3123
3224	3863
3630	5301
1444	4719
3415	4303
3307	6138
4253	3999
4892	5530
2221	4471
4981	2668
4201	5274
3011	3327
4719	3748
3423	4431
3673	3432
3056	4128
3889	4259
4669	5461
4597	4285
2614	5992
8956	3757
2593	4922
3372	2090
2008	5570
3253	3918
3359	5216
2838	5399
2388	4615
4106	2911
2661	3455
6824	5188
7027	3610
3031	4763
2577	3531
4075	2816
6399	3987
3911	3578
3206	3510
3810	2429
3467	4759
3757	4011
3295	5002
6251	4637
8740	3437
6943	4258
3056	6203
4009	3534
6232	4381
5727	4006
2439	6105
3162	3668
1667	4991
3020	5300
3259	4672
5853	3392
3362	6294
3243	4678
8155	4638
2383	5054
4603	4791
3835	3220
3781	3930
4529	5225
3643	3231
3968	4796
4912	3638
2957	3978
3082	4585
7422	4629
6874	5100
2664	3449
5161	3545
2746	4027
8296	5389
9289	3949
4919	5775
2627	5341
3521	4310
4055	4649
7362	3346
3746	3654
2991	4063
3188	4379
7956	6913
7919	4590
3814	4872
4633	3790
2843	4763
2430	5170
4368	5273
3701	3469
3080	5524
3069	7126
3632	5289
3279	4526
4244	5643
1874	4012
2865	3621
3414	3592
2842	5549
2769	3897
3049	4390
7807	3888
3969	3974
8369	6652
2793	5639
3897	1585
5516	4253
4961	6286
6985	3918
6799	5455
2953	3992
3058	3562
2689	5007
4413	4751
2494	4759
8860	4796
7717	5441
5002	3793
3895	3215
8505	4096
3764	4498
2354	3874
2905	5101
2206	3855
3147	5552
3183	3311
3140	3077
4317	5244
3369	5645
3587	4437
8848	4806
3837	4060
2665	3901
3515	3618
3360	7606
2057	3913
3024	3668
6301	5971
2066	3859
6125	4777
3354	2624
2842	3273
5747	4138
4651	5083
3031	5628
2909	4206
4776	4931
2926	5901
3704	4294
4059	4073
5289	6556
2708	5356
3570	4374
5288	3872
3902	3438
3015	4688
3357	5417
7941	3422
3085	3483
3150	3781
4236	4125
6009	4352
2646	6458
3743	5351
3087	4292
2180	4505
1670	4745
2975	6860
3324	5720
3136	6505
3524	4709
8840	5633
4454	2575
2256	4226
1873	5074
2873	4467
7244	5287
5108	2849
1378	5216
3393	3731
3473	4058
4425	3873
1541	5036
6457	6920
3230	4946
8669	2596
8054	4449
2209	4337
3642	4161
3086	4104
4083	3549
6827	3344
3016	7149
3449	3948
3109	3766
3485	3998
3012	2797
3398	6167
3908	3016
1691	5926
3000	4753
2438	4187
5817	5302
2707	2444
6420	4526
5992	4891
6490	4467
4204	4127
3004	3612
3525	6111
2591	3881
2905	4161
3416	4376
3266	5534
3719	3333
2978	4006
3124	4401
5469	5282
3220	3660
4895	3065
3676	3005
7359	3205
4674	4789
5063	2526
3808	4478
3384	2714
2028	4145
3437	3193
2794	3940
7119	3259
1667	3016
2536	4532
3100	6653
5248	4522
3006	3496
3053	5091
3779	5067
2688	4547
3362	2947
3038	5622
8744	4794
6561	2796
2696	2741
5998	6315
5487	2569
3594	3309
2784	5182
3386	4322
3140	4812
3218	4584
2653	3527
4303	4291
3012	5590
3290	5816
3632	4934
2874	6340
2959	7298
3272	4024
3249	5667
8065	4019
6900	3815
5630	5229
3702	3559
3144	3430
2841	6244
1960	5058
3212	5865
3332	5142
2409	3199
3897	3833
4870	3784
2482	4408
2976	4653
7332	4463
3463	3272
2882	3944
5895	3202
4590	4627
3969	3828
3078	6511
3244	5681
4344	5258
2732	3163
3563	3909
1174	5190
3576	4866
4126	4473
3829	3646
3259	3414
2396	4605
3754	6110
3621	3327
2005	4006
3801	4555
4756	5465
2735	4731
3819	2963
2513	4287
3580	3043
6875	4632
4039	5729
2425	4463
6557	4817
3393	4114
3054	4280
2288	3696
3168	3994
3571	4828
3141	5969
5847	4565
3227	4573
1936	3316
2813	5583
7493	4507
6391	4395
1271	4675
3324	3457
4942	2117
4686	3034
3143	5238
3981	3211
3112	4725
8886	4322
3227	6924
3137	4128
3967	5498
2223	5107
3513	3521
4248	5260
2087	5136
2150	4546
6552	5546
3655	6385
3480	5175
6320	3486
4671	3876
2376	3908
3410	4447
3895	3951
3004	3170
3354	5574
2519	4946
4767	3972
3172	5163
5006	3889
4091	3531
5172	5622
6814	4291
3582	4480
1118	6289
3213	6218
3053	4562
3469	4414
3135	6008
3204	3704
3781	2837
4909	5179
9045	4872
6073	6378
3723	2806
3466	4556
2971	4106
3375	3046
2859	5347
2963	5043
2126	5138
7979	3037
3794	3878
2626	2540
6940	6364
2914	3829
3597	4222
3104	4464
5803	4897
3380	2915
2666	4051
2579	4489
2730	6219
4999	4438
2257	2694
3519	4500
3820	3683
3763	4939
9519	4612
2677	5549
5679	4793
6996	4129
4409	3420
7658	4195
3893	2977
3266	2901
4223	3337
3501	4292
5646	3436
6529	3073
3081	5823
3395	2519
2503	5432
1673	4874
3720	4424
3385	3541
6903	4951
4109	4773
3532	2122
4080	6272
6943	5818
3722	2611
2404	4850
2833	3985
5681	4914
3023	3579
3465	4582
987	5347
8198	6094
2970	6534
2726	4911
3720	4523
3592	5034
3725	2616
3021	3961
3815	2877
3459	3284
3464	5544
4451	4089
2203	4566
2592	9999
5412	5049
3369	4752
5290	2917
4014	5308
3208	5488
3229	5734
3308	3532
6963	4033
2919	5523
4551	4048
4135	4248
2304	5447
4762	8392
3638	2935
3349	6623
8931	3510
6539	3234
2457	2839
8511	4353
