4495	183
4035	550
3622	1284
4473	92
5646	0
5895	0
4242	917
3892	734
4553	183
4041	183
3732	1376
4942	92
4668	92
4224	183
5370	275
4748	183
4862	459
4883	459
4692	367
5116	367
5083	92
4851	92
4768	367
4639	275
4556	275
4937	275
1316	5688
4276	92
5071	183
4171	1835
3410	2844
4031	1651
5111	183
3760	1559
4383	459
4961	0
3908	2202
4308	826
5077	92
5113	367
4434	183
4641	826
4497	917
5408	0
4113	459
5129	92
4348	734
4944	0
5133	92
5194	0
4449	92
4399	0
5619	0
4373	459
3941	459
5789	0
4171	550
3048	2569
5215	275
5234	92
4582	92
4461	0
4371	275
3733	1009
5444	92
5235	550
4713	183
4902	183
3291	1559
5019	92
4336	183
4586	459
6118	92
4656	459
5515	92
4234	550
4506	734
4539	642
4991	183
5530	0
3915	734
4673	275
4338	459
5190	183
5053	92
4720	275
4616	183
4574	275
5327	92
4361	92
3785	917
5316	275
5069	459
5043	459
4763	92
5044	0
4057	826
4921	92
4159	92
5212	183
4700	275
4781	459
4315	183
4444	367
4027	275
4318	367
5106	0
4575	367
4111	1284
5830	92
4572	275
3444	1926
3844	275
4863	92
4935	642
4505	92
5577	0
4552	92
4302	367
4860	550
4761	92
4475	92
3357	2752
4505	92
5056	92
5525	0
5344	367
3857	826
6200	642
4302	642
4404	92
4774	275
5302	275
3586	1376
4291	92
4755	0
5076	275
4635	183
5535	92
3984	1193
4670	367
7235	1651
4987	0
5008	0
5221	92
5027	367
4562	92
5175	642
4831	92
5331	275
5331	0
4783	92
4117	183
4933	275
4671	183
4306	642
4688	0
4194	367
5838	183
4825	459
4538	459
4422	1009
4378	642
5317	0
3861	642
4899	183
4160	826
4576	642
4694	367
4828	275
5080	92
4266	275
5773	92
4826	367
4827	183
4682	92
4583	92
5205	459
4458	183
5465	183
4968	183
5485	92
4615	275
4139	367
4892	183
3996	1376
4578	183
4242	917
4054	917
4359	92
4374	275
4434	0
5411	275
4515	183
4828	0
4192	1009
4471	275
4309	459
4836	183
4214	459
4431	550
3843	734
4544	183
4507	459
4816	275
5192	92
4579	459
4667	459
4855	183
4884	92
4165	1376
4840	367
5356	92
4638	183
5437	275
5983	459
3692	1284
4608	0
5074	275
4350	183
4057	917
4176	734
4486	183
4635	0
3820	917
4514	367
4565	92
4741	275
4952	92
4243	459
4358	734
4584	92
4345	642
4259	1743
4508	826
4234	367
4964	367
4288	183
5665	92
4726	92
4574	459
4747	0
5429	183
5856	550
4094	1376
4663	92
5211	0
4715	275
4365	459
4561	0
5052	92
5450	183
3537	2202
4529	183
4643	0
4390	1284
5020	92
4016	1101
6107	92
4791	1193
5233	459
5094	367
6253	275
4305	183
5150	92
4432	183
4512	275
5307	92
4788	92
4204	183
4528	183
4870	92
4393	183
4276	275
5053	275
5331	92
5612	92
4607	183
4940	92
5302	0
4368	275
4665	183
4239	642
3986	183
4662	183
4441	550
5207	183
5405	92
5195	0
4471	642
4671	367
5076	92
4754	367
5361	275
3912	1193
5246	0
3776	1193
4780	92
5315	0
3956	550
4567	275
4755	183
4527	275
4020	734
4724	183
4741	459
4391	459
4830	0
4218	550
4183	1193
4416	92
4649	1009
3710	1193
4779	92
4227	459
4367	92
4355	183
5010	183
5143	183
4782	0
4720	183
5045	92
4376	0
4645	367
5146	183
4266	367
3653	1468
4904	183
3699	1926
5310	92
4790	0
5068	92
4034	459
5103	0
4727	550
5040	183
4569	550
4945	92
4407	183
4452	917
3264	1468
4419	642
4268	275
5039	183
4752	0
5814	92
4986	92
5116	0
4689	92
4448	92
4511	275
5066	275
4369	734
4307	734
4121	275
5440	92
4985	183
5001	92
5031	275
3890	1193
5511	0
4537	1193
4775	183
4912	0
4436	183
4955	459
5342	92
4611	550
5458	0
4785	92
4235	550
4765	459
5322	367
5141	92
4465	0
5078	0
4286	183
4206	826
4595	459
4941	275
3126	2935
4600	459
4407	734
5135	92
5178	92
4057	1193
5081	275
3347	1559
4600	0
5081	642
4712	92
4806	183
5026	0
4635	0
5029	183
4818	550
4565	459
4448	275
4645	367
4391	459
5010	183
4874	275
4506	459
5059	183
4497	183
4981	92
4401	826
5183	367
5128	92
4690	183
4812	92
4425	550
4663	642
4618	0
4856	92
4827	734
5086	92
4547	1193
5078	0
4043	459
5852	275
4832	92
5619	275
4977	0
4943	0
6166	92
5217	275
4936	92
4433	0
4629	183
4369	275
4310	1101
5282	367
4690	92
4286	642
4395	92
4524	642
5184	0
4433	183
4425	275
4332	367
4725	275
4394	367
5240	275
3637	1559
4297	1101
4153	550
4949	367
5016	92
4987	183
5414	183
4661	0
5597	92
4696	92
4588	0
4701	367
4552	550
5134	459
4506	92
4516	183
5029	0
5260	183
5263	92
4142	1193
4826	275
4643	183
5283	183
6762	1009
4334	917
4356	367
4775	550
4263	734
5054	183
4332	92
3565	1376
4849	0
4882	275
4303	0
5776	92
3437	2202
4645	459
4899	92
4681	275
4159	826
5803	92
4422	183
5081	0
3981	92
5460	183
4442	550
3754	1101
4409	0
4642	92
5197	92
4769	92
4367	642
4499	183
4797	183
3587	1376
5257	92
5606	92
4499	92
5064	275
4224	550
4690	275
4349	826
4380	183
4799	550
3978	92
5845	0
4659	92
3729	1009
5149	183
5628	92
3806	917
4808	642
4366	367
4290	275
4185	642
4077	275
4442	275
4375	183
4274	642
5503	367
4649	92
4604	642
4109	459
4463	92
5091	183
5214	92
4184	367
4853	183
4691	367
4590	92
3073	2660
4649	183
4704	917
4640	550
5297	183
5560	183
4272	0
4693	275
3998	459
4644	734
4909	183
4951	0
4892	183
4426	550
4487	0
4506	92
6306	0
4987	642
5017	183
4967	183
4271	1009
4482	917
4252	1193
4343	183
4914	0
4370	459
4387	826
4326	183
4049	1193
4258	367
4208	550
4521	92
4221	275
4893	183
3977	0
4261	183
4177	367
4997	92
4146	734
5986	92
4550	917
5154	0
4870	92
5068	92
4587	92
4540	367
4077	642
4156	92
4800	275
4421	0
4742	734
5663	92
5960	550
5531	0
5191	183
3899	1835
4099	1376
4791	550
4806	0
4636	92
4464	92
5567	0
3926	642
3783	1284
4568	275
4353	92
5354	183
3284	1743
4811	275
3936	1193
3778	917
4629	550
4918	642
4289	367
5228	92
6472	183
4946	92
4627	0
4974	183
4874	0
4017	1193
4096	734
4820	183
4869	367
4169	275
2938	2569
4167	734
3803	1284
5340	0
4825	183
4876	367
4560	92
5896	92
5340	0
3138	2844
4893	459
5421	0
4464	367
4792	92
5104	0
4721	642
4178	0
5318	0
4347	550
4216	1101
4046	917
4731	183
4107	92
4194	1376
3617	1009
4314	1284
3953	734
4839	275
3172	1835
4941	367
4905	92
4385	734
4933	92
5440	183
4226	734
3945	1559
3016	0
4910	0
5220	183
4819	917
4593	0
3113	3027
4757	0
5408	92
4650	1009
4297	0
5529	367
4378	550
4342	275
5826	0
5003	275
4525	183
4626	0
4851	92
4079	550
4566	275
4721	275
4862	183
4220	459
4481	0
3613	1926
5215	642
4258	0
4626	92
4653	0
5261	183
5297	92
4608	642
5355	0
4441	92
5329	0
4167	550
4601	92
5373	183
5073	275
4758	92
4944	183
4674	459
3997	550
5566	92
4816	0
5082	275
4782	92
4698	459
5204	92
4033	92
4462	459
5282	275
4878	183
4704	92
4299	183
4510	183
5278	275
4489	826
4700	275
5238	183
4629	275
4542	183
4643	826
5146	275
4427	550
5045	92
4934	459
5048	183
5001	550
4530	642
4990	183
4612	183
5566	0
4256	183
6393	0
4579	275
4449	183
5462	275
4773	275
4876	459
4015	459
3906	1193
5504	183
4615	459
4247	550
4210	550
4267	275
5194	0
4519	0
4979	92
5887	92
4547	0
4540	0
4695	183
4269	92
4270	550
5091	0
4892	92
4253	275
4741	0
5460	275
4539	92
4891	275
4797	92
4838	0
4455	0
4489	367
4567	183
4660	459
5149	92
4855	459
4982	0
4534	1101
4434	183
4955	367
4228	92
5822	0
9999	3945
4557	550
5415	275
4749	183
4699	459
4401	92
4695	459
4522	183
5917	92
5128	183
4473	275
4471	275
4466	92
4507	1101
4661	459
4805	367
4126	734
4763	183
5092	92
5057	183
4607	0
4444	550
4622	459
3941	1284
4640	275
3569	1284
3228	2660
4531	92
4743	367
5272	0
4738	826
5279	92
4410	92
4901	92
4649	275
4691	183
4028	734
4455	183
4986	459
4589	92
4062	826
4670	183
4602	459
4209	459
5044	183
4931	0
4559	183
4416	367
5629	0
5115	459
4648	550
4055	367
4236	1193
5118	183
4197	275
4674	92
5636	183
4731	1009
4434	642
5348	92
4634	183
4986	183
4728	0
3760	917
5097	92
5033	183
4076	459
3769	1284
5352	92
4242	183
5001	92
4564	183
5036	459
4788	275
4639	275
4650	183
4971	275
5326	459
4698	92
4184	275
4732	92
4908	92
4589	183
4257	1376
5167	0
5274	183
5036	183
4736	0
4785	275
5060	183
5024	0
4131	734
4694	367
4849	0
4708	642
4830	0
4150	275
4505	92
4428	459
3824	275
3644	2202
4475	275
4948	92
5016	275
4105	459
5238	92
4368	459
5558	275
4416	183
5227	183
3952	1009
4615	275
5044	459
4525	1193
4358	367
5475	275
4610	0
4143	1376
5219	183
5097	183
4051	734
5446	0
4437	275
4090	1284
4618	367
4623	275
4542	459
5055	183
4706	0
4675	0
4645	0
4268	826
4648	367
4344	367
4095	183
4589	275
4922	275
4764	183
5041	183
5409	183
4036	734
3918	642
3467	183
4329	734
4084	1193
4319	367
5191	92
4214	275
4796	92
3722	826
5183	0
5126	183
5095	92
5447	0
5565	92
4720	459
4221	826
3474	2018
4722	183
4679	642
3676	1101
3777	367
5159	92
4726	367
4270	1651
4876	92
5019	0
4924	367
4075	92
4638	275
4546	275
4409	1009
3729	2018
3733	917
4075	734
4441	459
4001	1101
4929	92
4288	734
4437	367
5541	92
4601	183
5018	92
5190	92
4649	734
5618	0
5716	92
4723	550
4990	0
5342	275
4612	275
5284	275
5338	0
5465	0
4751	183
4969	183
3478	459
4626	183
4581	0
5665	642
4579	183
5046	92
4944	0
5521	367
4755	183
4809	367
4337	917
3226	2385
3570	1468
4251	275
4747	183
4731	92
4827	92
5440	0
5519	275
5088	92
4604	275
4916	183
4573	0
4713	92
4554	92
4466	1009
4243	734
4818	734
4196	459
4650	367
4950	92
5167	0
4770	275
4560	0
4214	642
148	9449
4637	92
4836	92
4292	92
4184	367
5173	275
4356	550
4550	92
4184	0
5245	459
4146	1193
4564	0
4166	1009
5052	92
4442	183
4157	0
3583	1651
3507	1835
4927	0
4540	0
5122	92
4890	92
4686	183
4954	275
4408	1009
4175	734
4117	459
4147	826
5012	92
4511	275
4407	92
5470	92
4429	550
4631	92
4291	275
4721	183
5222	183
4170	1193
4599	550
4788	183
4361	367
4689	0
4988	275
4678	275
4822	92
5096	92
4693	642
4546	183
5233	0
4197	92
5416	275
4732	183
3565	1651
4070	459
4093	0
5061	92
4258	459
4404	826
4096	1009
4943	459
4550	367
4868	92
5280	275
4617	275
4355	0
4645	734
4895	275
4528	275
4379	367
5185	367
5470	0
4954	183
4615	92
4645	275
5659	183
6026	0
4438	275
4199	275
4917	550
4345	92
4647	550
4786	734
5116	183
5006	367
4717	275
3768	1284
4611	0
4871	183
4129	367
4957	183
5154	183
4729	92
5619	0
4955	642
5692	92
4522	92
4725	92
4845	0
5115	92
4755	0
4714	642
4435	0
2787	2477
4445	0
5025	0
4754	0
3917	1376
3733	1835
4536	92
4182	459
3761	1376
3099	2477
3688	1376
4882	92
3709	550
4777	367
4564	92
4866	92
5605	183
4861	367
4702	183
4715	183
4768	183
4201	459
5525	183
4304	92
4852	183
3796	1193
4026	642
4889	92
4903	183
4492	367
4872	183
4499	183
5236	92
4771	183
4076	459
4755	92
5385	183
3294	2385
4692	550
5053	275
5229	367
5713	92
4986	92
4764	367
3313	2293
5143	92
4796	183
4221	826
3878	1284
5441	459
4389	183
4721	734
4890	459
4049	734
4770	459
4545	642
4546	826
4546	459
2975	2385
4729	0
4489	367
5011	0
4515	1193
4516	183
4838	0
4583	917
4309	275
6764	459
4759	183
4300	92
4404	0
5567	826
5391	92
4710	183
4828	459
4756	459
4650	92
4503	367
4000	367
5593	92
4340	92
4253	275
5457	183
4365	1009
4615	92
4932	92
5232	183
4167	734
4122	367
5105	275
5314	92
4451	92
4342	0
4814	0
4914	92
4872	550
4592	92
4776	0
5012	92
4677	367
4867	0
5361	0
4648	275
3633	1651
4083	1193
3428	1926
4656	183
5123	275
3828	826
4094	734
5219	92
4299	459
5344	275
5119	275
5057	275
4048	642
5322	0
4339	734
5394	0
3944	1284
4120	1101
4346	1009
4468	826
5452	92
4582	0
4682	92
4818	459
4224	183
3996	1193
4053	275
4352	275
4133	1284
4251	459
4516	550
4515	92
4025	275
5170	275
4675	367
4308	92
5167	0
4818	92
4265	275
4563	92
4774	734
5175	92
4833	92
4371	183
4840	275
4658	183
4752	92
4878	92
4865	183
4619	275
4301	367
4515	92
5710	92
4392	275
4608	642
4138	642
4449	275
4509	275
4895	459
4172	183
4600	642
4550	642
4626	917
4271	734
5038	92
4983	0
4803	367
4585	459
4233	183
4583	642
4119	275
5015	0
3992	826
4829	459
3907	1009
4202	183
4846	0
4326	826
4469	275
5043	92
5430	275
4692	92
4563	642
5080	92
4833	183
5047	0
3829	1559
4119	642
4539	183
5085	92
4425	183
4962	183
4462	459
4921	0
5216	0
5236	92
4896	550
4472	367
4033	183
4752	0
3572	2110
4468	550
5029	0
4794	275
5304	92
4275	550
4966	0
5307	550
4465	459
4648	275
5357	183
4724	92
5036	0
5868	92
4290	459
4595	734
4529	92
4400	183
5253	0
4318	183
5048	183
4165	642
4919	92
4154	367
5150	0
5200	0
4848	275
5581	367
5041	367
4260	826
4301	459
5379	0
4635	92
5398	183
4376	459
3425	1468
4800	183
4838	459
4280	367
5571	642
4461	92
4288	550
4328	1009
3927	1193
5207	367
5555	0
4772	550
5135	0
4602	0
4351	734
5066	0
5190	0
4330	367
4842	367
5096	0
4951	183
4911	92
4443	367
4512	275
3441	2385
5035	183
4474	550
4457	0
4667	0
4907	367
4254	367
5075	92
4702	92
4591	459
4295	0
4946	183
4313	826
4263	275
4775	0
4851	275
3483	2202
4646	275
4106	459
5294	275
3468	1835
4685	642
4124	826
3779	1376
5162	92
4538	92
3230	1835
5582	92
4580	275
5470	92
4348	826
4676	275
5442	0
5445	275
4780	0
4425	826
4664	92
4360	550
3424	1468
4192	92
4067	734
4823	275
4998	367
4387	459
4259	275
4147	459
4379	183
4883	0
4064	1101
4194	1284
4582	1009
5860	642
3701	1193
4185	367
4283	183
4720	183
4004	917
4422	92
4976	0
4661	367
4364	826
5655	0
4903	92
4968	183
4869	459
4914	459
4056	1284
4472	459
4258	92
5688	0
4226	92
4002	734
4228	459
5033	183
2575	3119
4788	0
4564	275
4649	183
4268	1284
4983	183
5149	367
4185	0
3442	1743
5009	0
4730	92
4263	367
4743	92
3701	1926
4020	1193
4368	183
4630	183
5398	183
4404	550
4155	183
5501	0
4382	275
4494	459
4750	275
4447	0
4787	275
5181	183
3832	917
5176	0
5611	183
4419	550
2776	3119
4878	92
4941	0
4414	367
3727	1926
3917	734
4160	1009
5052	0
4625	275
5185	92
4878	183
4423	459
4600	92
4211	734
4852	92
5343	0
5560	0
4911	92
4048	1651
5041	0
4431	92
4871	275
4989	183
5343	275
4272	0
4110	183
5036	183
4613	734
5075	92
5635	92
5039	92
4252	275
4927	92
6012	1101
4618	183
4989	0
4901	550
4377	734
4660	367
4269	183
4389	275
4861	0
6112	183
4155	917
4725	459
5096	550
5213	0
4119	275
4523	734
5083	92
4699	0
5175	92
4697	0
5315	183
4742	183
5304	0
4560	275
4555	183
4709	0
4596	642
5280	183
5139	0
5435	642
5056	183
4862	183
5078	92
4141	1009
5085	92
4679	734
3274	2844
4708	0
4138	183
4103	550
4216	1101
4300	917
4817	92
4319	734
4793	275
4162	367
5000	0
4883	642
4652	0
5425	367
4664	550
4275	642
5053	92
5087	92
5278	0
3523	1376
4973	0
3912	1101
4763	550
4580	0
5108	459
4538	550
5136	0
4294	642
4416	275
5155	0
4137	550
3114	2202
4565	183
4480	92
4770	92
4916	183
3880	1284
4054	92
4575	367
4957	183
4471	367
5541	183
4902	92
4389	275
4294	92
4320	1009
4181	275
5448	826
4673	183
4574	642
4673	92
4219	367
5547	92
4843	642
4944	734
4760	275
4825	92
4860	183
5283	183
4987	917
4809	459
4978	183
5348	0
4679	734
4279	183
5012	92
5424	275
4920	275
2724	2752
4146	459
4127	1101
5260	92
4152	734
4564	0
6110	642
4524	826
5075	0
4860	275
5088	459
5129	92
4366	642
4568	92
4062	1376
4864	0
4210	734
4880	459
3058	3119
4679	367
4602	275
4958	92
4657	183
4536	92
4302	642
4429	459
5475	0
3808	1009
4825	183
4420	0
4984	275
4874	92
4290	367
4669	92
5568	92
5198	0
5138	275
4486	92
6054	92
4404	367
4601	275
4161	275
5183	0
4490	183
4334	0
4878	459
4450	459
5035	367
5211	275
5585	0
4703	275
4448	550
4435	92
4895	917
5333	275
4216	550
4008	1651
4510	183
4542	92
4686	275
4814	0
5266	92
4848	183
4688	183
5857	0
3837	642
4257	275
3775	826
4902	92
4663	183
4525	642
4685	275
4574	826
4381	367
4644	459
4819	0
5064	92
5269	183
4895	92
4589	459
4913	275
4928	550
6326	183
5017	92
4351	183
4468	183
5449	0
4275	826
5050	92
5519	183
4883	183
4025	183
3671	1193
4654	550
4834	92
4859	0
5140	0
5084	367
4731	183
4395	367
3127	3211
5134	275
4935	92
5009	0
3753	1743
4902	183
4517	183
5484	0
5457	92
4964	0
2899	2202
4532	459
4771	183
4247	642
3990	1009
4396	734
4339	550
4611	92
4622	92
4267	0
4840	183
4573	275
4947	183
4828	183
3835	1651
4672	183
4413	550
3971	550
4466	367
5204	0
4952	459
4380	459
4934	183
4828	367
5158	92
4686	550
4878	92
4608	367
4674	92
5160	92
4290	1009
5040	275
4204	734
5172	92
5632	275
4468	367
4628	459
4708	275
5000	0
5618	92
4946	275
4246	367
4357	550
4886	0
5263	92
5046	92
5066	92
5062	0
4458	367
3559	1376
5068	183
4966	92
5323	183
4506	367
4591	459
5475	0
5013	183
4688	0
4967	0
4833	275
5095	275
5327	0
4726	92
4298	550
4920	275
1395	4954
4033	642
4260	367
4890	550
4542	367
4354	183
4285	183
2444	3578
4562	734
4585	92
5293	92
4725	642
4654	0
4457	183
4569	183
4104	459
5157	183
4630	642
5388	0
4221	367
4291	459
4861	92
4943	0
4664	642
5528	459
4755	367
4278	826
4661	275
4245	1009
4509	642
3604	642
5323	92
4737	367
4313	367
4756	275
4535	550
3226	2660
4006	1101
4483	275
4979	183
4234	1009
4823	0
4609	92
5094	0
4182	734
4591	92
4485	826
4660	734
5047	275
4509	275
4209	642
3957	459
4188	642
5085	92
4049	1193
4951	275
3932	459
4432	734
4548	183
4488	1101
4563	459
5149	92
5390	92
4606	275
5086	275
4177	1101
4248	183
4606	459
4916	275
4700	367
3409	1651
4459	459
4834	92
4183	550
4273	275
5406	0
4709	183
4343	734
4568	92
4012	642
4650	92
3979	367
5456	0
4524	734
3977	459
4481	183
5434	183
4798	367
4999	183
4025	1468
5790	0
4200	92
4735	92
5493	459
4953	183
4886	183
4158	1009
4429	183
4800	92
4269	550
4640	183
4689	275
4162	550
4051	367
4373	550
4613	92
4812	183
4759	459
4167	1284
5160	92
4857	183
4481	550
4093	550
3880	1743
5034	92
4406	734
4516	92
4177	275
4543	183
4606	0
3891	1193
4933	183
5086	183
4095	367
4466	367
4710	92
5058	550
4939	0
3986	275
4417	0
4584	367
4753	367
4792	183
6838	1009
4176	92
4642	92
5346	183
4642	183
4284	459
4058	734
3870	1009
4911	275
5376	92
4418	367
4356	917
4566	92
4843	367
4302	92
4549	92
4690	92
4431	183
4998	0
3670	1101
4467	367
5497	0
4737	0
4738	92
4964	183
5057	92
4559	367
5094	0
4988	92
4447	367
4423	275
4038	183
4853	92
3847	734
3435	1651
4330	1101
5472	275
5128	92
5122	183
5258	92
4726	183
4453	367
5253	92
5773	0
4508	92
4573	92
4622	92
4652	92
4048	642
4892	459
4634	92
5022	734
4153	642
5051	459
4240	92
5369	183
5139	0
5378	183
4949	0
4558	275
5237	367
4828	92
4434	550
5198	92
4617	367
5111	367
3861	826
4980	92
5490	0
4872	367
4603	183
4990	183
4276	183
5539	275
4006	0
4205	367
4344	734
4961	183
5589	0
4901	367
4030	550
4300	275
4925	550
4175	826
4519	0
4010	367
4135	92
4588	183
5577	92
4413	459
5272	183
5147	92
4942	459
4385	550
3912	734
4419	367
4531	0
4904	367
4420	275
3696	1835
5279	183
4773	1101
4802	550
4102	183
5486	0
4077	1835
4699	367
4951	92
5221	367
578	6054
4516	0
4841	367
4536	642
4771	92
5178	0
4273	826
4578	0
4783	459
4313	275
4810	734
4502	0
4458	275
4612	367
5104	183
5209	92
4436	459
5473	0
4305	275
4592	367
4684	183
3142	1926
4160	0
4335	367
4838	183
4072	826
3468	1743
5389	0
4220	0
4278	92
4388	550
4523	367
5147	92
4328	275
5791	92
5206	183
5338	0
4259	826
4424	459
5713	0
4573	459
4719	275
4873	92
4462	367
4714	183
5190	0
4695	275
4898	275
5050	367
4744	275
4191	459
5314	183
4860	183
4781	917
4420	0
5065	92
4393	183
4535	183
5096	0
4228	92
5603	275
4791	0
3747	917
3530	1651
4441	1193
3961	734
4200	550
4904	275
5376	367
3786	1743
5122	92
5287	275
4336	550
5503	826
4350	550
4588	183
4132	275
5092	92
4923	92
4682	734
5039	0
5015	367
4495	92
4812	92
2737	2844
4716	734
4630	0
4438	550
4420	92
4678	92
4430	367
5167	275
4155	1009
4523	183
4973	183
4374	275
5315	0
4395	459
4474	367
4579	183
4268	734
4395	459
5050	0
4523	367
4107	642
4904	459
3831	1284
5297	92
4103	734
4157	734
4959	459
4478	1101
4595	183
4665	92
4653	92
4754	183
4193	1193
4886	550
4911	92
5218	92
1927	3761
4756	275
5103	183
4450	826
4354	642
3939	1193
2858	2935
4283	1009
5122	367
5165	183
5187	0
4216	826
4975	367
4475	183
3720	183
4858	0
4806	734
5264	183
5430	183
4291	826
4309	275
4972	92
4585	0
5086	367
4644	275
4487	183
5017	0
4464	367
4233	0
5803	183
4143	275
4423	183
4707	0
4609	642
4225	1651
4608	275
3914	459
5868	0
4528	367
4803	459
3757	1101
4102	1101
5041	0
4232	550
5016	0
4716	459
3994	459
4484	0
4729	183
4627	183
4699	826
5285	92
4283	1559
5543	92
5057	92
4508	275
4857	183
4334	0
4659	183
4713	367
4344	459
4427	734
3846	275
4868	642
5323	0
4057	459
3879	550
5019	183
4648	275
4552	550
4268	826
4890	183
4591	550
4541	92
5128	367
4539	183
4849	92
4602	92
5100	275
4920	367
4371	459
4135	459
5209	0
4444	367
4486	367
3833	1835
4596	92
5424	0
4694	367
5295	367
4920	642
5032	92
4664	367
5018	550
4578	642
3908	367
4790	0
3388	1193
5006	183
4087	642
4176	183
4248	826
4453	550
5027	92
4884	183
4619	275
4887	183
4160	734
5227	0
4720	183
5022	0
2977	2752
4175	183
5106	275
4819	459
5194	734
4193	0
4413	92
5244	183
4828	183
4551	92
4581	183
4290	183
4020	367
4668	183
4120	92
4074	917
3489	1835
4653	0
5222	0
4525	550
4905	642
5264	183
4800	275
4058	1376
3927	1101
4134	642
5086	459
5393	183
4811	0
5276	367
4827	92
5242	275
4241	642
3865	1193
5064	92
4582	92
4336	183
4406	1835
4246	92
4810	0
5144	92
4308	275
4323	275
4979	183
4481	459
4501	92
4994	92
5275	92
3552	3027
4507	459
5065	367
4507	642
4928	275
4094	917
681	5137
4977	183
4878	183
4815	275
4864	1009
4187	1101
4559	550
4197	459
4103	1101
4714	367
4525	734
4679	183
4778	0
4186	92
3980	1193
4524	183
5122	183
5875	183
4584	550
4747	183
4080	826
4070	367
4975	92
4233	1009
4405	92
5147	92
4240	183
4110	826
4879	367
4618	275
5075	0
4598	367
4400	275
4991	459
4415	183
4393	92
4488	183
3286	2110
4717	0
4217	642
4720	0
4866	92
4971	183
4516	367
4940	642
4575	550
5239	92
5283	183
4413	550
4214	1284
4199	183
4472	92
3168	2660
4893	367
4646	459
4565	459
4506	92
4236	550
4773	275
4843	367
4892	0
4947	0
4206	92
5145	183
5215	0
5163	92
4928	183
5067	92
4420	459
5058	183
4931	459
5040	92
4829	0
5170	0
5328	92
4815	367
5504	275
5484	92
7112	734
5364	183
4030	1376
5054	183
4830	183
4047	275
4349	183
5100	92
4127	0
4939	642
4671	642
3762	917
4583	183
4377	642
4689	183
4740	183
4351	642
3764	1101
5155	642
4234	1193
4892	92
4391	550
5000	183
4554	1101
5174	0
4031	734
3521	1835
4411	183
5113	550
5123	183
4636	367
3744	1835
5259	0
4912	92
5243	0
5298	550
4112	1101
5195	0
3632	550
5135	92
3961	917
4167	92
4806	275
5057	0
4725	92
4256	459
3830	0
4517	0
4687	92
4031	367
4419	275
4308	0
5473	0
4688	183
4733	183
4915	183
4921	550
5392	92
4552	92
4565	0
4768	92
4983	275
4467	183
4637	275
3701	1559
4375	275
4452	459
4779	367
4338	550
5093	183
4867	92
4744	183
4641	642
3705	1101
4573	183
5502	183
4365	183
4760	92
5103	183
5152	275
5089	183
4306	734
4286	550
4743	92
4325	92
9271	2569
4162	826
5602	183
4863	367
4853	92
5332	275
4500	550
5084	0
6246	734
4886	183
5340	0
4877	459
4526	183
4169	459
4993	183
5330	183
4612	183
4700	550
4808	0
4686	183
5816	0
4136	459
5017	459
4401	183
4509	1101
4336	92
4626	734
5054	459
5123	92
3954	1651
4649	183
4655	92
4963	1009
4294	459
4664	275
4854	0
4682	92
4204	92
4507	92
5249	183
4465	459
4609	0
4711	92
4887	183
4688	183
5330	459
5572	826
4532	0
3152	1559
4671	0
5578	92
5018	0
4834	92
5658	183
4398	734
4901	1284
4336	275
4679	183
5860	0
5178	1009
3478	1926
4438	367
5726	0
5763	183
1971	4220
4955	183
4746	183
4498	367
5250	0
4672	92
4354	275
5026	183
6051	92
5101	183
4308	642
4559	917
3808	917
4607	459
4220	734
3570	2385
4457	92
4812	0
5018	183
4444	92
4940	275
4425	0
5315	183
4476	367
3786	917
4947	183
4843	92
4855	275
5231	92
5651	0
4202	275
4642	367
4370	275
4772	0
3375	2202
4458	367
4007	92
4227	1193
3407	1651
4670	459
5448	92
5042	275
4371	642
4422	0
4316	367
4831	367
4536	275
3470	2018
2133	3761
4786	0
4740	550
4897	642
4553	459
4253	917
4998	92
4303	183
4096	734
4943	367
4742	275
5010	0
3784	1376
5109	183
4818	183
4773	92
4762	459
5108	275
4695	0
4287	183
4427	183
4653	183
4535	0
4300	183
4418	367
4750	0
3748	1101
4593	275
4531	183
4132	826
4737	183
4679	367
3720	826
3936	734
4894	367
5018	92
4114	550
4953	92
3294	1743
4151	92
4402	183
5597	275
5503	92
4890	183
5094	0
5211	0
4333	826
4381	917
5615	183
4885	642
6132	92
4334	642
4662	275
4697	183
4692	0
4593	275
4678	550
5318	0
5190	183
3858	275
4102	1101
4862	183
5400	92
4498	0
5601	1193
5278	92
4789	92
4491	1193
4532	459
5081	367
3518	2110
4155	367
4628	92
4410	550
5128	275
4388	275
4487	826
4750	0
4544	183
4584	275
4962	0
4683	642
5384	0
3528	1559
4284	1376
4352	459
5038	275
3844	2385
4789	92
4569	0
4803	0
4754	275
4432	642
5276	275
4688	183
3967	917
4728	92
4490	92
4443	0
4403	367
5288	275
4529	183
4541	92
4357	275
4278	642
4386	92
4640	92
4127	1651
3413	1284
4560	826
4188	1468
5043	183
4733	734
4824	367
3831	1009
4665	0
5223	92
4465	367
4607	0
4560	92
3904	734
4946	0
4772	92
4862	0
4343	917
4492	826
3354	1284
5110	92
4880	183
4730	183
4825	183
4895	0
5550	0
4446	92
4632	92
5353	275
5461	92
4180	826
4460	459
3303	2202
4613	550
4965	92
4143	0
4732	92
5323	0
4706	367
4690	275
5038	92
5001	275
4905	367
4728	92
3710	550
4693	92
4821	459
4615	0
3555	1376
3186	2660
4968	0
4197	550
4918	92
4194	459
4463	92
4694	275
4482	550
4276	826
4942	0
4762	183
5489	92
5247	459
5188	0
5384	0
4532	459
4057	183
5648	92
4496	275
4633	275
4653	92
4985	0
5043	550
4588	183
4498	275
4630	183
4770	0
5107	0
4868	459
5083	92
5064	92
4679	0
4123	92
5111	0
5265	275
3971	1101
4451	183
3998	642
4916	92
4227	917
4667	0
4881	0
4143	826
3838	1468
5125	0
3738	1101
5117	92
5236	0
4757	275
3976	1193
5080	183
4496	642
4372	367
4362	1926
4608	92
4464	183
5517	183
4793	183
5028	275
5967	92
5110	92
4936	92
3409	1835
5024	92
4407	0
5354	367
4795	92
4828	92
3988	917
5102	183
4890	0
4345	183
4335	275
5277	0
5068	92
5257	183
4629	92
4427	275
4912	0
3537	1651
4530	550
5004	0
4810	183
5282	275
4448	0
2902	2110
4071	275
4164	92
5405	92
3992	1193
5556	183
4483	275
4933	0
5145	183
5113	183
4678	92
5055	92
4372	275
5418	183
4715	642
3660	826
4709	92
4659	183
4056	734
4796	183
4123	183
4762	183
1917	4311
4874	0
5483	183
4105	734
4895	0
4764	0
4777	0
4677	183
4359	183
3317	2660
3983	0
4661	734
4333	0
4773	275
4530	459
4377	183
4423	550
4414	92
5167	0
4860	183
5106	550
4840	275
4906	550
5018	459
3847	917
3944	275
4559	183
4702	550
4654	92
4771	367
5389	92
4018	1193
5039	183
5316	92
4103	275
4030	734
4619	642
5025	92
3836	1009
4737	275
3101	0
4233	92
4890	92
4693	183
5278	92
5001	0
4658	642
3939	1376
4691	183
4343	275
4993	550
4481	275
5108	275
4666	92
5515	92
4195	734
5417	367
5379	92
4266	367
5247	183
4193	734
4453	734
4711	92
3793	1651
6053	92
4609	183
3889	917
4382	459
5148	92
4786	459
5020	0
4540	183
5400	367
4111	826
3584	1101
4698	183
4992	367
4125	459
5078	0
4033	642
4704	459
4389	367
4573	642
4831	183
5735	183
4538	275
5227	183
4958	183
4633	92
4125	0
4859	0
4755	0
4881	0
4341	367
5038	0
4831	642
4556	367
4066	1284
3811	917
3500	2110
4392	183
4577	183
4765	92
4412	92
3534	1193
4436	275
4322	275
5694	367
4529	0
4035	1468
5042	183
5288	92
3438	2569
4992	183
3900	1101
5080	183
4326	459
4385	459
4474	642
4533	459
4889	459
5299	92
5171	92
4606	367
4061	550
4713	183
4280	183
4838	0
4620	275
5160	459
4974	0
4079	367
5367	0
3825	1009
3181	2660
4837	183
4962	92
4840	0
4363	183
4449	92
3938	1559
4405	367
4912	0
4399	550
5060	0
4221	642
5123	92
5082	367
4527	275
4000	1926
4533	459
1705	4128
3905	1376
4484	275
5072	92
4819	0
5781	0
5103	92
4577	642
5011	183
5104	183
3816	734
5322	0
4080	1101
5054	183
4088	642
4471	275
4948	92
4796	0
4283	275
4834	92
4113	734
5296	92
4353	92
4942	0
3734	1926
5021	0
4831	183
4296	550
4578	92
3980	275
4941	0
4794	0
4067	550
4856	183
4871	275
4366	275
4329	642
5005	183
4140	367
4720	92
4683	92
4291	826
4758	367
4431	183
3970	1101
4235	734
4778	367
4029	1376
4626	92
4541	275
4935	92
4871	183
4763	367
5545	92
4743	275
4993	0
5152	275
4152	826
4842	0
5201	0
4606	92
4641	0
5353	0
6051	92
4958	0
4659	183
5236	917
4942	459
5020	275
4579	183
4762	183
4850	642
5324	183
5023	1009
4560	642
5236	92
3948	917
4074	642
4988	183
4670	550
4984	0
4022	183
4289	275
4429	917
4354	917
4411	459
5109	183
4111	0
4428	275
5012	0
4365	550
4360	826
4329	826
5340	367
3791	642
6033	183
4847	183
4817	0
4428	550
4578	550
4800	92
4794	275
3902	1559
4600	642
3867	1835
4418	734
4510	92
4452	275
4590	183
4897	183
4067	550
4184	826
3628	1101
4577	92
4258	2018
5840	0
4802	459
4419	459
4163	1284
4719	0
3911	642
5005	550
4561	459
4848	92
5080	183
5287	367
4779	0
5250	642
4246	917
4637	183
4939	92
4963	275
4819	275
4656	183
4891	367
5791	275
4143	1193
4260	275
3996	1193
4461	459
4571	0
3643	0
4376	459
4419	367
4571	183
5046	183
4724	183
5143	275
4235	275
4601	0
4417	642
5440	92
4203	183
4997	92
4892	92
4780	92
4770	1101
3414	1559
4551	275
5527	183
5796	0
4650	0
5326	183
4461	92
4601	183
4548	92
5126	183
3045	3302
5241	183
5107	92
5092	275
4571	183
5439	92
4010	642
4841	92
4408	0
4734	275
4802	275
5014	92
3994	1101
4880	92
5128	92
4366	92
4446	734
3848	1376
4745	183
4818	275
4329	459
5355	0
5492	0
5290	275
4673	92
4917	0
3895	1835
4051	183
4977	183
4373	183
5031	367
4505	642
6019	917
5643	0
4703	550
4111	92
5218	275
3675	1193
4096	0
4865	92
3481	2110
4517	459
4276	183
4638	367
4996	459
3842	459
4048	642
4714	183
4678	275
3652	1743
4204	275
5294	183
4743	550
4032	1009
5005	0
4508	92
4812	550
4242	734
4315	734
5451	92
4952	0
4118	1101
5239	0
4250	459
5023	550
4732	92
4492	92
4556	367
4798	92
4902	183
4962	92
4244	642
4534	183
4639	550
3444	1926
4825	183
4577	275
4232	92
4345	0
4184	1193
4839	367
4593	183
4476	275
4819	459
4680	367
4368	917
4573	92
4178	917
4273	550
5170	92
5005	367
4843	0
4810	734
4194	183
4393	0
4897	0
4219	183
4849	275
5114	183
4267	1009
4978	0
4442	459
5153	183
4949	92
4675	183
4772	0
4598	1193
4570	92
5005	183
4582	275
4137	917
4024	917
4913	0
4737	550
4900	183
4330	1193
4646	275
4376	642
5139	183
4632	92
3897	826
4897	92
4702	183
4564	0
4562	1009
4179	826
4251	0
4898	275
4794	459
3875	1284
3939	734
7535	1651
4814	0
5449	183
4367	642
4541	459
4363	917
4992	92
5330	0
3469	1193
5287	550
4093	459
4856	183
4773	183
4149	642
5275	275
4533	917
5068	92
4675	367
5681	183
5634	0
4754	92
4552	367
3620	642
3789	826
4266	92
4820	0
5508	0
3622	1926
4821	459
4208	826
4818	642
4711	275
4760	0
4874	0
3378	1743
4379	275
4295	459
4849	367
4449	367
4824	275
3505	1193
3724	1284
4544	92
4062	367
4253	183
5309	275
4911	275
4985	917
4870	275
5401	92
4558	459
4051	826
4284	826
5294	0
4810	367
5262	183
4513	459
5056	183
4926	183
4306	275
4333	183
5391	183
4716	183
4331	92
4129	1101
986	4587
5032	0
4507	275
5568	275
5003	367
4823	367
4521	367
6351	734
4837	0
5189	367
5137	92
4736	92
3760	1101
4353	1101
4743	183
4720	367
4740	183
5241	92
4738	917
5219	183
4982	92
4095	92
4899	550
5761	92
4103	92
4462	550
4317	183
4393	92
4503	1009
3128	2293
4570	92
4823	92
4602	92
4806	92
4713	183
4722	183
5029	183
5215	92
5366	92
4308	826
5351	183
4336	275
4440	183
5283	0
5066	183
4374	183
4422	0
4175	917
4968	92
4699	92
4642	0
4764	550
4654	183
5153	367
4409	550
2943	2844
4230	734
3788	1009
4381	275
4465	734
4618	367
5210	183
4840	92
4077	459
4359	642
5251	183
4871	0
4442	183
4632	459
4189	275
4972	92
4407	642
3958	917
4373	459
5086	92
4683	275
4838	183
4829	459
5340	183
4626	92
3929	1468
4535	367
4355	1009
5169	0
4384	275
4139	826
4885	0
3652	1559
4422	550
4326	0
4021	1284
4429	92
4340	550
5514	92
5046	275
4735	459
5723	0
4802	183
4896	183
5052	183
5492	92
4747	92
4252	734
5033	275
4841	0
4521	367
4411	550
5214	183
4457	550
4722	275
4383	183
5169	92
4530	275
5215	0
4328	550
4102	826
4618	0
4714	183
4334	367
5314	92
4328	642
4092	1376
4859	275
4317	642
4255	917
4264	826
4032	459
5153	92
4224	183
4270	1559
4408	183
4452	1009
4617	92
4285	642
3249	2569
4480	275
3995	275
4411	275
4844	0
4566	367
4471	92
5465	183
4137	1009
4889	92
4609	0
3487	1376
4829	92
3961	459
4443	550
3943	183
4993	275
4985	826
4306	550
4590	550
5085	183
4703	0
4340	826
5041	92
4670	0
5299	0
4333	367
4655	367
5101	367
4577	275
4535	275
4234	642
4898	275
4437	275
5008	92
5130	0
4279	0
4604	917
3771	734
5237	183
5043	0
3762	1009
5376	0
4787	0
4013	642
5961	92
5066	92
5447	183
5282	275
5178	459
3334	2569
4851	92
5223	0
5074	92
4282	0
4698	367
5462	0
4347	550
4726	459
4706	367
4310	1009
4235	1101
5213	0
4557	92
3619	2293
5033	275
4321	917
4565	275
4632	92
5060	92
5117	183
4346	459
4279	367
4930	183
5133	459
4516	459
5418	92
4282	0
4697	367
4485	275
5123	0
4922	92
4995	92
4360	1101
4540	92
5511	367
5128	183
2991	2569
4711	917
4704	0
5061	92
5200	550
4212	367
4916	0
4535	92
4295	642
4652	367
4185	826
4438	92
4464	550
5364	92
4392	642
4401	92
4164	92
4464	367
4518	550
3835	1376
5236	275
4457	92
5120	0
3920	642
4698	275
4922	183
6031	0
4581	92
4597	826
3781	2110
4520	92
4908	92
4468	183
4040	367
4738	275
3776	1559
4759	183
4719	183
4821	275
4717	183
5025	0
3685	1835
4747	92
4000	275
4450	1009
4346	92
4613	459
4999	92
4830	275
4654	550
5685	92
4545	183
4525	183
4503	275
5874	183
4683	92
4613	183
5195	275
3348	2385
4611	183
4213	642
5608	0
3858	1468
4418	275
5070	183
4656	183
4616	0
4651	183
4502	275
4984	367
4366	92
4925	459
4583	0
4191	459
4603	275
5519	0
5796	183
3800	1009
5398	183
4337	92
5248	92
5158	92
4598	459
4941	275
3673	1193
3584	0
4130	275
4815	92
4053	917
4275	550
4447	734
4458	917
5427	92
4695	367
4724	275
4690	92
3924	826
4394	183
5396	275
5347	0
5490	183
4738	642
4577	459
4981	367
4745	275
4423	92
3922	1193
4007	1009
3143	1926
4299	459
4603	92
4688	183
4748	0
4140	826
4034	459
4206	459
4232	92
4496	275
4817	92
4628	183
4897	183
4656	734
4671	550
5235	92
4554	183
4575	275
4137	459
4459	459
4679	459
5002	0
3971	734
4256	275
4003	183
5027	459
4388	459
4645	550
5060	367
2310	3027
4292	92
5235	92
5625	0
4624	367
4902	92
4671	183
4659	917
4921	92
5076	0
4950	459
4230	459
4585	183
4201	734
5068	275
4246	275
5257	275
3354	2385
4962	92
5148	92
4884	0
4765	92
4721	183
4785	459
4067	734
4347	183
4762	275
3555	1651
4866	0
4846	92
4658	0
4089	1009
4024	1009
4957	0
5106	367
4778	0
4917	367
4275	92
4586	183
3881	1468
3989	1193
4606	550
4544	92
4342	183
4693	183
4727	183
4978	92
5178	92
3992	550
4817	367
3951	826
4367	917
4887	0
5231	367
4927	275
4553	92
5394	367
4525	550
4578	183
4957	0
4699	275
4073	1101
4815	0
4349	367
5095	0
4848	0
4511	367
4152	459
4183	459
3738	275
4585	183
4144	550
3368	1926
4076	275
4728	92
3926	1101
4420	734
4368	275
4749	183
4603	0
5770	0
4276	642
4023	183
4728	92
4744	275
4975	459
4758	92
4774	275
4539	734
5502	183
4756	275
5215	92
4912	92
5022	275
4469	275
4897	367
5418	0
4007	92
4952	92
3606	1835
4901	92
4020	1101
4327	92
4538	367
5655	459
5232	0
3628	1743
4963	183
3934	1284
3852	183
4535	0
4254	92
4654	734
4352	459
4225	642
4861	92
4888	183
4161	1009
4878	459
5316	275
4060	1284
3751	92
4381	550
4621	183
4312	92
5091	92
4732	275
4691	459
4824	183
4850	275
5263	0
4452	642
5246	0
4189	92
4073	550
5098	459
5073	183
4592	183
4588	183
4714	367
4315	459
4635	92
5764	0
4981	0
1492	4954
5709	275
5472	275
4829	183
4773	0
5255	0
4658	92
5008	367
4604	367
4355	826
5027	0
5147	183
5006	459
4456	183
3627	1376
4787	367
5422	183
6096	92
4874	275
4927	367
3360	2018
3812	550
4750	92
4730	275
5763	367
3816	1559
4558	0
4011	642
4456	275
4307	367
4514	183
4852	550
5586	92
4577	275
4782	642
4747	275
4875	0
4055	1101
4188	92
4076	734
4830	0
4859	826
4271	183
4404	550
4878	734
3667	1559
4970	0
4580	92
4915	92
4369	642
5467	92
4566	183
4380	183
4698	0
5076	92
4820	0
4832	0
3941	1468
3765	1009
5233	0
5103	550
4538	459
5175	0
4329	826
4790	917
5005	367
4424	367
4284	92
4084	367
4973	0
4796	275
4445	1101
4641	92
4495	183
4325	0
4505	183
4994	367
4220	550
4676	734
4400	183
4233	367
4236	917
4500	183
4859	0
4423	367
4635	275
5068	0
4598	459
5354	0
4542	0
3104	1651
4865	0
5082	0
5293	0
4860	275
4827	642
4994	183
5374	734
3873	1376
4306	550
4075	826
4882	459
4397	92
4543	1009
4435	92
5344	275
4709	367
2224	4036
5123	92
5165	275
3351	1376
4623	550
4070	459
4348	0
4876	92
5054	183
4491	826
4925	275
2894	2660
4708	275
2326	3761
4001	1193
4068	642
3835	734
4630	92
4371	275
4050	1559
4459	459
5121	0
4594	367
4475	550
4917	0
4679	183
4241	0
4819	183
4822	92
4754	275
5054	183
4868	0
4701	92
5085	92
4499	367
4776	92
4844	92
5182	92
4600	642
4945	550
4500	550
4804	0
6242	0
4382	92
5196	183
4637	459
5365	92
4523	367
4703	183
5093	367
4599	92
4389	183
5750	92
4704	367
4574	0
4491	642
4637	92
4016	1284
4713	92
5274	92
4242	92
5186	92
4883	183
4162	275
5468	183
4933	183
4301	275
3282	1926
4763	0
4656	459
4182	734
4498	92
4879	275
4951	183
5030	275
3942	1284
4613	826
5187	92
5272	183
4766	183
3990	1101
3822	92
4217	917
507	6054
4537	642
4251	550
5305	92
4505	917
4418	183
5113	0
4606	183
4680	0
4148	459
4945	275
4441	826
3970	1284
4159	550
4333	642
4714	642
4944	92
4680	642
4797	275
4511	183
5300	92
5236	0
3723	1743
4562	92
4806	92
5149	92
4333	275
4045	1559
4347	183
4413	183
4718	734
4209	275
4364	275
4819	92
4560	183
4199	642
4489	459
4899	367
4794	367
5121	92
4353	183
4104	1009
5362	92
4685	275
4375	0
4404	92
4648	642
4109	642
5450	0
4602	0
3234	2110
4215	642
4330	275
5010	0
4428	367
5494	183
5307	0
4269	0
5008	0
4545	367
4270	1193
5000	367
5747	275
4450	459
5102	183
4269	92
5065	0
4543	550
5394	92
4433	734
3939	92
4751	367
3444	1651
4813	367
4832	459
5061	92
3835	1101
3357	2569
5132	642
4938	642
4046	1193
4049	367
4507	826
5100	183
5184	0
4794	0
4466	550
4387	550
4985	275
4463	92
3996	917
4725	0
4397	183
5304	0
5210	92
5918	0
5602	92
4791	0
3548	1468
4390	275
4587	275
5263	367
4654	459
5522	550
4825	92
5253	459
5027	183
4905	275
5218	275
4677	183
5137	183
4362	275
4936	367
4554	0
4828	92
4998	367
4660	275
5395	92
4575	917
3770	367
4526	459
4493	275
4428	183
4908	92
4538	275
4902	92
4787	92
4627	183
4381	92
5291	183
5377	0
5409	183
4453	1101
3836	1101
6332	0
4779	275
5198	367
3570	1743
3940	642
4610	0
4232	0
4826	0
4452	92
4744	183
4759	92
4536	367
3910	1376
4640	0
4637	550
4766	92
4904	0
4701	367
4951	92
4757	0
5037	275
4737	0
3705	1376
5656	183
3874	1376
4436	183
3970	1009
4246	367
5934	275
4540	0
4498	92
4553	183
4696	92
4419	642
4279	92
5291	0
5418	183
4854	92
5119	183
4837	0
4652	367
5065	367
4107	1193
4330	642
5194	183
5558	92
4467	367
3607	1468
4898	92
5123	0
4569	275
4649	92
5148	275
5232	92
4062	92
5219	92
4958	183
4310	642
4635	367
4848	367
4696	0
4826	367
4198	183
4085	459
4489	92
4343	1926
4714	275
4468	275
4325	92
4974	92
4611	275
4836	92
5106	183
4421	275
5193	275
4844	367
5181	183
4490	275
4664	0
5080	826
4329	459
4489	734
4884	0
4736	92
3622	1743
4202	642
4508	183
4841	92
4819	183
5151	275
3876	550
3791	1651
4953	642
4387	0
5030	183
4643	275
4271	734
4373	275
5155	275
5187	275
3507	1468
4277	183
4786	92
4136	826
5001	0
4439	826
4521	367
5084	183
4210	1376
4185	367
4785	367
5187	92
5282	183
4785	183
4506	275
4459	275
4341	550
4735	0
4102	826
4825	183
4424	275
5263	92
4799	92
4104	642
5239	0
4725	0
5129	92
5225	183
5062	0
4815	0
5631	0
4485	183
0	7614
3909	1101
5572	92
4633	0
4788	0
5876	0
4185	1009
4525	183
4726	92
5525	0
4608	275
4067	642
4542	367
9347	3119
3897	459
7458	1284
4840	275
4474	275
4404	92
4915	92
5204	0
4838	92
4780	734
4572	367
4586	183
3288	2477
4822	550
5422	275
4007	1193
4960	275
4338	917
4461	183
4462	183
4518	92
4270	1009
5093	367
7858	1743
4390	275
4458	459
4026	459
4107	917
3828	734
5053	367
5395	275
3802	1376
4676	183
3967	1376
5247	459
5121	0
4280	275
4531	550
3879	1101
4019	2018
3606	1284
5102	0
5085	92
4410	550
4579	275
5088	183
4643	183
5186	92
5735	183
4648	92
5133	275
4646	92
5323	0
4177	0
4550	183
4492	0
5515	0
4675	183
4045	1101
4726	367
4524	92
3903	826
4889	275
4651	0
4440	0
5058	0
4292	275
4954	92
4497	0
4439	183
5383	183
4099	1284
3852	917
5061	275
4771	550
3895	734
6501	642
4917	92
5579	92
4912	183
3610	367
4824	92
4545	367
4808	0
5268	0
5368	0
4393	275
5102	0
5294	183
4776	459
4553	367
4337	1009
4854	0
4857	0
4880	183
4984	183
3692	1193
4790	0
5017	367
4963	459
4263	92
4501	642
2840	3027
4410	275
4952	92
4667	92
3814	275
4496	275
3598	1468
4193	183
4972	0
4675	0
4428	275
3797	1193
4523	275
4434	183
4279	367
4610	642
4549	459
4687	459
3138	2202
4533	367
4675	275
4841	0
4314	275
4765	183
5054	0
5006	183
4392	1009
4568	92
5476	275
4411	92
3318	2202
5116	367
4254	1468
4398	92
5461	275
4729	734
3765	1284
5351	92
4897	183
4508	183
4909	734
5061	183
3980	92
3953	367
5939	1101
3929	1193
5074	92
4809	0
3856	1468
5162	92
4526	1009
4207	275
4339	734
3947	550
4994	183
3746	1743
4963	459
4578	917
4442	642
5358	367
5541	92
4872	92
4733	367
4376	459
3687	1559
4497	1009
4732	0
4714	367
4700	917
4767	92
4067	1193
4805	0
4371	92
4267	459
5485	0
4951	183
4086	917
4536	367
4554	92
5098	92
3681	1284
5314	92
4977	0
4631	183
4768	0
5317	0
4869	183
3926	367
4569	183
4297	367
5186	0
4531	275
4813	92
4205	734
4286	92
5156	183
5460	92
4338	183
5450	0
3683	2018
4833	0
4233	367
3911	826
4150	275
4999	183
4311	826
4250	459
3851	92
4898	642
5180	0
4199	367
4372	826
5230	92
4976	275
4845	92
5203	92
5157	0
4159	367
4691	0
4394	0
4225	92
4713	183
4658	550
4877	183
4594	92
4187	92
4852	0
4583	275
4042	734
4590	92
4939	0
4676	92
5205	92
4756	367
4185	183
4564	459
5619	92
5755	275
4924	183
4768	92
3063	2293
5199	0
4790	367
4479	642
4077	1101
3944	826
5261	183
5052	0
4120	183
4668	183
4108	459
6480	367
4747	92
4408	183
5816	275
5083	92
5407	92
5132	183
4282	550
4470	183
4740	275
3678	1651
4347	459
4992	183
4736	183
4462	275
6784	92
4540	1376
3909	1559
4873	183
5192	183
4933	275
5610	92
5357	183
5247	459
4081	550
4995	92
5470	0
4276	734
5690	92
5179	367
4979	0
5480	183
4505	92
4065	826
4731	0
5746	0
4628	275
3617	1376
4567	367
5361	0
4703	183
4600	183
4406	550
4717	92
4651	459
4426	275
3968	917
3861	1559
5558	275
4746	275
4533	92
5308	183
4929	367
5197	367
4722	183
4632	92
5033	642
4064	183
4185	92
4616	183
4443	367
4499	0
4398	92
4782	92
4013	1284
4514	826
4632	275
4270	459
4914	0
4864	459
5007	183
4948	459
4551	734
3838	1009
4875	92
4004	1101
5920	0
4388	275
4914	0
4371	275
4200	917
4987	183
4504	550
4844	183
2628	2844
3944	1468
5012	459
4508	826
4696	275
4555	459
5507	183
4586	550
4144	734
5216	275
4401	1101
4080	826
4413	0
5207	92
5413	367
3425	1193
4385	642
2937	2018
4459	0
4296	275
3297	2569
5517	367
4613	183
5259	183
4304	459
4135	550
4655	1284
6044	275
4791	92
4488	92
4481	92
4758	0
4988	0
4877	275
4852	92
4298	0
4230	642
4116	1101
4177	1284
5376	92
3814	917
4599	183
4304	734
4988	275
4420	92
4077	826
5539	92
4505	367
5612	0
5156	0
4092	826
5017	367
2685	2935
5674	183
4620	550
4649	183
4340	183
4602	275
4715	275
4510	183
4070	459
3597	1284
4533	0
5002	0
4537	275
4343	826
4295	826
5599	92
4140	275
4555	459
4749	459
5416	92
6006	183
3935	917
4587	183
5464	183
5025	92
4966	183
4502	0
4566	92
5035	92
4671	0
4494	0
4790	367
4403	642
5236	275
4542	275
4855	0
4800	0
4366	459
4607	275
4554	459
5063	367
5230	92
4010	367
4674	92
5340	92
4431	642
4348	92
5416	92
3063	2385
4812	92
5067	0
4624	459
4760	0
3943	367
4865	0
2844	2660
5242	0
4385	183
4690	459
5040	92
4240	367
4149	734
4327	734
4448	459
4769	183
4225	826
5237	275
5201	183
4486	92
3829	1284
5178	367
4466	734
4632	0
5273	734
4855	183
4639	367
4135	183
4085	826
5144	275
4528	183
4606	92
4832	459
5424	183
5356	92
5287	92
5500	0
3914	1284
4465	0
5055	0
4313	459
4091	642
5306	0
4665	275
4477	459
5324	92
4858	0
5358	183
4686	826
5050	92
4682	92
5025	0
4710	92
5020	183
4835	183
4599	0
5042	367
4780	459
4669	367
4894	367
4361	642
3289	2293
4075	1009
4322	367
3991	275
4989	550
4139	1101
5297	0
3232	2385
4623	92
5079	183
4705	92
4227	0
5902	0
4472	92
5249	0
4545	183
4702	0
4967	367
5432	183
4729	92
4855	275
5736	92
6240	92
4296	1376
3431	1376
5408	92
4300	183
4899	92
4462	183
4319	0
5189	92
4903	183
5142	459
5256	275
4979	92
3209	2477
4050	1376
4372	734
4754	92
5234	92
4170	367
4431	275
4948	183
4152	1009
4852	92
5194	0
3921	1376
5115	183
5260	0
4534	917
4210	183
3991	183
4985	0
4322	1009
5010	92
4556	275
5202	550
5052	183
4499	459
4212	1009
4659	275
4774	367
4591	275
3703	1559
5000	0
4660	275
4008	826
4063	0
4844	367
4505	275
5359	0
4572	642
4980	459
4810	92
4588	642
4526	367
4455	275
4473	367
3842	1193
4789	0
4640	92
4875	459
4207	1009
4466	183
4926	92
4498	92
4656	92
4365	734
5127	183
4350	0
3055	2569
4826	275
4715	459
4459	367
5115	275
4532	183
4507	642
4541	367
5249	0
4827	275
4885	0
4291	550
4580	0
5021	0
4378	92
4926	92
4546	0
4765	459
4859	0
2835	2385
4508	275
4547	275
4981	275
3835	1101
4325	183
4518	275
4864	92
4754	275
4093	1009
4414	92
5071	183
4446	183
4711	459
4301	183
4518	367
5276	275
4160	92
3929	1101
2455	3119
3699	642
5219	92
4206	1009
4693	183
4166	734
4511	275
5034	275
4970	92
4959	92
3901	826
5179	0
4842	92
4570	183
4024	183
4856	92
5196	275
4889	275
4848	183
4882	183
5229	92
5090	92
4745	0
4112	183
4525	0
4590	92
4774	183
4634	0
4740	0
5203	275
5627	92
5211	0
4874	367
5240	92
3986	275
4103	734
4761	183
5439	0
4913	92
5297	0
5400	0
5132	92
4478	275
4947	0
4888	275
5022	183
4615	92
4559	275
4878	92
4313	92
4796	92
4576	183
4915	642
3927	459
5087	183
4863	275
4665	92
5629	92
4952	0
4056	826
4687	92
4674	275
4569	183
5880	0
4303	92
3715	1468
4333	183
5545	92
5663	92
4436	367
5345	183
3940	183
4997	275
4681	92
5477	183
5035	92
4383	183
5264	275
4948	0
4353	459
1944	5504
4436	642
5158	92
5107	0
4876	183
4813	92
5195	183
4452	275
4284	917
3747	92
4733	92
4940	275
4428	92
4778	550
4362	275
4737	642
2906	2293
4546	183
4759	92
3278	2202
5048	92
5450	183
5139	0
5429	183
4650	275
4727	92
4214	0
4522	183
4672	0
4678	550
4739	1101
4584	183
4648	275
4670	183
4130	1376
4903	275
4162	183
4963	183
5241	0
5052	92
4908	642
4845	0
5000	367
4793	275
4578	0
4405	92
4930	183
4779	0
4314	642
4380	367
4974	0
4947	183
4866	183
4532	459
3915	1743
4477	459
4461	0
4667	183
4305	550
5592	0
4047	183
4646	0
4225	0
4248	459
5044	0
5336	183
5531	0
4630	183
5183	0
4232	734
4804	92
4594	275
4151	826
4433	183
4570	92
4780	92
4944	0
3261	2569
4569	0
146	7064
4209	642
4923	92
4283	367
4842	92
4646	367
4969	92
5557	275
5180	183
4699	183
4709	92
5717	92
4630	367
3597	550
5079	0
4782	183
5304	183
4878	183
4575	0
4613	459
4587	367
4726	92
4895	92
5708	92
5067	275
4674	92
4320	734
7566	1559
6019	0
4473	183
4881	183
4316	275
4513	459
4009	275
4360	367
4032	275
4677	367
4436	1009
4780	367
3919	367
5424	0
4176	1376
4633	92
4806	0
3128	3761
4405	367
3943	1101
3907	1376
5450	92
4724	183
4156	183
4333	183
4749	0
5031	0
4733	367
4644	367
5063	459
4725	183
3834	1743
4565	0
4799	275
4421	275
4557	275
4315	550
4375	92
4936	92
3876	1009
5223	275
4242	183
4948	92
5350	0
4249	642
5247	183
4703	183
4717	92
4265	183
3859	734
4618	275
4798	92
4667	550
4245	183
4257	642
4402	275
5598	92
5530	183
4605	275
4787	459
4356	183
4300	92
4387	459
5225	734
3980	367
3539	2110
4606	550
4514	367
5014	0
4904	550
5393	0
4554	367
4298	183
4609	917
4711	92
4426	550
5087	0
4908	92
4634	92
4905	275
4512	275
4501	367
4730	92
4552	183
5200	0
4446	550
4297	275
4680	642
4469	459
4702	0
4738	275
4568	0
4669	275
4674	1101
3835	1193
5083	550
4012	642
4235	275
4683	275
4782	275
4883	183
1113	5688
4530	367
4221	550
4940	275
5279	0
4485	367
4981	92
4231	1468
4367	183
3599	2018
4405	183
4407	92
5177	183
4267	1193
5087	92
4802	0
4035	92
4352	826
4777	92
4956	92
4379	0
4917	459
4597	275
4076	92
4470	826
4630	183
5174	0
4580	459
4893	367
4683	550
4620	183
4642	367
4210	734
5078	92
4465	183
4553	92
5241	183
4582	92
5136	275
3739	642
4370	183
4824	0
4088	183
4937	275
5909	183
4534	92
4743	275
5463	92
4494	459
4670	275
4695	367
5249	92
4595	275
4454	459
4151	826
4602	183
4555	275
5493	183
3753	826
5295	183
5474	0
4442	0
2454	2935
4253	1009
4951	92
4504	0
4919	459
4946	183
4606	459
5259	183
4608	92
4276	0
3351	1835
4688	0
4721	0
3969	642
4328	550
4096	550
4731	0
5507	550
4078	1009
4552	459
5052	92
5350	183
5082	0
4819	183
4209	367
4706	183
4612	275
4491	183
5202	183
4917	459
4699	275
5535	92
4402	1009
3689	459
4127	642
4996	367
5100	367
5581	0
5182	275
5335	183
4958	183
5128	92
4272	917
4889	367
4774	550
4827	183
4926	183
4791	275
3664	1468
5255	0
5288	183
4923	275
5467	92
5244	0
4864	367
4903	92
4661	0
3871	275
5523	0
4473	92
4910	183
4121	917
4321	1101
4878	92
4688	642
4509	0
4093	734
4328	92
5632	0
4196	550
3453	2293
4547	0
5589	0
4055	550
5208	183
4327	275
4181	275
4994	183
5251	92
4487	92
5184	550
4377	459
3964	1376
4894	0
5286	0
4171	275
4351	550
5340	92
5229	367
5004	183
3847	1559
4258	367
3913	1284
4776	367
4320	183
5230	367
4627	183
5388	275
4539	734
4115	550
4390	183
4994	0
4943	367
4607	92
4377	0
4831	0
4921	0
4321	367
5077	92
4454	275
3974	917
4796	275
4946	275
5009	459
3531	734
4771	459
4378	550
1317	4587
4643	92
3877	1284
3508	1835
4884	550
5081	92
3213	1926
3605	1284
4611	92
4462	0
5134	0
4965	550
4886	92
4596	550
4729	459
4130	367
4869	0
4860	92
5249	92
5102	92
4667	642
5188	92
4210	367
4846	275
4490	0
5507	92
4213	367
5014	183
4932	92
4254	642
4841	183
5146	92
5765	0
4734	92
5133	183
3621	1101
5002	183
4618	0
5369	550
5240	183
5848	275
4239	367
4119	642
5071	183
5318	0
4120	1559
5288	0
4942	183
5210	367
4568	92
4026	367
4793	275
4303	275
4591	92
4980	642
4520	92
5264	183
5222	183
4995	92
3938	826
4658	0
3932	1468
4464	459
4367	459
5275	183
5027	183
4398	459
4337	459
4911	0
6120	642
5069	92
5021	92
4873	0
5779	275
4409	275
5200	183
4542	0
4914	92
4776	367
4482	459
5121	92
4669	367
4962	367
4864	183
4397	734
5055	92
4715	459
5148	275
4247	550
3912	367
5365	0
4961	92
5138	92
4261	642
4805	367
5076	92
4097	92
4093	642
4970	0
4748	92
4646	459
4670	183
3859	1559
4897	734
6511	0
4784	917
4519	459
4931	275
4677	367
4583	275
4246	642
4393	275
4280	275
4098	183
5631	92
5051	92
3445	2293
4445	183
5043	92
4773	92
4814	183
4435	92
4366	642
5226	92
4420	275
4615	367
5105	92
5192	92
4508	183
4659	275
4514	917
4416	367
4568	92
5285	92
5422	92
4520	275
4575	275
4443	550
5045	183
4592	642
4688	275
4418	1009
4628	183
4335	183
5492	183
5156	92
5479	183
4740	459
4807	275
4931	459
4587	183
4351	0
3716	1376
5287	367
5571	0
5761	92
4423	92
4909	0
4270	183
3957	917
4784	459
4814	275
5358	92
5138	183
4850	92
4570	92
4506	183
3902	1376
4560	92
4951	367
4803	92
5365	0
4897	275
4789	917
4723	367
4353	459
5121	275
4556	92
4707	92
4341	92
4593	642
4869	459
4917	459
285	7155
4303	275
856	9999
5046	183
1272	5412
4265	92
5486	183
4797	0
4234	0
4749	0
4490	0
4600	275
4498	459
5063	0
4433	275
5332	92
4052	734
4510	275
4560	459
5158	459
4548	183
5026	92
4243	183
4526	459
5130	92
4533	826
3968	459
4644	0
4905	275
5102	459
4619	459
5182	0
4270	642
4852	0
5193	917
4295	183
5291	92
4223	1009
4360	183
5173	0
2669	3669
4679	550
4329	183
5156	183
5015	92
4590	275
4970	0
4585	275
4390	92
4578	92
5612	0
4500	275
4602	642
4316	826
5090	92
4448	183
4550	459
3723	1651
4019	734
4900	92
4714	275
4020	275
4890	459
4697	275
4502	0
4698	275
4079	275
4681	92
4868	642
4237	1193
4876	92
3517	2110
4236	1193
3900	367
4765	0
4596	275
4714	0
4927	367
5042	183
5551	92
5179	183
5525	183
4678	367
5113	92
5582	92
4798	183
4213	734
4463	275
4855	0
5005	92
4786	183
4204	550
4529	0
4211	92
2885	1743
4947	459
4626	92
4533	183
4552	550
5175	183
3263	2385
4984	92
5033	550
4726	183
5075	92
4703	183
4948	367
4729	92
4791	275
4391	642
4984	0
5646	92
5002	183
4866	92
2820	3027
4124	917
4135	1376
5104	92
4640	183
4844	92
5265	92
4442	183
4368	183
2734	3669
4897	92
4748	183
4177	183
4360	275
5296	0
5117	0
4570	275
4148	183
4447	92
4614	275
4627	92
5787	92
4858	0
4727	183
3959	92
4961	92
4038	1101
4977	92
4742	550
4750	367
4877	275
4938	92
3976	1651
4526	0
4838	92
4438	275
4566	367
1902	4311
4913	275
4285	92
5233	183
5442	0
4356	459
4855	183
4286	183
4582	459
4372	550
4431	367
4449	734
4689	550
4528	92
4602	92
3884	1101
4976	275
4969	275
5025	0
4690	183
4535	275
4487	275
4758	183
5013	0
3021	2018
4891	367
4448	275
4932	92
4168	367
5560	183
4852	459
5116	92
4840	0
3891	917
4496	550
4765	459
2981	2477
4914	459
4211	826
5248	0
4354	92
4285	183
5523	0
4841	642
5090	275
4711	0
4768	0
5433	275
5115	367
5470	92
4947	92
4598	92
4264	275
4632	459
5475	275
4466	459
4439	92
3367	2202
3681	1743
5429	0
5242	183
4211	183
4594	550
4729	92
5014	92
5633	183
4800	459
4210	92
4368	183
5153	92
4330	550
5165	92
4140	917
4318	642
4088	275
5198	183
4665	0
4485	92
4013	183
5180	275
4457	642
4871	92
4770	92
4453	917
4563	367
5088	92
4601	183
4462	0
4950	92
5394	183
4117	459
3924	1193
5028	367
4486	92
4716	92
4500	275
3705	1926
4807	183
4852	0
4603	92
4106	183
4213	183
5145	183
4697	367
4134	734
4264	183
3104	2385
4633	275
4576	275
5374	459
5075	0
4763	92
4154	0
5472	0
4630	367
4686	367
5298	183
5280	92
4276	92
4811	459
4481	642
5094	642
4485	642
5500	92
4490	734
4777	92
4615	367
3779	275
3938	367
4545	92
5298	92
3623	1559
4744	183
5234	0
4507	459
4911	0
4963	0
4287	92
3957	1559
5359	0
4650	92
4657	92
4509	1284
4177	459
4623	183
5375	734
4624	367
4556	367
3722	734
4619	275
4394	92
3956	1009
5609	0
4496	367
4351	92
4704	459
4842	275
4996	275
4728	92
4875	92
4061	92
3848	826
4678	92
5119	0
4968	0
4842	550
4431	92
4600	0
4682	459
4947	0
5083	367
4543	826
4772	92
4481	367
4982	275
3418	1835
4964	0
4577	1559
4115	92
4744	275
4451	183
4917	0
4846	275
4201	1468
7530	1009
5139	550
4391	734
4854	183
4440	92
4693	183
4173	367
4508	183
4493	0
4857	92
4939	183
4323	734
3691	1559
4150	367
4716	550
5498	0
4738	459
7552	1559
4754	275
4094	642
4824	275
5895	0
5184	92
4334	183
4851	367
4761	367
4754	0
4753	92
4834	92
4986	92
4711	183
4286	92
5316	0
3101	2018
4699	183
4434	459
4632	92
5171	367
4969	92
4717	183
5324	92
5048	367
3827	1101
5190	0
3867	459
4846	275
3839	1926
4653	642
3319	2018
5300	0
5043	183
4776	183
4624	92
4329	275
4312	367
4680	734
5412	0
5089	92
3702	550
4726	183
5077	92
4271	183
5385	92
4506	367
4570	183
4293	550
4571	275
4886	183
4091	459
4416	917
4918	0
4750	0
5058	0
4500	1009
4582	92
4258	275
4902	0
3333	2018
4578	367
4964	275
3793	2018
5539	183
4307	826
4477	275
4268	459
5077	0
4004	367
4462	275
5203	367
4785	275
4986	0
4420	917
4355	367
5027	0
4883	0
5201	275
4160	367
4248	1193
4886	92
4777	92
4245	734
4194	183
4326	92
5269	183
5663	92
4823	367
5208	0
3871	1009
4299	0
3775	642
4271	917
4252	1193
5102	275
5024	183
3317	1193
4329	917
4779	183
5039	183
4559	0
4361	459
5319	183
5080	275
4685	183
4309	183
4392	0
4797	183
4231	459
4841	92
4653	92
5159	183
4554	459
4643	642
3598	1376
4575	183
4835	92
5032	367
4174	734
4271	92
4905	0
4815	459
4578	826
4105	550
4414	367
5243	183
4721	92
5260	183
4960	917
1319	4770
4787	92
4925	0
4693	550
4305	183
5380	0
4466	183
5215	0
5582	183
4318	367
4316	0
4357	183
5035	183
5503	275
4932	0
4647	92
4680	275
4538	550
4925	183
2936	2110
4965	0
5064	92
4937	183
3986	1651
4797	183
4699	0
4291	275
4545	0
4999	459
4044	642
5195	459
4699	275
5351	183
4546	92
5777	183
4229	92
5195	183
5454	183
4887	92
4521	275
4103	183
4025	1009
4544	183
4970	183
4946	183
4174	1468
5368	183
4495	183
4554	0
5289	0
4850	275
4145	1009
4475	275
4058	642
4915	92
4805	642
4653	183
4474	459
4489	550
4855	275
4566	367
4932	275
5212	183
4674	367
4986	183
4974	0
4290	367
3927	1101
5236	459
5040	183
4557	917
4343	550
4396	92
3813	2844
4337	367
4805	92
4552	275
4581	459
4905	275
4805	183
3285	2385
4200	183
5159	92
5032	183
3877	550
5510	183
4937	92
4224	734
4505	1284
4460	183
5481	275
4474	92
4649	459
5062	183
5291	275
4655	642
4440	550
4376	183
4419	459
5096	183
4594	275
4035	1101
4558	0
5391	183
5383	550
4620	734
4383	367
4713	92
4834	92
4785	0
4792	367
4676	92
4559	275
4440	183
5744	0
4318	550
5183	0
4897	183
4742	275
4325	917
3905	1009
5223	0
4418	642
3899	1009
5480	183
4543	367
4061	1651
4562	367
3625	1284
4976	92
4288	183
4512	92
5041	459
4269	367
4610	550
4342	459
4845	459
4313	183
4563	550
4827	275
4692	275
3944	917
4661	642
4988	275
4190	183
4500	0
5098	0
5340	367
4186	550
4440	367
4858	92
4968	183
5006	0
5159	0
4590	550
5117	92
4855	92
4451	459
5063	0
5065	183
4360	275
4795	275
4597	183
4752	275
5074	183
4643	92
5026	275
4634	92
3591	1559
3928	917
4081	734
4889	183
4229	1193
4776	183
4616	275
4633	92
4429	550
4775	734
4419	275
5704	275
4933	92
5237	92
4729	183
4163	367
4687	92
4031	92
4538	367
5399	183
4361	275
4551	92
5007	0
4501	183
4214	183
4325	550
4637	0
4311	92
4619	0
4871	459
4556	183
4990	183
4639	367
4430	92
4744	92
4406	183
5361	92
4319	734
4489	642
4400	459
4272	367
4813	0
4150	275
4429	275
4432	92
5421	0
4010	642
5248	0
4133	275
4588	275
4971	459
5210	367
4846	367
4776	0
4801	92
5081	92
4637	275
5335	550
4771	0
5351	92
4873	0
5582	459
3951	826
4889	459
4933	92
4917	0
4579	275
5576	0
5293	92
5349	92
4637	0
5072	92
5214	183
5082	0
4847	459
4368	183
3913	1376
5006	92
4809	459
4572	1101
4517	275
4982	0
4943	183
4413	826
4696	0
4995	367
4368	550
4763	183
4183	459
5425	183
3672	734
5648	183
5132	0
4186	826
3389	0
5245	0
5151	0
5150	92
4816	275
5020	734
4847	183
4225	459
4447	0
4240	459
4958	367
5071	92
4377	367
4766	826
4399	826
4579	367
4146	275
6218	0
4402	734
4216	734
4295	275
4198	642
4392	459
4544	183
4464	92
5217	183
5193	92
3559	2752
4677	275
4589	92
5280	0
4831	367
4236	550
4613	550
4513	183
4659	92
4514	92
4234	275
5217	183
4426	275
4973	92
3399	642
5222	0
5698	92
4838	92
6210	275
5195	550
4548	0
4787	183
4748	183
4583	917
4576	183
4536	550
5234	92
4411	183
4309	275
5130	183
4970	183
4097	1468
4335	642
4939	275
571	5779
5124	0
4679	183
5202	92
4091	0
4762	0
4750	0
4762	550
4597	1101
4811	459
4730	550
4432	550
4048	826
4551	275
4065	459
4515	0
5289	275
4731	92
4307	183
4476	275
4801	0
4787	92
3773	1559
4100	550
5088	642
4025	1376
4454	275
4692	0
4888	367
4735	826
4575	459
4391	0
3982	1284
5575	183
4773	550
4472	183
4367	459
6430	550
4718	92
4508	459
5580	92
5290	92
4971	92
3754	1009
4897	183
4478	826
4536	459
4557	0
4426	0
2124	3945
4500	734
5158	183
4861	183
4222	367
