4400	7424
6129	3274
5729	5367
5471	1508
4483	9136
5955	7187
2614	4003
5480	6169
2968	8489
5064	6327
7950	4750
4952	4647
4713	4036
2282	3554
6360	3399
5756	2075
4891	5483
3963	3610
5969	4275
6747	7180
4450	4568
7317	4875
8106	2386
3313	3520
4453	5125
5483	3949
5288	4878
5968	1886
7501	5915
6392	4116
4037	4196
4581	2077
5683	4944
6218	5683
5296	3426
8122	3704
5900	2663
5537	6240
6748	6299
4858	7087
6563	3638
4807	5778
6344	2460
4406	2182
4476	5260
4542	2142
7309	4549
4910	5625
3485	5454
3357	5638
6475	6285
3735	5704
6064	3651
6796	4024
6510	3113
5119	3044
5547	5806
3440	3952
2954	3205
9258	3734
5324	4144
6250	3398
3289	3539
5127	3269
6530	3009
4466	3195
5413	3019
3474	3164
5077	2821
4871	3973
5597	3391
1475	5008
7432	2879
4739	2643
6025	4506
6832	4106
4965	9023
4334	2903
5498	6672
5404	5663
7605	2378
6064	3581
4251	4716
5610	3330
4490	4100
5122	2536
7097	4371
5684	4332
6344	1646
5410	4675
4941	5838
6689	4008
6018	3892
5583	4373
4641	6511
6237	4023
6051	5461
4517	5552
3913	3141
5089	2429
4025	4805
4345	2327
2157	4139
4242	5986
5334	6241
4317	3303
6283	5533
7469	5383
4744	4732
4789	4106
5269	3910
3389	5371
4808	6291
3775	1467
4043	2189
5861	1741
7147	4865
5902	3009
7418	7540
7430	3564
7297	3299
5627	3586
6755	5408
7388	4634
3503	4859
5901	3434
5632	6559
7332	1665
5381	4292
5229	2368
5453	2645
6107	4001
6150	3226
4664	6099
4614	1817
5030	4329
2341	3964
5874	4447
3477	5312
3811	5122
5382	4686
5339	6168
6761	2110
5501	4464
4924	7068
5204	2100
3824	2862
5526	3190
3625	5154
4288	4704
4746	6060
6673	2661
5064	7608
5890	4383
4732	3521
3472	4553
6481	4274
1486	5184
6848	4996
3813	1470
6234	3872
6165	4184
3303	4486
6941	4191
5566	4541
5267	2939
4889	3427
6489	7363
6103	6564
6431	3225
3705	4043
4387	6589
5925	6581
8913	5903
4182	2937
6969	5237
4596	2900
2862	7248
6138	5589
3968	5509
1648	3650
4725	4852
5388	5178
3939	5933
5570	3270
6641	5371
5320	3440
5447	4704
4837	3453
2739	5044
2666	4426
6939	5032
4617	6271
5209	4648
5058	2094
6858	2701
7094	5567
6000	5514
5567	4243
4749	2598
3438	3771
4490	6661
6446	6009
6002	5881
7133	2979
5101	3391
5454	5293
5635	7385
5698	3736
7461	3892
3166	5027
4288	3523
5958	4787
5888	4775
3291	4277
6208	4411
6748	6594
7597	3246
5223	2937
2213	6144
6709	4769
6737	4737
5436	5059
6761	6770
3924	4721
6033	3960
6796	4003
5903	3626
7035	4228
5910	5760
4412	911
6770	3107
7245	6949
5692	4093
7941	5769
5947	3759
4634	4506
4981	3906
4213	5362
4556	4406
5077	842
6614	5040
4510	2552
9230	3986
5232	4298
7886	7030
4757	4358
6259	3908
6887	3321
4160	3511
3723	5810
3913	2298
5530	3274
4429	3566
6743	4100
5419	3388
5749	2722
5936	5565
5402	1799
4021	4032
5097	4351
5322	3905
5342	5399
4914	4239
5406	5381
4767	5894
5937	5206
4929	8205
5444	4763
6348	4911
4228	4830
3885	5294
5502	7691
3793	4957
5765	4997
4078	5920
6150	3571
7525	4370
5526	2386
6147	3309
3284	5834
6834	3901
6333	3849
4723	3967
2788	3848
5293	4638
3965	5457
3754	2937
6624	4985
4793	4753
7790	2316
5800	6096
4384	2645
5819	2009
6690	4503
5925	3511
6344	5164
4462	6037
5197	4457
4497	4854
6032	3139
5753	6324
4049	1663
7024	1695
3978	5305
5066	4089
6236	3996
5695	4543
5125	5710
6176	5983
6570	4401
4993	3228
5058	4265
3530	5500
5199	4236
6622	1559
6663	5469
5494	6242
4212	6078
5823	1995
5682	3108
6002	2896
4348	7462
4268	3185
7383	2939
6184	7040
3641	982
7357	5108
3702	3748
4409	6182
5388	4688
4365	3687
6818	7721
7022	3721
3374	4553
4841	3334
5618	4201
3711	2936
6316	2182
5605	1410
3534	4716
6691	3969
5357	4416
6750	1897
5034	6878
5485	3080
4568	5238
4853	5767
5304	4805
7935	3563
6506	3560
4421	6645
4806	2981
8687	6684
6096	3011
4900	8782
4698	2577
4947	6525
2489	5410
5480	4529
2502	4886
4925	6512
5884	6496
5053	3432
2669	3680
4116	4466
4102	1588
6382	5089
6332	4793
4709	3904
6834	3400
5685	6605
5874	1438
3269	5906
3647	4530
4889	4568
4985	4184
6447	4811
3702	6054
6633	4365
7575	4751
4486	3165
5643	4721
3970	5276
9226	4207
4677	7003
5418	6389
5196	4550
5429	4648
3838	4074
4516	5467
6526	5076
6436	3962
5694	4716
6566	3357
6304	3389
4915	4378
6030	3443
5308	2104
6003	4244
4494	3050
6248	8785
3936	2448
3648	2797
4291	6180
4394	2530
7373	5863
6375	3409
5227	4453
5067	6486
4634	4642
7611	3602
3619	3692
4990	5283
5969	5201
6433	2133
4250	4769
6094	4910
7793	5132
5851	3609
6555	3472
4694	3811
5446	4008
5190	2996
6278	5866
6435	3455
5409	5018
4227	5935
4393	6091
6815	5133
6270	5432
6628	6019
6181	2014
5782	3985
6855	4257
7148	4822
4739	4895
6411	6429
5400	5875
8204	3719
4334	5261
4736	3353
4179	4907
4716	2859
6965	5887
5141	0
5925	4251
5548	7018
4997	5161
3464	3106
6310	6494
4366	4612
5795	9171
4088	2490
6574	5868
6498	5150
4699	3785
5575	2500
2613	3418
6467	5432
4743	4909
5714	2623
5138	5477
4018	6503
6510	5219
3920	4197
3765	6641
4816	6799
5071	3343
4322	4110
7156	5244
5894	4170
3526	3175
4537	3889
6073	4124
5510	5158
6331	4322
4128	4564
4610	5746
2181	4623
5669	2072
5141	4312
4900	3857
6528	3472
5917	5313
2268	4803
6916	3219
6462	2053
3876	2106
6107	3886
4966	6038
6394	2432
6400	4091
4767	5260
7227	3844
4955	2759
2663	4420
6645	6568
5943	3780
5324	4434
5799	5033
7058	4935
5220	5524
3360	3278
5478	4528
6206	3732
7129	5341
5215	9125
6309	3581
5764	2871
3961	2477
6545	4159
1168	2959
4544	5222
4182	8311
6713	6590
6865	2770
6479	2724
5264	3586
3835	1781
7151	1779
6863	5447
4421	4264
6960	4985
6474	5752
5465	3934
4993	5232
3672	5462
6073	3978
7328	3095
5047	3331
5268	4666
6402	3937
5752	4768
7253	4813
4584	3353
4318	3460
6501	8428
2953	9596
6161	3211
4540	4961
7955	6229
8375	3921
6196	1752
7131	4863
6177	4928
5484	2662
7284	4378
5417	4012
0	3182
6644	3482
3904	6580
7521	4729
3640	3041
5032	8551
3315	6449
4863	6051
6470	2286
5199	4120
4910	2476
6855	5601
5621	4607
4715	2262
5607	6396
5277	4561
5609	2326
2987	4434
2805	5219
5665	3393
4303	5745
5478	1633
5097	9145
4529	3869
4637	3131
5887	4284
5491	4012
4215	4694
6172	4920
4358	2995
4144	3139
4513	4164
6782	5753
2853	4100
5939	4763
4476	4174
6741	5558
4952	5311
7128	4758
6204	2947
6709	5302
7858	5823
8392	4491
3788	7429
5318	3361
6030	4258
2826	6078
8476	5213
3651	744
3527	4670
2723	6048
3802	3421
5525	2959
2460	3394
5065	4002
4623	2417
6368	4281
5917	3853
4921	2797
3764	6080
5039	3972
6223	4742
5057	3272
4843	5601
4117	2982
5671	3042
3263	5333
5517	5851
4665	3027
6629	3247
7111	3331
4558	7502
5031	3639
6564	2163
4650	3730
3506	5244
4477	3206
3638	4781
5513	5054
4753	2025
5177	3402
5263	4374
6790	4180
5151	2463
6284	9003
5754	7500
5235	5589
4244	6064
6420	4534
4964	2469
5776	3151
3963	2582
5694	4398
2650	6011
6600	7386
3649	3565
5600	3189
4586	977
3237	9038
6632	9215
4552	5814
3396	3770
4434	1550
5728	5829
5132	3233
2921	4553
5884	4121
2834	4389
5315	5598
6576	4295
4753	4576
6784	7093
4626	4822
8286	4765
5664	4028
4651	5022
3889	4079
4862	1852
6331	4586
4879	2042
7469	5496
5727	3072
6035	3444
8021	5112
4809	4547
5026	3700
3897	5551
4014	4129
5724	5567
3132	6602
6169	4476
5733	4268
2939	6971
7379	8871
6483	3891
5467	2719
6460	6357
6509	431
4124	5486
6014	2488
6008	4923
8143	4245
5548	7096
5619	1831
5905	4849
5410	1762
5190	3802
3189	6442
2887	9316
3341	5573
5509	4860
6173	4783
6503	4638
4947	5790
4609	2645
4905	5773
4771	3546
6045	4529
7055	7323
4467	4985
7428	3901
4390	4123
5327	4567
2777	5704
5227	8516
5608	7601
7481	5536
4778	3228
4584	7033
5264	3168
5363	6212
4456	3654
2080	4178
5137	2825
5448	2934
6292	5566
4912	1780
6010	421
6635	5209
6294	4477
5421	2094
5971	3286
2549	1933
5687	4491
3706	6455
5920	3998
4674	6197
5828	5048
6228	6611
5003	2130
6657	2944
6411	4712
5712	5520
6999	4660
7097	3187
5651	4851
4715	4846
3991	3647
6305	3889
4829	3363
4702	4046
4578	6918
4609	3678
3537	1951
6569	2897
5802	7068
5694	5011
3408	6105
4431	1345
5478	2907
4585	4398
4080	3204
6028	5517
4765	3290
7669	3724
5403	5387
6349	4349
6754	5964
5768	3469
7265	3115
6657	5473
3896	3510
7213	3225
4415	5856
5709	3276
8312	6302
6154	6087
7325	3122
5358	3234
2924	6363
3393	8174
2045	2556
3176	4084
6260	6789
4474	3550
5766	4871
5354	2620
5951	2947
3908	4588
7184	3983
3395	4230
3988	5567
8197	3839
4889	4031
2409	2165
5563	5708
5915	4882
3854	4222
5727	5245
4532	3191
4895	2723
5197	4515
4728	4583
6271	3790
5808	4427
6267	4206
6040	6389
4713	7207
6309	4019
8562	5772
6367	3791
5699	4077
7778	5012
5441	2557
5023	4807
3720	1698
5674	8066
4309	4419
7289	4054
6708	4587
6527	1704
5097	3090
5375	8890
4468	5385
5847	4572
5990	5505
6678	4604
5677	3223
2255	6065
5909	4224
4694	4232
5868	4228
2836	3527
3683	8303
5835	3697
1013	7416
5842	2483
3437	3379
5603	5851
6079	3531
2933	9167
9109	3778
4798	6128
3638	6330
5387	4808
7510	8597
6382	2258
2829	8628
3225	3601
3312	5879
5441	6852
3805	2640
7384	2845
4185	5376
5591	5309
6026	6089
7644	6848
4715	2560
7104	5994
5308	6265
7033	4206
4827	3373
4696	4877
6464	4556
5054	4305
3640	5174
2237	1080
4625	5856
5357	3931
6725	3921
3682	6493
4850	4895
6049	6627
3916	4063
3541	1829
5746	3366
9240	3855
6797	3810
5459	2511
5332	5265
4778	6512
6175	4446
5408	4396
5853	6827
7234	2692
5271	5503
4629	7197
5023	4746
5770	4979
6803	7118
4601	3498
5049	4999
6287	5120
5247	2096
7589	5622
6245	3319
2634	3001
7011	3828
4680	2462
6750	7134
3218	3784
4742	6699
5252	2869
6334	3739
7244	5483
4896	5513
5313	4934
4994	4183
6542	5409
4141	5691
3993	5794
5713	3097
5104	7427
3886	5279
4904	5298
4542	2615
7044	2379
4982	5723
4401	2644
1554	5325
4401	6122
2711	4246
4189	3718
434	4966
4672	5067
5170	4146
5035	5223
5125	3020
4120	4009
5178	1962
8452	6826
4022	2323
4638	1333
6760	6249
5929	6145
5039	6338
5389	2460
4868	2804
3826	4178
4961	4497
3646	6628
6172	3783
6764	4886
5154	4478
6650	5162
7473	2918
5622	6223
6792	6181
3596	3788
5852	3714
4867	5609
6509	5771
7545	5570
4994	3232
6580	5056
5810	2880
3182	3241
6011	5880
7126	5079
5059	5306
5889	3733
7810	4984
6981	2274
5610	4511
3610	2457
5891	2235
8867	6513
4733	4666
4999	4014
4566	4008
8479	4736
5344	8459
4410	4519
7191	1924
6654	3735
4821	2598
6301	6200
3663	3851
6007	5267
5880	3290
4252	5382
6274	4055
4219	4264
4274	4721
4529	2474
7191	5400
5835	7278
4651	2128
6607	4782
5115	8995
6409	3495
6626	6534
6361	4409
6036	2962
4111	6419
6332	3696
2540	6053
4622	5748
6612	4399
3892	4621
6759	4623
5635	3992
6215	2601
3213	3074
5905	5768
6893	3792
6095	2870
5569	6250
7012	5142
5084	2189
7039	4781
7495	5258
5318	4175
3519	5375
2917	5893
6865	2820
4268	6226
5262	2545
4569	5784
5114	4191
4857	6982
4421	3252
5695	3469
5168	3355
6368	4097
5571	5500
5786	4699
4205	1796
6111	4822
6165	3626
6493	5131
5804	3395
4315	5271
5148	5118
5819	4801
4396	4226
5834	1451
5086	3762
4879	5326
6945	2888
4874	7006
4392	3217
5638	5794
2534	7023
6620	2614
4533	4584
5359	6388
4473	4446
8661	1867
5621	3870
7579	4679
5003	7154
6236	5426
6447	5733
5977	5305
3789	9710
4918	6481
7087	3249
6157	6738
2475	5060
5824	5081
5699	4806
5545	4199
3749	6351
5846	7716
6051	1077
4434	5413
3229	4260
4914	3848
7583	4528
4116	6995
6394	3364
7048	3866
5363	4629
4136	8388
6262	6544
6745	3400
6069	3035
6096	3894
6180	4771
4820	5367
6175	4638
6042	5550
6458	3095
5073	2974
4408	5720
3927	2398
5025	2500
6101	3453
5836	3213
5190	6181
6367	4215
4211	4325
4442	6244
4608	3621
3983	4463
4255	5470
2702	3614
5057	5524
4358	4263
2536	3387
3242	2976
5013	6097
5531	4669
2800	5050
4527	5558
4043	2810
6950	3520
4409	6967
7213	8919
3234	4855
4643	6876
5332	3024
6371	4199
4419	5420
5937	5101
5409	2510
5806	3643
6069	3794
4482	4740
3260	3887
6370	3645
7117	4471
5361	4641
5829	6158
3821	4308
4452	3868
4515	3599
5284	3643
4381	5176
5050	3936
3186	3777
5264	5113
6594	2707
3594	3137
4055	5293
6558	3295
5806	3753
6745	4255
4407	3534
6456	4949
5099	3716
5122	3549
4865	4169
5371	5385
8280	2682
4427	4438
4317	6014
6255	8888
5101	5082
4896	3318
3066	4536
5702	5478
5293	3578
9447	2866
2734	7028
5553	3348
5428	2820
4675	3072
4476	4938
6010	4250
5244	5482
6263	3343
4704	3739
6832	2412
2231	7494
6288	2944
6160	3975
5574	4955
3780	1796
7101	2112
4168	3806
5195	5024
6089	1823
5590	3219
5430	6538
5008	6206
7465	5461
4597	3933
5359	4148
8196	3104
5592	3919
4702	5556
7125	4687
3804	7684
6162	2668
4619	6311
2294	3581
5562	2427
6973	4970
3357	4410
5676	3985
4980	6128
5810	3184
1969	3475
4717	4233
6017	3122
5553	3454
5659	5634
6598	4149
5189	4689
6647	3347
7010	4973
5285	4442
4508	3617
6981	5561
4465	3592
4270	3430
3779	2991
5296	3084
2288	9654
7092	4823
6440	3917
6136	5780
3143	6605
6007	5269
4643	3369
6534	3296
4136	2614
7010	6954
5594	5391
4308	6854
7307	3035
6805	4829
3269	3849
4906	6278
4201	5182
5198	2707
4372	3162
7101	6053
6852	5182
6742	4537
4981	5689
6688	3438
5468	3398
5424	5337
4774	6783
5274	4020
2930	5045
5878	4402
6260	2689
5406	3477
6731	4810
5564	4973
4625	6771
5486	4926
3896	4506
6386	6570
6118	6818
6160	4809
2785	8540
6988	3657
6575	2826
7128	4810
6243	2694
4129	3465
4629	3282
4599	5313
6339	4542
4421	5431
5811	7087
6760	4809
6020	2823
4582	4322
7080	1852
6967	4410
6258	4756
7339	5915
5666	3873
4855	4121
4869	1749
3225	3956
4532	1355
4430	4299
4336	3875
5326	5118
5388	5508
6863	2604
2643	4919
5397	4633
6062	5090
5068	5168
5971	5932
3283	4904
8639	7145
6000	4040
5248	6862
3494	4494
4458	3313
6679	4824
6896	9120
5078	3816
5688	4070
5127	4584
6222	3794
5992	5667
4469	4535
5775	3351
6109	6234
5623	2392
4317	3830
4806	4837
4852	811
6070	6115
5480	5800
5193	6216
5817	5150
6065	3003
4406	6146
6111	5239
2305	5082
4726	8708
1860	5625
3150	1562
5270	5281
6540	5333
3122	4895
4309	5223
5860	3954
5246	4723
8729	4113
5880	3716
4512	3884
3145	6269
6049	4833
3336	2947
5241	1943
3479	5591
6023	4998
4109	3501
5764	4677
4950	2000
3766	5599
7227	5728
3755	4610
5446	4819
3188	5146
6140	5206
3073	8173
5630	5648
5449	3384
6847	4040
4184	5537
3184	2397
7864	3759
4059	4176
4674	4933
6213	3136
4425	7273
6443	8472
6032	5893
5541	7617
3337	5845
5791	3272
4697	4414
5005	3036
4995	3724
7343	5439
4166	4366
4696	4828
4580	4541
3562	9117
5007	5255
7360	6798
4876	5088
3073	2762
3268	9186
7520	4995
5840	8492
6635	4614
4174	4303
5974	4153
2957	3470
4873	4611
5591	4522
7643	4329
4128	7488
4501	4716
4480	2066
4378	4953
3145	4036
2664	1962
5580	2641
6357	7899
6375	3250
5329	3117
2264	6590
5397	2117
8308	6617
4897	6823
7585	3970
4384	7839
6915	5579
5940	2475
5996	3159
3325	4392
4953	5994
6816	3129
8111	6468
4995	4662
6412	3361
3987	4744
5707	5370
4000	3635
2566	5273
6270	6725
5081	9662
4371	6774
5472	4156
6100	4268
5615	3195
6439	1627
3472	6773
6022	4914
6352	4085
7746	4551
6058	5079
6268	1827
6804	2981
5339	3149
6286	5087
5493	5393
5781	7705
6424	4659
4302	2575
6669	6162
5047	2508
5867	3234
3779	4468
6090	2359
5918	2803
3812	1595
7433	5142
6214	4660
6774	3844
5485	2466
6547	4038
3831	5718
5240	5431
3690	4534
6269	3449
6510	6206
2371	3767
7676	3719
7334	4016
6485	3436
4845	2945
6640	4101
5748	3634
2686	3674
5786	3197
4913	5372
4844	5302
1787	6951
6495	3571
5988	2997
3825	4013
6231	4584
6628	3479
7617	3056
5305	3798
4544	4422
6401	4369
2915	5896
6082	2738
6064	3139
3048	6344
5826	9214
5117	5954
5687	2756
9999	5133
6898	4733
5824	4039
4859	6666
6689	3124
6309	3597
5664	2689
5946	3987
4055	2279
6632	5573
5799	5505
7337	1663
6174	4218
4350	3587
5177	4811
8306	5830
6075	3638
6972	4382
5313	3736
5711	7556
5929	5090
7243	5786
4608	6288
6175	4710
4314	9639
5992	5410
5681	5160
6086	5000
6338	5925
4050	4842
5430	6341
3455	5630
4179	3012
6330	4445
5076	2402
7738	4754
3767	4011
5999	3820
4844	6458
5137	5841
5471	3718
6388	5708
8509	4778
6069	5402
3938	6446
6857	2451
3215	3317
3873	4192
5196	5255
6034	4069
3240	7464
6429	2429
3093	3410
4598	2834
4964	7393
6790	4963
5169	3806
6990	4572
4151	4550
6509	4924
7780	4370
7103	3923
6617	4520
5841	5289
7036	5425
4565	4761
5512	4854
6388	4713
7210	4099
5171	5279
6216	4136
5775	4932
6801	4879
4828	3412
3643	4335
3979	8787
4903	1322
3577	4225
5658	2774
6136	3636
5765	6038
4333	4780
7519	4372
5298	4211
4520	2760
6260	4126
5833	4506
7246	5797
5477	5110
5268	4146
1246	4587
6417	5941
6102	4222
6150	6785
3267	3463
5855	2817
6982	4363
5055	2712
7562	4162
4623	2951
4539	3294
4677	4180
4303	6460
5563	4538
5468	5865
5563	4352
4822	5263
4646	4118
6059	3962
4788	6120
6124	4759
5303	3666
6208	6347
4997	3424
2542	5861
4486	4079
4828	4868
5555	3551
5558	4731
5798	2916
3285	2443
7536	4408
3856	3697
5081	3407
5333	4095
5478	1100
4688	4712
5201	6290
5401	3274
4836	4627
5923	2415
6041	4034
4993	3691
6881	4805
4171	4978
6872	4809
5822	5057
7115	3369
6590	2456
5236	5008
4121	2299
4068	4755
5760	6303
7419	3480
6989	8164
3615	2306
5812	7029
6165	7924
6064	3863
5745	5026
5666	4900
8439	7125
5689	2910
3245	5907
5037	5012
2446	7211
2918	1571
4670	4344
4294	3632
6014	6476
6860	3259
5926	3953
6792	4260
6525	6076
4301	5339
6640	2674
3649	3920
3976	4345
6681	4278
5424	6311
4431	4582
5528	4781
4257	3670
5549	4269
5634	2287
6306	5629
5805	3527
5336	5366
4378	5641
2219	5495
1461	4647
6649	5704
3692	3820
5091	3179
3944	3502
2227	3110
5404	3895
4792	4039
5999	4710
6497	3611
7862	4913
3261	3592
6203	4111
4985	5632
3174	5801
8408	3720
6333	3992
4093	3658
5415	2440
4431	5604
6105	4473
5937	3201
2303	6293
6972	3678
6019	2975
5700	4750
4691	5433
6994	4668
4196	4371
6573	6045
6876	1419
6087	2980
4616	4889
7420	3193
6914	4498
5716	4625
6437	6670
4077	3814
5295	4835
5499	7504
6510	6569
4998	3021
2260	8042
4262	8078
6179	3525
5434	4803
5145	2564
7671	3920
6320	3256
4287	3926
5849	4969
6089	6278
7167	3020
5791	5287
4799	3862
7697	4394
3716	6549
6537	5606
2093	3107
5628	5123
3086	6021
5927	4513
3979	3738
7174	3136
4572	2634
5437	2415
4861	5544
6619	4709
5454	3576
4761	3373
7413	3024
3210	3080
4893	3763
6038	6344
6468	4138
5921	3608
8857	4986
3683	2769
5458	5347
9389	4088
2085	6704
1930	3365
2866	4151
5283	7236
6095	3770
3855	2871
7452	4147
5363	4495
5238	3958
4495	3317
4028	6873
2560	4923
4934	2774
7740	4979
4108	2366
4623	4888
5327	4457
4522	2914
2265	7585
5022	4593
1785	5212
3764	1930
4093	4222
5907	6104
5441	3472
5106	2310
5573	1353
6276	3733
2478	6266
6029	4335
4204	6243
6747	7381
6122	3780
6883	4411
5104	7149
5552	3984
4157	6181
5833	4648
3370	4660
3919	4474
3682	4241
6172	3400
4651	3278
4716	4063
7794	2656
4716	5473
5857	3988
5411	3491
4603	2668
5865	4217
6323	1760
6982	3311
4310	1785
4403	4734
4156	2781
4803	5485
4986	4812
5597	2515
5834	3584
5664	1455
5551	1326
2849	2642
4276	3745
2995	5048
5978	3120
5040	2818
4652	6625
4067	5495
2666	3865
3391	4892
4616	4290
6471	3067
6575	3178
5455	2204
6514	5101
5038	6397
6468	4534
7012	4736
7856	5489
4730	5724
4487	2509
4233	3261
6008	6116
3721	4097
4079	4140
5368	4052
3165	4311
6042	7290
6312	4266
3491	2378
6233	4751
6098	6205
3969	5516
2907	4978
5935	2541
5085	4930
4904	3355
6567	4678
3435	3559
4519	5239
4423	4199
5437	4260
5315	7704
4161	3254
4589	4367
4714	7317
5159	6717
4004	3048
5538	3707
7349	5155
4332	5765
5498	3960
4308	3238
3180	4699
7283	5005
5608	2622
7003	5432
5776	6765
5396	4401
5834	6905
1241	6163
5143	923
8540	6186
3928	4123
6100	4834
4609	4945
4392	3401
6528	5589
3201	4766
5487	1816
6144	3811
4587	4547
1678	2603
5110	4857
5236	3603
3088	3146
5499	5284
4789	5296
5042	2212
6058	2513
2769	2478
5770	5549
3444	1547
5344	4194
8293	3313
5454	3284
7188	3858
6308	5913
4968	2630
5824	3945
3694	4705
6978	3721
5769	5947
6561	5593
6198	3373
5687	4941
4310	4202
3810	3804
6108	3689
5341	3170
3126	4364
7629	3542
6516	4453
3713	5887
5838	3660
7238	4429
4225	3803
3968	5970
5037	2317
4219	6385
6756	3763
5336	4456
4233	3923
4765	4534
5265	6497
5613	4076
5912	2997
5618	3277
6923	3200
3144	6444
4976	2421
4430	3278
7144	7810
5339	3664
7214	3856
6597	1872
3576	3440
5127	4011
6260	5912
4708	4916
4397	4835
5586	5794
4589	5187
7571	5050
6528	2884
4074	4554
7736	5243
5840	5267
5079	8698
5899	2805
5031	3324
7103	6622
6683	5536
5854	3902
6683	4200
5027	4320
7084	4019
7046	3353
4076	9999
4715	4196
6447	5829
3017	1419
4624	3342
5321	1423
4954	2937
4210	4794
5713	5675
4903	4238
6964	4004
1146	4669
6500	6145
5247	4432
5867	3397
4905	6943
5691	6956
6515	5755
6302	3665
5621	2531
5575	1813
4877	7790
6839	5127
5436	4964
5592	4052
4191	1673
5331	5810
7049	2474
4914	2775
3492	4905
5184	6461
4334	3248
4337	6449
4380	3246
3647	7034
5293	2793
7054	3255
5653	4175
5267	2969
6240	1910
6118	6816
6680	5319
4929	6305
4810	4090
7436	3832
6221	3841
4502	4632
6388	5459
4885	3525
5637	6752
4103	5290
6014	5463
4437	4444
3207	5480
5701	5106
6167	5568
3662	4768
3494	6386
2951	6226
6417	3540
3337	3855
6126	6304
3913	3963
6088	4422
5394	2763
5199	2771
6934	3371
5221	2947
5810	3148
7061	1812
5087	2539
3566	6937
4253	2883
6643	4547
5467	4629
4737	3448
5790	6041
4538	3830
4409	4566
4758	4269
5677	3790
5100	3910
6635	4219
8408	5923
9032	5642
6791	5108
6930	3864
3536	3266
3611	4588
3291	4127
5524	6211
3785	3561
5878	4370
6107	4252
3897	3789
3417	897
5486	3355
5009	5847
8270	4082
7944	5667
7389	3135
4182	1876
6420	4202
6280	3788
5259	4167
5711	3517
3656	2734
3993	8291
5437	6668
6134	4066
6698	2282
4356	4528
3556	5120
4524	5258
5646	2318
6474	5265
4886	5143
4484	2726
5773	1739
3783	6053
5388	4314
6054	4759
6406	3594
6399	5880
4142	4436
5492	6623
5617	3569
4439	4580
4859	3625
6349	3415
5607	2541
6644	5138
6708	4425
5743	4911
6192	2392
3578	3704
4803	5677
7042	5495
8451	3421
5108	3171
5664	5347
6490	2506
4640	2995
5232	4310
5602	5329
5818	3471
6505	3089
5852	3040
2755	4181
6422	4105
6892	2799
7081	3491
6117	8149
4711	3973
8892	5677
4947	3501
6899	2672
5169	4936
5981	4041
5578	3828
2615	4174
5945	4672
6056	3087
6118	5142
4779	5770
7584	4866
5813	2004
6927	3054
6478	6513
3621	2988
6077	2983
7165	5400
4383	4491
6117	5317
6688	6621
2889	2706
3638	2442
6988	4692
5814	2858
1932	5916
3184	4531
6327	5582
8033	2946
4863	4009
3680	3313
5855	6173
6160	3619
5681	2817
6467	4138
4705	6496
3794	2365
4343	5179
2752	6962
6114	3328
7249	5892
5831	6166
7406	4208
6524	3773
4638	4566
5549	6325
6082	4014
7594	4026
7055	2713
6071	1497
6658	5322
7436	6104
7034	5609
4125	4224
3980	4939
5999	4028
4106	4896
4858	5196
5349	3225
4465	3934
7860	6137
5092	5165
5490	3214
5944	4468
3897	4868
5947	3361
3526	3343
4635	4231
3827	3524
5751	3734
3179	3990
2625	5717
4813	2749
6078	3765
5286	3748
4832	3974
5315	6558
7022	8295
5846	5479
6194	5166
4585	1441
7360	3130
6013	3759
2401	5162
4205	3212
5563	5131
2751	1754
6034	3704
4897	2885
6112	3219
5261	1695
4356	4251
6197	4176
2524	6035
4227	2990
6915	4262
6437	3709
2869	6046
6167	2277
4489	5585
5134	6939
6100	5760
4774	8216
5688	6511
7634	7539
3262	1918
7461	4195
6492	5802
6928	2996
5553	3721
6341	9359
5171	6020
4401	3651
6044	5989
4308	3166
4626	6002
6005	5528
5399	3215
5220	2747
6416	5806
6084	2372
5894	1518
3771	6145
5424	5169
5636	4503
5593	3135
4184	4937
5260	4099
3039	3052
4379	2682
6282	6049
4593	2216
4196	1514
7920	5201
7934	3336
3108	7144
5702	6263
3061	6150
5613	1764
3947	6039
3870	3380
6075	1155
5177	4469
5913	2917
7415	5424
5508	8066
3314	2870
4333	3708
3501	6369
6164	6987
6333	4315
6146	4828
5604	9261
3235	5192
5877	5274
5680	3244
2179	6881
4584	4186
6297	2931
6403	6378
4776	5752
7163	3227
4093	4163
5026	9870
3420	2449
7514	2797
6162	4737
7142	3671
4081	4561
4756	4192
7216	6937
5181	2754
4935	4290
7319	3425
6688	3343
5461	4384
5038	2157
6158	4530
5202	4523
6097	2069
3709	4713
6640	2899
7241	5497
4458	5271
3302	4710
4688	4175
5609	5847
7054	4620
5092	4491
7561	5139
7189	4724
5535	1432
5801	5304
4237	6241
6269	5888
5405	4411
5624	6403
6722	7065
4819	4329
6477	4746
5227	4663
6313	3295
5339	4159
5493	4011
4116	6794
5317	2032
5502	3883
3060	3896
6658	4432
3770	5696
4524	3787
6577	4603
5497	4703
5588	2729
6605	5488
5200	4200
6014	7278
6618	2490
6444	5859
3630	4139
5578	4757
4938	4863
5982	3486
3649	3375
4851	6754
4907	2633
4511	4422
5219	5813
6063	4420
3696	4443
5117	4516
5003	5637
8110	2066
7706	5030
2190	5200
6366	3869
3122	2539
4043	3411
4741	5376
7209	4456
5873	3991
7063	7432
7161	4622
6086	2948
3751	3830
5208	4647
5408	5165
6781	6595
8747	5706
5574	2939
4663	4163
8873	4146
4753	5152
6540	5283
4247	3948
4308	2983
3638	3608
3868	5668
7056	5944
5478	3155
6995	6536
4044	4329
8278	4181
4279	3479
1672	3381
3444	3642
4568	5015
5988	4914
4921	3528
4814	6509
5210	5391
4853	2994
6489	3582
7198	6732
4229	5991
6553	5945
4283	3532
5576	3933
5445	5797
7057	7039
3881	4139
5091	6707
6106	3068
5736	5101
7618	6056
6248	4507
5053	661
3873	3152
