166	3048
123	3258
193	2269
23	2619
15	1573
8	4260
76	4692
156	2637
28	4888
44	2449
48	1180
24	4774
136	3258
163	4960
16	3592
116	3540
55	2052
135	2193
115	2894
100	3585
13	4293
9	3379
19	1180
83	2699
157	2008
201	3544
75	3187
208	6207
81	2688
28	2938
23	666
87	1254
17	1871
36	2587
180	3970
27	5479
91	2668
142	2866
187	2705
30	5538
75	1943
12	3638
12	2236
40	3105
108	2902
142	5283
138	2908
138	3090
106	1939
32	4516
188	4179
51	4455
108	3629
105	2969
94	6071
120	3079
81	2974
66	2882
98	1692
28	3579
95	5701
70	6805
199	4803
14	2525
12	5073
139	1726
188	1778
119	4632
200	3718
15	3189
67	1979
49	2853
34	1376
101	1707
63	2626
56	2026
129	2563
188	6254
141	4961
8	4608
192	1799
193	1675
39	1413
121	3469
45	2080
91	1819
112	2124
164	1324
174	3904
103	3512
189	4222
164	2672
84	3751
35	2212
187	5776
15	4404
203	3596
92	6372
41	2837
202	1483
22	3541
147	2661
120	3103
101	1868
100	5020
32	6822
69	3482
28	1255
7	3846
31	2415
108	2694
39	2387
73	1381
165	2130
122	4149
49	3146
173	2262
74	1670
62	1945
12	2530
146	4812
77	6359
68	3732
9	2602
22	2637
105	2154
29	4462
75	2862
100	3070
70	3214
190	1381
1	3079
79	1415
101	2327
68	1768
64	2929
169	4112
27	3057
57	1425
115	4547
200	1305
27	2870
6	4047
132	4749
90	2794
129	2884
60	2565
33	5614
164	4034
68	3872
91	2305
146	4301
64	3649
54	1629
101	2212
98	2149
65	3072
140	3914
54	4859
58	2681
17	7201
133	2306
97	1951
94	4670
87	2728
38	4819
143	2371
79	2368
130	1492
57	6313
145	1590
99	3504
181	2418
31	6098
48	1944
40	4111
54	3006
26	5542
206	4167
84	2106
8	1038
20	4387
34	4704
142	4365
102	4449
166	1565
38	1360
67	4694
203	1072
51	3872
130	2571
143	3542
94	1881
69	4274
7	3590
209	3705
61	1255
87	2764
32	3924
129	6928
8	3528
215	2871
7	5981
199	1356
26	1330
41	1202
161	2185
73	3773
40	4443
55	7420
131	1178
201	3076
135	4622
147	4755
117	1872
41	1576
139	3463
175	985
46	4991
173	4199
13	3831
102	1085
111	2132
7	3792
59	1110
69	4459
104	2558
59	2641
57	4017
88	2594
69	5017
127	2229
16	5529
53	5374
167	4571
65	3977
143	3534
216	2617
5	7690
49	2764
202	2002
37	4414
64	2635
108	2895
109	1393
209	2355
177	891
195	4060
44	3084
74	4651
118	4952
137	3719
31	3850
38	4188
52	3302
27	6345
59	1942
146	2251
192	4038
25	5615
21	2818
35	4249
77	3741
39	7586
17	1221
130	993
108	5888
129	3111
81	4204
83	2802
26	3549
99	1852
84	6489
133	2773
75	3054
167	1312
70	4189
41	0
16	3138
58	4911
5	5164
111	6547
16	4896
194	1864
60	3181
179	3959
58	4042
113	2425
143	1896
86	1467
181	3902
71	2889
106	2149
32	2971
172	2325
82	2195
40	3635
51	6636
160	4616
186	2634
44	1884
138	2996
11	4453
215	2846
25	3688
53	2084
7	4439
43	2434
95	2846
62	2199
17	3197
20	6878
178	6374
87	1948
148	5507
63	1136
27	2853
55	1702
84	2399
206	1516
94	2982
38	2837
4	3246
55	2887
83	3647
40	2592
39	2661
133	4364
9	4023
168	2007
126	4765
61	3258
92	1404
28	2410
158	3421
9	2808
20	5692
99	2981
109	4088
136	1686
83	5321
75	2016
161	3687
172	5288
23	5008
74	4211
153	2566
111	2690
39	3602
171	2984
172	647
182	5994
120	2272
24	2919
112	3675
33	3683
18	3630
41	3901
87	1414
82	2652
140	4256
79	1991
107	5791
62	2397
154	2184
20	1514
153	3910
179	4427
69	1367
67	3265
104	1643
64	2459
131	3331
5	4703
89	1763
48	5384
10	3174
134	5601
157	3641
51	4958
182	7497
79	3712
63	3845
156	2798
175	3020
75	2740
43	1911
189	2773
168	3945
76	3113
160	3278
180	3401
43	4115
89	3539
120	4349
199	3491
56	4265
199	3392
60	7158
178	5046
146	4855
209	2781
41	6734
46	3011
75	2398
69	4506
220	2253
161	6224
121	3887
82	1819
81	949
36	1987
38	3184
108	4654
9	5949
213	3310
114	3261
113	2159
208	3101
70	2867
178	3123
194	3516
184	4340
32	5342
44	3550
93	3909
102	4934
96	2658
80	2537
94	5877
127	4172
55	6285
165	3329
104	1953
142	2289
16	3085
43	2828
27	2279
146	3088
19	6319
76	4724
134	3488
100	4294
32	2755
45	5155
19	3652
66	3715
48	2708
7	1097
29	860
9	1347
9	2037
114	5198
102	4306
144	2383
125	3503
18	3569
21	2316
58	3821
194	3519
111	3207
107	2815
209	2243
72	2053
175	2548
176	4561
51	3102
33	1059
8	2532
91	2036
89	2322
200	6307
109	2928
37	5625
27	2923
17	1159
152	3394
101	4231
138	4063
29	4644
118	1665
57	3660
16	3874
45	7081
134	2513
113	4791
37	4353
32	3347
73	868
11	4022
11	2075
49	2658
104	5182
63	3326
95	2969
75	3206
59	2308
46	1527
94	3335
194	3558
210	2446
37	1838
131	2895
103	3335
146	3611
14	4555
128	6036
156	2828
36	1617
41	5295
4	2604
214	2016
68	3229
96	3783
102	3297
69	3059
214	4665
16	2480
98	2483
214	3439
82	3049
184	2251
94	2378
124	4306
190	2477
131	1525
151	2225
185	2531
128	2505
57	2393
143	1729
101	5653
22	2949
200	1682
207	2306
101	3277
24	4476
41	2088
171	1709
28	4144
18	2939
108	3853
57	4407
25	2260
157	3690
112	2484
15	4155
40	2596
158	3393
47	2904
53	5691
102	4478
155	4023
95	888
93	3975
14	1577
100	2508
56	1608
121	3877
21	2321
31	3963
90	5632
78	1881
122	4423
165	5511
166	2753
54	3114
142	2070
154	2449
98	1262
99	3095
197	2888
19	1561
24	2806
185	2112
135	4250
110	4844
78	2271
56	2984
193	5808
32	7541
188	1701
180	3417
31	2147
165	2695
8	1000
142	2841
207	2808
22	2214
50	4689
178	3430
148	3151
170	4682
68	3782
72	3527
106	3493
154	2998
19	1371
82	932
31	5212
74	3944
8	1856
198	3532
11	3711
198	2045
220	2112
72	2179
144	3440
20	3181
188	4276
32	4500
120	2838
21	2008
143	3275
85	3578
143	4548
50	3516
15	4242
15	3519
49	2059
103	2166
32	6715
9	3573
164	7334
216	2306
8	3324
12	3496
174	1579
44	3359
93	3654
13	3555
170	5652
171	3926
29	4106
36	3367
5	4400
37	1994
138	2464
34	4369
150	2085
38	2872
73	2841
175	7789
60	6472
165	1566
108	6510
108	4665
114	1464
116	5930
61	3971
18	2331
196	4316
116	6368
9	4146
65	2125
143	1768
180	2138
143	1976
65	4073
83	3496
61	5716
32	2478
19	4442
187	6953
157	4252
66	2593
114	5849
70	4232
54	1644
52	3099
124	1879
48	3665
106	4282
9	3600
191	1802
73	1844
142	2249
27	4660
164	4286
62	3116
46	5204
53	2513
190	1463
133	3899
73	812
87	2037
173	5244
23	2356
50	1548
162	3654
34	3709
148	7428
15	1061
49	4723
19	3517
193	2758
23	4125
35	2399
82	3906
13	2684
67	3280
30	2659
133	2593
89	6974
56	5594
64	1458
131	3895
159	2341
84	4111
11	2715
135	1645
67	3986
168	4130
97	1041
82	6425
105	2662
140	2409
98	2850
50	2499
75	4370
50	5025
122	2366
93	1182
9	2896
205	1920
11	2084
53	4766
51	3555
50	2531
71	1179
193	4045
195	2867
181	3029
165	4932
63	2661
58	3218
11	5105
88	3013
11	1688
25	4287
89	2185
10	3148
58	4468
75	2281
34	3210
162	4559
190	1987
70	3368
195	450
51	4526
18	2229
35	2568
15	3981
50	1637
115	3129
123	2597
90	5638
138	3446
182	4842
121	2519
115	5490
148	2827
87	4336
124	6096
173	6879
5	2469
43	4154
21	2371
143	5727
160	3447
67	1911
75	2427
38	2542
33	4132
71	2310
11	5844
122	3859
64	4502
12	2170
117	4402
153	2185
48	3878
14	2557
130	2046
189	1407
179	4079
178	2938
47	935
50	3201
197	2880
48	2428
52	2552
52	4643
70	3556
136	3866
30	4515
100	2389
161	3444
101	4140
84	2351
9	4523
24	2417
93	3019
91	3306
150	1607
37	1821
26	5097
65	5084
16	3848
18	819
76	3960
102	2031
98	1389
45	929
45	2894
137	3031
81	4932
131	4822
18	2388
78	3922
47	2854
77	1668
50	4879
62	2649
96	3395
26	3198
29	3819
154	3474
94	2200
79	2804
108	2514
70	4579
138	3122
59	5139
38	4144
12	3805
53	5350
62	4836
11	3088
97	6018
97	7582
174	3677
193	3050
92	2413
65	2895
16	1794
42	3138
112	2847
41	3413
76	4073
73	1079
36	3242
62	2449
219	4479
174	4651
203	2438
48	2351
126	2230
30	4770
57	2162
13	1415
95	6962
97	3356
100	3584
170	5227
103	1645
44	2115
12	3951
40	5021
30	3647
73	4895
144	1514
172	3956
51	5233
106	2542
199	3645
92	5837
149	2397
186	4452
151	2164
182	3521
85	3428
45	2767
189	1028
59	4847
20	1697
17	2744
90	4091
33	2345
10	1588
151	2290
216	3031
126	3159
70	2605
150	3984
59	4245
29	1839
72	4123
15	5381
16	3434
135	3774
188	4414
5	5581
61	3128
158	4173
37	7914
26	1058
70	4851
24	1573
197	2603
80	3949
12	2571
178	2567
120	4330
86	1566
48	2706
22	2153
89	4943
65	3032
12	3426
28	2091
150	4403
74	3677
9	2305
25	2739
24	4202
35	3399
81	3272
79	1653
76	2047
72	3354
163	3423
52	5231
62	1992
122	1403
81	4908
214	6537
120	1520
49	1757
80	3262
49	1957
21	2613
183	2413
32	6198
129	1685
154	2512
55	2263
9	4675
41	3507
21	5228
27	5008
193	2200
63	4330
190	4291
37	2803
13	3000
52	3383
10	5730
145	2681
131	2333
52	237
14	5136
193	2771
205	2223
48	2819
56	4980
197	3922
159	2637
6	2819
19	4771
157	6067
65	2244
145	4099
24	2724
163	3498
75	5477
94	3527
34	5816
110	3482
78	5711
204	1961
26	3361
206	6191
113	4407
52	1304
22	5041
49	3861
70	5225
181	3031
81	3469
68	1888
46	1952
29	2407
78	2720
117	2529
85	1599
14	3275
179	2392
103	2544
51	1970
68	1637
33	7106
130	3491
40	5231
144	4172
196	1694
135	1787
80	1828
23	970
16	2439
203	1196
212	3460
104	3278
193	4449
77	2919
53	2531
63	2618
188	2649
115	4890
104	3384
193	2603
122	4872
13	3865
6	5706
66	5406
172	1417
85	3821
124	3099
121	532
14	4675
23	2408
10	2241
36	4481
213	5013
94	1827
182	2091
54	2622
72	4520
73	1701
154	4990
177	2639
111	1641
92	2239
73	4700
102	3762
7	2744
29	3562
183	1450
106	2519
185	2776
66	1134
214	2212
30	3977
16	2563
23	4683
119	142
64	2430
68	3065
141	1046
134	3402
6	3788
59	4623
73	3883
19	3177
68	2680
53	1564
100	3121
67	3147
12	3815
68	3573
20	2642
45	2509
48	1813
26	2880
134	4361
16	5480
30	5776
73	3674
83	3199
22	2461
44	1950
15	2840
97	1270
13	2571
34	4654
123	5286
141	2913
154	3742
86	3779
61	3250
177	4020
109	2858
67	1850
26	4994
53	3477
22	2792
131	3216
142	2529
18	1673
139	2739
110	2651
37	1846
129	5219
218	4477
53	3175
99	5707
97	4561
221	4367
90	5813
132	3972
156	3025
128	4738
205	3041
181	3697
71	1817
6	4057
14	4556
110	653
165	4096
82	2320
61	4904
156	4127
48	1453
79	3069
163	4602
25	6185
74	2241
186	3312
46	2129
215	6262
79	3892
136	3332
150	4337
123	2721
120	5156
174	3510
120	2960
64	3870
69	5746
135	2783
155	2431
114	3670
7	3890
40	1306
122	3999
27	4177
36	3062
175	2315
93	2338
172	3907
98	4957
80	3332
124	3013
168	2701
52	4902
112	5083
87	3460
7	1807
9	7951
187	1578
180	2813
35	3481
53	2559
87	4199
27	3840
62	5308
62	2281
114	3562
61	3306
61	5291
70	4947
6	3946
79	2971
13	2230
48	3934
184	2018
37	1346
86	2916
80	1031
131	2631
18	3774
55	2811
70	1331
161	1975
73	1805
211	5773
61	3327
59	3957
143	4428
36	1669
192	2270
43	4130
165	2588
30	1371
163	1508
178	3264
13	4710
10	1969
73	3546
175	2099
113	3138
90	1357
154	5974
84	3425
18	3350
131	3535
16	1977
75	7551
48	2751
198	2088
154	3806
80	2143
144	5569
37	3221
91	1565
101	2327
107	5753
35	3849
62	3356
12	3170
198	6232
30	3542
44	5491
9	4643
27	3975
148	3703
41	2717
44	2663
13	5129
36	1655
200	5627
97	5227
28	3914
125	4369
102	1360
50	4884
57	2816
182	3319
192	1853
12	4842
194	2918
52	3992
182	2835
52	3663
89	3457
193	4319
9	1604
58	1528
138	3429
90	1174
23	1844
40	3165
56	4273
150	3671
26	3719
110	3911
53	2347
44	3066
108	5573
81	4003
44	2665
123	4383
170	4264
37	2950
186	2575
5	5648
78	1370
129	817
210	4669
104	1585
192	1412
78	3582
94	5108
72	4191
56	1618
147	4958
54	6849
96	2464
202	4748
118	2440
179	5190
60	2239
119	2966
72	2353
57	3364
159	1404
51	3702
205	4163
109	3499
20	4876
116	2587
26	4914
110	2622
95	1671
189	3671
162	5556
69	808
194	5038
39	5223
101	3907
44	1494
63	2798
10	3211
133	5225
109	2415
21	5589
39	3945
87	2336
32	4390
14	2505
110	5765
58	4715
19	401
4	3410
173	2061
179	2842
28	3106
44	1850
37	2529
126	2931
215	4637
69	2257
140	1678
4	2768
207	846
101	2012
20	3320
41	2235
190	2129
166	4115
146	3919
7	2741
12	2491
91	2576
82	1648
90	1713
9	2540
105	2122
115	4706
28	7868
13	5261
75	2676
187	5757
8	2491
40	1355
95	3836
178	4537
58	4103
50	3306
195	3368
17	3103
33	4918
31	3433
50	3841
11	3136
117	3947
8	2721
53	4885
48	1083
117	2081
112	3576
59	1931
87	3484
83	4861
24	5414
128	2302
101	3102
154	4285
79	4784
5	2155
9	1058
84	4185
7	7012
5	1927
64	1958
45	6005
200	2576
9	4505
38	3432
91	3951
41	6971
96	2691
92	7241
31	4308
114	3557
109	2649
165	970
162	897
81	530
91	5370
104	5335
116	3855
206	1506
12	5167
21	2156
71	2927
22	1332
162	5172
93	3729
96	4618
51	2716
43	3127
183	3867
36	3471
64	2666
122	3636
31	813
66	3397
179	2225
68	1715
4	3227
135	646
23	6542
61	2064
58	2041
63	5159
42	4752
174	2557
42	1987
114	3483
201	2862
45	5686
3	2557
73	4582
23	3587
191	3685
66	1732
114	2601
81	3695
13	3936
154	3071
128	4587
163	2816
141	3565
159	2722
36	5155
174	6116
137	5336
185	7118
138	3591
48	3201
67	3548
171	2684
203	1844
151	3519
46	1749
121	6847
78	1380
157	3744
14	4447
57	2425
11	3480
74	1979
36	2325
200	1912
27	2050
169	3195
128	1285
87	3014
37	2042
41	2834
192	4761
70	2769
184	3799
65	3131
13	6546
89	1512
17	3957
67	3758
46	3725
120	4153
122	3097
109	3950
108	4319
75	2106
13	3077
103	3061
64	7493
75	2996
58	920
102	2100
19	3850
46	2655
66	4156
82	1652
88	1456
182	2941
56	3261
132	2977
178	949
98	2660
62	2541
30	4406
56	4249
139	3378
50	2257
28	4336
129	782
143	1712
115	7257
180	6285
111	1251
162	1716
151	3568
141	927
118	4372
24	4352
83	4721
204	3685
76	2197
42	2274
26	1488
172	2625
49	2373
40	652
12	2582
95	2980
53	3268
87	6393
12	3965
11	2814
112	3429
80	5188
25	4754
128	1725
111	4491
12	3474
172	2313
12	2955
78	3035
223	6180
58	3494
137	4177
79	6149
158	1296
60	1414
57	3369
10	2941
153	4040
29	2035
19	3004
37	3285
97	3310
100	1956
49	3977
91	3654
5	5218
195	1301
75	2412
184	1876
62	3530
64	4454
101	1389
103	4338
5	7948
126	4401
11	3540
40	4476
128	4154
68	3587
129	2501
114	4656
181	2727
20	3320
116	4615
132	3284
108	1917
92	2497
65	5042
113	3192
112	2726
117	3404
106	1830
177	4925
69	1887
94	4458
7	3649
199	3536
165	1703
115	2620
172	3664
73	2292
90	3454
65	5914
117	2634
65	2039
168	3328
171	2582
214	438
188	4783
81	4399
111	2858
70	2403
135	2030
143	4421
104	5709
107	4935
190	4231
145	1891
94	3770
148	2961
154	3279
90	1190
134	2354
37	3648
14	2776
9	2341
55	2936
180	3044
219	1795
73	1715
25	1988
109	3048
140	4244
14	1848
40	3583
11	3776
169	2972
49	3535
143	1975
157	4036
110	3478
97	3332
194	2339
33	3189
72	3389
79	7006
57	2669
27	4380
17	2698
89	7540
49	3389
55	5441
63	2672
90	1801
28	5212
158	2565
65	3045
165	3891
76	1217
206	3746
155	1534
92	4537
88	4575
124	5908
112	2717
197	2744
102	2943
172	3330
10	5915
188	2340
142	3273
64	2436
26	6216
45	2944
19	1156
28	1603
134	2463
179	2575
49	1002
147	1149
177	5283
98	3749
52	1493
21	6669
111	5784
23	2425
47	3101
129	7226
77	5268
20	2918
59	4843
66	4122
35	4190
32	5015
53	2708
70	4445
122	5390
23	1387
93	2179
24	2093
217	5978
36	3078
15	3921
16	1660
74	2561
75	2708
30	2003
8	2442
7	856
27	2959
177	4077
137	7264
162	4463
165	3461
92	2998
77	2443
14	2133
55	2936
10	7066
49	2648
46	1848
75	3938
112	4977
79	2466
64	2375
86	2445
10	3980
64	5812
27	6234
87	3882
39	1274
174	4214
39	3404
58	1787
188	3355
108	2874
194	5988
110	4939
68	3748
144	1789
89	1677
125	4085
46	1930
108	1406
142	1612
81	7747
110	3554
4	2635
38	406
10	3631
12	2894
25	5832
105	1500
44	1431
33	3624
165	3504
46	3115
200	1875
169	1751
2	2442
185	1746
49	1852
180	3455
89	3246
22	2293
17	1619
207	2524
44	2133
73	2933
25	6467
90	2129
196	4118
199	1605
181	1923
69	3316
33	199
26	2915
63	6374
112	5930
60	3289
19	4648
76	4500
179	3781
163	3325
48	5704
90	5521
7	1438
82	4349
156	1818
97	3638
127	3344
156	4810
21	5730
109	1126
130	5187
152	4375
78	7762
71	3781
150	2498
199	3917
51	4590
187	4602
82	3053
104	2446
74	3330
88	3837
24	4249
57	1573
61	1309
15	1311
147	2146
27	5129
68	4454
58	1394
88	5064
178	4908
20	3334
89	3411
64	5094
16	4105
12	3982
84	1963
141	2705
130	2253
131	2690
58	5456
110	5965
58	3156
196	3957
57	3849
37	5009
198	2928
25	4959
5	2321
39	4527
15	3261
40	2876
144	1906
85	3875
154	2588
156	2525
78	4260
134	3516
54	3511
33	4290
141	3904
99	4815
54	1952
82	3391
23	6421
139	2372
12	800
77	1252
26	3551
164	764
173	3902
49	1319
44	5411
42	1373
191	3284
170	584
106	2635
68	2457
27	4353
88	3709
23	4475
51	3545
115	2473
36	5066
20	4506
170	5849
187	1638
112	5776
101	4136
5	4169
127	4754
209	4015
105	4040
54	9999
81	2544
67	7301
40	2831
41	2730
108	1621
126	4314
108	2532
36	4525
39	3813
66	4482
121	3260
208	1925
154	4772
147	4912
11	1221
134	3778
26	1497
38	3523
40	5424
185	2017
79	2869
41	4341
51	2726
119	2128
48	4791
26	4778
102	6226
170	1633
69	5526
38	4869
171	2619
153	1483
76	6408
51	2751
94	3113
35	4252
20	4285
58	5345
114	2038
185	4829
143	5090
20	5214
53	5340
62	2068
64	4097
22	5387
58	3023
45	3438
29	5536
22	3247
138	4514
103	2824
81	3875
94	1854
9	1960
104	2845
59	3832
60	6988
128	3568
41	3449
14	4149
125	5033
73	2944
60	2382
63	501
220	3522
41	3926
31	3214
53	3942
24	3255
4	2746
4	5022
134	1365
30	2864
155	2601
25	3290
100	4434
142	2730
50	4369
72	2600
30	4254
23	4114
197	3674
25	4074
93	4162
138	4758
141	8318
162	7374
11	4093
186	2519
75	4467
213	1348
60	4064
93	3463
137	5004
72	4274
19	4520
13	3788
153	2605
65	4564
44	4188
21	2251
79	3862
86	5877
11	4001
199	1905
5	1732
84	3297
98	3242
55	3473
14	2103
26	1807
66	1903
101	2156
148	3064
38	1404
201	3083
96	4901
88	4372
5	3878
153	4463
63	1360
164	4774
205	1773
111	2772
24	2535
127	3790
58	3214
162	1674
123	1696
66	5991
45	5007
84	3126
125	3701
37	3809
190	1658
23	4587
103	1937
128	5739
135	4515
170	5028
36	2179
106	4202
38	4262
18	3629
127	3662
24	5737
196	5604
16	2518
29	3868
151	5760
8	2556
177	2389
85	2862
82	1547
12	6030
117	1912
164	5291
44	1714
160	4257
30	3256
152	1540
184	710
48	5659
70	1968
39	2403
12	2966
32	3999
156	1901
31	4961
81	7663
97	4020
155	4618
45	2670
36	3316
94	3098
75	2021
89	2426
131	8072
158	4281
119	2746
62	4260
164	1176
24	2640
143	4476
34	4540
77	2883
179	2017
161	3835
114	7926
56	1012
60	1463
137	3088
87	1901
106	5061
54	1959
154	2142
65	1976
46	5986
123	2949
213	5177
72	4845
73	5271
68	3901
66	4223
153	3574
5	2532
87	4231
6	3813
211	2569
27	4096
73	4319
50	8038
169	5145
3	4846
95	2972
146	2246
117	2929
83	4373
27	4664
18	5852
93	4094
22	2402
38	3955
8	2919
205	2276
118	5219
67	1244
111	1051
17	571
81	2882
139	2520
50	7498
122	3242
124	2976
8	2524
115	2442
140	4501
29	2482
200	6247
64	3294
27	5642
32	3220
183	4843
148	4301
62	6773
67	1715
20	4956
94	7014
220	2842
113	3683
39	3268
151	3022
52	1192
129	2902
117	4872
17	2737
55	5531
68	2524
179	3514
154	3096
142	2694
78	4914
72	4031
159	5721
174	3517
15	2424
31	4090
197	2819
133	4195
65	2457
60	6028
33	3346
17	2906
169	4490
114	5494
29	3415
182	4027
40	1985
165	2667
12	5358
26	2971
20	1965
84	4533
159	3856
135	4126
184	1942
62	3363
41	4425
100	2410
48	2506
118	4640
179	2065
100	2551
74	3540
44	657
49	1287
171	3438
37	2953
199	3631
58	3240
52	5466
188	5605
127	1963
163	2309
153	3904
172	7377
202	1557
155	4424
25	3516
212	3221
16	5080
64	4120
15	2612
63	3984
100	4642
23	1944
26	6198
134	5128
104	6867
148	3174
19	4699
18	5210
72	2315
32	2350
151	2999
14	1574
50	348
108	4550
47	1594
132	3579
98	4415
187	1554
43	3538
93	4326
22	2829
79	1503
168	4725
48	4869
178	3111
62	2754
18	3313
26	1379
160	2365
18	1687
50	4182
83	6656
51	521
155	3160
72	2065
12	5026
96	3810
30	2619
55	1453
134	1316
193	2686
65	1883
67	3363
65	4159
120	3409
38	1494
197	3164
36	4143
75	3123
141	1671
143	2271
17	2885
88	1851
81	5942
80	3654
30	6419
147	1637
32	4240
126	1843
189	1073
171	3441
142	2703
119	2972
38	3205
15	2953
31	2754
34	6370
153	5300
176	2748
117	5690
138	2126
80	3867
16	3669
198	5615
189	2369
103	1546
83	2933
165	4092
12	3317
184	2442
110	3676
58	4108
52	3389
7	3300
12	4023
168	803
149	4130
67	2213
113	4614
100	2132
29	3123
16	2724
165	2795
82	4665
63	3939
202	3262
46	6123
7	5061
28	900
166	2014
55	3857
41	2353
191	2337
147	2974
19	2077
94	4307
21	3108
148	2090
133	4525
31	2102
201	2963
74	1277
102	3099
112	2839
170	3972
187	2615
80	3364
129	2038
204	2867
198	1302
80	1945
108	3493
65	2141
97	2370
15	3427
109	5442
219	1075
66	2079
41	1868
6	2064
79	1768
38	1906
39	1853
44	4020
43	2484
116	1951
28	2898
135	4780
79	2182
78	5124
29	1291
51	2540
20	3234
7	2703
187	2380
22	4334
35	2597
129	5109
142	4962
202	991
199	6471
51	4116
91	4624
39	4075
194	1445
54	552
201	1859
25	2329
102	3326
108	6670
15	3046
62	5693
122	3956
188	3945
98	6499
28	4937
97	3543
70	1786
107	2097
183	6141
178	4269
30	5060
53	3483
73	2655
33	1742
43	2629
62	3241
93	1402
155	2151
213	3315
142	1788
159	1237
29	5332
151	2959
70	5837
157	2965
118	2157
17	704
35	3117
216	2024
98	1811
134	4816
39	1640
197	4031
92	1986
59	3090
94	3635
96	2588
45	3736
31	2323
122	3953
138	1745
114	1750
22	4209
5	4604
96	4300
98	2092
108	3777
12	2863
78	4089
119	2157
135	3429
161	4256
142	9364
17	4060
195	4484
61	2279
55	1657
79	3327
95	2516
96	4644
79	4836
49	6930
13	1561
6	2474
25	2088
2	7080
107	3289
180	3347
134	1466
87	4260
117	3619
207	3806
38	2179
40	2386
53	4428
68	1835
64	1424
68	6985
31	1715
8	2886
203	4515
221	3802
70	4670
11	4316
174	5462
16	2998
142	4187
151	5427
183	4864
85	3686
21	2779
161	3629
205	4802
59	3288
198	4798
104	3750
129	2648
169	1289
7	2530
26	2601
140	2413
71	2179
124	5141
143	4837
69	2902
72	4466
193	3015
64	3115
200	2879
9	1667
161	1981
85	4524
104	3180
103	3390
75	2700
186	5194
159	2380
169	2730
185	3011
183	326
13	3060
74	5503
209	2716
40	1762
94	3043
34	4190
169	4596
174	5975
73	3200
115	2550
19	3944
123	7600
76	3239
128	3937
25	1972
58	1984
139	2345
207	4830
109	3213
101	3657
9	5461
88	6819
55	4830
58	6477
178	4734
7	5465
48	2826
198	7243
106	4906
127	6664
39	3523
216	2037
38	4422
10	2117
83	3682
108	1486
135	2387
187	3160
101	5177
105	2820
72	2329
14	3594
101	3413
198	2249
56	3164
32	4142
167	1879
53	2012
58	2853
38	2951
18	2507
87	4479
109	2385
46	3103
76	3248
74	1586
20	3283
182	2821
69	5294
26	3378
175	1082
203	2575
32	3137
169	1365
87	7236
196	5100
218	272
174	3771
127	3303
126	1771
177	2274
30	2219
36	2268
21	1196
134	3548
147	4007
164	6110
95	1667
74	1912
113	1604
19	4739
6	1242
131	3233
139	4149
160	2388
148	1522
97	1333
14	2440
11	3333
186	7355
51	2386
149	1024
127	2511
21	4645
66	5227
70	1897
39	2397
197	4178
63	2841
101	1959
91	2986
140	2334
72	3277
45	3882
204	4823
68	2972
149	3625
207	2866
145	1910
210	5103
56	3240
162	4668
72	5154
48	1170
137	3939
175	3320
37	4050
10	3535
122	3619
167	3685
117	4015
170	1819
101	2138
93	1562
90	4295
201	2182
78	3579
143	2053
9	3360
101	3544
200	3198
27	4786
53	5594
8	2618
25	2705
190	5572
101	3677
60	5572
78	1388
168	2748
12	2375
19	3290
164	4525
81	4624
154	1797
83	3569
99	3402
86	2359
142	2417
30	6436
169	3281
15	3368
48	3102
19	5530
120	2150
8	5214
165	2611
108	2240
54	1781
99	3839
29	4938
16	3086
91	1635
172	1848
118	2871
17	5778
86	2100
47	1788
154	930
63	3939
77	1947
184	2207
24	5248
134	4073
91	5316
122	4236
186	5997
27	3457
15	2868
90	2716
23	1839
74	8387
182	5178
14	4248
45	4226
17	2979
13	1074
25	3206
100	2863
48	1626
26	4461
183	5496
147	2196
11	1943
115	3588
39	2065
50	4367
124	1640
137	2903
121	4512
157	5406
145	3449
34	2216
118	3799
144	2795
80	3007
84	2884
160	4711
37	2897
204	2965
177	4475
126	3097
172	2131
131	6340
100	3207
104	3652
107	4902
120	2851
183	1973
79	3734
78	1356
29	4967
5	3356
40	2250
30	2314
21	2362
155	3316
128	2136
36	1519
197	2713
37	3734
163	4388
69	2501
47	3095
136	2862
130	3831
44	5220
69	7017
80	2355
139	1530
53	3063
177	5640
17	4737
80	1362
54	2442
183	2446
184	3281
127	3401
40	2918
115	4281
25	2309
19	2343
133	5790
100	8041
21	1772
34	4589
215	1641
72	3342
98	4266
75	4164
164	1839
123	3121
121	2958
54	9768
83	347
111	3755
29	2450
115	3266
125	4553
98	3584
68	6595
64	3752
77	4504
122	3588
17	6310
176	3130
34	2258
31	3058
166	2778
131	3002
12	4515
188	2545
71	4911
98	1231
16	7132
18	2519
128	3265
186	4968
40	2617
14	3576
34	3602
41	3586
81	3295
173	2353
104	1462
66	5815
19	3338
26	3889
146	3308
48	2921
186	2858
180	2237
115	2563
91	2096
118	2932
100	3419
14	2830
87	3656
40	1938
130	3630
162	3489
40	2166
74	3520
118	2561
7	3112
103	2074
77	2732
167	2320
5	2679
18	1843
46	4788
81	2594
142	3650
81	2452
151	6496
103	4555
201	5085
24	3802
117	6722
44	1089
105	4230
39	3528
8	6439
110	4069
86	5214
172	1524
210	4021
154	4410
159	3084
50	2326
92	180
140	4447
128	3994
13	1432
30	1139
5	5634
186	3230
151	2632
28	1041
50	5164
161	2040
7	2918
66	2999
54	2333
171	3776
92	3992
100	956
109	3196
105	4853
34	2118
21	4131
33	3820
210	1224
81	3417
30	4471
12	4921
66	3105
94	2561
66	2216
199	2513
54	4257
24	3175
43	4357
68	4246
125	1369
18	5084
11	5159
13	2461
33	2244
30	2782
197	4072
30	2487
148	2012
114	3098
139	4929
64	3462
91	3826
61	2257
185	4561
24	3326
35	4301
159	3499
49	4751
195	1461
92	1784
213	1879
16	7791
23	4074
181	6804
188	2890
61	2323
21	1414
172	3129
27	3438
78	5638
19	3367
27	3955
16	5042
84	2460
173	3465
28	4690
160	4911
3	4863
186	1846
50	2371
86	2831
166	850
66	3544
23	1561
170	1784
12	2176
111	6173
153	4821
39	2629
192	2294
81	6072
131	2576
72	3271
114	2912
94	4006
198	1352
19	1350
126	3674
202	1852
135	3353
82	1888
64	4709
208	3801
63	4248
27	3823
15	5876
206	2251
30	4649
140	2484
42	2293
69	453
122	5464
127	5324
186	3291
201	4435
199	6578
68	3932
105	3180
199	7117
183	2033
97	3918
40	5136
88	7253
32	3739
112	2326
92	4020
85	2555
29	3046
86	3603
202	6148
7	2568
14	4507
35	1849
16	2519
137	6672
152	3470
181	3884
24	2009
20	4895
126	2200
103	5519
21	7298
100	4671
82	3374
16	1843
74	4869
103	3357
12	1737
34	2053
88	3503
191	1837
203	3580
199	2720
105	2665
127	3063
174	4549
26	5124
171	3130
179	3731
32	2151
10	2188
12	3810
102	2042
99	2481
182	3208
184	964
206	5421
121	6365
83	1643
122	2427
38	3828
195	1919
36	1714
52	2456
12	2718
23	3434
6	4941
116	2420
216	2366
70	2305
11	4708
92	4333
72	1265
82	5864
109	4044
140	2188
19	4017
16	3955
161	2088
120	3142
56	3860
58	4782
175	1945
47	2131
48	3998
32	5257
9	3834
147	2861
18	1961
54	5715
23	3559
22	4479
133	4884
81	5484
8	3620
8	3662
178	2487
125	6053
36	1919
185	2214
109	2737
156	4453
34	5800
27	3885
10	6555
210	2250
191	3773
86	4634
36	5512
10	2291
108	4036
21	2713
115	3712
22	1482
8	166
50	2660
91	404
22	2628
77	2217
112	1867
110	4069
180	1953
10	1633
134	1110
32	3330
97	2398
32	7512
79	6589
46	4029
68	3435
127	2913
82	3403
73	4066
26	5780
2	2349
8	2640
73	3100
139	2093
64	3817
72	3948
184	6844
56	4332
68	4415
14	4275
160	3721
99	3832
27	5624
5	2619
29	1553
60	5820
77	1187
34	2749
60	3782
112	4070
14	1894
55	4081
47	5151
25	4030
96	1692
14	4947
17	6529
14	4161
138	1954
66	3114
163	3055
128	2463
21	4189
139	1657
43	2317
97	3299
179	1171
44	6001
107	3506
7	4536
160	4206
156	1673
91	3485
135	3851
19	3812
92	3097
101	3197
60	4004
45	8558
6	4568
68	1163
86	4154
23	3047
189	1137
161	3137
20	2776
7	4438
44	2280
29	1688
112	4605
82	1355
30	2818
148	5040
157	2747
22	3623
85	5022
115	1781
24	2980
123	689
17	1923
30	4989
98	4883
146	2090
16	1221
139	5131
36	2191
122	5030
65	3881
125	1496
54	2783
73	2208
57	2946
141	3044
15	2218
141	3952
70	2223
21	1268
162	1719
29	2676
198	4152
17	4882
159	2125
30	3541
105	1876
158	2843
182	1934
70	4143
178	4016
90	1299
14	2038
120	6516
114	1920
149	3630
44	4312
170	3755
74	5771
46	2711
135	4358
142	3009
75	1532
48	1808
174	2941
4	4169
7	1183
199	3655
44	2549
43	2303
49	4684
44	2913
157	2008
158	3397
12	4441
56	1900
87	3806
26	3548
13	2097
38	2013
178	2811
87	2312
103	2493
43	1638
210	6013
21	5004
68	4501
43	5410
39	2470
143	4166
160	2217
153	2684
89	2764
73	5177
86	1359
189	763
122	3415
177	2236
149	4014
197	4414
46	3833
26	1501
146	2402
151	1977
44	4410
14	2524
135	4690
19	1076
176	4483
164	5978
61	5019
101	1779
97	4409
205	3754
106	2054
83	3728
69	3632
178	5215
92	4453
86	3969
31	2567
174	2261
190	3655
28	3499
70	5277
42	2020
63	2920
120	949
30	3129
196	3404
31	3556
199	3159
142	5054
82	3043
12	2860
44	3150
165	1585
75	2260
187	3621
63	4722
30	3095
35	5904
170	1262
140	3061
93	3804
119	3371
65	2755
165	2568
118	2591
14	3068
141	1769
18	1244
114	4638
134	4263
184	2556
26	3848
6	3677
24	3868
143	4892
178	3900
29	2790
212	2778
120	2526
175	2974
58	6113
44	2840
76	3828
38	5180
191	1857
78	4121
91	361
56	3097
76	3110
212	4358
41	3290
121	2809
212	3947
104	3421
9	3329
110	3364
10	4900
27	2784
175	1253
57	3041
19	1731
68	4459
137	2956
68	3482
120	1535
31	4697
74	2573
98	2410
72	3116
135	3516
50	4309
39	5468
89	2913
175	2969
118	2870
55	3061
28	1750
76	1722
83	6330
176	3987
20	2498
135	6654
27	4413
27	3051
7	5744
60	2302
18	1868
62	4276
7	1785
178	1527
16	3117
182	6264
56	6040
194	4917
198	3116
193	613
101	2374
172	3885
76	5156
61	3070
141	2597
17	2915
59	1315
136	4644
174	1889
129	4176
20	3468
160	1107
104	2957
10	3699
15	3231
21	1672
85	4777
74	2934
31	3387
185	2997
62	2981
48	2828
165	6557
72	5280
220	2980
174	1860
126	4270
46	1736
153	3698
61	2144
106	2440
166	5788
54	2820
210	2413
13	4056
205	2560
153	2848
44	3366
170	7537
209	1600
5	1355
146	2512
157	5968
129	4840
119	4581
25	1579
7	1871
58	3235
67	1517
97	6344
155	3296
15	3997
46	5810
26	2190
59	3339
113	3369
153	2698
66	3765
9	4830
51	855
103	4760
118	1861
83	3089
162	3280
198	5076
71	4998
210	5295
53	4814
37	3597
152	4234
37	2215
27	2707
169	5052
82	2888
76	3828
196	2565
66	5486
137	1519
11	3160
17	1180
30	4056
36	2503
142	3169
18	2812
188	3434
70	3022
208	2489
34	3590
134	2634
207	3637
15	289
73	4427
107	5511
86	5388
91	3128
87	4981
112	4088
133	3251
201	2619
129	2649
7	1712
106	6106
21	3595
94	4479
107	4370
7	2630
185	3481
33	1939
183	4437
121	2992
123	1939
12	3254
135	2818
18	5071
40	4450
15	3622
103	1835
54	2807
153	1590
35	1843
