472	10
654	8
1000	10
814	11
2110	10
823	11
901	6
676	10
1243	4
820	9
775	5
6499	8
5827	10
696	1
612	10
1057	8
507	8
531	8
718	12
681	4
2471	1
2181	10
1158	10
1326	4
1209	11
1758	1
1393	1
889	2
1105	4
511	4
1590	8
284	10
1049	10
3526	8
967	10
1152	10
1021	2
3570	4
608	5
485	2
4833	10
467	1
679	10
513	9
656	10
1326	8
979	10
615	8
1054	7
4692	10
5000	4
999	8
2438	11
1076	1
698	5
6894	8
811	1
1120	5
752	2
1062	10
1039	4
508	4
867	10
892	8
6047	2
420	8
1375	4
540	8
948	10
210	11
1116	1
7031	1
972	10
2498	1
549	8
696	8
607	4
1948	10
3096	10
821	1
959	4
1442	1
6174	2
1119	4
2497	4
440	10
712	10
858	4
1343	5
8012	4
0	2
983	5
2503	4
1415	2
721	5
1497	8
2290	9
1660	5
837	2
1171	11
295	10
5688	5
4616	8
1058	11
745	1
5023	1
878	8
762	9
544	8
686	2
4082	11
4682	2
515	5
394	1
479	1
510	2
870	10
2750	4
437	1
1243	2
882	2
2290	8
588	4
745	9
1745	1
2806	1
1179	8
3635	11
812	6
954	1
6753	10
880	1
1323	9
978	1
1495	12
1101	4
1075	11
796	6
929	1
1602	1
998	10
2372	2
880	1
741	1
357	2
557	2
586	2
711	8
939	4
783	1
2095	1
731	10
980	11
1309	10
873	5
473	11
2315	4
2603	10
760	1
998	11
570	1
763	1
914	11
1274	2
661	8
780	8
454	10
893	1
776	8
364	4
797	8
1869	8
1455	11
994	5
3191	8
1018	2
1335	2
546	8
806	4
773	4
1021	4
3184	10
944	4
535	2
8206	1
1735	10
1128	8
2616	10
2775	8
965	4
3360	5
710	1
991	4
8757	4
1288	8
657	2
4742	12
397	8
973	6
3751	1
1019	11
1574	10
1995	4
715	10
554	8
1111	8
367	8
4505	9
1912	11
763	2
901	1
683	10
2889	11
6994	9
930	1
6715	10
4826	10
727	10
3657	1
7478	11
2289	1
517	5
528	10
701	3
2032	8
1071	9
4704	8
1612	8
6059	8
768	4
734	10
628	2
1038	4
2657	11
2169	8
3418	4
711	10
1035	1
1126	11
2173	1
933	2
1168	6
593	11
915	11
527	1
575	10
694	12
1147	4
1324	8
3842	8
861	8
9112	4
2200	11
1169	10
1162	8
5073	2
2556	4
881	8
838	10
2867	1
4390	4
1177	4
417	8
991	10
1053	10
961	10
1072	1
1576	2
774	8
899	4
1324	1
255	8
376	8
1957	10
3404	5
3802	10
1206	4
887	10
405	10
953	8
652	9
1752	11
234	4
3414	10
1052	5
3228	1
4959	11
912	10
731	8
544	10
2536	3
950	1
601	8
935	10
589	2
933	11
824	11
1150	8
5552	10
241	1
643	5
871	1
1267	8
1523	10
492	8
1256	5
3512	2
634	9
1476	11
905	8
1006	4
535	8
479	8
1387	1
1226	4
3111	4
1402	1
518	4
7095	2
1100	1
1744	4
733	2
1399	2
945	2
1152	5
587	8
1213	11
798	1
424	2
4643	1
801	2
1007	8
229	12
3463	2
1165	4
534	8
687	9
927	6
892	8
1015	8
1139	4
972	9
811	10
6707	4
1088	8
735	8
547	5
726	11
1815	4
3438	11
529	5
1062	9
1377	11
1242	4
752	2
2973	11
445	8
666	9
517	2
1439	10
2007	8
1558	8
845	10
688	6
3290	10
635	1
103	10
1159	8
1119	11
4334	9
3233	1
895	4
3028	10
669	10
289	10
1554	1
1221	8
930	10
2854	8
1989	10
619	9
643	2
1207	8
473	4
1739	11
1018	4
581	10
704	8
1341	1
627	1
5446	8
1836	11
3270	4
1612	10
1085	8
705	1
2521	10
670	10
1087	10
714	10
7921	8
1993	5
1567	6
413	8
1126	8
1962	1
3988	2
3470	10
1915	11
969	4
1171	10
5851	1
974	10
1188	11
2467	1
857	8
332	11
3056	8
1119	10
665	8
4583	1
865	8
1685	9
528	2
499	2
1370	9
5212	1
1417	3
571	10
832	11
1858	4
4774	8
1105	4
641	10
145	9
6404	11
738	5
569	10
491	12
1128	11
1388	8
802	11
4333	10
902	12
2536	11
348	1
4679	2
392	8
770	1
538	8
2310	8
1276	2
8447	8
6271	2
1311	10
1002	10
200	8
507	1
595	8
635	2
1438	11
1017	10
1122	11
718	10
8329	3
3197	1
791	1
3497	8
831	4
1120	4
465	10
3559	4
526	8
733	2
430	1
1489	6
2071	1
1047	4
997	8
1403	10
566	10
957	1
661	8
3803	8
1034	10
683	8
749	4
1055	8
1917	5
1067	8
705	8
1954	4
1105	10
1215	9
406	1
1516	1
2854	10
658	8
3735	11
2492	4
1049	10
2570	8
2512	8
801	1
517	3
630	1
678	8
947	4
725	8
3674	8
7523	1
2954	10
1878	8
1446	4
1904	8
1181	1
4222	4
819	1
661	8
603	8
673	10
6705	11
2166	8
895	10
2627	5
3226	8
661	10
1881	1
675	2
6567	1
2528	10
3393	4
1609	10
474	1
847	9
874	8
1098	4
4337	1
1177	10
1236	10
764	1
2040	1
825	9
2732	4
946	9
1676	10
907	1
1343	11
800	5
1422	10
725	1
6951	8
615	2
599	8
1069	4
4863	2
500	10
2361	2
486	5
538	10
3131	4
624	8
288	10
2207	8
749	8
1269	10
5778	9
787	4
5900	1
3121	8
1306	2
522	9
5853	8
6948	8
1129	10
1270	4
2908	10
1338	8
1021	10
1822	8
2798	10
9999	8
1529	6
1836	4
426	12
571	8
3502	10
1458	10
673	10
1749	10
1015	3
5189	1
1392	2
425	5
460	11
2434	4
8892	1
488	8
4581	4
4711	10
3692	4
890	10
4088	8
1028	11
4280	1
1794	6
415	4
1352	6
448	4
670	2
2354	1
572	8
862	8
2590	4
809	1
827	10
886	8
595	1
1022	4
1228	4
882	2
1126	8
1557	2
939	8
674	12
566	10
675	8
917	10
3600	2
403	8
1213	4
940	11
2198	4
755	5
6635	4
1604	8
621	4
1241	8
705	8
1085	10
2773	1
4246	10
723	4
2135	8
533	1
1153	1
2110	5
1998	2
3483	10
956	2
1951	10
516	1
613	8
657	2
831	4
525	4
7369	8
1524	8
878	4
657	8
2736	10
6830	1
3864	8
1162	10
3295	1
767	10
1169	10
1418	8
6582	1
464	2
681	10
3763	8
509	4
3513	4
4154	8
2193	6
1097	1
1089	8
741	1
898	8
322	5
995	4
1029	5
599	10
591	1
953	1
5357	11
1020	8
495	1
2407	1
1826	10
490	1
911	8
730	5
553	4
793	8
5045	1
1059	11
1486	1
753	10
699	2
447	8
610	5
2637	9
108	3
3758	4
541	10
875	1
325	10
814	10
945	1
472	1
4163	8
2406	4
968	10
2844	10
1186	1
6712	11
3287	10
1486	8
2603	11
3722	7
632	10
887	10
386	10
1966	10
1193	10
616	2
3724	10
451	1
669	10
1308	8
763	11
2388	10
1076	8
1123	4
6715	8
453	1
862	8
1895	4
796	10
890	1
1747	1
868	8
2587	4
2729	5
311	10
1748	10
939	11
2376	2
615	8
7011	11
1085	1
473	8
895	5
672	10
1226	2
3871	5
1841	8
6388	1
775	10
1691	10
4262	4
770	1
1077	4
2289	8
1057	4
1610	4
8497	4
3394	4
7929	4
1045	8
6995	4
594	12
1458	10
3362	8
873	5
904	11
1235	4
8098	10
555	10
1093	4
1697	1
696	1
6265	10
3917	10
1794	10
1246	4
6406	2
3393	1
2091	4
723	8
2231	4
1728	5
552	10
877	10
2142	9
998	4
2903	11
4590	10
543	12
897	10
1236	10
1852	8
539	1
1076	6
783	1
307	8
605	1
1359	8
857	10
1229	10
1644	9
1163	8
1357	10
2863	10
753	8
958	10
1339	8
3487	11
6467	4
601	5
842	8
278	10
607	1
1627	9
833	4
