606	884
682	1824
682	2052
0	1635
606	2205
530	1630
76	266
833	2250
833	2929
454	2047
0	1923
1818	3649
2424	4508
152	1695
985	1733
303	2109
0	429
2727	4597
0	1702
833	2334
1818	3745
1515	2540
2576	2865
2121	3046
1591	3151
909	2691
758	2091
1970	3777
682	1905
1515	2941
76	1341
2045	3530
152	1232
379	2001
1061	2521
152	1302
530	2027
76	963
76	1210
0	1874
76	1734
454	1631
76	1206
152	1893
1591	3597
0	1100
1212	2534
76	1549
1288	2925
227	1168
1212	2734
227	1485
76	1828
379	1981
758	1944
2273	3314
454	1922
1364	3252
76	981
2121	3422
0	876
454	1361
152	1026
76	1205
1364	1792
3030	3492
1136	3672
379	770
152	1784
303	1686
227	1149
1212	2346
76	1190
0	1437
152	1805
1439	2964
379	1834
3409	5794
530	1258
1439	2766
454	1444
2803	5148
2424	3405
0	1410
454	1911
1591	2298
0	1069
303	2037
1212	1583
758	2310
0	425
227	1386
227	1532
833	2318
227	1437
833	898
3636	5590
1591	3095
530	1857
985	2857
1288	2827
1667	2064
2803	4472
4015	6065
985	2985
2197	4071
1818	3408
1288	2583
1894	3400
4091	6609
682	1870
227	1778
227	1427
227	1274
76	1631
0	1193
76	1431
682	1050
606	1959
1136	2584
758	1873
303	1462
3636	5460
76	627
682	2073
985	2591
1288	2274
379	1731
0	1074
530	1900
1061	2359
758	702
530	2031
2651	4638
0	1527
4924	6422
454	1865
454	2361
530	2009
454	2116
152	1540
2273	4449
1061	1878
0	1045
76	1358
379	1670
606	2288
0	1409
227	300
227	267
1136	1857
1591	3092
227	1257
2424	3585
833	2324
1439	2694
758	2223
0	1652
303	1797
1212	2306
682	1527
0	1566
682	935
1742	3600
2273	3988
1667	3160
682	2150
682	1498
3636	5389
1439	3415
1061	2831
227	1601
2197	3196
1591	3486
530	2011
303	1607
379	1764
454	1918
76	1246
758	2649
227	758
303	2215
682	1515
152	1690
1818	3309
1818	3582
606	1928
76	1348
1364	2756
76	1597
5075	6745
1667	2825
152	1793
530	1872
0	953
76	1022
4621	6926
1591	2846
530	1892
454	1855
227	0
758	2608
1439	1983
833	1465
3712	5542
379	382
0	1318
2121	2713
227	1898
227	1754
0	1422
303	1211
3863	5864
76	1846
4015	4997
1818	2349
3106	4565
1364	2640
152	1865
682	2149
0	1507
76	1790
3409	5732
0	257
530	1710
303	1683
985	2253
76	1454
1364	1255
76	1025
3030	5139
1212	2221
1288	3145
3636	5998
1364	2598
1667	2159
1439	2316
152	1444
227	1697
2424	3418
227	1759
2500	2514
530	2061
76	1335
0	1521
0	1510
1439	2825
1667	2285
227	1517
152	1651
0	1668
152	1556
454	1582
152	2025
303	1595
1818	3107
1212	3003
76	540
530	2000
454	1837
152	1967
76	1129
303	2104
682	1603
379	2277
379	2067
227	1824
606	822
379	287
3485	5489
0	1843
1515	2474
0	1649
1364	680
454	2081
606	1347
758	2274
833	2062
303	1926
76	1552
530	261
303	1084
379	507
1742	2164
152	107
1970	4110
303	1402
0	772
1288	1714
1970	3640
0	1447
303	1825
0	426
227	1931
227	1742
0	1075
1061	1915
76	1220
0	1679
227	1598
1364	3085
379	1763
454	1647
1515	2991
303	164
76	966
758	2149
5000	5963
454	977
227	640
152	1122
76	917
379	1889
0	983
833	1508
4621	7044
379	1280
7499	9204
1136	2821
152	1714
1515	2236
152	1552
1061	2553
2197	2127
3030	4858
152	1823
682	1951
985	1253
909	2422
227	1851
379	2128
303	1262
152	1041
1136	3000
379	1537
909	2437
606	2125
682	1735
5000	7132
530	2323
909	644
833	1595
3636	5040
758	1263
76	1727
0	1418
0	1368
2197	3530
606	1991
0	1866
0	1749
909	2048
1061	2470
227	1271
303	1300
76	1387
682	445
4318	6882
1364	3082
227	1204
1970	3715
303	1437
454	1817
152	1542
379	1498
530	1610
227	1596
606	1885
1970	3045
758	2006
0	1339
0	1182
0	1558
0	1291
606	1954
0	1601
76	1504
0	1859
227	1784
152	1544
0	1159
2803	5040
1515	3003
454	1773
379	1884
152	2282
0	1173
1439	3025
530	1759
152	1073
1970	3367
152	1406
303	1245
227	1721
530	2303
76	1624
454	1387
152	1426
985	2424
3030	4300
530	1386
0	915
76	1210
985	2306
227	1376
3560	5173
454	1942
9999	9999
379	1859
1364	3073
227	1126
909	2641
1591	2991
227	1693
0	1314
1288	2783
0	1573
303	1481
454	1966
6515	9042
227	1435
303	1532
152	1435
606	2112
76	1635
227	2030
303	1293
152	1650
5909	7332
606	2433
1061	2832
454	2354
379	1844
1818	3303
152	923
379	1352
0	1580
1742	3326
1894	3036
454	1777
152	1262
76	1972
227	1818
682	1719
758	1174
909	2268
303	761
76	1688
76	1093
3863	5230
606	1694
606	2040
379	2324
454	1136
758	2144
152	1769
682	2096
2424	3235
530	2124
2879	4365
1212	2567
152	1517
0	801
682	597
1439	2348
1288	1114
227	2000
2651	4162
379	1656
985	2694
76	1593
2651	4918
758	2189
682	2027
303	1708
2045	3849
1061	2399
530	2083
379	1153
1288	3314
152	1445
303	289
0	309
985	761
76	1833
1591	2637
76	1172
682	1670
1288	1850
1667	3523
303	1091
303	1728
76	1221
379	1889
152	736
152	1582
303	1529
3409	5100
152	789
530	2037
2273	4315
0	1425
76	391
909	1817
152	964
530	1560
76	1849
454	1793
530	1718
303	1917
2879	2159
379	1488
758	2400
530	1945
682	1998
379	1778
0	1657
76	1755
833	2286
2651	4342
833	1568
76	1811
1515	3432
909	2398
1818	2588
303	608
682	2510
152	1437
1364	1471
833	2401
1515	3184
985	2793
1591	2778
3788	6006
1288	2506
454	1941
2424	4420
152	1126
227	2000
76	1783
3939	6104
530	1973
76	1374
0	1062
303	1159
227	1256
909	2199
530	1619
76	1296
3030	4919
227	1590
1212	2448
152	1711
379	1357
909	2272
530	2033
909	2287
152	629
303	1065
454	2156
0	1424
3333	5242
454	2050
152	700
227	1659
227	1482
2348	3039
530	2232
0	1201
454	1796
379	2103
454	1644
3333	5363
454	1923
76	1694
227	1211
758	1874
303	1671
152	1392
0	1416
379	2354
682	2170
1364	2678
606	2329
