5079	6700
4861	5072
4880	4890
1408	8659
6785	6219
3961	4927
6518	1619
6971	4399
5030	8684
4785	2836
4579	6978
4739	5119
5773	1876
3881	6682
2774	8909
4315	3138
6086	6455
4193	4993
6398	5147
5809	5651
6374	6793
4790	7364
5904	4004
5066	9321
7241	2790
3677	6277
4344	6096
5683	5851
5546	8181
3357	5651
5929	6915
8003	4696
3881	6215
6170	1949
6027	8696
8063	6004
5202	2785
6149	5733
5238	4307
5526	4940
5508	8676
5877	6561
4869	2596
5949	3005
6730	3557
6552	9383
6022	5251
4183	8900
5933	8579
6086	2888
6919	5192
3958	4619
4191	5147
5196	8088
4034	8539
1416	8295
5886	7736
9717	5445
3348	2342
6827	5410
5118	2630
7879	2049
5634	3471
6320	5125
4846	4640
4151	3416
6192	8939
2714	7714
6047	5150
5450	7333
3821	7677
7158	4041
5961	4329
5939	5140
6983	8147
5861	8190
5498	7305
3294	7246
5298	3016
6143	3444
5717	3102
6238	3774
4146	5564
6299	2884
3919	4732
3649	6120
4662	3697
5518	6453
6239	3338
3914	2026
5810	8086
8676	7396
6510	6824
6014	7696
4280	6677
5578	3986
7474	4868
5498	7791
6257	129
7644	5374
5974	4939
9999	3374
6038	2237
5469	5913
7492	3150
5127	1407
5723	5972
4842	5119
4832	5147
7280	2175
6268	2304
5777	4308
6635	4636
7171	3797
3195	5925
5802	6639
4214	6177
5933	5353
0	8854
5091	6722
6115	9055
6192	6451
5751	8922
3498	4715
6817	2235
4922	5379
5994	2935
7225	8531
7266	5343
3581	2120
6762	7033
1357	7863
7136	6960
5971	6556
5522	4877
5455	6385
5377	5248
540	7903
4309	4000
3560	4558
6735	594
5215	5802
2457	7117
7116	3212
1270	7775
6105	6699
4020	8895
5065	6332
4594	5656
7829	4742
6112	9364
5787	5769
4907	3272
6269	3143
4179	4927
3815	4827
7102	7146
3765	5825
6764	6859
6822	7168
6674	6289
5344	2589
6271	1709
4526	5729
4416	4186
1164	6501
7036	5468
5310	4951
3141	497
6384	4860
5016	2106
5477	2637
6481	6680
6238	4830
6265	6418
6595	2504
5871	5371
5762	6519
6404	9349
7956	5401
5490	6349
6256	5463
6814	7122
7504	1283
5810	6035
7064	6915
7029	8209
6811	4600
6625	5217
5349	8840
4059	6013
4473	6908
2001	5584
4999	6837
3664	2664
6728	6919
3730	5475
6481	9191
6888	3880
5362	7157
4758	4792
6150	7108
5661	3738
4451	5554
7788	6501
5366	5627
3370	7155
5805	9063
5804	7629
5730	6485
5743	6413
7282	3728
5347	5108
4302	4831
3854	4256
5735	4913
5837	7221
5458	8593
5282	5652
6594	5523
6051	8660
5469	5019
7495	5152
5905	8020
5746	8192
5900	2030
4525	5307
4027	4467
1688	6272
1256	7939
6163	2915
1172	8765
7615	7896
6417	6398
5735	5061
6765	7139
5239	5788
3842	6037
6515	3374
5269	3033
4687	8450
7290	5424
4975	8219
5277	5662
7239	2131
6332	9179
4659	4650
7246	5288
7267	4480
5406	2527
6704	5526
6666	7223
6622	4289
4036	3813
5152	6279
8188	5815
6560	6196
4178	2057
5090	4943
6820	2303
6616	7181
3726	5139
6757	2044
7384	5832
6774	4342
7398	5747
4813	4991
5385	3559
7093	3939
8506	6942
4095	7173
6922	6784
3449	6388
4318	5921
4723	5209
6356	8929
6756	5695
6321	1045
4746	4643
6546	3330
5475	8983
7838	4692
4732	6157
6260	8377
2737	8602
4798	7701
5332	5039
5691	7098
6076	3132
5168	3784
5313	2993
6693	7470
5982	3283
6731	5937
5313	4760
6167	9136
4676	4497
6077	5340
6673	2447
6094	9048
6341	3462
6737	2619
6598	2496
3540	5434
6532	4806
6135	7109
5862	5171
5266	5153
5993	5738
6909	6884
7115	5648
6930	5455
4465	4185
6848	3033
4469	5289
2846	2850
6364	5290
3565	7812
6832	3414
5732	6776
6316	5308
4845	5575
279	6644
6115	5091
4280	7535
4337	7098
4714	7286
7063	2230
5529	976
7255	6256
3985	8632
5815	4801
8460	5374
7539	2166
5088	5399
4419	5234
4000	4215
7102	6872
7709	4846
6239	6758
7289	5087
5199	6394
5415	7510
5462	8628
3568	7547
6108	6280
5172	5064
5644	6633
4091	5232
5024	4264
3273	4386
4145	7444
2607	7827
3638	7643
5922	6583
3505	9006
5578	3986
9022	4093
7053	6772
6736	5769
5338	5131
6075	6675
6172	6317
6515	1227
5776	3697
6288	6948
3606	7112
6967	5910
6751	6898
6331	4856
6436	6093
2106	8785
5485	4421
4425	8183
4251	5820
6470	2238
1776	7937
586	6933
900	8123
5540	5279
6715	7272
5533	5715
7029	6965
5758	2919
3032	4977
6592	4674
6302	6148
4098	4693
6598	8404
6623	3129
5017	6223
6670	6111
9878	2970
5683	6163
7711	7394
4983	8644
6752	1088
4153	3476
5499	4062
6204	6906
6704	4984
6397	7661
4441	6108
5041	3068
6451	3688
7804	538
5422	5491
5166	9006
3100	7322
5748	4320
5721	5978
5131	4880
6877	1969
4772	6531
7550	880
6694	4897
6748	1828
4099	7451
3557	5988
5624	3835
4719	7098
5864	9909
6447	4175
1405	6821
5836	4942
5718	1472
5085	4793
3979	3889
6747	9418
3193	9376
6561	4800
4930	5890
4723	1649
5561	8959
7475	7743
7787	1817
8147	3561
6333	5264
6226	3243
5892	5385
5712	2195
5649	7959
5921	2587
5926	5726
6400	8259
4606	2890
7066	4576
7618	8574
6062	9544
1834	8740
4222	5258
6584	2807
5548	2044
5368	3825
5644	4191
6097	5182
6690	2180
5287	4450
3581	4686
4534	7352
6762	7230
6710	9999
6623	2229
7157	5775
5507	4332
3438	3534
7780	2298
6445	713
6108	6908
7465	2035
5895	5628
5525	3479
5137	5272
6230	6084
5500	6398
5815	5427
3885	4333
664	7903
5917	5998
5385	3559
5605	8992
4876	7477
7818	2120
8304	19
5500	8694
6785	5137
5416	7875
7148	4580
6894	2119
7024	7782
5244	825
1395	8840
5885	4930
6248	5714
6258	6916
2758	4871
6608	4715
4942	0
4444	4972
6544	2654
3360	4349
4376	2776
6263	6032
5385	4627
5689	8359
6268	9564
5054	3110
5232	8082
6666	5568
4969	4899
6697	5324
6333	5622
2975	6649
6516	5410
4812	4048
7957	933
4768	3619
4824	5515
3782	5810
6864	5287
6071	5167
5057	2811
6505	1833
6750	5070
6752	2832
7388	1240
5324	5392
4219	6019
4850	1574
6672	7179
