6	3396
6	2106
6	2502
3	2483
9	2027
3	2857
6	3163
9	1392
3	2035
6	2132
6	2327
6	2311
9	1679
6	2328
9	1947
3	3135
8	2999
6	2794
9	0
4	1496
9	3043
9	2427
9	663
3	2307
9	1875
3	2181
3	2116
6	2020
9	2211
6	2192
8	2928
6	2963
6	1330
6	1938
9	1569
6	1999
6	2518
9	0
6	922
6	1573
6	2788
3	2380
6	2095
9	2486
8	2064
9	3142
6	1860
6	2067
6	1931
7	3915
3	2686
9	2197
9	3094
3	1338
6	3202
9	935
6	2337
6	2271
9	2248
9	2428
8	1670
3	2695
6	2426
6	2879
6	2715
9	863
4	3164
8	1982
4	2832
6	2272
6	2227
3	2309
6	1047
9	2506
6	1531
9	2760
9	2637
6	1908
6	2748
6	3813
6	2430
9	2403
6	3746
6	2767
3	2521
9	1870
6	4095
4	2000
8	2898
6	2699
7	1816
4	2239
8	1582
9	3410
3	2715
9	2992
6	2437
6	1931
9	2312
6	3317
8	2152
9	2419
9	1585
6	2070
9	874
6	1489
9	3685
6	1859
6	2236
9	1773
9	1079
9	3021
4	1467
6	3394
6	2341
9	608
4	2252
6	2759
9	1356
9	2304
8	1530
6	1855
6	2309
9	2931
9	1283
3	2384
9	0
3	1247
6	2654
6	1948
9	1796
3	2814
6	2466
6	1314
8	2620
6	1410
9	1445
3	3839
3	2275
6	2799
3	1693
3	1848
3	2602
9	2974
6	2125
6	2173
6	1639
6	2619
6	154
9	2512
6	3208
9	2471
8	2241
3	2351
6	1569
9	2294
9	1889
6	2541
4	2816
9	2822
6	473
3	2240
6	0
6	0
9	1812
9	2540
9	2333
3	2474
9	1679
6	1787
6	1523
6	2218
6	2501
9	2734
9	2110
9	2617
6	947
6	2231
6	2182
6	2531
8	2299
9	2022
3	3075
3	2349
6	374
6	3072
9	1796
9	1506
6	1745
6	1976
4	1907
6	2667
9	2291
8	2573
8	2843
6	1696
6	3444
9	2208
9	2281
4	1748
6	2773
9	2625
3	2197
3	0
6	2372
6	2382
6	498
6	2280
6	1456
9	1979
9	0
9	926
6	2392
9	1634
6	2843
6	2129
6	1484
8	1915
9	752
3	2778
6	3094
4	2079
8	1991
6	2432
9	934
9	1777
6	2560
9	1472
4	2447
6	2524
3	3223
6	1523
3	3074
9	1881
9	0
7	2072
6	2290
6	2869
6	2204
6	1849
9	2503
7	1735
6	2040
6	2214
9	1529
9	3104
9	2711
6	3006
6	2197
9	2097
3	1288
6	2304
6	2872
6	2753
9	2041
9	0
6	2531
6	998
6	1946
3	2000
8	641
6	1988
3	2128
9	953
6	1967
9	2094
6	2809
3	2722
9	1190
6	2190
9	2196
6	1436
6	2249
8	2116
6	2213
4	2723
4	2046
6	1479
6	2045
3	1362
6	491
8	2164
9	1915
9	1768
6	2012
6	901
9	2323
9	2198
6	2054
6	2046
6	2133
9	0
6	2099
6	1797
6	2558
3	2319
6	1773
9	1975
6	2890
6	3315
3	2690
6	3346
8	2913
6	2933
9	1095
6	1015
6	2082
9	3009
6	5884
6	2203
6	2665
9	2109
9	4190
6	1904
3	1953
9	2363
6	2961
8	0
3	2334
6	1107
6	943
9	549
6	2564
9	2982
6	2578
8	1714
3	2169
6	3291
3	1908
9	1683
9	3231
6	1580
8	2563
9	2778
6	2273
9	0
3	2403
6	2223
9	2760
6	3675
9	1689
6	2316
3	2498
3	3008
9	1998
6	1466
9	2157
9	1858
6	2535
9	1879
9	2488
9	0
9	0
6	1688
6	2295
6	2775
9	2620
9	2138
8	2120
6	1825
4	1685
9	2149
9	2174
6	2610
6	2047
8	2076
6	1113
9	2001
9	1104
6	1341
9	2257
9	2321
9	2402
3	2690
9	1766
9	836
9	1752
3	2947
3	2280
9	2181
9	1498
6	1974
6	2544
6	1008
6	2211
9	2732
3	2047
6	2480
3	3408
6	1920
6	456
6	2901
6	1567
6	2502
3	3295
6	2315
9	1548
9	2051
9	2543
6	2411
8	1432
6	2223
6	2346
9	2556
9	1744
8	1838
6	3429
9	2286
3	2155
6	931
6	0
6	2230
9	2824
9	2407
6	2254
9	2723
6	1840
9	3059
6	1192
6	0
8	1976
9	2472
9	2519
9	2343
6	2736
4	2475
8	0
9	1906
6	1918
6	1857
9	2293
3	3157
3	3701
6	2334
9	2534
6	3590
6	2140
9	1891
9	2776
9	2330
6	1717
6	2662
6	2003
9	2363
6	909
9	2580
9	2135
6	1185
3	1236
6	2350
6	2101
3	2882
9	3524
6	3157
9	482
8	2840
9	1984
5	2524
9	3048
6	2306
6	1509
6	1595
6	3175
6	2111
6	1768
3	2530
9	1700
8	1262
9	1612
9	1269
3	2027
6	2417
9	2177
9	2713
9	2011
9	510
6	2545
6	3764
9	2040
9	2668
7	1072
9	2615
6	2425
9	2656
3	2483
3	3783
6	2285
9	2030
9	1123
6	3052
6	2547
9	2580
9	2556
3	2653
6	1385
9	0
9	1988
6	0
3	2101
9	3122
6	2578
9	2202
3	1508
6	2139
3	2106
6	2417
9	0
4	2675
9	1988
9	1314
4	2890
9	2898
9	1993
9	77
6	2375
3	1932
9	2224
9	1845
9	2208
6	2286
3	1971
9	465
4	2307
8	0
3	0
9	2539
9	1909
6	3491
6	2295
8	0
3	2128
6	2669
3	2229
6	1772
9	1822
6	1790
6	2112
9	1661
3	2405
6	4747
6	2796
3	2494
6	2622
3	756
3	1708
9	0
9	2127
9	1501
9	2522
3	2538
3	2134
9	1038
3	2258
9	2294
4	2392
6	2436
3	3768
9	1873
9	2050
9	3338
3	2632
3	1487
6	2449
9	2888
6	2336
9	1880
6	2158
6	0
6	1770
9	2319
9	2200
4	3166
4	2238
6	2436
6	884
9	1734
3	3122
6	1801
6	1873
9	265
3	2579
3	1963
6	3101
6	1834
9	2174
6	3918
6	3057
9	787
6	1267
6	3103
9	2856
9	1847
6	2850
9	2858
9	2159
6	3483
9	2345
9	0
6	2558
3	1747
6	2084
9	769
6	2802
9	2159
6	2371
9	1954
3	2363
9	2184
6	2120
9	2775
9	676
6	1785
8	3669
3	2573
9	3092
6	2132
8	2216
9	1903
9	1842
6	1662
3	1852
6	2911
4	2374
6	1795
9	1682
9	1965
6	1884
3	2058
9	2822
4	2351
3	2210
9	1546
6	2025
9	2033
3	2172
6	1915
6	1393
3	586
6	2073
9	1035
8	484
3	624
6	1976
9	2264
9	1675
9	1303
3	2180
3	1951
9	1919
6	2399
3	1670
9	2159
3	258
6	4224
6	2448
3	2091
9	1636
6	3145
9	0
9	2194
9	1912
9	2513
6	1904
9	2014
6	2312
3	2154
6	2325
6	0
9	851
7	2475
9	2247
6	2362
9	2450
4	2856
3	2109
6	1153
3	1547
3	0
6	2866
6	2322
9	2486
6	2288
6	3130
6	1947
6	1748
6	2217
3	2144
6	3525
6	2496
6	2029
3	2077
6	2557
9	2550
4	2187
6	2427
3	3909
9	1360
3	2176
6	1749
6	2233
9	3599
9	2478
6	2325
6	2284
6	2080
9	632
6	2887
3	1947
9	2046
6	2757
6	1566
6	1835
3	894
9	0
6	3435
8	2306
8	2464
6	3331
9	1800
9	1279
6	1580
3	2966
3	2149
3	2546
6	1971
6	1063
6	2418
8	0
9	1626
6	2714
9	2359
6	1079
6	1393
6	0
9	108
6	2140
9	2391
9	2254
6	2624
9	1967
3	2714
9	2090
4	2651
6	2548
9	2050
3	2290
9	1887
6	3106
6	2255
6	2636
4	2026
9	1162
6	2639
9	1906
9	2478
9	2159
8	0
9	3554
8	1522
6	722
6	2338
8	2147
3	3337
7	0
3	2402
6	2077
6	2974
7	2145
6	1991
3	2297
3	969
6	2240
3	1621
9	2374
6	1813
6	2521
6	2596
9	274
3	2128
3	2802
9	2847
6	2974
9	0
9	2598
9	3055
8	2768
3	3385
9	2262
9	1922
9	1470
8	2291
3	2104
6	2925
3	2315
6	2973
9	2261
9	2705
6	4010
9	1735
9	0
6	3074
9	3332
6	1594
6	2155
6	3887
3	2070
3	2393
8	1668
5	1320
9	331
9	2457
6	2427
6	2629
6	2480
9	3205
9	1255
9	1871
3	2116
8	0
3	3315
6	1747
9	3033
6	2327
3	1657
6	2337
6	1993
6	1474
4	3004
6	2085
9	1347
6	1541
6	2483
9	2631
9	2010
9	1996
9	2734
9	1657
6	2922
3	3075
9	1037
3	2978
7	1762
3	2096
8	581
6	2257
6	2562
6	1613
6	2314
6	2431
6	3285
9	2430
6	2070
3	2712
6	933
6	1794
9	1805
9	2568
3	1458
6	996
6	2373
3	2880
9	2542
3	2769
3	1815
3	476
4	2465
6	2404
9	1726
6	1795
9	1722
4	2590
6	2047
3	2189
3	1386
6	2399
9	2836
6	1762
3	1591
6	2805
8	2537
9	3708
3	2229
6	3290
9	1969
3	2691
3	2024
9	197
6	2015
6	2954
9	2431
6	2576
9	2338
6	2193
3	2220
6	3022
9	116
6	3064
6	2551
6	2282
6	2319
9	2399
3	4225
9	1942
6	2145
9	187
3	2885
3	2046
6	2267
6	2564
6	2470
8	181
6	2509
6	3796
9	1760
9	261
9	2043
9	2771
4	2415
3	2407
9	2129
6	2395
9	1958
8	0
9	3474
8	0
8	0
9	2282
9	2650
9	1861
6	1798
6	2014
9	1529
6	2601
8	2357
9	2513
9	3033
6	2179
6	2266
9	1826
9	1672
3	2002
6	472
9	2351
8	1829
3	2268
6	2225
6	2805
9	3173
3	0
9	72
6	2070
9	964
3	2152
6	2031
3	2017
9	1722
8	2724
6	2098
4	2921
9	2729
6	1244
3	2173
9	2804
3	1924
9	2314
9	2729
9	1224
9	2075
6	2041
8	238
6	1407
9	3017
9	1550
9	2563
6	1752
9	2135
6	2752
9	2129
8	1839
6	2141
6	1020
6	1857
9	2078
6	2981
9	2449
6	1827
6	2099
3	1533
6	3115
6	2457
9	884
6	0
3	9999
9	1890
9	2210
6	1960
9	2182
3	1024
8	2984
9	2019
6	2572
9	2091
9	1452
6	2486
6	2067
6	1947
6	1638
6	2337
3	2655
7	2042
6	1900
9	2318
6	2684
6	2194
3	1079
6	1954
3	2623
6	2151
6	2221
9	1777
4	2164
9	1639
9	2321
4	2215
9	2410
9	1291
6	1931
9	2312
4	2210
9	2504
9	2454
9	0
9	2121
9	2582
6	2560
8	2236
9	2137
3	1914
9	1413
9	129
6	2525
9	2240
6	2308
3	2565
6	2230
6	1609
6	2589
6	2264
3	2113
3	0
6	3502
9	2994
6	2946
9	102
9	1925
3	2157
9	2027
3	1570
3	2042
6	2685
4	1796
3	1771
3	3467
6	758
3	2116
6	1827
9	2350
6	1591
9	4205
6	3122
8	2478
6	1965
6	2104
9	2396
6	2136
9	3568
6	1839
6	2770
3	2102
5	2089
6	1519
8	2165
6	2985
3	0
9	3637
9	2368
6	2090
9	1773
8	2094
8	2145
9	1787
9	1897
3	2300
6	1475
3	1407
6	3208
6	1497
6	1744
3	2085
4	3028
3	2627
6	2063
3	3702
9	2592
9	2605
9	2174
6	2354
3	2126
9	1823
6	2427
6	2854
3	2227
6	2470
3	2536
9	2520
8	2693
3	2175
9	2278
4	2189
7	1277
9	1473
8	599
6	2317
8	2250
3	2884
9	2299
6	1717
9	3066
4	2242
6	2493
3	2175
8	2208
9	2283
8	2007
6	1833
9	2819
6	2069
8	808
6	1348
9	1403
6	186
3	1550
6	2357
3	2847
9	2305
9	963
6	2538
9	2559
9	1946
6	1439
9	2195
9	1512
9	2676
6	2142
6	2084
6	1815
6	2121
8	0
6	2077
9	1926
6	3384
6	1914
9	2506
6	2837
9	2013
6	3461
3	2436
3	2114
6	2305
6	2160
9	1851
9	1127
6	2464
3	1841
3	2381
3	1862
8	519
9	2056
3	2242
9	1680
6	1993
9	3700
6	1481
6	2971
6	1440
9	0
6	2091
3	1865
8	3727
6	1882
9	2249
6	1589
9	3061
9	2310
6	1531
6	2450
3	198
6	2015
3	2752
3	2600
6	1761
6	2026
9	2299
6	2322
6	3224
3	802
6	569
6	4115
3	1984
6	2324
9	3090
8	2985
8	2795
3	2589
9	1959
8	2668
6	3555
3	2431
9	2019
7	2401
3	1016
4	523
9	2525
9	2044
6	2198
8	67
9	2354
6	1858
9	880
9	2936
3	0
6	2751
6	2750
1	0
9	1927
9	288
9	1210
6	2041
3	2281
6	3175
8	1703
9	2591
6	111
6	2854
9	2477
6	2345
3	2791
6	2172
3	2492
9	3438
9	2343
6	1460
6	2953
6	2144
6	1990
6	344
9	2517
8	0
9	788
9	3190
6	2449
3	2173
9	2490
3	1889
9	2213
9	3104
6	2830
6	2257
8	2610
3	2557
3	2284
9	2642
3	2205
6	2086
6	2190
8	1928
6	3000
6	0
6	594
9	0
9	3784
9	2259
6	1305
9	2100
4	2453
6	1060
8	916
6	3294
9	1614
9	2158
9	841
6	2503
9	1912
6	6516
6	2298
6	3209
3	2352
3	3264
3	1819
3	3232
9	3249
4	2211
6	3586
6	1896
6	2174
6	2638
6	1988
3	1624
6	2013
6	3139
6	3074
3	2395
9	1482
6	1924
9	1095
8	2449
6	2811
3	1928
3	3052
6	2720
6	2161
9	2363
3	2471
8	2210
6	1610
6	2510
9	2521
6	2303
6	0
6	1983
9	2961
3	2407
6	2644
9	1569
3	2699
3	1672
6	2597
6	3507
6	3513
3	2922
9	181
6	1478
9	2105
6	2544
9	258
3	1668
9	367
6	1831
6	2259
9	2331
6	3167
4	2698
3	2364
9	2114
9	266
9	218
6	2902
9	2257
9	0
8	1687
3	1182
9	3692
9	1264
8	0
6	3012
9	1416
6	2602
6	2261
6	2351
6	291
3	2404
9	2593
6	3288
6	2331
9	1867
6	1725
6	2221
3	237
9	1743
8	2075
9	0
6	1918
9	2048
9	2325
6	1840
3	2373
9	2183
9	617
6	2664
3	2360
6	2463
9	1189
9	1008
3	2590
6	2172
2	2484
6	2219
9	2765
6	2232
9	2411
3	2378
6	3295
9	2446
9	3113
6	2277
7	0
9	2011
6	1255
6	2206
6	2085
6	2965
3	2169
6	2614
3	2029
3	3302
9	1915
3	2197
3	1333
6	1842
6	2156
9	2183
6	2126
6	2094
9	2121
3	3216
8	1398
9	2526
9	3051
3	1118
9	2572
6	2422
6	1887
3	1966
3	2505
6	1286
6	813
7	0
9	2689
8	2278
9	2051
6	2451
6	1540
6	379
6	2238
8	2573
6	1831
9	2620
9	0
6	2440
9	1955
9	1777
9	1912
9	2369
3	1084
3	2767
4	1873
8	1516
3	2497
6	3112
8	1175
6	2752
4	2007
6	1803
6	2751
6	1617
9	2715
6	2061
6	2180
6	399
3	1851
9	1501
6	1911
9	2206
3	1816
6	2822
3	3829
6	2602
6	1230
7	2734
3	2244
6	2770
8	478
9	1588
8	0
8	2166
6	277
6	2317
3	1716
6	1987
6	3153
9	2553
3	1226
6	2332
9	2255
6	2442
6	2460
9	1146
3	1475
6	0
8	1966
9	2482
6	1865
6	1711
6	2583
8	2586
6	2406
3	2157
9	3042
9	1614
6	2874
6	2111
3	2824
8	2074
6	2890
3	2214
9	2006
9	4218
6	2364
9	2199
6	1025
6	2786
9	2056
9	1245
6	1999
9	2907
9	2453
6	2146
4	1969
9	2458
3	2733
3	380
3	689
6	3695
6	2265
3	2409
6	0
3	2013
9	211
6	2354
9	3261
9	2531
6	2432
6	2576
9	797
3	3319
9	2931
6	2579
6	3223
9	1080
6	2085
3	2217
3	2106
9	1277
9	2681
9	1602
7	101
6	2220
9	2062
6	2054
6	479
6	0
9	2788
6	2616
9	3135
3	2266
3	3410
9	2096
6	2659
6	2092
8	1845
6	2397
9	2639
9	3089
6	2326
6	1877
3	2114
4	3157
9	194
9	1239
9	3303
6	1339
9	2609
9	1448
6	1543
6	1937
6	1401
6	1977
3	1772
3	3012
6	900
8	1672
6	1359
3	1356
6	3298
3	2075
9	2354
6	2652
6	2271
6	2905
9	2184
6	2819
6	1717
8	1314
6	2319
6	2351
4	2482
3	1156
6	1606
9	2282
9	1511
9	2022
3	3242
6	2329
3	2056
9	0
6	2534
9	3975
3	1996
4	2361
9	2127
9	1534
9	2019
6	3135
4	2602
6	2094
9	2434
6	1526
3	0
6	1270
3	1674
6	2093
6	2558
8	2278
3	1722
9	2022
3	2460
3	1573
9	1684
6	2242
9	1642
8	2250
9	2352
9	2799
6	2453
6	2463
3	1512
3	2448
9	2217
6	2755
3	2553
9	3977
3	1615
9	1070
6	2209
6	632
3	2581
6	2861
9	1856
6	2347
6	0
8	1424
8	1844
6	1417
6	899
9	2352
6	2417
6	2419
9	809
4	3424
8	2592
6	2580
3	4205
6	2608
9	2829
4	2019
4	0
9	2713
6	3334
9	1979
3	543
9	3144
6	3435
9	2443
3	2290
9	2467
6	2710
6	1593
8	1757
6	2060
6	1817
9	2382
6	3004
3	1646
6	1947
6	3025
3	1978
3	2762
9	3273
4	2138
8	2262
6	1647
3	2075
8	1873
6	2589
6	1747
9	1844
3	2430
8	0
9	2818
6	2070
6	1956
6	2535
9	2785
9	2249
6	2687
6	0
7	0
4	440
8	1820
6	2206
9	2182
6	664
3	2285
6	1847
9	2552
9	2129
3	1538
9	322
9	2012
3	2302
6	2109
9	1000
3	2554
4	2875
9	1220
3	2914
4	0
9	2152
9	0
4	2697
6	1433
6	2547
3	2386
9	209
6	2437
6	1845
6	2300
9	2290
6	725
6	1820
6	3061
9	2547
6	2396
6	251
6	2647
6	2051
8	2352
4	2380
6	2581
9	2220
6	0
6	2249
9	1829
9	2213
9	2726
3	2572
9	2312
6	2062
6	2907
3	593
8	2126
9	3175
3	3134
6	3046
7	0
8	2794
7	2069
6	2888
6	1445
9	2331
6	2323
8	0
6	2680
6	1991
6	2248
9	2091
9	2348
3	2285
6	3026
3	3599
3	3663
9	2176
6	317
9	2674
6	2256
4	2893
8	2338
6	1602
9	3272
9	355
6	2796
9	2110
9	1995
6	1727
9	2835
9	2110
9	2143
6	1918
6	2661
6	2277
9	2473
6	2786
6	3191
9	1707
9	1287
8	1490
6	2195
6	2479
6	2360
9	624
6	2406
9	1001
3	1361
3	2986
9	2016
3	237
3	2606
9	2114
3	1119
4	1304
6	2066
6	95
9	2142
9	2308
9	2936
6	1843
5	1476
8	2119
9	1667
6	2570
6	2389
9	2423
6	1890
6	2319
6	2093
6	2222
6	2334
9	1905
8	2285
6	1470
9	3268
6	2053
9	1895
6	1278
6	2767
6	2311
9	2544
7	2915
3	1965
3	0
8	1157
4	2083
9	2067
6	2164
6	2296
3	2384
9	2201
9	766
6	2903
6	2593
3	2050
9	1108
6	3067
6	2558
9	1167
8	892
8	2494
9	2451
8	2751
6	2207
3	1981
6	1771
6	1748
8	1707
6	1153
9	2262
6	2643
3	2064
9	1519
9	3719
9	3808
3	2335
6	2963
3	3690
8	3366
9	1280
6	2503
9	2352
9	2968
3	3269
6	2314
8	1415
6	2436
6	2276
6	1879
6	5008
9	2335
3	2067
6	2204
6	2275
9	1336
8	2033
9	2948
9	1055
6	2155
6	2277
8	77
3	3451
6	3195
9	940
6	2507
6	2093
9	1940
6	1917
3	2899
9	0
6	2681
7	2062
6	2336
6	1664
6	2302
9	1840
6	1872
6	905
3	2685
6	2287
9	1956
3	1597
4	367
3	3399
9	2865
9	1967
6	1176
3	1739
9	2449
9	1669
9	2380
6	511
6	0
9	2251
9	2059
9	2318
3	3654
3	1032
9	2677
6	2034
8	1914
4	1561
6	2235
3	2107
3	1988
6	2461
9	2280
3	2910
8	308
8	781
6	2488
6	1740
6	3385
6	0
3	2508
9	1881
3	2373
8	2042
6	1906
3	1934
3	1511
6	3350
9	1263
3	3658
6	1866
4	2848
8	3089
6	3270
3	3511
4	2360
9	2980
6	2390
6	2079
6	1874
9	0
3	2287
3	2125
9	2424
9	2381
9	1865
9	2335
4	619
6	2711
9	1726
6	2732
9	0
8	2100
3	2920
9	2022
3	0
6	2224
6	2246
6	2169
6	3294
3	2250
9	1756
3	2485
3	3326
1	1919
9	2478
9	1287
6	1953
6	1339
3	2751
9	0
4	2190
9	2439
9	1883
3	2158
6	1921
6	3080
9	1890
6	2640
6	2244
6	2863
3	2395
9	1555
6	3620
3	3316
3	1075
9	1621
3	1471
9	908
8	2072
9	2310
6	2160
4	2331
6	1984
3	2659
9	2252
8	2154
4	2424
9	2287
6	2562
9	1500
6	2352
8	2120
9	2000
9	2672
3	2052
9	2202
9	244
6	1942
8	2282
5	2279
6	2322
8	2585
9	852
9	2632
6	2630
6	2614
9	1541
6	4216
6	2198
3	2897
9	0
9	1797
6	2609
6	2268
3	2614
3	201
4	2141
9	1946
6	1393
6	1744
3	2815
9	1665
9	2728
6	2287
3	2026
9	1654
9	1827
9	2041
6	3095
9	2536
4	2343
9	4264
6	2315
3	2548
9	2828
9	1858
9	2027
3	2324
6	2666
6	1917
3	396
6	2953
3	3683
6	2535
3	2123
9	1900
6	2081
9	1328
9	2674
9	0
8	0
9	1398
6	2738
6	1985
3	2347
7	120
4	2281
4	2488
9	2419
3	2787
9	1752
6	1641
6	229
9	1816
6	2388
9	2410
4	2333
9	1641
6	1824
6	2046
3	2072
6	2961
6	2742
9	3448
9	2119
9	2525
6	3052
9	0
9	2192
6	2546
6	2486
6	2432
6	3905
6	2228
6	2475
8	1525
9	1884
6	1778
9	1479
9	2688
6	1200
6	3530
6	2770
6	2866
3	3042
3	2394
6	2236
6	3043
6	1805
9	1798
9	2169
6	2596
6	1165
6	137
9	2487
9	3112
6	2527
6	1375
9	3034
6	2104
6	2734
9	2776
3	2051
9	2329
6	2081
3	1912
3	1965
9	1955
3	4312
8	640
6	2517
9	1843
9	2114
9	1892
6	2430
6	0
3	2368
3	2413
9	2509
6	2008
6	2423
6	2511
6	2186
9	2341
6	1797
6	2678
4	2439
8	2678
9	2049
8	320
9	892
3	3297
6	3184
6	0
3	2179
9	2121
9	0
3	2064
6	2179
6	2469
3	2623
9	0
6	972
9	1490
3	2553
3	3093
9	1998
4	2104
6	2034
6	423
6	1661
9	358
8	317
6	2541
3	2938
4	2073
6	1787
3	2097
6	2562
9	1970
6	3136
6	2342
4	2054
6	2520
3	3091
6	1727
9	1726
6	2167
9	2415
6	1822
6	2380
6	1543
6	2385
9	2540
9	1545
9	1620
6	2870
6	1996
5	2265
6	2560
9	2149
6	2881
3	2782
6	2403
6	2265
6	2722
9	2285
6	2360
9	713
6	2360
9	1620
8	2051
9	2130
6	2821
3	1423
6	2054
6	3021
6	2069
9	1884
9	2144
3	2096
6	2046
4	2630
8	0
9	2358
8	808
6	1931
9	2524
6	2613
6	603
4	2656
6	1859
6	2225
4	2011
3	2999
6	1828
9	2332
3	2704
3	1984
3	3226
9	2061
9	2277
3	2425
8	2100
6	1738
6	2854
6	1997
9	1609
6	2533
9	1856
3	2406
9	0
6	3181
6	2062
6	2636
6	2238
6	1974
6	934
9	2903
6	708
9	2665
8	1849
6	2183
9	1918
9	2320
3	2946
9	1687
9	2681
9	2265
4	3404
8	656
9	2237
3	387
9	2252
3	3332
4	1778
9	2632
9	2927
9	2025
6	2452
9	2663
9	2328
6	2236
9	2016
3	1214
3	2349
9	195
9	2278
6	2733
9	1754
3	2163
6	2025
3	2813
6	2760
6	3003
9	1006
6	941
9	0
9	3084
9	0
9	2128
9	2269
9	155
6	2185
6	2142
6	2291
9	2232
6	2871
9	2369
6	2192
6	1811
9	2730
6	2485
4	1620
3	2280
9	2298
9	2699
9	1961
3	2745
9	514
9	485
6	2193
6	2047
6	1722
9	2515
3	1881
6	2289
9	2166
6	3597
9	2487
9	2129
9	1833
3	1965
9	2051
6	2074
7	1749
3	2091
6	1625
8	2553
3	2149
3	1692
3	2767
6	1893
8	1824
6	1642
6	2255
6	1742
3	2296
6	2166
9	1919
3	1345
6	2243
6	1852
9	4639
9	1273
6	2129
4	1966
6	2781
6	2274
3	1769
9	812
6	2629
9	2666
6	2427
3	2136
9	1946
9	2887
6	2291
3	2815
3	2392
6	1282
3	2188
9	3348
6	1956
6	3734
9	1964
3	2483
3	2694
6	2574
9	745
9	2713
3	1911
6	2243
3	2098
6	2041
9	2396
6	2080
6	2125
6	2610
6	2781
6	1965
8	2310
6	2833
6	102
9	595
6	2477
6	2370
3	3540
3	1948
9	2280
6	3372
9	503
6	2475
6	2043
9	2044
6	2599
6	0
9	2123
6	2482
6	2194
9	1909
9	2524
6	3195
6	2428
9	1001
6	1698
6	1943
6	1398
3	2917
6	2323
8	0
6	1934
9	1975
9	2311
6	1333
9	2931
3	2051
9	1478
3	2127
3	3776
9	2397
9	1945
6	3069
3	2214
9	0
3	2481
9	941
9	2530
8	3785
9	1766
6	1897
6	0
6	2707
6	1945
9	127
9	4035
6	1957
9	2274
6	2481
6	3072
9	0
9	941
6	1884
6	2550
9	1757
9	2775
6	3238
4	2339
3	1791
3	3127
6	2157
9	3046
9	2351
6	2302
7	0
3	3403
3	1806
4	3116
6	3071
8	1827
6	2199
9	2364
3	0
9	1779
3	3232
6	1850
9	2678
9	2305
8	1827
3	2641
3	2671
3	2107
6	2780
6	1268
9	1782
9	0
9	2026
6	1708
3	2567
6	2046
9	1408
9	2148
6	1649
6	2289
6	1527
9	758
4	1808
3	2270
3	1471
6	2900
3	1664
6	2547
9	1725
9	290
8	2136
6	2707
9	1765
6	2312
9	1994
9	2937
9	1920
4	2576
6	2795
3	2788
6	2100
3	1862
9	2191
9	1013
6	2256
9	2193
3	2063
6	1757
3	2201
8	2013
3	2310
9	1620
9	2277
8	1850
8	2853
3	1623
8	3491
9	0
3	2147
9	338
6	2361
3	2206
9	2112
6	2538
6	2148
9	2905
3	2368
6	2346
4	2432
9	1816
6	1951
4	2008
6	1646
3	3097
6	2366
6	2071
3	1838
9	2885
6	1089
6	1542
6	2418
7	934
6	0
9	2014
6	3519
6	1387
3	2326
4	1415
9	3671
6	2567
9	2189
3	1999
8	2140
9	2098
9	1839
9	2234
9	1625
9	0
9	3388
6	1656
9	2154
6	1525
6	2265
9	2138
6	2563
6	3099
9	605
6	2715
3	327
9	1699
3	3262
3	1575
9	2238
6	1710
4	1726
8	2543
4	2107
9	3011
8	1789
6	2473
9	409
3	2287
9	2316
6	1536
3	474
6	1868
9	1221
6	2585
9	2825
6	2676
9	2603
6	1478
3	1472
3	2722
9	1885
6	924
9	1963
9	618
6	2489
3	1339
6	2313
3	2795
6	2779
6	2404
3	2191
6	3233
3	2443
6	2175
8	2753
4	3610
6	2321
8	2244
9	2990
9	2307
6	1870
6	2026
6	1868
6	1861
3	2783
6	2093
6	2399
6	1607
6	2703
9	233
3	2540
3	2106
3	2270
8	0
3	2326
9	2155
3	2654
6	2008
6	1825
9	2174
9	1419
9	2640
7	2960
9	1917
6	2013
3	1984
3	1712
9	2592
9	1803
6	1787
6	1145
3	1793
6	2522
9	1223
9	2012
9	1144
3	3957
6	1904
8	1806
9	2787
9	2496
6	1635
8	3065
9	2304
6	1935
9	1754
4	1572
6	2430
8	2463
6	2184
9	3609
9	2728
3	2456
6	2141
9	2336
3	1943
9	2181
6	2482
3	2233
4	2701
3	2326
9	2431
6	2429
9	2648
3	1097
3	2087
6	3308
9	1608
9	2647
3	2516
9	1768
6	2228
4	1837
6	2585
6	3184
6	1979
6	2379
9	0
6	2483
9	4307
3	2320
3	3956
6	2087
9	223
6	4698
6	2401
6	4108
3	2224
9	905
6	1290
3	2096
9	1422
4	2712
6	0
9	2341
3	2734
9	1879
3	1669
3	2725
9	2291
9	2170
9	1463
6	2014
8	2521
9	1807
6	1800
9	1653
9	2419
6	1939
6	2808
9	2383
3	592
8	2571
3	2143
9	2183
3	1911
6	2021
9	2655
3	993
6	2433
6	617
3	2016
6	2301
6	3499
9	1783
6	1113
9	2270
6	0
9	2353
9	1296
9	1991
3	2179
6	1993
6	1803
3	942
6	2547
6	209
6	2724
6	2480
9	3759
3	2420
6	2143
9	4711
6	1870
6	2973
6	2463
4	2603
9	4105
6	0
6	2908
9	73
8	1130
4	1028
6	2914
9	0
6	2462
9	1848
6	2469
6	2847
8	2270
9	2069
3	1430
6	1901
9	2073
6	3325
6	2223
9	1713
6	1614
8	2329
3	1385
9	2127
9	2193
6	2109
9	2126
6	0
9	1757
4	2208
6	1957
9	0
6	2035
6	1977
4	1459
9	2617
9	2230
6	3147
6	1623
6	2379
3	62
9	2791
9	2010
6	3440
6	3690
9	1656
8	1978
9	2169
6	2526
6	3193
6	2365
3	3712
3	2229
3	2809
6	2271
9	2055
9	1333
8	143
6	2269
6	2309
9	2469
9	2106
6	836
6	1904
6	1933
3	1981
6	3483
9	2229
3	2366
6	1790
3	1693
9	1244
9	2133
9	2424
4	1192
9	3132
3	1897
9	2484
3	1515
6	2792
9	3609
9	1817
6	2367
9	1096
3	2074
3	2045
6	1232
6	2681
6	2434
9	2688
3	1821
9	1532
9	2255
9	3308
6	1649
8	1595
8	2703
7	2418
8	1755
6	1840
6	2402
6	3283
3	2360
3	2087
6	2462
9	2025
9	1384
3	3162
6	2652
8	0
6	1822
3	1776
9	0
9	2407
6	1773
3	3157
6	956
6	1949
6	2468
9	1916
6	1722
9	289
9	3702
4	1965
6	2116
3	2682
3	2817
3	2993
8	1921
9	1796
9	2078
6	3027
3	0
8	1577
3	2857
9	2444
9	1894
3	2528
6	2492
8	911
6	1348
9	2436
6	3583
9	0
6	2139
9	2699
6	806
8	0
6	2335
6	800
9	2145
6	2989
8	0
6	3241
6	1853
3	4200
6	2416
3	2059
9	2385
9	1762
6	2571
6	2463
6	1602
6	2056
6	2794
6	1956
9	3960
3	1653
9	2618
6	2343
3	1939
3	2278
3	3210
9	2206
6	3111
9	2565
6	2584
9	1374
9	269
6	2620
9	2163
6	2798
9	0
6	2176
9	2137
9	1375
6	1948
9	1876
9	2382
3	1750
6	1989
8	0
6	2151
6	0
6	2339
6	1903
6	1960
9	2274
9	1928
6	2114
9	2582
6	2126
6	2654
6	2049
6	2506
6	2554
9	2580
9	2304
9	2877
9	1690
9	2092
9	2666
9	1690
9	2721
9	1847
9	2034
6	2759
6	2292
9	1768
9	2192
6	2843
6	1232
8	0
9	1989
3	1354
4	2242
9	2207
8	1261
3	2802
6	1976
9	2294
9	1058
3	2214
6	1920
9	3480
8	2827
3	3358
6	99
9	2917
9	3045
8	0
6	2185
9	2390
3	1795
6	2452
6	2371
6	1559
9	1990
6	2556
9	2035
9	1850
9	778
6	1076
3	1951
6	1516
6	2584
9	2321
8	0
3	2526
3	1905
3	1280
6	2156
9	2925
6	1954
3	2995
9	0
9	1059
9	2440
6	2441
8	2087
3	2155
3	2547
9	1408
10	2436
3	897
9	1911
9	2493
6	991
6	3179
6	3326
6	2026
9	2368
6	2324
9	451
3	395
6	2292
9	1704
3	1549
9	1262
6	3769
9	223
6	2070
9	2463
9	3008
6	2215
3	1992
9	2566
8	0
6	1490
6	2232
6	2201
6	2429
6	2218
6	2101
9	1645
9	3800
6	2951
6	1737
6	2281
6	2879
9	1579
9	1945
6	2411
6	2001
6	2164
3	968
9	1993
9	2638
3	3028
9	1890
8	130
9	2179
6	2335
9	2447
9	3428
8	2125
6	0
3	2684
6	1933
9	0
8	1969
9	2930
9	2804
9	0
8	2243
9	1480
6	3265
6	2163
3	2188
8	2020
6	4216
6	1851
9	2053
3	2611
6	2760
6	1728
6	2335
6	1880
6	1324
3	2465
9	2001
3	3011
6	2300
6	2781
6	1919
6	2037
9	2090
6	820
9	2458
6	1895
9	797
9	1368
6	2649
8	702
9	2102
3	2691
6	1239
9	1992
6	3345
9	2027
9	392
6	3738
9	1390
3	2182
9	2121
6	1948
6	2404
9	2870
9	0
3	2100
9	1754
9	3100
9	1772
8	1173
9	1869
9	2201
9	2848
6	2266
3	1329
3	2979
6	2410
9	2132
9	130
6	3465
6	736
6	1903
8	2535
6	2648
8	1231
6	2553
9	3492
6	2150
6	2647
8	345
8	0
8	3199
3	3433
3	1057
3	2197
6	2583
9	163
6	3200
6	1568
9	1845
6	2519
6	1650
6	2389
8	93
9	1967
6	1435
3	2353
3	2001
8	1731
9	2932
3	2116
9	2331
6	634
7	2896
6	2831
6	2535
4	2502
9	2535
9	3078
6	2582
6	1477
6	3518
3	2545
6	1595
6	3247
6	2763
8	1884
9	2333
8	2054
3	2571
3	2523
9	1480
9	159
3	1697
9	1788
8	529
9	1589
3	2248
6	0
6	1800
6	2454
6	2768
6	1422
6	2116
9	1159
6	2368
6	2130
6	1479
6	2269
9	1776
6	2212
6	2599
3	2679
6	2552
7	1940
9	3599
3	1681
9	2655
9	1631
3	2792
9	2730
9	0
9	2170
6	2194
3	2135
9	3287
9	2162
3	1954
8	2251
6	0
3	2533
6	2072
6	3735
9	2851
8	2248
6	2360
9	2249
6	2216
9	1960
6	2358
9	0
6	2468
9	4068
3	2198
8	0
6	2744
9	3440
9	3362
6	2016
3	3122
6	2509
6	2850
7	2393
6	3518
6	1774
3	2855
6	2607
6	2387
9	1446
3	2362
6	3083
8	2679
3	2145
9	2097
6	2010
9	2264
9	2046
3	2638
6	1430
9	2871
6	1582
6	2224
6	2750
6	2745
6	3106
3	2282
4	2786
6	2623
3	1927
6	1905
8	2455
6	2391
9	2442
6	1536
6	1495
6	1587
9	0
6	2278
3	2032
6	1948
3	2450
6	2381
6	2380
6	2125
9	1969
3	2242
6	2197
6	3127
9	2128
9	2812
6	2162
9	1714
3	2297
6	1385
6	1564
4	1918
6	2255
9	394
9	1201
9	2255
3	2450
3	1873
6	2235
3	1861
3	2263
6	2454
9	1803
3	2832
6	3022
3	2063
6	1862
3	2126
6	2210
9	2219
6	2149
6	2803
6	921
9	1116
6	2682
3	2470
3	1748
3	2673
6	2325
4	2907
9	1062
6	2740
8	2256
6	2913
9	2416
9	2718
6	3349
9	110
6	1942
3	2673
6	2323
9	2157
6	3032
3	514
9	2660
6	2894
6	3248
4	1996
9	2707
9	2266
6	2257
9	2510
9	2398
6	2655
6	3170
6	129
6	2033
6	2525
9	2619
6	2225
6	3000
3	2616
9	2018
3	2767
9	492
3	1962
9	1950
6	1893
7	2164
9	2466
6	2236
6	3391
9	0
3	2291
3	2548
9	1802
6	2298
6	2783
3	2474
8	594
6	2082
6	2599
9	2119
6	2503
9	807
9	1793
9	0
9	2412
9	2429
3	3578
6	2663
7	2545
4	2384
6	2151
6	2121
6	0
9	2119
6	725
6	2596
6	1538
6	1849
6	3033
9	0
3	1592
6	1989
1	2297
6	1109
6	2232
9	2472
9	2581
9	247
6	2814
3	1144
6	1103
6	1687
6	2562
9	1756
6	1227
9	1587
9	2561
6	2410
6	1522
9	2781
6	2333
3	3167
6	3413
6	3610
9	2220
9	0
9	2934
6	3089
9	2315
9	1454
9	3120
3	3175
3	2487
6	2501
9	2147
6	3434
6	1918
9	2438
3	1936
9	522
6	1582
3	2588
6	3174
6	2048
9	1971
3	2342
6	2465
9	1193
6	1516
6	1977
9	1903
3	2270
4	3000
9	2007
6	1223
3	2422
6	2332
3	3137
9	1955
9	2080
8	0
6	2624
9	2468
9	2161
9	880
9	1633
9	3625
9	2544
3	2008
9	2231
6	1138
3	2085
3	2371
9	2036
3	2261
9	2101
9	1316
9	2232
9	2738
6	2577
9	2074
9	2412
6	2237
6	2295
6	1373
3	2338
8	2544
9	2561
3	345
9	2414
3	2244
9	2394
9	1867
9	1745
9	0
9	3019
6	1447
8	1993
3	1691
6	3129
6	2145
9	2164
9	0
3	3630
9	2668
9	1265
8	2406
9	1494
6	2328
3	1946
6	3237
9	2072
9	1
8	2572
6	2518
9	2107
6	2576
3	0
6	2482
3	1941
6	2875
6	3572
9	2478
6	1078
6	3204
6	2314
6	2409
4	2198
6	2213
6	1934
4	2137
9	1621
3	0
6	1831
3	1549
6	3429
9	1171
9	1631
6	1688
6	3223
8	941
3	2061
9	2635
6	2106
3	2348
3	2264
9	3792
9	2670
3	833
3	2418
6	1229
3	2086
3	2302
9	0
9	2192
6	3515
3	1499
9	1398
3	2629
9	2083
6	1099
9	2298
9	2098
6	1900
4	2193
9	1852
9	2335
6	2640
6	3316
6	3723
6	562
6	2028
9	1971
3	1895
3	3804
6	3057
9	1078
6	3110
6	2475
8	614
6	2195
9	0
9	299
3	2088
9	2321
9	2917
4	3720
6	2274
3	2939
6	3644
6	2336
6	1928
9	2902
3	2166
6	2604
9	644
6	2152
9	1612
3	1805
6	1799
6	2931
6	2268
8	2200
9	2749
3	2834
9	2434
6	2580
6	1649
3	2341
3	2120
3	1653
9	2360
3	2251
9	2437
6	2216
4	2221
6	2201
9	1272
9	3004
6	3032
3	2822
9	1417
6	2138
3	2338
6	3272
9	1326
3	2469
6	1912
9	2356
3	2172
9	2958
6	3117
6	2556
9	1971
6	2877
6	572
9	2971
7	2564
6	2355
9	3124
6	2054
6	2197
6	1729
3	3303
6	2011
9	2227
3	2671
6	1732
9	3384
6	1602
3	1632
6	1936
9	1919
9	2607
9	2473
9	2910
6	2607
3	2193
6	1785
6	2189
6	2624
6	1165
9	0
9	3136
8	1550
9	3637
6	635
9	0
6	3014
3	2704
9	2380
9	2102
9	3517
9	2295
6	1404
9	0
6	2039
6	1432
3	3049
9	291
3	2934
9	3213
3	1670
6	1748
3	2218
9	846
9	2155
6	2124
3	1937
6	3884
6	1603
9	3276
9	1658
6	3684
3	2171
6	2865
6	1934
3	2162
6	2375
6	2260
8	0
6	3112
6	2345
3	2164
3	2311
6	524
6	2096
6	2764
6	1764
9	2034
9	1808
3	2619
4	2345
5	1870
6	1940
3	2292
6	2999
9	3253
9	2114
9	1175
9	1328
3	1974
9	2021
6	2176
6	2585
6	3058
9	3489
3	2191
9	2096
4	1400
9	2549
3	2065
9	2195
6	2163
3	4316
9	2016
9	2574
6	2870
6	2623
6	2081
3	1957
3	2859
9	3613
6	2337
6	2430
9	1609
9	3719
4	3091
6	3349
9	2610
3	2333
9	2297
6	1614
6	2962
6	2778
6	2127
9	3136
9	1883
3	0
3	1546
6	2434
9	2468
6	2764
9	3809
6	2815
9	1075
8	1308
6	2449
6	96
4	2800
3	1731
6	2487
4	1966
9	2240
3	2670
3	981
9	2358
9	3004
6	2165
6	747
9	2059
6	1280
9	2874
6	2209
9	2442
9	2467
6	2629
6	1447
9	1963
9	2249
6	2571
6	1547
8	1803
4	2796
9	2082
8	503
3	1688
9	2887
6	2649
9	1191
6	1416
9	2905
9	1937
3	2759
6	0
9	2547
3	232
8	0
8	1999
9	1823
6	2013
9	845
6	2011
8	1371
6	3314
8	2260
3	1761
6	2073
9	2022
9	1967
9	2369
3	2445
3	3374
7	2408
6	2302
6	3848
6	2743
9	2034
8	810
6	2591
8	2204
6	2484
6	2133
3	1804
9	426
6	2934
8	2572
9	1684
8	2578
8	0
6	2336
9	1292
9	2722
3	2222
9	0
9	2697
9	1722
3	2494
3	2208
3	2282
6	2273
9	2586
6	880
9	1906
3	2627
3	2244
9	1992
6	2365
6	1818
6	3520
6	1508
9	2285
9	3634
3	745
6	2564
6	2189
6	2903
9	3147
3	3301
9	2293
6	2509
9	2100
6	3778
9	1167
6	2285
9	2681
8	282
6	2105
6	3573
6	2579
3	1191
3	1272
6	4136
6	1036
9	0
6	2507
9	2506
8	2119
9	2707
6	3636
9	2309
6	2167
3	1807
8	441
6	2906
6	1570
9	2459
9	2526
9	2082
3	1907
9	1263
9	2541
6	1872
9	2064
3	2096
6	2380
6	1635
6	2228
9	2126
9	1801
9	2152
9	1944
6	2488
3	2335
6	2095
6	3105
3	424
6	2670
3	2280
6	2054
8	2753
6	2058
8	2314
9	2149
6	2485
9	1883
6	1563
6	2436
6	2755
3	1954
6	2331
6	3009
6	2104
9	2407
9	0
3	3184
6	199
6	2168
9	1510
4	2858
3	2401
6	2108
6	2425
6	2649
6	1106
6	1831
6	2115
3	0
9	2127
6	1964
6	2399
9	2151
4	2325
6	3103
9	2368
6	2108
6	0
6	1762
6	2394
9	2380
6	2628
3	1558
6	1951
9	2990
7	2359
9	762
9	1849
6	2750
9	3259
6	995
4	282
8	1449
6	1620
6	2261
4	2058
8	0
9	2286
9	2212
3	1935
9	689
9	3198
6	2821
6	2229
6	2468
9	803
4	2160
3	2383
4	2173
9	2353
3	2484
6	2415
6	1556
6	2320
3	524
9	88
9	2780
9	0
9	2584
8	2502
9	0
3	1352
9	0
9	2176
7	857
4	0
6	2581
6	917
9	1992
6	3293
4	2945
