255	4
254	7
256	7
253	4
1	4
192	7
193	4
32	4
43	5
10	7
1	4
51	7
225	7
135	4
241	7
208	4
139	7
254	7
51	4
1	7
1	7
255	7
18	7
151	7
42	4
12	4
1	7
1	7
1	7
203	7
184	4
1	3
1	4
1	7
1	7
1	7
196	7
1	4
1	7
131	4
1	4
1	7
230	7
78	4
226	4
1	7
254	7
1	7
64	7
86	2
248	2
225	7
255	3
1	7
223	2
254	7
1	4
254	3
254	3
1	7
254	2
254	7
254	4
255	4
255	5
1	4
1	7
254	4
253	3
1	4
1	3
255	7
1	4
13	3
254	7
21	7
1	7
72	4
256	3
223	4
255	4
72	7
253	2
1	7
1	4
211	2
34	4
254	5
179	4
1	4
255	7
19	3
83	7
254	4
140	7
5	7
1	4
1	4
1	4
40	5
208	7
253	4
254	4
254	7
251	7
1	4
256	7
113	3
224	7
1	3
254	4
242	7
43	7
254	3
253	4
69	7
1	4
1	7
73	7
3	7
1	7
1	7
1	7
14	4
1	4
254	4
254	4
29	4
254	4
1	4
254	3
1	7
1	7
1	7
253	4
1	7
255	4
254	4
253	7
253	3
1	3
1	7
117	4
254	4
1	4
126	4
1	2
1	7
1	4
250	4
1	4
214	4
186	5
238	7
27	4
255	7
110	4
254	7
1	4
1	7
1	7
1	7
1	7
254	4
254	4
57	7
115	4
215	7
1	7
223	4
1	7
1	4
1	7
1	3
1	7
253	2
14	7
1	7
8	4
122	3
1	2
1	7
33	4
216	3
254	2
42	3
1	7
254	3
254	7
1	3
255	7
253	7
255	7
254	4
1	7
1	3
254	7
254	3
254	4
26	7
1	7
1	4
227	7
1	3
160	3
1	7
62	7
1	7
254	4
253	7
249	3
92	7
148	7
211	7
250	2
1	7
108	7
21	4
161	7
253	2
19	4
118	7
207	3
1	7
1	2
254	3
94	7
256	6
1	4
1	4
210	4
177	7
182	7
1	7
256	7
255	7
1	7
1	7
162	7
1	7
1	3
17	7
255	3
127	7
203	7
1	7
255	7
77	3
1	4
1	7
1	7
254	7
1	4
256	4
1	4
34	7
165	7
5	7
69	4
254	7
254	4
1	7
201	7
1	3
256	4
255	7
252	4
254	7
254	4
256	6
254	2
255	7
255	4
151	7
1	3
253	4
1	7
82	4
204	4
214	7
1	5
255	7
254	4
249	7
1	3
1	5
254	7
199	3
232	5
30	7
96	7
44	4
255	7
1	7
220	4
71	7
179	7
255	7
1	2
1	2
138	4
253	6
255	4
255	2
254	4
124	7
1	7
253	7
1	2
176	4
132	7
256	7
229	4
1	7
254	7
1	4
83	4
1	7
129	4
1	7
254	4
1	3
254	7
253	4
1	7
185	7
252	2
1	7
1	7
1	3
255	7
1	2
78	7
255	4
255	3
10	7
256	4
86	7
250	7
20	2
247	7
1	4
1	4
255	7
254	4
202	7
254	7
1	7
1	7
1	7
255	4
252	7
193	7
1	7
214	4
9	5
1	4
175	7
194	7
1	4
253	5
170	7
57	2
254	7
1	3
1	3
78	7
1	4
254	4
1	4
195	4
242	7
1	7
255	7
1	7
254	3
1	5
254	7
254	7
1	7
30	4
215	7
254	3
1	7
1	4
254	7
6	7
255	4
1	4
254	7
1	7
1	7
58	7
213	3
255	3
256	4
1	7
254	7
237	7
256	4
254	3
99	4
1	7
187	4
1	4
256	4
1	2
255	3
53	7
1	5
1	3
256	3
255	7
254	4
1	4
1	5
1	2
254	7
1	4
255	7
1	3
1	4
254	4
255	7
94	3
255	4
1	7
254	7
1	7
20	7
243	4
255	4
233	7
1	7
5	7
239	1
1	7
181	4
255	4
255	7
48	4
254	7
1	4
236	5
1	4
254	4
255	6
253	7
254	7
236	7
254	4
1	7
1	7
247	7
172	4
254	7
33	7
254	7
253	2
255	7
1	7
1	2
1	7
29	4
1	7
254	3
256	7
1	7
216	4
1	4
1	7
254	7
254	7
1	3
1	4
1	4
254	4
254	4
149	7
73	5
102	7
253	7
254	3
256	7
192	7
157	4
254	4
1	3
247	7
38	4
211	7
1	4
116	7
254	7
69	7
253	7
254	3
1	2
215	4
183	7
1	3
208	7
90	7
70	7
1	4
117	7
1	7
241	4
254	4
1	4
1	3
82	3
65	7
255	7
1	4
254	4
1	4
256	7
1	4
32	3
1	3
21	3
77	4
243	3
1	7
1	7
254	3
79	7
1	7
60	7
1	3
1	7
254	7
61	7
1	2
1	7
254	4
111	3
1	5
254	5
1	3
254	3
161	7
186	7
1	4
256	2
1	3
122	4
246	7
254	4
1	7
255	7
12	3
254	7
254	3
254	3
172	7
255	4
1	5
1	7
255	7
64	4
254	4
1	3
1	3
160	7
151	5
254	7
149	4
1	4
77	4
170	7
1	5
1	7
1	4
244	4
156	3
1	4
253	5
254	7
23	4
255	3
246	4
46	7
79	7
138	4
1	7
254	4
1	4
1	7
78	4
158	4
254	3
255	7
255	4
1	7
1	7
42	7
86	3
254	3
165	7
1	4
1	3
254	7
255	4
254	7
232	4
255	7
167	7
1	4
250	4
1	7
207	7
253	4
207	7
252	7
1	7
255	5
255	4
1	7
1	3
87	7
1	7
209	5
255	4
255	7
1	4
64	4
255	7
1	4
255	1
254	4
72	4
1	7
95	7
254	4
1	7
161	3
256	4
254	7
256	7
26	7
132	7
236	4
1	7
218	4
1	7
1	4
256	3
254	7
254	7
253	3
1	3
54	7
253	7
235	4
1	2
57	4
254	7
255	3
254	7
1	7
21	7
1	4
252	4
1	7
20	7
255	7
5	3
207	7
73	4
142	4
254	3
85	4
1	4
52	7
134	4
254	7
253	4
211	7
22	7
118	7
256	7
256	7
1	7
255	4
254	7
1	7
136	7
256	7
34	4
24	7
199	2
65	4
178	3
253	4
241	3
12	3
256	2
254	7
141	7
255	4
251	7
116	5
43	7
254	3
101	4
254	4
256	7
1	7
1	7
239	3
142	4
1	7
254	7
92	7
1	4
187	4
255	7
254	3
1	3
215	5
255	4
190	7
12	3
254	7
77	7
254	7
1	3
255	4
255	7
254	4
83	7
1	3
200	4
123	7
254	4
1	4
229	4
253	4
184	5
118	7
255	7
224	5
255	7
253	4
226	7
255	7
254	7
254	4
253	7
53	4
254	4
1	5
55	3
201	7
254	7
253	7
251	4
129	7
51	7
206	7
254	4
240	2
44	3
1	7
123	7
256	4
1	4
20	4
252	7
1	4
27	4
255	7
253	7
254	7
1	4
20	7
1	5
255	6
256	7
1	7
41	3
255	7
255	4
43	4
255	4
1	4
255	4
1	7
253	7
255	7
253	7
103	7
1	4
32	4
1	7
187	5
1	3
67	4
204	7
142	4
255	4
1	3
180	7
1	4
1	4
197	4
162	4
1	5
255	7
254	3
100	7
1	4
256	5
253	7
1	4
254	4
1	4
255	3
1	7
1	7
1	4
1	4
228	4
1	3
1	4
1	3
19	2
254	7
9	7
240	4
1	7
2	4
58	4
1	7
203	2
208	4
18	4
241	7
254	3
254	4
1	3
250	7
1	7
254	4
1	3
139	4
120	7
1	4
222	7
201	7
254	7
254	7
1	4
244	7
254	7
1	4
1	7
112	4
1	2
124	7
167	7
42	4
1	4
41	7
222	4
1	4
1	7
255	7
255	7
255	7
254	7
1	4
243	7
1	4
254	4
253	4
254	7
157	4
32	4
13	7
255	4
253	7
254	4
246	7
1	4
1	3
1	7
98	7
150	7
1	2
254	4
64	7
255	4
253	3
1	4
90	3
33	7
1	7
254	4
1	7
132	7
115	2
251	7
255	4
20	3
1	7
3	7
244	7
1	3
88	7
1	4
255	7
1	4
236	7
139	4
1	7
1	2
107	7
1	7
254	4
6	4
1	7
1	4
254	4
43	7
256	7
253	3
236	7
253	7
20	4
243	7
220	7
255	7
1	3
1	3
1	4
256	7
233	7
191	7
247	7
1	7
254	7
14	4
1	3
1	4
254	7
254	7
1	7
200	7
244	7
255	5
254	3
247	7
1	4
253	7
43	4
1	3
1	4
253	4
1	7
1	7
205	7
1	7
1	4
214	7
253	7
1	4
244	7
245	4
254	7
97	7
254	1
254	7
254	7
6	4
90	7
122	7
1	7
1	7
128	6
1	7
253	4
179	4
1	5
254	4
145	6
190	7
253	7
1	4
3	4
171	4
203	4
254	5
61	4
1	4
243	6
255	7
1	7
1	4
192	4
253	3
118	7
253	7
54	7
244	7
1	4
254	4
256	7
164	3
255	7
145	3
255	4
255	4
156	7
1	7
254	7
1	3
1	4
1	7
215	7
129	7
1	4
255	7
78	4
1	4
254	4
1	4
213	7
1	4
87	7
51	2
130	4
1	7
173	4
86	2
191	4
1	4
31	3
140	3
249	3
211	7
253	4
129	7
127	3
170	7
26	3
60	3
13	4
27	3
1	7
254	2
1	4
254	7
255	4
1	4
1	4
152	2
253	7
254	2
1	7
250	4
247	7
1	7
198	7
255	4
253	7
1	4
143	7
218	4
254	7
1	7
1	4
1	3
208	3
28	7
255	7
1	5
1	7
1	7
1	7
254	7
255	4
48	4
254	7
28	4
158	7
1	7
255	7
253	3
254	4
1	7
1	7
255	4
249	4
22	3
254	4
1	4
222	4
248	5
254	7
255	4
174	7
108	7
254	5
113	7
1	3
239	7
255	4
7	7
1	7
254	3
199	7
105	7
38	3
255	7
203	7
106	7
10	3
210	7
255	4
254	7
254	4
254	4
253	7
1	7
13	3
1	4
1	4
1	7
1	7
254	4
233	4
254	3
27	3
254	4
255	6
20	4
111	4
1	5
1	7
253	3
1	7
253	5
255	7
254	4
104	4
255	7
204	7
1	7
253	4
1	4
256	3
51	5
1	4
1	3
1	7
255	7
255	7
1	4
250	7
255	7
255	3
7	3
1	7
251	3
255	7
1	3
1	4
18	4
109	7
194	7
254	3
172	3
143	4
146	4
229	7
253	4
183	7
10	3
1	7
1	4
1	4
1	7
223	7
254	4
1	3
1	7
255	7
250	6
254	7
216	4
146	7
254	4
217	3
255	7
1	7
254	4
253	7
174	7
191	4
1	4
208	7
1	7
254	7
122	2
107	4
143	7
136	4
130	5
1	7
254	4
255	4
241	7
255	7
143	7
253	7
1	7
254	4
51	4
1	7
1	3
219	4
254	7
1	7
1	4
145	4
1	7
250	4
253	2
254	7
1	4
254	4
120	7
34	4
254	6
111	7
254	4
13	7
105	4
250	7
241	4
254	7
1	7
256	4
222	4
1	4
255	7
201	7
171	4
17	7
226	4
26	3
250	7
1	7
1	7
222	7
15	7
1	7
253	4
152	7
1	7
227	4
239	7
254	7
1	3
1	4
1	7
255	3
253	4
255	7
20	4
44	4
24	7
253	7
168	7
54	4
1	4
255	7
13	7
250	7
254	7
254	3
256	7
5	4
133	7
1	4
242	7
1	3
254	3
256	7
240	7
1	7
177	4
254	7
95	4
220	4
41	7
215	6
203	7
2	4
254	7
65	4
231	7
253	7
127	7
1	3
255	5
1	7
216	7
255	7
206	5
255	4
256	7
158	3
1	4
1	7
254	4
254	7
1	7
254	4
1	7
1	7
254	6
1	4
239	4
218	3
255	7
254	7
255	7
15	7
192	3
1	3
1	2
254	6
1	4
3	3
254	4
107	7
254	7
1	2
185	4
256	7
46	7
1	7
1	4
201	7
57	7
1	4
109	4
185	7
1	3
51	7
235	5
1	7
1	4
248	7
256	3
1	7
254	4
256	3
256	4
165	7
255	4
225	7
122	2
1	4
1	4
1	7
77	5
254	5
1	7
95	2
76	4
1	4
1	4
1	7
1	7
254	7
1	4
48	7
1	7
1	7
1	3
255	4
1	2
75	3
256	7
255	7
160	4
255	7
121	7
1	7
238	4
254	7
255	7
256	7
48	4
253	3
187	4
224	2
1	5
254	3
1	7
255	4
254	7
22	3
65	3
1	3
1	7
254	4
253	7
107	7
255	7
1	5
1	7
234	4
253	7
187	4
22	4
1	3
1	4
118	7
121	4
1	7
251	4
255	2
233	3
1	4
255	7
1	4
1	7
253	7
64	4
182	4
16	7
129	3
1	7
9	7
1	3
50	3
18	7
256	7
1	7
255	4
256	7
1	7
252	4
255	7
255	3
1	7
253	7
160	4
19	7
254	7
142	4
207	4
136	7
146	4
255	4
253	4
118	7
228	4
1	7
1	4
47	4
1	3
1	7
255	7
248	3
254	2
253	7
235	3
1	2
254	4
1	7
249	7
254	7
1	3
52	7
1	7
255	7
256	3
58	4
254	7
1	4
1	4
109	4
255	7
1	4
255	3
253	4
201	7
1	7
67	7
254	4
1	4
223	7
254	7
1	7
254	7
149	7
255	7
256	4
254	4
1	4
133	7
224	3
106	7
254	3
129	4
241	4
1	7
231	7
254	7
125	7
147	4
67	7
252	7
1	4
256	4
85	7
254	4
1	4
1	7
248	4
1	3
158	4
1	4
154	4
234	7
141	7
254	7
76	7
255	4
86	7
65	7
254	4
50	7
1	7
254	7
1	7
1	7
117	7
108	2
244	7
219	7
253	7
256	6
73	4
253	7
253	4
1	4
256	4
48	4
254	4
1	4
23	7
1	4
254	7
116	7
135	7
94	4
36	3
196	4
1	4
1	7
255	7
1	7
167	7
1	7
1	3
250	7
1	4
1	4
253	7
237	6
1	7
1	7
23	4
254	7
22	7
250	7
254	7
10	4
103	7
148	3
139	4
1	4
1	7
255	7
39	4
129	7
1	5
254	3
1	4
254	4
254	5
1	7
1	7
254	3
169	7
1	4
237	4
1	3
255	7
162	7
255	7
1	7
130	3
1	7
80	4
1	5
253	7
1	4
256	3
1	4
1	3
1	7
193	7
1	7
39	3
254	7
254	7
1	7
1	4
1	4
17	7
1	7
1	7
1	7
1	7
254	7
1	7
27	4
1	7
1	3
255	7
5	4
1	3
254	5
1	7
72	7
255	7
193	7
240	4
255	7
227	7
254	7
253	5
1	7
1	7
253	7
255	7
202	7
1	7
1	4
253	4
254	3
1	7
76	7
17	2
62	7
1	3
254	7
254	3
254	3
73	3
29	4
255	3
65	2
1	4
29	7
254	3
1	7
22	4
51	3
1	4
192	7
254	7
1	7
255	5
1	4
69	4
255	2
254	7
1	4
1	7
163	5
38	3
254	2
1	2
1	3
1	4
181	7
254	4
1	3
1	3
252	4
254	5
1	4
252	7
165	4
224	4
254	4
1	7
255	3
255	3
253	7
37	5
1	4
70	4
1	7
1	2
96	7
146	7
35	7
1	3
255	7
255	7
254	3
1	4
1	4
50	4
111	4
15	7
255	7
19	3
241	7
103	3
254	7
185	4
1	4
1	3
121	3
254	4
254	7
169	4
162	4
1	4
1	7
95	3
218	3
254	3
256	7
12	6
1	7
1	7
1	4
256	4
254	3
1	4
1	7
208	7
152	2
181	4
255	7
196	7
254	7
256	7
255	7
1	7
199	2
255	7
253	7
255	4
255	4
10	7
1	3
1	3
1	2
1	7
1	4
255	7
183	7
254	6
164	3
256	7
218	3
20	7
191	7
87	7
1	4
254	7
253	7
255	7
1	7
255	7
254	4
254	4
1	4
255	7
249	7
1	4
214	7
1	7
254	3
253	7
1	7
254	4
162	7
222	4
254	7
1	4
254	3
1	3
227	2
51	4
1	7
256	4
50	4
1	5
74	7
254	7
1	7
1	4
171	5
1	2
253	7
145	4
1	4
93	7
130	3
1	7
204	7
1	7
160	7
1	7
254	7
1	6
1	4
6	4
224	4
168	4
253	4
208	7
1	7
207	7
25	7
254	7
254	7
1	7
1	7
80	7
246	4
1	7
91	7
25	7
1	4
232	7
81	7
219	3
254	3
255	4
1	7
1	3
217	4
1	4
1	7
1	7
255	7
256	7
152	4
256	4
105	4
213	3
10	7
255	4
166	7
1	4
1	3
1	3
255	7
235	4
1	4
253	4
254	4
227	3
253	7
254	4
33	3
1	3
1	2
207	4
254	4
253	7
254	7
94	3
48	3
255	3
37	4
248	3
1	5
253	3
1	4
1	3
255	7
255	7
146	3
59	7
1	4
1	7
1	7
255	7
253	4
220	7
1	7
254	7
219	4
255	7
241	4
253	4
251	7
252	2
254	7
254	3
1	7
1	7
189	4
1	2
1	3
177	4
1	4
16	7
254	6
1	6
254	6
255	4
1	4
255	7
1	4
1	7
1	3
204	7
1	3
161	4
1	7
16	4
6	7
246	2
1	4
1	4
1	4
1	4
20	3
1	7
250	4
254	4
253	4
172	4
254	3
161	3
208	7
52	4
1	4
252	4
1	4
1	7
253	4
253	7
88	4
255	7
30	4
1	7
1	7
190	3
255	7
254	4
254	7
1	7
1	4
1	4
1	4
1	4
38	2
1	3
1	7
1	7
1	7
255	2
139	3
235	7
255	4
255	7
225	4
1	7
250	4
177	7
252	4
232	7
62	4
255	3
1	3
254	3
1	3
252	7
1	3
255	3
254	7
59	3
1	4
254	3
1	4
82	7
254	4
1	7
254	4
255	7
187	7
1	7
255	7
1	4
219	4
248	7
65	7
1	3
1	3
1	7
1	4
29	4
69	3
1	7
254	7
254	7
254	7
1	7
1	7
251	7
7	7
1	7
182	4
254	4
202	4
1	7
137	4
1	7
1	7
222	2
1	7
205	3
1	6
1	7
247	7
256	4
195	4
241	7
254	7
1	4
1	7
104	3
1	4
1	4
225	2
242	7
92	7
1	4
1	7
255	5
255	4
141	4
254	5
75	7
255	4
256	4
255	7
255	7
255	4
1	3
1	3
186	4
254	7
255	7
1	7
95	4
117	4
255	7
1	7
133	7
248	7
255	2
254	4
58	7
245	3
32	4
1	7
1	4
255	2
177	4
1	4
1	3
255	4
152	4
103	7
54	4
50	4
1	7
254	3
253	7
1	7
1	3
34	4
83	4
1	3
113	7
1	7
256	7
254	7
1	7
47	7
1	4
1	3
253	7
163	7
255	4
254	4
33	3
253	7
226	7
108	6
233	4
1	7
251	3
255	7
216	7
63	4
201	3
124	7
254	4
1	7
255	4
237	7
255	4
1	4
255	7
1	3
1	4
254	4
1	7
1	7
252	7
142	4
255	6
1	4
256	4
216	7
254	7
1	1
131	6
1	4
255	7
1	7
60	4
115	7
1	3
110	4
25	3
30	4
253	7
221	7
255	4
175	7
221	4
79	7
1	4
206	7
1	7
1	3
254	4
255	4
253	6
255	5
254	4
1	3
256	4
166	3
159	7
3	4
3	7
12	5
133	3
111	3
254	4
255	7
119	7
1	7
255	7
129	4
10	7
1	4
254	2
252	4
1	4
1	7
72	3
130	7
59	4
255	7
1	3
65	4
255	7
1	4
246	7
255	3
1	7
53	4
1	4
217	4
251	4
1	7
207	3
1	7
1	7
38	4
255	7
144	7
135	4
251	7
254	7
1	3
1	3
247	7
1	4
1	4
255	4
254	7
1	4
1	6
210	3
1	7
1	4
255	6
255	4
214	7
254	3
1	4
147	4
1	4
237	7
29	7
1	3
254	7
251	7
254	7
76	4
254	3
136	4
1	3
24	4
254	7
181	7
253	4
253	3
256	2
234	4
17	7
235	3
1	4
254	4
1	4
229	7
254	4
254	4
1	4
239	7
1	3
250	4
255	3
69	7
186	7
222	7
1	7
254	4
254	4
146	7
254	7
1	7
1	7
170	7
1	5
1	7
119	4
255	4
1	7
123	7
1	3
255	4
1	4
256	7
234	7
254	7
256	7
1	7
254	4
156	7
1	7
136	7
254	3
78	7
1	7
1	7
1	4
56	7
1	4
1	7
1	3
1	4
108	2
116	3
113	7
242	4
254	4
1	7
256	4
205	7
104	3
1	7
53	2
255	7
234	7
1	3
1	4
136	5
1	6
250	3
1	4
1	7
86	4
254	7
1	4
64	7
1	7
1	3
255	7
237	5
32	5
253	7
254	7
224	2
241	4
1	7
1	4
1	7
1	7
1	7
123	3
104	7
1	4
42	7
238	7
1	7
254	4
1	7
57	7
113	7
232	4
1	7
28	7
52	7
249	7
226	7
1	3
1	4
255	3
218	3
254	7
1	4
29	7
1	4
149	5
180	7
204	7
87	3
244	4
227	7
9	7
1	7
253	7
237	4
223	7
1	7
1	7
1	5
152	7
55	3
255	7
20	7
87	4
256	7
213	7
1	7
255	7
33	7
1	4
1	4
1	7
103	7
189	7
1	7
71	6
204	4
1	2
255	7
255	4
254	3
1	4
1	2
1	7
254	4
1	7
1	7
1	4
235	4
109	5
1	4
1	7
252	3
255	6
1	7
9	7
235	4
103	4
215	3
254	2
1	3
1	7
255	6
1	7
1	5
249	3
96	7
1	5
1	7
1	4
1	2
141	7
254	7
1	4
254	4
184	7
1	7
36	7
238	7
25	7
215	4
253	7
1	7
163	7
254	3
255	7
1	4
1	7
255	7
253	7
254	4
254	3
253	7
1	4
254	4
254	3
179	7
255	7
99	4
1	5
243	7
1	3
254	7
253	7
30	4
27	2
1	7
148	7
38	5
252	4
254	7
185	7
252	7
1	4
204	5
1	7
256	4
1	4
1	7
167	3
223	3
45	4
5	7
194	6
1	4
1	7
1	7
1	3
1	7
256	2
215	7
1	4
153	7
177	7
130	6
254	4
1	7
254	4
220	4
1	7
254	7
1	3
1	4
222	7
1	7
254	4
27	2
1	7
1	4
1	7
1	7
253	6
234	7
1	7
1	7
1	7
96	7
254	7
254	7
255	4
192	3
254	4
157	4
1	7
170	4
254	4
108	7
21	7
15	7
1	2
249	7
247	4
212	7
255	7
1	4
1	4
169	3
83	5
253	7
1	5
254	5
253	7
147	7
1	4
1	7
1	4
1	7
116	4
254	3
254	4
69	4
246	7
1	7
254	4
254	3
1	4
228	4
255	4
87	3
1	3
118	6
1	7
60	7
254	7
156	4
33	3
254	7
1	3
254	4
1	7
192	4
256	7
140	3
253	4
33	7
176	4
254	7
254	4
253	3
1	4
125	7
1	7
254	4
218	7
1	3
254	4
237	7
99	4
254	3
256	4
1	7
71	7
254	7
174	7
10	7
255	7
254	7
1	4
254	6
254	7
150	4
1	4
1	7
1	7
256	7
192	4
190	4
1	7
256	2
1	7
162	7
158	3
253	4
50	7
117	4
165	4
245	4
32	4
1	1
180	4
78	7
129	3
256	5
1	6
255	4
255	6
1	7
249	6
254	7
1	7
1	7
165	7
254	7
1	3
254	7
1	7
188	4
1	7
1	3
253	4
79	7
153	4
181	7
165	7
227	7
92	4
110	4
1	4
65	4
254	7
180	7
253	7
250	7
41	5
1	7
1	4
89	2
1	4
1	4
254	4
254	7
188	4
1	2
203	4
254	4
253	5
153	7
1	7
1	4
53	5
1	4
92	5
254	4
1	4
254	7
1	5
254	3
1	4
204	4
242	3
251	4
1	3
23	3
256	3
255	4
194	4
84	5
253	7
254	3
253	3
112	4
20	7
1	4
180	7
1	4
1	4
254	4
254	4
234	3
255	7
1	4
1	4
127	7
255	7
1	7
254	4
256	3
254	7
191	4
1	3
247	4
228	4
1	6
1	3
61	7
174	7
132	7
256	4
253	7
1	3
255	7
160	7
1	3
1	7
251	3
255	7
253	3
1	4
1	4
1	7
253	4
1	2
255	4
159	4
214	4
4	3
254	4
255	3
53	4
1	6
256	4
1	7
175	7
250	7
255	7
135	4
1	4
248	3
1	4
105	3
254	4
131	4
255	7
254	7
234	3
1	5
1	7
79	4
244	4
1	7
172	4
184	4
82	3
253	4
1	7
186	4
1	4
251	4
255	3
254	7
1	4
1	7
254	7
1	4
1	7
253	7
76	4
254	4
65	7
77	3
1	4
40	4
1	7
1	4
256	7
1	7
251	4
254	7
254	4
130	7
1	4
126	3
37	7
82	7
253	4
202	3
3	7
1	4
30	7
255	7
1	3
130	4
254	7
241	7
255	2
1	4
6	7
202	4
248	7
1	4
253	7
1	4
1	4
158	7
4	7
254	4
1	7
254	4
28	7
1	4
254	4
254	7
1	4
1	2
242	7
1	3
1	7
26	7
1	7
54	7
1	7
254	5
254	7
256	4
168	4
253	7
228	3
1	3
1	4
1	4
1	7
9	7
253	4
254	4
176	3
1	4
256	3
256	7
214	7
1	4
95	7
23	7
32	4
1	7
83	7
185	7
66	7
253	7
253	5
1	4
121	7
253	7
254	4
254	4
254	7
28	3
1	7
138	7
252	4
129	7
248	4
229	7
1	7
255	4
254	7
237	4
253	7
1	4
245	7
1	7
1	4
1	7
26	4
1	7
1	3
69	7
111	4
1	7
256	7
254	4
254	4
1	7
255	4
153	7
48	3
1	4
256	7
253	4
130	4
250	4
254	4
187	4
243	4
252	3
1	7
1	4
44	5
1	7
1	4
83	4
188	3
248	7
254	4
255	7
255	4
120	4
246	4
1	2
1	7
1	4
1	4
1	7
1	3
214	4
1	3
254	7
1	4
238	3
144	7
7	4
139	7
255	4
253	4
132	4
1	5
70	7
21	3
17	4
255	4
235	7
203	7
221	5
1	4
255	4
1	3
254	4
1	7
1	4
249	4
255	4
1	7
196	7
254	4
255	7
254	3
1	3
1	7
256	3
1	7
254	4
189	5
1	7
28	6
1	3
1	5
1	7
1	4
253	4
1	3
1	7
1	4
254	7
65	4
211	7
1	4
156	4
1	7
254	3
1	7
56	4
1	2
253	4
1	7
1	4
1	7
210	3
1	7
1	4
165	3
206	7
1	7
200	7
90	7
1	4
253	7
1	7
253	4
231	4
1	4
1	4
1	5
255	3
1	7
254	7
256	7
254	2
10	3
256	7
1	7
252	3
1	7
1	7
1	4
22	4
253	4
253	7
22	4
92	3
255	4
249	7
254	7
254	3
1	7
217	6
1	7
254	4
253	7
254	4
1	3
14	7
1	7
1	4
255	4
255	4
255	4
1	3
218	7
223	7
205	7
1	7
1	7
200	7
121	4
255	4
242	7
1	4
1	7
87	7
254	4
256	5
1	7
55	7
36	7
254	4
251	4
1	2
254	4
254	5
224	7
93	3
32	7
72	4
255	7
254	7
251	4
254	7
36	7
18	7
209	4
207	7
1	7
1	4
79	4
25	7
4	7
1	5
223	7
32	7
33	3
1	7
1	7
255	7
252	7
1	3
166	4
9	4
1	7
226	7
1	7
254	4
198	3
255	4
1	4
9	4
1	4
254	4
254	7
1	7
112	4
205	4
134	7
126	4
254	4
175	3
227	7
1	3
8	4
254	4
39	7
253	6
1	7
254	7
253	7
213	7
254	4
32	3
1	4
1	7
1	7
254	4
1	7
103	7
1	3
254	7
255	7
255	4
28	3
98	7
1	7
1	7
119	7
253	7
251	7
158	3
1	4
22	7
1	4
196	5
49	4
254	4
255	7
1	3
1	7
184	7
1	4
1	4
243	4
1	5
1	7
253	3
1	4
1	7
253	7
42	4
129	7
1	4
65	7
1	3
85	4
1	4
1	3
1	4
79	7
254	7
256	4
116	7
245	4
253	7
254	7
1	7
1	7
102	7
1	4
254	3
254	7
61	7
254	3
253	7
1	4
254	7
254	4
99	7
156	4
254	7
254	2
74	3
1	4
1	3
172	4
1	3
254	4
46	4
103	7
1	5
131	7
254	5
254	3
253	7
191	4
221	3
1	7
255	4
208	3
256	3
254	7
1	7
72	7
1	7
1	7
1	7
242	7
1	4
1	7
1	4
1	3
254	4
256	4
97	4
52	7
1	7
253	7
55	4
1	7
246	7
1	4
1	7
225	7
1	4
255	7
1	7
254	3
203	7
231	3
255	7
1	6
178	3
254	7
18	7
255	7
209	4
129	7
3	4
1	7
256	4
239	3
1	7
246	7
255	7
51	2
255	3
187	4
231	5
1	3
1	7
254	7
253	7
256	7
1	7
1	4
62	3
1	3
1	3
254	7
1	7
115	7
256	7
1	4
1	3
1	3
254	7
228	7
253	7
221	7
1	7
30	7
1	7
12	7
1	4
254	7
254	4
53	4
1	7
130	7
129	5
167	3
1	4
254	4
1	4
253	4
1	7
60	3
1	4
1	7
253	7
1	7
43	7
203	6
1	7
99	7
254	4
1	4
1	7
82	5
255	7
255	7
193	7
201	7
1	7
234	3
40	4
254	7
254	4
256	7
1	4
254	4
255	7
255	7
47	7
1	4
25	4
254	7
172	4
1	7
214	7
1	7
69	3
98	7
254	4
1	3
86	4
195	7
178	2
234	2
254	4
1	7
70	4
1	7
1	7
43	4
254	7
1	7
1	3
24	4
1	7
1	7
255	3
1	4
1	7
240	4
179	3
1	7
242	4
205	7
14	4
254	7
254	7
254	5
69	3
252	7
253	3
1	3
1	7
1	3
85	7
253	4
254	7
1	7
254	7
13	7
254	4
253	7
254	3
217	4
81	4
1	7
254	4
58	7
256	7
254	7
1	7
1	3
87	7
254	7
28	4
255	4
210	3
249	3
250	4
253	7
1	4
255	7
130	5
254	3
1	7
255	7
252	7
142	4
256	4
1	4
12	7
134	7
1	4
254	7
256	4
126	3
256	3
253	7
23	7
226	7
191	4
45	7
137	7
255	2
255	4
1	3
1	7
163	3
51	3
36	7
1	3
1	4
153	4
30	7
200	3
1	7
1	7
253	7
1	7
232	7
1	7
1	7
1	7
253	3
255	3
1	7
174	7
255	4
199	4
1	3
254	4
255	5
1	4
1	4
255	7
254	4
254	3
1	4
106	7
1	3
254	2
129	4
37	4
1	3
253	3
1	5
253	7
241	4
1	5
1	4
1	7
16	3
255	3
151	4
245	7
1	3
1	7
1	7
1	7
215	3
192	7
1	4
52	3
6	2
77	7
209	4
99	7
1	7
1	7
245	3
235	7
63	3
1	3
1	3
246	7
1	7
255	5
256	7
254	7
121	4
1	4
255	3
253	4
1	7
255	4
1	4
1	7
1	7
7	3
41	7
41	7
166	7
1	4
177	3
204	3
253	7
1	3
1	4
253	4
1	4
33	7
1	4
9	7
252	4
1	4
253	7
1	7
1	4
255	4
1	4
153	7
254	4
1	7
254	2
253	5
1	5
103	7
247	4
229	7
39	7
254	7
254	4
1	4
34	7
223	7
255	4
245	4
237	4
45	7
131	7
256	4
254	7
1	3
254	4
238	7
255	7
72	7
1	7
211	4
254	7
254	2
256	4
166	2
221	4
17	4
211	3
52	7
187	4
255	4
1	3
234	7
254	4
1	4
255	3
1	4
1	5
1	2
85	3
129	3
173	4
1	4
9	3
21	7
248	7
1	4
1	7
239	7
256	7
10	4
1	4
253	3
5	7
254	7
1	7
1	7
1	7
1	5
1	4
255	6
153	7
1	4
1	7
1	3
252	7
1	4
254	3
254	3
1	4
1	7
153	4
125	7
1	7
1	7
254	3
131	4
41	4
1	3
16	3
195	4
158	7
118	7
16	3
254	7
1	4
129	4
255	7
254	4
198	4
224	6
11	7
255	7
1	2
254	4
255	3
1	7
256	2
254	4
1	4
1	4
1	3
255	2
1	7
42	4
231	4
252	4
155	7
1	4
255	4
1	3
227	4
1	7
250	7
1	4
255	3
1	2
255	4
1	2
134	4
255	7
184	4
1	4
6	4
9	7
1	3
256	7
256	3
107	7
254	7
82	7
252	7
157	4
55	4
255	4
1	4
1	6
255	4
1	4
1	7
254	7
1	4
1	4
255	7
254	7
254	3
6	4
1	5
128	7
1	7
255	2
1	4
1	3
239	4
13	4
244	7
1	7
86	7
254	4
1	3
1	4
255	7
256	3
232	6
1	7
60	7
254	3
218	7
1	7
256	7
46	4
83	4
235	4
255	7
148	7
255	7
53	4
4	7
138	5
1	7
212	7
180	3
254	7
208	7
1	7
255	7
254	7
253	7
2	4
254	7
1	7
61	2
254	6
181	4
228	4
1	4
130	4
255	4
1	4
29	7
254	4
254	7
16	4
256	7
69	4
253	7
204	7
142	7
234	7
6	7
1	7
253	4
1	2
246	4
231	4
254	3
253	7
251	7
254	4
6	4
18	3
147	4
39	7
1	7
1	4
254	7
52	4
255	4
143	7
144	4
253	7
255	4
1	4
109	7
234	4
1	3
1	7
6	4
1	7
1	4
1	7
1	4
254	3
34	7
255	7
254	3
1	3
11	7
1	3
255	7
219	7
254	6
1	7
67	7
1	4
191	4
253	4
13	3
110	4
254	4
1	4
254	4
1	7
255	7
253	4
1	7
255	4
113	4
254	4
254	4
193	4
256	4
255	5
150	7
14	7
253	7
2	7
253	3
255	4
254	3
255	7
1	4
253	7
1	7
221	4
255	4
254	3
30	7
75	4
1	5
186	3
231	7
1	7
1	7
254	3
222	3
1	5
255	7
1	4
1	7
1	7
1	7
72	7
254	4
9	4
245	7
254	4
253	7
3	7
1	4
178	7
1	4
1	7
1	4
1	7
238	4
255	3
169	4
255	7
254	7
1	4
86	3
1	7
256	4
16	3
253	4
222	2
254	7
162	4
1	3
1	4
229	7
1	4
1	7
1	7
4	7
1	7
50	4
1	4
254	7
1	7
1	4
254	4
1	7
1	7
49	4
1	3
150	4
171	4
194	7
255	7
189	4
255	7
1	7
254	7
255	4
254	7
1	7
1	4
204	4
254	4
1	7
171	4
50	7
255	2
1	7
6	2
1	7
1	3
63	7
1	4
252	3
1	7
129	7
1	7
1	4
254	7
254	7
1	5
1	4
253	5
253	3
122	3
1	7
256	3
254	4
1	4
162	4
119	3
254	7
132	3
253	7
14	7
253	7
254	3
1	4
254	4
1	7
1	5
195	3
1	3
1	3
254	7
256	3
254	7
1	4
1	6
1	7
202	7
98	7
1	4
1	3
175	4
1	7
1	7
1	7
256	7
255	3
1	7
254	7
254	4
256	7
1	7
254	5
213	7
103	7
254	4
1	3
197	7
178	4
255	4
223	7
1	7
196	4
125	7
186	4
171	7
131	7
255	7
1	7
1	7
129	4
1	4
1	4
254	7
256	7
256	5
1	5
253	7
254	3
255	7
254	7
178	4
227	4
1	7
255	7
1	4
85	2
1	7
253	7
95	7
1	7
254	4
5	3
1	4
227	3
1	7
1	7
131	7
254	3
16	7
195	7
224	7
254	2
1	7
226	7
192	3
117	4
169	7
254	3
1	7
255	3
1	4
1	4
1	3
129	7
254	4
254	4
51	4
12	7
1	7
192	4
254	4
28	5
1	4
1	7
1	4
245	3
254	7
244	7
1	2
203	7
253	4
1	4
254	7
217	7
231	7
1	7
1	4
241	4
7	4
256	4
246	7
86	4
252	4
254	7
255	7
256	4
233	7
255	4
1	7
255	7
254	7
117	7
217	7
1	7
255	3
254	3
254	4
9	7
252	4
1	7
254	6
10	4
1	3
223	4
256	7
1	7
1	3
4	3
255	5
134	4
1	7
30	4
250	7
62	4
124	7
254	4
1	4
1	7
1	7
114	7
253	4
254	7
1	4
24	4
1	4
252	7
1	7
254	7
1	7
136	7
253	3
68	7
1	4
253	7
254	4
160	7
192	4
1	4
199	7
9	4
117	3
210	4
16	3
121	7
1	4
254	7
243	7
255	7
27	2
211	3
111	3
145	7
1	7
253	3
1	3
12	7
243	3
1	4
1	3
253	7
38	7
217	5
256	4
1	7
1	7
127	7
255	7
26	7
1	7
254	4
203	7
237	3
130	3
1	3
1	3
90	3
255	7
250	4
249	3
194	4
254	3
110	4
189	4
1	7
256	7
254	3
1	3
182	4
1	7
6	7
5	7
253	4
1	7
254	7
1	4
159	4
117	7
7	7
253	7
255	4
1	7
253	4
1	7
254	4
255	7
230	4
29	5
255	4
62	4
1	4
256	3
216	7
22	7
15	4
115	7
254	7
53	2
255	6
1	3
72	4
1	4
158	4
135	4
44	2
1	7
123	3
255	7
1	3
224	4
254	3
238	4
1	7
254	7
253	7
153	4
251	7
254	7
255	3
156	7
254	4
253	4
1	7
254	3
200	4
208	4
1	7
17	4
255	7
253	3
61	3
254	4
1	4
251	4
1	4
1	7
253	7
254	7
253	3
3	4
187	7
74	4
191	2
100	7
255	4
254	7
234	7
1	7
254	4
254	4
253	7
1	7
102	4
1	4
1	7
254	4
254	4
256	3
141	4
251	3
236	4
254	3
255	7
238	7
1	7
104	3
235	7
139	4
254	4
151	3
1	7
154	7
1	4
1	2
1	3
253	7
255	7
214	7
254	7
255	3
220	4
1	7
250	4
1	3
254	4
1	4
1	7
254	4
1	5
1	4
256	7
254	2
254	7
105	7
1	4
1	7
254	2
253	4
1	3
1	7
256	3
206	3
29	7
194	2
254	3
1	4
1	7
246	4
236	6
254	4
83	7
1	3
178	4
176	4
1	4
1	7
1	4
255	2
1	7
1	4
255	7
254	7
1	7
254	7
1	4
255	7
254	7
254	2
1	4
1	4
1	4
80	4
253	7
254	4
255	3
254	5
254	4
92	3
254	4
1	7
1	7
127	7
252	7
1	4
184	4
256	3
40	4
248	7
218	7
1	4
255	4
54	7
1	5
1	4
118	7
151	2
1	4
1	4
194	7
93	3
1	7
254	7
254	4
1	4
1	6
1	7
1	7
254	4
161	4
58	5
1	7
254	7
83	7
244	7
1	7
255	7
26	4
1	7
254	5
254	7
1	4
47	7
255	4
252	4
1	4
247	7
254	4
58	2
133	7
154	4
256	7
1	7
256	4
1	4
71	7
99	4
144	7
256	7
254	4
1	4
255	4
254	7
1	4
1	4
180	2
102	7
242	4
246	4
14	7
254	4
1	5
253	3
1	7
254	4
1	7
21	7
212	4
126	4
255	7
255	4
129	7
1	5
1	4
66	4
105	7
1	4
215	3
233	7
11	7
1	3
1	4
1	7
254	7
254	4
234	3
143	4
1	7
250	7
255	7
38	3
1	7
136	4
128	4
1	7
254	4
254	7
254	7
1	4
253	7
253	7
1	4
1	7
1	3
1	3
1	4
1	7
223	7
1	4
255	4
1	3
250	7
254	7
254	7
256	7
253	7
1	3
1	7
1	3
253	4
255	4
252	4
1	4
251	7
162	7
1	7
33	7
63	7
1	4
254	4
1	7
1	7
1	4
236	4
48	7
248	4
254	7
233	4
1	4
178	4
1	4
255	3
84	4
255	3
1	7
255	7
1	7
254	4
254	7
1	3
126	7
1	4
185	7
1	7
255	7
14	7
192	7
256	4
39	4
256	7
238	7
1	4
1	7
254	3
69	7
152	7
254	4
33	7
228	7
254	7
1	4
1	4
1	7
56	4
255	4
138	4
1	7
1	7
1	7
1	4
86	7
192	7
255	7
65	7
253	4
1	7
1	4
1	7
50	7
1	7
153	7
250	4
254	7
1	7
184	4
254	7
238	6
255	3
254	4
1	7
254	7
254	2
239	7
1	4
1	7
254	2
100	7
1	4
1	7
254	7
1	7
255	7
1	7
228	7
253	7
21	3
33	4
155	4
74	2
255	7
253	4
216	7
202	5
1	7
255	7
96	7
101	3
167	7
247	7
254	4
254	4
255	4
1	7
1	4
230	7
159	7
19	7
1	4
1	7
255	4
58	7
255	7
1	7
254	7
238	3
188	3
238	3
1	7
1	7
155	7
1	4
239	4
94	7
1	7
1	7
254	3
1	4
1	7
241	4
247	3
81	3
1	4
256	3
255	5
136	4
171	7
1	7
1	7
1	5
1	4
255	4
254	2
253	7
35	7
232	7
79	7
254	7
254	7
256	4
129	4
254	7
254	2
253	7
36	4
1	3
216	3
254	4
175	7
1	4
161	3
1	7
216	4
116	3
83	7
211	4
1	3
230	7
254	7
253	7
253	7
255	7
249	7
254	3
7	7
255	4
1	4
124	4
214	7
86	3
246	4
252	4
20	3
1	4
84	7
222	7
34	4
254	7
254	7
5	7
253	7
18	7
61	7
10	7
240	7
1	4
255	3
1	7
87	4
207	4
158	4
46	7
1	4
255	4
255	6
161	3
253	4
231	4
255	5
254	7
206	2
114	4
1	4
1	4
253	6
255	4
222	7
4	7
253	4
1	4
254	4
149	7
254	3
252	3
253	6
255	7
197	4
1	4
1	7
15	5
1	4
1	3
1	7
1	7
1	4
255	4
1	3
86	3
16	3
1	4
1	7
125	4
254	7
224	7
242	7
250	4
256	7
1	5
1	4
1	7
58	3
1	3
1	4
60	7
254	3
1	4
1	4
13	7
1	7
1	4
256	4
255	4
227	7
254	4
253	7
1	7
255	3
254	3
254	3
253	4
161	5
1	4
1	3
32	7
132	4
1	7
12	7
1	3
105	7
254	7
183	7
254	3
41	4
1	4
255	4
202	4
1	7
1	4
194	6
212	7
188	4
1	7
82	4
65	4
255	7
1	7
253	7
232	2
254	4
1	4
175	4
1	2
30	4
1	5
1	4
10	7
1	7
1	7
1	4
255	7
254	2
1	7
1	3
87	4
163	5
256	4
254	3
255	7
1	4
221	5
1	2
1	7
14	7
1	7
83	4
254	7
47	4
1	4
1	7
1	7
1	5
143	4
254	3
255	4
108	2
163	3
87	7
96	4
255	7
220	5
1	7
255	4
254	4
161	3
1	7
1	4
1	4
256	4
1	4
5	4
251	7
256	4
1	7
1	4
1	7
254	7
18	4
1	3
1	3
199	3
1	5
1	3
70	3
1	3
85	7
254	4
103	3
1	3
206	4
255	2
1	4
117	3
119	7
1	7
1	3
254	4
29	3
250	3
255	4
1	3
254	3
1	7
163	4
254	4
243	7
7	4
254	4
1	7
253	7
44	4
198	7
220	3
1	4
1	7
1	7
255	7
254	4
51	6
1	7
254	5
253	7
256	7
1	5
1	7
255	7
40	7
1	4
212	2
255	4
170	7
246	3
226	7
114	7
255	3
1	7
254	4
1	3
1	4
1	4
2	7
256	7
1	4
158	7
1	7
1	4
255	7
1	3
1	7
255	7
1	7
1	4
12	5
254	2
253	7
94	3
1	3
1	5
1	7
1	3
1	2
1	4
255	4
1	4
1	4
1	7
1	7
254	7
255	7
256	7
95	4
1	7
71	4
59	4
65	5
193	7
234	7
1	4
129	5
253	7
253	4
1	7
1	5
1	4
186	3
1	4
45	3
1	7
235	7
10	7
1	7
197	4
1	7
149	4
152	4
1	2
144	4
3	7
1	3
1	7
40	7
1	6
255	4
1	4
255	4
254	4
1	7
1	7
252	4
247	7
219	4
133	7
255	3
214	7
254	4
256	7
254	3
216	3
227	4
238	7
1	2
1	4
255	7
255	7
227	4
254	7
256	4
1	7
219	7
31	5
1	7
228	2
108	7
255	3
256	7
1	3
13	4
254	4
255	7
1	4
1	7
146	4
177	7
1	4
56	7
1	3
1	4
255	4
179	4
1	4
1	7
1	4
254	3
255	5
253	7
1	4
142	4
1	7
254	3
178	2
1	4
1	7
215	7
107	7
1	7
254	4
142	7
256	4
1	3
1	3
254	4
255	7
1	3
1	7
254	7
226	7
253	4
163	7
254	4
256	7
43	7
226	4
114	3
1	3
218	7
52	4
224	3
1	7
1	7
10	5
254	7
143	7
228	4
14	7
1	5
1	7
1	5
207	7
1	7
121	7
193	4
1	4
255	7
159	7
232	4
109	7
120	7
144	7
1	7
192	7
159	4
152	7
1	7
97	7
42	4
254	4
152	7
1	4
237	3
103	4
1	7
190	5
254	7
1	4
247	5
2	7
227	7
1	4
57	4
1	4
1	3
65	4
1	4
254	7
1	3
255	4
216	7
211	7
1	7
14	3
245	4
253	4
142	3
1	5
1	3
256	7
90	7
255	7
256	4
253	7
255	7
1	7
169	7
1	3
186	2
1	4
253	7
81	4
165	4
231	3
255	3
255	7
1	7
254	4
1	7
242	4
254	4
215	7
1	7
254	7
1	7
1	3
1	4
1	7
253	7
14	7
1	7
234	4
1	4
1	4
145	6
1	3
254	7
254	4
39	4
82	4
1	2
1	4
85	7
254	3
124	7
8	4
115	7
255	3
254	4
236	7
254	4
1	4
1	3
1	7
1	7
256	7
164	3
253	3
254	7
1	7
1	4
254	4
129	7
226	7
1	7
1	7
97	3
1	1
209	4
116	7
222	5
156	7
1	4
115	7
3	4
16	7
1	7
252	7
1	3
255	4
254	7
240	7
1	5
27	7
253	7
254	3
1	4
113	4
46	7
115	7
1	3
36	7
254	4
255	3
1	4
1	7
1	4
78	4
77	7
1	3
1	3
1	7
1	4
255	7
241	4
253	2
155	7
254	4
1	7
192	4
1	7
255	4
1	4
254	7
1	7
89	4
8	4
255	7
256	4
23	4
254	3
256	7
147	7
156	2
205	7
46	7
1	4
22	4
255	7
171	7
1	6
95	7
1	7
1	7
1	2
1	7
1	7
1	4
8	7
254	4
254	7
75	7
1	7
1	3
1	3
252	4
98	7
1	2
255	3
254	3
230	7
220	3
1	4
29	7
1	7
1	7
1	4
1	7
86	7
1	4
1	4
177	4
254	4
123	4
1	7
12	7
19	7
172	7
255	4
48	7
245	4
1	4
255	3
253	4
72	7
1	7
39	2
1	7
65	7
221	3
1	2
1	7
255	7
255	7
194	3
255	7
1	7
255	7
170	3
254	4
246	7
138	7
83	7
1	5
1	7
1	5
1	7
256	7
1	7
1	3
56	4
254	7
255	2
20	7
1	7
103	7
206	7
1	4
254	6
252	7
32	4
1	4
1	7
201	4
164	7
12	7
46	4
1	7
250	4
254	4
253	4
1	3
1	7
146	3
256	4
252	7
254	4
254	4
253	7
223	4
254	7
1	4
1	7
254	7
1	4
253	7
237	4
1	4
1	4
1	4
1	7
231	2
178	7
1	7
1	7
103	4
1	7
1	3
254	4
206	2
1	7
117	7
1	7
1	3
1	7
35	7
1	2
254	4
174	4
1	7
255	7
12	4
1	4
1	7
221	7
225	7
254	4
58	3
1	4
253	7
1	7
158	4
1	7
1	7
1	4
253	5
254	4
1	4
1	7
85	7
255	7
254	4
184	7
1	5
253	3
1	2
1	7
1	7
215	4
1	4
51	3
1	4
254	3
254	4
253	4
139	3
1	7
76	7
1	7
1	7
1	7
1	3
13	7
1	7
1	7
208	4
254	3
239	7
253	7
1	4
204	7
145	7
1	4
144	7
255	7
117	4
88	4
216	6
241	7
8	4
255	2
1	7
255	7
256	7
229	3
144	3
1	4
1	7
1	7
244	4
1	2
1	3
179	3
61	7
1	7
1	7
1	7
183	7
254	3
1	2
199	7
1	3
51	4
1	4
254	7
254	7
24	7
16	7
223	3
104	7
255	4
256	4
254	7
1	7
255	4
60	4
48	7
1	7
1	4
159	7
146	7
233	3
1	7
1	5
63	5
1	7
248	7
1	7
1	4
1	4
185	4
159	3
254	4
254	7
225	4
129	7
1	7
254	4
247	7
253	7
1	4
256	7
255	7
1	7
6	3
1	4
256	3
251	4
155	4
254	4
53	5
204	7
254	4
1	4
1	2
254	2
255	4
209	7
254	7
1	7
1	4
110	3
160	2
254	4
1	7
48	4
1	3
254	7
1	7
32	5
30	6
216	4
193	4
110	7
129	3
1	3
30	7
194	7
33	7
78	4
132	7
253	7
256	4
254	4
231	7
1	2
1	4
1	4
14	4
201	7
1	4
236	7
1	4
1	7
256	3
253	7
7	7
67	7
81	4
254	4
256	7
254	4
1	7
253	4
255	4
254	7
1	4
109	3
206	4
254	4
88	7
1	7
80	7
1	4
1	7
256	7
46	3
231	4
210	7
149	4
255	7
1	4
256	7
5	7
1	7
253	7
255	4
71	7
1	7
255	4
254	2
1	4
1	3
234	7
254	7
213	7
1	4
1	4
1	4
1	7
254	4
235	4
16	4
100	7
145	7
252	7
113	7
89	7
251	4
254	7
110	7
256	7
1	7
254	4
1	3
183	7
254	4
1	3
254	4
254	3
10	4
56	7
253	4
1	4
23	7
22	7
1	7
254	7
151	4
62	7
1	4
255	7
254	4
18	4
1	3
254	7
253	4
255	4
256	7
107	7
1	3
204	7
48	7
1	4
12	7
1	4
1	4
235	3
33	7
1	7
1	3
1	7
119	3
129	7
254	7
256	3
43	4
1	7
1	3
254	7
52	4
1	4
1	7
1	4
254	4
29	3
1	4
1	3
254	3
1	3
8	7
1	7
1	3
138	4
255	7
193	4
254	7
235	7
1	4
254	7
1	7
1	7
1	7
174	4
102	5
254	4
1	7
1	3
253	4
142	7
256	7
1	7
254	4
58	3
89	7
30	7
45	7
256	4
254	3
1	4
256	7
3	7
1	7
1	7
255	3
1	3
253	3
234	4
254	4
23	4
254	5
253	3
254	2
134	3
1	7
255	4
169	7
1	7
82	7
1	7
1	4
1	4
1	7
1	3
1	5
244	7
1	2
