2902	5969
1690	6712
1434	5548
6219	6207
1641	5592
5935	5692
2795	6051
7358	7133
6404	6920
7338	5995
2046	6543
2825	5913
6653	7013
1975	5247
1545	6326
1674	5236
1977	5192
1902	7173
4870	7606
5237	4398
3667	7783
1403	5703
1513	4745
1658	4644
1972	5209
5565	6853
2423	6896
7454	6484
1547	5119
5655	6129
2627	6199
2016	5796
1917	6677
2059	6394
1629	4961
1283	2727
1647	5679
2862	3784
6623	7623
2577	5881
3043	8981
2745	4743
1901	5158
7126	6436
6447	6474
1939	5069
846	6207
1768	3553
5596	6585
3633	5951
1889	6469
2162	6031
2742	5256
1665	4907
3058	6000
6072	7347
3519	7363
7422	6962
6525	5348
1895	5476
6779	7965
2872	6618
1839	6749
6136	7281
2179	5557
5914	7475
7537	6391
6176	7315
974	4675
2440	5086
4634	7959
1651	4736
1315	6453
6345	5552
1069	5415
2256	3888
2061	4894
1297	5410
7421	6009
6306	7993
7770	6753
1143	4613
7474	7604
2270	7085
2149	5515
2801	5845
1998	2610
2971	7699
6939	6861
7698	5944
5651	7629
5606	7090
2414	5164
6088	6991
6986	6336
7118	6810
7264	6096
2265	5430
5836	8380
2112	2533
2911	4016
1726	2352
6935	4450
1859	6122
2183	5073
3004	8122
2324	5315
1778	5511
1872	4731
1578	5330
1407	3219
1492	4836
3379	2111
8063	6466
1912	6379
3384	6598
0	7255
1868	5845
2017	3785
1620	6111
2411	5946
2278	3983
7798	8029
3519	9010
6130	7760
673	5005
4921	1385
1959	5913
1808	4873
3079	6003
3269	6473
2525	3899
2572	6359
7219	7680
2880	5525
6470	7042
1858	6232
5558	5962
1159	5903
1339	6158
2092	5241
2668	6283
2508	1618
1598	4402
1663	7742
1773	4990
1854	6301
2547	4514
5081	4792
5091	8119
5645	7803
4785	5068
5076	9999
2374	7218
1985	5178
3496	3088
1937	5443
2568	5846
1614	4146
1615	5580
522	6774
1758	5879
1622	4554
7591	7029
1517	4539
3147	7876
1922	6580
1481	9733
2626	5894
2277	4878
1794	4464
4076	6137
1917	5806
1836	4009
2274	4591
1834	485
6218	7853
2743	7417
1564	4813
2178	5190
2631	5728
2146	5893
6366	8832
6861	7477
1342	5870
1753	5319
2009	4949
2011	5971
1631	5437
3868	5987
4231	8143
2010	6371
1978	5933
5712	5999
1867	5237
6721	7664
1598	6440
2000	6060
2086	5552
2300	7434
1661	5545
2274	4592
7373	6006
1700	5238
6929	6875
1497	4894
1319	5735
1580	4402
1933	6360
7222	7429
2096	5066
6976	7371
2114	5476
2376	5148
1344	5804
1740	5825
7052	7010
1602	4907
6970	7611
1589	4834
2191	6378
1306	6746
1854	6394
2505	5245
1747	6274
5721	6402
1876	6257
2192	3022
1091	1567
1517	6172
2101	5357
3566	8022
2379	5352
1663	4974
6738	5929
1900	118
1250	5273
6367	6955
1944	6175
2260	5450
913	5306
1806	5483
6323	7798
1814	5899
5330	6290
1526	5288
4600	6102
1606	3048
7564	7444
3598	6931
2248	6388
1994	5162
2049	5191
1391	5576
7013	7310
2272	5527
4413	5964
3389	6354
2235	6326
3918	7682
2790	8328
1737	5569
1584	4628
7079	6979
2346	5935
1318	4877
6130	5818
2054	6111
3798	5011
1567	6116
2001	5251
1024	5999
4353	8288
2425	8097
9086	6124
2954	5746
7529	6595
2040	3872
6904	6802
1950	5588
1539	5348
2072	5955
2389	6894
2560	4611
1791	5933
4929	2574
2060	5995
2572	5931
1693	4877
1695	4836
2588	5446
3536	7535
2338	4574
1762	5053
2063	6326
5914	7058
1773	5982
1765	4606
2053	5693
2187	5661
1335	5592
2630	6722
2674	2977
2051	6130
2241	5522
5778	6534
7138	6562
1297	6589
2146	5521
1946	3237
2332	5298
1792	4851
1823	6066
4581	6194
3123	4908
2184	6263
1898	7005
1939	5576
1530	6423
5021	6989
2797	4963
3948	6917
2063	4531
7346	7626
3694	6235
2130	5130
2358	5712
2651	5024
6714	7029
1839	5938
2280	6088
2124	4912
1261	5799
1809	5668
2798	7302
8356	6006
5482	7225
7550	7513
2066	4303
967	6252
6703	7088
1570	4799
3923	8750
5322	6844
2556	4505
1937	5205
3811	6008
2506	5844
3315	5329
6162	6603
2602	6444
8082	6313
2910	8692
1687	5372
1994	6206
1992	5381
1545	4753
4805	9264
2024	5224
1684	5733
2662	4526
1702	4778
6575	8486
2122	5212
1826	4909
2043	5620
2059	4960
2072	6087
3041	4491
1891	4867
1575	7292
697	2369
2096	5522
7121	7113
1690	5938
1909	5345
7745	6498
4510	7014
6122	7456
1786	5128
2202	6204
1101	7018
1855	5327
6467	7627
1828	6471
1642	7935
1586	5390
2215	5346
1756	6896
1836	6065
1569	4217
3812	6473
6201	7386
1844	6060
786	5728
604	3282
2587	5384
2096	5796
2305	5075
1321	5775
6214	7094
2322	4610
2339	5673
3376	7826
1732	5233
3736	6201
1996	6721
3239	6187
3830	6264
2207	4858
1873	5516
1876	6307
4315	6599
1903	6375
1789	5336
1208	4958
1158	6046
3418	1655
1598	6584
2104	5511
1498	5010
2241	8304
6074	7420
2387	6295
2900	6511
5842	7084
5802	8052
2058	5199
2599	5566
2333	5166
7209	6728
2091	4765
1280	7345
5183	7713
3703	5888
1467	5560
1927	5562
1916	4622
1752	5137
1996	5126
1849	5267
3615	6540
2659	4921
7033	7518
2147	3843
2100	5419
1897	6756
2486	5071
6971	7244
1767	4299
1518	5204
5168	6152
1461	5237
6400	6307
5189	7266
1670	6293
1818	4920
2776	4642
2116	4967
2238	8258
6069	7515
1720	5657
1784	6310
1958	5151
1843	6908
2006	5347
1804	5375
1931	5968
3621	2007
1205	6067
1841	5169
5804	4010
2126	5298
6654	6134
2221	5213
1812	5544
1762	5546
4562	6414
2213	5098
6899	7315
2416	5457
3270	6140
2065	8363
2221	3578
1792	6789
2141	6043
2091	4593
2066	4977
2172	5381
2426	5700
3393	6591
1782	3753
2073	5943
1869	6242
7613	7455
9999	7291
3686	5760
8086	6472
3864	7308
3246	5740
1906	4622
3069	5503
1504	5780
5423	7645
2041	6144
2137	5396
6650	6040
2177	7208
6011	6432
7716	6738
2146	5884
2933	5677
3239	6775
6389	7148
3669	4283
1698	3606
1772	5121
2416	4551
5961	5282
4397	4760
2808	4660
1329	6851
1522	5944
6115	7621
1765	5941
1814	5284
5826	8126
6168	7729
1460	3893
4639	5291
7605	5852
1350	5723
2675	3998
2516	4759
2449	6959
7934	7212
2022	4211
6956	6090
1801	5354
907	5750
2203	5354
2489	6306
2341	5018
1233	5277
2066	5982
2470	5276
7289	6700
1730	3009
2804	4351
7138	7225
1074	3918
1224	5471
1642	4845
2121	5920
2690	5869
2213	5805
2073	5717
8095	7438
2147	7056
1336	5259
4074	6556
2757	4836
2169	8376
1463	3262
3377	7599
1730	4952
1735	6114
1328	7034
661	6064
6022	4428
5976	6833
7220	7404
694	2571
1998	5427
2216	4729
6061	6112
1628	6939
1429	5339
3130	9252
6810	7483
5623	7826
6425	5886
857	5460
2003	6192
4850	5130
2857	6749
1903	5597
1734	5238
5319	6447
3399	4356
7349	7189
1890	6150
1922	5100
1836	4709
7074	5813
1581	4772
3492	6388
1823	6275
5921	6978
4086	7806
2556	98
3221	7626
3432	8264
3407	3013
2141	6464
1593	5400
5743	1858
2274	4866
7282	5767
2383	7185
1836	5019
2230	5808
4016	6087
2217	6035
4849	7803
6912	7025
1569	6108
3072	6816
5688	6700
1538	5672
2493	1844
1722	6956
1861	4620
4337	5778
1359	3515
1308	5476
1769	5254
5287	5074
5521	3741
2981	4878
1267	5916
2416	5587
2711	5903
1877	6521
2187	5916
1376	4946
2128	4940
7001	6620
1645	4780
1614	5655
2133	4762
1785	5266
1823	7246
5260	7878
2003	5515
6509	7853
6283	6857
6910	7317
7034	7630
2413	9727
1474	5523
2964	6619
1918	4695
2159	7812
4850	4596
2358	5399
6751	6150
3464	5126
2734	5870
5009	4707
7120	6145
7207	7332
1481	5901
1873	4536
1955	5302
3710	7092
2333	4679
1491	4711
2354	5352
897	3104
1454	5588
4198	5306
1784	6119
4180	6755
1866	4815
2069	3449
7565	7076
5137	5539
6502	2945
2277	6179
827	7012
7358	7117
2341	5939
1742	4472
2656	8986
2250	4795
2095	5881
1943	6089
6060	7080
5023	5630
4729	4566
1722	3906
2127	5986
2840	2890
2165	5631
1722	5657
2401	7357
7347	6988
1931	4744
7510	6455
3000	6118
2424	5342
4254	8169
2418	5336
2526	9981
7038	7942
2443	4904
2272	6776
3226	7396
1130	6069
2435	4134
2814	7574
2729	4990
3515	5229
2051	5254
5349	5614
1557	6107
4493	6107
5135	5751
1535	6576
5717	7784
1772	7593
1791	4945
1878	4092
1435	5650
1999	5526
1448	6031
1803	6176
985	6573
2322	8561
2052	5056
1787	4878
4834	6344
5369	5562
6699	7758
1710	4294
3360	5359
2562	6623
1947	4231
1751	5835
2175	8257
1847	5738
3502	6549
1706	4933
2512	2240
2712	4821
7131	7002
6380	3644
9016	6523
5938	8187
2971	5633
2253	4938
1763	6248
3803	7587
2980	4699
2242	5856
2036	5330
1643	5254
2567	5310
1328	3843
2338	5983
4405	8426
2071	5884
6050	4581
1826	5111
1878	6482
1818	5727
1781	5599
6936	7050
8063	6718
5657	5076
2408	4392
2497	5034
7606	6235
6491	6232
5131	6482
4495	8725
6126	5995
7027	6101
7004	5822
1105	2533
2079	6284
7731	7111
2962	7640
2291	5829
1619	4730
1559	4416
1112	3673
729	4255
7344	6320
4423	7857
2531	4886
1710	8237
2117	3888
7865	6824
2044	6109
3824	5763
1995	5937
2277	5451
2201	5597
6491	8702
7002	7391
3607	6776
1358	5551
1473	5944
7089	7509
1945	6123
3226	7157
1648	5427
1932	6704
1933	5170
2082	6088
2691	5689
7123	6102
3633	5701
5691	6350
6603	7422
3777	7310
7836	6473
1728	2727
2108	6024
2024	1405
1468	5888
6822	3517
4914	7419
7703	7870
5927	5981
1550	3087
4387	4740
1736	4775
2263	6153
5340	5774
1101	6437
1962	6092
3080	1669
5198	8544
2387	5783
2190	5401
2144	2291
2683	5252
2317	6166
1308	3447
1728	4397
2078	9191
1810	4518
1774	6124
1775	5328
1466	6177
6464	2142
2563	3378
1749	5256
1938	4701
971	5698
2307	6000
2198	5287
3944	6130
5694	1893
2084	4849
7311	6063
549	5161
2187	4862
1654	6479
2341	5355
2094	5310
2554	4985
1674	6271
1306	5594
4826	7012
2752	5271
3903	7414
1737	4708
3730	6206
1746	7571
4277	3922
2101	5461
1444	5654
1344	5696
2020	0
3814	8389
2118	5332
1863	4469
2539	4272
1484	5945
2520	5309
2195	5503
1585	6342
7749	7576
3144	7309
1767	5755
1707	4864
4671	4050
2329	5791
2067	4030
1619	4450
5644	7581
1568	6652
8084	7374
4599	3082
5114	5434
6527	6988
4434	4798
965	6190
2040	4870
4834	7863
2188	4485
2153	4965
7555	7437
