3991	345
5586	1218
6231	1464
7826	328
5024	1695
6110	328
4107	341
5611	328
6455	328
4288	337
5718	328
5478	328
6832	328
6208	1704
4951	330
6595	328
6384	328
7013	328
5806	328
7291	1529
7880	328
6007	328
8662	328
5349	1785
4932	330
5525	938
5759	328
6188	328
5461	328
7516	328
4003	1573
5492	328
6602	1668
6293	328
6936	1601
6442	328
5856	285
6290	756
6707	328
7116	328
6580	328
5219	329
6328	1225
5942	1199
4797	331
6231	328
5868	328
7409	328
7586	328
4849	966
5627	328
3945	2009
5275	329
1874	1155
5346	329
7161	328
5450	328
5376	329
5468	328
6685	328
6538	328
5665	328
7411	1134
7326	328
5588	1557
5014	330
5961	328
5306	329
7246	328
8165	328
8530	328
5498	328
6680	328
7837	1270
5063	330
2663	549
5120	329
5419	1608
6603	328
7127	328
6278	1787
4952	330
5063	330
8259	328
6621	328
6673	328
3318	1154
4457	334
6086	1214
5845	328
5646	983
8015	328
5694	328
5823	328
6168	328
5936	328
5837	328
6606	328
5323	329
5220	329
8297	328
6864	328
5793	328
6471	1480
6113	328
7048	328
6654	328
6105	328
5622	328
8434	328
6476	1310
5517	328
5213	329
8584	800
6351	328
5212	329
6341	328
7189	328
7239	328
6220	328
5354	329
6032	328
4279	337
4452	334
7482	1456
6863	1340
6749	328
5452	328
5574	328
5248	329
6657	328
7010	328
6857	328
7122	328
5473	1285
7291	1761
8430	998
6055	328
7991	328
7280	958
5822	328
6893	328
6019	328
6568	328
5912	328
6828	328
5310	329
6072	328
3339	389
5369	829
6326	328
6747	328
6412	328
6705	328
6078	1186
5797	1000
8949	1439
5621	328
2665	548
3326	391
5668	328
6065	1843
7961	328
6235	328
8119	1076
6067	1806
6121	328
5126	329
6264	328
5773	1185
5827	328
4767	331
6989	328
1705	4767
2695	537
5419	329
7782	328
5610	328
5806	328
6395	328
5336	329
4910	330
6230	525
6678	328
4209	339
8531	328
7626	1751
2573	2422
5987	328
4083	1656
5036	330
5332	335
6347	1434
6057	328
6049	328
6085	860
6136	328
3851	350
0	9119
6497	328
6556	328
5266	329
5464	328
6203	328
6265	328
6583	328
7645	341
8904	328
7975	328
5880	328
4893	330
6641	328
6089	1673
3895	348
7878	328
5542	1187
6225	328
7397	328
6236	328
7535	1455
7561	328
7034	328
7365	328
7318	328
5836	328
6500	328
5220	329
3127	421
5005	330
6754	328
6116	328
5119	329
6322	1152
4701	332
5251	329
4445	334
7008	328
7524	328
6772	328
6847	328
4380	1496
6785	1351
6570	328
5309	329
8024	328
2749	517
5845	328
7769	328
6142	328
7454	328
8927	328
2577	2627
4941	330
3410	381
6297	328
7768	328
6858	328
6934	328
6522	1105
3807	1753
8177	328
5727	328
6848	961
5876	1464
4731	331
4674	332
5901	328
4368	336
9064	1199
5926	328
2227	800
7037	328
5332	329
6040	328
5800	328
6787	328
5849	328
5940	328
6272	328
6993	1292
7617	328
4926	330
7096	328
5630	328
5683	328
6451	328
6160	1106
5209	329
7250	328
7459	1236
6002	328
7404	328
7212	328
5237	1529
2636	560
5442	1291
7177	1430
6885	328
6007	328
5717	328
5377	329
7131	1402
6512	328
6052	1478
5532	1443
7751	1172
5550	1464
4607	333
6739	1354
2799	500
2981	1839
5732	328
5710	328
5253	329
1115	2709
7236	1272
6945	1886
5670	1498
5585	328
4927	330
4670	332
6526	328
6085	328
6602	328
5515	328
5726	1650
6189	328
4247	338
5760	328
4770	331
4796	331
6107	328
4749	331
7118	1630
7223	328
5185	1371
5449	328
5624	328
5418	329
7102	328
9600	328
6481	328
6286	328
7008	907
7262	328
6366	328
5498	328
5662	1498
5973	328
5813	328
7534	328
5293	329
6922	328
6189	328
6591	1327
5124	1405
4157	1417
6255	328
5815	1466
7527	328
6181	328
5751	1080
5297	329
5696	328
7361	328
8289	1146
6693	1565
5632	328
5917	328
7725	328
5427	329
5706	1488
5426	329
4960	330
5868	328
4055	1760
7678	328
5748	827
1775	1288
5640	328
5178	1533
6772	328
6374	328
6164	1175
5716	1089
7727	328
7205	328
5920	328
5954	328
4898	1006
5179	329
7798	328
6749	328
4179	339
6989	328
3869	349
5826	328
7462	328
5805	1736
5104	329
5811	920
7128	328
6688	328
6584	328
4917	330
6071	328
5860	328
7409	328
6090	1744
6654	841
4073	342
6009	328
3013	443
5425	329
6482	1234
6056	328
7309	1034
4953	330
7025	1041
5636	328
4980	330
6839	328
7783	328
6473	328
7680	328
4911	1558
6406	328
6490	1328
7064	1304
6740	328
4886	330
3226	404
6742	328
7279	328
6642	328
6257	328
4894	1253
6506	328
5804	328
5623	328
5859	328
4047	1219
7910	328
7569	328
4844	331
6123	328
7836	328
6227	328
4584	333
5104	329
6859	328
4573	333
5954	328
7012	328
7125	328
7923	328
2618	568
5849	328
6523	328
5827	328
5353	329
9245	1071
6051	328
8190	328
6930	328
5916	1299
5912	328
4928	330
7651	744
5510	328
6041	328
5750	328
6468	328
5249	329
5920	328
7916	831
6636	328
6041	328
5757	328
8320	328
4977	330
7535	1387
4571	333
7562	1121
5340	329
4271	337
6608	328
5256	329
5648	328
5911	328
6275	328
6811	1343
5425	329
5384	329
5567	1029
6937	328
7173	328
4823	331
3351	388
5714	328
6566	328
6307	328
6877	328
5282	1659
6953	1338
5610	762
6108	328
5581	328
4450	334
5779	1331
6622	328
6863	328
4662	332
5838	328
7088	328
6129	1149
5066	330
5654	328
5186	1248
6520	1298
4435	802
6295	328
4251	338
6671	328
7843	1448
5445	1597
6672	328
4682	332
5805	1408
3183	1665
5891	328
5238	329
6935	328
6679	328
7049	328
9555	328
5703	328
5194	329
6435	328
7472	1440
5120	329
5557	328
3076	430
5590	328
4725	331
7724	619
6512	1244
7883	1535
4809	1273
5115	329
6528	1456
6679	1696
5878	1476
5464	328
5755	1109
7024	328
2499	624
5055	1000
4759	822
3500	373
5696	328
5192	329
6368	328
2442	1410
4429	335
7878	328
5379	329
5918	328
4566	333
6147	328
4572	1427
5666	328
6794	328
6529	328
7459	1129
5788	328
4307	337
6894	328
1884	2390
7433	328
6746	1330
6208	328
6351	328
7071	328
6128	328
5633	328
5344	329
5573	328
5350	329
5827	328
5904	328
5746	1155
6203	999
5471	328
6072	328
6017	328
6542	851
8096	328
1911	1110
7798	328
6157	328
5190	1647
4815	331
5537	328
7087	1401
6267	328
5934	328
8113	328
5920	328
6015	1421
5106	329
6706	328
7253	328
8337	328
5672	328
3806	352
6492	328
6749	328
7443	328
5838	328
6913	328
6158	328
5384	329
5031	330
5569	328
7960	328
7305	328
4968	330
5615	328
7254	328
6077	328
2371	698
5096	329
2548	1600
3091	427
8042	328
6934	328
6642	328
6145	328
6887	1342
6345	328
6218	328
4743	331
7290	981
4153	340
6037	328
7549	328
4252	338
3876	1693
5999	1273
5925	328
6331	1891
7440	328
6023	328
7919	328
4665	1797
5737	328
3990	1810
5831	328
6427	328
5892	328
7104	328
4829	331
5313	329
5381	329
5814	328
7030	328
5409	1249
4569	333
7329	328
6919	254
6730	328
6296	328
7271	328
6383	328
6898	0
8292	328
7161	328
9120	328
5386	329
5497	735
5145	329
5482	328
5382	329
5290	329
6463	328
7050	1704
6770	328
6210	328
5936	328
5460	328
5999	328
4729	331
6335	1387
6402	328
6809	328
2458	646
5597	328
7160	328
5091	329
4035	343
7546	328
4658	332
6004	1161
7216	423
2504	621
7954	328
6107	328
7666	328
5102	329
5061	1727
8009	328
3000	1606
6394	328
6493	328
7349	328
7013	328
6640	328
8002	328
5059	330
6809	328
6444	328
5791	328
4557	333
5895	328
6922	845
7301	1652
8965	328
6666	1041
4015	344
7796	328
7521	328
5695	328
1430	1897
5094	329
7954	328
5993	328
3334	390
3115	423
6146	328
6125	328
3954	346
6457	1064
6745	1779
7362	378
6703	328
8076	1211
6329	328
7348	328
4987	330
6802	1076
6741	1436
3740	1122
5560	328
6159	328
6569	822
4897	330
8221	328
7346	328
7079	1985
7862	328
5348	329
5238	329
5836	1282
5914	1684
6045	328
6340	328
4654	332
7300	328
5435	1441
6609	1073
3310	393
8068	328
6382	328
6596	328
4165	340
6839	328
2412	673
5850	1513
6824	1419
5026	330
5214	329
5532	1598
4258	338
2248	783
6681	328
7357	328
6414	328
5461	328
5194	329
4636	332
5131	879
5329	329
6344	328
5760	328
4878	330
7821	328
5445	328
6961	328
7111	328
6485	328
8295	328
8033	1090
2289	753
8421	1635
6817	1248
3044	437
4908	330
7890	1760
1600	1566
6115	328
5916	328
7110	328
5290	329
4857	1576
6570	328
5046	330
6679	1864
5833	328
6684	328
6466	328
5540	328
5672	1554
7167	1315
8071	1279
5993	328
7363	328
4201	339
6040	328
6432	328
8847	328
3961	346
6286	328
6851	1159
6123	328
6652	1644
5070	330
7182	328
6380	328
5007	330
7315	328
6363	328
7374	328
6751	328
6816	1196
4415	335
2914	467
2579	1685
5069	330
5722	328
4700	332
6090	328
7906	328
6479	1375
7462	328
7652	328
6764	328
6839	328
4840	331
6738	328
6556	1656
4582	333
6258	1109
8217	809
5497	1435
4106	1272
7948	328
6770	328
6697	1878
5414	1564
6724	1370
4123	341
6217	328
7873	328
5775	328
6200	328
5745	328
7159	328
2623	566
6601	1362
7304	328
5503	328
6686	1848
5235	622
5144	329
609	9999
6240	774
6172	328
9048	328
6439	328
6218	328
7514	328
5713	328
7881	328
7799	328
5518	328
5414	329
6294	328
7252	328
6115	743
9898	586
6218	933
6138	1373
7059	328
8150	328
7138	328
6698	1492
2631	562
7040	328
5751	328
7155	1396
6240	1273
6935	328
6522	328
6642	328
7255	328
5215	329
5476	328
6939	328
5899	1333
4747	331
7933	328
5374	1033
5159	329
3863	350
2382	691
5153	329
6298	328
3636	362
6640	328
7022	328
4577	333
6173	1274
5852	328
8432	328
5197	329
7813	1432
4350	1283
6405	328
5945	328
4067	342
6103	515
6973	328
5588	328
5265	329
6961	328
7730	328
5210	329
2557	595
5195	329
4679	332
6292	1371
5934	328
6543	328
5217	1136
6562	328
6283	328
7775	689
5535	328
6471	328
7732	328
5676	328
6504	328
6623	328
3291	395
6062	1310
6412	328
7101	328
5311	329
5437	329
4542	333
7231	328
7133	328
7552	328
8522	328
6183	1099
5443	328
4793	1714
4200	339
5497	328
6987	1620
6111	328
2839	488
5053	2103
5276	329
5080	329
5460	328
5040	330
5689	328
5664	328
4588	333
6635	328
5125	329
7530	328
5381	329
5371	329
5751	328
5114	329
5798	328
8214	328
5644	328
6451	328
3129	420
4925	330
7434	328
6350	328
4182	339
5613	328
6784	328
7220	328
7849	328
1774	4231
6012	1307
4903	330
5922	328
6028	328
7783	328
6003	1432
7422	328
7608	328
6731	328
7247	328
6696	897
2790	503
6614	328
6757	328
5508	328
6848	1307
5762	1213
5428	329
5409	1586
5851	328
5680	328
9650	328
6465	328
3047	436
6544	599
6719	328
5981	328
3712	357
4827	331
7706	328
5103	329
5942	328
7390	328
5143	329
7765	328
7005	1316
7161	328
7694	328
6284	328
3937	1151
5218	1232
7206	328
7902	328
6635	328
6037	328
5139	329
5674	328
6335	328
7657	328
5813	328
5727	328
6870	328
6815	328
7127	328
7488	328
6443	328
6466	328
6434	328
5168	1473
7025	328
8088	328
5910	1104
6376	328
4143	340
5913	1353
5880	328
4954	330
7174	328
6313	328
6175	328
5910	328
4775	331
5248	329
5368	1416
5412	329
4950	330
5448	328
7158	328
6078	1457
5240	1363
5817	328
7029	328
5907	328
4281	337
5772	328
6889	328
6058	328
6333	1750
6823	328
4330	336
8167	328
6833	328
6343	328
5582	328
6391	328
6472	328
6987	1428
5333	1486
7306	328
5324	329
7603	328
6488	1560
5946	328
6753	328
5906	328
5412	329
6313	1368
5244	329
6020	1692
3628	363
5926	328
4699	332
6617	328
6591	1518
6544	1508
6470	1274
5071	330
5980	1925
5378	329
5972	328
7404	328
6450	1488
5915	328
5711	328
7651	328
7592	328
6488	328
6771	328
5572	328
6330	1533
4537	333
5715	328
7570	1061
7582	1849
5563	1557
4652	1853
5709	328
5201	329
7143	1351
4775	331
7515	328
6463	1506
3754	355
5931	328
5172	329
7154	328
8082	1589
6861	328
4935	330
6010	1545
4744	1594
5570	1511
5404	329
5215	329
4931	330
6822	328
5951	328
5181	329
6807	328
6193	328
6003	1115
6262	328
3629	915
5885	328
6595	328
5773	328
6316	328
5984	695
6377	328
5306	329
3531	370
5289	329
5621	328
6051	328
6395	1457
5401	329
7513	328
6008	328
7979	328
6480	328
6742	328
1606	1556
3891	348
7109	1225
5706	1614
4434	1430
5521	2239
5899	328
5342	329
5059	330
7225	328
5449	1443
5462	328
6831	328
6306	328
5736	328
7661	328
6923	328
5834	328
4606	333
7725	328
5516	1134
6248	328
5907	1146
8300	328
6174	328
4546	333
5740	1536
6618	328
4869	331
5982	1878
6291	1124
6128	328
5561	328
6083	328
8170	328
8459	328
4826	331
6601	328
7444	328
7868	921
5926	328
6113	328
7127	1494
7163	328
6146	328
6186	328
5125	329
5977	328
8361	328
5668	328
5752	1681
4812	331
8527	328
5793	328
6713	328
7003	328
4439	335
5480	871
5723	328
4253	1679
5369	329
5745	328
4112	1215
5000	330
6895	328
3149	417
6050	328
7213	328
8920	328
7128	1049
4858	606
5386	329
6233	328
6255	328
5902	660
4934	330
7366	328
7151	1350
6265	328
6755	328
5621	328
7442	1018
6765	328
5803	714
7862	328
3937	347
8608	328
7276	1489
6521	1021
6503	328
5325	1121
6428	328
8243	328
7033	1184
5219	1639
5340	329
7409	328
6957	560
5206	329
7283	328
7809	1330
6418	328
5206	765
4689	332
4552	333
6670	328
6593	328
8222	328
8158	328
8385	328
6556	328
3054	435
7616	328
7091	328
3790	353
5276	329
6942	328
5855	328
5934	328
2434	660
5805	328
8520	328
5052	1367
4348	336
5544	1823
4814	331
5339	329
7370	1609
6678	328
7234	328
7625	1384
6555	328
7920	328
5323	329
7690	328
8392	328
5183	329
7015	328
5997	1030
6676	328
2533	607
7064	328
3291	1065
4614	1197
6131	328
4183	339
3059	434
6497	328
7464	881
6335	1209
8482	1249
5738	1318
6745	328
4588	333
6102	1931
5182	329
7288	1360
6471	328
2462	2104
5149	329
6171	328
5927	328
5761	328
6162	328
6114	328
5032	330
5781	328
6481	328
6377	328
5713	328
7539	328
7105	328
7461	328
6891	1264
4129	1144
6385	642
5319	329
5342	329
5289	329
5838	328
7592	328
6091	864
5704	460
7090	328
7618	328
7593	328
4140	340
7696	328
5854	1188
7344	328
6277	328
7786	328
7028	328
7369	328
6452	328
6616	328
6653	328
5549	1583
6253	328
5004	330
7117	328
6814	328
5173	329
3547	369
9213	328
5927	328
6902	328
4828	331
4160	1703
6266	328
5843	328
7104	328
7712	557
5390	329
7420	328
4992	1529
5990	328
8652	328
5907	328
6050	328
5962	328
5295	329
2128	2554
7111	954
5576	328
8828	1465
6492	328
6642	328
5709	1534
7931	328
4401	335
6562	328
4368	336
6160	328
6186	328
6138	328
6993	328
6905	328
6861	961
4449	334
8263	328
6137	328
5984	328
4968	330
7797	1474
7533	328
3129	420
5874	328
5117	329
6631	328
6611	328
5922	328
7948	328
4649	332
8554	328
7944	1304
6214	328
6672	328
7291	1341
9999	328
5682	1359
5955	328
7915	328
4960	330
6362	328
6228	328
5999	328
5477	328
5439	329
7296	328
5936	328
6585	328
6344	1016
7212	717
5462	1659
4959	1771
6605	328
6761	328
5327	329
7052	328
6107	328
5954	1269
5663	328
7608	328
6458	328
6383	328
6562	1455
6429	328
7638	1237
7707	328
7623	1182
6863	328
5605	328
5641	328
6260	994
5567	328
7182	328
4508	334
5605	328
6612	328
7545	328
5891	328
6597	328
7330	328
5963	328
7059	328
5901	1031
4183	1581
6621	1327
3234	403
6748	328
4240	338
2277	2493
7455	328
7009	328
4696	332
7589	328
5259	329
6751	328
5277	329
7166	328
6592	328
5637	328
5539	1489
6038	328
7071	328
5380	329
4458	334
6751	328
7205	328
7391	799
6318	1463
2462	644
5149	329
7277	1357
6398	328
5743	328
5400	329
8358	328
5947	1706
6452	328
2794	1727
9105	1690
5841	872
7732	328
6546	328
4994	330
5638	328
3902	348
5031	330
6838	328
5849	711
6423	328
7780	328
4828	331
5207	329
7272	328
5413	329
5737	328
6320	864
7421	328
5651	328
5406	329
6398	328
4799	331
5467	947
5788	1794
2698	1600
7568	328
4350	336
5828	328
5481	1188
8480	1274
9442	328
4232	338
7104	328
7887	1401
7505	1740
7238	328
6169	328
7916	328
6504	1216
6027	328
7600	1490
4353	336
7450	328
7830	328
6803	328
6411	328
7074	1667
8062	328
6968	328
6620	328
6061	328
7416	328
6928	328
7299	328
7346	328
6601	328
5560	1345
5747	328
6503	328
6020	328
5244	156
6442	328
6626	1036
4180	339
6655	328
6848	328
6115	328
6903	1537
7152	328
6744	328
5588	328
5976	828
4391	335
4783	331
6060	328
6710	328
3584	366
7115	1285
8158	1587
4275	337
6786	328
4924	330
5615	328
5890	328
7065	328
6543	328
6632	328
6475	974
5668	328
5533	1181
5026	330
4817	1491
7074	1271
5531	328
7337	328
8290	328
6231	328
4950	330
6201	328
6285	328
7713	328
8266	328
7309	328
8596	1557
5621	2014
5122	1603
4507	1683
5503	328
5458	328
3979	1729
4824	331
4670	332
2373	1314
4402	1446
6342	328
5166	329
5097	329
6390	1343
7301	328
5554	931
4805	331
6205	328
6287	328
6016	328
2759	1978
6186	328
5437	329
6427	328
3649	361
4167	340
8108	328
5950	328
9122	328
5610	328
3804	352
5870	1661
6472	328
6503	328
7132	328
5866	328
5376	329
7449	328
4759	331
6902	675
8748	328
5663	1510
4101	341
4952	330
6305	328
5873	328
