5400	2093
5527	3367
4596	2247
8380	4883
6097	2235
7154	3791
7769	5780
7362	6280
5599	1993
5367	2748
5499	4535
8188	4526
3089	2264
7894	3357
7301	3415
5530	2928
3503	2356
5504	2325
4895	2180
8101	4663
5225	3953
8309	5263
8354	3505
8584	3301
8095	3926
5026	2261
4725	5567
8230	3575
8226	4644
7524	9092
5207	4414
5469	9423
8226	3979
5526	5785
8231	4406
8531	4255
5628	4420
6236	8367
5534	2356
5027	2318
8435	3055
5430	2342
6080	2685
5717	2160
4961	2842
8380	7100
3527	2330
5575	3313
4008	2047
5181	2647
5714	3986
5539	1631
9294	4333
4321	4198
7713	5535
7212	3886
5863	4625
8623	8110
5469	1716
5849	2561
5612	1895
4956	3097
7932	4153
5513	4246
5176	1899
4789	2853
5234	1974
7066	3882
4143	3094
5154	2355
7542	6026
5913	2199
4884	2231
5888	5147
3791	1823
4893	2274
4802	2145
4025	2022
8212	6379
4542	2429
5270	1647
8567	5935
6463	2057
4176	4116
5034	1909
7839	3379
4497	2175
5344	1629
7202	4301
4895	2058
8408	3301
7473	3675
2845	2340
8089	3995
5194	4515
5262	2025
7848	4283
5641	2225
7056	3992
7877	3989
8170	3729
4037	6056
7824	3367
8943	5548
8831	3765
4028	9066
5405	3807
5113	2994
7966	4078
5762	1539
5126	3058
5121	2265
4976	2876
5214	4186
8564	5080
5798	2377
7680	3303
7033	4831
5172	8243
7804	4044
5217	2498
7883	3580
7113	3836
5547	1815
4979	4238
7822	7210
6610	3405
5308	4218
5393	2973
5397	2328
5133	3751
5053	1799
8054	3702
7081	3613
5697	2253
5870	5216
5056	2669
5310	1863
4687	2188
7476	6821
3649	1931
7637	4253
4273	2062
5936	6324
3907	2318
8710	4072
7396	3556
7716	7187
6059	2410
3965	2277
8288	5830
5234	3479
8761	3363
7539	3868
7308	3511
5004	1063
3342	2327
4487	1994
4222	1700
5795	2365
5759	2368
8483	4097
7821	3964
5598	1782
4645	1950
7862	4780
8231	4411
4571	2134
8295	3063
8652	3544
5251	1900
5515	4163
7925	4071
5632	2740
7061	4325
7756	4244
4459	1870
5044	2291
5059	1463
7199	3323
7677	5963
5259	2076
4734	3059
6143	5002
7635	5428
7436	4083
5098	3754
7201	3958
7330	5184
8062	4438
4958	2400
8621	3454
9510	3880
5083	2195
8081	3695
7048	6759
5038	2126
6276	4003
8246	2477
7419	3414
7639	4144
8773	3540
7379	7769
4870	1855
6204	4380
7269	4102
7536	3686
4422	3354
5237	3879
7223	4307
5448	2179
8776	3722
8714	3666
5556	2110
8981	4846
5608	4781
5296	2622
7469	3631
4699	2060
7737	3992
7564	4290
6212	2095
6128	1578
7867	3484
4106	2848
8500	3793
4939	2834
3464	1939
7504	3465
5254	2141
5023	1573
7821	3695
7233	8572
6231	2078
8149	3299
5860	1863
4199	2069
7737	4422
4560	2016
4090	5372
5307	2379
5035	1784
5659	1850
7051	4882
8590	3795
6434	2197
4936	3401
7183	4400
7358	7892
5488	3662
5831	1904
7699	6391
7428	3636
5385	3526
5574	2329
6812	3184
5204	2027
7781	5079
6832	3317
5399	2257
5522	2839
7955	4282
2949	2759
5334	1909
5324	3803
5455	2210
7717	2917
6316	1527
8304	2781
8540	3111
5298	2750
8471	4136
3416	1815
6951	4117
7420	6487
5400	2017
5746	7271
7936	4059
5422	1858
8094	3699
4202	3537
5565	2357
5694	8972
9175	3544
5586	2594
8091	8745
7604	6024
4785	3729
5921	3591
6692	7396
8638	4206
5491	4121
7046	4203
8375	3913
8455	8788
8257	4217
7453	3322
5685	4405
5285	1932
7120	3432
5634	2688
5234	1872
5302	4718
5559	1369
4625	3153
5371	1595
7808	3951
8466	3031
7938	4017
7634	7725
5324	1996
5182	2336
7841	3564
7517	4304
7363	8688
5596	4671
8578	3947
3323	4390
4388	4247
8039	2608
7887	7312
5811	3387
5640	3480
4525	2353
7736	3022
7199	3507
6459	3841
4965	2069
3957	1760
7642	4940
4704	2016
4901	2095
7776	3742
5678	4281
5891	3660
5386	3885
7251	4090
6066	4213
6792	5740
4852	3719
5096	2593
7285	2773
7270	5475
3752	2214
8589	4316
5040	4130
8454	5502
3360	3022
4038	3702
5491	2202
6785	4815
8537	4011
5617	4184
4708	3111
6995	3172
4623	3505
4786	2255
8394	9632
5671	4071
6834	3599
4924	2357
7015	9528
5639	4107
4122	7326
5183	3574
5475	1977
7214	3570
9596	4070
5265	2322
6484	4694
9127	3022
3390	1318
5401	1869
5216	2315
5548	2172
6190	2037
4960	2234
7210	6234
7746	8123
8456	3632
7327	3788
8370	3653
4734	1943
5082	1447
2251	4192
4687	4357
4996	2286
7430	3429
5534	1458
8492	4232
5479	2321
8951	2958
5301	3273
8183	3508
5505	5386
7231	4199
4727	3336
7621	4163
5278	3540
5333	2161
5231	2384
8022	3752
4869	2119
5106	3540
8193	4404
5566	2318
3644	1929
5511	1943
5698	4841
8579	6085
5171	1294
8863	3695
7941	9183
4809	2762
6369	3072
5283	1846
7934	3450
8604	6178
5282	4172
5375	5566
7401	7395
3830	3883
7819	6494
4959	2059
4758	4294
3913	3257
4728	1944
4790	3655
6896	3141
4772	2010
5402	2527
7956	4804
4993	2084
3829	1941
3922	2178
5292	2757
8423	4507
8321	4278
8251	3951
7778	5922
4572	2349
8028	4052
4881	3431
4844	2930
7887	6581
7009	4342
7177	3730
8219	3575
4164	4427
5775	1323
4845	1478
4909	4623
4971	8573
4561	3295
7150	6697
8233	5795
8225	3043
4580	2658
8670	3969
4350	4270
5832	2287
6794	3315
4996	2573
5060	1849
5636	1645
7719	4368
7315	5234
5905	5194
2836	2356
5236	2512
5197	1662
4669	1623
6967	6375
4891	2067
8321	5976
6582	2366
3172	2875
7334	4118
5958	3918
8529	4026
4977	3809
5745	4555
6017	5190
4698	2355
5499	4683
4761	2342
8124	3635
5307	3022
8331	8169
4175	1460
6392	3448
4801	3046
5462	3053
8005	3057
4898	1865
8008	3539
4957	1949
8528	3545
4220	2445
5427	1740
8507	3325
3164	2587
4632	1108
3524	2807
5766	1493
3713	2409
7340	5323
4711	3835
4775	2103
5717	5263
5748	4217
7440	3704
6507	3935
4606	2988
5639	2285
7411	4505
5919	2835
5324	2119
7996	4852
4798	2298
4615	2846
5009	1721
3360	1997
4924	1983
6598	3703
3573	2545
5512	3867
4954	2451
5655	2120
5186	3493
3174	2288
5607	5452
4736	6350
5097	2679
7972	4062
7626	4663
5488	6708
5530	3101
8596	4198
4762	2875
4238	3209
4778	2308
3520	1935
6973	5864
5249	2064
6062	2514
5658	2658
4738	2371
8273	4583
8102	8453
5255	2467
7733	4873
5625	3248
5365	3589
5713	2002
7313	5537
4488	3158
5310	852
3156	1930
7828	3934
6464	4253
5894	2959
7690	4145
7290	4228
8517	3898
7435	3653
7453	6342
5311	2141
7437	3219
4896	2152
5513	8892
4694	1769
4308	2067
5665	1971
5550	3057
8421	7148
7855	3371
6110	3310
5131	2677
4716	1281
4246	1823
6558	4328
7669	3501
8238	2863
5987	2155
5610	2207
7740	4050
8176	4191
7427	6208
3646	2317
6794	3591
4875	2780
7916	4111
5713	4804
3725	2391
5796	2442
7608	4112
6951	3494
5252	3149
5104	4497
8225	4311
7838	7608
4288	2162
8564	5739
4864	1994
8079	4015
4333	2057
7644	6758
8018	6679
5218	4448
8768	6312
8238	4862
4931	4165
7780	4243
5496	3805
7647	6845
8205	4245
8456	4409
5141	1951
8369	5553
5201	2964
7553	3754
8524	9257
4244	3312
7843	4083
4625	1706
8454	4807
7459	4334
7159	3217
8521	6430
7715	3535
7738	3507
5296	1766
5350	3705
7984	3962
5193	1160
5301	2097
3749	1914
4684	1558
5473	6384
6827	4047
4088	2961
4489	4917
4879	4329
5902	4931
4352	2035
3885	1904
5255	2097
4189	1927
3481	2171
5936	2051
5820	3736
8334	3621
6363	2767
8795	3695
6176	4145
7569	4173
5139	2095
4668	1693
7929	4391
5065	3165
5611	2180
4428	1894
3130	1879
7524	4449
8603	4423
8169	5028
4959	3329
7022	5638
4383	1731
4796	2177
8266	3266
8351	5405
7288	5194
4965	2482
7807	5033
8008	3996
5387	3892
8397	9121
6644	3519
5567	3243
7228	6026
4595	1925
7856	7320
8167	3297
5543	2226
8659	3951
7091	3570
4783	2214
8195	3956
7009	4270
8301	2748
4782	2971
7656	4557
4511	1800
7637	4382
6953	4943
5469	1989
5085	2437
6731	3575
7828	4765
4921	3636
4887	1772
5459	1603
6705	7630
6941	3690
5676	4643
5189	4899
5610	2261
7774	4271
8545	4436
4886	3270
5257	1873
5165	6315
5419	2165
8238	4086
5537	2584
8284	4394
5088	2267
5194	4381
4915	4064
5466	3148
8796	7210
5227	3864
5087	1543
4761	3920
7971	3851
8850	4206
7968	5545
5491	2280
8047	4610
7681	5471
9108	7081
3146	3034
7717	3619
7733	4343
8091	5937
5554	4204
7855	3816
7384	3688
5711	2436
4484	3984
7903	4047
7936	3927
8578	7190
5256	4440
8105	3602
5506	2346
5758	1887
5247	4717
8714	4369
5663	1882
8163	4265
5960	2213
8834	4340
5633	1521
8471	5252
5062	2263
4984	1595
4871	5106
8679	3510
6410	3662
7235	5380
4800	2086
5043	3707
6945	6218
4048	5228
7427	7100
5259	1823
8291	4348
4759	2066
5520	2096
4584	2001
7715	4105
4773	1455
5154	3130
5818	1975
5670	2427
8588	4639
3422	2181
4528	2049
4781	1967
6145	1553
5195	1905
4938	5492
7807	3386
4950	2275
8059	3210
4752	2261
4151	3155
4804	3655
8450	4485
7902	4030
4616	4665
7631	3605
7905	4926
5306	1796
8352	4053
3896	2376
7642	4433
5784	4230
8912	7235
7863	3744
8027	8176
8680	8166
5875	1831
8225	3431
5038	2351
4901	3643
3738	4400
5360	1984
7795	3577
7596	4770
4695	1759
7355	4014
5195	2985
4367	2137
5200	7607
7401	7798
7369	3960
4702	2113
8116	3783
4655	2334
8061	8642
7606	3479
4723	2266
8368	5578
5055	1786
3019	3052
8392	8849
4232	2903
8594	4651
4733	2179
4913	2066
7605	5289
7649	4288
5546	3031
5445	2326
7186	3577
4621	2263
4405	2321
5681	6838
5555	2649
4158	2356
5566	3998
5218	2484
8407	3867
5249	1756
7564	5887
8673	6401
4757	2784
8056	4157
4279	4578
6670	4414
5542	2318
6462	4184
5990	5178
3627	2320
7939	3476
4381	3545
3819	2005
5094	3710
4055	994
4645	2639
6905	4450
7156	3763
4378	2218
8376	5733
4808	1515
7173	3939
9491	4896
5583	1671
5135	4171
5776	2061
6023	1985
6749	3468
3144	3318
4916	4949
8490	3670
6130	3937
6055	3819
5837	3686
5898	4163
8139	3815
8284	3394
5766	2110
4976	5576
4077	2449
8525	5853
5184	2475
4776	1920
7990	6295
5442	1991
6063	4889
4812	2100
8885	4011
6337	3605
8555	3784
8482	3107
5236	2331
4179	2194
8572	9568
5223	6598
7820	3183
5367	3397
6879	3990
5013	3998
7549	5884
5419	1685
3990	2146
8184	4059
4664	2041
4600	3377
4783	2508
5055	3454
4073	4895
8410	5748
7792	4189
5325	3406
8692	7491
5406	3502
5899	2292
6329	4499
8222	3870
5629	1799
7382	7198
6187	4318
6323	3303
7614	5728
8195	5937
4706	2434
8566	8177
8865	4626
6831	7848
8553	3866
8816	3824
6353	9630
9470	5229
7717	3650
5353	2804
3907	1957
2961	4193
5101	2622
3463	2138
8939	4390
4895	2449
7490	6175
8269	3982
6105	5785
1742	2153
8258	7518
7725	3899
5779	2219
8297	4039
5603	5286
8253	3809
5063	1867
7840	8902
3378	3542
8323	4120
7591	4097
6651	3432
8584	3859
6890	4958
5572	4022
8536	3289
5366	3023
5625	3746
3987	2149
7318	3497
5953	4315
4453	5016
8239	8615
7773	8550
5485	2397
8403	3528
7784	3853
5388	5038
5234	2254
3995	4942
7592	3868
4870	2093
5615	1466
5402	1996
8726	2974
6988	3180
5167	3932
6825	4120
7491	3867
5261	5604
5710	3157
8926	3651
6048	3933
7724	3396
5627	4152
4802	2192
4272	7798
8629	3571
6789	4348
7120	3868
4583	2155
5162	2332
8136	3345
4505	3601
8192	2352
4382	2833
4822	3135
5518	1814
5451	2015
4929	2396
3960	2251
7419	4227
3734	2758
4884	1761
7983	3640
5370	5411
6459	2869
4595	2117
8099	4307
8856	3325
5342	4517
5710	2301
7224	4370
6996	6719
5522	2306
7421	6794
4876	2300
7824	7489
0	1458
7973	4135
5515	2325
4634	3898
8154	3353
3741	5327
5044	1887
5391	5100
4581	2095
8576	4348
5865	4038
8106	3533
5648	3050
7562	5125
4930	1898
5415	1647
8913	4878
5443	8924
7351	3249
5207	1960
7552	4507
5722	4054
5020	4791
5662	4944
3878	6431
8180	4150
8090	6124
5406	3658
8679	4635
6157	3837
5475	2201
8141	4181
3965	1959
8000	4880
5711	3802
7515	4021
5809	1959
7239	4106
5233	2179
8177	5357
7135	4082
7832	5852
7488	3290
5251	1494
8237	3273
8430	4088
6604	4346
3433	2467
6994	4149
8300	3760
5072	2063
5676	6483
6026	4800
4892	3947
5206	2416
5733	4457
5236	2075
5087	2393
5801	2287
3789	1658
4094	2224
3962	1719
8527	3414
5453	2061
4746	2102
7336	4023
5518	2545
8341	4151
6423	4393
7555	2903
4878	2463
4115	1448
5978	3074
5855	2280
5286	2196
8715	3331
5101	3391
6533	4106
6967	3851
4537	3331
5137	4362
2833	1746
8141	3027
5041	5172
2739	2316
3960	3158
7079	7439
5541	3314
6132	4013
4707	2314
5872	1461
7901	8247
7852	5663
4600	2189
5259	1893
7676	3259
3972	2226
8119	3240
4818	5161
5220	2459
5792	1925
8154	3467
8147	3873
8631	4314
8848	3655
8999	5787
7783	3542
6848	3770
3967	2090
5655	4086
2831	2343
5789	9215
4701	4606
5440	1908
8243	2865
7869	2790
8200	3468
5723	7013
5538	5198
5037	4121
5141	3816
7900	3854
7776	3679
4730	3737
6658	3359
7631	4063
3107	1778
8849	2942
5218	1972
7659	3946
5331	3053
6587	5373
6960	6776
4753	2321
4068	2368
3582	4172
8124	3740
6905	2981
5095	5318
8182	3690
7717	5545
7170	4627
2720	3762
5032	2154
8164	4054
5437	3110
6545	2550
8082	3826
6203	9127
5362	1938
8104	4093
5469	4155
7036	3983
7424	4197
5774	4540
8873	4314
7549	5975
7379	4305
5586	2063
7740	4017
5191	8095
7252	3812
6640	3590
8000	7191
7419	4044
5128	3759
7679	2919
5160	2377
8039	5604
7239	5890
4663	1901
5023	3704
4974	1678
6842	3627
5763	2249
5442	1741
5125	5362
8090	3426
7709	4480
5125	3703
8790	5061
8193	4776
6380	3617
6190	8209
3996	4802
7096	3396
5246	2597
6874	3783
3139	2144
7710	3829
8819	3550
4667	1709
4542	2488
8347	3832
6111	4503
8452	3857
5338	3971
4970	4356
7626	4246
7458	5860
3881	2270
8761	3053
7635	3768
4509	4037
5218	3025
5513	1486
9552	6007
5371	2082
7952	3567
5263	2078
5703	1819
4830	1785
5856	1837
6322	5437
8383	3840
7694	8560
5113	1825
3491	2171
4697	1200
7234	3877
4700	2056
7574	4358
4881	2200
5248	2459
5509	2676
8490	3395
8525	3909
5816	2000
5525	4098
7347	5564
6453	2055
4316	3039
1891	2154
7670	3821
7033	3976
6067	2512
8395	3223
6514	4855
7544	3093
5156	1879
4578	1914
5675	1822
6752	3223
7088	6985
8746	3716
3919	2592
7372	3721
7828	4519
7950	4105
8469	7420
5192	2386
7835	7028
5131	2590
4570	1988
3977	2062
8620	3315
6787	3811
7932	3619
8464	3428
8470	3794
2698	2008
8306	4332
4088	2504
8306	6062
8594	4670
5358	4798
5157	1917
7749	5376
4163	2191
5615	4093
4704	4805
4208	3601
7196	5776
6823	3399
5538	2676
6760	3640
8511	3705
7862	3697
7813	2983
6250	8166
8654	3893
5165	2042
5420	5411
5792	2006
5133	2216
8181	3387
5771	2368
5261	3730
4113	2505
7749	4861
7281	5219
8743	4129
5484	2096
4659	1456
3063	2251
5732	3961
5312	2470
5467	4799
5138	1932
5750	4548
6115	1677
6619	3496
4158	2472
4828	2250
7566	3740
4655	2724
8006	3698
7413	5381
5018	1835
7501	6612
5297	2104
5765	3287
6779	2577
7546	3468
6294	3886
7968	3378
7029	4777
5188	2379
2954	1170
6752	3783
5701	1487
4626	2215
8571	3430
8108	3457
3989	2221
5368	1895
5647	3055
5443	3722
4784	3032
7849	3593
4044	2991
5646	3135
7780	5112
4536	2092
3907	2101
4769	2571
5399	5468
3613	2208
8162	4851
5518	2328
7468	6729
7784	3714
7052	3529
5069	2007
5512	2141
4965	4918
5528	5090
5062	1987
8542	3901
6896	3941
5275	1612
5807	2070
8992	3827
8181	6463
3246	2193
4370	3556
5972	2636
5500	2242
8861	4594
7817	3846
5436	4052
9169	4586
5066	2121
6584	3196
6535	3664
9418	4188
7540	3494
4814	2119
5292	2324
6975	3452
8403	3914
6046	3342
5413	1783
5148	2177
5668	2010
5959	4996
8445	4445
4906	2282
8497	4554
5022	2209
3860	3209
7524	3805
5741	2402
7953	4240
6951	5522
5215	3908
5170	1714
4268	4326
5447	944
8632	3811
3778	2096
8353	3963
8061	3526
6656	8238
5289	3077
5967	2792
4968	4574
5099	1716
7551	3684
6104	6065
5535	1659
3435	2093
4544	8260
7452	3587
7237	4088
8702	4341
5970	2006
4633	2488
4476	3721
8901	3507
3933	2140
5504	1834
7678	3384
8185	8615
5663	3917
4736	2794
5527	3804
6164	3553
6801	3159
6405	2161
5640	2314
6166	3608
5672	3300
5341	1956
7585	3959
5161	2145
3800	1490
6829	4517
5529	2094
5537	3822
5779	2666
5686	1719
4534	1971
6777	4437
5138	2674
5166	2428
5320	2144
3460	2243
7041	6758
5381	5158
7247	4130
8365	6227
5569	2078
7582	4126
4883	3316
5066	1837
7961	3664
3366	2054
7680	3463
7827	4205
4492	2224
4566	2783
8069	3858
8714	3149
6399	6260
4937	4373
4146	2264
6304	5381
7581	4435
6515	4267
3735	3209
7316	3329
4418	2068
7766	3626
6499	6580
7862	4281
5068	2083
7343	8689
7196	6220
3467	4089
8476	3568
7784	3629
7826	7286
6943	7523
5451	1786
4657	3863
7368	3545
7534	7306
4353	2100
6053	3925
7061	2679
5066	2178
7498	3422
8096	4632
5580	3050
6177	3194
4352	1883
7216	4670
6573	3958
7219	6596
8040	6990
8594	4017
5241	2211
7151	5668
5447	1800
8037	4182
4918	2147
5972	3344
4900	2499
8534	8425
8618	7988
4602	2347
5343	1752
6902	4258
8290	3412
1550	1890
5462	2217
7348	3873
7432	4318
8334	4046
8065	4322
8025	4178
3702	3099
8337	3989
5272	2856
7685	4033
8225	4242
6676	3977
5118	3197
5983	1915
7657	3664
3904	1623
5497	1836
6269	3472
5981	1587
5391	1843
5311	1615
3849	1805
4841	4127
7950	3833
7015	3586
8196	2848
5915	7913
5243	4163
7826	8976
7353	6766
4955	1481
8185	4450
5995	2269
8492	4009
5687	2296
5545	1967
4322	3481
8216	7828
5230	2035
4147	2073
5707	1871
7319	3336
5206	1794
5154	1967
6086	2124
5167	2136
4948	2343
4569	2283
3790	1757
4649	2858
4949	1973
5482	1975
5341	2842
4866	2054
8485	4098
8575	4637
7667	3236
7269	8812
7825	4119
7763	3884
6904	2854
4368	2140
8367	4549
7917	4135
5918	4942
8188	4734
5835	1516
8180	6082
7244	3255
5025	2198
8119	3298
2780	2182
8351	4266
6982	4089
4710	1304
4670	1847
5576	4136
4012	2078
5819	1886
4591	1594
4566	2208
5740	2499
4886	3349
5577	2114
4449	2201
5496	3706
3732	5786
8042	6049
7518	5252
5004	3569
8003	8199
5289	2701
3502	3140
4798	1373
4356	3758
6629	3261
7654	3826
4213	2326
3619	2031
4268	2426
7561	3614
4107	2286
8365	5704
6107	3103
5323	3905
8531	5586
4754	2525
5290	2134
8314	4514
5611	5386
8256	4707
4390	2118
7984	4943
6264	3821
6080	3699
7181	3650
5160	2031
5887	2016
4811	5075
8109	6538
4572	3729
6133	4335
7097	3329
8334	3962
8797	7339
7427	8275
4581	1697
4594	4808
6840	6683
4887	2127
7527	3935
7616	6670
5546	3624
5869	3844
4655	1742
6861	4369
7439	3246
4933	4084
5597	3953
5558	1771
8547	3604
5391	1536
5297	1892
4712	2160
4133	2472
5521	2337
8140	3728
8241	5091
4669	4693
7651	3601
7745	6188
4885	1771
4627	2502
3565	2768
5422	2421
4831	1825
6949	4323
4932	2366
8059	3887
5463	2199
4136	2552
3773	1845
7323	4216
7577	9776
5247	1930
5595	1811
5439	4828
8962	7211
4165	2365
6712	2743
8102	2735
5686	1726
3145	3713
3915	4631
5837	1770
4045	4409
4758	2600
4949	2084
4415	3931
5472	2352
5192	9216
8342	3805
7332	3150
9017	3823
8737	4359
8915	3981
4227	1887
5559	2318
5286	2064
8356	3682
7939	4058
4698	2186
3698	2114
5441	1914
8136	5869
4956	2335
4759	2022
4513	1809
3397	1606
3436	3311
4980	3814
5539	2106
4859	2281
7238	3584
6591	4696
7865	7685
4761	3393
8173	2268
3583	2119
6891	4749
4237	1523
2885	3567
7999	3441
8384	4850
5636	1983
4879	2339
5608	2168
4994	3533
5412	3922
3226	4187
8455	4058
4423	3651
8793	4025
7565	9873
3279	2986
5305	3974
8127	3503
6774	3838
3887	1693
7932	4594
4804	1530
5385	2116
4714	2224
5446	2502
5876	1548
8345	4070
7732	3109
7201	1939
5624	2032
4717	2431
5433	2468
7699	3395
7592	3920
5649	2046
4171	4763
7986	3835
8521	4124
5268	1983
5967	4544
4088	2226
8276	3167
7213	3756
7355	5017
6861	4373
5281	1836
4808	2069
7401	6419
4593	1580
8809	3338
7539	4295
4472	2379
2347	2286
4602	3360
7290	5843
5295	3051
4667	3056
4847	4294
5028	3944
7857	7818
5096	2412
6975	6012
3297	2105
8350	3877
5375	4776
5056	1736
8663	3987
8513	3291
8626	3276
5219	4271
4680	2172
5878	3201
5162	2205
6803	4307
6512	2442
8267	3333
5701	3273
8243	6573
5140	2319
5070	2148
5696	3498
7593	3810
5655	4464
5221	1357
4838	2538
7692	3791
5893	2144
5819	3490
7674	4971
3686	2179
4954	2877
5059	2135
7504	5973
4467	1922
7886	3828
5641	2003
5645	3780
5730	3797
1953	5209
8238	4742
5660	3490
8623	9522
5493	3434
7236	4832
3822	4732
5323	3541
4896	2503
5280	2368
6319	4231
5018	2237
5079	2255
7337	6786
4952	2913
3596	5302
5070	2193
3036	5670
8619	3696
5495	3491
7985	4340
5114	3359
4745	2290
4613	2034
4781	3038
5736	2227
8104	3600
5847	1537
6808	7088
5155	3031
5620	1655
5813	2750
5505	2101
5874	3297
4588	1726
7548	3643
5084	1257
8020	4381
4268	1515
4022	1697
5627	2246
6197	1711
3903	1818
7728	5932
7383	8236
8448	4387
8407	4870
7252	4108
4739	3265
7653	3814
8370	4556
5461	3073
5059	1423
7898	4065
6285	2397
5034	3261
5414	2160
5403	2128
4734	3185
7398	4078
4593	2646
7052	4362
5199	4252
7190	4136
5722	3259
8720	3623
7295	4362
3893	1807
7316	3438
8386	7676
4278	2326
5295	5025
6942	6213
4972	3879
6664	3025
4610	3413
3281	1553
4351	2766
3665	1945
6143	4310
3648	3574
8221	4157
5540	1960
8145	3736
7785	5403
6914	5439
6460	3968
5915	2858
5009	4096
5649	2613
4194	2334
7676	3305
7857	3931
4719	3531
4124	2674
4722	3695
8187	3507
7624	5680
8114	2897
8283	3424
4135	1984
5328	1998
4821	1965
5319	2340
7377	3587
5179	4410
4110	1887
5552	1761
4800	1874
5125	1734
5173	3705
7346	5789
8309	8138
5086	2753
8376	5150
7531	4475
5007	3095
5147	1995
8414	9006
6885	8492
8108	5882
5550	2432
3916	3133
9532	3889
5769	1978
5273	1469
7143	4723
3435	3059
8199	3636
5163	3376
5302	2556
7557	3155
5663	2146
8845	3549
5453	2765
3296	2197
8357	3504
8332	3061
6826	4360
3580	2110
5479	7100
5218	2324
5087	2132
6952	3669
8495	3935
5175	3239
7428	5404
5734	3570
7055	4748
7464	3682
8067	3584
3565	2459
5571	2888
5693	0
9313	4276
6932	7312
7594	4782
5255	2115
7622	3695
3464	2228
4188	3218
5485	2542
5681	2290
7692	6650
5603	1915
3696	2522
5443	3687
4928	2592
5178	2080
7793	4988
8593	3776
5925	5057
7644	3878
7146	2965
4754	2052
7906	3266
6378	3471
7714	4019
7244	5284
8114	3753
7416	5872
5208	3825
7013	3850
7197	5619
4773	2049
5680	1940
8504	3351
8819	8138
4876	1900
7420	3747
5140	3672
6030	3922
3847	2599
8265	3589
3281	2678
4394	2100
4218	3718
6734	4333
8206	4178
4901	2076
8820	3921
5732	2452
5930	3985
6832	3336
5441	2055
5650	4358
8117	3235
6999	3804
8061	6696
3327	3261
5533	3708
6427	4412
8283	3236
5776	4084
5378	1999
5406	5560
4896	1978
6654	3681
5685	1799
8727	3680
7531	3735
5521	3689
7328	7748
7504	4808
5296	3217
4592	1698
5794	5163
4738	2216
8070	4946
4033	2228
5008	5058
6488	8674
8425	6976
3942	1529
8345	3619
5376	1784
5580	2078
7766	3973
5157	6991
8401	3505
5969	5041
8518	3823
7260	4365
8286	9241
5467	8744
4160	2123
5496	3250
3777	3547
5576	5029
8782	5862
8643	3899
4974	1725
7719	4364
7747	4463
5548	3983
7651	3347
7885	4347
7828	3762
5623	1765
4563	2058
5097	2459
8189	3685
6908	7669
3278	2176
8802	6863
4744	2663
8182	4401
7519	4482
7546	4054
5487	3116
7945	4465
5828	2299
8296	5182
8381	3682
5170	1902
6873	3782
8879	6082
7680	3676
5541	2917
8115	3436
7180	4140
3447	4229
7724	3639
8237	3969
6917	3184
5595	2773
3661	2747
3331	2122
7226	3620
3772	2849
7255	3068
4601	2008
3451	2103
6234	3634
8469	3576
4108	1845
5544	4627
7612	7501
8514	3993
5223	2442
7939	4000
7627	6562
3839	1429
5575	1925
6978	5222
8851	3712
5141	2205
3835	2194
5588	2560
5349	3695
8192	4435
8612	3974
7696	3068
6940	6151
5595	3017
5491	2084
7550	3190
7724	6596
8747	4082
7310	4275
5456	3687
7525	4303
7028	7232
4031	2560
5343	2435
5322	2476
4718	1959
5304	3395
5891	1531
5163	2258
4664	1880
3935	3103
7792	4111
4974	2145
7598	3710
4928	2172
7923	4126
7520	4034
8638	3698
4444	1948
7231	3873
6752	3770
5025	5782
5030	3374
5272	2134
8970	3319
6222	1873
6138	3798
7434	3698
8664	7248
7417	5941
3869	2942
5827	1733
6130	3575
2950	2119
5510	1813
8247	3345
7627	4163
7007	8440
5547	4637
8818	3890
6699	4272
6001	4919
5731	3100
4898	1416
8614	6081
4376	1340
5003	1910
5179	4267
3135	1849
7820	4058
7204	4665
5461	1994
4108	2457
5560	4553
6214	1877
6281	3237
5304	4108
8450	3676
2332	5175
6840	4090
7956	7905
4671	2063
8357	4614
8049	4425
7762	3663
8701	4582
5299	1972
5764	2237
8515	4871
5077	3847
7540	4538
5364	2427
4946	2125
5290	2330
7880	4147
7318	5987
8158	3263
6010	2037
4929	6810
3794	4382
3487	4338
6401	3593
4501	3711
4896	2067
7700	5404
5552	3083
6040	2012
8420	4194
5094	5811
7714	3974
4938	3186
7622	3507
5576	2144
6708	4088
7216	6863
4766	3057
5184	2305
8337	2854
6886	3635
5286	1896
7085	4157
5222	2449
5244	3331
4953	5824
5334	1989
6177	2249
7939	4218
8027	3640
6620	3285
7380	4525
7511	5422
7181	3579
4889	1838
4997	1875
8867	6421
5713	2490
6528	7793
4078	3061
5252	4763
3882	3566
5467	2218
4966	4570
3508	2104
8835	5810
5432	3419
4128	2156
5087	2091
7343	4658
4984	1716
4654	5465
5160	5357
5579	2108
8645	8016
4956	2007
5499	2981
5264	1828
7972	4405
5576	2436
4180	3398
5338	3506
5282	2908
3777	2136
5768	2663
4462	2645
5136	2341
6934	4061
4718	1625
3592	2330
8291	3373
4586	3931
5734	1768
4703	2130
8645	3612
3350	1942
4109	2600
7528	3856
4541	1981
7343	3475
7773	6625
4168	2336
7525	4101
5481	4441
4785	2058
7873	8866
4887	4524
5408	2940
7283	7047
5659	5128
5386	2885
5289	2159
9296	3419
8014	6574
7715	3594
7817	3106
7001	3386
6961	3430
6336	2283
8221	3905
7464	3549
5820	4995
2410	2780
4858	1767
3426	2029
5320	1701
6054	8042
5539	1935
7495	4082
5014	2431
5147	1434
4946	1480
7304	3749
8074	5073
3022	2562
4535	6364
7870	3476
7743	3337
5472	1900
4172	2928
8725	4070
4539	1734
5219	3689
8150	5197
5725	4044
6997	4585
4577	4368
8881	3960
6536	3962
5777	2659
4923	4709
7798	4327
6009	2035
4184	4517
7802	7668
7035	4556
5279	4366
5002	2059
5046	2374
5467	4276
9050	9295
5003	2588
8544	3707
8973	3954
5603	1842
8372	3707
8499	7549
8527	3667
7577	6158
7625	4379
6248	4033
5045	4341
3395	4338
7160	4220
8318	5603
5213	3735
3692	2470
7080	4713
7154	4415
9048	7040
8857	3750
7615	4991
5205	2278
4242	2113
7487	4198
8766	6042
5194	7414
9332	3431
8229	2580
5696	1944
7128	6165
3800	4388
8401	6258
8250	4275
6330	1374
5888	4236
5006	1789
7474	5552
5642	3564
5321	4344
4696	3918
5005	2871
8227	4117
7928	3095
5608	2383
5694	4870
7677	4833
4944	2184
5846	2445
5201	2378
7750	4227
8460	4364
4290	2069
8490	9999
7868	4270
7879	6386
3621	2054
6697	3842
5465	2014
4923	1941
4994	1938
6208	1885
4078	1423
6303	3756
7531	5836
5241	4643
8028	3571
8249	6904
3362	1735
6045	6042
4797	1907
5800	1959
8621	3552
7575	4390
4819	3539
8327	5885
5878	3541
4690	1905
4296	2336
4624	2032
5017	1762
6070	4341
7825	3882
5394	1891
3399	2907
5213	1585
6710	5772
5906	2800
8396	4067
5658	4803
8969	7828
5693	3242
5294	1639
8614	4309
3134	3891
7939	9174
8447	5292
4119	2034
6006	3311
6588	3559
6297	2498
4715	2195
3019	2028
7820	3708
7253	3648
5329	1480
4905	3800
5068	2057
6236	4044
7957	4566
7945	3590
5664	4001
4939	4569
5092	3012
7474	3565
8068	6126
5452	2290
5274	5569
4551	2084
5463	2368
6498	2418
7725	6446
5941	3732
8133	5740
7228	8602
7489	5903
8169	3680
5145	2320
4886	2408
5012	3398
5452	5384
5296	3041
7616	3195
8087	4300
4975	3617
4218	2808
8144	4055
7023	3749
8658	4920
4396	2428
5717	2158
8463	3963
7181	5609
5187	3673
7400	3580
7927	8408
5746	2371
4876	2362
1807	1975
5848	5846
8104	4529
7622	3675
5131	2097
5850	5262
7685	3950
5195	3681
4892	2078
4541	1830
7922	4680
5082	1955
4652	3200
8156	5742
8708	4074
4561	1856
4412	2217
8065	7271
7389	4433
3211	2591
4429	2335
4647	3500
3295	4137
8249	8323
8035	6065
5594	4039
4844	1917
7506	9546
8775	4291
7198	7313
5100	1931
3216	1895
5943	4493
7629	5682
5567	1490
8446	4842
7632	4706
4393	4691
6165	2239
5178	2344
7502	4080
5025	1951
7876	3765
3547	2023
7978	3918
7557	3372
5812	3502
8639	4154
3832	3586
6890	4219
5407	4368
7112	3596
7748	3948
7454	2772
8536	3900
6538	3506
6450	3347
8525	5717
4875	5574
6572	4535
3260	1916
5183	1574
4924	2144
7142	2814
3914	1525
7255	2990
4722	2331
9801	7212
5440	3387
4701	2528
7909	3542
9747	3540
7157	6129
4489	1759
2071	2375
9266	3873
4467	3640
7323	3872
3584	2165
4044	2342
7733	3145
7384	3814
4024	1637
7375	5346
8424	3321
8277	4128
7795	4027
3699	2300
7393	8133
5614	2236
7059	3961
8644	3525
8672	8616
7663	4616
4247	2116
6032	2151
9200	5263
7369	3235
4974	2061
5612	3511
8168	4450
5498	2334
5913	7959
2783	2624
7732	3371
4994	1897
4473	2355
7468	3295
8320	3749
6052	4305
4912	2214
3134	3803
6429	3981
5233	2696
8456	8983
7334	4200
6120	2978
8694	3832
2981	1991
4736	3661
3667	3687
5529	977
8252	3153
7210	7325
7382	8427
4719	2263
2669	2030
4662	2374
4927	4510
9031	6622
5933	1803
7725	4520
7911	3198
4994	1369
7785	3940
8125	3615
7480	8129
4736	2182
5434	1833
6243	3214
5545	2508
5630	1931
5740	4666
5073	2172
8470	4148
8122	8252
3449	3085
8292	3732
5530	1952
4565	1832
7197	4609
7673	3883
5581	1940
5216	1546
3393	1729
7710	3699
7581	6302
7369	3191
5182	2467
3643	2323
8521	3924
8044	4762
3990	2247
5165	6939
5343	1908
5754	1643
5784	2440
7861	3610
6442	5108
5053	2875
4729	1442
8425	3876
7895	2537
5404	1750
3326	2537
4833	2283
5199	1743
4968	2029
8798	2133
6711	2467
3735	4226
2118	2078
6732	4366
7427	3464
8467	4498
8627	4220
3663	1530
8022	9587
7376	3855
8040	7093
7022	3977
8819	5390
4223	1871
8169	3982
5132	2343
4820	2290
5665	1571
7804	6151
6173	2220
5364	2230
5308	1974
5782	3236
7612	3750
7048	9270
3078	1994
5565	3272
5912	2183
6818	4217
7329	3909
7009	3570
5500	2145
7768	8394
8308	4394
7376	7424
3737	2366
7638	2203
5473	2525
8318	4454
3761	2104
8505	3379
5088	1998
7001	6391
8072	4269
6589	6506
5171	4451
8153	3271
6302	3210
5813	2015
5274	1734
7509	4507
4887	2435
4972	4998
7395	3771
8600	4848
7375	3228
3166	2297
4780	2068
7862	5506
4883	1835
6896	3223
5786	2169
6364	1363
5165	5048
5617	3813
3981	5128
5068	2222
3659	2194
4932	1615
5026	2026
6223	2296
5751	7698
7629	7304
5258	1785
3860	2272
4866	1980
6956	9194
5641	2416
8324	4150
5379	1937
4678	2206
4484	2677
8393	1409
5621	3624
7431	6439
6875	4393
8435	3834
8522	2979
4910	2460
7453	4760
4708	1684
8196	4207
4901	3774
8720	4325
5304	3933
5132	2590
6857	3852
6849	6167
4754	1972
7098	4046
4835	2134
5521	2233
4954	6530
4015	2708
6195	2275
8581	3771
4835	3304
6453	3689
8295	4270
6550	2952
4557	3420
7620	5486
5366	3186
5403	1796
7340	3641
4958	4098
5680	3719
8988	6429
8215	2887
9999	3346
7902	6232
8202	7444
6819	4105
5545	3221
7260	3748
6884	4322
5119	1868
5625	3948
5918	6320
6126	3315
5937	1784
7722	4547
7277	6694
4674	2284
8152	5385
5142	4072
8174	2771
5026	1744
6844	3933
8170	3533
8077	4433
8229	3796
7539	6395
7942	5097
5794	1682
8129	3577
5004	1647
4810	2175
4323	1992
7058	5469
9500	4420
6781	3838
7988	6917
6999	3875
8627	4104
6270	4092
7588	3481
7490	6380
5486	1975
5909	5250
4075	2486
5394	1712
7992	4053
5534	2084
7260	3929
5232	1250
6950	3899
7431	3983
4921	2081
6021	3502
4889	3534
8000	4629
4689	8334
7548	3884
5125	3417
3455	1971
4662	2816
5812	1496
5229	3810
8499	5776
6442	5235
5637	2424
4004	3554
7622	4579
3651	1930
4975	1638
8666	5372
5166	2214
4880	2167
7494	3393
5673	4161
4878	1929
5079	4273
4082	2942
4955	1904
5654	1891
6859	2299
8255	3911
6307	1999
4955	1683
6687	4573
7747	2804
3669	2622
5570	1776
8241	7378
5247	2178
7927	6130
5612	2079
7775	3327
4325	3898
5634	5521
5339	1762
5620	2350
7275	3709
8700	4245
5717	2379
7156	2799
5563	4186
5084	2429
4685	2237
7927	3240
4904	2153
7668	3923
4714	1826
7217	4123
5662	1780
5941	6679
4838	1888
5057	2208
2242	2271
5640	2688
5184	4668
4214	3102
7028	4271
5539	5175
6857	4097
7585	4343
5361	2092
4497	1780
8316	5545
5421	3192
2639	2568
5692	2488
5528	4406
4963	2170
4903	2037
3811	1731
7808	8304
5128	2106
3451	4669
5550	5940
5064	6941
5354	5149
5301	2291
5293	3447
8088	3363
4229	2003
5092	5299
8668	3749
6023	6951
2755	4425
6484	7012
4858	1988
5920	3157
5227	1900
5040	1988
5214	2388
8071	6940
5182	1935
9058	5688
4798	4150
5700	1892
4674	2188
5137	2337
6220	5053
5215	1883
8822	4003
5187	3305
5039	1707
3535	1732
6881	3359
5338	3320
4766	1610
8726	7035
5231	3684
4875	3627
4032	3066
7748	3333
6558	5111
5301	2332
5355	2906
7869	5809
8002	3353
7373	3123
7173	5750
5446	2001
5631	4172
3872	1951
6449	3664
7989	3216
7619	3654
5049	4717
5971	2769
6855	4270
7960	3306
8116	4457
8694	3469
8048	4114
7203	6173
8208	3231
9573	5032
4295	2038
5466	3358
5359	2298
6103	5248
3951	3730
7748	4358
8691	4714
3003	3175
8019	3984
8642	3547
5268	4130
4216	4341
4818	1915
5001	3381
6090	4806
8954	3979
3711	2154
5117	1878
4704	2557
5443	5036
7852	4955
5418	3984
5266	3374
8324	5169
5311	1560
5806	2368
4796	3307
2983	2463
4956	3847
5467	1869
4234	4347
5596	1640
3230	1434
5969	2096
4673	2915
2797	3909
4521	3222
4877	1951
5241	1781
8272	3129
5397	4085
8003	4387
5274	1753
8474	9148
4123	2270
7472	3611
5725	1888
8595	4287
6538	3175
8485	5834
4185	2404
4966	2951
7653	4353
8138	5744
2397	2255
4931	3645
5143	1641
4356	2053
6859	4709
5064	2823
3690	1893
5861	4293
9913	3182
4702	1840
5756	2205
6323	3325
8548	3482
7761	6889
4791	2764
5147	2955
4246	2129
8937	3929
4849	3149
5188	3789
5662	2515
4710	2108
7358	3331
7583	7792
5445	4059
6746	3880
7175	6647
9059	3718
5295	2454
5555	2116
6351	4273
5497	3187
8553	5573
8272	4210
3262	2067
5201	2273
6924	3094
6863	2926
7900	4479
5874	2812
8174	2440
3724	2420
7835	3187
6812	5111
5137	2086
5259	2090
4271	4039
7183	8159
4756	1917
8645	4048
8453	4160
4761	1933
4466	2504
7787	3883
5439	2224
3317	2270
8097	7006
5368	2069
4579	2253
7706	3900
7104	4820
4764	1765
4202	1954
5345	3923
8287	3323
6752	4090
7382	3648
4983	3899
5299	1878
4323	2765
7986	4011
7176	4437
4865	1796
6842	3961
3558	2421
2083	1936
8566	3678
4954	2171
4987	2331
5451	1974
5952	4212
7042	9532
4898	3317
7552	4438
8033	3776
7723	3896
8388	4649
6339	8896
8972	3593
5820	3939
7497	3178
4577	2150
5187	2425
7935	3625
8276	5516
5367	2140
8211	4112
5058	1922
5415	3439
7658	3648
3039	3248
3036	3717
6989	4026
6469	1844
6813	4646
5448	4271
4403	2707
7569	4823
5141	2496
4455	3513
3245	2507
5176	2155
5094	1816
7095	3547
7749	3584
7173	5634
5002	2073
3621	3428
4259	2843
4748	1613
5052	5270
6025	2003
6232	3329
6669	3555
6127	3893
7922	7890
4001	1889
8927	3853
5015	3894
4901	2147
5009	2256
7598	3249
5825	2019
6095	2752
4275	1588
6026	1813
5063	2919
8352	4486
8689	3644
8190	3156
8572	3679
6297	3345
8388	9187
4352	8123
5457	2604
5129	2260
6020	3802
5471	5477
9012	4339
8131	4087
5341	4717
7986	7409
2244	4157
5401	1974
7882	3860
4338	1931
5772	3061
8208	3904
5448	2086
4898	2198
6087	7251
7471	4100
5494	2013
5004	1669
5145	1996
2219	5459
7675	5554
3524	1868
8338	3721
4966	1925
8445	3461
8507	7773
5688	3101
7703	3958
4884	2547
5241	2074
7372	4294
6465	4159
7389	4225
7840	4379
5467	4132
6866	4942
4875	2826
8365	7516
8639	3943
6032	2329
7755	3803
5553	4250
5066	2123
5490	3182
7161	4213
5610	3878
8600	5114
4836	4036
4556	2265
8031	3965
4590	2091
5220	4504
5768	5285
7367	2970
4405	1565
7452	4014
5422	1638
2549	3863
7106	5764
6522	2056
5123	2743
7642	3810
4119	2343
7205	3299
3625	5039
7714	3551
5770	2029
3705	4109
3571	2322
8618	5886
5784	3172
7984	4084
7259	2694
5226	5579
4916	2901
6597	5921
8252	4485
9381	4809
5688	2602
7280	4190
6577	4118
8514	6846
5826	3944
2806	1891
7432	5237
7669	3247
7002	5189
5468	3041
5073	2133
5119	2612
6238	2521
5321	1809
3387	3312
6860	4395
5625	3748
7084	3705
5970	2001
5023	2243
8988	7320
7477	4249
4609	2171
4911	2306
5635	1761
7219	3967
7610	4042
8289	4459
4930	3915
8464	4593
7663	3638
5638	3705
7713	5594
5356	4696
5764	1528
3497	1575
8267	3823
5490	2426
5711	1977
3979	2263
8153	3144
5111	5078
8867	3492
8020	4097
8668	4329
5765	5408
7670	5959
4933	3368
4836	1935
5003	3529
7257	3783
3428	3189
4668	2179
7526	3942
8518	4694
6454	4017
5576	1586
4007	3388
6069	4000
4944	2095
7557	3770
4638	2160
5653	2037
7667	4325
6376	4495
5546	2606
9758	3903
8659	6359
5463	1837
7542	7150
8148	3982
8384	4808
5317	2282
5692	2372
8741	7392
6256	6300
4638	2417
8850	4105
8412	4754
4945	2129
6917	3612
6278	4095
3587	4529
4961	1977
4814	1799
7719	3062
5179	4227
7444	3607
5634	5427
2813	1815
4533	3456
4639	1637
7587	3680
6518	4103
7788	6661
8092	4382
4162	3261
8104	5342
5916	3649
7893	3643
7542	4037
4920	2157
5034	2242
7215	3276
6757	5925
5374	3565
6035	2054
7515	4168
7845	3288
5502	3834
7901	3433
5539	5048
5135	2758
5289	2196
5125	3286
7016	8700
8725	3496
8097	2489
4785	1917
5591	2273
3207	7303
5245	2298
7503	3845
5695	2516
8768	4856
5440	3324
7417	4129
9580	8550
5394	8722
5589	2124
5257	1746
4286	2388
7824	4875
7890	4111
5881	3446
8317	5540
6313	8524
4379	4087
5081	1723
7503	7556
5564	3151
7676	4365
8323	3846
5116	3277
7606	4949
3621	1825
8184	3535
5673	7138
5045	4592
5767	5836
5226	1670
5180	2322
5770	2281
7300	4385
8735	5627
5308	1882
5070	2147
6390	3992
7003	3458
7989	3757
7994	3657
4673	4881
5416	1519
6211	1758
3554	1991
3904	2175
4502	1381
5848	4136
7585	5599
9004	5987
3046	2479
7196	5926
5610	3146
4741	2090
7896	4176
7957	4078
5099	2271
5125	1471
4991	2682
5366	2409
5332	3916
6230	4186
7397	4013
6103	4120
3590	1808
4259	2305
6803	6735
6956	6555
7559	3153
5533	3716
8307	4576
6672	3527
5015	4414
7189	4287
6824	2851
7295	4347
5444	2666
7843	4201
7326	5752
4771	2432
5343	2097
7594	4028
3557	2379
8413	4012
7932	3911
5451	1401
5312	3484
7578	9029
5601	3268
2392	4440
8504	4107
7563	4098
5868	2831
3808	1675
2974	1978
5490	4226
8569	4379
7608	4489
7229	3810
5664	2024
7028	3922
5083	4480
4803	2731
5345	2554
3568	1976
8545	3259
4244	2071
6417	2283
5771	4050
5150	2255
3208	2107
3924	1927
4070	2549
5430	1966
5654	2680
5535	2195
3273	2184
7227	3677
2802	2130
4908	1624
8110	4466
4768	1899
6727	2875
2436	1838
4886	2213
3789	3020
6508	4237
9179	5513
5230	4533
4880	3746
5449	1837
8260	3876
6036	8702
8269	8686
7618	3324
5892	6775
5076	2574
6169	2322
4584	1906
5304	3657
6420	4090
6390	4103
8145	3378
8185	3383
5226	3644
4276	1463
5037	1856
7641	3889
4432	2513
4801	1633
4587	2203
5670	1916
7687	3024
4135	3478
2547	4242
6923	3746
7169	3751
5080	2867
8785	3213
4913	1672
5062	2294
8225	3347
4168	2096
8340	3417
5987	2339
5270	6081
4673	2323
8007	4291
8354	3060
4938	2092
8823	6992
7942	5667
5774	2499
9434	4019
6615	4098
5465	2205
7590	8872
6328	4773
5767	1697
5442	3839
5249	2116
8402	4739
8239	4106
8647	5297
5702	3777
5545	3063
7992	5704
5493	3197
5551	3732
5216	2625
2490	2482
8120	6309
5115	4781
7631	4154
5129	2930
5118	4911
2878	3672
5508	1841
5100	2333
8529	3405
5667	4095
4521	2407
4992	1835
4639	1946
7416	4845
8898	3014
3485	4016
4732	2441
5747	1966
7183	3665
4979	7011
4818	2149
6437	3622
7920	4527
7202	7133
4612	3886
7255	4472
4445	2398
4013	2940
6544	3497
7926	7827
4860	2146
7216	3194
7479	7644
3953	1391
4085	2199
4049	5688
5763	2195
7726	5604
5559	5046
5906	1576
4145	3585
3932	2120
7975	9402
5335	2803
5128	2725
7491	3957
5079	3169
7161	6498
7448	3494
8395	6477
4851	2622
8161	8196
5142	3616
7183	4496
2899	2137
4143	2997
7980	7604
4862	2000
5993	2071
6846	3123
5383	3186
7978	3082
8302	3902
5670	3023
4499	2305
3228	1576
7602	3925
6765	6510
6516	3890
9458	3554
4202	3274
5081	1880
8619	4561
5184	3535
4929	2724
7956	3632
8469	3867
6048	3998
8117	3524
7336	4646
5314	1594
4765	2240
4614	2155
5207	5786
5355	1972
7466	3257
5472	2046
8643	5036
4310	2146
5217	2167
2917	1582
8247	2987
7262	3255
5276	3523
3257	5779
7121	3785
7719	4137
8232	9619
5147	3992
8298	3112
4546	4010
5787	2003
7850	3403
4751	2290
8269	5066
5767	2062
5265	2190
5713	2125
4908	2635
5437	2192
8516	3743
6554	8037
4600	2098
8290	3643
6222	3972
8416	2442
8326	3541
5726	1973
5687	1714
7832	4426
8596	3232
7638	9663
7056	3541
8331	3919
4602	1891
5202	3245
4337	1636
9333	3929
4901	1534
7744	4408
5926	2301
5323	1878
7978	7879
5577	2794
6080	2142
7633	7040
6713	3608
3817	3177
7274	6585
4793	9029
6854	4210
4265	1810
3867	1996
7680	4781
7700	4170
8289	3614
7408	3191
5330	4189
7700	3386
4607	2177
8242	8878
6005	3792
6982	4283
4728	1887
3707	2437
8208	3921
6754	3109
2954	2382
7587	6941
5627	2358
8028	3819
5165	4201
5707	2654
5819	2185
5180	7540
8315	4201
6312	3057
8031	3652
6537	4257
5119	1764
5606	7035
3063	4241
8120	3287
5260	5426
4547	2380
8226	4128
7387	4004
4294	2281
3852	2788
5400	4160
7149	3245
5426	1928
7908	3403
5561	2305
7724	4619
8120	4043
5321	4427
5401	3682
5575	2128
7287	4961
4195	1861
5121	3885
7677	3760
8372	4021
5342	2402
8680	3112
7405	9151
5648	2219
4677	1515
6452	3534
7255	8986
6708	4685
5413	1684
3595	2813
7446	3994
8455	3973
5736	1908
8198	4726
7672	6578
4799	2971
5340	2037
4617	2834
4616	1845
5323	1963
7377	4468
6873	4034
3326	4883
7943	4028
4588	3039
4876	1809
4580	1824
5502	1362
5013	2470
7880	6105
6656	4161
4221	2223
5528	2072
5565	3012
3481	1983
4767	3622
3746	2113
8619	5248
5633	1870
7313	3684
5048	1652
5173	2252
4689	1874
4415	2249
5522	2217
8807	2098
2241	4031
8503	3534
7686	9530
7719	6692
7755	4583
4687	2057
4416	4209
7568	3150
5564	5269
7205	3748
5255	1785
8420	6070
5221	2683
8158	6038
4896	4524
4877	2316
5815	1996
7283	3838
5659	2301
8502	3539
7300	6724
5113	4018
6245	4222
6739	4707
4994	2059
7640	7525
7639	3231
5197	5543
5687	2947
6335	2173
6812	3719
8429	5797
3864	2884
8381	3611
7977	4130
7114	5077
7902	3907
4430	1963
7615	5187
8353	7534
5125	3726
8141	5363
5092	3440
7591	3869
5621	1825
5718	4013
5517	1999
8123	2867
3765	1688
5391	1602
5790	1432
8436	3839
6848	4047
5655	3049
8535	3900
4508	4791
5046	1888
5247	2202
6886	3492
4690	2274
5609	3052
3765	4162
5482	3466
4301	1601
8321	4808
4741	2154
7542	6696
5743	4970
8267	3986
5299	2980
7093	3880
6178	4123
8437	4923
6767	4041
5139	5944
3524	4901
4983	2226
4666	2623
4618	3652
8143	5202
5211	2541
5785	2072
5096	4203
7450	4555
4922	3624
5665	1951
4031	3426
7426	3821
7187	4191
6016	3697
6553	4323
8251	5415
6417	2500
6265	4157
5569	4012
6389	3342
7668	3666
7610	3919
5327	3499
5104	2204
5001	2382
1924	4749
8527	4104
5349	2868
3560	1948
8290	3815
9123	4281
6856	4344
7884	4490
7933	3211
3312	4651
6966	4790
8091	3284
8147	3999
5809	6011
8909	9218
3331	2407
4207	2131
8028	3238
3338	1966
6254	3663
8119	3990
4852	2211
5711	2236
7886	3214
5701	6114
5118	2080
8003	3649
7058	3366
6453	3271
8378	5439
7828	3902
5724	3239
9032	8262
5483	5641
5635	4717
6172	4113
5496	4448
4194	4804
4941	1919
7291	3987
5630	1971
3247	2048
8354	6004
7089	3918
5513	2367
7689	3622
4485	4937
4802	1824
4733	2068
5266	4727
8454	4118
5638	4372
4808	2646
5740	2211
8063	3371
5110	2288
5128	2115
4503	3734
5650	3372
7685	4266
5118	1884
7442	4159
6981	3297
8312	5899
5245	2007
5532	3637
8162	3250
5452	1906
3846	1870
7593	5875
1924	2191
4641	1688
7671	7044
7590	3919
5320	1994
4319	3369
5809	3830
5630	3365
8174	3424
5048	2277
8454	9019
5509	1783
5148	3754
7980	3737
8426	5385
4631	2286
7333	4945
4940	3855
7828	3559
5792	4099
7555	3833
5638	3989
8044	4486
5938	4154
8128	3533
5181	2225
6711	4112
8333	3935
8147	4363
5879	3459
5078	4533
4544	2127
5168	2875
8846	3109
7914	3954
7921	5309
5205	2313
5091	1833
5135	3190
3815	3483
7575	4048
3967	5511
5245	1785
5734	5600
7260	3958
4200	2131
4075	2243
5345	3620
3289	1763
6770	5554
4906	2287
7494	6443
8502	4522
5548	4504
7582	5462
5554	1086
4846	1538
7385	8185
6982	7736
7865	6347
5646	1870
5352	2138
4803	2358
8239	3805
5683	3704
5449	3823
4478	2777
8858	3668
5736	3941
8466	3890
9793	5844
4894	2352
7127	4914
8739	3634
8222	4087
8268	4050
6448	4411
6945	4547
2014	1150
7767	3661
8618	3792
3249	3965
5198	2494
8212	3862
4911	1909
5403	1968
8617	3736
5078	2592
6898	3308
7995	6619
7885	4164
2775	2041
5084	2175
3237	2185
7788	3718
7754	4520
5655	5566
3545	1938
5856	4093
7466	4139
6293	6601
5431	3029
8374	3477
2972	1551
5796	5592
8779	4391
7231	6221
7850	2837
5228	2185
7256	5429
5591	2016
5624	5394
4509	5085
7797	6020
5257	1780
9026	4418
6493	2416
6682	4447
4062	3813
7434	4656
8509	3824
7380	4093
5640	5076
4099	3158
7618	7688
3962	4312
7934	4338
8767	3553
7422	5199
3486	2378
7957	4216
3739	2119
5474	3054
3724	1474
4031	2397
5121	2731
8574	3714
5667	4193
3477	1455
4198	3096
8504	3731
6835	3376
6814	4364
7720	9034
5625	1997
5219	2211
3433	1958
4977	4580
8520	3116
4744	3890
8243	3862
8300	4370
8951	4360
7207	5802
5260	1914
5664	1818
3607	1977
6905	7106
8930	3526
8547	2962
6787	3607
5260	2730
5191	1735
2966	1998
7616	4280
4853	1683
4129	2780
8326	4146
5764	1604
5190	1951
5399	2361
7966	3634
7978	5561
7750	5604
4481	2111
7527	4045
5647	3737
4355	2102
7950	4416
6956	3017
8008	3790
6724	3630
8184	3652
5521	7646
6170	3675
4937	2599
4635	5360
7896	2898
4869	2286
4855	2024
5992	5119
4404	3242
4449	1867
4931	2322
4670	2119
7487	5786
5288	1844
5282	5730
7371	4135
6983	5801
3926	1906
4945	1722
7588	3968
4657	2110
8003	4126
7086	3895
4993	2064
5328	2167
7941	3726
7645	4824
7619	3588
4887	1824
8308	4156
5657	4280
5642	2396
7413	5777
8318	3025
8701	3749
6605	5034
7544	3643
4959	2077
5715	2744
5543	1948
6631	3843
7528	4013
4945	5164
4395	2307
7114	4236
8406	5932
5751	8547
5108	2215
5449	4277
7498	6326
8302	3716
8158	4647
7191	3472
4276	1806
4998	3908
5464	1911
7037	2302
7867	7949
8550	3057
7896	3548
4855	1968
5338	2424
6406	2298
7452	4914
8171	7440
8279	6093
2627	2361
5229	5114
3177	2606
7000	3549
6219	3990
5410	2683
5597	4146
3324	2114
4681	1849
5335	1970
5587	1559
4902	4960
4797	2258
5545	2019
5742	1812
9182	3292
7591	5054
5865	1994
5670	2116
8249	4033
5347	3354
7093	3477
6185	2318
5329	3107
5501	3199
4846	2107
7548	3455
5125	1986
4804	2210
7226	3993
4343	3152
6441	1791
7551	2880
7498	4447
8221	3992
8265	3343
6358	3284
8072	4429
5731	2075
7160	9426
5262	3276
2326	3731
8222	4529
5558	2183
4034	2218
5040	4093
4612	3850
8270	7573
7555	6410
8092	4162
7791	3976
5690	1980
4033	4625
3391	3586
5733	1930
8806	4274
5515	2486
8098	5296
5148	1924
7737	5516
5610	1532
8234	2576
5242	2113
8481	4396
6287	2223
5707	4051
4685	2970
5444	4080
4822	1440
7743	6089
7750	4264
3695	3860
7701	3286
7927	4085
7436	6058
5918	6209
7845	3422
8179	3382
7541	4042
4171	1873
7486	4143
7627	6775
9312	2976
5305	1758
7555	4732
5309	4664
5158	2083
7949	3604
4376	2387
4499	2388
7206	5903
4121	2111
7419	3787
8884	4006
4057	2718
6168	3542
3622	7131
5294	1649
7732	8580
7736	4643
7959	3469
6485	6471
5675	2201
8514	4471
4923	2073
5127	2271
4160	3223
5363	1696
5658	2246
8615	3217
4362	4438
5294	3501
3786	1828
8132	5909
5718	2132
7782	9973
9850	4513
8600	4136
5522	3279
7464	3947
8439	5794
5814	3444
7194	3997
5004	2211
8052	3267
5657	2491
2378	1763
7063	2741
5659	2456
7786	3004
6187	4272
4246	1563
7707	3745
5491	4731
5522	4300
4939	1749
7293	4140
8758	3773
4800	7332
4146	5003
5051	3362
4679	1845
5421	3422
3402	5471
4284	2310
5792	2313
4544	2139
8495	3869
7431	3435
3887	2824
5528	2173
5642	6713
8049	3397
5769	4702
8796	3310
8145	3480
4820	1961
7451	3644
7596	3765
7863	3414
5162	4578
8191	5451
3927	1779
7212	3806
5024	2135
8087	5104
5019	2344
4962	2076
4304	2353
5062	3221
7196	3470
7803	3672
7856	4454
6892	3848
9196	1139
7907	4164
5137	3930
2743	3884
7205	3884
5197	1827
7462	5173
4002	2808
3247	2739
5574	3541
3147	1318
8502	3737
4633	2769
8602	7533
4909	1791
5741	4953
7233	4041
4369	2404
3921	3934
4606	3151
5528	2770
7777	4061
5534	4038
8676	5166
4034	2696
3850	1989
8500	5341
5618	2046
7769	2732
4642	1674
7163	3669
5303	2148
5791	3981
4638	2433
5947	2282
5488	2787
4427	2586
5322	2084
3932	1792
3034	1771
6117	7821
7210	3853
5968	2388
7342	3755
3646	1867
3971	2196
5374	2041
7327	4010
3993	2128
3926	1946
5342	2311
7464	4410
7331	8970
8153	4202
4147	3058
5121	3708
3502	2477
5398	4361
7297	4716
5297	1906
7735	4190
4572	1906
8517	6684
4880	1927
8662	4080
3853	2092
5352	2010
8414	4139
7981	3479
3387	1799
3566	1785
8135	3859
8079	4060
3741	4209
4587	1775
7886	5802
5005	3692
3133	2079
8475	5928
5609	1893
8361	2679
7808	4343
7558	3130
8235	5177
4763	4190
5565	2103
5989	4430
3182	1932
7854	8289
8598	4028
8561	3430
9199	3942
5537	3832
7278	4918
4709	2710
8370	3828
5620	2376
7627	3656
5510	2479
8207	4029
4311	3349
5586	4817
4771	1574
5678	2704
6254	6825
7734	3821
3944	1656
8656	3604
5665	5142
5144	1839
7970	3769
5466	2146
8147	4531
8534	4651
8228	3968
4907	1887
5099	1954
7115	4388
5456	2113
5259	3514
5336	2673
6061	3814
5501	1938
5599	2035
4701	4649
8551	4731
4848	1923
5534	5428
8151	7415
7616	4167
8726	4883
7018	3520
4186	1892
8930	3512
8400	2971
5437	2580
3463	4012
4911	2133
7246	3880
1837	1772
3653	1864
5387	1623
8797	4491
3961	3216
7526	4304
6039	3169
5720	1964
5195	2526
5170	3688
5315	1942
5155	1759
1619	2200
8115	5660
5711	2314
4638	4194
6659	3089
7646	3568
4348	1957
4473	5048
7983	4055
3891	3650
5910	2455
8399	3958
6772	4020
5475	1844
4709	2318
5186	2169
8269	3284
6292	2686
5666	2395
4677	2420
4711	3359
8201	6024
7042	9527
4335	4019
8527	4143
5739	2887
7434	5809
7151	3901
5190	3746
5248	1919
5560	2111
5527	4369
8058	7390
7653	8220
6389	1740
5069	1825
5523	2336
2386	2760
5355	2862
8747	3621
8868	4049
7622	3875
8465	3773
5004	2194
7928	4425
5643	2361
8362	4488
5574	2075
7817	2599
5159	2046
7981	3834
5462	1801
7984	3976
8727	4120
7326	4138
5635	1804
5942	6358
7803	4508
5139	1662
4672	2569
5276	2792
8261	7006
3421	1935
5418	4001
4483	1986
4859	2269
8746	6417
5039	1916
8294	3246
8408	6065
5311	2170
3513	2032
6334	4740
5954	1893
7384	3646
6200	3521
3168	2552
5863	2667
7100	6263
5535	4525
5775	1945
6160	3703
5088	2689
5625	3464
5122	2145
3266	1163
7106	5812
7945	3421
7381	4713
3631	2429
7695	3714
5596	2110
6999	4712
5057	2184
8777	3579
5047	2229
5811	2384
5129	2096
8418	8903
7640	3892
5863	1850
3669	2171
5878	2180
3201	2120
7736	3553
6403	4607
4719	2323
7710	9632
3178	707
8802	4327
8719	3709
8633	3080
7039	2683
8571	4079
4881	2011
7443	3927
5312	1887
7141	8314
5400	8386
5083	2643
8016	4036
5397	2721
4066	1998
6933	5716
6261	3522
8393	4586
5535	3351
5612	1982
5158	2415
8035	5453
5308	2026
5613	4350
6094	6727
7060	1984
2909	1999
5278	3693
9073	3859
3864	4363
8179	3963
5491	3923
6138	4490
6291	4619
3533	2237
8593	7361
8912	8042
3963	2403
5594	2630
5452	3475
4065	3800
5127	2079
8351	7770
5671	2264
6033	4504
4743	3373
5242	1655
8007	9794
4875	2191
7072	3479
4764	1932
4949	3286
5091	4965
6428	2788
5212	4247
6513	3895
8589	5412
8653	3055
5541	2151
5554	2167
7651	3227
7909	3941
7572	3464
8244	9573
5617	3921
5242	2295
8364	4027
8802	4018
2952	4858
7736	3986
3547	2233
7576	3668
7830	3534
8392	4823
8068	4438
5950	5140
8779	3848
4937	1391
7211	3492
5717	3112
6965	3633
6767	3272
4985	3581
8549	3926
5692	2315
9074	3873
5173	1880
8484	5469
8325	5604
7888	3614
6071	4130
7937	3843
5073	3826
6149	3885
8899	4584
8155	4093
5150	2013
5543	3737
7045	3514
3166	1846
7507	3472
7188	5405
5062	1924
7983	4180
5394	2113
6472	4014
4853	2123
6608	6145
5273	4561
7607	4334
5281	4510
4272	2206
8020	4646
8549	4131
5602	3810
7717	3188
4828	1639
5086	4288
5649	2113
7772	3489
5544	1848
4996	2323
7985	3993
7859	3992
4213	1698
5613	2016
4102	2088
8859	3552
5179	2188
5944	2416
4235	2785
5493	2174
8532	4078
8456	4314
8665	3468
2156	2364
3450	2021
8071	3849
5646	1779
5331	5417
8611	3238
4406	2346
7504	3011
6427	7063
2771	1990
4472	3374
7316	4714
8199	6435
4643	2131
4995	2034
5376	2919
5747	2380
5458	3000
7086	4385
8382	8519
4701	1786
7787	3576
7111	3610
8449	4801
8198	5863
5861	2399
8096	3940
3217	1758
5097	2478
5804	1958
5296	3495
5899	4465
5744	2376
4335	5857
3975	2169
9821	6122
3754	1858
6084	1590
7092	3980
3502	4074
3707	1950
5101	2693
4400	2224
8354	3667
5422	2514
5937	1783
6894	4373
4788	4252
5998	2190
3494	3721
6762	4246
8161	5296
6536	3404
8040	3892
5527	2233
5718	1577
4616	1986
5196	1798
5319	2510
8167	4943
5079	4816
7862	4929
6775	3351
7237	4302
8566	3573
5265	4954
5595	2415
7366	4050
5555	3553
5807	1985
5244	3881
2976	1903
6604	4748
6433	3944
8285	3234
4341	2230
8489	6361
7709	3458
8653	5032
5558	1913
5130	4006
8246	4101
5420	4122
8481	2960
8623	3195
4990	3092
3959	1428
8086	3235
6762	4347
6660	4155
5439	1745
5166	5407
7508	8816
8491	3842
4341	3480
4930	2254
5426	2644
2488	2257
7903	3704
5248	4310
6313	3779
6367	1307
4205	3662
4940	5465
7717	7192
8524	4802
6188	4139
8987	3805
5702	2119
8285	3072
5224	4089
7663	3846
4885	3772
5470	2196
3905	4232
4252	2281
5400	3482
6810	3281
8437	3745
5280	2134
8486	4837
5487	1571
8408	9030
7159	3551
4783	1707
8168	6888
3875	2031
6092	7586
5518	2322
7596	3918
5026	1575
8025	3986
5014	1728
7879	4819
4786	3238
7705	5371
4366	2568
6989	3703
5661	3058
5004	3363
5692	1572
8038	6954
7766	3706
6022	2052
5566	2538
5540	2471
7280	6969
9286	4065
8259	6999
7966	9365
5247	2282
8657	4653
7061	3634
5725	1804
6405	4771
7014	8771
7924	5871
6281	8717
5307	2129
8544	3669
8750	3668
7821	9142
5267	1500
5566	3619
6975	4192
8348	8629
4691	1989
5581	2548
5751	4740
7179	3255
8103	3961
8515	3736
5842	2197
4589	4308
7454	9434
5329	3615
8253	4149
7636	4000
5953	7504
4711	1884
7545	4036
7388	8570
7775	3574
5007	5507
7654	4159
4571	3603
5137	7063
4984	2861
4413	2413
6347	5007
6472	4251
5922	3644
7611	6585
5608	1718
4843	4595
5556	1920
4427	5391
8031	3913
5032	2004
8778	5522
5196	3958
4849	1890
7266	3707
8143	6755
4291	3321
5564	1806
5431	4012
8345	4291
7910	3815
5262	1872
5490	2217
3571	4238
7672	3467
4865	5383
4361	2701
4062	4091
7131	3438
8568	3156
7372	3738
7480	4606
5937	1960
8361	4267
5868	3842
7800	3806
7227	7355
5097	1537
5104	2457
7049	3903
7709	9557
8613	8621
5854	1878
7230	3948
5681	2386
8995	3495
5410	2154
7372	8159
6787	5025
4790	5613
8216	4311
5893	7308
7287	6088
4472	5536
5664	3116
7210	3753
7403	5997
8562	4527
5833	2120
8668	7806
5252	5089
6874	6172
4274	3004
6402	8536
8821	6874
4684	1496
3516	1990
7086	8148
3703	4338
5586	2005
7445	5932
7584	5076
5776	3942
5573	8513
4994	3294
5507	4273
5540	3735
6315	3452
5282	6968
5719	2109
5643	2028
7925	3900
7614	3833
4990	4610
5778	2104
7836	4766
5450	4755
5273	4079
8938	4153
5446	2334
4308	2498
8283	5011
5278	2858
7758	5743
4496	1613
3580	2261
6879	7484
8522	6426
4897	1083
6417	3295
5882	1989
4380	2187
5505	1641
6182	3398
4795	2762
7936	3176
5882	3896
3090	2748
5760	2841
7653	3727
8051	4008
4723	3523
4910	1815
7702	6584
3790	2211
4649	3589
6379	3684
7648	4943
5513	1910
7896	5067
8485	3956
6232	5812
5312	2091
4921	3440
4806	5439
7168	3907
7835	3996
7672	5273
5785	2523
4542	1870
5485	1595
5827	2903
4666	2635
8276	3410
8073	4955
6196	2074
5425	4839
3209	2291
5681	2864
5848	2516
7928	7614
8506	9232
8321	4507
4115	7182
5671	3454
4294	3869
7415	3930
7269	5387
5799	2237
3951	4244
5008	1900
6332	3654
6022	2532
5240	4018
7636	3554
5371	1897
7279	4006
5660	1873
7183	7856
5446	4208
5274	2220
7603	4165
4539	2373
5438	4405
5298	2480
7523	3804
6520	3977
4565	1894
8460	2809
8674	5646
5705	1827
5936	2309
6453	2242
5603	4959
7081	3690
8142	3406
7716	3855
3494	1831
8272	5370
7866	3517
8120	3662
4729	2274
4935	1662
6919	2915
8463	6187
5504	2393
7649	4427
7023	4292
6143	2005
4929	2100
4691	3873
5742	5308
8418	7561
3757	3563
6708	3388
4768	2291
5866	4098
6878	2080
5374	2181
5229	5049
3250	1572
9117	3894
7582	3950
2768	3896
7008	4000
5782	1575
8907	3354
5225	2186
5106	2409
5883	3546
2205	3148
5718	3162
4455	1445
5638	4231
5615	2248
5225	5356
8835	3598
9216	4538
5369	3849
7648	2828
7879	3620
7274	3541
3410	2193
5500	2022
8027	3594
4830	3415
5285	3207
4669	2339
4788	2315
6381	2165
4743	2752
2478	2304
7873	4839
8738	4384
6053	3444
7506	5925
5295	2387
7230	3232
5388	3416
5459	2214
8683	3534
5007	2145
7711	4322
7339	4635
7553	3715
5242	1863
8288	3491
6522	3448
6048	5645
3683	2150
5183	1989
3925	2417
4560	1916
3966	1741
7100	4033
5695	2025
5667	3157
8672	3743
5217	1949
5325	2026
5132	1400
4601	2406
8001	3606
5701	2032
8331	3447
8371	3989
7783	3327
4671	3569
5318	1865
3569	2326
9300	3705
7419	3675
7830	3796
8002	6462
7274	6360
7541	4070
5599	2517
5100	2157
5862	2820
5048	1740
7176	3467
7545	4552
5241	1834
8079	6263
2894	1898
5207	2360
5617	2905
4938	1930
5460	2707
6996	6408
6194	4915
8783	3695
9315	3246
4974	4314
8418	7452
5819	4074
8185	3955
5867	6539
6280	2981
8388	4285
4393	1828
5683	4045
3856	2471
5814	3720
7098	3533
8068	3878
4734	2932
5222	5776
5030	1939
5567	4226
5457	3627
5295	2236
8010	6171
2854	1826
7987	3656
4654	1975
7888	3539
8141	3437
7110	4083
7545	3425
5612	2477
4906	1938
6258	6669
4882	2792
5717	2312
8238	3440
7692	3053
5484	2075
7244	4736
5127	3530
3898	2075
7537	7410
4896	3892
7754	3973
5337	2281
6825	6877
7654	3564
8211	3667
9130	3898
7151	3274
8528	3693
7511	3947
5431	4249
7475	7226
5236	1553
7706	4270
8059	3269
3834	2079
6157	3140
5533	4144
4657	1852
7664	5736
3785	2139
6038	2483
7330	3370
8202	3186
7650	8571
6066	5461
8729	5756
5664	1911
7597	3561
7554	3942
8442	4192
5463	3275
5496	4589
7082	3701
3957	2028
4943	2342
3587	2713
5545	3370
4811	2368
3350	1895
8759	4468
5171	2120
4971	3562
5502	2157
8393	3867
5354	1799
5175	1830
3474	1972
6292	1859
5650	1674
8449	4132
5133	3314
8410	3549
6283	1735
4876	1593
9452	3270
5816	2075
5269	3781
5672	1962
7166	7516
7167	4595
7565	5459
8041	3636
3533	2502
8170	5339
6871	3366
2665	2638
4703	1900
5030	4267
7376	3667
7113	3912
5589	1747
8123	5693
6176	1837
4706	1998
4739	5250
5781	2567
8053	2949
3232	2261
5525	1571
7031	5391
5657	2332
4911	2290
4126	1643
4287	1786
5354	1751
3636	3918
8189	4556
8295	3513
4887	7457
6999	5042
5152	3148
5055	2097
5633	3372
7108	3933
5640	3420
5909	7321
4916	3470
5644	1883
6256	3376
4943	2187
8965	4676
5613	2293
3551	1604
5472	1524
1636	3109
5599	3269
5336	2185
5013	2098
7817	3709
9527	3181
2035	1917
5813	1174
8975	3598
2568	2047
4143	2132
5992	3329
5245	3928
4078	3428
6157	4150
3373	1669
7482	8090
8612	5360
4698	3685
7886	5744
5800	3390
5112	2262
5403	1852
5626	2024
8058	6166
7994	4450
8606	3357
8433	3515
5462	5641
5082	1440
4206	2531
5499	1939
7080	4225
4027	2433
5203	3710
2496	3855
8885	4081
5266	3432
4963	2074
9856	3593
8742	3699
4926	8093
5641	2501
8395	4492
8126	8493
7988	3904
7904	6380
8711	4759
7326	3775
5685	2377
8291	3123
8650	3270
5604	3493
3775	2059
7567	2935
7292	3728
5298	1673
4577	2056
4334	5114
6759	3674
5068	1881
6386	8198
8768	3682
6624	3814
8380	4102
8052	3655
6564	5648
7995	3857
8336	3323
9249	3315
4499	1793
5437	3191
5109	1917
8723	5282
8423	2765
9039	4249
5771	2254
8871	4283
7440	3196
4009	2042
5084	4495
4426	5084
5190	1996
2970	3462
7164	4615
7577	3815
9106	3527
5247	2218
7423	4039
5732	3847
5658	2097
7955	2699
5183	1580
7251	5362
5864	2224
5579	6950
7038	6583
5127	3349
8207	4134
7551	4875
5860	5918
6801	2815
4720	2053
5674	1801
8616	3599
6731	3662
8209	3809
5644	2438
4839	3015
4913	2301
6743	3661
5308	2457
4979	2121
5379	2000
8177	9228
8717	2875
8259	4722
7917	3808
4841	2401
5158	1892
3211	2224
7783	3554
5560	3862
9167	3637
5674	5396
5665	3217
4968	2304
8797	3651
6824	4120
3356	2246
8305	5156
8455	4082
7797	4329
4603	2445
4558	2726
7509	4510
8653	3693
8352	4496
8180	4069
8154	4342
5355	3557
7468	4039
7685	3596
7364	7310
7151	3908
8508	3251
7777	4316
5595	2837
5303	1864
5565	2888
8195	3234
6964	2911
4756	2627
2989	2129
5777	2888
5041	1704
8793	4320
4493	2293
5721	2166
5777	3565
5115	2105
4921	3774
4993	3426
5678	2182
5741	1939
5281	3641
5561	1374
7001	3954
7627	9249
7369	7870
8794	7826
7639	3104
5580	4987
3612	2409
5645	7998
4949	2357
8422	3442
5800	2339
7667	4032
8706	5518
8270	4661
5881	3970
5461	2191
5421	1435
5570	5073
4343	4921
7270	4876
5606	1563
7576	3828
3710	2235
7766	3253
8190	4494
5044	1992
4249	4198
5197	1820
8115	6145
5936	2070
4739	1884
5266	4932
7825	4505
4950	1875
8866	4367
7872	6336
7922	4016
4523	1850
8643	3317
4499	2302
8419	3475
5190	8951
6986	7896
8572	5630
5585	2077
4759	1949
3991	2100
7379	3845
8300	4524
5535	2192
5151	1685
4486	2033
3524	4106
7383	4360
7660	4414
7029	3525
5250	1524
7062	5417
5054	1765
5247	2240
7766	7514
5523	4368
7010	3797
5297	2168
5626	2027
4901	3370
7406	4803
8915	2873
7043	4151
5421	3949
7731	2812
5751	2361
8641	4233
8100	3782
7799	4196
5436	1687
5004	2547
4896	2196
6644	5475
5451	4498
5934	1964
7019	3721
7143	3995
3576	2040
6862	4600
7239	4238
5834	4078
5502	1669
7576	9021
7516	3433
4905	4209
