15	5
1198	5
318	5
892	11
4381	1
231	11
38	8
215	10
129	8
446	8
2230	1
15	5
250	11
3149	11
102	10
1482	6
76	8
4041	6
129	11
1331	6
91	11
144	5
79	5
1663	6
0	5
79	11
3440	9
30	5
76	11
2196	9
53	8
1316	9
911	11
76	11
314	5
563	9
571	11
185	11
2533	2
938	9
1334	11
1588	11
805	9
730	5
110	5
1932	9
45	8
1232	9
98	5
3527	2
378	11
11	5
113	11
2760	11
2680	1
1966	6
8	10
2669	6
862	9
692	9
495	6
1452	11
0	5
68	5
1883	11
117	5
839	9
548	11
208	8
23	11
544	5
144	8
26	10
1576	9
5886	7
423	5
714	9
234	11
2453	9
344	5
594	11
480	11
64	5
2000	9
1361	9
208	8
306	5
491	5
219	11
1939	9
11	5
4805	6
1353	11
117	5
125	8
2223	9
2185	6
5799	6
525	8
533	11
4	5
1304	5
480	9
117	5
250	5
4389	2
102	11
155	5
72	5
178	5
38	8
15	11
680	8
185	1
140	11
238	8
597	5
284	11
344	5
30	11
1939	5
106	5
3289	9
121	11
541	6
552	5
106	5
3474	1
0	5
1089	9
147	5
45	8
200	5
83	8
340	9
174	5
439	5
45	5
34	11
643	5
389	11
983	6
839	8
1274	9
2306	6
83	8
215	5
752	9
1652	9
2491	11
336	8
8	5
839	9
1788	6
2631	1
1384	11
869	5
934	6
76	8
491	11
378	5
1709	1
597	11
1694	9
19	5
5765	9
945	5
654	5
321	5
272	11
144	5
110	11
680	8
227	8
3916	2
454	5
257	5
0	11
49	5
333	5
5867	2
87	5
174	8
208	5
11	8
208	5
1690	11
215	5
295	11
129	11
106	11
310	11
1663	9
4143	1
174	5
491	11
1021	6
242	11
174	8
159	5
189	5
49	11
612	5
98	5
1040	9
998	5
983	4
3984	6
30	11
1331	9
42	5
783	5
60	5
204	5
412	9
166	11
1040	11
930	5
2181	6
1259	9
786	11
60	5
26	8
915	11
45	5
2022	1
34	8
1414	11
144	8
72	8
159	5
854	9
998	11
4053	1
862	1
1342	9
3017	6
1028	11
30	8
4389	1
219	5
601	5
503	5
98	5
321	11
102	11
1202	11
1977	11
95	11
1996	11
771	11
624	11
3251	6
147	5
6778	7
132	9
2064	9
246	5
95	10
159	8
1300	11
0	5
1285	11
219	5
631	11
79	11
1913	6
1652	11
136	5
401	6
106	8
306	11
813	9
828	5
1331	11
91	5
1777	5
646	11
987	11
140	8
159	11
2348	6
144	8
163	11
110	5
30	11
42	5
499	9
76	8
189	5
1690	11
420	8
4	8
268	5
76	5
4181	1
261	8
19	8
181	8
42	8
745	5
1803	9
714	9
15	5
616	8
60	8
2435	9
30	9
268	5
915	9
911	11
518	10
847	11
117	8
15	8
2177	11
548	5
140	11
1546	6
215	5
578	5
64	5
1176	5
136	11
533	11
287	5
3826	6
2011	9
1395	5
57	5
397	8
847	9
79	8
389	5
178	10
930	8
495	5
680	11
972	9
215	11
113	5
4	8
1210	11
1028	9
510	5
367	5
129	11
19	8
26	5
537	11
159	11
87	5
2669	6
1762	11
26	11
741	5
2442	6
238	11
329	11
147	10
2072	11
117	5
817	9
8321	3
83	5
60	5
193	5
779	5
355	11
1043	11
620	11
166	5
1323	9
767	9
4	5
582	9
9481	1
548	11
26	5
204	11
582	8
23	10
2427	9
1236	9
885	9
38	5
522	11
1701	6
302	8
2200	9
193	8
23	5
2915	9
518	11
144	5
136	8
454	5
2650	9
83	5
231	11
355	11
2091	1
53	5
1607	9
49	11
49	5
1478	11
533	11
684	11
835	11
9999	3
427	5
794	11
272	11
658	1
121	8
344	10
299	8
4	5
129	5
45	5
1913	5
1614	11
741	9
204	5
23	11
2593	11
215	5
397	5
1924	9
19	5
333	11
1157	9
147	11
3448	1
3020	9
624	5
140	5
336	11
2393	11
276	8
2930	11
994	5
363	11
665	6
95	11
53	8
144	5
533	11
741	11
215	5
624	5
915	11
1368	9
454	5
0	5
1724	9
113	5
922	11
280	11
749	6
30	5
302	9
401	11
38	8
11	5
480	11
839	5
3115	9
280	5
2102	9
329	5
1232	6
246	5
4896	9
181	11
110	5
231	5
280	5
102	8
1418	6
231	5
19	5
0	5
310	9
0	11
703	11
344	5
612	8
306	8
847	5
1259	11
147	5
374	5
166	5
23	5
382	5
98	11
246	11
11	11
268	8
42	11
295	11
1943	9
64	11
227	5
4	5
87	8
862	9
197	5
19	11
8	8
544	8
42	11
2094	11
949	9
132	8
64	8
318	5
42	5
718	5
597	11
265	8
136	5
76	8
783	9
1731	9
1387	9
862	11
284	8
835	5
457	5
692	11
847	5
200	5
416	5
325	5
904	11
752	9
106	11
166	8
170	5
83	5
64	5
1542	9
53	10
174	9
491	9
0	11
193	5
5304	2
295	8
1384	11
2608	9
321	11
420	11
310	9
98	8
227	5
53	5
83	11
280	11
2503	6
60	11
136	11
30	5
60	5
250	5
76	8
393	9
136	11
529	11
272	5
1191	11
817	9
4283	9
741	11
11	5
930	8
1036	9
1603	11
121	6
3580	5
964	11
1497	11
2506	1
5395	1
125	8
1663	5
117	5
1043	5
19	5
2083	1
798	9
53	8
336	11
665	11
404	11
1867	11
3455	1
469	5
582	11
1660	9
336	9
820	5
1300	6
1164	11
2053	1
223	8
2442	6
231	11
1656	5
53	5
801	11
1161	9
87	11
49	8
68	4
420	11
57	5
1527	5
522	9
30	5
359	11
159	5
276	5
669	8
605	8
1558	9
121	8
34	8
204	9
121	5
4710	1
465	11
450	5
76	5
975	11
8	5
223	5
4000	6
594	5
2786	1
3962	1
752	11
839	5
877	6
11	5
673	5
692	11
4	5
1221	9
125	8
45	5
8	10
4809	9
1773	11
11	5
423	5
1690	11
231	5
590	5
231	5
2646	1
234	8
457	5
45	5
333	11
609	5
83	9
178	5
242	5
57	5
272	5
151	11
219	5
4	11
125	9
106	5
1085	9
257	8
1527	11
60	5
261	5
42	8
370	9
147	5
5931	9
0	11
726	11
60	5
1130	11
19	11
612	11
144	11
6619	6
344	8
136	8
144	11
646	11
1161	11
2408	9
1119	11
669	9
544	5
881	6
314	11
752	9
246	5
1195	6
374	5
98	5
1777	11
