6954	2554
7559	1241
7843	3156
6616	1893
8748	2543
6595	2093
6970	3717
6580	3308
6085	3255
6330	2609
8579	4210
7074	1761
7780	2484
7211	3192
6278	2606
9062	1167
8307	3060
8690	1602
7561	3007
6823	3880
8567	1974
7686	1508
7105	2595
9054	2158
7192	3627
6915	2597
6894	4052
7701	3717
6847	2045
6353	3069
6819	3358
9223	2358
8897	1487
5522	2782
8808	1505
5184	2797
6660	1550
6257	2947
7607	1276
5748	3830
8098	2489
5145	4079
8709	1591
6598	3024
8926	961
7177	1750
6966	2192
6256	1532
6470	2164
8193	2481
5608	2679
7633	1392
7636	2272
7089	1956
6401	2546
8735	658
7483	2104
7069	2002
5097	2762
6265	2275
5252	3607
8647	2991
6016	2710
7870	914
9293	1666
6822	2896
7400	2440
8799	2307
7865	1176
5920	4707
8124	2090
8091	2051
8508	1319
8839	1782
6190	1909
8229	1494
6151	1851
5851	2562
6284	2268
5879	3249
6891	2331
9375	2714
5374	3482
5927	4494
7611	2407
6918	2939
6483	1993
7871	2546
7900	4480
7788	2858
7382	2389
6985	1774
6887	2611
6644	1910
6011	2740
8037	3279
7331	2833
8485	1504
8535	2343
6284	2574
9662	808
7552	1698
8385	1769
7356	1980
6896	2347
7350	1325
7346	2426
6176	3722
6414	3471
8039	2184
5208	4310
8064	1761
8202	2000
7585	1553
6628	1856
5756	4260
8050	2529
8116	3737
8377	953
8069	2631
8249	2691
8658	3221
5785	1920
8556	1717
5217	2876
6542	3308
2859	4864
6736	1824
5579	2866
6504	2184
7423	2313
6156	2834
6660	1726
6758	3318
7919	2746
7086	1659
7892	1541
7866	1487
7596	4922
9391	2244
8085	5784
6651	1664
6056	2302
6875	1934
7847	1724
5560	4085
6936	1546
6894	1700
9097	1719
8944	2025
4012	6385
6408	2023
7780	1864
6323	3178
7995	2580
9701	1535
7475	873
7054	4652
7900	1294
8131	3666
7672	1243
6947	2916
8327	1817
5503	3010
8412	2042
6954	2265
7339	3500
7277	1500
6908	2943
6162	2010
8804	3108
7713	1070
5943	3686
4394	6817
5801	2888
7589	2240
6211	2365
5948	1803
6560	2208
9253	1043
7977	3392
7853	2199
7171	1651
7699	2859
7501	2445
6211	2323
9002	2807
8895	2316
9093	1914
8940	1869
6820	2542
8052	2016
9645	2000
6475	2074
7477	2476
7090	2929
8428	1698
6140	2865
6921	2491
7309	2935
7075	3020
8485	2161
8142	1736
6592	1816
6117	2635
7315	2276
9126	2050
6832	1857
7291	2403
5651	2853
7792	1949
9360	2452
5806	4283
6778	4138
8629	1876
4733	5161
8524	2561
8333	2541
6314	3380
8095	1866
6487	2451
8114	2228
7945	1446
6937	2992
5544	2772
7702	1279
7654	1496
7839	2546
6785	3687
7886	2601
5930	2347
8020	2201
6789	1710
7432	3118
7910	1949
6451	2622
6656	1186
8327	3124
7431	2196
6984	2644
7790	4487
8723	2280
8905	1832
7616	1499
8650	1161
6574	1650
8005	1719
8634	1947
8038	2360
7007	2390
7107	1844
8792	2103
8983	1946
7946	2121
7896	2051
5157	4194
7021	3484
9248	2273
9371	2007
8543	887
8372	2511
6411	2282
5185	3512
9000	2328
8605	2126
7496	2402
6584	3608
5345	4030
7035	1512
8315	1535
7581	2910
5193	2560
8448	1604
6170	3230
8314	1631
8458	3285
7825	2293
7765	2755
7163	2176
7816	2572
7655	3593
4869	4590
8128	3324
8285	3872
8759	2166
8627	3101
4800	4268
7656	957
6339	2623
7578	4442
7450	1120
7758	2057
6526	1804
9420	1510
8152	1048
7382	1933
7208	1750
7211	2210
8422	2917
7595	2273
8452	2389
6803	2765
4934	3120
7828	3390
6536	2750
7761	2101
8680	1256
9001	1817
5683	3415
7874	2750
7386	1863
5778	2267
7042	2912
9074	2600
8063	2195
7096	2010
5867	2518
5692	3667
6644	3443
6430	3360
4871	3259
6058	3435
7868	2349
6248	2373
5741	3745
6806	1482
6890	2030
6146	2603
6891	2914
5307	4492
6303	2706
7176	1682
5061	2776
8411	3221
7731	1816
3997	8094
8075	2682
8397	1993
8098	3100
8503	2659
6559	942
8691	3248
9418	2182
7262	2099
7140	2633
5332	7587
8723	3151
7783	3548
8741	1351
7045	1041
8258	3099
6803	1511
8680	971
7289	2512
7426	1683
6748	4023
8625	2927
9154	1679
6404	1963
5672	2391
5773	3052
6523	1539
6241	3179
5731	2920
8604	854
5752	2654
6755	3210
3770	4005
8029	1372
6879	1844
6733	2761
8665	1231
6397	3177
5684	5061
7022	2408
6782	1741
8947	1795
7453	2150
7279	3666
6853	2538
7978	1880
7945	1993
7671	4163
7967	572
9289	2419
5156	3299
6811	2353
5331	4589
7128	1866
8196	2357
6858	1698
7022	1778
6110	2667
6476	1998
7650	2159
6687	2551
8049	3140
9342	2055
7368	1825
6305	3262
7553	2522
6382	2777
8891	1522
7781	3240
7231	2908
8673	1586
6833	1172
7896	2400
8414	2005
8459	1242
5988	2871
7936	2128
5001	3042
8470	2508
5317	7535
6210	2107
5720	2832
5594	3425
7378	3887
6692	1762
6115	2234
8730	1448
8091	3028
8374	1764
6523	5529
7076	3183
6196	2341
5695	2432
7189	2274
7833	2334
6307	2624
7570	1976
9411	1487
8045	1534
7915	1647
8555	1762
8177	2426
7149	1611
8055	2336
6157	1940
5337	2691
7085	1274
7629	4189
9001	2689
7960	2016
7555	2055
5943	2584
6790	2385
4877	2725
6649	2145
7007	4580
7540	2774
9116	1500
8529	2245
6404	1564
8002	2401
3269	5897
5743	2104
9447	1053
6429	2407
7415	1318
8859	1590
8101	1462
9591	1790
6546	2189
6632	2649
6978	1762
6700	2122
6897	1616
8590	1617
8353	1423
5647	3038
7089	2791
7434	2296
7221	2953
8126	2430
7106	3744
6459	3122
7851	1312
4826	3862
6240	1991
6014	3422
7593	2037
7113	2784
8685	2222
7771	3442
5906	2564
6771	2850
4538	5479
7300	2188
8204	1594
8911	1916
7595	2141
6147	2150
5157	5392
8566	2596
8931	864
6092	2062
6050	5058
7727	2075
8539	1079
6699	2754
8490	2932
9308	1111
7261	2953
8755	1436
6907	6238
8459	3338
8998	2924
7755	4301
7640	2599
7740	1568
5743	3325
8851	2259
7791	2456
8680	2102
9098	2476
9174	2361
7107	2659
6433	2235
9250	1195
6778	1826
8957	2094
8741	1637
6747	2133
9361	3458
6704	3240
7986	2153
8574	1712
7716	1689
8942	3117
6228	4065
5856	1487
7088	2150
7501	2148
6127	3022
8179	2194
8250	1156
8633	2443
7950	1409
6450	3116
7255	2321
9044	2283
6531	1447
6880	1904
7625	3035
6404	3882
4327	4470
6885	1699
8626	2610
7361	991
7152	940
8621	1694
7269	3186
5520	6721
9064	2239
7292	1467
8078	1832
7184	6627
6572	2538
7193	2603
6752	2940
7320	2862
7197	2299
6266	3872
8477	1905
5253	3271
8903	2355
9742	967
6924	2767
8186	1662
6876	2597
6726	1488
9318	1562
5916	3547
9149	1783
6812	2224
5958	2130
7815	2172
6835	1820
7462	1831
8854	1474
6910	2807
6976	1845
7996	3465
6675	2528
5928	2495
8819	3109
6797	2563
8450	3193
6494	3376
7029	1892
6726	2448
6649	2774
6416	3819
6859	981
8556	2168
9222	1374
8050	1914
7416	2181
6410	2793
8253	2141
7371	1792
6988	2465
6880	2530
7215	2517
9172	2511
8515	2560
7435	1875
7577	1967
2875	5850
7185	1688
6127	5627
6732	1392
5633	3424
7711	2451
6929	965
8140	2976
7983	944
5355	7617
7657	2316
7506	1950
7395	2484
7198	1775
7954	2346
7000	4418
8418	3239
6263	4299
5235	3146
6713	2064
7669	3042
8235	2122
4819	4590
6210	2832
8811	2031
5796	3168
7924	1790
6599	3197
5713	3797
6087	3277
5133	4246
7313	1805
7010	2024
7353	2276
7182	2887
8528	2929
8369	3164
8816	2049
9494	1688
5275	4376
6605	1432
7393	1747
7359	2043
6297	1735
8542	2379
6978	2131
5587	2520
6403	2470
7234	4590
5268	4404
5088	2190
6197	1915
8519	1739
6499	1991
6998	3051
7925	3658
9164	2544
3934	3795
7921	1525
6011	2819
6700	1223
7573	2143
6963	3271
7063	3079
8952	2585
7939	2524
8764	2267
6603	2688
6366	2884
7772	3774
8002	3233
6995	3029
7730	2252
6335	1927
6855	2140
8339	4542
8412	1989
8127	1390
8628	3161
9018	3805
7840	3104
8923	1189
6541	3073
7051	2633
8359	2829
4373	6007
6729	2019
7862	2351
6213	2408
9335	1912
8299	3483
6188	3145
8791	1624
9004	3985
7718	2044
8606	1205
2978	6577
7561	2098
6892	3142
7542	1761
9055	2730
7392	1901
7253	1421
6230	3522
7802	3867
6008	2442
7095	1249
8315	2682
5894	3296
7925	1273
6175	2747
5743	2168
6114	1676
6320	2921
7198	2144
8280	2968
6946	1345
7610	3362
7538	1137
8913	2148
8710	1406
8324	2069
7395	2069
6540	2895
7463	3012
8239	2583
8285	1928
6602	2178
7970	1271
9077	2207
8419	2031
7253	2174
7103	1963
7579	1647
5063	4666
6309	1321
7614	3305
7228	1475
5277	3960
5706	2465
8443	1593
6784	3142
7356	2395
9479	1774
6386	1635
6234	2203
8450	1317
5708	2950
6908	2831
7669	2559
6114	3343
8164	2379
7356	2412
6072	3254
9218	1585
7881	1367
6005	1966
8117	2032
8226	1719
6536	1878
8234	3824
8291	2029
7642	3097
5160	5705
7390	1903
8196	1696
7539	1536
7502	1376
6563	1552
8812	3400
7256	1169
5542	2694
7221	2678
7052	2869
7416	2634
8171	2062
7849	497
7681	2764
7228	1896
4933	3735
7940	1436
5252	3380
9191	3125
8915	1922
6864	2156
6137	2853
4373	3992
8287	1847
8636	2326
6048	2438
7801	2961
7613	2541
6479	4737
8328	1759
6632	2368
7184	3260
7023	1390
7844	2292
8014	1792
6204	2463
8292	1643
4899	4228
8101	1684
8825	1250
9009	779
8817	2102
6177	2236
8886	2037
8012	1880
7651	2094
7367	2413
8636	1222
7294	2153
8394	3106
8306	1608
7543	2450
8750	2434
8646	3394
7819	3374
5610	3165
7165	2670
7872	986
7302	1309
8008	3020
7412	1342
7902	1931
8611	1996
6304	2617
8531	2273
8980	2308
6694	1266
9750	1232
5468	8928
5927	4342
8018	3140
8225	1842
6344	1940
7684	1920
6287	2624
9100	2603
7202	1705
9004	851
6951	2311
8493	1669
7480	2109
7738	2074
7292	2134
6546	3809
4719	6144
8544	2633
7659	2251
6750	1812
7714	4472
7404	4408
8299	2754
6928	1340
8777	1743
8108	1646
8201	2133
7968	1304
6974	2575
7230	1600
6963	1505
6330	2562
7810	2012
8357	3502
6772	2241
9207	2519
7769	1590
8788	1683
6114	3007
8244	1161
7725	1715
7935	1225
8086	1233
7864	4229
7386	1114
8475	2535
6273	2884
8018	1378
7007	1221
7084	3019
7150	3060
9211	2550
8747	2401
7584	3021
7399	3506
7365	3198
7028	1675
6352	2332
9018	2508
5902	3645
6364	2294
7052	1588
8478	1806
6672	4120
7815	5228
6749	1909
5319	3346
5852	2466
7597	1895
7411	2325
5189	5034
7030	2597
9550	2618
7511	3139
8161	1007
7793	4426
7445	3849
9041	1927
8770	788
8945	1451
6157	6701
7943	1622
9257	1620
7582	1764
7152	2703
6872	2263
5644	3417
6410	4434
5940	2945
5185	3580
6866	1851
6373	3246
5449	2712
6951	2805
5590	3511
6907	3496
8644	5107
5568	3450
6288	2233
6269	1795
9561	2195
6704	2243
7807	2478
8037	1634
8328	1331
7568	1750
7647	2249
6208	2341
7534	3369
6004	3090
6400	1787
8889	1549
5582	3652
7391	1997
7498	2069
7136	2671
7783	2466
6738	2714
7234	1800
9016	1055
7670	2833
6931	2286
6651	3172
7643	4781
7380	3662
8354	1624
8534	1700
6813	1878
8055	2059
8009	2675
8772	1830
6009	4060
7616	1924
7529	2010
8058	2560
4898	4180
8082	3597
8308	1602
8494	3681
7090	2452
6654	2038
6225	1864
8972	3048
8595	3706
5630	3261
5529	3593
8929	3008
5646	3306
7463	2719
7522	907
6844	2076
7017	1402
7711	1661
6134	3321
9055	571
8591	2590
8122	2533
6071	2547
6490	3679
8248	2362
9202	1513
9305	1209
6868	3036
6854	2835
7370	2705
7310	1841
5950	2886
7577	2970
6090	3268
7947	1812
7355	2648
7984	2156
8719	2266
7593	2097
9503	2046
6850	946
7324	1991
7825	2759
6355	1537
9177	4359
6265	2322
8116	2622
7002	2492
7698	1024
6264	2085
7961	1794
7238	1394
6982	1708
6459	2409
6995	3236
7070	1728
5908	2422
9127	1458
7142	2314
7891	2311
9866	1247
4800	3593
7309	2698
6909	1339
8355	4046
8192	1581
7758	2345
8237	1708
7444	1587
8600	1717
6992	2392
8626	2030
7467	3969
9625	972
8784	1402
7646	4421
6974	1288
7559	2220
7576	1656
6054	5029
8927	2087
9482	2068
6897	3000
6213	4624
5949	2743
7567	1038
8100	1767
9306	1509
5894	3352
8178	2698
7061	1189
4404	3979
8762	2200
6579	2115
8620	2238
7111	2211
5507	3488
6550	1800
7287	4673
6216	2782
5297	3037
8289	3360
9169	785
7614	2914
7630	1997
7364	1017
4745	3629
6728	2407
6959	1824
6928	1365
6226	1459
7056	1447
7334	2072
3716	5124
6444	1353
7393	4810
6985	2429
7745	3072
8779	1411
5931	4739
4929	3324
7211	2260
6889	2010
7653	2669
8015	1947
9380	1905
8311	2257
8034	2763
4431	4569
5856	5546
8125	808
7747	2094
8025	1565
7078	2092
8354	1933
8187	1241
7563	2580
6522	2259
8112	2365
8889	1666
8472	2231
7711	5218
7446	3392
6366	2375
3757	5075
7397	2928
6788	1888
4899	4461
8124	1210
8033	1533
4896	3418
6192	2809
0	9999
7988	1129
6483	1358
7887	3601
8942	3508
7548	2536
6398	2374
8241	2489
8003	1848
8888	1426
9313	1239
6665	2511
6830	1807
7974	2352
8521	2836
3437	4490
8104	2073
6396	1506
7806	2202
5474	2625
8070	3316
9207	2697
7991	2887
6813	2008
6723	1928
8371	1981
8357	2627
7372	918
7708	4569
7272	2886
5445	2823
7067	2473
7686	1273
6400	3608
8866	2053
7897	1994
8525	1635
7934	3004
5613	3752
9109	2330
8905	3695
5766	2664
6127	1834
7084	3220
6558	1436
7541	1451
7711	1620
8285	2321
7970	2109
7906	1711
8391	4163
6983	1401
3038	4614
7626	3024
7602	2143
6303	2364
5538	2129
6143	3375
7457	953
7205	2257
6301	2558
8601	2063
6935	2690
7654	1664
7635	1521
7840	1704
8708	1293
8153	2010
7177	1563
7049	1562
8693	2414
6971	2992
7445	3861
6502	3285
6459	3140
6578	2980
5320	3515
7356	2041
7227	2266
7043	1932
8918	1848
7447	1448
6344	3831
4402	3868
8380	2053
8642	2018
6773	1598
7150	1642
6720	2141
5735	2927
7305	2860
7462	2369
7128	1955
9962	1075
6774	1836
8276	1971
6539	2462
6957	2002
8388	2913
7995	1842
8581	4847
6179	2157
6278	3084
7464	3183
5862	4169
6245	2077
6842	2880
7434	1816
7370	1355
7764	2189
7625	3397
7314	3367
5174	2830
5473	3466
5561	2861
8665	1411
8389	1941
8810	1664
7087	1466
6210	1723
8110	2090
7505	1684
8178	2016
6438	2699
7057	2039
8153	2591
7478	1818
8835	1143
8136	2512
7366	3990
7560	1776
8077	2428
8270	2716
5761	3760
9185	1462
7564	1689
8699	2059
7738	1580
3290	6518
6689	2991
5150	3696
6683	3441
7799	2608
7991	1560
8536	1744
6196	2233
9280	2858
6699	2369
7070	2156
9302	1453
6966	1978
7695	1646
8664	2854
7158	1691
7023	2156
6356	1622
6636	2552
6207	2527
7721	1422
8883	2345
6210	2725
4789	3273
7784	2644
8542	1864
7211	2688
7384	2731
7326	2192
7404	3062
7635	2194
6893	2707
7107	1645
7117	2500
6557	2800
7362	2389
7882	1470
7364	1632
6474	1872
7592	2422
7735	849
7130	2258
9249	1061
7972	2440
7949	1438
7801	3908
4597	4739
6826	2763
9626	2350
7055	2221
7228	1955
7280	2298
8265	1701
5693	4005
6771	1590
6515	2708
6721	1975
8006	2021
5681	2718
8029	3051
5410	2566
6099	3043
9325	1177
8424	2717
7926	2907
9191	2798
7741	2046
8370	1698
3907	4139
8160	3770
9663	2851
7316	1414
6912	2344
6440	3508
8488	1634
8963	1569
7859	2050
7604	1595
4962	3862
6736	1637
6863	2883
7932	1778
6535	3247
5982	2949
7303	1720
6612	1856
9018	1748
7916	2586
5477	3056
6388	2634
7825	1630
6902	2320
5887	3063
5801	3123
6357	2390
6936	1919
8009	2635
8008	2651
7570	1182
7204	2211
8707	2329
6935	2412
6746	2471
9670	1346
6568	2765
8270	3715
7914	1856
4631	3825
9390	2377
6560	1868
7900	1471
6906	1543
9029	2612
7329	2261
6965	2052
8940	1954
9286	1365
7444	1259
6147	1709
6808	1676
7503	3023
6154	4026
5681	2091
7070	1431
5685	3922
8253	2186
6702	2093
5611	3504
6467	1849
7140	3653
7872	1240
6136	4628
7300	2622
6226	2366
7721	2443
6672	1367
7467	1995
6836	2976
5999	2439
7174	1989
7786	1582
8314	2160
8017	1213
8372	1979
4692	6195
6371	2456
7682	1476
8112	1238
8919	1833
6729	2027
5442	3077
7143	2217
8010	2355
7473	2169
7218	1348
7553	2009
8531	1958
8404	1468
7962	1776
6592	2561
8469	5169
7377	1352
7251	4063
7504	2391
6197	4899
8138	1532
7599	1858
8903	796
8560	3562
8354	1534
8911	2237
8173	1896
6495	6528
9150	811
9209	1574
7412	1830
9506	2216
6999	1624
6282	4482
8268	1733
8035	4536
6375	3052
7465	1366
7898	1579
6758	2794
8301	3413
8142	1420
7343	2196
6881	2002
7083	2525
6460	2552
5658	3615
8199	3609
8741	2013
7889	3181
7379	2659
4723	4009
7736	2543
7396	1335
5662	3714
8773	1188
7503	2687
3933	4372
2824	5927
6185	2124
8618	1447
6723	3036
5324	4175
8769	1855
6111	2115
9136	2178
7653	1564
7431	2777
8992	1482
8612	2319
9628	1261
7248	1256
7696	2147
8396	2344
6449	2629
7283	1454
7077	2435
7728	3830
5543	3382
7449	2151
5560	3355
6739	5659
7394	5749
7156	2043
9305	1116
6144	2329
7210	1134
7782	2259
7421	2655
8429	2285
5660	4883
5888	2160
6751	3413
8670	1326
5501	2762
5240	4325
7800	2856
9098	2999
7540	1296
7285	1323
6412	2387
7444	1379
6437	2949
8707	1928
7190	3905
9297	2218
7404	2595
6777	3673
8096	2259
9421	1190
7586	2418
6776	2575
7328	2397
6087	2094
8189	1818
6363	3740
8165	1722
5626	3625
5809	2677
7141	2408
8317	2454
7487	1282
8726	2283
7771	1741
7130	1642
8011	2379
9607	1411
8167	1909
8511	1800
7859	2455
7987	1919
8426	2034
6220	1502
6397	2096
6870	3404
7303	1774
7682	1885
6782	2069
8319	2818
7355	4146
7499	1954
6578	2240
7278	1944
8625	1575
6004	2250
8303	2028
8721	1593
8116	2270
8349	2310
6127	2545
5044	3604
8687	2274
4812	2913
8948	1868
7985	1277
8150	2816
6946	3203
6694	1554
6540	3482
6176	1821
8085	1071
7392	1132
5987	2794
7363	2488
7690	2074
5310	2381
7134	2855
5805	2318
8695	1929
7483	562
9475	2063
5831	3289
7700	1948
2544	5978
8309	1104
6810	2807
9424	2198
7901	2291
9407	1824
5868	2027
9117	3139
6863	1212
6019	3061
7773	2814
7386	2372
7211	1982
8057	972
6788	2330
7988	927
9109	559
6442	2094
7618	1805
6825	1063
9600	1542
7425	3524
6540	3374
8647	1727
8533	2446
7240	2441
6461	1528
8195	1160
8189	3318
6831	1735
7127	1925
8275	2176
8400	2900
8142	2313
7499	3062
8531	898
5259	3705
8364	3632
8024	684
6366	3833
7312	2583
5101	5072
6614	3719
7023	8592
5281	2573
8084	1434
8697	1836
8167	4072
6396	3758
8107	2096
9475	2867
9189	3730
6500	1139
8062	2033
8263	4369
5476	3131
6371	2455
6426	2668
2857	6522
6823	1740
7607	846
7054	1288
6996	2479
9331	1943
7161	1019
5647	2635
5978	2361
7808	2179
7949	1528
7078	1750
7425	1627
7096	1772
7892	2124
9418	2359
7407	1480
9120	1578
6518	2790
6329	2057
7941	1699
7168	2346
7433	2201
8085	1726
8171	1510
7501	3797
7897	1152
8863	2063
8530	2178
9253	2047
6963	1345
6264	4628
8839	1819
6771	2172
6368	2517
6064	2458
6592	3976
8216	2462
8880	2485
6251	1676
7463	1186
7119	1633
8250	1785
7191	2295
7573	2354
5483	3435
8045	1527
7559	3972
6093	1736
7588	1177
8850	2058
7522	1658
7746	1356
7638	1905
6576	2132
5882	6558
6677	2912
6648	1433
7962	2343
6701	2122
7923	2389
4126	3844
5151	3465
6458	2197
8915	2046
5168	3839
8088	2100
6559	1384
6206	3211
8532	1625
8285	1764
6436	2821
7420	2145
9606	1277
6765	2767
8203	2459
7822	2294
9260	2346
6185	2657
9095	0
9638	798
8179	3282
7094	1847
6953	1381
5295	3037
7319	1443
8176	3027
7297	2546
7831	2757
9109	2938
7597	2249
6809	1970
6629	3600
8146	2344
8718	1216
7846	1213
6977	2191
5455	3854
4996	5386
7247	2771
6542	1260
6794	1567
8417	2370
4094	4288
8612	2596
7414	2365
5534	2604
7000	1351
8124	1605
6606	1880
6922	1374
6091	3528
6539	2826
7036	1869
7101	2079
7958	1965
7954	5906
8827	1896
8280	2285
7689	1554
6859	3156
7555	3631
3827	5551
6361	1890
6443	3248
9004	1966
8832	2301
7132	1210
6187	3139
8198	1996
8359	2786
7325	3449
8499	3291
5519	3820
6666	2098
5987	3269
7889	8503
7310	2484
7190	1196
6604	2337
8182	2323
7678	1785
8560	1921
9575	1961
7649	1854
7245	1762
4455	8352
8312	1799
6005	2626
7419	1661
6330	4354
7523	3464
5896	2167
9243	1444
7958	2144
8557	1000
9999	1446
7388	2401
7934	1583
6344	3459
6804	1965
6112	3403
6724	2540
6381	1993
7951	3977
6416	2833
7446	1834
6724	1036
4680	3223
7479	2776
8713	2609
8676	1462
8873	1691
7427	2163
7922	5807
8518	1660
7876	2412
7716	3827
4697	3888
7307	3159
9234	2297
7316	2560
7235	1935
8871	1974
7912	2330
9071	2901
8419	2592
7691	2257
8457	1477
9068	3500
6915	2339
9250	1688
7049	3272
7991	3090
8369	3512
8034	810
8204	2303
8419	4868
8889	1495
6073	2371
6496	3590
9004	1085
6620	1842
7276	1732
7490	2221
6577	2510
5386	3030
8627	4501
7035	4806
5860	3185
7241	1407
7994	1351
8134	2916
7464	2681
7150	3853
5321	3288
5328	3295
6864	4024
6591	2654
7635	2582
7053	2335
5774	3196
6462	2591
7753	2258
6279	1899
9176	1178
8710	1548
7402	1462
6899	2111
7636	1642
7985	1963
6591	2770
7531	1690
8259	2436
6461	1574
6186	2398
8066	2275
5875	3248
7451	2290
7643	1657
7366	2302
8298	1835
7601	3648
7288	2944
9280	1638
6275	1545
7154	2542
8416	1252
5914	2962
5584	2927
7935	1208
8660	2432
6363	3201
7855	1033
7664	3184
6576	3028
7048	1092
5362	3159
7289	1098
3885	4886
7849	5543
6858	3241
7337	2934
7865	2109
7633	2727
5013	4277
8115	1610
4771	3616
7319	1839
7031	2911
7302	2682
8378	1391
9294	1937
6968	1342
7566	1656
3681	6936
5703	3666
8345	2005
745	8730
6666	2716
8595	3132
7476	1589
6584	4239
9046	1919
6216	2096
6220	2016
8826	833
8244	2761
6766	2785
8102	3687
7388	2754
8956	2265
6613	1910
8363	1653
9420	1853
8367	1854
7343	746
8552	1832
8665	1720
6238	2779
8326	1863
8408	1166
8231	2919
5520	2975
7940	2630
7973	2519
7869	2600
7514	4430
7284	2907
8854	1778
6139	2401
5641	2621
6821	1721
8955	3437
6260	2991
8872	2977
6544	1730
8458	2793
7053	1855
6776	1739
7354	1657
7630	1162
2628	5583
8613	1643
5883	3450
8607	2714
5688	3483
5561	3407
8020	1370
8333	2547
6314	2272
7687	2202
7190	1579
9216	2668
8517	1513
7622	1806
7081	2903
7889	1676
7708	1894
8883	1839
9151	2325
7234	2734
6948	1979
7777	2250
6669	2925
8490	1243
6825	3454
6728	3111
7718	2347
8683	2274
9112	1769
7300	1994
7846	2610
5298	4285
6594	2046
6573	4021
7111	1696
7552	2555
9110	1685
6188	2682
7256	2472
8276	3039
8482	2052
7432	3329
7564	1017
7373	1870
8095	2611
7329	2977
8722	1738
8678	959
8193	2395
7929	2068
9014	1266
7073	1773
9321	1598
7463	2260
7586	2858
6692	2618
9251	1230
7095	2146
7066	2771
6930	1083
7404	1786
8462	1970
6408	2697
7739	3110
8807	2112
8181	3111
6788	2540
8545	1866
7607	1528
7210	1368
6209	2317
8301	2855
8049	3357
3078	6213
8424	1856
6976	1464
8814	2142
7262	2548
7744	1609
8265	1872
7329	1194
7760	2134
6701	2324
7562	2448
8023	2161
7439	3207
7607	3220
6751	1735
3638	4336
7045	4047
8514	3391
7393	2501
8758	3143
5179	6248
8272	1242
7070	1611
7532	1424
7857	1755
5049	5124
9139	4297
7188	1740
8307	1786
5671	4114
6166	1911
9745	1534
5769	3771
6450	2565
7272	1088
6940	2351
7811	4105
6692	3712
8896	741
8469	2584
6790	4040
3989	4465
4618	3589
7354	736
8944	1515
5773	2560
6772	1555
7994	2210
3258	5624
4988	3950
8754	2459
7928	1744
6481	1729
6998	1762
8246	2879
7220	1585
7242	2589
9017	2156
8042	943
6997	1995
6920	3307
4874	3741
9474	2388
6977	2900
9114	1147
6929	2017
7707	2845
5248	3551
7049	2647
7015	1868
7293	2099
8186	1511
3687	6871
8820	2103
8388	869
8450	6834
7042	1901
4812	3853
6658	1831
8475	3304
7202	1129
6587	3617
5508	3463
5615	3301
6487	3490
5033	3293
7076	2044
7395	1006
5437	2442
8403	2582
7064	1973
6205	2020
6391	2305
8572	2505
8635	1446
7377	3082
6438	2563
6379	2537
7941	3974
8846	1607
8986	2097
8057	3101
8094	2759
6391	2798
7235	2668
8256	3002
5466	2686
6708	1715
8235	2054
7348	1375
7520	1692
8625	1160
6659	1122
7739	2086
8406	1683
6004	3540
8531	2155
7795	1490
4456	4049
4286	4079
6756	2205
7301	1156
6884	2530
8536	4769
6287	2732
8276	1621
6289	1945
8318	2677
6630	1775
6851	3405
8088	1660
5899	2870
6061	3150
7636	3383
7438	2749
7068	2540
6749	1664
7456	2715
6623	2707
6630	3663
8484	1738
7000	1999
7045	1962
4776	4015
6406	4090
7420	1411
7745	3293
5823	2597
8196	2301
7795	1722
8808	995
7368	2375
8305	4266
6019	2508
7955	1321
8488	1462
6226	4016
8720	3169
6796	2342
7373	1644
7684	2515
8407	3749
7141	2287
9320	2949
8115	2138
5706	2609
8335	2203
7498	1929
6228	1925
7291	1465
7684	1752
6963	1029
7166	1918
7417	2060
5299	4510
8816	1822
9018	3223
8588	1266
8118	1717
7666	1366
7212	1094
8549	1081
7802	2421
7823	4624
5572	3775
8289	1656
7615	1980
8431	2487
8186	1142
4959	3670
6081	3794
7777	1524
8246	1721
8279	2182
3747	3621
7560	3214
7601	2127
5428	3959
8578	1027
4114	4440
6970	1854
7486	2755
7418	2341
7590	3225
6559	5445
7502	1300
7162	3034
3818	4439
7157	1448
6917	2625
9530	1137
7403	2436
5486	3295
7998	2170
8444	2203
7417	1672
5890	2707
6273	2364
7223	2472
8520	1717
5026	3562
5790	2347
9769	1418
7767	2687
8816	457
6414	1780
6092	2450
7974	2796
3925	5328
8959	1583
7214	1855
6007	4672
8414	940
6601	2090
8626	1264
8165	969
8364	1237
8314	2724
7267	2230
8451	1225
7516	2381
7732	1786
7033	3044
7842	2411
7788	1332
8026	1342
7182	2184
8129	2446
7261	2115
6631	2278
6950	2077
7091	4792
7015	1287
8059	2782
8489	2467
7484	2107
7284	2764
8639	2268
8116	1334
8066	1501
8019	2350
7343	2316
7750	1786
8696	1401
6782	4483
6107	2723
6847	1906
5971	3419
7271	3639
7814	962
7119	1265
7586	4480
7226	2202
9031	2523
8947	1552
8029	1714
7850	1208
7706	1189
8210	1623
7546	2854
8866	2716
5603	4537
7420	2879
9394	2797
8304	2136
7110	3389
6686	1470
6629	2446
9191	1441
4823	3557
7573	1940
9392	2876
7482	2673
8624	2535
7602	1934
8624	1557
5930	2842
6316	2194
7840	1904
7013	1835
6718	3073
7392	1887
8008	1432
7996	2850
6814	2303
8972	1333
6261	3408
5564	2906
7399	2535
6417	4025
8983	2521
6384	1800
6686	1368
7190	2621
7148	1841
5464	4617
9083	2673
8299	1963
6173	2651
5989	2525
8650	2975
7954	2388
7436	5870
8208	1752
8198	2068
6220	2537
8244	2485
5097	2925
7896	7667
6338	3132
7300	2960
7052	2516
7467	2517
3373	5036
7049	1485
7716	2517
9223	463
9134	1322
5630	2726
6811	3017
7668	2446
6300	3993
6773	4339
7588	1131
9064	1246
7797	3459
7477	2162
7794	2078
6999	2209
9465	3080
7088	1051
8513	1383
6678	2284
8220	7660
8526	2504
5427	3627
7179	2158
6189	2563
6815	2077
7019	1662
9456	2539
6812	1684
6764	2288
8287	3306
8315	2039
5813	3556
6951	1383
6331	2384
7324	3043
8029	961
7490	4254
5953	3841
8868	2839
6487	1399
7360	2480
4922	2702
7776	1950
7932	1157
9041	2221
8567	2427
8361	3237
4458	3772
8698	1530
8046	2883
8602	2813
8097	1953
6965	1091
8661	1006
7733	2562
6584	1705
7472	2678
7106	2652
9564	2650
8484	2726
8335	1135
6410	2209
7844	1636
6450	2062
8485	2754
6034	2437
6170	2347
7143	1892
7292	2112
8392	1418
6575	3246
7418	1793
6046	2646
7435	1688
7275	2333
8365	1180
7387	1457
6017	2568
6971	2338
6724	1923
6723	1644
8222	1298
6631	1847
7381	1914
6479	1719
7446	2384
6560	3531
6960	2727
7157	840
5132	3727
7412	2298
6543	3578
6276	2115
8028	1985
5197	6257
8556	1109
8452	2308
6880	2097
7495	1705
8726	1691
7258	1774
7657	2504
8491	2558
9125	3703
5889	2176
8160	1762
9136	1334
8672	1391
6921	2146
6984	2939
6298	2858
6979	2221
8412	2302
7324	806
7280	1992
7273	2193
8186	1414
9021	1671
8437	1325
7359	4142
9088	2271
8509	1551
6792	2537
8616	2544
7661	1557
6569	1971
7826	1615
7997	2098
7805	1672
6408	2940
8634	2113
7778	2090
9428	1457
8437	1303
7239	2276
7164	2402
7230	1693
7072	3018
7364	2713
6091	2487
8507	4221
5396	2906
7983	1363
6207	2371
8186	3469
7509	1720
8672	2263
7606	1268
6559	1693
6639	1928
6884	2753
9387	2477
7144	943
6940	1436
9087	2225
9142	1653
7975	963
5955	3991
7238	2095
6290	2026
6938	2650
7509	2121
6036	3702
8715	3458
6208	2491
6375	2675
8331	1979
7773	2653
8051	2100
7907	3895
7335	3340
6338	1879
7607	3549
8818	1894
4998	3442
6440	2815
6608	1759
8031	2566
8054	2841
5364	2658
6122	6518
8388	2054
8841	1485
7127	1902
6298	4686
7769	2199
7924	2685
6890	3599
7625	2099
5003	3025
7134	1818
6815	4330
7206	1940
6111	2510
6348	2625
6871	2699
6536	2636
6892	1591
7120	2844
6468	1900
6918	3755
7262	1991
6093	1612
9181	1147
6608	2728
7462	1911
6659	1744
9694	1314
6795	3493
7073	879
8041	728
3665	6362
7787	2879
7286	2371
7520	895
8673	1841
7754	2222
9065	1651
9421	1827
7353	2874
8482	904
7873	2465
8830	1458
8719	1950
8309	3360
6279	3018
7109	1291
6856	2853
8137	3041
6505	2397
7336	1373
8329	1271
7274	1506
5549	2771
8095	1970
6699	1245
8001	2026
8097	1437
8877	1774
8771	3338
8561	3478
6611	4086
5734	3130
7798	1304
7218	2228
8692	1372
6344	2094
7470	2378
6195	3012
7648	1930
7020	1884
7906	1468
9095	1930
7776	2419
7719	3327
8942	656
8943	2309
8239	2081
7811	2286
6999	1713
6148	2084
7379	3876
8079	2281
8057	2675
9286	3948
7805	2764
6527	2089
8328	1996
6788	2470
7217	1420
7861	2595
7255	1242
5473	2812
7287	2246
8439	2223
8402	2942
5348	3050
6922	1857
6321	2979
4938	7524
6881	2333
6525	3490
6477	1582
7775	1848
7152	1418
7487	4025
8087	1660
5183	2562
6819	3649
6627	3008
6641	2830
7552	1846
6863	2583
8574	2418
7437	1403
7640	1788
8454	3552
8085	1995
7761	1851
8955	2571
6017	2251
7203	1682
6570	2154
6779	1947
7818	2440
6760	2570
7839	1438
8758	4961
7175	1372
6069	3013
7646	1908
8478	1026
7490	2190
9292	2957
7066	3001
7017	1879
6980	2706
6907	2923
5953	2084
8471	3254
7743	3671
6913	2881
7186	1465
6899	1813
8063	2828
7477	2589
7069	3695
5797	2610
7528	4285
7629	1328
8620	1078
6075	2688
6108	3815
7337	2367
7072	3962
6642	2610
2708	5801
7791	2367
7760	1684
5247	3708
9481	1242
6198	3156
6984	2199
6498	2394
9301	2726
9054	2275
9049	1831
7661	2085
7472	1756
7639	1976
9520	1757
7499	2423
7916	1694
9450	2241
9108	2554
6114	2028
7061	1916
6921	3226
6620	2485
6152	3021
6760	2277
9278	3226
6901	2017
4584	4104
6715	1663
6837	2454
8747	1648
6493	3450
7882	1546
4723	3021
6714	3119
7542	1770
7945	1297
9185	1807
9666	932
6892	2164
6699	2157
6013	3833
7167	3378
9050	2119
7788	2416
7962	2424
8038	2216
6880	1960
8668	3063
6020	2874
8422	2557
7045	1807
6023	4307
6749	2586
8344	1475
7163	2670
8173	1346
6524	1786
8071	2309
8072	1709
8592	945
6983	3892
7139	2124
6293	2090
4873	3779
8251	1214
7027	1626
7477	2590
8452	2751
8420	1950
7916	1631
8043	2208
8501	2567
4476	6197
9535	1752
7067	1224
9801	1254
6387	2189
8221	3268
8489	1015
4698	5157
4097	4386
7463	2245
6666	1621
6719	1881
8869	2464
6277	4862
6179	2673
6169	3447
8759	2328
6297	2364
5276	3334
5380	3665
8418	2329
6647	1495
9116	1323
7435	3228
7346	2239
4690	5712
8487	2255
9091	1491
5974	4078
6972	1919
6490	3038
8204	1455
7347	1193
8174	2692
5815	4388
6065	2118
6750	2266
7021	2489
7486	6862
7801	1974
7282	1420
9087	1580
6861	1844
6705	1809
6650	3294
4862	4784
7089	2886
8357	1914
8985	1257
8332	1754
5624	2993
3207	4837
7955	2403
7642	2573
7446	2681
8489	2177
8066	2573
7130	1305
6601	2279
6320	2297
6043	5725
6557	2334
7279	2773
7540	1724
7354	4112
7850	4386
8224	1443
6777	3063
7473	2898
6154	1438
7865	3120
9060	1920
9379	1731
3436	6355
8550	1534
8340	2997
7807	1770
7157	1649
7361	1467
6266	2523
8244	2507
5628	1920
8505	1811
8880	1573
7749	2050
6858	2386
9023	3036
7854	1905
3719	6112
6223	2307
7236	4388
5652	2598
6697	3174
6218	2566
8667	2540
7799	1461
7912	1901
6077	2740
7085	1453
8205	2519
7618	983
6099	2167
6887	2944
7366	2755
8882	2815
6793	2512
7366	4953
6059	2878
7365	716
8635	1634
7693	2363
6778	1117
6350	2592
6998	1560
8579	3026
8017	1193
5809	2477
7136	2279
6659	2588
7093	2717
7738	2610
7882	2143
8847	1304
8447	1640
8340	2580
8679	2515
7870	1968
7006	1713
6190	3851
8852	1597
7866	2193
8504	2508
8011	2534
7745	1979
7749	2491
8106	1646
6181	3327
7871	977
8376	1954
8295	1179
6851	2110
6423	1998
8176	2594
4700	3107
5116	3001
8421	1782
7903	1631
7427	1595
8490	2311
6813	2951
6907	2767
8446	1247
7437	2825
8024	1892
5945	1883
7526	2610
7461	4569
6675	1449
8308	753
8002	4141
8154	2386
7193	2920
7738	2016
6611	1963
8130	1609
7438	2158
7791	2208
8447	1939
5288	3535
6446	1855
3668	5411
9255	1920
8813	1729
6261	2782
7747	1379
7053	2076
8240	2621
5586	3911
5574	5307
6206	3034
8276	1514
7655	2630
9119	1162
7237	2978
6864	3006
7189	2408
7822	2125
8765	1802
8031	3255
6985	2192
6482	2677
8277	1630
5844	2767
6014	2261
5619	3073
5689	2560
8592	3622
7510	1680
3977	5560
7354	1347
8746	1312
6683	1570
6496	3298
6844	2556
6599	3001
7814	1564
7481	2528
8452	1986
5770	2393
7717	1667
6415	1953
9318	871
7360	901
7913	2851
7453	3701
7132	1617
7904	2490
6003	2285
6701	2272
5898	2965
8414	2998
9225	2826
6944	1646
8059	2788
8513	1552
7109	1559
6648	1945
7486	2232
6948	1269
5928	2840
6851	2243
7444	3395
7949	2364
7164	4058
7924	1792
5289	3460
8424	2051
7887	1568
7205	1038
6937	5427
7873	1678
7580	1327
8416	2698
7061	1848
8542	1148
8597	1001
7495	4395
7776	2851
7235	1382
7863	3320
7589	1676
6582	2788
9319	2086
8702	2694
6654	1734
4718	3842
7396	2564
7239	1729
7311	1997
7689	3257
6055	2285
8813	1679
9429	1605
6627	3598
9170	1160
9385	1900
6955	1288
5983	2059
8831	1013
7837	3442
6700	2338
7276	1783
6877	4853
6138	2231
6613	1842
8794	2239
7696	2036
6306	2365
7295	1588
8710	3210
6939	1601
8141	2365
6362	2015
6481	4246
7998	1957
6459	2512
6427	1326
7037	1889
9021	1879
7552	3281
7177	2155
6695	1443
6994	2147
6975	2438
7484	1902
8267	1816
7129	1062
8842	2930
6520	1855
6956	2224
8208	2185
7261	1735
7801	4147
7054	2369
8162	911
8910	1588
7090	1878
7278	4498
8776	3331
8656	2609
6938	2883
7156	1501
8259	1018
7425	1971
6700	1860
6865	1443
6378	1555
7569	1952
8740	2312
7234	1622
9326	1111
5930	2022
5337	2507
7170	3486
8526	1941
8500	2574
9492	1666
9433	2755
5934	2511
9283	2175
9018	1662
6378	2144
8426	3154
6945	4779
7511	1923
7639	2526
5425	3340
7259	2859
8710	1626
7842	2402
6562	3858
7381	2140
8397	2026
5797	2879
5237	4912
6625	1984
6779	2230
8237	1352
7915	1676
8359	2546
5560	4411
9057	2294
8435	1638
8127	942
8203	1352
6200	2212
7872	2828
7027	1954
7483	2969
9450	2022
8861	1512
7217	1812
8450	3869
8131	2322
7746	1709
5133	4620
7572	2527
6880	1677
7013	4233
6933	2142
7280	3249
8804	1084
7619	2129
3074	5540
8130	1870
8022	2171
7563	1688
7577	2538
6934	1733
7238	1779
6345	5843
7975	2548
8364	2278
6452	1961
6483	2667
8065	1053
6492	3925
7656	1378
7584	1720
8223	2596
7363	1914
7857	2377
8388	1050
5094	3962
7852	2817
5868	2386
7790	2635
7534	1993
6542	2245
8023	994
5459	3993
8001	1427
8863	1522
7102	1861
7368	2485
8628	2355
5412	3928
6988	1978
7829	2274
7011	1604
7430	2995
6862	2189
6689	1693
5365	3317
9460	2079
6872	1199
7398	3140
7503	1935
7351	1927
7927	1342
6395	2276
2432	6287
5506	3693
8896	2239
8498	2049
9393	2020
9552	1946
7265	2916
9258	2052
7915	2135
6496	1837
5579	3959
6412	2067
7001	1842
8930	2647
7721	2063
8762	1814
7435	2382
8212	1692
8333	3827
9176	2927
6957	2156
8556	1183
7623	3694
5539	2871
5803	3014
7169	2177
7502	2416
8695	2059
6893	3038
9465	1464
6113	3406
6406	4111
7739	3540
5368	2889
7189	1348
8469	3091
8048	1525
9658	1896
7321	1995
6195	3058
8806	1486
5611	4076
6983	1526
8024	2458
6580	2441
6876	2119
8398	2020
8873	2271
6532	972
4868	3733
6651	1825
7359	1290
8136	1654
5830	1936
7427	2071
5667	2757
8959	1330
5639	2242
7469	1995
8458	1412
6423	2253
8475	1747
9478	1104
7369	1006
9305	2554
7515	1658
9563	1837
7008	2575
8322	2732
6992	1222
9395	2648
7505	2003
5739	4242
8142	2973
7182	1995
6711	1494
8156	1662
5499	2416
8517	2153
7097	1931
6889	3611
5420	2991
7235	1085
7739	2515
6344	3455
5824	3295
8136	1240
7293	4858
8797	2425
8601	2580
7721	2296
7983	1074
8056	1942
7119	3413
8669	2038
3596	6191
8048	2700
7374	1765
5322	2426
7134	1116
7189	2746
6419	2576
7873	4254
7848	2900
8809	2229
8014	1643
8536	2025
6141	1942
7602	2732
7766	3590
7617	2912
8897	1935
7618	3468
5836	3136
6077	3950
5563	3101
4043	4773
6219	1839
7483	3413
7219	2269
9556	2282
5309	3810
7751	2245
7610	2614
7785	1814
6639	2354
8068	1894
5563	3100
7236	819
9045	1145
6411	2549
7442	1732
8343	4097
8175	1481
4314	3798
8011	1221
8052	1776
7379	2706
8203	2271
7504	3282
5216	3988
7260	1712
5010	3977
7487	2036
7658	1383
7503	1443
8698	1988
6482	1868
5871	2850
6893	2266
5738	2645
6890	2310
4619	4596
7980	1589
7113	843
8792	2349
7280	2232
7239	2395
5398	5161
7526	2087
5072	3812
8574	2469
8404	1532
7409	2204
9093	2603
5619	3023
8484	2016
8586	1110
8117	2254
6994	1580
6658	1740
8085	2407
6529	2066
9284	1906
5526	5301
8046	3254
6286	2281
7647	1257
5849	2579
7387	2505
6754	2747
7243	2551
6522	1961
9147	2739
6879	2341
3015	5230
7425	2084
6687	3036
6976	5716
7239	1213
7908	2239
7617	2779
6511	2701
5341	2994
8425	2226
6130	2635
8389	1638
8099	2671
7276	2218
8811	1801
8300	1639
6869	2217
9411	3126
6582	2681
7970	2304
8319	2194
6290	2737
8040	1518
6972	1937
7942	1615
5587	2958
7197	3066
9059	3411
8319	1389
5923	2913
6800	1732
8643	1254
7060	1790
7128	2865
7245	4941
6895	2020
7217	1680
8393	2801
8010	2628
7025	1865
6279	2723
6807	2059
8581	1730
7982	1925
1599	8302
8753	1861
8168	2676
8161	2826
9641	1806
8356	2266
4015	6497
5829	2360
6755	2681
7682	2552
7397	941
8686	1557
8549	610
7773	1682
6741	1639
7291	1061
9730	564
5769	2683
7413	5070
7895	2444
7651	1621
8961	2027
7418	1622
6837	2626
5907	2637
8047	3725
6834	2097
7907	1807
6563	5151
5583	5154
6160	2080
7975	1801
7299	1745
6961	2783
6663	3274
6680	1501
6833	3604
7982	2405
5041	3998
6046	3309
6358	1806
7044	3371
5979	2739
8842	2210
5787	2253
7220	2883
7488	1911
8001	836
7286	1505
7268	2040
6042	1478
5794	2802
9222	2308
7759	1578
8731	2273
6675	2901
6673	4717
7275	2980
6812	1427
7341	2136
6736	5024
4628	5176
7763	2578
6399	2364
6777	2329
7941	1893
6562	1926
9069	1457
8798	2325
9261	1695
6966	1913
6947	1525
8618	1779
4581	5031
7118	1873
8623	2577
9064	1852
6960	1408
7282	2933
5546	2778
6696	2014
5810	2733
6760	2000
8143	318
8067	2145
8401	1421
8348	1155
7766	1127
7579	1665
6119	3770
5352	2301
6827	1923
6457	2138
5662	4853
8505	2328
8378	2381
7693	2822
8740	2478
7834	1993
7206	2855
7805	1750
8334	1743
7916	2474
5887	2477
7966	2870
6279	2824
6559	1484
8087	1718
5799	3218
6744	2253
6675	2947
6096	4836
8307	1385
5896	3035
8869	2959
5145	2986
5277	2941
5971	2526
9094	3369
7787	2317
6613	3082
7088	3140
6939	3026
7173	1815
7353	1275
7912	2204
7981	2013
6877	2265
6837	1931
4643	4992
7245	1538
7007	2607
8398	3096
6049	5413
6456	1815
6099	3014
8636	1975
9519	2309
7240	1914
7427	2350
8780	2628
5434	7064
7442	3559
7723	3423
8865	4496
8038	1104
6964	3762
8266	1733
6850	2384
5638	5197
6375	2366
8240	1620
8857	2800
8213	1617
6875	1644
7167	1728
6882	3365
8844	1775
7240	3521
8619	2814
7740	1315
7781	2167
7806	2886
7438	2597
7955	3318
6554	2782
6947	1620
6965	1578
7582	1203
8711	849
7188	2368
8290	4712
7453	1242
8502	3822
7261	1460
7262	2229
7487	2369
7564	2407
7072	3180
9106	2922
8780	1455
6752	1850
8879	3270
5480	2625
6673	2376
8350	1302
8572	3035
4212	6375
9125	2376
9002	2475
7471	3142
6418	2619
7638	2253
7565	2270
7431	1926
7235	1999
5026	3903
7780	1349
6755	1159
8809	2716
8930	2527
7857	2585
7712	1770
4932	4353
7164	3408
7692	2803
6456	3165
7904	1840
8139	2309
7590	1827
6802	2334
7720	1021
4765	3922
9492	1596
8040	1951
5663	2047
9413	2027
5882	3091
8690	2064
7303	3973
6903	3250
6638	2195
7713	2147
5385	5179
7977	1590
6826	5668
6366	1812
6440	1782
8129	2015
6050	1687
6316	1857
8241	2282
7385	4168
8333	1395
6085	3524
7760	2082
6962	3331
8879	2081
6075	2582
7494	3318
7750	2456
7949	1859
7989	2146
9113	1464
7664	2743
8146	1535
8886	3530
8535	2867
6954	3687
6799	1453
9755	1597
8413	3675
4852	4891
7388	2157
8485	1835
8529	1666
6927	2245
7279	1607
7777	1250
5300	3627
9467	1836
8236	1019
7141	1961
6774	2524
8253	2232
8881	2347
6805	2401
7786	1995
7495	3781
8808	2266
6911	2823
8978	1639
7272	4368
7284	2633
7523	1960
7686	1806
6481	4931
6287	1711
8392	2677
8314	3119
7828	1226
6789	2232
7313	1074
7789	1385
7089	3614
7411	2130
7781	2817
7536	3005
8336	1399
8724	969
7768	3120
5920	2569
5963	3361
6233	2365
6685	1791
8135	1669
8594	1656
7372	2723
8357	2254
6739	2226
9201	2679
6152	2048
6919	2431
8584	1676
8335	2040
6852	3212
7474	1570
5775	2513
7057	2807
5524	2934
6083	3968
6879	2041
5988	3608
5690	3396
9402	2222
6663	3705
8384	2146
5181	4484
7169	2767
8597	2379
5685	3435
7099	2571
8214	1444
7220	2319
6951	4574
8220	1807
8446	2063
6456	1990
7349	2471
6830	3075
4472	4740
7474	1534
7545	3026
8352	2201
7766	1808
5735	2094
6090	3443
8081	3682
7446	2079
6137	4518
7922	2993
7794	2026
7067	3415
5918	3027
7897	2688
7047	1410
6563	1928
8729	2237
7934	3363
7194	998
5823	3485
6057	1985
8400	1352
9633	1700
9242	1895
2902	5059
7451	2638
6887	2074
8793	3056
3781	6652
8137	929
6466	2277
6920	2663
7248	2425
8066	688
7779	3858
6606	1270
7152	3155
9150	2025
7943	1919
7182	1721
7140	2433
8268	1486
8505	2252
7310	3134
6349	3030
7619	2793
8235	2386
5872	3006
7513	2363
7166	2679
7889	1977
6645	1213
7558	2091
6128	2040
9719	1064
8455	1718
8906	1920
9109	3693
7052	1932
8018	2814
6949	1780
8447	7210
8305	2278
7106	2575
6215	2584
9557	2186
8498	1718
7677	1675
4502	3941
9705	2843
8468	3114
6288	2873
9191	1998
9185	2031
8205	2282
6479	1674
8688	1717
9527	2464
6950	2851
6835	2321
9298	1481
7992	1662
6564	2379
9231	2075
7053	2366
8749	2003
8398	2998
7875	2182
8588	1136
5999	3386
8324	1550
6397	1937
9288	1336
7944	2439
8677	1381
7705	2083
9038	1170
7289	3090
6914	2605
8036	2442
6027	1871
7060	3783
8148	1888
8393	1646
7156	2147
6065	2030
6504	3172
7033	2184
5688	3851
6428	2261
6895	2353
8577	1972
5309	4827
5943	1833
8063	2410
4674	4417
8830	370
7130	1455
6414	1872
9190	2475
7816	2188
8345	2592
8549	1969
6702	1636
5290	3302
7122	2401
6864	2041
2549	5823
6290	2013
6186	2382
8780	2452
6655	3145
9011	2103
6194	2154
8245	1801
8384	1355
6771	1708
7683	1896
7674	1400
7986	1744
7879	2498
7435	2091
9172	1706
7926	1749
5725	2265
5313	2890
7389	2755
5727	6745
4613	5939
8261	1324
8568	2436
7253	2888
8811	2343
7806	3235
6468	1452
6838	2570
7672	2086
9424	2311
7205	4341
7082	2139
8125	2846
7687	2751
6765	2212
7158	1556
8614	1561
7436	2504
6891	1685
6880	2619
7966	2057
6784	1385
6954	2337
8376	1329
8826	1539
5622	4159
7656	995
5981	2306
6192	2287
8873	2523
5658	2985
5678	2381
6329	3294
8254	2015
8176	1565
6236	1750
7267	1788
2867	8676
7481	2996
7538	2083
8268	1875
7680	1533
8116	1052
6791	2458
6550	2125
6819	1630
8624	2401
8793	1979
7526	2955
6789	2382
7540	2410
7902	1836
5848	1757
7005	3019
7914	2404
7135	4609
7034	1471
6615	2050
7564	2798
8109	2893
8966	1770
5897	2837
8732	1054
5904	4170
7794	2149
5983	3532
7910	1574
7368	4469
7527	1298
7395	3088
9254	1565
6257	2409
8312	2244
6375	3365
7638	2624
7716	1746
8561	1318
6436	3083
8479	1385
7233	1798
6508	2000
8460	1060
6935	1488
7312	2128
6170	3454
8507	4914
8517	1310
7171	1792
7961	2068
7074	2319
8445	2958
6873	2786
8258	3777
7865	3263
7767	2838
7028	2213
7512	993
8071	2722
7479	2081
8523	1836
6015	2672
6829	3029
6726	3327
7195	2121
8286	760
8676	1852
7599	1456
7176	1830
6015	3646
6842	3113
6698	1311
6568	3486
6107	2627
8503	1935
7189	1511
6238	4291
8392	3446
6616	2534
6500	2480
9492	2244
6265	2096
8780	2637
8202	2560
7439	2710
6949	2875
8617	1427
6698	2671
8181	1887
7734	3264
5852	2896
7743	2322
6605	1102
6495	1589
6606	3133
7052	3633
9097	2065
7313	1776
5739	2073
7699	1963
7197	2229
8723	3614
9122	1572
7140	1865
9288	2066
6081	3434
7973	2739
8017	2296
7712	1979
8506	2515
8952	1162
7010	2337
7637	2849
5949	3080
6621	2203
8567	1861
8023	2719
8160	2363
6125	3497
5542	2691
6765	1638
8144	1272
7518	2886
7340	2301
6882	2746
6443	3449
5320	3363
7464	1707
7564	2436
8175	1087
9831	1992
7657	3781
8684	1515
7560	2383
7526	1177
7384	1107
8092	2868
6870	4912
6951	2975
6515	2569
6059	2783
8438	1596
6591	2448
7286	2210
8218	2608
6977	1566
8076	1963
6900	2069
6783	1146
5983	1503
5462	4186
4921	3212
5040	2708
6912	2994
6845	1478
6937	2008
5654	3095
6528	3910
8015	3743
8807	2857
8822	2465
7492	1990
8497	4232
6595	1917
7633	2438
6731	2322
7823	2706
8206	2534
6876	2664
8628	1831
8055	3141
8057	2997
5587	7341
8715	2313
6027	2329
8353	2731
8316	1708
4634	3456
6612	1804
7628	1483
8974	2392
6398	2226
5682	5068
7695	2166
6713	1445
8176	1648
8253	1228
6588	3070
8663	1909
7764	2937
7256	2294
6511	1872
7321	2275
7893	1086
8091	2181
7687	4619
8054	1717
6816	1481
9543	2176
8157	2402
6046	3456
8954	3364
6486	3176
7623	4383
6276	2472
5947	2160
5148	3099
5262	3838
7665	2185
5522	3333
8214	1506
7581	2309
6840	1467
6656	2186
7152	3347
6039	2934
7688	1230
7439	1902
8175	2389
8293	2827
8259	1339
7993	1122
7280	2819
8114	1687
8321	1249
7182	2255
6026	2319
8205	1558
7469	2408
7311	1161
7601	2699
6806	2195
7703	1963
6110	1773
7109	2685
8132	2140
7670	2332
7574	3370
7025	2547
7612	1534
7699	2781
8598	1490
9009	931
8555	1850
8107	1326
8722	2150
8551	1398
7903	3195
7662	1385
6881	2393
9230	2640
6558	2297
6415	2636
9051	2491
7700	3468
6228	1638
6701	2861
9257	1835
4984	3533
7759	3137
7595	2602
7395	1433
8579	2396
7961	2787
8092	2125
4312	9498
8655	1901
5922	3149
7154	2651
8552	2168
6788	1663
8214	1881
7578	641
7760	1411
7416	2056
6886	2573
6430	3315
4780	3562
7279	3801
9569	2631
8262	991
6823	2702
6965	1621
7781	1681
8236	966
8264	1501
6160	1824
6208	3826
8223	2044
7206	2545
8067	2085
5955	2869
6952	1448
6655	1313
6471	2631
7577	2957
9236	2620
4339	4233
5371	2985
5157	4602
6884	1757
6994	1615
4109	3592
6669	2287
7988	1810
7917	2266
7123	980
7990	1512
8754	746
7388	1468
6707	3027
8853	1607
6918	2303
7221	4059
7194	1163
9083	2485
6188	3158
7568	1282
8099	1441
8848	1269
8284	1225
8283	2329
9162	3165
5561	3823
8536	1467
7790	3282
9398	1923
8136	3090
8444	3112
5855	3671
6131	2552
7164	1644
6273	1673
6860	1716
6375	2448
6317	3054
7464	4138
7924	3341
8185	1698
6315	3313
5502	2595
7649	486
7718	2403
6642	1430
7701	1927
6337	2578
6560	2146
8574	2302
4990	3565
7110	1159
8331	3201
7774	1592
5507	3265
6005	2651
7381	2417
9692	1791
8614	1782
7980	1659
8338	1755
7090	2269
7613	3081
5872	2583
6767	2891
7660	3590
6769	2859
9707	1078
5158	4888
6305	1748
8133	2217
8416	2759
8761	1841
6119	2797
5764	2636
6961	1535
7146	1050
7172	2718
7561	2094
6989	2679
7194	2334
5583	3909
3316	5070
6300	1776
8458	2079
6199	2957
9156	2082
7915	1948
6602	2573
7044	3289
7444	1721
7228	2072
8020	1455
6865	2173
7131	916
9622	1407
5316	3554
8183	1546
8084	2301
7577	1478
4325	6253
7343	3040
7078	2895
8428	3360
8364	1124
6481	2297
7845	2480
6309	2094
9429	2440
6316	3119
8323	3362
6569	3330
7063	1862
6542	1640
7626	2185
8118	1085
8524	1825
7890	2003
7832	1346
8172	2721
7340	1623
8057	2287
6888	2285
6433	1974
8271	1868
5760	3811
7300	2295
5006	4721
9053	2018
6171	1819
7429	2272
8334	4086
6680	1709
9128	2161
8509	2445
8852	1257
7194	3610
6450	2916
7215	2756
7663	2516
3816	5122
7500	1464
5838	4182
5118	5527
7993	2501
8679	1945
8369	1934
7764	3088
7923	2187
7634	3851
8447	1760
6395	1901
9862	1243
7487	1303
6461	3720
8320	3520
8615	2814
7680	1886
8841	1715
6852	1840
9226	2920
6966	2738
8851	3947
8911	2300
7147	3119
7887	2166
8063	3275
7513	977
7396	2090
9117	3349
8194	2736
7502	1396
4412	4402
6662	3141
7433	1166
8789	2132
6404	2795
7794	1627
7818	2010
7083	2431
6100	3624
6566	1227
7158	2219
8325	1501
7566	2532
6716	1695
7126	2591
7311	1073
5533	2955
8674	2350
7368	2370
7021	3761
6854	2414
8360	2376
8291	1179
5966	2254
6801	1317
7011	1295
7116	2662
8054	2101
5412	2346
8832	2851
6681	2351
4150	5577
6656	1397
9077	1865
4631	3823
8058	1236
3869	5046
6907	1736
6331	2980
5731	2187
7921	2650
6536	1826
8844	2206
7096	1510
8565	3368
8461	1692
8013	1145
8107	1650
6783	2056
8075	1700
7529	1383
8545	1693
8732	4455
6957	1683
6262	1601
8362	2785
7018	1456
8720	1297
8065	1906
6906	1759
8414	1543
8694	2083
8054	3453
7874	1864
7321	1874
8989	2990
7254	2450
8032	1899
6230	2118
7566	2211
6301	4132
7746	1577
6891	2005
7974	3348
8861	2146
7271	2074
8482	3348
6956	1321
6624	2785
8390	1799
7988	2782
8808	2532
6701	2741
7439	2854
7036	1100
6822	1939
8091	2837
7930	2216
8275	753
7043	1825
9004	1662
8868	2575
6189	2034
8151	1711
7247	1750
6346	2625
5405	4509
7265	3116
6050	3845
6109	4693
6289	2078
2913	6104
5615	4011
7756	3830
6472	2159
6818	2132
7314	1621
8075	3095
6179	2267
7361	2577
5594	4968
7899	2413
8061	1863
7721	2137
6128	3652
6613	2958
9426	1334
6435	2682
6472	1797
5488	2619
7199	2000
6133	2824
6627	2482
5631	3160
5438	2956
7531	1380
7534	5968
9083	1438
7635	1238
7972	1969
6197	3309
7276	2839
7436	3069
5742	3140
8375	2048
4769	4595
6338	3202
6833	5591
8936	1526
6611	1813
8261	2197
6438	3304
7904	4631
6336	3371
5280	2568
6005	2278
8689	3758
5550	2585
9338	3048
8819	1786
6720	1328
9040	3937
6873	2352
7597	2449
7743	892
8535	1546
8961	3894
8773	2209
8490	1618
6061	2726
8235	2650
8129	1804
4727	3083
7286	2885
9036	1337
8270	1896
7670	1554
8359	2370
7437	3745
8642	1985
7144	1687
6923	1686
7696	1935
8648	1416
6336	3258
7766	973
7051	2908
7859	1045
9481	2594
6480	2875
6338	3162
7398	1926
7993	1990
6357	3331
6966	2017
5844	3014
6535	1719
7701	1776
7098	3248
5600	2615
8546	2531
7795	1024
6604	3717
8950	2881
5107	3065
7377	2593
6108	2364
9383	1423
7333	2025
7893	2685
7322	2307
8583	2628
9097	1181
8339	3068
7554	2561
6020	2852
8236	2423
3724	5524
8685	1805
9428	1713
6226	2499
6138	3757
7275	2797
5437	2593
6133	2800
6890	2633
5785	2106
7963	667
6456	2766
6488	2339
8838	3587
6529	2240
9325	1873
7117	2400
8024	3061
8894	1396
8390	1502
7567	1999
7785	1202
7539	3243
7841	2960
6357	2966
3392	5493
6744	5259
5184	2795
8043	1083
6052	2068
6093	2090
8166	2496
7594	3646
6267	2108
5877	2429
6390	1950
6891	2515
8131	2424
9664	1457
7950	4785
7716	2316
7512	2110
8817	2059
6915	1047
7166	1506
8781	3624
8998	1059
4628	3621
6343	1509
5442	3921
8165	744
7165	1044
8047	2818
9346	1639
5312	3236
6347	4216
9394	2692
7786	2956
8564	2129
7978	1803
4233	5772
7345	3138
6565	2879
5139	3798
7343	1401
4902	2891
7804	1826
7497	2273
5698	3433
7692	2092
5699	2987
8254	1965
6039	2319
9122	2012
7792	1376
8039	2178
9375	1531
7104	1804
8958	1557
9662	1183
7805	1953
6415	2532
6802	2541
7827	2647
7211	932
9195	2354
6057	2165
8818	2724
8197	2023
8315	6825
6193	2032
6560	2126
6664	1640
7457	3842
6145	3554
7511	1989
7169	2255
6990	1340
8135	1623
6597	2377
8011	2861
8074	1315
7395	1805
7850	1476
7476	2280
6608	2760
5555	2451
8511	1488
9247	3241
8460	2776
6514	2248
7448	2593
8009	1296
6924	2912
8681	2057
6644	2192
9315	1300
8955	3141
7863	2369
8151	1648
7704	2437
4880	3610
4244	3411
7065	2898
6833	2213
7164	1762
6953	2227
6342	2076
7204	1667
8112	3014
6888	4090
4990	4161
6187	3276
8631	2476
4994	3196
8006	3028
7861	2303
5797	2397
8242	2028
8387	1923
7264	4969
5747	2393
7777	2119
6484	4065
6451	3118
6764	1752
9210	2688
6110	2859
8500	1706
6783	1878
7888	3072
8874	2023
8529	2243
9569	1381
8056	2828
7105	1164
7496	1889
7483	2724
8069	2035
7151	1858
5282	4490
8760	1275
5145	3286
5711	3672
7108	1979
6864	2147
9284	1867
7391	2081
5512	3836
8747	1686
5548	3821
8933	2683
7656	1515
8177	1474
9053	1791
7132	1351
8328	1352
7141	1706
6841	1738
6813	3347
8745	1762
6807	3700
7343	1354
6576	3203
6999	1776
6502	3147
6912	2338
6392	1750
7362	4255
7481	3089
6336	2292
5541	2960
7825	1464
5738	2878
8803	1376
6516	1763
5916	3097
7741	2588
6331	4307
5269	3388
7351	2108
8717	2982
7108	1473
6065	3259
7788	2031
8817	2702
7301	1935
8139	1400
8112	2130
7045	2606
7436	1494
9393	1974
8397	3274
8448	1336
7985	1982
7123	1257
7219	1232
7331	1841
8890	2365
8404	1519
6765	1804
7113	1903
6588	2826
8100	1092
7903	3760
6428	1222
9390	2145
6421	1526
6981	3957
8028	2788
7108	839
6184	1905
7075	1225
7601	1450
7406	2162
5744	4068
9091	2212
6651	1605
6145	2444
7153	2165
9506	2551
7058	2071
6969	3066
6188	3506
5840	3637
6040	2735
7427	1627
7329	2026
9023	1008
7130	2600
7669	1855
9011	1540
5897	1751
6119	1836
7709	1576
6557	1604
6937	4599
6748	4336
8412	1657
8284	1855
7314	2693
9086	1597
8702	1795
7215	2402
7497	1407
7319	1231
9184	1870
7001	2254
6890	1701
8551	1623
6492	1985
8474	2932
7812	1910
8233	1728
6685	1044
7454	3118
6616	2503
7981	3977
6473	2656
4687	5620
5227	2577
7644	2021
7926	5762
6716	1953
6278	3565
6999	1467
8145	3657
7464	3331
7710	1232
6140	2216
7007	2989
6924	2302
5716	2539
5495	3164
7591	2386
7039	1412
6290	1393
5891	2577
7901	2922
3788	6138
6357	3083
8190	2216
8121	2348
8681	2644
6581	2463
8710	3646
6291	2363
8683	2339
6369	2331
7553	2132
7778	2001
8146	2700
9103	2908
7968	2635
7468	632
7247	2530
7609	1247
3662	8838
6869	1915
9149	1220
8067	1898
5240	2441
5998	2841
8501	2179
7803	2658
6760	2157
6620	2937
7788	1582
5380	3920
7309	2356
6936	3680
6447	2721
6491	1829
5236	3075
7734	2592
7071	3453
7058	1533
8246	3887
8921	982
6705	3975
7937	6270
7234	2246
8883	1728
8296	1176
8906	2156
4824	3366
6124	2609
9583	1357
8751	1660
8571	880
6976	4465
7311	2186
6027	2379
6620	2726
6166	4663
8800	2149
5358	2734
7040	3456
7263	4938
8038	2862
6415	2440
6575	2326
5339	2384
6722	2545
5001	3027
5782	2305
5972	2143
5507	3246
7136	2706
8968	2483
7251	1160
7399	1581
9268	1986
5730	2482
5280	2825
6811	1545
7551	2597
7200	1251
7762	2022
8518	1584
7776	2136
9389	2494
8085	2468
6257	2607
6520	2297
6059	3015
9407	1633
9635	1727
6544	2317
7503	1580
6619	4685
5517	2779
8774	2038
8498	1844
7194	1665
5369	2790
8102	2456
7595	1744
8196	2174
7849	1556
4435	5713
8056	2065
7327	7060
6124	5335
6448	2789
7246	2259
7550	3831
7042	1329
7350	1262
8670	2443
8257	2508
7167	1846
6738	2662
8895	3453
6937	1215
7385	3855
7381	1528
6647	2432
6826	2639
7253	2682
6369	1504
7553	1937
4184	4705
8963	1677
6386	1771
9575	2161
6186	3942
6672	2136
7877	1987
8073	2309
6521	2024
8236	2168
8162	3185
6854	2580
8020	1899
6836	1764
7779	2612
6850	3079
8282	1115
7447	2805
8573	1974
7847	1601
4220	4150
7824	2987
5660	5003
8023	1895
7412	2415
7288	2640
5992	2827
8293	2507
5991	3615
6771	3727
8625	2638
8105	2211
7906	1498
9296	1366
5970	2666
7083	2405
5387	5705
8255	1116
6813	2881
7236	2847
9665	2225
6103	2644
5559	2691
8039	2698
5628	5267
5395	2736
8152	3583
6163	2108
8820	1970
8985	1160
7235	2671
8226	1428
6542	2956
8108	1621
7748	4321
7402	2571
8035	1357
8008	2094
7710	1628
7920	2154
7772	1324
8865	3103
7376	1452
8010	1636
7709	1873
6757	1477
7149	2012
7405	2573
5320	3048
6292	2550
8888	625
8706	3259
3561	4934
8626	2192
7748	2270
5987	2397
6803	2190
6572	2391
6934	2292
5482	3523
7173	3492
6960	2964
8704	2055
7842	804
6049	2216
6474	1642
5893	2797
8256	1833
5801	3502
5715	2460
7513	2348
6459	2829
7483	1950
6424	4792
7608	1508
7824	1764
6915	3143
5648	3751
8368	2136
8118	1843
9306	776
6354	3105
6656	4508
7569	2296
7906	1356
8209	575
6686	2639
7909	2936
5345	3132
6233	2581
8318	1598
8808	3295
7344	1831
6835	1521
5574	4732
7150	3273
6466	3971
8617	2483
8662	2478
5920	3006
8636	1760
7786	1268
6865	2544
9341	3070
7001	1111
6466	1854
7527	1879
5630	3056
7404	3655
6729	2759
6386	2119
7767	2817
8303	1518
6314	2106
8100	566
7710	1813
8778	1369
7824	2183
6955	1647
7629	3260
8080	1531
7069	3610
4576	4474
8800	2077
8062	4068
7269	2024
8526	1163
7961	2011
8252	2256
7451	3013
6947	2812
8710	1970
