5271	9586
5530	9502
7894	8303
6746	9563
5994	8306
6747	9622
6114	9560
4747	9445
8155	7541
5632	9203
6877	6921
5339	9576
5484	8896
5309	7953
4421	9395
8632	7099
4108	9320
5748	9610
5251	9458
7319	8545
5388	9315
4110	8426
4052	9419
6602	9586
4052	8918
3169	9505
4180	8458
7433	7222
6934	9527
3956	9414
5510	9852
5242	9565
6010	9192
5993	6060
2765	9336
4982	9573
5888	9620
3341	8828
7495	9547
6607	9615
5804	8424
7883	9067
5576	7590
7227	9616
5295	8639
5915	9603
6772	7484
7842	9545
7401	9618
7884	7511
4279	9624
4834	1830
4020	9616
6778	9239
5772	9556
7450	9602
6551	9517
7682	8891
6603	9572
4453	9094
4451	9546
5493	7939
4591	9628
4793	9606
4634	9624
3950	8526
6889	9620
9200	9584
5002	9618
5834	8492
5470	9288
7094	8674
6274	8024
5809	9506
5932	9519
7858	9605
6946	9500
3737	9268
6351	8733
6433	9624
6248	7481
6998	9229
7462	9349
4791	9622
5198	9484
5666	9596
5508	7093
5865	9113
2863	9132
5116	9624
7182	8816
5923	9537
4837	9090
6112	8525
6433	9578
6269	9390
6042	9588
7351	9341
5453	9603
2323	9305
7316	9573
7268	9397
5379	9533
3067	9035
5625	9620
8186	9605
8978	9544
3407	8957
7137	9615
5840	9606
8105	9161
6568	7183
6086	9595
5052	8924
8025	9402
6250	7297
4893	8684
6387	9565
6069	9039
5187	9490
5764	9472
5742	9047
8319	8258
4735	9480
5521	9610
6524	9612
6514	9539
5185	9613
6790	9288
5359	9592
5186	9556
4682	9583
7279	9520
5775	8549
7330	9384
7143	7843
5427	9079
6991	7525
6861	9551
8523	6254
5585	9574
6167	8179
5282	9025
7832	9454
7908	9593
4900	8607
6265	7812
5863	7999
6975	9081
6535	9042
6827	9421
7888	7328
3956	9621
7269	9609
4815	9622
8757	9584
5961	7732
6441	8662
6120	5341
5478	8252
6072	9651
3764	9571
6343	9624
6486	9372
5307	9139
5720	9558
3418	9624
6422	9619
5568	8944
7445	8096
7880	9340
6089	9578
4310	9607
6561	9513
6912	9259
5118	9218
6203	9623
6592	8137
7420	9561
6448	9279
5508	8729
4222	9181
5321	9621
6401	8359
8367	5402
6958	9553
5360	8633
7476	9221
5229	9548
6616	9339
6572	8935
5540	9623
3479	9558
7038	8159
4041	9251
2696	9362
7243	8513
6378	9617
6633	9467
4076	9494
6072	9735
3721	8472
4691	9611
6842	9459
5348	9620
4607	9623
4822	9588
8251	8568
3715	9206
7177	6346
6286	9511
6243	9567
8740	8832
5382	9594
5743	9201
4947	9604
4704	8485
3002	9399
6049	9524
7029	8894
6711	9340
3391	8983
7774	8118
6808	9383
1752	8973
6905	9619
6366	9594
7451	6463
7155	7252
5590	9579
3418	9607
3325	9624
4721	9614
6578	9614
7918	6584
5810	9434
6139	9501
6804	9058
4042	9568
6923	9609
6970	7749
4039	8760
6241	8404
4796	9611
5366	8517
6831	9347
5642	8824
6188	9375
5813	9624
3036	9515
7742	9594
8037	9319
8734	9520
4539	9624
7969	9111
7791	5472
5433	9573
4091	9209
7897	6873
6195	9607
7370	9489
6876	8431
6000	8215
7566	9365
7534	8083
8254	4566
3625	9409
6284	9499
4247	9621
8187	9361
5464	8550
6310	9451
5568	9620
6794	9614
3327	9585
5300	9624
5596	9221
3718	9618
7351	9593
7356	9498
3942	8732
6389	9422
7935	9624
5823	8710
6389	8917
6160	9621
7927	9403
4887	9482
5402	9152
6444	9549
6237	9262
4466	8287
5248	9621
5634	9606
3262	8080
2037	9624
5789	8214
6289	4479
7608	9622
8218	9586
7820	9444
7807	9576
7052	9552
3600	8706
6063	8646
6503	8196
5224	9579
5147	8847
9071	6580
6855	9097
8360	9307
5340	8384
2488	9601
5573	9585
4955	9501
8710	8735
7803	9554
4883	9549
5234	9493
3582	8772
6972	8719
6325	9624
4553	9616
5308	8888
8292	7197
4614	8308
7686	8922
7358	9590
6581	8377
5379	9530
3645	9511
5114	9512
0	9629
2861	9622
5010	9621
7118	9470
8318	7317
6168	9404
5540	9623
5992	8809
5944	7476
7712	7932
4866	8216
7226	8567
6781	9613
5697	9238
5430	7793
7872	9620
5826	8757
8480	8953
6154	9380
5313	9599
8609	9371
8922	9375
6657	9622
6644	9421
2573	9612
5711	9372
7510	7846
5159	9547
4060	9624
5783	9430
5316	9608
8333	9341
4524	9382
3893	9623
5261	9510
4424	9113
5456	9519
3512	9523
6717	9617
7676	9577
6970	9606
6805	9194
8050	6541
6117	9612
8951	5720
5323	9621
6215	9415
3598	9001
5947	9380
6878	9627
6925	9541
5040	9619
7737	7497
4373	9623
6091	8501
7915	9474
5236	9623
5917	9062
5142	8770
3651	9606
7658	8472
4242	8574
5579	8478
6910	9616
6259	9602
4468	9619
4841	9538
6294	9507
5835	8971
4025	9593
4406	8719
5878	9608
2756	9504
6584	9590
6382	9272
8529	8334
6065	9581
8565	9374
6709	9448
7450	8518
7948	6776
6964	9601
6683	7988
4272	7126
6462	8617
5502	9624
4446	9615
6604	9607
5419	8348
6494	8268
4457	9586
3415	9624
7214	9488
6260	7982
6777	9559
8491	9581
6526	9607
5871	9604
7346	9404
7578	8543
3883	7003
5573	9622
3292	9617
6974	7332
6544	9566
4640	8951
6957	8558
8738	8962
5637	9623
7464	9157
4073	9592
7480	7191
7802	8980
5065	9543
3258	9580
4449	9616
7036	7471
5902	9491
5780	9457
7195	7955
5913	8169
6535	9533
7247	9487
7089	9577
7349	9538
6596	9468
6059	8829
3069	9599
4088	9621
6974	9546
2245	9380
4369	8798
6309	9603
5271	9638
4872	8066
3124	9621
7613	7822
6272	8727
5819	8582
4469	9604
5966	9357
7438	8578
7159	8478
5007	9560
3142	9590
4584	9373
5209	9645
4937	9328
5416	6904
6426	8342
5621	8978
5078	9609
5936	8814
6234	8036
5547	9494
6163	8422
5906	7653
7455	9512
7263	9479
2685	9055
5693	9347
4178	9555
3827	9624
6598	9184
8441	9532
6798	8971
5321	9184
6209	9599
4440	9570
4246	9622
7726	9519
4230	9185
6541	9565
5622	9603
7453	9350
6604	9481
7183	8375
3225	9454
4575	7750
8175	9464
2433	9622
5545	9624
7314	8420
4164	9624
6961	7126
4788	9624
8602	9476
6912	8153
7517	9590
7489	9303
6226	8504
4489	9624
4669	9259
5663	9563
4192	8883
5144	9503
6618	9255
8449	9220
5215	8204
7363	7858
8214	9344
8009	9502
6116	9480
4491	9625
7737	5304
7594	7125
7511	7625
5131	9597
3299	9507
3469	9622
6934	9529
3484	9624
4768	9598
5970	9560
6501	9176
5320	7279
6812	8722
3578	9623
5213	8707
2623	9592
2556	9588
6133	9518
6363	9151
5589	9458
9155	9614
5341	9214
8533	9603
7250	9621
3839	9613
6216	8275
6485	9622
7407	9603
6389	9543
7689	9304
2670	8775
6228	9504
6612	8447
6812	9565
5608	9601
4881	9069
5051	8190
6403	9233
8016	9033
5703	8670
4912	9585
4500	9597
3902	9572
7504	9448
4281	9509
6574	9446
6446	9584
6672	9509
7278	8650
6684	9418
6404	9279
7608	9514
5610	9127
6434	9507
5626	8392
4832	9620
6827	9585
6752	6383
4933	9618
7299	9609
6179	8930
6077	8587
4716	8800
5664	9601
7361	9597
7725	9551
1887	9028
6135	9466
5714	9624
6463	8245
6556	9070
6518	7793
7043	8103
5419	8416
5302	8994
5987	9607
8151	8786
7721	4044
7443	9552
5464	9605
8308	7523
5874	9608
6658	9368
5123	9621
3800	9396
5258	9538
5317	9522
2382	9261
3159	9616
7029	9253
7490	7748
6808	9501
6346	9407
4674	9516
6357	9477
4982	9424
5845	9227
5677	5369
7352	6444
5346	9621
7476	7535
6713	8329
2606	8833
4486	7587
6020	9623
5338	9240
6045	9383
6416	8979
2989	9624
5726	6356
7424	9452
4570	8554
6484	8701
5681	9584
5870	9621
6049	9622
5905	9592
7450	9428
6556	9579
6657	8510
8225	7741
4058	9566
6275	9384
5511	9642
5879	9498
4830	9069
4495	9619
5474	9603
3786	9624
4905	9495
8555	9123
3454	8950
7301	7843
7824	9558
2989	9594
7543	8273
6721	9556
6741	9602
5033	9606
8308	8445
5768	9550
6015	8529
7461	7003
4593	9601
9095	9438
5182	9611
7576	7439
6419	9624
6936	9580
2432	9622
8611	9243
6813	9534
3573	9620
6535	9526
6205	9477
8231	9576
3919	9613
5180	9623
4915	8900
1904	9624
5445	8258
5742	9290
5434	9146
4586	9620
6346	9462
7315	9377
6856	9613
7587	9368
7017	8683
2728	9623
4293	9570
4179	8946
4568	9360
6807	8822
6457	9588
4972	9498
6248	8454
7973	8330
6147	9539
6408	9649
7346	9477
7162	9319
6672	9624
6753	9529
6875	9460
3637	8792
5529	9451
7599	9013
6415	9624
7855	8720
5672	9600
7066	8535
4056	8937
6144	9613
5494	9613
7359	8485
7190	9520
7954	9497
5612	7934
4609	8371
8107	9347
3563	9605
6664	9415
5007	9613
5208	9224
4787	9624
7210	7703
2825	8845
5895	9196
3543	9622
5606	9362
5357	9622
7375	9378
5203	8030
5278	9569
1780	9579
5273	8892
7322	5881
6183	9152
4031	9624
5674	8770
5587	9446
5391	9604
1875	9647
3685	9623
3599	7862
5273	9583
7617	9219
6097	9624
5959	9544
3165	9562
5642	9603
5098	9622
2591	9613
5740	7908
7844	7778
2557	9622
4875	9597
7329	8726
5519	9571
3848	9623
6103	9624
5859	9592
7713	9467
5843	9566
6516	9111
1637	9624
6344	9446
5861	9592
2171	9624
4355	9114
6458	9513
5698	9583
8067	9595
3994	9623
6259	8761
7199	9461
7724	8777
7016	9621
4100	8484
7186	9624
7483	8666
5410	9547
6806	9607
5141	7123
5987	9623
3309	9639
4926	8166
5330	7840
8853	9341
5793	8224
4391	9432
5992	9488
7917	9589
8166	9352
7996	9377
5243	9554
5717	9654
6114	9410
7332	7018
3239	9444
8733	7603
6259	9312
8489	9334
5154	9602
3261	9624
5698	8978
7040	8274
8531	8542
7191	9484
5867	9601
7551	9522
6766	8797
5971	9480
6283	9513
4949	9624
5289	9347
3244	9624
5032	9621
4292	9622
5564	9528
4100	6640
6970	9022
5960	9544
5413	9623
5721	8914
7132	8820
6119	9605
6591	6321
6850	8537
4963	8850
7016	8912
9218	6910
7338	8789
5554	8414
6992	7894
5777	9265
5762	9604
4171	9559
5730	9582
9385	7581
5886	6832
5153	9492
5517	9624
5470	9338
4434	9624
7230	6487
5124	8835
4747	9376
5602	9269
5609	8886
4997	7633
6900	8923
5944	9516
6052	9439
6877	9612
5918	7425
6169	8617
6076	9334
6891	8985
6635	8052
5433	9203
5089	9622
6349	7242
3905	9340
8309	9504
5053	8181
5704	9267
4126	9624
2711	9189
8149	9474
5517	8049
8224	9291
3437	9505
5571	9008
6164	9616
5925	8836
7252	9303
3243	9353
6210	9567
7316	7903
5174	9290
9227	8748
7058	9234
7004	8903
6437	9513
5753	9482
5126	9624
7265	9451
6015	9580
6451	9566
6395	8824
7190	9204
7981	8113
8414	9195
6124	9624
4554	8316
6355	9623
6239	9576
3667	7917
5372	9094
6516	9354
6053	9566
7858	9605
7174	9326
7125	7912
5888	9627
6659	9247
6524	9520
5730	9549
6488	9579
4838	9368
7032	9551
7843	9284
6623	9395
3905	9607
6621	8914
6078	8294
5018	9452
6775	9007
3612	9385
4580	9461
6156	9616
5124	9624
7576	9587
5461	9523
8299	9604
5688	9607
3984	9566
6193	8095
5272	9619
4167	9601
6080	9519
5464	9168
5857	9624
4811	8688
6792	9619
5914	9351
3750	9624
6404	9531
6038	8938
6339	7832
6823	9543
4464	9624
6450	9553
3240	8975
6247	9571
6384	7928
8769	9239
5114	8629
6449	9610
3219	6425
6463	9590
9012	8666
4889	8539
3151	9599
5839	9618
8008	9351
7041	9586
6625	9538
8171	9181
6058	9622
4459	9119
7520	8297
6158	9618
4029	9212
6600	8462
7990	9592
5437	9460
4713	8129
6945	7405
4371	8401
8468	7639
5913	9416
6461	9570
7574	9580
6331	9436
7121	9592
7784	9620
5923	9080
1740	9275
4967	9623
6636	7011
4929	7436
6807	9575
7745	7756
4577	8243
7418	4412
5383	9350
5656	8822
5212	9327
5439	9502
7787	9613
6234	8372
6172	9034
5256	7893
3991	9427
6580	8750
5014	9045
3558	9090
2542	9549
6149	9259
6179	7675
5289	9581
5338	8277
5923	9572
6130	9608
5847	9623
4539	9625
8540	9562
6571	6922
7020	9624
5095	7560
7139	9573
6498	8347
4716	9233
6369	7959
6774	9588
5637	7990
6410	9436
4382	7746
5815	9617
5694	9471
5161	8893
6306	9579
7679	9624
5823	9184
4154	9523
4272	9624
5517	9612
5340	9623
6762	9534
8469	9132
4998	9624
5960	9576
6208	9619
5205	7415
2885	9625
6272	9618
5007	9613
5232	9616
5942	9624
5106	9595
3517	9751
4925	9435
6646	9610
5209	9611
4882	9621
3553	9615
9240	9520
4740	9621
5447	9621
5335	9103
5337	9566
2874	9882
4584	9461
6951	9082
6544	9401
6315	9178
7797	9367
6561	7582
7049	9624
4916	9575
7331	7369
5990	8405
6060	9167
7558	9115
6082	9131
7171	9558
5354	9410
5649	8644
5312	9442
5825	8810
6336	9481
5781	9615
8161	9393
4477	9440
5736	9515
7792	6259
5614	9619
4188	9608
9299	8861
6658	9575
4577	8232
8693	7984
7136	8607
8099	7492
5968	9619
2500	9471
3998	8947
5583	9550
6586	9624
3959	9569
7819	9422
8621	9189
5614	7685
6034	8018
7718	7972
5658	7938
6265	9173
9466	9230
5071	9401
6413	9437
4956	9624
7244	8528
6154	9546
6674	8316
6802	9610
4263	9117
4544	9588
7415	8666
6788	9620
7061	8571
7601	9523
7880	9611
5838	9519
4935	9357
6107	9585
5439	9623
6896	8782
5322	9620
4939	7379
5702	9364
7818	9509
7625	9576
6777	7387
5743	9343
6730	9333
4987	9611
7013	9572
4789	9651
6110	9628
5888	9573
5237	9336
5674	7543
5708	9574
8033	9559
6775	5288
4418	9525
6805	9622
4467	9405
7825	9058
2923	9366
7445	7207
7933	9144
4312	9617
7490	9612
7877	9615
6643	9471
6213	9623
2947	8212
5647	9598
5997	9604
7798	9623
2292	9575
6571	9301
5948	8516
6720	8822
5617	9065
7923	9403
7148	9621
6519	8762
5817	9621
6313	9574
3444	9203
8490	9587
6969	9202
4787	9618
7145	7331
6387	9571
6904	8692
3163	9619
3880	9608
7555	6004
4249	9624
7546	9260
5735	9592
7152	8315
6432	7740
6873	8916
6319	9141
6794	9133
5930	9616
7005	8613
6337	8103
6263	9615
5273	9623
6020	9495
7140	9611
6852	9606
6738	9619
6528	8150
8253	9547
7029	9459
5962	8067
5988	9500
5686	8331
6094	7544
6817	9483
5268	9502
4062	9516
8880	7358
6489	9258
5663	8398
4879	9568
1137	9624
4849	9619
7990	6814
6356	8890
6196	9607
7406	9549
7376	9323
6231	8984
5590	8613
3009	9625
5960	8641
5492	9590
6091	9619
2735	9226
5875	9070
5136	8244
6306	9615
5305	9618
4178	9592
5870	9624
6325	8345
6039	8855
7898	6687
6105	9604
5938	8374
5334	8165
5576	9505
5000	9624
7972	9592
4717	9616
6138	9624
6834	9446
5578	9132
7179	8302
4930	8124
6739	8257
3292	9509
7676	7396
3977	7493
5933	9588
8309	9408
3086	9593
5411	9619
6842	9421
4679	9165
7300	8839
7737	9571
6520	9610
6228	9571
5798	9516
3631	8458
4916	8210
5394	8366
6777	9624
4420	9184
7610	8587
4817	9219
8389	7650
5325	9624
5769	9550
7891	9623
6490	9545
4491	9613
4586	9013
6171	9416
6283	9322
6240	8717
4971	9607
6680	9585
5542	9624
6895	9346
5053	9623
6689	8272
8655	8202
3775	9616
7005	9523
6747	9623
6525	6993
3778	9524
2841	9573
5636	9162
6208	9614
4471	9609
6507	9600
3483	9621
6559	9624
6186	9603
7309	4053
6325	9549
6061	9502
5985	9620
5364	9609
4021	8713
6590	9101
4514	8381
4664	9127
7695	9601
6668	8200
7760	6765
4088	9192
7473	8742
2803	9129
6830	8446
6406	9622
6826	9526
5913	9613
7369	9539
7351	9561
4018	9562
6635	8135
6233	9618
8496	9578
7167	9550
6276	9337
6379	8877
3923	9460
5034	9271
4828	8150
9480	9069
4317	9624
7165	9387
2636	9620
4943	9452
5325	9073
3693	8087
5277	7661
7393	8196
4388	9631
7799	9607
5724	8282
4707	8853
8453	8565
6970	9561
4344	9316
5775	9632
6349	9584
8085	7507
5583	9520
6640	8919
6157	8762
5391	9218
3052	9349
8029	7589
8401	9341
3207	9623
5575	8854
4961	9602
5746	8511
5600	6589
6287	9623
7120	8624
5263	9614
6031	7901
4229	9561
4982	7559
4168	8060
5883	8759
5471	9217
3056	9036
4689	9623
3109	9624
6473	6915
6817	5808
5916	9618
5375	7940
4773	8945
3864	9623
5860	9524
5406	7606
7799	8730
6826	9434
6928	9588
8058	9485
6089	9515
6453	8937
6916	9355
7199	8759
8070	9140
8731	8104
5901	9552
5953	7875
5078	8434
8379	9471
5315	9605
5812	9563
5664	8763
6926	9201
8340	6902
5897	8374
7396	7524
7557	8280
5302	9592
7339	8090
6181	8028
6192	9566
4622	9545
3819	9619
8810	7574
8908	9408
7675	9316
5377	9514
6171	9614
6744	7363
5617	9629
5630	8314
6083	9605
5296	9614
5058	8891
6107	9095
3668	9552
7911	9614
7402	8802
6837	9295
6023	9510
8160	9516
3738	9603
7604	8456
4822	9601
5433	8650
7567	9150
7503	7493
6809	9581
6424	9457
4160	9614
5718	9620
5706	9622
3577	8311
3849	9620
6509	8875
5977	9405
5356	9509
6688	9624
7210	8331
5141	9624
6478	9203
5364	9605
6311	9617
7893	9147
7121	7076
5181	9482
6374	7966
6115	7662
5649	9618
2735	9677
8641	7470
5580	9093
6232	7494
5266	8387
3743	8833
5471	9131
4520	9609
9131	9565
6428	9442
6677	8192
6818	8907
6627	9601
6093	8979
6259	9531
6394	8575
5900	8647
5360	8400
8331	7571
8899	7871
4647	9504
5241	8913
5717	8457
5602	9575
8595	7321
5188	9622
4494	9460
7294	8718
4642	8425
7542	9232
5120	9587
5914	9142
8270	3255
6275	9441
5306	9008
5071	9601
6015	9603
1712	9622
3776	9181
6796	8530
5584	9074
9999	8779
3903	8331
5728	9600
2377	9355
4266	8919
4926	9477
5976	8893
4182	9603
7158	9553
5895	9621
8535	8713
5448	9596
3073	9624
7178	9501
7715	9575
7667	8384
5700	6131
4900	9608
4407	8436
4985	8052
3158	9537
8189	8980
7654	9316
7413	9550
5687	9598
5816	9606
7303	9516
4601	8215
6177	5673
6871	9578
6316	9050
6305	8734
6301	9553
7313	9162
4227	9623
5293	9170
6175	9585
3985	9269
5310	9547
6046	9599
6806	9272
4947	8269
6287	9151
7721	9409
7785	7382
8186	8893
6438	9466
8288	8365
6104	9353
4320	9542
5348	9620
5018	9621
6048	9144
6310	9363
6617	9610
5591	9624
6718	9329
4295	9332
6302	7646
4518	9615
5314	9608
6808	9403
7125	8375
5746	9282
7550	9275
3625	9169
5785	9605
5973	7285
5677	9418
6616	7397
3495	9623
8679	6957
6431	9383
5910	9378
6607	9564
6627	9619
5522	9319
5794	9599
6613	9453
5361	9616
5339	9555
5252	9566
3825	9618
5416	9571
5923	9576
6978	9397
6318	8271
8383	9467
5328	9102
3548	9624
6636	9623
3589	8843
6093	9545
4510	9498
4952	8912
7059	8082
6066	9449
6012	9604
3671	9291
5059	8801
4733	9183
5022	9268
3245	9621
5194	9508
4143	9556
4259	9624
6569	8943
5574	9628
5937	9602
6032	9538
6668	8105
5490	9609
5573	9557
7752	9345
7209	9402
6082	9608
8437	9227
5971	8142
5253	9599
5239	9541
6639	6754
6167	8974
7237	9553
3822	9306
6319	9606
8086	7871
5572	9472
5500	9573
7101	9625
5883	9594
3662	9469
7121	7892
7934	8549
5508	9469
6941	9585
8210	9338
5405	9609
5015	9563
4545	9622
7386	9422
7288	8393
5233	8732
7296	9622
5514	7769
5841	9579
5600	8644
5844	9613
4310	9219
6013	8863
4268	9291
8690	9253
5236	8046
5137	8515
5715	9157
5702	9413
6872	9156
5932	9556
5428	9127
6900	9459
6478	8820
5461	9624
5138	7960
4603	9246
4861	8829
7013	6692
5852	9002
5535	9623
6753	8969
8316	7590
5390	8644
3833	9613
2128	9543
8880	7700
8777	9507
6579	7811
8009	9004
5732	9587
7602	8445
6114	9606
8233	8807
7553	9538
7739	9604
5268	9494
5940	8150
3955	9406
7729	8292
4436	9287
3290	9492
5324	9490
5016	7305
4684	8725
5713	9253
5791	9618
5081	9623
7501	9041
4883	9614
6610	8145
4279	9477
7543	9580
6600	9580
5586	9430
6671	6935
6956	9559
7557	7772
6743	9150
5694	8124
7515	9171
5971	9045
5368	9598
7597	9346
5208	8391
6014	9483
4422	7997
6142	9536
5001	9613
5635	9589
5990	9465
7206	8545
6599	9390
5448	8802
4415	7834
4308	9632
4271	8821
5801	9608
6155	9597
3162	9624
4890	9577
3166	9608
5544	8100
5488	9624
7491	9526
6742	9481
6668	9621
4444	8834
5349	9591
4312	9395
3965	9592
4918	8246
7635	9002
6092	9104
5552	9624
4934	9565
6050	9328
4764	9496
4360	8463
4980	9476
3316	9613
6994	8985
9031	9448
6015	9490
4089	8782
6632	8902
6680	7309
5500	8033
4436	9118
7567	9535
5696	9301
6916	8539
6822	9539
6958	9512
6751	9151
7862	6702
1956	9625
6354	9494
5177	9597
6714	9582
7220	7292
6853	8572
6354	9507
5051	9513
8024	9527
1859	8909
5415	9564
6527	8393
6499	9275
6297	9597
5771	9624
5394	9568
4891	8592
6925	9476
5718	9614
6941	9564
6041	5788
9556	9213
8963	9059
5678	9559
6053	9508
6024	9460
7364	9588
7805	9363
7265	0
5413	9405
5273	9187
4275	8351
7100	9608
4674	9358
4577	9548
7233	9605
6106	9622
5477	9029
2608	9614
6239	7508
7753	8609
4792	9619
3390	9999
2604	9386
6524	7852
5294	9376
4168	9289
7916	7155
5576	8968
7489	9523
6271	9511
4521	8936
7436	9558
4909	9458
4580	9600
5481	9128
6839	6936
5576	9577
5232	9611
6371	9394
4464	7878
6544	9450
6466	7883
7066	8143
5045	9561
7588	6515
7077	7955
2334	9627
6667	7969
5496	9391
7943	6400
7729	7695
3623	9609
6653	9614
5923	9569
6817	7846
7299	9478
4174	9623
5865	8710
6718	9583
3346	9816
5038	9468
5718	9409
5601	9545
7856	8894
2996	9608
7591	8667
5152	9611
4235	8932
3995	9394
6272	8846
5676	9581
4522	9349
6269	5737
4924	9581
4459	7481
7871	7667
4614	9482
3575	9622
7184	9495
5037	9547
6037	9619
4189	9458
4927	9571
3796	9624
4475	9267
5294	8611
6555	9295
9009	6337
5837	9118
4114	8304
8723	7521
7771	8030
7388	9442
4882	7395
7441	9544
7727	9446
5484	9564
5658	9623
8307	7769
7534	8367
3907	8765
4354	9127
5646	9619
4970	9559
5047	9112
6328	9402
5628	5557
3378	9260
5926	8075
5932	9575
7144	9619
2233	9624
2640	9570
5961	9623
6686	8446
6072	4524
8223	7509
6915	9495
4625	8997
6123	9614
8253	7254
6379	9562
5590	9448
5652	9611
6946	7850
6548	9403
7131	9213
4394	9609
4451	9184
4860	9211
5974	8265
7493	9609
8074	9354
6654	9576
7264	8759
5292	9619
6508	9579
7098	9387
6603	9292
5080	9624
6628	9444
6433	8182
6529	9350
4049	9622
6730	8572
7054	7736
4265	9081
7579	9552
5605	9594
5959	9533
5353	9306
6647	7911
7784	7867
5750	9604
6461	9535
4307	8674
4967	9542
5014	9622
4382	8581
5642	9018
7026	9496
6361	9612
6903	9608
7046	9511
5743	9591
5551	8834
7346	9589
7484	8776
4640	8680
7375	9352
9203	7855
2426	9625
3862	7824
5459	9468
6611	9574
7439	9564
7127	9524
8729	7075
4548	8502
6774	9607
4121	9623
6851	8940
6655	9627
4534	8748
5744	9490
7465	9335
6610	9437
7746	9393
6140	8172
4552	9625
5794	9523
6973	6738
7006	8788
6689	9606
3565	9624
3628	9624
7257	8274
4157	9403
6636	8808
5554	9616
3257	8624
5030	8854
6927	9183
6221	6166
8291	8539
6999	9536
6713	9400
4800	9578
5093	9610
5407	9524
2290	9624
4115	9019
5545	9461
4994	9485
8093	8981
3672	9619
2619	9538
6439	9449
6669	9572
7514	7782
4992	9619
5913	8817
5400	9590
5269	9606
9095	9230
8263	7960
8047	8516
6661	9347
4326	9629
5627	9597
7498	9616
5219	8982
8558	7873
5628	9622
5543	9157
7179	9608
5933	8500
7566	9599
5076	9112
7964	9466
8326	8927
5468	9616
6780	8466
5936	8947
5140	8559
5705	9149
7301	9589
3574	9619
7254	8042
5975	9425
6324	7590
6108	9584
5213	9583
5765	9092
5061	9584
6732	9426
2727	9624
6089	9593
4719	9163
5845	9484
7490	9310
4638	9522
6144	9623
7637	9624
8142	9310
4491	9620
5989	6029
5565	9543
4167	9599
5969	9624
4301	9365
5008	9337
6272	9607
7087	8518
6142	9594
6790	7546
6494	9098
7499	9556
4169	9577
6407	8789
7056	9193
5173	7639
6193	9581
6151	9117
5449	9519
3333	9097
5561	9573
7784	8443
6505	9294
7795	9069
7664	9583
3722	9624
8197	9095
5936	9619
4887	9613
6434	9142
4934	9621
4835	8993
5493	9625
6688	9617
5958	9616
8716	8946
6210	9453
5717	5643
3399	9624
6751	9556
7247	7787
3201	8542
5293	9272
6818	9594
6249	8737
4450	9623
5446	9623
4797	9567
5113	8485
5815	9022
7088	9039
8083	8852
7987	9286
5353	9624
5020	9597
5496	9064
7359	9621
8834	8919
4466	9628
6835	9558
6876	9579
3428	9640
3947	9593
4755	9491
6623	6594
4626	9565
6705	8768
6623	9550
6261	8678
6235	8530
5868	9536
3191	9592
4812	9574
6768	8900
6440	6581
4221	9612
7423	9571
6339	9507
3266	9532
6582	9190
5319	9418
8378	9495
7403	9404
6213	9211
5712	9605
4280	8772
7390	9594
6394	9535
5720	9442
6052	9592
4959	9269
6080	9526
7087	9530
3790	9574
7312	8343
4649	9449
3571	9299
5415	9263
8180	9596
6145	8424
4589	8292
3308	9624
7039	8084
6695	9587
6337	9386
6696	9493
3856	9558
6259	9600
7990	9526
6778	9588
7344	8916
7722	8456
7005	9507
4076	8496
6352	8649
7376	9356
6919	9559
5865	9599
5787	9609
4363	9587
6520	9327
8829	8163
6873	7084
6531	9102
5641	8684
6431	8811
5276	9512
6015	8938
6164	8362
5444	9417
6275	9477
6756	9293
5987	7885
5995	8725
4957	7582
8844	9091
6211	9505
4989	8392
5788	8915
4760	9544
4646	9623
4810	9142
5870	9624
7464	9618
3629	9532
6991	9483
3172	8931
6313	9599
6017	7237
7968	9041
6978	9250
3788	9607
6964	9477
5745	9598
4232	9334
6446	9623
3851	6195
3764	9623
6065	9290
6522	6230
5514	9096
5949	9566
6706	9623
7978	9325
6274	8459
6281	9578
6996	9504
5679	9624
6196	9514
7216	8906
5469	8712
6962	8589
6337	8258
6648	9129
6779	7787
6002	6756
3883	9134
5374	9256
6985	8917
7973	7886
6037	9617
5222	9580
5201	9583
6361	8595
5293	9623
7066	9331
5343	9617
7372	9574
3294	9177
3080	9616
5775	9620
7063	6873
5323	8282
4665	9618
4452	9620
8874	9087
6981	9531
8546	7164
6854	9509
6463	9251
5951	9620
6150	9528
4861	9456
7755	9417
3802	8531
5515	9579
5367	9385
6485	9415
6500	9583
5599	8946
4571	9625
6170	8601
4110	8540
7986	9569
6793	6068
5848	9611
4899	9451
4831	9462
5357	8616
8993	8663
5728	9579
5729	9604
5829	9544
6112	9449
7470	7537
5542	9131
6854	8559
7507	9098
6977	9275
3592	9573
5406	8819
6528	9295
8920	8245
6534	9437
8316	9191
6593	7042
8571	8935
6889	8667
6936	8179
6309	8149
6696	7568
8058	9363
5101	8995
5919	9295
8915	7543
6664	9596
6863	9473
7981	9548
4106	9618
4277	8903
3834	9599
8514	9421
4873	8347
4580	9338
7007	9525
5931	9615
6776	9093
7177	8536
6164	9599
8964	9443
9446	9581
5936	9644
6174	9560
5285	9529
6463	8335
6118	9427
7975	9363
7263	9243
7178	5000
6991	9102
6716	8350
3757	8837
7188	9423
6477	9598
6550	9577
7771	7794
5103	9564
8678	7981
3360	8346
7097	6036
4529	9107
7740	7765
7492	9533
4550	9256
6934	9384
5027	9617
8785	7463
9313	9513
5387	8622
6966	9354
4501	9673
6339	9569
7527	8152
5342	9209
6365	9061
5343	8963
7777	9541
8368	9621
5865	9579
6107	9545
2490	9619
6438	7934
7282	7989
5911	8424
5542	8739
7797	9568
6758	9555
5003	9291
6037	9549
5278	7323
6194	9606
7164	8669
5506	9593
5621	9610
4736	9024
7499	9404
9268	9469
6300	9047
5958	8575
4650	9624
5973	9600
6263	9417
8661	9590
6870	7556
7203	8501
5398	9242
6114	7992
6797	8960
5199	8715
4908	9620
5127	9585
3928	9601
5177	9619
4643	9603
4516	8118
6345	7086
4722	9601
3129	8256
6892	8664
6019	9217
4419	9529
7527	9598
5222	9573
4881	9610
5160	9557
6122	9589
6301	8522
5599	9334
2545	8816
7846	4481
5886	9533
2901	9622
5223	9602
6474	7609
7278	9388
5529	9421
5663	9587
6795	9624
6166	9593
4465	9579
5753	9432
5158	9598
5424	8593
5784	9152
6389	9325
8058	6208
6585	9503
7055	9624
7182	7923
3378	9610
5077	9161
6596	9515
3520	9624
4881	6809
7845	9248
5415	9633
5416	8438
8473	9507
5263	9594
7041	8591
3085	9162
5274	9314
5275	9016
6648	7878
4049	9617
6668	9577
3691	8877
6342	9581
8000	9584
6717	4293
3873	9028
6460	9578
5322	9606
4741	9595
6833	8906
6613	9123
5388	9566
7422	9055
5861	9357
8493	7847
6630	7771
5512	7957
7495	9470
4066	9553
5960	9411
3701	9618
7311	9512
5415	9555
4397	7227
6527	9481
7159	8813
3880	8623
5364	9622
9413	9264
8238	6967
6323	9566
5001	9624
5658	8217
6457	9207
6343	9623
5395	9505
5925	9087
5302	9621
7273	9453
7341	7377
6861	9471
5111	8975
5714	9553
8599	8532
5526	8323
5766	8141
6329	8899
7861	9604
5907	9572
2077	9635
5781	9521
7315	9529
5304	9373
5448	8988
7244	9508
4701	6758
6366	9253
5410	8920
6363	8318
6726	9623
6591	9618
9559	9319
6789	7711
6296	9522
6484	9607
5290	9457
6559	8636
3958	9550
7876	8893
7587	9600
4052	8576
3785	9624
3723	8555
6690	9556
8183	9350
5949	9452
5323	9624
7422	9382
5881	9580
2643	9623
8275	8477
6911	9622
4955	9592
7236	7614
2603	9624
7432	9380
7848	9102
4111	9604
5689	9619
5076	9612
5893	9160
7411	8004
7173	9198
5565	9620
5948	9362
5378	9444
5956	8156
7007	8858
5431	9601
8743	9615
1602	9442
7944	8477
6958	9624
5053	9624
4969	9594
7021	7482
3557	9607
6874	9601
5110	9608
7288	8754
3832	9328
8044	9461
6504	9550
6536	7654
7745	7477
7190	9208
7670	9431
5547	9601
5984	8756
6731	9128
8625	9540
6478	9546
5707	6937
6245	8435
7610	8370
6317	7370
6111	9606
5011	9626
4332	9412
6592	6344
5272	9617
4294	9119
5589	9621
5663	8803
5700	9338
4873	9378
7274	9221
6435	9404
1272	9529
5104	9081
4913	8861
7369	9481
5624	8023
7915	9528
6674	8242
4584	8857
6742	7692
7450	9597
5134	9624
6072	9613
4860	9346
5671	9048
6885	6886
5657	9244
6325	8568
6951	9583
6759	9341
6215	9257
4914	9620
8154	8051
3599	9475
6336	9256
6358	9471
5799	9437
6812	8084
3731	9608
5980	9606
6970	6973
6109	9600
6841	9500
6184	9599
6102	9608
7745	9345
7110	9622
7727	9621
6528	9623
5332	9039
5107	9026
4340	9624
7185	4987
5567	9493
7586	9619
4333	9620
6608	9624
5732	9503
3675	9622
6020	7531
7361	9525
4789	9615
6527	8290
5570	9462
4143	8133
6538	9421
5656	8160
6985	8555
5339	9487
6666	9190
7189	9553
6775	9574
5393	8038
7659	7638
7135	9624
6552	7494
7515	9612
5861	9591
5263	9572
6303	9542
4080	9324
7331	9616
6735	8794
4861	9623
6668	8961
3479	9624
4661	9487
6061	9467
7964	9596
7573	9427
6871	8458
4553	9367
6405	9624
6404	9453
6890	9583
6682	6823
6572	8897
4815	9032
5921	9515
5713	7972
7468	6151
4537	9288
6149	9519
7172	9116
7154	7723
5877	9624
6885	9479
5985	9564
4480	7992
5517	9595
6316	9626
3891	6931
7131	9409
4713	8142
3596	9396
5497	8397
7190	8961
7007	8112
3833	9624
7056	9476
5497	9559
4204	9624
4193	9592
6513	9570
4977	9624
4723	9460
5393	9484
6784	7033
6627	9594
8154	9495
7414	9131
5750	8814
6859	9616
5573	8845
5894	9547
6990	9624
4434	9432
5594	9623
7481	9143
4619	9624
7998	9616
6482	9623
6557	8500
8369	9223
5359	9545
6400	9624
4257	7812
3203	9593
6410	9607
6139	9500
4994	9179
4752	8837
5296	9622
6442	9593
3565	9619
7221	9515
3706	9479
4292	9623
5518	7827
5579	9619
7514	8413
7109	6903
5958	9573
6360	9622
7911	9579
8328	7404
4034	9568
3697	9616
6730	9447
6327	6820
9013	9578
5378	9542
4301	9628
5226	9524
6322	9581
4134	8103
6505	8900
7847	5603
8424	8106
6223	8605
5927	9206
4105	9582
3429	9585
6695	9512
6588	9601
6487	9605
6475	9572
6334	8912
6783	9360
6707	9260
3735	8682
3972	9622
6291	8529
5001	9480
7723	8548
5792	9583
8022	9410
5462	7796
6684	8177
6690	9486
5784	9581
3090	9626
4545	9573
6032	9107
6429	8616
7852	9504
6975	8637
6471	8797
7065	9641
4893	9616
4217	9502
4031	8580
6461	9581
3196	9757
6366	9516
4883	9602
3608	8757
5481	9371
5460	9610
3040	9597
4874	8051
8081	8477
6876	7797
5481	8497
6879	8698
5663	8691
6170	9471
6083	7954
7047	9387
7654	9597
5469	9574
6138	9563
7826	8738
6120	9616
6368	9567
7149	6682
8507	9616
6287	9441
2784	9624
5477	9390
4433	9578
3017	9615
6314	9615
8032	8612
4928	8553
6607	9121
4844	9596
5657	8041
6803	9167
6284	9551
5032	9619
6208	9401
6180	9500
5446	9615
7599	9553
7219	8706
7212	9527
6220	8027
4884	9623
7148	9501
6701	9550
6060	9408
4927	9624
4855	9549
5984	8955
3766	9622
5216	9608
4703	9624
6621	9503
6945	9267
7950	9415
7019	9549
5961	9504
7343	8046
6926	9620
6336	9057
8096	9621
4462	9385
6352	9092
