906	9886
547	9753
151	9613
283	9640
104	9379
948	9858
703	9890
165	9745
179	9222
335	9657
14	9594
94	9773
104	9378
42	9655
0	9611
283	9561
52	9667
1317	9817
1501	9920
411	9871
94	9637
528	9773
198	9537
344	9593
793	9844
179	9578
0	9306
250	9728
533	9821
245	9601
297	9148
123	9571
278	9388
137	9808
500	9726
66	9392
335	9585
462	9628
99	9586
458	9728
316	9533
109	9443
363	9662
5	9464
675	9794
42	9625
170	9790
245	9711
198	9561
1057	9862
552	9805
255	9662
203	9347
764	9804
1071	9883
1052	9898
156	9552
571	9606
524	9697
156	9708
104	9708
57	9748
5	9481
538	9743
514	9699
255	9396
179	9637
38	9499
637	9769
1062	9934
524	9662
99	9279
9	9434
5	9458
5	9583
241	9553
52	9394
679	9700
491	9556
708	9817
854	9791
260	9606
717	9569
519	9595
165	9620
236	9284
411	9658
104	9662
1194	9724
241	9654
165	9456
170	9647
830	9579
1331	9896
123	9444
609	9801
80	9457
66	9391
1000	9883
33	9193
179	9401
2968	9975
99	9214
1043	9907
90	9629
33	9444
189	9478
66	9500
340	9494
316	9448
316	9729
160	9626
477	9687
165	9419
694	9809
302	9574
269	9516
165	9586
1241	9827
637	9765
0	9581
104	9650
71	9178
118	9542
0	9126
321	9671
160	9477
118	9782
75	9619
151	9734
330	9752
363	9674
311	9589
156	9368
19	9615
1406	9830
5	9536
708	9644
316	9678
444	9760
217	9509
274	9720
184	9549
156	9393
9	9144
71	9572
373	9668
698	9582
19	9377
123	9488
269	9540
236	9586
250	9568
33	9710
481	9758
368	9572
52	9658
160	9680
783	9775
377	9683
132	9353
165	9703
538	9785
717	9765
132	9421
142	9677
109	9586
297	9575
609	9733
99	9501
14	9598
90	9342
146	9809
109	9601
477	9732
222	9567
113	9397
189	9887
127	9686
307	9649
901	9839
849	9817
566	9796
189	9563
9	9451
14	9463
0	9605
245	9479
882	9753
94	9651
481	9677
722	9704
146	9603
57	9596
538	9754
1246	9887
38	9591
94	9582
429	9748
217	9764
349	9562
94	9677
75	9533
2812	9981
0	9356
184	9508
458	9619
519	9687
165	9361
274	9118
151	9213
0	9303
142	9807
19	9345
90	9637
349	9594
892	9856
42	9388
330	9427
1038	9753
14	9622
274	9621
33	9245
491	9798
71	9659
859	9854
5	9343
5	9166
38	9416
0	9600
61	9386
429	9811
85	9624
255	9652
71	9684
38	9335
797	9811
5	9217
1123	9829
123	9568
250	9670
212	9297
66	9388
344	9611
14	9485
368	9493
42	9544
359	9366
774	9820
14	9196
311	9538
302	9290
14	9430
368	9553
19	9310
33	9322
981	9855
38	9562
0	9493
28	9403
156	9646
260	9723
184	9675
75	9639
113	9662
802	9603
939	9875
19	9471
99	9443
146	9557
33	9659
38	9130
52	9717
24	9115
132	9533
278	9653
462	9378
212	9634
330	9706
547	9751
123	9438
698	9747
193	9554
42	9463
109	9484
694	9525
637	9727
467	9691
33	9680
9	9457
429	9827
146	9517
184	9712
283	9563
495	9740
109	9400
61	9669
632	9641
170	9602
538	9774
52	9654
538	9713
727	9904
19	9488
42	9135
0	9371
396	9664
406	9688
127	9587
118	9468
61	9753
71	9696
245	9584
0	9488
368	9616
33	9470
373	9762
179	9599
911	9869
151	9666
274	9472
510	9685
0	9370
94	8847
94	9443
1397	9935
175	9499
132	9490
713	9805
0	9633
788	9901
127	9422
9	9564
33	9718
344	9737
241	9803
24	9676
269	9647
382	9730
5	9404
236	9640
80	9508
392	9726
609	9644
71	9360
165	9479
71	9441
236	9443
9	9376
109	9573
274	9690
24	9459
94	9534
340	9767
28	9503
698	9652
5	9487
24	9561
146	9626
774	9896
5	9404
241	9011
57	9112
1142	9879
830	9828
236	9157
14	9762
42	9500
349	9655
203	9626
19	9541
462	9819
628	9855
241	9556
1954	9905
425	9524
429	9761
184	9350
278	9644
694	9758
165	9233
486	9775
972	9852
85	9417
9	9506
175	9384
892	9920
1642	9933
981	9773
52	9418
368	9727
3058	9986
80	9681
377	9589
373	9750
5	9669
71	9710
170	9566
316	9704
1793	9894
250	9773
146	9543
477	9789
179	9450
1359	9872
71	9595
146	9520
132	9666
533	9740
113	9508
14	9449
203	9573
118	9424
42	9648
226	9640
713	9714
387	9747
930	9753
9	9440
90	9711
264	9706
363	9651
127	9529
826	9869
151	9605
1161	9938
349	9578
406	9680
160	9872
19	9347
2123	9963
38	9763
118	9579
24	9655
118	9307
882	9882
42	9483
75	9421
99	9503
52	9384
354	9837
878	9693
47	9587
651	9625
142	9721
42	9462
236	9766
293	9760
19	9362
0	9458
260	9644
576	9712
406	9782
57	9395
170	9648
311	9594
623	9669
33	9547
316	9573
28	9285
260	9734
245	9651
746	9861
354	9547
85	9472
19	9343
288	9656
146	9714
5	9441
47	9625
146	9506
203	9477
562	9795
24	9682
250	9363
401	9616
132	9527
326	9713
146	9577
66	9630
354	9483
179	9771
146	9596
335	9698
722	9568
807	9658
326	9482
236	9684
170	9431
547	9546
307	9667
264	9771
241	9607
1401	9901
123	9704
562	9790
80	9578
297	9611
1213	9844
14	9490
137	9797
434	9729
80	9405
576	9621
75	9623
94	9570
160	9840
28	9371
99	9739
38	9650
222	9607
1350	9888
1458	9932
61	9699
816	9816
5	9092
717	9859
278	9528
354	9346
71	9444
448	9643
38	9384
151	9724
80	9776
113	9691
127	9603
788	9673
3265	9981
123	9709
217	9672
146	9491
245	9474
217	9744
354	9696
118	9228
316	9651
321	9567
1099	9750
557	9594
80	9778
75	9853
33	9572
193	9412
217	9510
373	9321
637	9739
9	9455
113	9648
571	9580
562	9852
274	9734
19	9604
198	9729
156	9614
71	9696
142	9405
38	9238
75	9480
212	9321
524	9820
226	9853
1019	9646
94	9766
5	9537
392	9747
9	9715
566	9725
0	9618
524	9747
387	9676
175	9704
864	9836
628	9802
90	9593
165	9711
179	9511
212	9774
9	9626
24	9634
33	9374
33	9440
415	9638
901	9878
14	9538
38	9495
1161	9809
109	9607
679	9782
236	9579
401	9744
373	9757
311	9803
2723	9964
52	9547
137	9178
142	9605
38	9480
203	9603
28	9577
260	9686
538	9610
28	9409
184	9414
311	9650
24	9179
222	9368
113	9666
278	9728
278	9807
94	9631
24	9577
123	9486
420	9454
2388	9955
920	9861
61	9389
104	9550
236	9827
5	8964
123	9678
57	9353
349	9655
137	9464
99	9614
24	9350
28	9506
429	9793
80	9440
160	9576
19	9509
670	9541
245	9567
0	9681
47	9482
151	9355
38	9492
151	9596
2874	9972
61	9342
28	9407
160	9705
255	9301
151	9761
132	9722
373	9677
57	9258
0	9295
1302	9881
915	9860
330	9553
882	9827
283	9502
0	9575
930	9825
160	9689
24	9667
1019	9805
94	9655
5	9629
212	9810
99	9489
118	9216
193	9657
52	9500
0	9326
538	9661
392	9811
212	9741
57	9447
354	9581
19	9453
241	9051
66	9621
486	9735
406	9733
415	9781
222	9568
411	9585
0	9750
212	9666
104	9565
255	9249
1298	9889
953	9868
175	9254
104	9651
656	9669
316	9652
217	9687
118	9873
146	9405
193	9345
0	9545
47	9269
14	9685
793	9843
80	9606
316	9739
349	9789
165	9750
293	9686
71	9576
14	9517
241	9662
1222	9886
175	9703
698	9805
930	9799
175	9722
1010	9832
5	9559
193	9823
90	9549
9999	9999
123	9602
123	9513
19	9358
52	9511
609	9851
71	9417
1241	9838
628	9866
1118	9773
146	9703
85	9473
160	9588
278	9725
0	9053
684	9770
245	9755
873	9879
9	9222
146	9696
212	9663
57	9383
307	9677
411	9767
0	9081
562	9804
915	9729
28	9374
52	9337
354	9575
14	9726
1397	9833
198	9789
208	9787
170	9608
42	9700
368	9667
66	9606
222	9698
283	9689
1708	9942
123	9529
47	8890
99	9630
137	9666
377	9753
14	9684
109	9514
61	9524
66	9661
420	9523
897	9763
420	9526
104	9517
453	9639
0	9677
5	9295
226	9569
0	9416
170	9486
66	9416
80	9753
184	9280
420	9624
245	9393
160	9652
260	9392
9	9410
19	9362
179	9658
217	9578
1595	9862
387	9716
340	9674
1076	9850
175	9262
75	9542
453	9674
420	9503
477	9741
118	9431
160	9152
189	9759
80	9686
316	9464
326	9784
193	9113
151	9522
66	9535
5	9630
33	9643
193	9750
38	9690
255	9786
156	9698
288	9671
1010	9797
264	9747
5	9635
90	9598
14	9694
0	9523
66	9570
396	9799
335	9665
90	9518
113	9629
28	9750
595	9718
585	9734
80	9675
2147	9930
85	9307
363	9732
104	9752
387	9731
189	9825
198	9436
222	9666
255	9466
354	9668
868	9804
208	9262
212	9284
156	9648
127	9758
193	9414
538	9697
28	9525
38	9600
420	9771
288	9627
38	9627
297	9499
307	9603
19	9717
184	9776
66	9688
165	9674
28	9129
0	9233
38	9572
439	9549
231	9842
741	9572
99	9599
226	9471
160	9532
887	9755
132	9714
915	9741
1373	9824
137	9642
226	9567
278	9779
42	9756
241	9615
47	9381
392	9685
420	9702
396	9645
47	9640
217	9489
260	9720
1010	9823
160	9421
250	9810
453	9798
57	9785
283	9501
85	9071
33	9421
203	9520
61	9634
1043	9844
779	9837
99	9464
175	9691
104	9723
151	9330
19	9090
632	9673
0	9508
47	9527
557	9665
580	9758
0	9455
208	9705
66	9507
203	9587
28	9702
179	9846
326	9704
363	9820
434	9703
0	9720
109	9764
429	9776
335	9647
562	9827
477	9744
9	9546
198	9726
1114	9827
57	9436
0	9124
151	9392
0	9612
694	9794
113	9373
66	9677
340	9650
104	9561
109	9615
137	9526
524	9628
14	9674
1373	9926
137	9526
94	9744
47	9526
28	9626
354	9493
363	9550
826	9873
203	9444
241	9666
226	9660
557	9623
245	9478
19	9323
0	9478
2473	9979
52	9340
335	9621
75	9421
599	9810
38	9479
217	9600
52	9380
57	9444
193	9614
160	9657
80	9557
689	9554
52	9523
90	9605
9	9690
335	9472
113	9538
0	9678
137	9858
344	9776
222	9700
104	9484
208	9426
189	9597
288	9785
335	9718
278	9589
47	9688
75	9376
99	9593
38	9666
901	9769
0	9254
156	9405
585	9759
109	9558
491	9745
519	9496
198	9696
788	9696
779	9811
392	9674
160	9538
99	9596
193	9792
236	9782
245	9795
590	9667
80	9556
61	9616
24	9034
170	9684
42	9523
269	9565
165	9325
80	9634
90	9557
24	9412
198	9469
255	9730
71	9261
0	9352
38	9552
208	9178
477	9330
94	9535
127	9492
9	9610
245	9779
467	9632
1557	9845
127	9439
42	9536
481	9839
19	9438
533	9683
165	9704
184	9570
113	9722
24	9629
14	9766
109	9442
212	9506
175	9244
585	9655
401	9579
0	9571
170	9478
203	9539
137	9422
170	9511
274	9508
80	9624
816	9860
52	9357
193	9492
52	9659
816	9921
47	9490
349	9341
458	9662
0	9738
104	9638
429	9681
1194	9852
486	9598
33	9145
217	9648
816	9807
335	9519
307	9522
123	8936
713	9825
444	9261
203	9581
368	9509
189	8998
137	9441
401	9819
75	9450
9	9561
104	9701
330	9820
127	9737
434	9638
80	9875
75	9686
566	9502
727	9786
118	9404
628	9855
571	9835
679	9807
335	9813
953	9879
52	9476
71	9665
392	9707
189	9556
2048	9916
5	9350
283	9705
9	9577
28	9437
2817	9980
47	9667
297	9769
665	9506
576	9789
651	9874
245	9447
293	9622
519	9680
170	9656
104	9619
19	9459
24	9418
316	9568
406	9614
104	9643
5	9298
1000	9896
274	9699
887	9801
1279	9856
5	9740
118	9570
71	9561
142	9678
85	9834
774	9825
80	9317
288	9491
495	9636
90	9362
0	9418
307	9634
250	9718
9	9687
47	9706
1317	9820
99	9588
90	9559
1109	9826
61	9735
165	9830
175	9555
189	9435
42	9705
151	9717
1387	9891
208	9349
236	9877
368	9604
297	9730
330	9631
42	9446
264	9717
175	9541
109	9640
264	9751
477	9418
255	9676
156	9531
175	9365
57	9481
882	9866
38	9673
104	9566
184	9599
670	9811
713	9726
330	9618
0	8887
118	9233
5	9426
1812	9920
151	9531
1288	9891
0	9562
104	9842
958	9723
38	9555
217	9543
118	9164
57	9530
85	9313
118	9553
377	9593
1166	9917
184	9703
75	9681
146	9706
779	9766
24	9443
123	9476
628	9597
75	9590
845	9811
5	9363
604	9754
595	9780
840	9852
80	9588
543	9831
151	9587
184	9553
71	9695
189	9093
52	9426
19	9607
71	9582
123	8868
651	9710
9	9736
816	9860
486	9777
137	9533
71	9552
448	9775
2128	9965
28	9700
1199	9858
359	9595
9	9397
94	9697
146	9802
293	9574
604	9521
118	9331
679	9878
250	9733
61	9676
1326	9809
113	9799
1052	9895
1364	9859
61	9688
99	9596
146	9553
193	9753
198	9775
52	9333
401	9691
47	9383
151	9477
901	9846
208	9663
344	9780
170	9654
137	9426
326	9773
14	9287
1217	9814
5	9732
0	9432
821	9720
118	8899
727	9750
160	9437
28	9566
28	9472
5	9370
94	9553
481	9608
1128	9800
217	9684
500	9813
99	9738
236	9643
127	9482
736	9704
807	9785
14	9701
453	9657
151	9413
387	9748
293	9755
61	9338
71	9780
774	9819
175	9579
321	9445
9	9273
538	9869
812	9886
335	9725
66	9539
66	9603
411	9531
920	9793
0	9623
57	9570
236	9532
217	9207
679	9690
38	9494
170	9813
109	9636
444	9645
307	9650
113	9677
208	9596
160	9499
3832	9990
472	9845
1321	9946
519	9750
1359	9887
104	9677
217	9721
9	9652
47	9515
109	9649
85	9233
142	9540
5	9528
99	9547
5	9750
250	9586
297	9830
99	9555
2307	9929
241	9709
24	9444
439	9766
1217	9790
151	9511
203	9187
123	9566
85	9599
71	9674
33	9499
217	9633
99	9372
123	9579
57	9566
33	9624
1449	9834
90	8970
1401	9915
377	9605
85	9399
264	9367
212	9436
274	9752
137	9391
33	9573
288	9903
486	9473
28	9566
741	9677
283	9441
293	9469
175	9479
137	9437
368	9674
71	9475
94	9571
42	9330
453	9516
411	9753
566	9767
425	9680
439	9755
104	9164
33	9131
321	9582
991	9818
212	9689
75	9626
104	9294
519	9839
193	9556
241	9674
123	9520
377	9822
646	9763
33	9459
467	9567
118	9754
255	9621
354	9748
406	9636
1066	9927
137	9473
203	9482
94	9479
278	9586
2543	9976
57	9537
123	9454
212	9828
1024	9778
401	9509
269	9742
132	9738
340	9693
0	9612
142	9608
236	9767
38	9622
448	9789
250	9585
420	9729
179	9211
373	9774
524	9591
222	9618
297	9570
61	9616
297	9649
1019	9790
269	9070
61	9855
656	9783
552	9908
52	9224
311	9344
99	9402
538	9723
14	9478
524	9786
736	9792
264	9725
387	9737
71	9550
90	9677
189	9514
33	9464
613	9756
9	9515
0	9535
57	9658
297	9686
118	9455
137	9552
24	9205
57	9511
5	9588
0	9738
264	9531
326	9722
47	9744
467	9731
283	9600
316	9615
415	9658
590	9430
33	9608
302	9696
491	9763
33	9720
42	9746
1180	9791
127	9698
1227	9831
179	9701
307	9638
57	9425
7847	9999
47	9403
906	9920
137	9726
5	9336
344	9567
193	9669
113	9750
160	9646
5	9416
892	9853
146	9476
901	9789
0	9570
38	9469
321	9600
118	9497
651	9865
222	9653
3105	9982
241	9759
179	9636
1288	9897
510	9381
38	9711
165	9506
467	9733
1397	9896
453	9703
19	9407
118	9442
42	9479
840	9796
420	9736
47	9554
123	9493
52	9395
420	9749
52	9378
146	9462
656	9790
297	9696
580	9780
226	9421
156	9669
340	9743
109	9580
528	9851
14	9564
241	9435
302	9254
85	9615
5	9675
264	9660
760	9738
19	9545
2156	9949
250	9437
90	9567
165	9512
231	9414
28	9032
637	9729
255	9701
656	9757
222	9591
321	9679
71	9718
189	9690
2553	9970
57	9431
264	9603
104	9401
632	9770
519	9670
613	9772
179	9440
0	9832
90	9740
198	9556
217	9880
47	9663
1751	9933
321	9638
52	9742
344	9734
411	9562
1029	9810
377	9473
764	9723
0	9244
231	9529
142	9185
66	9504
302	9730
576	9698
288	9519
0	9543
175	9695
321	9826
104	9695
14	9443
19	8958
245	9516
226	9412
9	9549
283	9636
57	9517
118	9638
132	9336
217	9626
80	9430
151	9531
500	9835
0	9475
462	9837
61	9555
241	9555
2119	9935
307	9610
198	9397
71	9420
42	9420
1132	9924
698	9811
241	9644
340	9836
675	9752
184	9658
297	9303
5	9325
71	9759
439	9639
637	9471
401	9673
132	9186
52	9352
24	9389
316	9699
61	9432
387	9676
439	9532
5	9215
245	9108
118	9554
165	9267
42	9608
151	9883
260	9923
9	9493
90	9641
335	9746
344	9685
61	9487
344	9593
189	9610
429	9838
344	9659
90	9398
505	9568
14	9617
38	9672
406	9667
151	9427
241	9743
288	9208
420	9661
359	9673
66	9513
415	9771
193	9441
713	9649
425	9490
42	9565
57	9641
354	9811
415	9690
1600	9942
160	9459
104	8981
156	9534
38	9619
481	9747
349	9368
392	9677
2086	9931
260	9779
746	9869
57	9750
33	9591
33	8027
359	9304
222	9544
24	9543
75	9067
19	9087
547	9689
142	9513
160	9557
373	9704
236	9482
90	9374
1161	9792
142	9812
33	9667
807	9743
179	9535
151	9618
94	9609
302	9591
165	9363
38	9533
217	9657
382	9667
269	9613
52	9669
467	9819
302	9519
142	9384
359	9679
1156	9855
236	9658
109	9426
307	9684
57	9706
429	9796
226	9413
42	9271
109	9571
28	9244
61	9507
486	9767
363	9752
377	9424
840	9672
269	9828
486	9582
562	9631
189	9700
189	9511
0	9575
61	9649
651	9768
599	9685
99	9687
137	9583
109	9658
288	9697
47	9779
66	9328
132	9637
236	9789
349	9771
137	9572
189	8870
198	9775
311	9672
42	9597
349	9624
444	9700
66	9480
14	9623
99	9372
57	9492
245	9690
217	9541
226	9603
52	9499
198	9711
590	9697
245	9513
486	9716
75	9673
33	9343
425	8923
255	9593
189	9648
344	9554
1071	9757
109	9669
311	9649
179	9627
321	9688
514	9713
368	9647
566	9716
9	9393
316	9692
415	9773
184	9550
19	9671
85	9375
344	9782
137	9566
1741	9952
293	9519
628	9800
297	9695
38	9671
198	9701
1501	9909
212	9573
5	9352
264	9822
524	9772
411	9710
160	9728
755	7404
208	9510
175	9536
609	9881
788	9822
226	9480
684	9816
42	9066
0	9548
340	9661
892	9670
340	9815
94	9308
104	9509
9	9697
156	9484
1260	9865
99	9820
552	9777
94	9419
99	9520
90	9646
175	9732
75	9787
9	9313
368	9814
61	9500
127	9531
151	9687
42	9414
981	9821
613	9819
71	9805
519	9714
420	9714
123	9169
901	9801
66	9197
486	9746
38	9583
708	9784
9	9682
316	9794
335	9533
85	9146
80	9562
694	9825
38	9603
307	9751
28	9761
458	9636
505	9772
703	9696
245	9686
0	9643
1123	9855
123	9257
1817	9899
5	9810
179	9715
123	9644
491	9804
132	9633
679	9733
203	9694
57	9753
1977	9845
453	9691
1439	9938
613	9776
156	9462
38	9541
132	9679
61	9196
373	9832
123	9640
637	9825
981	9922
179	9489
75	9817
170	9549
316	9755
335	9665
425	9573
47	9558
146	9595
156	9102
241	9532
538	9787
85	9584
226	9455
349	9695
340	9605
75	9628
118	9582
9	9671
241	9869
571	9686
5	9785
373	9770
132	9537
217	9601
203	9728
231	9719
28	9546
326	9117
264	9766
189	9626
184	9574
873	9781
250	9697
656	9779
321	9581
505	9662
930	9777
212	9691
651	9765
0	9308
562	9715
85	9498
656	9703
0	9646
19	9591
61	9451
184	9652
42	9727
156	9715
33	9276
231	9783
953	9913
42	9514
14	9662
812	9768
142	9296
0	9335
198	9695
99	9542
274	9706
222	9653
377	9597
1132	9842
90	9333
198	9595
24	9622
1213	9917
127	9607
217	9567
0	9546
566	9609
38	9623
9	9349
151	9429
156	9747
326	9568
104	9539
179	9740
387	9772
104	9417
1944	9956
14	9774
170	9506
85	9386
387	9688
585	9854
33	9526
137	9657
769	9699
146	9684
75	9556
99	9339
198	9434
193	9555
47	9662
453	9793
137	9558
231	9784
538	9772
14	9049
510	9790
5	9539
170	9786
85	9620
142	9632
160	9282
477	9701
179	9539
160	9765
9	9616
316	9787
2765	9975
179	9699
113	9378
47	9523
151	9723
217	9733
151	9486
52	9623
52	9497
184	9543
52	9667
66	9643
382	9626
75	9593
109	9439
104	9614
354	9379
71	8722
250	9629
401	9762
5	9409
28	9608
113	9806
269	9494
66	9715
260	9276
349	9731
5	9412
467	9650
1784	9879
0	9649
231	9688
75	9350
311	9793
24	9313
401	9550
0	9449
5	9361
52	9401
0	9343
47	9425
392	9762
453	9765
179	9728
109	9746
80	9792
377	9542
444	9773
1161	9855
132	9551
175	9216
47	9478
151	9307
415	9729
741	9676
28	9287
66	9429
821	9817
302	9741
175	9591
127	9722
165	9471
127	9487
28	9557
118	9573
61	9474
604	9769
33	9655
727	9672
137	9411
562	9588
934	9845
1066	9782
57	9553
736	9798
203	9539
217	9240
1005	9803
1062	9839
849	9857
28	9589
1213	9829
967	9781
75	9703
1293	9817
109	9295
170	9645
24	9551
326	9656
812	9861
3360	9988
85	9573
203	9603
71	9550
203	9499
9	9566
585	9825
670	9777
71	9532
590	9657
52	9668
0	9105
477	9674
396	9644
835	9864
170	9593
278	9700
165	9823
679	9736
236	9552
260	9088
321	9561
142	9701
189	9657
57	9676
1024	9915
1430	9855
236	9441
33	9773
618	9661
42	9794
939	9901
66	9669
212	9611
1236	9905
113	9640
94	9525
746	9865
127	9626
14	9415
0	9537
269	9288
47	9553
241	9486
38	9363
5	9306
1048	9769
47	9724
118	9365
90	9681
33	9795
57	9385
61	9599
118	9684
0	9597
142	9219
472	9657
109	9280
543	9790
335	9707
24	9680
0	9402
156	9579
302	9734
5	9607
0	9276
0	9659
330	9536
24	9409
38	9471
90	9663
109	9619
1048	9832
797	9675
406	9744
212	9321
552	9842
42	9626
42	9625
66	9361
288	9495
396	9729
85	9565
47	9707
293	9699
175	9537
151	9356
477	9626
462	9760
411	9724
151	9589
104	9265
906	9745
165	9365
160	9458
118	9312
28	9643
4596	9992
495	9687
151	9565
731	9652
47	9823
0	9621
75	9449
94	9498
57	9466
179	9356
816	9698
75	9743
359	9684
146	9635
632	9790
991	9867
0	9601
278	9595
604	9825
193	9313
599	9850
38	9812
80	9478
849	9695
557	9802
42	9511
0	9345
151	9447
297	9846
90	9600
698	9801
57	9426
24	9086
363	9732
24	9701
19	9605
94	9267
94	9298
123	9582
411	9775
288	9335
28	9187
57	9435
90	9627
198	9507
241	9588
142	9436
142	9511
444	9628
0	9413
14	9491
0	9659
491	9589
33	9603
71	9640
250	9570
590	9845
0	9671
3237	9980
302	9709
302	9577
939	9751
826	9743
311	9734
19	9562
137	9587
797	9818
5	9380
217	9452
278	9719
80	9544
156	9534
52	9357
368	9667
132	9307
52	9635
14	9611
5	9573
38	9657
146	9635
24	9266
307	9726
42	9531
547	9748
307	9563
491	9650
208	9406
5	9538
104	9677
486	9701
349	9517
481	9543
28	9414
14	9082
28	9634
448	9548
189	9764
75	9603
472	9701
0	9552
0	9538
198	9749
189	9824
212	9782
340	9462
90	9488
260	9711
123	9707
132	9560
75	8866
462	9628
80	9471
9	9772
170	9674
104	9523
382	9629
66	9158
486	9703
198	9787
24	9338
373	9806
57	9704
14	9171
533	9420
24	9454
28	9474
491	9746
28	9563
151	9428
764	9733
90	9681
19	9585
14	9602
212	9584
28	9072
665	9849
580	9718
5	9653
184	9588
651	9840
444	9662
236	9549
250	9480
514	9585
66	9646
151	9605
217	9766
71	9733
500	9727
283	9665
986	9782
94	9379
19	9192
14	9530
9	9571
90	9501
28	9325
505	9680
156	9706
222	9681
897	9894
2001	9940
118	9315
0	9342
137	9623
349	9870
19	9443
109	9698
1184	9737
118	9429
269	9774
689	9728
330	9721
61	9486
6885	9999
1076	9886
9	9523
127	9534
3482	9987
137	9629
52	9667
595	9594
123	9645
316	9552
255	9698
755	9749
330	9741
236	9741
123	9784
453	9331
486	9780
354	9694
71	9513
5	9469
562	9666
57	9344
1052	9855
797	9708
38	9567
212	9747
109	9588
656	9802
71	9713
396	9592
9	9385
585	9762
661	9755
878	9774
217	9591
99	9290
241	9805
439	9682
425	9585
127	9526
85	9401
198	9749
179	9429
868	9868
19	9726
113	9447
146	9465
486	9610
0	9379
212	9374
1109	9888
401	9187
123	9565
38	9603
132	9522
2411	9932
208	9424
491	9586
562	9746
349	9471
255	9342
524	9528
283	9616
85	9359
1779	9943
3850	9984
226	9586
897	9835
977	9893
132	9302
57	9616
293	9471
547	9631
137	9666
245	9590
28	9466
0	9619
713	9831
57	9647
80	9478
170	9089
19	9553
61	9248
175	9650
80	9694
94	9318
109	9427
340	9619
1194	9910
302	9724
698	9655
665	9773
5	8967
467	9676
52	9563
42	9658
28	9630
486	9752
377	9757
0	9508
109	9520
448	9754
274	9516
1387	9848
0	9468
203	9329
42	9706
236	9287
1265	9934
151	9450
302	9750
24	9303
66	9519
269	9721
670	9717
245	9435
47	9682
75	9388
505	9571
57	9745
307	9355
274	9795
392	9803
146	9633
94	9424
651	9700
510	9839
557	9768
642	9833
491	9706
38	9507
1378	9812
90	9514
604	9813
137	9695
255	9679
137	9628
274	9709
797	9813
57	9526
241	9459
33	9410
255	9748
2086	9931
75	9414
264	9528
472	9833
118	9585
217	9275
472	9661
595	9735
972	9801
694	9852
160	9716
28	9677
311	9664
458	9714
448	9409
175	9718
326	9763
462	9830
104	9653
179	9723
977	9827
5	9716
80	9566
80	9261
146	9605
94	9456
80	9693
2496	9977
14	9452
425	9732
47	9466
278	9768
19	9550
826	9880
878	9838
38	9487
264	9737
1283	9866
2001	9939
189	9627
203	9459
0	9527
52	8973
137	9593
269	9742
1241	9838
24	9659
52	9379
109	9521
61	9565
330	9342
90	9390
19	9551
769	9808
118	9807
175	9523
38	9396
0	9630
377	9811
260	9609
175	9443
5	9591
123	9459
439	9785
9	9375
260	9728
71	9538
264	9490
288	9684
99	9534
444	9816
731	9922
113	9664
57	9311
104	9631
368	9796
217	9590
175	9317
14	9493
788	9764
288	9601
184	9480
179	9602
406	9761
665	9553
165	9191
80	9631
66	9538
1350	9865
75	9348
85	9442
38	9439
321	9550
580	9724
920	9763
85	9521
19	9684
226	9452
38	9603
500	9738
137	9676
826	9766
85	9582
85	9554
387	9666
94	9724
269	9331
288	9743
24	9558
396	9717
5	9452
245	9599
14	9140
47	9645
184	9593
2407	9937
66	9618
269	9693
151	9273
679	9890
99	9528
38	9419
47	9357
104	9396
14	9445
61	9670
1123	9920
439	9742
0	9565
0	9549
849	9845
538	9738
33	9186
146	9532
340	9521
212	9731
142	9402
160	9698
604	9755
118	9725
297	9632
198	9483
524	9835
1246	9762
47	9532
217	9595
1189	9915
217	9598
326	9766
958	9823
1161	9832
0	9311
80	9564
1038	9856
9	9374
24	9386
0	9306
165	9623
326	9709
1236	9852
326	9617
85	9852
66	9597
5	9581
514	9732
208	9669
231	9638
316	9612
208	9659
137	9439
47	9522
132	9819
104	9747
505	9744
33	9554
359	9537
142	9695
1123	9837
80	9453
189	9493
354	9782
104	9409
528	9799
783	9527
448	9706
146	9702
71	9503
132	9611
189	9760
170	9604
9	9745
9	9609
52	9432
330	9626
1090	9781
2402	9948
5	9711
208	9196
429	9490
9	9470
5	8924
9	9460
170	9813
127	9248
562	9697
14	9391
991	9804
1482	9934
203	9672
28	9234
24	9489
85	9696
500	9596
505	9637
156	9464
411	9574
132	9580
363	9842
821	9844
9	9826
260	9640
71	9662
94	9312
123	9492
38	9521
90	9701
71	9714
269	9412
175	9588
212	9543
85	9812
75	9777
94	9376
241	9756
52	9282
47	9401
193	9408
66	9448
1699	9939
99	9537
61	9471
222	9309
123	9414
42	9581
500	9586
118	9539
132	9671
462	9860
5	9654
47	9063
104	9545
307	9503
75	9722
467	9694
222	9575
9	9230
47	9495
127	9648
835	9654
193	8825
19	9765
24	9603
1090	9821
61	9432
826	9829
675	9781
198	9606
146	9555
28	9126
316	9816
142	9564
156	9642
0	9469
142	9453
175	9627
61	9636
340	9558
344	9666
439	9716
5	9453
189	9622
505	9604
708	9765
9	9294
396	9797
840	9842
189	9601
1515	9882
1722	9847
326	9701
264	9566
1000	9858
1213	9796
5	9640
38	9394
396	9682
1005	9821
826	9809
335	9638
5	9153
349	9482
679	9714
71	9397
415	9643
127	9541
19	9609
113	9528
90	9429
132	9723
524	9792
519	9537
5	9474
179	9696
717	9749
28	9675
495	9728
80	9072
212	9776
930	9806
684	9660
104	9251
184	9550
113	9541
57	9688
458	9759
9	9305
184	9686
618	9787
547	9799
118	9447
38	9628
741	9879
245	9653
52	9262
42	9424
316	9554
71	9719
99	9501
359	9611
33	9495
38	9722
118	9587
571	9712
208	9593
104	9597
344	9836
57	9545
217	9615
274	9656
57	8835
656	9758
675	9724
382	9612
260	9749
113	9699
425	9809
184	9752
377	9705
179	9610
99	9193
260	9258
330	9656
90	9555
66	9580
264	9627
264	9676
920	9806
632	9787
703	9905
344	9388
599	9578
212	9383
260	9776
609	9829
731	9713
99	9337
52	9723
1911	9954
1048	9891
151	9453
118	9542
42	9421
750	9831
439	9769
193	9730
467	9702
212	9520
293	9583
14	9656
297	9709
1590	9908
47	9600
415	9715
156	9514
42	9334
231	9614
42	9285
1147	9858
146	9669
274	9665
104	9409
19	9655
14	9532
297	9776
151	9476
57	9580
382	9627
330	9788
613	9863
146	9485
109	9475
28	9651
467	9726
33	9514
47	9757
19	9102
127	9521
94	9594
104	9536
340	9568
71	9485
52	9570
311	9401
33	9546
255	9732
0	9218
840	9902
486	9653
1005	9960
472	9686
396	9792
429	9453
321	9615
179	9493
52	9612
5	9488
514	9821
1387	9840
972	9741
175	9433
9	9198
793	9878
189	9467
113	9483
179	9470
793	9751
208	9775
33	9504
349	9574
127	9549
562	9737
109	9835
118	9548
132	9674
61	9004
90	9388
538	9269
28	9738
189	9511
175	9716
330	9499
274	9660
208	9588
278	9772
61	9315
90	9695
109	9693
307	9744
85	9779
109	9441
0	9750
340	9797
297	9504
604	9637
123	9344
94	9395
90	9332
24	9252
80	9754
189	9843
5	9493
132	9443
241	9677
401	9788
132	9202
373	9788
94	9630
179	9612
113	9736
321	9574
127	9779
222	9300
9	9653
104	9246
160	9765
137	9498
392	9610
226	9551
212	9754
1293	9900
250	9535
741	9759
146	9528
142	9781
368	9785
80	9402
85	9348
288	9633
9	9542
571	9778
85	9395
160	9426
123	9388
538	9593
321	9734
137	9685
340	9553
373	9648
264	9495
170	9673
241	9763
137	9272
411	9275
113	9705
1312	9941
113	9529
9	9093
80	9508
212	9598
0	9728
330	9750
90	9644
0	9366
354	9572
132	9367
382	9687
208	9592
90	9580
189	9500
2001	9930
208	0
52	9631
165	9489
835	9512
283	9602
231	9576
283	9660
66	9919
859	9821
519	9614
316	9740
132	9748
524	9777
444	9680
127	9615
71	9515
255	9701
580	9638
198	9655
316	9720
61	9280
236	9568
175	9832
377	9558
5	9258
113	9631
293	9236
453	9746
311	9915
293	9769
80	9472
0	9444
411	9631
90	9618
425	9761
104	9888
57	9776
330	9543
142	9780
415	9807
0	9463
2760	9972
99	9787
736	9915
208	9632
264	9506
359	9676
33	9580
245	9699
1095	9906
5	9399
123	9597
307	9679
175	9247
109	9507
439	9490
703	9817
203	9632
71	9300
1845	9934
123	9450
0	9523
698	9796
5	9568
212	9810
137	9370
948	9924
222	9120
939	9808
90	9657
90	9610
642	9790
165	9621
90	9594
160	9669
401	9011
354	9615
392	9869
618	9753
250	9701
359	9549
326	9630
142	9505
5	9556
184	9609
212	9771
113	9065
670	9754
193	9642
151	9340
245	9576
90	9552
212	9621
302	9612
61	9298
14	9175
797	9845
212	9655
47	9726
66	9508
392	9879
278	9736
472	9569
151	9471
359	9731
840	9795
727	9680
179	9258
278	9714
349	9748
613	9554
269	9572
170	9519
52	9615
179	9642
66	9713
160	9575
71	9325
71	9735
311	9704
241	9857
212	9369
0	9432
477	9698
118	9431
288	9603
85	9640
278	9497
878	9900
189	9441
986	9923
179	9648
245	9626
142	9224
1902	9941
434	9841
679	9751
297	9751
411	9491
137	9638
208	9420
189	9697
0	9468
415	9527
33	9741
5	9595
198	9375
5	9720
694	9784
297	9598
42	9594
5	9459
28	9343
5	9479
61	9259
75	8975
236	9556
260	9690
1015	9865
9	9153
9	9391
411	9626
38	9477
316	9558
9	9477
396	9866
373	9625
203	9740
33	9724
731	9813
604	9845
260	9602
887	9918
75	9672
71	9454
5620	9998
1972	9946
179	9612
160	9574
458	9586
274	9646
930	9824
250	9404
146	9524
99	9564
1123	9829
368	9339
241	9655
165	9417
137	9435
5	9402
38	9581
33	9252
278	9833
90	9783
411	9661
241	9407
118	9586
1283	9809
118	9771
66	9688
217	9455
104	9396
47	9665
28	9541
439	9777
241	9759
359	9734
142	9537
42	9668
160	7672
118	9065
208	9457
109	9515
5	9278
57	9606
963	9841
293	9698
90	9409
203	9658
1057	9764
71	9612
420	9834
212	9767
193	9328
151	8935
746	9700
42	9455
198	9609
1406	9880
453	9803
245	9531
481	9622
38	9526
514	9799
689	9711
75	9508
14	9501
9	9724
462	9778
642	9651
109	9827
283	9571
109	9505
42	9510
5	9377
717	9825
670	9689
14	9473
628	9661
208	9683
1081	9854
741	9849
609	9795
387	9766
316	9839
217	9678
113	9612
66	9646
71	9501
0	9642
311	9806
193	9461
85	9470
104	9448
14	9456
47	9417
104	9634
61	9532
453	9767
104	9489
2218	9944
14	9557
212	9693
24	9320
448	9824
99	8796
61	9259
1798	9920
5200	9997
264	9515
543	9851
1095	9861
71	9776
373	9590
307	9303
80	9644
500	9677
85	9678
1807	9931
193	9525
882	9840
184	9558
444	9345
255	9690
0	9731
156	9555
85	9410
113	9604
543	9790
269	9629
552	9721
538	9762
5	9297
717	9748
38	9721
359	9465
505	9219
708	9847
151	9785
1151	9866
340	9492
741	9718
0	9261
203	9782
179	9651
0	9721
415	9797
406	9302
0	9554
123	9147
264	9755
47	9418
198	9644
142	9535
335	9564
24	9813
66	9684
698	9747
368	9741
118	9636
160	9662
255	9662
226	9857
208	9583
217	9871
94	9684
170	9484
321	9767
14	9538
137	9846
245	9884
477	9717
288	9857
66	9533
42	9395
66	9451
1935	9871
741	9814
477	9669
1123	9889
57	9554
1255	9885
599	9673
5	8924
340	9540
274	9758
1666	9885
1279	9885
193	9758
99	9586
179	9781
462	9672
137	9652
434	9753
104	9579
123	9396
127	9785
722	9852
80	9616
245	9377
57	9399
142	9460
628	9874
226	9825
245	9093
382	9739
750	9649
5	9469
675	9699
109	9333
42	9421
99	9133
19	9620
892	9821
571	9741
2152	9845
80	9759
9	9526
127	9599
264	9746
755	9838
5	9459
170	9672
429	9610
236	9549
628	9837
99	9816
717	9806
160	9643
311	9637
137	9651
401	9691
382	9744
434	9736
2133	9912
491	9591
127	9638
47	9523
132	9583
274	9794
1222	9838
151	9511
175	9419
429	9788
519	9740
5	9540
57	9512
241	9613
255	9801
57	9420
415	9676
9	9424
217	9741
104	9533
868	9795
736	9819
5	9456
5	9474
783	9747
104	9562
52	9409
264	9677
713	9860
137	9191
2940	9986
222	9715
241	9750
335	9451
448	9725
198	9616
118	9568
260	9663
830	9858
90	9512
764	9621
104	9431
0	9406
269	9817
156	9615
344	9529
769	9869
165	9479
160	9566
175	9331
90	9509
5	9424
208	9498
212	9755
33	9210
14	9459
665	9787
349	9710
307	9827
179	9418
113	9559
1024	9889
604	9818
599	9570
0	9319
510	9695
57	9546
382	9792
5	9728
203	9441
75	9585
368	9558
1411	9929
505	9771
326	9526
33	9598
104	9056
142	9565
293	9723
123	9781
184	9569
165	9656
151	9577
288	9490
47	9548
52	9301
123	9248
557	9730
293	9576
127	9692
109	9450
297	9473
28	9698
203	9443
71	9708
528	9666
179	9794
47	9406
52	9337
264	9529
226	9443
1732	9946
255	9469
226	9673
2024	9952
481	9773
24	9549
75	9678
236	9621
330	9458
330	9469
217	9590
170	9448
75	9698
453	9680
231	9657
255	9709
33	9637
127	9731
85	9607
948	9803
684	9856
151	9632
335	9702
42	9573
613	9788
24	9562
28	9779
764	9793
160	9783
514	9518
90	9751
47	9614
344	9681
330	9682
19	9716
377	9585
264	9656
52	9266
113	9479
250	9474
231	9402
193	9567
142	9533
2020	9943
47	9617
297	9674
90	9728
151	9273
118	9713
2038	9941
689	9853
477	9625
24	9602
670	9736
609	9795
85	9495
500	9609
434	9835
288	9661
99	9614
453	9432
132	8597
61	9484
524	9828
661	9612
283	9596
14	9190
151	9565
71	9147
33	9509
142	9426
283	9681
349	9621
930	9868
9	9584
382	9459
146	9444
217	9472
241	9259
892	9814
510	9621
557	9683
222	9266
241	9361
335	9653
562	9776
241	9594
132	9508
94	9434
1576	9927
61	9345
1118	9855
127	9328
156	9553
24	9405
925	9701
9	9707
604	9819
538	9747
33	9301
1288	9883
5266	9997
9	9546
137	9619
278	9293
434	9752
760	9866
528	9724
543	9771
0	9779
118	9495
580	9675
184	9600
250	9582
552	9734
52	9541
146	9192
156	9633
255	9556
57	9212
864	9831
411	9804
250	9660
604	9613
212	9671
382	9534
1071	9800
38	9400
226	9666
1652	9907
179	9563
165	9739
670	9782
500	9626
90	9653
467	9560
1534	9925
184	9568
590	9824
24	9625
33	9513
241	9681
160	9716
821	9692
231	9730
283	9780
1331	9866
142	9499
293	9443
104	9476
170	9619
453	9519
1184	9847
377	9689
2926	9967
222	9724
425	9816
401	9751
179	9705
170	9712
61	9730
288	9385
316	9502
28	9458
184	9674
33	9085
349	9453
335	9674
245	9769
109	9422
94	9253
66	9425
71	9577
264	9669
609	9576
585	9887
1383	9911
260	9549
33	9474
425	9636
14	9582
694	9743
165	9574
24	9513
406	9606
66	9536
146	9554
307	9848
401	9621
278	9574
779	9681
9	9422
453	9749
736	9582
359	9559
146	9456
85	9617
580	9724
0	9312
33	9260
42	9613
458	9789
283	9501
151	9733
61	9810
85	9612
14	9431
458	9766
316	9573
887	9460
269	9706
193	9609
231	9639
363	9486
0	9734
236	9419
189	9688
236	9672
335	9742
429	9732
547	9688
288	9667
0	9354
222	9619
160	9471
0	9649
132	9492
293	9879
38	9382
52	9421
61	9409
165	9696
189	9628
368	9801
779	9793
9	9241
420	9682
283	9638
5	9574
38	9493
382	9677
80	9493
146	9340
47	9631
151	9616
28	9369
217	9637
75	9196
344	9720
524	9635
57	9498
47	9564
698	9761
28	9483
349	9834
1274	9849
118	9485
930	9822
99	9542
0	9400
212	9735
363	9837
2581	9958
52	9318
33	9590
104	9656
288	9641
118	9299
274	9479
708	9774
5	9711
113	9683
613	9773
1486	9928
208	9678
406	9702
1161	9822
24	8804
19	9054
5	9390
123	9488
311	9447
14	9609
302	9755
19	9516
321	9659
189	9643
80	9580
9	9573
132	9432
47	8926
467	9730
0	8556
500	9468
236	9601
85	9445
14	9517
127	9756
203	9793
656	9445
274	9483
127	9696
99	9737
94	9427
19	9605
85	9625
307	9796
113	9579
1232	9847
132	9470
226	9775
198	9419
816	9865
222	9325
137	9560
28	9406
486	9547
330	9575
5	9664
38	9358
57	9624
52	9595
90	9490
118	9739
684	9755
132	9818
184	9690
137	9524
462	9774
0	9198
19	9723
42	9242
38	9491
0	9390
132	9595
939	9886
208	9665
326	9517
179	9398
274	9603
90	9738
977	9933
151	9819
99	9555
0	9497
179	9002
359	9870
444	9834
444	9813
495	9740
293	9382
75	9073
495	9769
481	9720
113	9469
236	9697
137	9398
321	9767
179	9271
477	9739
38	9493
14	9722
0	9342
14	9599
1265	9903
142	9612
175	9533
1010	9753
99	9465
618	9747
293	9753
109	9409
189	9501
71	9703
90	9507
1015	9852
175	9412
9	9531
0	9634
132	9670
123	9774
90	9323
420	9796
425	9586
1906	9928
580	9658
47	9633
99	9614
99	9692
344	9254
90	9731
61	9460
552	9694
1312	9945
264	9795
1048	9818
175	9672
1203	9902
42	9666
123	9629
1137	9868
873	9869
467	9648
283	9538
321	9545
80	9520
420	9561
175	9471
481	9657
222	9698
255	9837
90	9444
127	9746
0	9354
142	9514
283	9073
302	9741
24	9231
208	9734
316	9656
75	9371
849	9764
198	9642
47	9761
132	9400
151	9863
420	9775
533	9732
189	9587
156	9468
71	9597
462	9661
189	9793
1194	9843
245	9682
359	9604
160	9700
5	9487
184	9791
109	9339
5	9341
363	9696
28	9401
524	9755
1147	9842
514	9780
118	9576
326	9433
222	9286
396	9750
160	9640
208	9750
420	9728
14	9636
637	9618
222	9509
203	9668
165	9717
127	9563
746	9755
19	9493
1175	9872
250	9404
212	9172
61	9763
1699	9926
57	9676
9	9664
19	9132
344	9678
47	9464
28	9688
123	9430
75	9343
127	9526
307	9628
212	9455
57	9492
9	9342
288	9522
316	9506
38	9469
123	9551
618	9801
38	9595
33	9619
24	9635
57	9620
5	9518
198	9579
33	9534
382	9719
349	9517
1548	9879
193	9671
28	9343
420	9724
359	9708
226	9435
198	9369
90	9869
14	9684
368	9742
477	9699
19	9295
514	9585
1406	9887
123	9397
28	9589
71	9673
250	9634
226	9548
85	9618
250	9667
208	9418
5	9549
94	9624
1199	9846
175	9663
505	9659
212	9545
571	9800
118	9391
38	9596
127	9572
33	9575
368	9704
236	9444
75	9427
307	9331
184	9534
665	9788
71	9411
28	9446
1463	9907
1538	9857
269	9374
278	9765
61	9629
1232	9855
85	9515
47	9575
5	9639
47	9611
231	9708
212	9670
9	9639
85	9531
387	9841
1925	9947
557	9664
613	9866
24	9460
165	9715
66	9543
85	9712
14	9633
170	9416
1685	9860
1095	9842
354	9255
66	9335
90	9657
80	8997
203	9737
179	9645
175	9772
547	9600
42	9030
132	9644
1656	9963
1199	9853
533	9590
118	9524
764	9668
217	9543
411	9776
293	9808
184	9525
170	9537
241	9745
189	9609
165	9305
859	9757
170	9630
675	9835
66	9446
316	9702
2147	9976
156	9635
222	9617
9	9627
123	9593
255	9506
241	9497
193	9727
250	9694
118	9641
80	9487
0	9213
231	9531
184	9693
236	9521
99	9223
406	9486
377	9468
9	9499
226	9727
1099	9846
250	9484
85	9583
80	9660
264	9526
1387	9933
222	9612
1142	9944
340	9537
316	9393
57	9337
425	9686
340	9475
1170	9797
75	9528
425	9645
47	9564
212	9614
9	8844
760	9812
9	9372
495	9591
656	9698
113	9726
250	8714
61	9460
33	9635
335	9743
595	9681
797	9807
344	9352
288	9448
1099	9805
104	9542
47	9686
94	9661
198	9587
179	9665
38	9379
528	9779
632	9747
52	9563
958	9749
373	9640
165	9706
495	9478
80	9548
9	9786
24	9373
802	9769
52	9502
47	9659
175	9502
250	9616
519	9805
142	9777
75	9548
882	9795
755	9720
47	9866
127	9554
510	9733
189	9797
5	9803
28	9639
24	9429
373	9677
5	9422
193	9266
1510	9925
618	9879
42	9866
104	9451
90	9302
377	9716
1250	9862
24	9605
66	9777
33	9352
61	9279
42	9824
651	9825
94	9303
47	9590
75	9459
453	9646
444	9733
585	9768
175	9748
118	9178
1194	9888
0	9742
184	9759
887	9811
1439	9902
231	9555
722	9712
519	9676
19	9443
321	9640
61	9616
47	9603
160	9288
24	9387
184	9415
61	9665
132	9717
85	9427
359	9691
311	9433
137	9570
684	9723
755	9829
189	9450
274	9675
260	9596
137	9510
854	9921
42	9597
524	9820
14	9472
113	9395
1401	9885
288	9519
113	9730
302	9541
5	9705
344	9210
179	9371
278	9735
71	9587
160	9444
387	9740
151	9560
193	9524
71	9707
868	9634
425	9766
94	9123
203	9650
269	9666
646	9813
231	9684
14	9405
109	9530
750	9736
85	9572
137	9639
66	9471
57	9464
28	9235
661	9751
132	9648
19	9700
109	9610
132	9357
939	9805
146	9485
85	9714
797	9653
47	9302
61	9517
75	9638
71	9580
9	9279
231	9399
269	9858
425	9688
184	9683
80	9346
38	9394
33	9441
585	9675
71	9562
260	9662
297	9663
448	9846
5	9690
99	9350
132	9676
679	9666
415	9518
396	9728
1472	9879
434	9617
19	8267
75	9491
236	9731
830	9866
71	9516
335	9756
222	9620
85	9564
118	9707
175	8931
293	9542
179	9454
80	9340
61	9443
396	9709
311	9750
302	9456
184	9652
217	9654
104	9459
462	9609
675	9729
118	9320
75	9715
90	9427
9	9374
33	9648
151	9793
184	9491
1387	9909
42	9359
283	9605
217	9652
33	9630
80	9730
269	9678
75	9074
14	9664
127	9679
1161	9899
9	9348
623	9647
0	9314
302	9380
486	9401
717	9763
99	9346
311	9689
52	9555
184	9506
0	9695
0	9522
42	9739
5	9462
90	9471
80	9151
1099	9879
0	9590
217	9488
415	9562
330	9762
340	9658
0	9074
1170	9850
241	9578
363	9709
595	9827
637	9710
335	9452
562	9608
302	9351
750	9739
61	9594
3525	9991
293	9773
321	9778
47	9698
57	9582
47	9651
382	9762
118	9558
61	9556
19	9653
713	9856
33	9511
57	9455
85	9470
5	9576
1340	9856
212	8233
109	9464
543	9624
580	9738
170	9681
142	9580
741	9714
118	9296
571	9692
123	9434
274	9603
146	9568
1463	9877
505	9678
231	9807
38	9633
1208	9822
160	9776
14	9463
57	9517
132	9640
198	9492
113	9244
543	9929
99	9643
486	9702
109	9580
109	9487
1312	9826
170	9168
297	9803
562	9449
99	9552
297	9658
151	9634
113	9561
1321	9863
142	9019
241	9793
52	9628
151	9851
9	9391
335	9653
99	9560
71	8884
250	9540
349	9783
85	9602
80	9588
448	9769
245	9546
599	9702
193	9726
203	9236
297	9766
939	9925
66	9444
920	9826
415	9824
297	9366
52	9710
373	9709
142	9794
538	9802
99	8928
401	9751
5	9696
675	9746
175	9737
264	9564
14	9622
236	9555
132	9730
293	9711
132	9534
0	9251
28	9545
382	9784
1052	9841
24	9406
873	9790
123	9213
9	9368
47	9308
5	9220
359	9559
354	9673
321	9168
160	9564
137	9657
245	9391
203	9657
99	9247
326	9336
283	9518
127	9579
1024	9785
1543	9930
311	9656
170	9536
28	9267
184	9752
349	9674
151	9529
9	9477
293	9660
193	9510
217	9407
160	9742
170	9621
170	9570
24	9284
241	9499
90	9631
297	9707
783	9873
127	9492
184	9773
340	9772
71	9475
127	9768
5	9669
33	9416
38	8612
316	9519
297	9634
28	9641
948	9768
184	9696
99	9532
75	9522
0	9052
71	9641
52	9309
165	9531
731	9752
2501	9967
61	9521
618	9759
99	9066
793	9822
769	9801
481	9723
547	9707
783	9693
491	9787
189	9487
566	9788
57	9576
316	9665
85	9537
236	9458
99	9781
264	9459
175	9521
491	9685
104	9346
170	9618
94	9701
316	9456
302	9724
274	9572
1760	9901
104	9638
151	9598
260	9252
33	9571
132	9635
387	9715
448	9677
137	9341
0	9491
57	9210
80	9299
47	9701
250	9706
9	9379
19	9526
208	9573
109	9486
104	9622
326	9732
123	9610
377	9774
1071	9770
2949	9974
1015	9866
193	9577
94	9538
250	9251
90	9500
236	9572
189	9587
47	9291
368	9678
109	9632
415	9743
127	9514
170	9455
335	9508
80	9525
0	9418
505	9635
24	9466
94	9743
458	9631
226	9596
57	9350
99	9563
599	9747
330	9383
90	9436
90	9450
255	9674
9	9128
222	9381
250	9581
5	9419
170	9559
33	8634
260	9732
33	9606
94	9621
47	9520
0	9251
406	9710
845	9670
505	9726
557	9599
1151	9824
184	9665
269	9660
118	9641
9	9560
170	9481
1694	9949
250	9605
557	9790
175	9780
33	9222
118	9565
61	9529
137	9143
1505	9881
0	9687
420	9013
340	9836
57	9421
189	9467
495	9704
377	9693
90	9744
425	9269
2355	9919
61	9501
189	9655
1043	9860
0	9587
127	9289
118	9694
1883	9924
99	9560
656	9812
52	9565
109	9606
288	9429
628	9685
1099	9815
28	9203
109	9406
717	9828
71	9733
71	9396
0	9419
1137	9830
109	9565
481	9679
47	8978
109	9067
113	9440
5	9403
297	9452
165	9471
651	9686
52	9681
1283	9736
1015	9834
127	9626
203	8580
123	8720
66	9767
14	9449
151	9704
99	9415
104	9481
321	8921
774	9770
90	9310
835	9827
203	9682
1114	9749
203	9525
19	9701
533	9823
94	9415
137	9597
387	9732
1024	9870
113	9489
769	9650
434	9632
524	9703
24	9479
175	9467
566	9698
231	9742
104	9649
788	9722
170	9463
212	9641
38	9450
293	9615
231	9523
94	9506
401	9581
142	9537
406	9579
85	9260
491	9924
665	9583
66	9502
66	9434
826	9793
1434	9881
335	9604
165	9057
226	9686
109	9544
2458	9973
156	9596
623	9843
269	9444
311	9471
52	9533
80	9275
335	9620
137	9592
137	9432
401	9617
302	9687
906	9870
222	9728
387	9704
623	9780
123	9812
255	9560
170	9255
179	9703
245	9636
222	9576
288	9662
14	9473
61	9523
14	9574
193	9657
99	9800
415	9504
241	9625
222	9518
1279	9844
1359	9916
481	9706
472	9400
297	9466
274	9696
415	9551
288	9652
396	9843
415	9782
90	9699
2430	9983
703	9677
0	9518
9	9552
151	9457
184	9544
750	9848
382	9805
9	9426
1718	9952
156	9785
203	9596
42	9231
330	9554
99	9826
236	9595
1217	9835
5	9654
1076	9921
326	9523
66	9456
297	9661
458	9724
66	9146
321	9557
170	9672
71	9801
170	9471
264	9690
0	9721
94	8826
75	9847
118	9534
9	9777
104	9587
618	9393
283	9256
1703	9946
722	9826
14	9392
302	9672
226	9713
80	9182
236	9774
359	9687
1265	9860
184	9640
38	9254
90	9579
170	9571
703	9823
179	9590
165	9519
222	9599
113	9760
293	9607
373	9608
311	9608
236	9338
184	9539
406	9680
764	9572
146	9546
127	9467
340	9739
222	9729
94	9592
222	9727
118	9002
9	9607
9	9676
226	9620
1340	9831
179	9486
330	9840
5	9258
14	9666
849	9789
5	9116
137	9225
571	9833
165	9807
307	9591
66	9423
113	9569
236	9753
1104	9874
184	9790
1194	9860
104	9191
821	9758
104	9634
198	9535
316	9626
28	9505
590	9252
127	9538
160	9415
184	9668
208	9701
109	9514
28	9674
193	9579
198	9381
264	9736
189	9625
19	9718
453	9798
212	9452
604	9687
146	9590
552	9761
99	9684
873	9818
24	9431
302	9691
1175	9989
354	9706
71	9559
24	9487
179	9679
165	9498
5	9684
71	9530
61	9332
1260	9801
66	9714
689	9728
382	9695
311	9741
363	9652
71	9471
212	9773
226	9691
160	9381
5	9799
1170	9776
274	9844
19	9478
599	9729
38	9754
179	9667
260	9636
618	9786
816	9868
156	9583
189	9575
156	9546
19	9638
156	9499
57	9366
24	9540
3917	9993
311	9657
906	9762
1066	9841
109	9406
99	9440
500	9733
222	8938
212	9529
736	9599
170	9630
1298	9746
1184	9739
146	9596
5	9636
179	9290
462	9807
467	9647
269	9580
1538	9924
354	9649
260	9615
212	9688
873	9761
717	9802
132	9553
198	9571
94	9476
708	9741
241	9459
5	9451
24	9654
71	9660
604	9710
500	9666
316	9594
307	9431
109	9427
689	9735
132	9308
552	9794
269	9752
359	9619
24	9484
1265	9875
293	9962
354	9798
66	9601
33	9452
19	9579
1840	9915
66	9394
52	9443
335	9736
109	9189
217	9540
127	9749
156	9666
953	9860
38	9558
19	9753
14	9658
33	9594
47	9597
1307	9886
5	9394
415	9538
156	9438
217	9272
307	9409
94	9479
590	9847
260	9871
0	9367
425	9596
939	9790
71	9604
1633	9930
288	9514
99	9720
9	9615
321	9521
90	9404
264	9729
109	9412
613	9634
411	9820
47	9646
897	9832
151	9369
118	9527
113	9537
66	9353
231	9240
146	9706
401	9628
217	9755
189	9803
458	9643
302	9400
293	9823
231	9442
401	9677
0	9254
217	9679
330	9675
363	9610
5	9421
212	9493
981	9880
0	9753
444	9487
769	9773
1779	9930
1793	9945
142	9768
9	9665
849	9880
203	9517
514	9767
184	9253
118	9427
94	9339
354	9679
212	9547
38	9764
510	9519
175	9706
363	9755
316	9673
66	9491
566	9746
241	9721
