4136	1
4974	1
1910	486
4596	1
2669	25
3639	1
3520	1
3206	1
7442	130
6245	129
2161	49
8190	1
6641	21
5065	1
2086	1
5041	82
4914	394
2929	43
3494	36
3796	284
1855	126
3730	1
5941	97
3644	1
3265	1
6355	1
6028	1
6493	1
7041	1
6445	1
3688	1
3818	1
8514	1
3687	34
8900	1
5902	1
6444	1
1717	397
2755	188
3340	16
2916	1
7860	205
2563	70
6298	1
2929	1
7936	115
4371	1
3053	1
8290	3
4007	61
3781	1
5076	1
6596	479
2911	1
2703	72
8729	1
3732	1
3176	1
3603	1
7995	1
2657	1
3647	1
7017	358
4097	1
4413	21
3192	21
3456	1
3690	179
8423	48
8324	1
3222	1
2229	15
2107	231
3532	13
1713	83
3675	33
8680	1
6015	10
3712	1
3059	1
7809	118
1788	1
6156	1
2238	39
7033	242
3864	352
4447	1
8112	82
4630	294
2680	103
6580	1
3212	141
3591	262
8581	1
2309	87
4772	5
2062	1
8896	54
3921	172
6818	89
3109	1
2870	10
1990	208
7548	259
3288	1
3247	74
6338	1
6036	181
4811	1
689	1
8621	6
8732	11
2586	225
8448	1
3860	1
3484	266
6946	13
3445	107
3284	245
3576	1
5236	187
9493	1
7639	47
4397	1
3679	1
2804	1
8399	1
4625	1
3425	1
3502	1
8241	1
8377	25
2095	425
5097	1
8798	1
3787	1
3984	1
7141	103
3299	1
3671	1
3414	53
2803	40
8426	1
3301	60
999	246
7672	94
3829	1
9005	1
3765	48
5130	1
3714	188
3288	7
9565	1
3337	1
2276	408
5260	109
8706	1
4660	1
8217	1
8119	41
8568	16
6296	10
3677	432
8549	9
4062	18
3752	1
3658	261
2276	200
2521	1
1966	143
2878	1
6288	295
2102	27
4450	1
3110	1
8197	36
2144	25
7131	415
9127	1
2973	40
3022	45
2562	32
3435	1
6622	1
3625	319
4312	71
7712	41
8357	1
4057	1
7594	1
2023	345
3329	1
3918	1
2829	330
2747	1
5667	475
3000	26
3413	1
3565	99
6992	1
3677	1
3962	60
3958	121
8713	19
4524	13
2350	12
2208	1
1692	1
2812	1
7911	1
3054	426
3107	1
3281	1
6856	475
9050	1
4532	1
6450	532
2956	1
2584	1
1697	6
3561	107
3903	1
6861	1
6924	28
6063	1
8966	12
8758	1
8224	25
2180	1
7971	126
7979	33
8250	2
7239	1
6886	450
2940	87
7649	1
9362	1
2551	21
4870	1
3024	1
7003	1
4453	1
3712	1
2643	277
3895	77
4652	1
7102	291
2833	272
3423	1
8573	1
2867	1
3216	98
4001	1
8724	1
3273	1
1263	370
4038	1
2974	1
2049	438
9447	1
6472	1
4185	1
8268	1
2938	2
7339	1
3680	1
6488	355
3890	1
6199	24
2655	16
8881	25
3165	394
5101	531
3734	1
4077	1
8905	1
2416	1
3458	6
3718	1
4257	1
2822	3
4198	1
5983	1
2119	1
2065	334
3224	20
3193	432
5667	13
2146	715
3209	20
7697	45
3849	1
8337	189
3242	283
3616	1
2739	1
2752	475
7476	27
8237	18
3773	122
3086	1
1952	1
6221	1
3367	436
2930	162
6788	72
3676	221
8787	30
5053	30
3257	1
1270	200
5323	1
7300	19
9246	1
8625	1
8301	58
4481	119
4281	1
8477	1
3100	26
2632	108
9308	1
8757	1
4087	1
3505	1
3925	1
2377	1
8329	1
4362	1
3419	1
0	377
7534	1
2846	172
4744	10
3302	31
7723	73
6370	64
7045	374
3072	56
5004	33
4287	2
8703	1
2585	1
2442	368
8464	23
2797	47
1975	1
8321	66
3437	1
6550	436
7302	1
3416	83
7194	1
5883	545
2784	64
3204	266
3043	136
7988	1
2329	16
9098	1
3792	1
8455	1
5394	69
4803	411
4315	1
4225	1
3673	77
4107	122
7886	1
7731	61
5172	45
2992	1
1829	1
6530	1
4329	1
3467	1
7113	145
9214	1
8764	1
7584	1
2893	1
7873	31
9354	1
2979	1
8991	18
3168	24
8334	40
3837	129
9561	1
7259	219
8575	1
2748	124
6945	50
8453	42
3013	1
6917	1
2540	1
6650	223
3068	14
2671	19
2495	35
2865	353
4550	1
5097	1
2407	115
1589	16
9115	42
4806	599
4058	354
3099	35
3869	1
8556	1
3326	34
4904	1
7049	296
3858	31
3462	158
2636	1
7458	1
1434	1
3690	176
3200	1
2285	55
2475	1
3705	1
7613	1
6097	1
9312	1
7588	89
3328	6
6824	25
2689	106
4905	1
7832	174
8661	7
3538	1
2759	1
1738	1
6129	1
8659	1
9688	1
3397	12
5340	1
8004	32
5592	13
2676	1
8436	1
2554	95
4696	97
6787	11
3679	1
2090	1
3961	1
3973	1
4714	1
9201	1
2876	1
2617	474
5433	16
3415	92
4965	1
3798	1
7587	1
1364	1
8765	1
3160	64
3660	1
7452	1
3591	1
6711	1
4461	479
4143	1
3097	218
4121	1
5016	1
2800	1
6384	1
8571	1
3639	1
8493	1
2587	1
2388	123
3357	23
4596	1
3434	1
3329	1
4707	1
4170	72
7252	95
2930	1
2851	185
5548	3
4183	1
8783	1
2706	1
8180	4
7674	70
2281	1
4154	1
3187	1
3029	146
5005	1
4288	43
5778	206
2199	427
3787	8
5467	1
3362	105
2460	1
3985	1
9057	1
7520	1
6687	1
2696	173
5816	415
8536	1
4127	1
2298	1
2376	281
6008	1
2163	52
3765	1
2604	185
3302	47
3316	161
4313	1
2676	495
2972	54
2796	481
4414	60
3743	11
3311	265
3077	46
6816	1
7832	1
3182	21
7986	1
8202	1
3095	1
7017	1
8189	7
2311	14
7343	1
3013	1
3172	27
7612	1
2639	309
2496	97
2493	1
2769	1
5293	100
8460	1
3575	238
7373	1
5185	1
8416	1
8062	66
9899	1
4641	1
4104	1
7451	1
2655	37
3744	1
7242	336
5037	1
8593	1
8672	1
6764	469
7771	13
3862	1
7244	192
8552	1
3715	1
9662	1
4910	446
1838	1
3200	1
3650	241
7997	1
8685	1
2415	719
2700	17
5359	1
1998	55
3360	1
3252	327
2928	1
3600	1
7596	1
7120	173
3351	1
5100	155
2230	285
3054	1
3463	1
6916	397
8636	1
3042	1
4380	1
7454	1
8532	52
3400	14
3521	1
7042	346
6291	1
1173	158
5945	1
2640	1
6479	114
6020	164
7575	84
7576	1
2503	416
8842	1
963	1
2378	1
3007	50
3514	1
4353	78
8441	1
4759	1
3184	1
1880	1
4644	498
3757	11
3074	1
2357	441
6937	33
3790	1
3485	40
5571	417
3408	163
8495	62
3027	136
4162	1
2802	239
3146	171
3811	1
6235	156
3613	423
2009	1
2903	45
7879	1
4726	11
3588	1
8237	38
3272	1
3898	1
9033	1
4319	1
7592	50
8705	1
4389	1
3997	1
3969	1
2474	163
2005	89
3439	1
7287	61
2114	52
3954	1
4805	1
2204	163
8611	1
5809	39
2286	23
7901	87
5641	40
4542	1
4480	386
7443	1
3469	15
8015	1
3308	1
3571	1
3722	309
2250	1
3219	45
3774	224
5053	194
4353	1
5281	28
8403	1
6874	32
3627	166
2695	1
3945	1
2993	1
4578	184
2221	1
3031	1
7439	202
3142	452
3254	1
9245	1
3381	35
3914	1
3712	1
5552	1
8610	1
4215	1
3816	1
9276	1
2930	1
7952	1
6648	526
8298	1
8785	1
3924	1
4540	1
7748	43
7132	288
3531	1
3631	102
4869	1
2742	1
4258	1
5990	59
2288	64
3397	1
7904	39
7647	184
3436	247
3661	1
4509	1
3578	1
3306	180
2681	1
3810	1
3442	141
3371	19
8132	1
4424	54
5162	1
7512	218
7336	1
2971	1
2945	1
1428	1
3459	1
4746	1
3784	1
7918	23
4048	1
4007	195
2821	1
3792	1
2508	101
3184	292
8612	1
5476	297
2704	259
2040	1
8788	9
7296	1
3738	1
7793	12
6382	1
6163	79
7442	185
2879	1
8132	1
2785	211
3271	1
8327	1
6770	38
2446	1
3143	258
2896	1
8767	1
2141	416
4085	1
8202	1
7406	95
2498	1
2869	1
4515	1
2342	730
6350	1
2851	1
8158	49
8172	1
9607	1
3120	1
7626	94
4302	8
8012	5
7222	1
8006	128
2847	1
2650	1
3138	1
4949	1
6699	1
8858	1
4375	1
5321	91
8522	1
2793	3
3787	1
1708	150
6940	69
2412	24
5508	8
3280	89
2622	429
8983	1
7260	54
2538	636
2509	25
8897	6
3988	7
6324	57
3813	1
3871	1
7747	147
3716	1
8412	11
3818	1
2106	528
2792	24
3920	38
3661	1
7896	45
2630	1
9905	1
2983	77
2070	1
4158	1
4723	1
4120	21
4751	67
3155	1
6921	146
2610	417
3003	28
4090	43
2166	39
8785	1
2532	1
3071	54
6874	1
5552	89
9477	1
8675	1
1786	1
3462	1
8887	1
2998	87
3340	230
8840	1
3511	6
2794	9
3314	1
6186	1
8809	1
7944	9
7465	1
5008	1
2389	1
2688	1
2529	1
8784	62
7695	203
3300	49
8150	1
7180	116
2884	122
3792	1
4856	1
3628	1
7402	52
4232	1
8203	1
4696	1
8918	1
2718	27
3060	28
3482	1
9183	1
4114	1
2692	31
3056	1
2431	1
5916	1
9051	1
2878	338
5948	442
6596	24
9132	1
2549	1
9117	6
3999	61
7470	13
4069	1
4533	1
2018	28
8910	6
8545	1
3872	23
5230	389
3484	25
3872	1
8133	1
8805	1
9043	1
3986	1
3491	1
1433	703
3447	121
3560	2
3507	1
2330	1
2836	330
4243	483
2832	202
4032	1
9150	1
1779	410
3531	261
4281	1
7699	27
2458	310
2366	50
2727	101
7690	287
7075	1
2221	1
5731	1
8914	1
2321	362
3632	1
4305	1
3836	19
9130	1
3193	1
2305	20
8053	56
8388	1
3962	1
5849	1
7614	1
3666	1
8761	1
1485	1
8464	1
4801	12
2670	1
6364	162
6220	1
3576	1
2516	157
6311	88
2331	1
3450	18
6829	1
3342	3
2885	1
5012	374
8964	1
8764	11
4425	1
5359	1
3386	34
5334	1
3625	217
3800	1
5084	1
5077	1
3995	1
5025	1
6879	1
3306	30
8325	1
3175	1
7638	105
4214	1
2129	79
4311	1
6544	44
2357	175
8482	39
7723	1
3209	329
2552	16
2601	1
2438	3
8874	1
3403	3
3472	1
3724	1
3263	1
4074	193
3041	1
3681	23
2750	1
3623	1
3849	1
6997	1
2398	183
3289	1
4338	16
4794	35
4263	8
3033	1
8614	1
3454	1
8426	28
7861	74
3918	1
4307	28
5930	326
3778	1
2114	1
2404	1
3984	1
7128	214
2667	1
2669	1
3128	141
8266	12
3668	1
9071	1
8904	1
1630	292
2833	1
2445	1
2895	15
4277	16
8318	1
6142	1
3225	16
6629	204
3475	193
9106	1
3961	21
6459	1
3969	1
8168	85
2068	63
7851	28
3667	1
3706	1
3377	1
3176	56
6779	18
7659	1
3701	203
3202	203
3142	25
4021	188
4515	120
7392	29
7880	93
3573	50
2923	1
2637	1
2400	518
3928	1
3436	1
7758	1
4133	1
6498	1
4311	18
7925	115
4671	280
9149	1
4108	1
8374	1
9163	18
3869	16
3497	1
3403	1
3625	1
3354	1
3777	1
4042	5
2380	249
7207	66
2317	179
4114	19
4370	38
3407	1
9074	1
2923	1
6668	259
3019	25
2684	1
2663	216
3116	19
4837	1
2649	1
7809	105
3910	1
3144	1
8555	1
3814	32
5687	42
3294	16
5883	33
5813	1
4564	172
5084	31
7268	1
2053	1
8193	1
6938	1
3220	1
4996	1
3567	368
5636	16
3399	6
3438	11
2878	34
4063	1
5554	1
2892	16
3546	22
3409	6
7890	1
2452	1
7774	142
8263	1
4234	65
3054	1
4696	1
3492	8
4113	14
8649	2
2893	1
4551	216
2962	1
3758	1
2389	157
3873	1
2997	1
3246	1
8589	1
3522	1
3568	247
3487	1
4240	1
8622	1
3740	104
3701	92
4890	1
4831	1
3252	1
2961	324
4286	39
8652	1
3918	19
8531	1
3381	28
3573	229
2207	15
8542	1
2439	117
3888	1
5169	115
2873	1
3319	10
6572	26
1547	713
2671	1
2439	1
7708	18
3386	1
3089	1
8458	1
4226	1
8884	1
8169	15
3335	1
3323	1
8459	1
1874	1
8086	1
2493	1
3631	1
3255	1
7850	1
7515	1
8390	1
7383	1
8043	1
3755	112
4073	1
2967	1
2374	1
3766	1
8208	29
8533	1
7546	1
5557	1
2678	1
2704	1
4753	1
4271	1
3037	1
3661	80
3195	2
3652	1
2772	31
4226	1
8318	1
3848	1
1969	47
3775	1
2235	261
3583	1
2837	80
2258	40
3136	1
8676	23
2520	38
3242	1
3397	34
7347	1
2446	339
3658	1
7812	1
8473	107
4265	1
6378	495
9226	1
8711	1
2453	360
2786	96
3624	1
1957	734
4142	210
1945	228
2986	1
2187	1
4603	537
4237	1
8455	1
4750	56
2830	236
3329	65
2033	1
2279	83
7872	1
2880	1
8196	8
2606	273
8106	1
4439	16
2518	173
5567	33
8090	1
8632	1
2995	201
9523	1
8200	157
3206	1
2921	1
8912	1
7716	7
8810	1
3637	35
1640	297
4102	1
4024	1
9255	1
3184	7
8456	3
5248	15
4197	1
4229	3
3723	1
2914	80
7026	295
2634	10
4616	1
8675	3
3347	44
5722	1
4300	1
2854	451
3984	1
7817	208
3825	1
4220	1
4620	180
6796	1
3881	1
8276	9
3168	18
3489	374
4536	1
1316	1
6354	1
7294	8
2658	226
4704	1
3275	1
2678	1
5347	16
3813	1
6899	1
3351	74
2462	500
7755	1
2782	228
3674	129
1703	168
3009	212
2975	316
4045	13
3539	1
7932	1
9294	1
6790	24
9309	1
2381	1
9076	1
3307	1
3722	92
3437	1
3293	7
4235	1
3744	44
3296	148
4940	1
3311	1
2003	535
4005	1
3873	13
9816	1
2373	211
7160	8
3196	1
3029	21
2677	20
4269	1
8922	16
3902	1
5279	1
9121	1
4591	233
7894	116
5089	52
9036	1
5872	76
2131	1
3554	1
6501	1
7287	18
3423	1
3743	74
3496	1
6847	1
4017	71
6446	193
8140	28
7400	3
3767	1
8589	1
2699	265
2867	67
6051	363
1932	1
4063	55
2964	1
3446	1
2894	1
3735	1
8954	1
2702	456
3703	440
5347	415
4941	119
8856	37
3861	104
9306	1
3871	263
3067	167
9134	1
3440	221
6390	67
3768	58
2864	1
3297	1
9358	1
2884	390
2385	1
2548	1
3845	1
3721	1
4535	24
6091	53
2882	34
3963	1
7345	12
1940	98
4872	1
3794	1
4556	1
2959	317
8440	1
3871	26
6256	238
4830	1
3776	21
3367	1
3141	1
2994	102
3884	94
2281	269
2422	23
2103	22
8854	1
4027	43
2621	1
1346	521
3196	1
1704	68
9040	1
3666	10
5618	58
4560	5
3782	1
4554	47
7589	1
2138	20
3452	1
7059	212
4493	1
3885	1
3369	1
4380	1
2140	257
8851	19
4511	5
3501	1
2707	406
3327	1
8034	25
2935	24
3313	197
3142	1
3216	1
2487	1
8820	1
2775	1
3693	1
7519	1
3765	1
8786	181
8469	3
7242	7
8878	1
4301	1
4029	1
3393	49
6334	1
3860	1
6450	326
6985	6
8972	1
3341	1
3389	1
9279	1
3200	41
5099	1
3418	1
6035	1
6494	15
6810	1
4075	1
3088	1
3483	1
8375	1
4334	236
6319	1
3791	1
9178	1
3560	20
8043	75
3098	1
9460	1
4178	22
3419	285
4514	22
3025	240
3268	1
4034	366
3256	1
2129	1
2027	235
9294	1
2700	1
9049	1
4699	1
8994	1
3386	1
3616	26
4944	1
5684	22
8178	1
3892	90
8431	1
3837	114
2884	1
7548	1
8442	18
2431	698
9175	1
3799	654
2679	25
4607	1
3157	1
2856	67
3266	1
7425	143
9181	1
7846	1
4217	1
3676	1
2614	149
3905	1
5595	129
3525	1
2641	273
3352	1
2411	1
2819	272
4245	18
8197	82
8240	1
5332	1
7115	177
7507	49
3672	1
2620	1
4468	1
6941	25
3979	133
4067	1
6388	26
3697	1
4041	1
4478	1
6906	30
2486	570
3520	1
5363	209
3380	1
2987	64
7791	112
9141	1
6151	14
6039	94
8737	1
6130	325
4606	109
3467	1
8872	1
3330	57
9063	1
2648	514
4287	31
6514	1
5878	1
3320	213
8154	13
6887	90
2726	113
8692	1
3041	452
3359	1
1894	1
2357	525
3295	1
9202	1
3882	140
3723	1
5719	147
8919	9
3104	1
2533	1
2519	82
8575	1
3560	296
2666	555
5349	1
2495	9
4018	111
7714	38
2741	431
2691	25
2780	342
2149	1
3637	30
3850	1
3740	92
6105	521
4144	1
5833	363
8000	258
9059	1
3238	1
3940	1
3137	1
6500	23
3130	1
8703	22
3584	80
4361	6
6860	24
2215	39
6439	27
6110	551
4238	1
3852	1
4072	1
2787	5
2734	35
4702	1
4194	19
8406	1
2996	314
4638	318
4354	1
6423	1
3997	1
2573	47
3909	188
2462	42
8400	1
6586	203
3849	1
2107	1
3866	11
3641	335
9232	1
7877	1
7917	49
6598	1
3361	4
2921	16
1940	113
3593	1
2853	152
5027	1
3820	1
4228	1
3297	7
2650	1
2004	256
7257	170
3132	1
2817	1
8860	1
8601	76
2685	341
4398	1
8026	1
9026	1
8287	1
3562	1
2861	116
6612	1
8658	1
2408	1
4262	1
2043	34
9431	1
3812	1
7860	1
4021	1
4074	1
2764	481
2953	1
9666	1
4576	1
3224	1
3695	30
5165	1
2601	1
8748	1
4612	45
3812	23
3633	1
3459	1
2924	26
5680	1
6107	459
3186	9
4667	519
5078	1
9782	1
7556	190
2286	1
3074	196
7932	75
6782	263
3612	1
4325	1
2530	68
3186	116
3774	65
4448	1
3922	1
7982	169
8680	1
3402	1
5511	221
3968	30
8886	2
6413	1
2650	1
4490	34
3971	14
3354	1
3560	15
3772	17
3216	1
2721	65
2576	206
3209	191
1834	595
7223	1
3056	263
2768	1
3660	102
2227	1
7595	1
3011	114
9272	1
4359	1
4528	27
6607	1
6990	1
2730	1
7595	1
4000	1
3564	1
2850	8
2398	36
3539	1
3640	99
8458	1
4653	1
6029	1
4324	1
3434	19
8642	1
2596	197
5330	1
4630	1
8987	1
2652	1
4257	1
3323	160
8691	1
9042	1
3345	53
6274	46
7573	121
7961	100
3597	1
6399	528
3444	1
4229	1
7226	318
2479	261
3712	36
4577	1
1624	529
2965	145
2746	284
8083	1
3357	13
2890	100
6500	306
2530	476
3129	1
3761	1
7815	131
3632	62
4849	1
1931	1
1945	1
4533	1
1979	30
1539	163
3636	317
3638	37
9039	1
2978	133
3601	5
1861	1
4350	1
4129	1
2031	1
6064	31
6828	159
6275	4
7909	112
9018	18
3706	104
3290	125
5318	259
8500	1
8144	12
7725	1
3713	1
3417	427
4354	1
3028	1
1798	1
4167	1
2015	1
7863	1
3286	97
3587	29
1630	1
4712	1
5929	2
6931	1
4032	1
8286	3
2683	217
7598	1
2010	284
3530	35
9145	1
8953	1
4099	42
8600	4
2763	97
3403	21
2483	14
6294	1
6245	1
3225	1
2896	116
4190	1
4093	1
1750	1
4057	1
3688	1
4276	1
2984	20
3825	20
3596	1
3670	1
4332	8
8794	1
3068	1
9208	10
6162	132
2192	86
2183	35
3220	2
3880	1
3197	4
8486	35
3459	1
6210	282
2632	1
8903	1
2965	392
7404	1
7000	1
6075	1
3163	165
4335	1
4284	1
7006	186
3928	1
2387	1
2691	1
2745	1
4087	1
3209	1
4448	49
8460	1
4586	1
2554	46
3467	1
3897	1
3371	1
3840	1
5391	171
8515	1
3712	1
7316	398
4376	1
2783	16
3345	78
4779	1
7731	2
8171	138
2645	1
4064	11
7196	361
3580	151
5420	69
9380	1
9472	1
8912	1
8241	1
9049	1
2962	1
2473	74
3786	82
3552	57
6441	1
2601	1
5135	1
3007	1
7636	1
6817	1
4343	1
3929	1
3719	1
3567	1
4817	13
3076	1
4625	1
4635	1
8902	1
3773	79
3511	52
8537	11
2224	42
3659	1
5953	593
5839	1
3298	214
8640	1
2636	221
3457	259
2964	9
3696	24
6354	1
6664	1
2865	105
3050	1
6560	1
3291	200
7654	136
7414	70
4356	1
3233	1
2629	353
3343	2
1095	465
3063	1
7798	39
3274	260
3607	7
3175	1
7626	25
2673	139
8567	17
3468	1
3440	1
2665	1
2690	95
3496	1
4213	31
2673	1
4144	1
3874	94
5534	1
3779	1
8228	1
5710	1
2931	291
8376	16
3946	1
4363	1
8227	25
8491	1
6498	259
6309	1
4517	38
3207	22
3750	8
5524	1
4656	166
2784	1
9036	1
8483	1
7715	93
5053	82
3384	1
4066	44
3112	1
3384	1
3869	1
2496	28
3479	33
3332	62
3321	1
5342	1
7629	73
2621	222
4785	112
3678	1
8930	1
8824	6
3701	110
6574	341
4741	1
4302	1
5505	1
8953	15
2925	51
6406	1
7467	259
2054	1
8951	1
8744	1
7379	136
4200	131
7319	1
2282	1
4098	115
2242	1
6774	67
3474	1
3239	13
2786	103
4596	1
8422	1
3619	1
6696	397
8564	1
3359	32
3969	1
7485	1
3500	10
8174	1
8102	14
3512	8
8388	33
2610	154
7349	66
8753	1
4279	1
2848	1
4580	1
2413	1
9063	1
7940	1
6696	1
6514	351
2774	1
4206	159
3392	1
2890	101
3250	1
7083	307
4003	123
3006	234
2803	261
3370	1
4319	1
1942	115
8653	28
7904	160
2841	372
7333	156
2518	53
4390	1
3214	263
8031	1
4176	1
4788	1
3865	1
3608	1
2098	1
2569	1
3866	4
3046	1
2695	135
3047	11
2342	35
2833	62
5742	87
2543	1
3862	1
2742	143
2739	1
6890	424
8600	1
3214	1
6230	1
7347	1
4004	1
6061	1
2814	1
2940	1
7814	66
3866	1
4562	521
2836	403
3968	1
3575	1
2166	90
9188	1
7651	43
8902	39
3626	58
2590	1
5710	72
5222	6
7942	1
3271	470
3422	1
2846	1
3727	1
4602	1
4082	1
1308	241
4214	1
8558	1
3712	1
8333	1
6800	437
2920	241
7644	1
3416	1
6864	91
3891	16
6947	410
3206	6
3610	1
8355	62
3746	1
3894	36
7048	1
6060	3
2080	533
3955	3
2442	1
4664	1
3155	1
3802	139
4146	27
4015	1
9148	1
7844	82
3876	60
3682	248
8812	1
2683	1
2770	201
3032	1
4308	1
6405	1
4004	1
8570	1
2570	1
8442	1
2295	1
6129	61
6456	17
4288	1
3985	1
3598	1
3149	1
2945	23
2217	1
3779	8
8102	13
3184	55
4225	28
4598	1
5239	1
6962	7
4164	1
3039	1
2276	1
2310	1
2730	235
3093	155
6659	1
5295	1
2782	527
4773	1
7904	1
5077	1
4567	1
3152	1
8382	1
2847	15
5101	1
5209	25
5952	82
3019	1
4073	1
3617	1
3587	1
8416	4
3442	1
7289	413
2392	223
3748	5
8107	1
2675	251
3268	12
3128	31
7848	79
4519	1
9098	1
6655	1
6976	174
8128	64
8284	14
2863	179
6953	217
1841	135
3311	1
3763	1
8447	17
3233	1
3096	57
3872	1
6182	1
3460	14
7883	23
7138	259
4189	1
2959	414
4377	1
3048	1
3691	1
4497	1
8024	1
5807	1
2503	1
3626	31
8272	26
3295	1
7723	84
6395	1
5386	1
2900	37
3652	6
5194	1
2612	111
3713	721
4078	1
3876	1
5167	47
5911	48
8296	1
5540	113
2619	361
2658	253
4002	1
4193	1
3926	1
4390	23
3781	10
2637	142
8023	35
6142	131
9085	1
8928	1
2948	377
3682	1
6909	1
3458	142
6291	1
4600	1
3784	36
3738	1
3283	159
7393	1
5126	1
9152	1
2687	114
7197	1
2339	146
2764	1
1873	1
7605	160
7206	56
8493	1
9251	1
3779	1
3889	18
3173	1
4995	13
3371	1
3239	1
2300	105
8767	47
1977	484
6619	1
8342	1
3510	1
3441	1
5788	1
4025	1
3435	1
7651	1
1981	206
7522	1
3719	1
2896	2
2969	478
8361	1
3674	1
7982	51
3093	1
3736	1
3308	1
3299	206
6142	1
4145	269
7515	267
2489	6
8572	1
7080	1
2799	421
7691	1
8419	1
4863	48
5349	199
2950	1
6778	1
3468	42
3346	104
7684	103
3182	191
3216	1
5562	35
5433	273
2994	1
5874	17
4307	1
3680	1
3664	1
7427	126
8460	61
3654	1
8556	1
4337	1
4667	38
4514	36
9314	1
6416	26
1976	235
4960	20
2853	49
3037	25
3176	132
3326	124
2898	1
6067	1
8577	16
3768	24
7034	27
3011	1
2687	66
8836	38
5083	1
6945	1
4125	1
3854	1
3418	1
9681	1
2958	1
3778	16
3193	1
3929	145
3889	121
8711	64
3101	1
3275	161
7682	57
7670	240
7985	1
4767	76
7086	48
6549	122
2830	37
8779	18
8112	1
4279	1
6795	179
2533	199
5130	18
9059	1
1321	24
7868	137
2443	339
4464	1
3093	1
3201	45
2992	1
4000	1
8644	1
4246	7
3230	8
4004	274
4226	1
2001	108
3231	8
3479	153
4062	60
3586	1
3981	1
8543	1
6952	286
3708	1
2834	198
7419	344
3709	1
6173	268
3402	1
3265	55
2811	44
4768	102
3033	1
7619	174
3960	99
2672	62
7511	1
7745	41
3552	32
7829	1
7946	200
4604	11
2184	39
6094	1
5144	11
4643	1
3145	48
3449	1
2947	26
3079	16
8499	1
5682	83
8898	12
3454	1
3786	1
3476	44
7059	1
5297	1
3476	53
7539	107
6062	1
8795	1
3468	33
3202	1
5634	1
6702	70
5286	1
3359	88
3861	1
3772	144
3871	1
2600	91
4899	1
3981	1
6306	325
4490	1
8209	1
3274	1
7889	169
4484	1
2764	247
2408	1
3185	1
3628	1
2817	1
3360	103
3912	246
6108	102
3185	228
3408	1
3327	306
3439	1
3205	1
4026	1
7298	66
3242	345
3901	1
7299	1
7494	75
2451	7
3055	1
3666	1
2812	1
4510	1
2719	1
8576	1
4945	111
3368	1
2622	213
5130	133
2641	115
3641	141
1387	10
3628	139
3487	48
2942	509
8638	1
3498	431
9484	8
8590	55
5213	1
2885	11
9395	1
6319	444
1910	436
2790	1
3925	31
4273	11
8761	1
3781	1
6926	1
3708	1
3353	1
8608	66
4320	260
7857	7
3233	1
3093	1
8673	1
4427	1
9601	1
6738	35
7192	107
7452	299
3525	1
2551	145
3207	419
3872	32
6938	386
2607	143
9713	4
4379	51
6949	370
1993	504
3254	108
5285	1
3034	34
3570	275
5264	1
8830	1
8975	1
2372	95
3505	1
8618	1
6268	490
3491	1
3996	304
6757	1
4529	1
5283	716
3062	1
2411	306
2534	1
4623	26
4010	1
5642	53
7115	183
6537	461
2555	16
7917	12
2762	130
3767	14
4067	1
3063	1
3341	354
3273	1
8478	1
3346	1
4496	1
8705	69
3090	1
3253	43
4224	1
3847	1
3810	1
5417	163
3142	1
7996	71
2964	1
7377	1
3175	228
4167	41
3373	126
8819	2
3319	1
1468	29
4441	1
2575	354
8196	34
7439	10
4206	1
3761	1
2787	1
8736	1
9381	8
2453	1
6716	97
5465	1
2462	14
3932	1
8917	2
2544	22
5286	114
2338	1
3003	8
3639	181
3259	1
2801	441
4690	8
3708	62
4885	169
3645	1
2332	243
4779	1
6407	1
3133	265
2796	161
3766	1
5058	69
2933	238
8415	51
3538	35
2362	98
8630	1
3675	1
1644	363
7350	34
8506	11
9414	1
3343	1
8931	1
2923	1
2193	333
1845	489
8147	1
3134	548
4544	12
9142	1
6572	1
2991	305
3440	1
3809	1
3993	1
1324	16
5889	16
5832	1
6788	344
6031	1
3257	1
7371	30
3015	30
7354	57
6478	287
6647	8
2509	343
8852	29
7417	1
8372	1
2759	15
5926	1
8626	96
3347	1
3624	1
2485	3
3920	1
4255	1
8508	1
9101	1
2741	1
7938	1
3566	1
2343	3
3269	1
4662	1
1480	87
6544	295
7419	32
6723	31
3833	1
4736	154
3123	45
5709	1
6705	1
3858	1
4287	1
2888	1
3576	1
755	31
3762	1
2802	1
1832	116
2957	1
8408	1
3434	1
9124	1
4148	1
2637	616
3627	1
3944	1
3717	25
3495	1
4035	1
8381	1
1937	19
4557	1
2049	69
3578	15
4369	1
6014	609
8400	26
3910	204
8366	1
4649	1
2600	30
3096	108
5700	122
5647	13
6546	1
4551	1
3426	1
7118	1
5134	338
8490	1
9022	1
4616	1
7264	29
3301	115
3533	1
8843	1
2957	19
4624	1
4265	1
8682	1
3203	13
1414	68
2478	1
7181	212
6142	1
3447	69
8832	1
6395	131
7493	169
2751	1
3728	17
4037	1
2826	25
3861	47
2774	167
5413	1
4866	1
8757	1
9186	1
3291	12
3919	1
4462	1
7766	1
5548	1
3010	153
3467	1
3165	164
9065	18
4347	3
3473	14
7426	244
9192	1
9013	1
1704	428
8771	1
4018	1
3648	81
4199	7
2566	229
5198	312
2458	4
3117	54
2765	486
2378	83
7620	1
3236	1
8920	1
5955	184
2875	45
2754	32
7816	1
6727	1
4616	15
3501	32
3174	1
2707	1
2637	1
3410	1
8144	1
5690	38
3188	1
2217	188
8055	128
7981	157
4204	1
3004	1
2732	1
5606	14
5458	1
2818	193
3677	23
2440	372
4932	297
3956	46
6110	1
4550	1
5434	1
6484	527
3802	1
7095	1
3123	180
8425	1
2912	300
3449	144
3421	110
3283	142
4017	1
4013	496
3564	1
3454	1
3533	1
6283	1
8553	1
2930	358
5990	1
3584	1
3418	122
5249	79
5393	1
3799	28
2846	1
7063	1
6942	58
7759	47
3213	1
3633	43
7336	55
5360	352
5200	1
1606	1
8794	1
5106	1
2404	206
7922	1
3327	1
7142	1
3125	42
2790	1
8356	1
3997	422
3711	1
2662	159
4233	1
9150	7
7633	1
2913	250
3578	1
3783	83
7242	338
3123	7
8496	1
6928	5
2476	465
3626	1
7955	152
2876	5
5866	388
2000	1
3242	1
2726	570
2419	65
3172	1
5112	14
8240	1
3418	5
4160	1
4861	1
3089	1
3267	1
3889	1
3595	1
4811	1
3766	1
7788	1
1836	1
6112	1
6212	1
2954	226
3489	17
3004	1
3068	1
3215	45
8513	1
3656	128
9207	1
3939	1
7151	1
2504	1
9386	1
3989	218
8224	35
6825	345
4877	32
7514	1
4247	22
3974	21
7643	119
2760	348
7503	120
6641	82
3226	1
3317	1
8415	33
3438	1
2170	33
3752	22
8298	83
9596	1
4188	35
2944	1
3202	1
2824	359
2348	121
5121	7
3710	1
8493	195
2706	1
6968	298
2201	528
8797	1
4765	1
4638	21
8859	1
6259	571
4336	1
2137	53
8245	1
8077	1
2265	1
2444	361
4286	29
2377	13
5514	185
5444	1
3217	16
3680	1
1758	1
3440	3
8169	92
3706	112
4592	1
4013	51
3232	66
2418	31
3672	88
6261	68
5393	1
8836	49
6385	72
6218	175
2327	1
3499	1
3355	1
8398	37
8923	1
7624	179
3806	166
2565	86
5380	56
8526	1
4467	1
8195	49
4925	1
2582	1
8246	1
3862	509
3009	1
8318	1
3240	1
3452	1
8732	1
3003	515
2442	244
3453	1
3191	1
8539	1
3194	157
3680	1
7693	173
7793	84
4599	1
3784	1
3853	1
3487	1
3844	1
2526	287
3285	20
9176	1
2983	26
552	1
4489	1
1436	445
5583	1
8608	1
2027	241
6985	1
6332	1
4582	186
8803	16
6181	13
7934	1
4158	1
7151	60
6585	22
8984	1
3635	1
3649	1
3013	42
8687	1
4588	155
4668	58
4134	1
2109	1
5320	484
8880	1
4662	158
8528	1
7784	52
3272	294
2887	1
3777	1
2982	15
3377	164
2455	679
2572	1
4826	1
3298	1
8610	11
3276	1
2961	52
6892	349
4474	1
3370	1
8125	1
3222	26
3067	1
7842	73
3938	1
2255	1
4591	1
3795	1
3004	1
3961	1
4586	1
4465	1
8658	1
2990	1
2965	112
2645	109
5684	1
5299	48
3352	14
6670	250
3408	5
4889	315
3968	1
2917	1
6680	22
5918	87
4411	1
5278	166
3331	1
7525	1
4352	29
8108	76
4853	4
2810	130
3158	79
1397	1
5754	1
3690	78
3934	1
8225	52
9397	1
2359	227
2071	293
4806	5
2460	1
7468	1
4076	1
4062	1
3992	1
8251	12
8470	1
2564	84
2248	75
3144	1
3124	1
3296	245
2266	35
8397	1
4020	1
8306	47
6956	1
2908	1
2801	1
7947	84
4855	1
3169	24
3555	1
3916	248
8329	7
4711	15
9006	1
4166	1
4046	1
9188	1
3143	66
7480	18
2236	463
8376	88
8828	1
3365	1
8230	1
5211	102
8936	1
2379	34
2844	1
8570	1
8501	1
8116	1
3717	352
3346	1
6007	1
3408	29
8775	1
3931	1
3197	1
3639	1
3756	139
7096	59
9540	1
6736	1
7347	96
2841	1
4064	1
2540	23
3635	1
4582	94
3951	1
3975	32
3932	113
3216	1
3683	1
2905	159
8725	1
6449	1
4131	1
7731	7
4830	16
9330	1
3975	1
3145	391
9243	1
3334	118
3573	187
2502	24
3298	1
3456	1
2888	19
5965	287
4045	1
9274	17
3267	72
3352	1
4223	1
8936	1
4293	1
3109	24
4770	1
3063	57
2112	103
2287	22
2482	15
8519	1
6700	76
3725	153
4298	1
3277	1
2684	285
3112	1
3863	18
5397	1
2787	273
3225	1
2950	7
8364	1
7375	67
3461	368
3164	255
2953	460
7305	188
4348	47
4799	313
4250	1
2341	12
7829	150
2809	1
3965	1
8964	13
6913	54
3233	2
3258	1
3398	1
7767	1
5997	1
3577	1
4566	1
6651	38
9824	1
3364	226
9271	1
4011	43
3107	1
7669	1
8430	1
3972	1
3260	16
3407	143
7810	127
8717	1
7389	92
6770	209
2585	589
8590	1
4077	145
1850	160
8998	1
3200	1
2717	224
8548	1
8357	92
3350	162
8593	1
5377	1
2805	383
9589	1
2417	5
3229	1
3516	38
8824	1
4201	1
3747	145
4357	629
7971	1
4080	71
2853	269
4049	1
3588	36
7941	142
3173	71
3013	1
3752	33
4838	1
3693	2
5177	223
3888	1
2340	1
9366	1
3590	35
8065	1
2984	1
7274	465
5786	89
3065	1
3222	177
3529	1
4384	118
5259	1
2679	1
2534	21
8444	80
3623	1
3458	1
8369	1
2260	720
3955	155
1328	56
3050	239
8828	1
9024	1
3285	602
4737	24
3159	1
6073	237
3074	73
2985	1
3720	66
9183	1
3895	1
4214	20
4934	11
8286	1
2412	252
2678	16
8632	1
6255	16
3338	108
2146	148
2650	1
8799	1
3887	1
3175	21
8342	1
8700	1
1574	1
3020	73
2913	1
4599	1
4415	1
7480	75
8953	1
2469	23
1063	1
2525	1
2737	103
6777	341
7875	1
3183	68
9546	1
3721	1
3746	2
8993	1
2627	36
4083	1
1902	565
5862	1
3989	1
7268	1
6308	589
7775	136
5489	1
6765	1
3286	1
2593	1
2201	286
3382	71
2754	1
6032	169
4835	100
6335	1
1822	1
7637	1
8478	1
6276	498
7294	213
3157	217
6071	59
2613	163
8805	1
3362	7
4883	1
7268	11
3367	1
3776	1
8887	1
3656	241
3633	1
2817	1
2415	1
3409	1
4171	1
3035	1
7265	248
3434	66
3854	1
5063	197
2266	1
3076	79
8492	44
5202	34
8976	1
3390	1
3215	1
7941	1
1977	1
8663	1
3000	1
7407	1
7676	1
3755	424
2704	209
2831	1
3873	1
3684	1
8119	79
7693	134
2970	20
3185	28
3145	1
8607	1
6025	45
8227	1
4515	190
2847	1
8785	1
3014	1
2382	1
2462	460
3918	1
6904	1
2532	164
2675	1
3244	1
2986	17
8372	132
3080	1
1871	1
7269	256
3884	1
7782	1
3844	13
2327	66
4076	1
2848	1
4890	533
3220	277
3727	1
4467	1
2340	151
3551	1
7251	1
2596	326
8242	21
3021	133
2817	38
3443	297
5836	1
3026	131
3186	217
4084	32
3125	466
2014	237
2067	352
8177	1
4014	10
7784	29
4253	1
4482	1
3050	226
2888	30
3743	1
6429	6
3551	1
3903	1
2937	12
3313	1
7625	180
4227	1
3963	1
4161	1
2459	1
4382	1
3245	1
5179	1
6396	23
5440	65
6243	146
7477	1
2710	1
3791	1
3130	1
6988	309
2424	125
6246	20
4273	1
7943	1
3759	1
2399	224
8990	1
8282	1
8162	56
4213	192
3308	3
1985	1
2544	1
3636	30
9052	1
2495	14
7900	1
8901	1
2757	1
9345	1
6044	91
4215	24
4003	64
3805	82
1474	69
8608	82
3070	1
4131	1
2845	92
3299	1
4265	1
3138	1
7370	83
3241	232
3263	7
4869	278
4239	1
8436	1
9174	1
2901	467
3455	1
1831	1
5209	1
3885	1
3586	1
6666	6
3719	153
4022	8
2732	317
2032	80
3514	28
5381	61
2987	11
3757	3
3415	151
7876	141
2575	1
2370	327
5039	41
4022	1
3096	5
9153	1
2556	85
4064	1
2540	141
3179	114
4063	1
3542	395
3568	1
4827	1
8468	1
2712	73
3947	1
3526	126
6223	1
4234	1
5344	1
9325	1
3313	1
2463	1
3415	1
7269	1
6854	73
3418	1
1700	1
7190	453
2218	36
8593	1
3380	5
3303	111
8577	1
3840	1
7233	1
8628	1
1831	155
3016	10
4398	1
3741	95
967	3
3098	294
4519	1
1173	1
2667	10
7503	7
7210	122
4308	12
4038	1
7557	1
2585	132
2209	1
7454	1
2952	118
8621	16
4338	1
8190	20
3220	1
4324	81
4999	1
6895	243
5529	276
5088	1
8758	9
3543	20
3516	1
3946	1
9147	1
3703	454
7313	369
8313	1
3189	1
7328	159
5331	1
5857	65
2795	1
8152	21
4990	169
2584	90
4697	1
9066	9
6139	342
3270	42
2913	1
2784	4
2507	202
2558	60
8503	1
6117	1
8951	1
5947	1
3629	1
3707	61
4131	1
7872	14
4218	1
3486	1
3695	1
7905	28
6079	13
3373	29
2670	49
7342	419
4124	1
2717	13
8971	1
4269	1
4464	1
3682	1
3312	176
3409	1
3439	9
8766	68
3697	1
2955	1
1351	1
8758	1
7980	2
4281	66
7804	124
6981	219
6291	1
7620	323
2954	336
7146	1
2854	1
6101	513
8244	14
7679	23
3706	1
3498	1
2786	174
1921	475
2339	5
2751	165
8066	1
6660	143
5703	170
7312	42
7179	366
3308	1
8574	1
3536	1
7660	181
9078	1
5583	1
8510	1
8628	1
3864	1
7801	1
3820	1
8646	1
3637	16
6441	1
4367	1
3388	1
3765	81
1614	1
3482	1
6294	1
3123	425
1498	38
6429	1
6333	1
3579	101
7325	109
3001	54
4257	79
5872	4
4809	1
3972	1
7246	1
3096	3
4558	1
2683	18
3225	1
3369	1
4011	202
3156	86
3621	62
9082	1
5272	1
4356	1
8379	1
4073	70
7442	47
7511	134
3951	1
4789	1
5682	23
6113	447
8890	1
2085	1
2712	6
4176	134
2791	1
7298	56
2983	104
4355	1
5141	1
2386	257
3677	49
6804	301
2576	1
7700	117
4032	1
2902	1
3144	208
7275	267
3563	1
5063	345
8372	1
3471	92
3994	1
2141	264
9384	1
8065	15
4316	5
3434	1
7394	1
6649	1
4144	33
3468	14
3799	12
3961	7
1701	1
7050	22
3144	96
1306	354
4178	1
2840	196
4385	8
2824	213
7438	290
8372	15
8069	1
2493	92
6120	438
3762	1
3654	45
4058	52
4084	1
3645	1
6131	1
3638	1
4011	8
4156	1
5666	1
2777	31
2164	21
3340	1
8106	1
4520	1
3741	1
2628	409
3003	129
8099	1
2522	1
3089	473
5749	253
4440	624
3479	22
7080	375
2159	1
6468	1
5781	1
2425	159
4424	1
3995	26
4692	1
3509	188
6661	1
6394	1
4451	1
7114	1
8741	18
3726	149
9015	1
3565	1
5199	1
4480	1
4180	127
3583	1
8347	1
2195	77
6277	1
8088	1
8821	1
8943	2
6483	280
3593	216
7273	189
3500	97
3817	63
3812	21
3269	1
8782	1
4698	1
3513	1
4763	12
6458	118
9306	1
8064	1
5007	1
3151	1
2702	9
3195	398
5625	720
3757	1
2297	218
6325	23
6402	473
3401	4
8339	1
3879	1
1875	133
3490	1
8671	1
9042	1
3790	31
3368	350
3018	8
2894	1
4018	5
3444	7
3705	90
3232	1
2594	1
6590	52
3026	188
3955	1
4743	1
7596	1
3053	228
4118	1
3878	1
4157	1
2167	152
9089	1
2130	467
3247	208
3746	1
3342	106
8486	1
3097	132
3844	1
6498	1
3810	139
6143	180
3442	1
3674	1
8136	1
3421	13
3718	7
4365	1
3748	29
8903	1
3786	1
3933	67
1970	34
2611	211
3726	1
3181	188
3047	1
2840	78
8457	1
3017	483
8692	1
3261	1
2159	5
3947	1
2708	12
5218	1
3083	14
7399	1
3435	1
2656	431
3269	525
3264	283
5880	475
2916	1
3746	35
8081	1
2810	204
1879	1
8323	1
4899	26
2285	11
7213	159
3849	1
7398	158
6420	415
3337	50
3862	1
5515	1
4748	1
5185	97
1887	258
6810	63
3512	1
7327	1
3545	1
3539	115
5217	19
2417	436
3704	1
8706	1
5815	1
4410	1
3255	109
5406	1
3676	1
8542	1
7906	1
4904	1
8843	1
1573	258
2718	175
5977	318
8451	1
4199	1
3431	472
2827	48
3869	1
6844	16
5478	247
3226	1
4393	1
3314	1
5385	1
5132	35
9337	1
4911	15
4209	28
8666	1
2596	1
8364	23
3424	86
3442	1
9782	1
4717	1
6780	14
5105	1
7886	68
9377	1
3719	1
2716	9
3395	87
9127	1
2809	1
4248	18
5061	222
6622	130
3781	16
9038	1
7654	20
4628	1
4345	195
3119	1
1597	1
2915	106
9350	1
3053	1
2837	1
7668	1
4143	1
4016	1
6960	448
8419	1
8521	1
3572	74
7750	67
4282	1
2054	1
9347	1
7294	154
8410	1
2937	40
9354	1
8401	1
4053	30
4219	1
4056	1
1618	14
3892	2
3881	328
5645	1
3797	1
4914	1
3688	1
9272	1
3805	1
8831	1
3636	1
8833	1
4767	1
7153	1
2937	1
3004	88
8525	1
6011	306
3985	1
2950	51
3198	11
2964	1
3709	1
4830	1
3242	1
1876	158
5421	90
2555	145
4918	1
3872	1
5337	86
1724	1
4386	63
2821	323
2429	1
3271	1
3326	1
4474	1
8681	1
7708	1
3439	1
3286	1
4493	1
3336	64
2891	1
6501	433
2478	266
5552	1
9106	1
3816	56
3186	1
3333	1
3984	1
2335	1
3559	207
6115	529
3301	237
3126	115
2726	242
3591	57
3566	1
8569	1
6058	4
2811	362
7668	11
7638	20
5724	144
8882	1
4176	1
4176	6
4253	1
2590	38
3235	177
2809	1
2479	1
3746	57
5762	1
2483	87
3546	1
3223	1
8148	1
2904	509
8685	1
4272	1
8326	1
6496	244
3063	25
7050	305
9173	4
3815	5
4289	1
3276	1
3770	1
3114	332
4507	1
6572	588
8992	1
3794	1
4815	1
3912	137
4456	1
3525	25
2547	1
3638	1
3765	5
5764	134
2904	1
3741	1
8787	1
3706	183
9047	1
3424	1
3718	62
4162	1
4006	1
2983	6
3953	1
6561	1
4288	1
3943	1
2280	614
8698	1
6895	505
8277	1
2324	502
4363	49
8461	1
3602	1
5603	461
9272	1
3423	1
3257	1
4588	1
4681	1
8867	1
2872	1
2527	1
3403	1
4885	1
3869	1
6351	137
3116	54
4672	1
1304	1
4353	65
4210	1
3312	1
3675	1
2527	41
3442	20
8585	1
8925	1
2331	1
3775	1
6197	279
5596	98
2196	1
4850	1
3673	1
2948	1
8375	13
3160	68
8640	1
3707	394
3298	1
6464	232
3060	1
4046	55
3387	1
3704	17
5268	86
8606	1
2306	103
4579	1
4535	4
9653	1
5733	1
7319	190
7963	1
3924	9
3639	1
4007	1
7532	173
6245	1
8577	1
2602	1
4026	1
3106	270
4288	1
9520	1
2771	1
5906	27
4122	1
3149	145
8933	1
8464	75
3417	12
3588	54
4631	38
2800	456
5907	26
3811	1
4047	136
8462	31
6853	358
7087	39
8996	1
8928	1
4019	14
8063	1
2822	513
3734	1
1644	335
2824	1
2426	415
3361	18
1358	2
1957	7
7906	79
3469	366
6104	1
2408	1
3850	28
6246	1
2167	112
3211	1
4263	1
4084	1
3210	205
8918	1
4371	1
6375	1
4398	455
5857	1
3974	1
2328	1
2860	1
3163	204
7878	1
3566	1
3512	1
4931	129
3705	345
8164	13
3177	1
2903	56
8070	74
3553	18
2492	14
3237	1
3395	1
4896	1
1499	1
7703	224
3463	18
7729	125
6605	263
8020	81
3073	212
2501	1
2958	222
7344	41
8625	1
3975	1
3533	1
3279	1
4907	200
2668	1
8517	1
2623	8
3831	1
4364	28
3958	1
5070	1
4701	1
3210	1
7168	19
2618	1
3838	1
4368	24
8036	1
3050	23
2893	1
3376	1
8308	1
8654	1
8742	1
4189	1
3148	1
7394	217
3074	1
7765	68
3303	68
3309	1
3875	209
3110	6
5582	130
3022	1
2903	16
4115	46
8326	1
2124	1
8946	1
8987	13
3308	449
4137	234
4236	1
1816	466
4014	42
4151	1
3165	4
8794	1
4411	20
4251	53
3087	10
2847	169
5710	1
3602	22
5350	32
3852	1
2805	292
5161	1
9010	1
4299	1
3871	164
4592	166
4570	1
8294	1
7095	1
7139	1
3762	1
3195	1
8340	29
1228	46
2950	22
2817	349
9077	1
1372	1
3329	6
8867	1
3886	1
9155	1
5000	1
7218	1
2412	1
4556	1
2076	1
2237	323
3820	1
8658	30
8303	1
2804	280
3179	129
2963	1
3802	122
3067	9
8275	1
3607	1
2711	482
3633	1
8778	1
3015	1
2733	117
1958	316
4608	1
3720	22
3308	514
3623	1
3686	1
8044	20
3625	20
2580	1
5580	1
3354	20
8175	1
9999	1
3937	129
4280	1
3248	77
8561	1
7353	1
7014	312
3030	45
2773	7
3205	10
1644	1
4295	1
8616	1
2688	74
3553	1
3669	11
3328	1
2666	1
3280	1
4003	1
2564	1
3742	1
4202	1
3643	657
3163	1
8081	1
3660	130
3444	1
3349	1
3509	1
7921	218
8871	1
2969	44
7323	46
3220	1
3853	1
7340	154
2150	1
2980	1
6045	41
3169	9
3523	1
2410	1
7512	1
3768	17
3472	1
1385	469
8975	1
8475	1
4942	187
7157	103
7494	305
3947	682
8081	1
8644	1
3126	98
3510	2
8039	5
7605	276
3368	1
3808	1
3316	2
2407	1
8053	64
8804	1
2533	18
4000	1
8545	21
6640	1
6098	34
4086	1
4600	182
7963	1
3113	1
1794	319
9466	1
4622	1
7957	38
8274	1
2807	1
3652	57
3131	82
8583	1
4331	374
2963	38
9660	1
7765	143
4148	173
7232	80
9004	1
2735	1
706	1
3629	1
4187	1
2919	397
9370	1
3353	42
3913	1
2916	1
3785	1
3801	1
6673	1
7537	1
6012	265
2826	29
3436	1
3674	4
3592	17
3933	1
7951	119
6448	48
2608	1
9231	1
3847	5
7908	121
4965	1
3034	1
3676	1
4558	1
5244	1
7988	38
4667	1
4157	18
8595	2
3513	123
7397	185
3249	1
3976	17
8963	1
3895	4
4735	1
5561	1
8206	26
4175	1
3303	1
3745	10
3324	31
8158	24
7347	10
7570	190
6942	1
2709	44
3424	1
3504	1
9231	1
4378	173
2992	25
2893	35
4079	1
6212	2
4192	1
3199	1
3381	48
5149	310
2415	1
6264	1
8283	1
6667	60
3175	35
5912	1
4805	100
3794	261
3536	1
9133	1
3399	1
2979	28
7069	10
1762	238
6786	1
2979	1
6896	139
2776	207
3396	92
3337	1
6176	139
2915	231
2787	1
2332	382
8640	1
2865	315
3690	105
8077	95
6209	87
3009	447
3068	115
1763	88
3038	104
7471	203
3412	4
8960	1
9567	1
3324	1
6554	1
3378	1
5798	91
2232	189
2753	84
2623	337
2757	58
4300	41
7469	1
8582	1
7508	1
3025	523
6040	126
2076	95
8641	1
2990	213
2573	7
4629	1
6143	1
4750	1
3525	188
3180	6
8864	1
2843	125
8835	1
7472	69
2348	28
4308	1
9304	10
3558	21
4412	1
6807	210
8205	1
7310	14
2839	1
5232	113
3763	44
2683	1
2989	231
8153	125
2881	1
3607	191
2658	1
3034	1
2889	1
1029	1
2710	253
2811	178
6687	45
3889	1
5378	48
4956	374
3579	1
3316	1
2481	1
3610	1
9289	1
2542	32
3005	128
3637	19
7974	1
8126	99
3841	1
2556	1
6716	1
4584	1
7668	60
2991	7
4281	1
2395	1
3233	1
3190	5
3672	1
7028	151
3880	3
8116	82
3082	1
3255	434
3578	47
4045	1
3928	1
3206	96
4092	1
7298	57
3167	77
8082	45
8784	1
4022	4
3852	76
3664	1
3667	1
2673	307
4035	1
9103	1
8861	1
6010	102
3946	229
2640	18
8880	3
2969	259
3016	15
2711	116
6614	1
2876	1
7048	1
3610	123
3881	12
7604	1
2433	1
3037	1
3412	21
4129	4
9420	8
6028	1
3037	75
5039	1
8910	1
6544	156
7575	89
4738	20
1644	15
8294	52
3069	19
3474	65
3390	1
4198	1
2282	278
2204	285
4095	1
5661	1
3430	336
7022	260
4119	1
8908	1
3007	1
8126	1
2713	1
3402	1
7884	1
7861	1
8088	1
8052	171
2646	45
8792	61
8565	1
2561	486
4015	1
8159	1
3629	1
3922	69
3650	1
3974	1
3110	30
7879	59
7453	3
9503	1
4410	1
3621	64
3735	1
3811	63
5893	1
4154	105
1524	1
6627	54
5239	204
7351	9
2952	1
2551	1
8665	24
5293	1
7714	1
2688	190
3408	1
8479	1
4318	1
2617	192
3624	1
7988	1
5248	113
3226	1
3844	1
8361	1
2883	8
2863	170
6230	49
3761	20
8878	59
3751	68
3066	1
5121	1
2593	5
4142	117
5369	30
7886	1
3548	1
2138	265
3742	1
2244	1
3961	1
2963	1
5885	1
4421	1
4284	1
8542	49
3532	77
7181	48
3006	14
3200	1
6874	324
2994	430
8993	1
7434	158
6210	13
9290	99
2837	1
4092	1
8156	1
3718	73
2692	518
8349	12
8403	1
9095	1
7999	200
6971	12
2995	487
8123	1
3844	54
4087	1
4635	1
3793	370
8510	1
6256	1
4121	1
3198	144
3472	1
3384	4
2772	22
7111	1
6195	238
1721	693
2252	1
2766	415
8324	58
9159	4
5624	14
4398	2
3642	1
2377	24
4102	41
6489	1
3098	1
3884	1
8024	108
2680	710
7039	1
2743	70
8452	1
4049	1
3655	1
2969	1
3254	372
2484	1
5175	1
6505	1
4117	1
6554	1
2691	1
3691	14
6186	1
2814	161
7632	1
8558	21
2817	162
4016	37
4329	1
3279	386
5950	1
6143	1
4098	145
7469	73
2716	1
4254	1
8106	1
6241	243
4789	18
8070	1
1771	25
2767	1
9245	1
3142	398
3192	170
8289	29
1999	371
3243	498
3257	82
3468	56
3822	1
2373	183
4418	6
3401	158
9086	1
3511	49
2841	1
8794	1
4499	1
4182	1
4618	1
7820	1
3643	1
5563	1
8824	1
3943	1
9066	1
2886	542
3878	1
2655	1
4307	1
5546	1
3389	26
7260	77
3450	280
6613	399
2809	119
2483	470
4422	1
3582	1
6368	1
7347	190
8757	1
3620	1
9269	1
3962	40
7276	75
7332	317
3892	96
2890	1
7760	114
8033	38
8471	1
2968	1
7674	57
1667	1
7602	48
2492	454
3766	1
8944	1
4148	327
4209	225
5537	26
3879	1
7642	1
3134	1
4109	60
8624	36
4000	1
3146	1
8256	1
3388	1
4463	79
3640	77
8169	57
2733	1
7385	2
1809	1
3207	116
2078	1
4105	17
5487	349
5565	353
6001	1
2242	1
2894	1
5881	90
3005	1
3131	1
2254	8
9093	1
3256	108
6853	16
3405	266
4192	1
2784	1
2562	94
4313	1
3961	1
8154	1
2604	1
3727	1
8246	64
3263	40
3762	1
3775	1
3149	1
2495	256
2550	1
2344	425
8689	1
7565	1
1510	1
8054	13
3341	289
9103	1
2488	1
2392	30
7563	1
3537	67
2779	550
4609	1
8080	48
3158	65
3127	235
3749	296
4669	79
7017	426
5041	1
3153	175
8182	51
6998	113
7627	1
3816	1
3002	413
3139	1
8486	1
5201	33
6857	1
7406	1
3069	1
6555	1
8974	1
8337	51
3276	40
3753	351
3992	1
2433	189
7761	6
3992	29
3633	1
8638	22
6731	1
4045	1
1715	35
3140	19
3355	33
3891	1
3052	1
4029	1
3560	1
7720	1
3704	354
7002	1
6902	261
8628	53
3710	26
3196	83
3625	15
3797	76
3876	92
3908	49
4145	1
8731	1
1997	84
2288	571
8567	1
4046	614
7946	1
3572	31
5193	1
3754	1
8273	1
2787	328
2472	1
2075	1
3404	146
8438	1
4313	1
7175	1
7132	1
7491	1
3166	260
8218	1
4507	1
4640	1
2983	187
8347	1
3077	1
2079	1
8516	1
3848	74
4815	1
7081	74
7630	236
7867	1
7755	145
8447	1
2371	534
2736	1
8368	16
1946	245
4571	74
3305	86
3320	249
1571	1
4262	1
8008	1
6937	1
3649	336
3013	1
6478	142
9330	1
2562	1
4872	1
3699	275
9176	1
3446	1
4178	1
2742	1
9297	1
4766	36
2159	66
7371	1
3356	1
2873	229
2449	1
2119	1
2717	1
2597	1
8337	68
5085	188
3911	1
7732	1
4633	22
2816	319
3692	23
8908	1
3844	1
2550	371
6862	1
2499	84
3749	1
3696	310
3220	1
3275	68
7442	1
3111	52
2534	395
2603	117
3259	1
8407	1
3909	1
4938	32
3591	116
2018	1
3836	1
6567	1
4185	108
6929	1
3268	22
3383	1
3017	1
3161	420
6890	1
2896	38
7655	27
4420	94
3460	1
8067	1
6538	1
7337	1
7170	67
8010	1
1921	489
3446	166
3797	130
2631	314
7650	1
3959	112
3136	1
9161	1
8511	1
5981	1
7314	6
7042	153
3628	1
5833	41
6357	1
2866	62
3435	1
1734	16
3446	1
2524	32
4252	1
5141	298
8090	1
7089	1
7007	163
3554	1
7131	1
4107	12
3888	52
8298	25
3778	115
7194	272
2972	256
3647	1
6488	460
3923	111
2710	123
8735	68
8033	90
9137	1
2553	1
8592	6
8070	189
3134	24
2481	1
3978	1
6229	245
9025	1
9129	1
6054	76
7233	1
8544	1
4467	1
3550	186
8023	147
3441	159
6949	185
6230	101
2979	7
2643	226
5375	1
8699	1
6155	1
3770	1
3107	154
2664	1
7170	167
4362	12
3445	62
9166	1
7734	22
6568	246
3683	1
7135	1
7993	62
5018	1
4098	1
3131	52
8478	1
3457	1
2279	255
2465	1
9490	1
2298	8
2691	121
8895	1
5128	53
3898	19
1989	1
4695	1
4310	1
2824	180
3286	1
8692	1
3704	86
5859	1
6264	255
8090	71
8306	1
3030	1
3904	1
3949	1
6889	134
6832	1
7153	94
3042	1
2861	96
4519	264
3052	1
3221	1
9531	1
7894	1
5235	462
2903	81
7709	32
3007	1
4475	1
5090	245
8290	1
3931	1
4700	1
3253	1
3691	41
5985	337
7620	100
6532	209
6811	1
3306	208
6348	392
6360	11
2378	286
9270	1
2351	210
5734	1
7454	1
3354	35
2928	1
4650	1
6502	363
3881	5
8171	93
2266	402
7972	1
2813	1
2342	261
3559	1
3441	1
8582	1
7633	1
5603	319
4197	15
3826	1
2477	528
5477	1
4533	25
3205	572
3362	1
4445	1
2582	1
5619	1
1904	1
2962	18
6907	81
2897	1
3892	1
7067	1
3341	527
8848	1
3067	1
8575	1
4129	24
3435	1
3674	1
6865	130
3228	1
3647	19
7270	190
3037	134
2262	345
7819	56
3949	24
7743	164
3715	1
3947	1
4266	128
8570	1
2603	500
2607	1
2120	1
2478	1
6776	309
3618	1
5489	11
7829	24
3227	187
4898	1
5171	1
4268	1
5386	1
3564	1
3085	286
4341	1
3194	1
4623	1
6100	626
4031	1
6333	476
2339	212
3113	1
3536	1
2919	1
4162	1
3218	164
3411	125
4306	595
4631	104
8878	1
2898	476
8563	1
4308	1
5782	19
2844	99
3026	1
2574	494
6713	1
2181	108
2396	1
3719	1
3679	377
2342	1
4355	1
4174	1
2586	523
6745	1
5910	204
5178	252
5420	87
4160	1
2964	1
3041	234
3775	1
5145	1
3108	146
7440	1
4032	1
4367	1
3957	1
3280	435
8071	16
1395	210
7944	1
4297	1
3396	1
3786	1
3179	69
7787	1
4289	1
2744	44
7594	1
9170	1
3830	145
3500	19
7560	1
8364	121
4610	1
3719	1
5639	195
3142	1
3174	214
3842	190
3366	1
3895	1
4638	1
6624	252
6663	21
4204	222
3574	88
3061	1
3576	132
3734	1
8579	30
4268	1
3407	1
8349	1
7603	149
3645	3
4565	40
8294	1
8522	1
7383	1
3128	8
3883	12
3993	160
8067	1
4704	1
2413	527
9192	22
3743	76
4040	1
7171	1
3788	45
3237	1
4203	64
2643	1
6906	424
3251	1
7453	1
3087	23
8582	85
6407	1
8174	14
4156	1
3543	44
8583	39
4081	1
2140	200
8826	1
8299	18
7733	80
3623	1
3032	1
3825	266
2855	1
3463	136
8389	1
3538	1
3327	3
3686	43
1999	4
4331	8
7735	35
5426	1
3242	4
7118	66
2754	1
2909	24
3148	1
2539	38
3917	1
4186	198
2358	1
2773	1
5662	1
3175	124
4680	1
3122	1
8977	14
8420	1
3953	1
3429	1
4745	1
3994	1
4257	15
5421	74
4718	1
3220	7
3821	21
8321	1
8810	1
5077	1
3735	5
2867	2
3370	35
8345	72
3852	260
4236	183
3806	1
3580	4
3232	1
3766	1
4063	1
2991	1
3532	512
8724	92
2903	1
2763	151
3760	1
2361	5
3920	88
3709	199
2450	1
2351	1
2109	68
3458	24
4475	103
2342	36
3091	1
6686	1
3641	1
6804	1
2918	79
4025	148
1948	282
2492	1
4138	1
2692	11
8069	153
2958	39
4496	91
4726	1
9270	7
4035	31
3973	36
6401	1
2576	222
6532	252
8163	1
2887	1
3556	1
3352	1
8122	148
6908	1
3634	1
4186	8
3219	1
2508	36
2321	203
4142	1
5778	114
4558	36
5843	91
2350	1
3353	208
5436	1
8233	48
3292	1
3626	19
1928	1
2829	249
4557	1
5719	344
8463	14
3837	1
2815	13
5892	1
8873	1
4884	51
6108	1
8736	1
4427	285
8479	1
6361	385
3052	59
7906	80
2638	374
3145	1
7032	1
3789	1
7564	13
8286	1
2916	104
7043	84
9059	34
2564	353
2911	539
8294	36
3227	1
3377	1
6790	1
1944	15
3240	1
3255	10
2598	44
4042	82
3581	1
3670	127
7283	119
3264	29
3596	1
9343	1
3588	206
2882	325
3390	158
8767	3
8661	111
4501	1
2884	441
6932	342
8580	69
4487	1
5590	1
5156	1
1699	2
3794	1
3314	232
2339	1
2179	1
2660	1
5590	35
8772	1
4572	1
3402	28
2958	1
4260	10
3327	1
3418	1
3646	1
7295	1
8788	1
2832	1
4607	4
3533	66
1817	1
3083	25
3713	1
5447	1
8061	1
6654	1
8478	1
7578	1
5401	6
3458	1
2382	1
3032	77
7503	103
7890	1
4990	46
6138	504
2992	1
3872	1
2885	1
8397	33
3235	1
3986	25
5366	173
3604	7
3093	1
2760	37
6750	38
8515	1
8695	1
4390	1
2981	41
8573	1
3427	169
4546	1
2387	208
3008	134
3292	1
1870	1
2658	245
2881	411
4496	1
3787	1
3341	160
2790	1
4950	1
5710	3
2512	1
6348	368
3246	1
2747	1
4263	77
3280	76
3778	1
4223	26
2883	59
3144	1
4592	16
7172	43
9084	1
8589	1
8848	39
7443	135
3153	1
4174	1
4243	70
8484	42
2220	1
3838	129
4356	1
3465	257
4371	1
3953	112
5942	12
3618	13
3710	1
6714	90
6055	1
2514	1
3260	20
4019	1
8857	1
2257	1
3043	62
2956	175
7715	1
3068	1
6478	1
2095	564
3838	5
3051	22
4065	48
2223	2
4111	1
8480	1
3343	1
2286	37
7524	11
8950	1
3640	27
2575	278
9218	1
8877	12
4873	1
7344	57
8674	1
2485	56
3875	1
2544	47
8224	63
2442	519
9358	1
7914	39
3599	110
6793	1
3925	29
8075	175
6019	1
6936	161
3519	1
4325	1
2877	1
8385	1
7037	80
4346	1
7149	275
9527	1
8168	1
4010	1
4899	1
4429	1
3128	1
3750	1
5235	1
8430	1
8015	1
