1	1
255	5
1	38
1	1
1	139
1	138
1	7
1	32
1	89
1	57
22	22
1	71
1	196
1	192
1	15
1	85
1	19
1	146
1	49
254	29
244	28
13	65
1	33
208	12
1	19
1	93
1	1
199	15
1	133
1	17
1	28
1	65
1	145
1	21
1	226
1	29
1	21
1	78
1	158
1	19
1	7
1	131
1	11
1	47
235	143
1	15
1	34
1	230
1	1
1	8
1	10
1	46
1	107
1	1
149	58
1	6
1	125
1	1
1	133
1	20
1	31
1	20
16	177
1	164
1	1
1	83
65	3
255	21
1	22
204	215
1	57
1	1
1	22
44	9
1	28
1	63
1	22
1	30
1	34
1	67
1	111
1	10
1	58
1	28
1	3
1	24
1	21
1	118
1	28
1	56
1	139
250	22
1	141
30	127
1	125
254	35
245	18
1	111
1	53
1	188
1	10
193	40
1	23
1	11
254	23
1	36
1	1
1	30
1	16
1	65
42	127
1	1
1	16
1	116
22	30
1	149
1	132
1	31
229	204
1	1
1	222
1	138
1	115
1	200
1	28
1	26
1	137
1	19
1	226
1	116
1	7
1	16
1	23
1	21
254	47
1	18
1	4
1	32
242	26
254	23
1	11
253	32
247	15
1	52
1	17
1	23
1	141
1	9
1	137
1	117
1	29
1	42
1	103
1	17
1	102
253	57
1	59
1	18
1	27
1	111
1	13
242	68
1	100
1	49
1	226
1	22
1	11
1	19
1	168
1	25
210	118
1	224
1	132
1	5
1	13
1	46
1	1
48	136
1	3
1	119
1	82
1	16
1	23
1	18
1	133
1	47
255	20
1	13
1	97
229	43
1	7
159	23
1	16
1	135
1	132
1	223
254	18
1	34
137	17
1	73
1	9
1	18
1	66
1	98
1	22
77	132
1	24
1	19
1	103
1	20
1	23
1	59
1	49
1	134
1	14
1	16
1	1
1	226
1	15
1	138
1	25
12	68
1	1
1	1
1	148
1	16
1	1
1	20
1	136
1	95
241	19
112	127
1	39
255	173
1	58
254	155
1	39
1	63
12	24
1	43
1	1
1	80
1	224
1	133
1	57
1	178
1	3
1	1
1	14
1	220
1	19
249	126
1	32
11	9
1	210
1	204
1	6
1	133
253	222
1	188
1	12
28	113
1	134
1	46
1	218
74	32
1	14
1	32
1	154
1	219
254	131
1	17
1	45
1	1
1	36
1	42
1	35
253	22
1	61
1	29
1	188
1	23
1	221
1	217
1	8
1	199
1	99
1	6
1	69
1	74
1	154
1	58
1	30
1	14
65	17
1	1
1	57
1	227
1	21
1	22
1	33
1	20
256	226
1	27
1	165
1	72
1	21
1	137
1	210
1	25
1	9
1	32
1	44
1	228
53	139
1	45
1	140
1	69
1	31
1	58
1	39
1	55
1	65
1	8
253	225
1	68
1	62
1	19
51	138
1	222
1	56
1	30
254	138
1	15
1	25
1	133
184	21
1	192
211	34
1	1
1	21
1	218
14	191
1	88
1	35
1	32
1	20
1	1
1	31
256	124
1	10
1	48
1	78
53	116
1	132
1	168
1	151
1	15
223	180
1	82
1	63
1	47
1	116
1	15
1	57
1	222
1	40
1	4
1	35
1	1
1	119
1	28
1	48
1	1
138	150
1	20
1	135
1	23
1	143
1	230
1	1
1	128
1	154
1	13
1	26
1	12
1	48
1	32
1	23
1	10
1	25
81	116
1	14
199	45
1	210
1	35
1	16
1	24
241	152
1	11
1	1
1	38
1	65
235	18
48	26
120	149
1	12
1	124
4	135
85	56
1	26
1	69
1	14
1	161
252	20
1	131
1	152
1	180
1	115
1	133
51	40
1	1
1	1
1	24
1	103
1	30
1	42
1	1
1	140
1	18
211	1
186	15
1	215
1	11
1	139
1	31
254	1
1	132
86	74
1	60
1	60
1	134
1	27
1	39
1	229
253	12
1	46
1	227
1	32
1	219
1	47
1	173
1	135
238	36
1	136
1	132
1	23
87	22
1	18
1	12
1	27
142	118
1	18
1	96
1	134
1	64
210	27
1	25
1	59
1	134
1	1
1	58
1	184
1	51
253	140
1	33
256	23
1	29
1	229
141	43
1	11
1	19
1	16
1	12
256	100
1	219
1	97
1	118
1	19
1	227
1	50
1	121
1	210
1	8
1	61
1	29
1	32
1	4
1	192
1	52
93	225
1	161
1	125
253	154
1	28
1	14
1	154
146	144
1	180
1	1
1	141
236	24
1	136
15	86
1	58
1	10
242	6
1	23
1	177
1	61
1	47
1	228
1	1
1	21
1	23
1	227
1	23
25	126
1	17
1	20
1	11
1	28
1	154
1	33
120	22
1	3
1	72
1	16
1	84
254	147
1	32
122	133
1	146
1	58
1	224
1	103
1	1
1	7
1	20
1	1
254	162
1	3
1	121
1	37
1	8
1	179
1	20
1	4
256	32
1	187
1	19
1	69
1	39
1	38
1	46
1	1
1	34
1	27
254	47
1	64
1	51
1	97
1	29
254	48
1	21
1	32
30	43
1	138
1	22
1	136
254	162
1	23
1	227
1	150
1	17
1	1
1	125
1	140
1	20
1	38
1	19
114	192
1	131
207	35
1	213
1	14
1	89
1	35
1	126
1	148
255	27
1	11
180	33
1	148
1	22
1	14
1	1
1	12
1	1
1	14
27	16
1	65
1	100
1	141
253	49
248	46
1	154
1	139
1	192
1	37
1	33
1	19
220	34
1	52
1	44
1	129
1	1
1	9
1	18
1	164
1	13
1	229
1	43
1	10
1	28
1	39
1	1
16	25
1	50
1	140
223	192
1	212
1	43
1	65
153	11
1	217
1	149
1	42
1	167
1	58
1	26
1	18
1	32
255	73
1	154
1	9
1	78
1	57
1	17
1	15
1	14
1	219
1	14
1	45
1	1
1	24
1	2
1	29
253	225
1	58
1	73
1	43
1	18
1	27
1	58
1	39
1	39
1	53
1	8
15	146
1	20
33	23
1	218
254	18
1	45
1	7
18	34
1	129
1	39
1	62
1	76
1	154
1	106
1	48
1	143
1	169
1	55
1	192
1	57
1	141
1	216
106	57
1	1
1	30
1	1
1	8
1	15
1	1
1	103
1	18
1	16
1	36
1	28
1	40
1	25
1	23
253	145
1	6
1	107
1	21
1	68
255	49
1	8
1	133
255	129
1	137
1	132
1	57
1	230
1	16
1	141
1	44
1	222
1	35
1	14
230	1
107	146
1	162
1	26
1	54
1	39
1	149
1	24
1	226
1	124
1	1
5	28
1	55
1	27
1	18
1	5
1	143
1	205
92	78
1	124
254	144
1	21
1	22
1	116
1	112
1	6
254	1
251	137
1	21
1	18
1	7
1	128
1	93
1	15
152	212
200	227
1	99
1	129
61	3
253	22
1	123
1	30
1	169
1	81
210	60
1	44
1	8
1	119
1	16
1	143
1	14
82	48
1	138
1	1
1	26
1	18
254	18
2	1
253	154
1	16
255	194
1	224
1	28
1	65
1	134
38	9
68	146
1	27
1	19
1	1
1	138
145	51
1	34
1	10
65	135
254	21
1	214
1	16
81	29
38	28
1	82
1	188
26	43
1	49
1	130
1	24
256	27
1	1
1	106
1	144
1	78
1	8
1	31
1	10
1	42
1	1
1	218
1	16
104	173
1	31
99	227
1	13
1	56
1	109
1	34
1	144
1	31
1	19
1	9
228	23
1	1
1	103
1	52
1	61
237	45
1	32
1	162
1	27
1	17
1	35
1	60
1	163
41	140
1	78
1	22
256	150
1	22
1	180
1	113
199	78
22	14
1	112
1	16
1	40
1	11
1	58
1	223
1	34
1	24
1	23
1	15
1	60
1	15
1	17
1	29
1	224
251	23
1	54
218	200
234	25
1	5
1	1
1	16
1	45
1	1
1	22
1	6
1	23
1	133
63	17
218	6
1	105
1	15
1	68
1	139
1	11
1	145
1	19
1	10
255	25
1	30
1	14
1	1
1	203
1	162
1	226
190	16
1	139
255	68
1	1
192	48
1	45
1	23
1	20
208	30
1	27
96	41
256	54
1	27
49	64
1	164
1	9
1	29
253	1
251	57
1	20
1	1
1	210
1	10
1	140
1	140
1	131
1	192
1	125
1	61
1	133
129	136
193	15
1	43
1	78
1	53
1	212
1	175
252	26
1	15
254	1
1	44
253	34
1	167
1	20
1	6
1	130
1	187
1	24
1	143
256	24
1	23
1	12
1	27
1	33
1	12
1	71
1	20
1	205
1	30
224	28
1	5
1	1
1	15
1	30
1	25
1	110
1	19
1	229
1	23
1	223
1	20
1	30
1	101
1	138
1	36
1	78
1	8
1	154
1	14
1	18
182	35
1	155
1	11
173	96
1	221
1	39
1	27
1	11
1	65
1	49
1	1
1	222
1	44
252	226
1	134
122	217
1	24
1	78
1	41
1	21
1	15
1	65
1	4
1	10
1	8
1	216
1	192
1	26
1	149
32	15
1	17
1	22
1	65
31	34
1	6
1	160
58	19
248	21
1	4
1	32
1	221
1	15
1	164
1	130
1	121
1	21
1	3
1	70
1	149
27	50
1	6
1	11
233	133
1	138
1	159
1	27
19	131
1	39
1	17
1	13
117	11
31	50
1	158
237	32
1	228
1	21
21	108
253	47
1	2
1	18
1	16
1	29
1	132
1	20
1	44
254	13
1	227
1	24
1	104
1	49
1	20
254	31
199	41
1	53
1	25
21	182
1	85
1	34
1	109
1	15
1	139
1	55
1	21
140	186
10	58
1	15
1	65
1	130
1	18
254	1
1	16
1	20
1	135
1	19
1	153
1	26
1	27
1	21
1	18
251	12
1	68
193	199
1	47
253	18
1	224
1	159
1	39
120	46
118	25
1	23
1	140
1	39
1	19
7	1
1	38
1	135
1	27
1	1
13	139
1	141
1	22
241	52
1	26
1	24
1	141
1	42
1	20
1	19
1	137
1	17
1	12
1	1
158	135
1	149
1	39
254	164
200	1
1	22
62	218
1	126
1	46
1	136
1	8
1	64
1	19
1	124
1	16
1	23
1	28
1	101
1	16
1	167
1	28
218	20
1	45
1	25
1	15
1	27
254	203
1	29
1	5
1	187
222	223
1	24
140	18
1	145
1	134
229	25
1	34
1	141
1	11
1	18
1	17
1	23
1	84
1	65
77	22
1	45
256	124
1	111
1	119
1	226
1	57
1	24
1	29
1	224
93	12
1	4
1	135
149	8
204	32
1	103
1	155
32	9
1	129
1	56
1	24
1	219
1	11
13	109
1	154
27	139
1	52
1	103
1	99
85	190
1	29
1	132
48	33
137	218
1	129
254	11
1	35
1	128
55	55
1	8
1	204
1	222
254	129
1	48
1	1
1	16
1	27
1	6
1	81
1	1
1	32
1	200
1	72
1	26
1	37
1	53
231	16
1	16
1	1
1	142
1	103
1	143
1	1
1	32
1	30
254	2
1	158
1	1
1	1
1	20
1	168
1	31
1	35
1	97
1	41
1	34
1	25
1	226
9	22
1	20
1	108
1	55
110	50
1	20
1	28
1	106
1	14
1	209
1	140
254	230
255	23
1	119
1	15
1	129
58	36
1	146
1	116
1	19
1	148
1	223
1	25
1	150
188	12
1	125
1	70
1	216
254	29
1	19
1	19
1	1
1	226
1	14
1	8
1	1
1	38
1	39
1	46
1	37
1	135
1	118
1	25
1	141
1	229
1	55
1	152
1	57
1	97
1	18
53	156
1	57
1	38
160	148
1	1
1	4
1	35
249	7
1	10
1	27
1	145
1	20
1	28
1	154
1	17
1	15
1	4
203	110
75	154
1	78
119	2
1	22
1	39
1	218
1	24
243	188
1	20
1	139
96	76
1	132
1	139
1	212
1	8
1	143
1	33
1	31
1	39
1	187
1	71
1	6
123	15
254	140
1	18
1	177
1	61
1	99
1	5
1	5
1	49
1	25
1	224
253	22
1	39
129	18
1	143
1	37
121	57
1	1
1	48
45	125
253	21
178	217
1	16
253	199
254	14
1	169
1	102
1	16
1	29
1	7
1	29
1	8
1	1
1	116
1	20
1	20
1	126
1	27
254	135
1	17
254	145
1	146
1	26
1	101
1	23
1	171
1	19
1	74
1	192
1	25
1	20
1	36
20	1
1	97
1	1
124	138
1	52
1	17
1	45
1	156
1	136
155	225
1	52
1	179
256	147
1	208
1	17
1	47
1	151
1	6
1	131
1	229
1	15
1	55
253	16
1	27
1	43
1	20
237	5
1	39
1	25
1	21
41	37
76	43
1	45
1	11
1	133
1	39
1	12
1	149
255	129
1	45
1	1
1	101
1	40
1	54
1	47
1	16
1	90
1	21
1	13
1	229
1	151
1	6
1	33
1	224
1	71
1	15
1	130
1	36
1	218
1	14
1	222
1	58
1	31
1	52
1	17
1	33
1	34
1	210
146	52
1	34
1	33
1	137
1	131
1	20
1	49
1	217
1	21
1	33
254	154
1	229
256	21
1	90
159	58
1	24
1	20
1	22
1	10
1	37
102	131
254	39
1	162
1	67
8	145
1	22
1	129
1	12
1	18
1	10
6	35
1	15
1	51
87	18
1	75
1	1
1	218
1	55
242	20
1	146
1	54
1	133
232	165
1	24
253	218
1	19
1	20
1	195
1	136
240	140
145	28
253	111
1	23
1	11
26	32
1	21
1	20
256	6
1	24
1	118
1	17
1	1
1	19
1	5
1	23
1	27
1	36
1	38
1	27
1	21
253	34
1	229
254	11
254	204
1	18
1	4
1	1
171	124
1	1
1	32
1	139
1	41
1	28
1	17
50	19
1	183
110	215
40	73
1	151
53	226
1	145
1	24
1	139
32	51
1	218
185	144
1	13
1	19
1	157
1	52
1	40
1	116
1	19
249	137
1	7
1	200
1	34
1	17
1	22
31	93
1	1
1	121
26	19
1	67
1	150
1	18
1	21
1	84
1	22
253	120
253	59
1	35
1	122
1	52
1	1
1	18
1	33
1	23
254	132
1	15
1	12
1	140
1	141
1	139
1	48
1	206
247	39
1	103
256	29
251	24
1	28
1	25
1	29
253	128
1	27
254	201
1	50
2	7
1	8
19	33
234	156
1	27
254	32
1	221
1	20
1	22
1	52
1	12
1	32
48	39
1	10
1	58
217	22
1	116
1	58
1	24
1	218
1	161
136	90
1	23
87	34
1	78
1	63
1	65
1	55
1	102
1	13
1	108
1	127
1	54
1	138
1	105
68	36
1	64
192	58
252	5
253	1
1	24
1	26
1	143
1	1
1	14
1	124
1	55
1	24
1	21
1	217
1	98
1	129
1	109
1	45
1	1
1	1
1	218
1	21
1	49
1	116
1	124
1	15
1	132
1	1
1	30
119	1
1	127
1	91
1	97
1	201
1	146
165	34
1	21
256	14
1	146
1	4
1	8
1	116
1	2
1	149
193	22
1	146
1	10
33	130
1	13
1	105
1	54
74	16
1	24
1	14
1	218
1	27
249	154
1	170
1	88
1	221
1	188
1	139
254	137
1	1
1	28
1	28
1	21
1	1
1	27
1	21
1	23
26	44
254	33
1	36
1	223
1	17
255	23
1	47
1	26
1	78
1	23
256	205
1	26
1	139
1	22
1	226
1	111
1	35
1	172
1	21
236	18
1	6
1	44
1	39
1	172
1	11
1	14
1	16
129	27
1	129
1	14
1	225
1	58
256	218
1	7
254	30
1	24
1	15
1	139
164	18
1	125
1	19
1	132
1	46
1	21
1	221
1	93
1	168
1	23
1	42
1	34
1	13
1	128
1	136
1	33
1	37
1	16
1	224
1	17
1	39
1	10
1	11
1	20
1	34
1	186
249	33
1	212
1	30
3	1
1	20
1	10
253	17
253	78
1	127
1	201
1	72
1	44
1	14
255	164
1	95
1	22
1	135
1	20
1	141
1	23
253	65
1	20
1	23
1	18
1	78
1	143
32	26
1	6
255	29
1	34
1	133
1	49
256	31
1	18
1	14
1	59
1	140
1	12
1	9
1	97
1	19
1	136
1	33
1	51
1	27
1	29
1	39
1	126
1	180
1	42
1	21
1	20
17	90
1	22
1	26
1	27
1	15
1	140
1	52
1	36
255	37
1	71
1	224
1	10
1	34
1	33
1	62
69	87
254	17
1	24
1	13
1	106
1	25
1	138
1	7
151	28
1	43
1	224
1	10
1	145
1	31
253	1
1	177
1	34
1	35
6	28
1	1
1	22
1	122
1	222
1	134
1	16
252	11
1	23
71	39
1	56
1	19
1	1
11	138
15	33
1	125
147	34
1	34
1	32
1	33
1	10
104	1
1	48
1	150
1	15
1	1
255	32
254	31
1	154
156	20
1	134
69	12
1	37
1	35
1	44
1	10
1	121
253	222
1	49
1	136
192	4
1	25
1	54
1	25
1	18
1	23
1	165
1	24
1	35
1	25
47	126
254	21
1	215
1	27
1	73
254	43
1	28
1	65
39	50
164	144
1	2
242	1
1	21
1	1
1	34
1	217
1	92
1	14
1	1
1	23
1	39
1	51
1	50
28	15
1	145
255	160
1	41
1	19
1	36
1	22
1	20
1	44
1	8
1	46
63	1
1	228
1	227
1	33
1	55
1	14
252	170
253	22
1	135
1	90
1	180
1	23
1	148
1	39
254	101
1	13
1	140
1	221
1	38
1	17
1	128
256	101
1	22
1	220
119	15
1	35
1	13
1	152
1	154
1	55
1	177
1	109
1	7
1	140
1	28
1	228
251	14
1	24
1	36
1	53
1	51
1	146
253	39
1	31
1	35
1	29
1	122
1	173
1	18
1	152
1	224
1	137
5	48
1	8
1	18
74	56
5	3
1	23
1	167
1	47
1	208
1	31
1	20
1	1
1	145
1	44
1	139
1	113
1	83
1	45
1	4
1	58
1	13
1	70
1	26
1	27
1	37
1	9
1	1
1	154
1	220
1	73
1	24
1	92
1	225
1	148
1	15
1	54
1	141
108	27
1	150
1	230
1	23
1	135
1	85
1	26
1	34
1	1
184	107
1	7
1	7
1	65
1	49
1	119
49	4
1	63
1	8
1	18
1	28
1	20
7	127
1	26
1	19
1	143
1	30
1	4
54	39
89	140
1	27
254	225
1	48
1	14
242	52
1	53
1	56
1	52
1	113
1	34
1	41
1	30
1	196
1	17
1	27
1	41
1	5
1	133
255	1
1	23
1	6
1	154
1	64
181	19
1	39
1	126
255	8
86	39
1	141
1	134
1	192
1	24
1	51
1	151
1	119
44	130
254	18
1	210
1	41
1	129
1	12
1	39
1	141
1	95
254	23
254	15
1	72
1	180
1	175
227	15
1	154
137	22
1	47
1	146
1	14
1	19
176	28
1	143
129	107
1	27
1	128
1	20
1	215
1	18
1	22
1	17
1	130
1	43
1	59
1	44
1	154
1	119
1	138
256	134
1	164
1	9
254	103
1	39
1	1
211	1
1	27
1	4
1	18
1	58
1	135
1	33
1	151
1	192
1	26
1	24
94	149
1	42
1	134
1	24
1	8
1	1
1	230
200	90
1	141
1	169
1	19
1	76
1	152
1	33
1	10
19	94
1	16
1	133
1	46
1	176
1	45
1	21
1	139
1	43
1	122
1	199
69	12
1	39
1	16
1	14
1	134
1	154
1	32
1	137
1	35
253	19
170	141
256	17
1	146
1	22
1	19
82	3
1	126
1	125
1	1
1	33
211	102
1	23
1	22
11	31
1	27
253	146
1	1
1	26
1	30
1	32
1	1
1	18
1	76
1	26
22	29
1	54
1	45
1	14
1	17
1	14
1	165
1	162
30	19
1	128
1	16
1	18
1	144
1	15
1	40
2	16
1	38
1	72
1	47
1	20
1	69
1	52
1	15
1	52
1	27
1	1
1	44
1	26
115	51
1	25
1	29
1	125
1	61
1	28
253	46
1	15
1	1
1	23
1	226
1	33
1	27
1	116
1	124
1	221
1	4
1	70
1	70
1	142
1	116
1	173
1	25
1	58
157	28
62	126
1	14
1	7
1	230
1	21
254	67
243	97
1	230
255	52
235	28
256	217
1	87
1	32
1	23
256	18
137	58
1	136
1	1
1	19
1	20
68	45
1	50
245	26
1	28
253	9
1	139
1	36
1	32
1	142
1	58
1	100
1	220
1	36
1	138
1	15
1	19
1	43
145	130
1	143
1	39
37	7
1	32
1	23
1	57
1	204
1	219
1	116
1	30
1	134
1	160
1	126
1	16
1	26
1	148
1	59
1	25
1	43
1	95
1	212
1	6
1	124
1	12
1	69
1	26
1	27
1	34
1	180
1	23
189	1
1	90
102	37
1	151
1	37
1	15
1	19
255	139
254	162
1	65
1	19
1	25
1	131
1	22
1	78
1	15
1	97
1	139
1	145
1	141
1	136
1	46
1	13
1	140
1	22
1	32
11	182
254	154
242	11
1	65
1	18
1	128
1	135
1	3
1	27
1	7
1	1
1	44
1	15
1	40
1	17
1	143
1	158
1	14
1	3
1	14
1	10
85	195
1	134
1	1
1	85
1	47
255	225
1	8
1	116
1	143
1	34
1	143
1	133
1	25
114	69
1	133
1	22
1	102
1	54
1	23
222	4
1	8
1	58
1	28
1	26
171	116
1	11
1	23
1	154
1	1
1	34
1	20
254	14
1	21
1	9
177	59
1	8
1	154
28	185
1	23
1	48
84	35
1	39
1	41
1	103
1	26
1	107
68	224
1	113
1	149
1	33
1	213
1	140
1	6
1	1
1	5
254	42
1	11
1	45
1	32
1	54
1	20
1	129
192	166
1	42
1	32
1	148
5	1
1	91
1	167
1	118
87	52
24	28
1	31
1	16
1	14
1	134
256	140
1	10
29	5
1	137
1	142
1	58
1	39
1	131
1	54
1	120
14	100
254	9
1	39
148	17
1	1
254	64
1	157
254	19
3	119
1	90
1	134
1	1
1	60
4	83
1	124
255	116
250	57
1	39
1	23
255	137
20	16
251	23
1	183
1	23
1	33
253	14
1	1
1	158
1	159
1	133
1	224
1	15
10	4
1	25
254	164
1	56
1	21
1	65
1	84
1	148
23	124
1	134
1	15
1	158
1	133
57	20
1	5
1	15
1	28
1	3
1	24
1	22
1	19
1	21
1	138
254	159
1	46
1	34
1	192
1	1
1	44
1	213
1	125
178	36
1	23
1	22
1	53
1	161
1	20
253	128
1	28
1	169
1	19
1	46
1	31
1	7
1	78
1	146
1	3
1	12
1	154
1	36
1	47
1	205
235	13
1	146
1	154
1	23
1	30
1	132
1	156
1	58
1	180
1	28
1	192
1	217
1	48
1	45
1	1
1	39
1	129
255	144
1	75
1	28
1	131
1	39
1	29
1	11
253	12
1	16
1	33
1	41
255	23
168	151
1	20
1	133
78	154
48	46
1	65
1	21
1	19
1	19
1	18
254	213
1	20
1	27
254	20
1	15
1	46
1	24
1	135
1	157
1	16
1	32
1	33
254	39
155	84
1	1
149	45
1	136
1	4
1	192
1	35
1	58
1	34
47	35
6	34
1	31
1	138
1	39
1	154
1	125
1	64
1	23
1	58
1	89
1	37
1	125
1	32
1	31
1	17
1	26
170	46
252	14
129	18
1	32
1	63
3	136
35	36
1	141
1	20
1	96
1	64
1	14
1	137
1	36
253	28
1	19
1	165
1	14
1	30
1	30
1	30
1	15
1	11
1	56
1	64
1	75
1	23
1	9
1	52
1	78
1	46
1	139
1	215
1	116
196	137
1	168
44	209
1	51
1	228
1	200
1	112
1	29
1	39
1	148
49	25
1	142
1	192
1	33
114	42
253	196
1	33
1	1
1	26
1	27
1	140
171	225
1	204
1	34
253	27
1	22
1	106
1	43
1	154
230	22
1	148
1	50
1	229
117	9
1	49
1	3
1	172
1	124
1	10
1	130
1	116
1	116
1	28
1	39
1	134
254	227
1	20
1	140
1	21
1	121
219	24
1	170
1	40
1	68
1	27
1	24
1	8
1	218
1	122
1	21
1	25
1	56
210	23
1	119
1	17
1	30
1	1
1	8
1	10
1	19
1	174
1	152
251	3
1	30
253	164
29	132
187	173
1	144
1	33
1	27
1	9
254	143
186	27
30	139
1	3
1	201
1	20
1	132
58	154
1	2
1	26
102	55
1	18
1	44
1	218
1	1
1	7
1	43
1	26
46	62
1	230
1	27
1	130
1	16
13	44
1	142
1	23
1	131
1	42
1	17
1	154
1	154
1	132
1	52
1	154
1	136
1	16
1	28
1	11
55	16
1	57
1	16
1	20
1	31
1	192
24	20
1	161
1	221
1	133
1	56
1	42
1	218
1	11
1	23
254	35
1	26
253	137
1	140
123	114
1	9
1	15
1	28
1	154
1	65
1	129
1	62
1	1
1	3
1	35
1	32
1	175
1	19
139	17
128	39
1	106
1	1
68	6
1	22
1	90
1	40
1	32
1	15
1	1
1	46
1	14
8	41
1	225
1	136
1	19
256	14
1	23
1	155
1	118
1	218
1	67
1	43
1	23
1	25
1	41
1	15
1	24
1	2
1	28
1	126
1	146
1	135
1	21
1	14
1	161
1	116
8	71
1	44
1	124
23	128
256	154
1	1
1	136
1	125
1	20
1	33
39	25
1	39
1	187
1	83
1	219
1	228
1	39
1	15
1	34
1	137
1	19
1	47
1	20
1	33
1	29
1	29
1	27
1	30
1	129
1	39
5	28
1	130
1	154
1	33
1	9
1	36
1	26
1	137
13	140
1	51
1	76
1	9
1	4
1	85
254	32
1	18
1	86
1	31
1	47
1	103
1	39
1	146
1	32
1	22
145	25
9	1
1	25
1	69
1	157
1	28
184	3
1	18
1	8
1	131
1	144
1	58
1	15
1	20
1	45
254	94
1	118
1	24
1	43
1	34
8	54
1	120
1	22
1	29
1	162
1	39
1	26
1	32
2	34
1	18
1	1
1	24
41	15
1	78
1	108
123	34
1	68
255	36
1	225
1	12
254	11
1	192
1	129
1	22
1	24
1	19
1	170
1	7
1	15
1	24
1	45
1	6
1	192
1	4
1	39
1	14
1	145
1	18
1	34
1	16
1	7
59	16
1	78
1	230
1	45
158	162
1	1
1	160
1	225
1	102
1	18
1	139
1	2
1	187
203	25
1	40
1	34
1	38
1	133
1	133
1	33
1	23
1	78
1	21
254	29
243	10
1	212
1	33
31	7
1	28
1	145
1	32
1	29
254	125
1	154
151	36
1	1
1	23
1	14
1	228
1	106
1	141
1	35
1	1
1	39
1	18
1	50
1	192
1	125
253	1
1	18
1	17
1	30
1	58
1	124
1	26
1	22
1	192
1	29
1	193
1	4
1	32
1	37
186	19
254	29
1	124
1	1
1	135
1	14
1	170
1	17
1	30
198	132
1	39
1	10
1	22
1	139
21	36
1	34
2	18
1	20
1	20
252	15
1	1
1	42
1	64
1	17
1	16
1	93
254	25
134	32
33	49
1	229
1	28
1	38
1	226
253	41
1	23
1	90
1	164
95	12
105	27
1	1
37	202
1	213
1	165
1	1
1	142
229	14
1	216
1	154
1	29
254	51
1	27
1	9
1	30
1	124
1	119
1	229
254	87
1	9
1	18
17	60
1	127
1	6
242	43
1	105
1	21
1	19
1	17
1	23
1	102
1	22
254	18
1	7
1	7
1	98
1	18
1	18
1	22
1	20
1	24
254	22
1	18
1	134
36	12
17	14
139	1
241	19
1	22
1	58
1	45
254	41
1	2
1	6
1	178
1	109
1	21
1	10
1	58
1	163
1	137
254	20
1	39
1	15
1	196
1	27
254	138
1	36
209	46
1	20
1	21
1	5
254	12
1	39
254	55
1	143
72	31
1	21
1	23
1	46
1	43
1	12
1	154
97	138
1	39
1	228
1	57
1	10
252	20
1	161
1	12
1	15
1	12
1	34
1	20
1	1
1	30
1	28
1	87
1	15
1	22
1	50
1	154
1	101
1	23
1	33
1	11
1	16
28	1
242	57
1	19
1	103
1	228
1	1
1	94
256	8
1	135
1	44
1	133
1	23
1	164
1	15
1	137
1	112
1	219
1	35
1	54
23	16
218	22
1	30
1	1
1	8
1	78
1	15
1	215
1	15
1	42
1	58
1	20
1	23
1	54
1	47
116	22
1	18
38	68
1	225
253	28
1	125
1	45
1	135
1	16
1	28
1	6
1	44
1	222
86	219
1	106
1	192
1	26
1	56
1	32
1	33
1	129
1	47
252	21
39	65
1	226
1	33
1	227
1	47
1	47
168	225
212	24
1	17
1	27
1	14
1	110
1	24
190	47
1	101
1	1
229	135
1	128
1	104
226	49
192	10
1	132
1	46
1	28
1	11
1	6
1	86
1	145
1	27
1	34
1	21
1	127
1	6
1	2
252	23
1	137
1	145
1	90
1	47
7	106
1	15
1	1
253	12
1	123
1	19
1	49
1	223
1	54
254	20
1	1
1	21
1	228
1	33
1	15
1	222
1	25
1	26
1	48
1	164
1	31
1	18
1	11
1	15
1	10
256	17
1	19
1	63
1	1
11	47
1	34
1	129
1	26
1	68
210	1
1	145
1	30
1	44
36	228
1	15
1	30
1	212
1	137
1	43
1	20
73	16
1	32
1	225
1	144
83	102
1	5
1	39
240	14
256	12
1	28
1	133
42	30
1	121
1	18
1	209
1	75
1	28
1	12
1	52
1	102
1	139
1	45
1	100
108	40
1	26
1	226
1	19
1	19
1	7
165	44
120	174
1	26
1	131
1	1
1	32
1	143
1	23
1	217
1	138
156	27
1	30
1	84
186	212
1	164
1	26
1	5
174	32
1	94
1	142
1	48
207	4
1	1
1	19
1	136
234	16
1	136
1	164
1	17
1	46
1	134
1	186
1	12
1	174
67	48
1	17
21	56
1	198
254	60
1	221
1	168
1	25
1	21
1	26
254	5
1	1
1	20
254	1
1	47
1	23
1	19
1	93
1	134
1	10
1	28
1	1
1	10
1	163
1	18
12	4
1	12
1	44
1	218
1	127
1	46
1	154
1	130
1	5
1	229
1	29
1	1
1	5
1	146
1	60
1	17
1	57
115	9
1	27
1	141
1	12
1	88
1	41
1	18
1	6
1	22
1	61
1	8
256	223
1	147
1	213
1	214
1	39
1	39
1	17
1	15
1	24
1	160
255	15
1	31
1	42
1	39
1	117
1	152
1	22
63	229
1	135
1	27
1	200
1	17
1	23
1	30
1	39
1	105
1	1
230	1
1	25
253	106
1	138
1	3
1	7
1	54
1	11
1	46
1	7
1	132
14	106
1	5
1	65
1	206
1	135
1	144
1	78
237	48
1	31
1	45
1	108
1	39
1	225
1	166
1	45
1	139
1	39
1	144
1	48
1	106
1	119
1	95
1	48
254	18
1	14
243	49
1	224
1	38
1	35
1	78
1	31
1	21
1	43
1	20
1	33
1	173
1	56
1	15
255	109
1	1
1	154
255	223
1	106
254	12
253	1
254	76
1	223
1	161
39	146
19	12
1	109
254	1
253	89
1	23
1	9
1	41
1	204
1	24
1	136
1	103
255	1
1	61
1	54
1	214
1	24
1	41
254	33
1	81
97	21
1	24
1	192
1	53
254	7
1	24
1	127
1	33
34	41
252	22
86	154
1	230
254	11
1	33
1	32
1	158
91	18
1	208
1	27
1	30
1	57
1	7
1	139
1	52
1	15
254	16
254	23
1	151
1	15
253	36
1	214
256	25
1	145
1	226
1	19
1	39
1	9
1	11
1	1
1	32
1	49
1	14
1	48
1	6
1	11
1	161
1	11
1	24
1	109
1	133
1	134
1	94
1	60
1	78
253	20
140	40
1	54
1	28
255	70
1	49
1	44
1	20
254	229
94	88
1	185
1	32
1	6
1	14
1	133
1	138
31	11
2	19
1	18
1	128
1	24
1	1
1	24
1	53
1	33
1	20
1	62
4	139
254	31
1	17
1	25
1	132
1	19
1	37
36	3
1	24
1	37
1	11
1	33
1	21
1	135
1	19
254	58
1	97
1	51
102	20
1	32
1	10
129	5
223	124
1	221
1	139
1	215
1	152
1	123
1	36
1	28
1	161
1	66
1	31
1	12
191	17
1	137
1	39
8	192
1	36
1	221
1	164
1	20
53	17
155	204
1	145
1	1
1	26
1	32
1	141
1	97
1	20
1	14
1	20
1	120
255	3
230	142
1	108
1	47
197	5
255	135
1	184
1	202
1	32
1	230
1	52
1	27
1	214
1	150
1	1
1	30
1	54
1	35
1	192
1	148
1	10
1	28
1	68
1	35
1	193
1	20
31	27
1	102
1	116
1	25
212	23
1	29
1	145
