5	10
4	1
1	37
2	1
1	10
7	1
6	1
3	1
1	1
2	1
5	1
1	10
4	64
4	1
3	1
4	1
6	271
5	1
3	1
6	1
1	28
1	1
9	1
7	1
5	10
1	1
6	1
3	10
1	1
3	1
3	1
5	10
5	28
4	1
7	1
5	1
3	1
4	1
4	1
2	10
4	1
1	1
7	1
3	1
6	163
6	37
1	1
4	1
8	1
2	1
2	1
1	1
7	1
4	1
3	1
3	1
1	1
3	217
5	1
5	1
3	1
5	1
3	1
6	1
2	1
9	1
3	10
3	1
6	1
3	1
4	46
8	1
4	1
7	1
7	1
1	1
2	1
3	1
6	1
7	28
3	1
3	1
2	1
3	1
8	1
1	1
7	1
5	1
1	1
3	1
3	1
5	1
5	1
3	28
3	1
2	1
2	37
8	1
3	1
2	1
5	10
7	1
2	1
2	1
2	1
3	1
4	1
3	1
3	10
1	1
5	1
6	1
6	73
1	10
5	1
3	1
5	19
5	1
1	1
2	1
5	1
3	1
3	1
3	1
1	1
9	10
1	1
3	1
6	1
7	1
4	28
5	1
2	1
3	10
3	1
6	19
4	19
2	1
2	1
3	10
6	1
2	1
7	37
3	10
3	1
2	1
3	1
6	10
6	10
2	1
4	10
3	1
2	1
5	1
1	1
4	28
8	1
5	1
4	1
5	1
5	1
5	1
2	1
3	19
5	10
2	1
5	1
1	1
4	1
1	1
1	1
2	1
5	1
2	1
5	1
1	28
5	1
2	1
3	1
2	1
2	1
1	1
4	28
6	10
3	1
9	1
5	1
8	1
3	55
1	1
3	1
7	10
1	10
2	1
3	1
3	127
3	19
4	1
4	1
3	1
1	199
2	1
1	10
10	1
3	55
3	1
1	1
5	1
4	55
6	10
2	19
3	1
2	1
5	46
4	19
11	10
5	1
1	1
7	1
6	1
5	1
8	1
6	1
8	1
1	1
2	1
3	19
6	1
1	10
1	1
1	1
10	1
5	1
3	1
3	1
4	1
6	1
2	1
6	1
5	19
9	10
2	1
1	1
2	1
5	1
1	1
3	1
7	1
5	1
3	1
3	1
3	19
3	1
6	1
3	1
6	1
5	19
1	1
5	1
5	1
1	1
6	1
3	10
8	10
1	1
5	10
7	10
1	1
1	1
1	1
3	1
1	1
6	1
9	55
5	1
5	1
1	1
8	1
12	1
3	1
7	1
2	1
3	1
2	1
1	10
6	1
1	1
3	10
6	10
1	1
3	1
4	1
3	1
1	1
2	1
4	1
6	1
5	1
3	10
3	1
6	10
3	10
2	10
5	1
2	10
1	10
5	10
6	19
5	1
3	1
1	1
7	1
1	1
6	1
6	1
2	1
7	1
1	1
1	1
1	10
4	1
7	1
5	1
1	1
7	1
10	1
5	28
3	1
1	1
1	1
7	19
4	19
10	1
4	1
3	19
2	1
1	55
6	10
4	1
4	1
9	1
5	19
1	1
5	1
5	1
2	109
1	10
7	28
4	1
5	10
6	10
1	1
4	10
5	1
4	1
2	1
6	46
1	1
6	1
5	1
4	19
3	64
7	1
2	1
1	19
9	1
3	1
4	10
7	1
2	1
1	1
7	28
4	190
5	280
5	1
1	46
4	1
7	100
3	1
2	10
6	46
2	1
2	1
5	1
1	55
5	82
1	10
6	1
2	10
1	19
6	1
7	1
3	1
7	28
5	55
2	1
3	1
1	10
4	1
8	1
4	1
3	19
2	1
8	1
1	1
6	1
7	1
7	1
2	1
6	190
3	1
3	1
3	1
3	10
5	1
1	1
6	37
1	46
8	10
6	1
5	1
2	10
2	55
7	1
2	28
7	1
1	1
8	1
7	19
5	1
3	1
7	91
4	1
5	1
8	1
1	10
2	28
6	1
5	1
1	1
4	10
3	1
4	181
8	1
1	1
3	1
5	1
1	1
2	1
1	1
1	10
3	10
7	1
4	1
7	64
5	1
2	1
1	1
7	1
9	1
3	10
6	1
3	1
2	1
7	19
5	1
3	19
4	1
6	1
5	1
4	10
4	1
6	19
1	28
5	10
2	1
2	1
8	37
4	1
1	1
1	1
3	1
8	1
1	1
5	28
3	1
1	1
6	19
1	1
5	1
6	1
6	1
4	1
10	1
4	154
7	19
4	10
4	1
3	1
7	1
4	28
1	1
2	1
1	1
9	1
6	1
2	1
5	10
9	19
4	1
3	1
6	127
3	1
3	1
4	1
4	55
2	19
8	1
8	1
7	1
3	1
1	1
4	28
2	1
5	64
8	1
1	82
3	1
4	1
1	1
1	1
7	1
3	1
7	1
3	1
2	1
9	10
2	1
3	10
4	1
4	1
5	1
8	1
5	1
6	1
1	1
1	28
8	1
2	1
4	1
4	37
1	1
6	28
7	91
7	1
3	1
7	1
6	37
4	1
6	1
7	10
3	37
5	1
5	1
5	1
4	1
1	289
7	1
7	1
2	1
3	1
1	1
3	1
3	37
2	10
3	1
8	1
4	1
1	1
3	19
8	1
7	1
4	1
4	1
4	1
1	1
5	1
1	1
4	1
5	10
3	64
1	1
7	10
4	1
6	1
5	1
1	10
2	28
1	1
5	1
5	19
2	1
1	1
6	28
3	1
4	1
8	10
5	1
5	1
2	1
7	28
6	1
5	10
12	235
4	1
7	1
2	1
1	28
1	1
4	1
3	1
2	1
5	10
4	1
1	28
3	1
2	1
4	1
4	1
4	1
7	1
5	118
6	1
3	1
3	1
4	1
3	37
1	1
4	10
6	19
3	1
2	1
5	19
5	1
2	1
1	1
9	1
1	1
2	1
2	145
3	37
5	1
4	1
8	1
4	1
4	1
1	1
8	1
3	1
1	19
4	10
1	1
1	1
1	1
3	1
6	1
5	1
5	1
9	1
2	1
3	1
6	1
5	1
5	1
2	28
3	1
4	1
1	1
4	10
3	10
1	10
1	1
7	1
2	19
4	1
1	1
8	10
4	1
1	28
9	1
6	1
4	37
4	1
2	1
10	1
3	1
3	10
1	10
1	1
5	55
1	10
4	1
3	1
1	19
3	1
4	1
1	1
1	1
4	55
6	1
3	10
2	1
2	10
1	1
5	1
4	1
5	37
3	1
6	109
6	1
3	1
6	1
6	1
7	1
8	19
5	10
5	91
3	1
5	1
1	1
2	1
1	1
4	1
2	1
1	19
6	10
6	1
5	1
1	1
4	1
6	1
1	1
3	19
2	1
4	1
7	1
1	1
3	10
2	1
1	1
3	1
5	10
7	1
4	10
3	1
3	1
2	10
4	1
5	1
1	10
5	1
4	1
1	1
9	37
1	1
6	1
7	1
6	1
2	1
7	1
2	1
10	1
6	10
4	10
5	1
5	1
3	118
5	1
2	1
3	1
2	1
4	1
5	1
2	19
2	1
2	1
4	19
8	1
5	1
1	1
1	1
3	1
1	19
8	1
3	19
3	73
4	1
1	28
1	19
5	253
2	1
2	1
7	1
6	1
3	1
2	1
2	1
7	1
6	19
5	1
4	73
5	1
3	1
5	28
3	1
3	10
3	10
1	1
1	1
4	19
2	1
4	1
3	1
1	1
3	10
1	1
3	1
3	55
4	1
3	1
2	1
3	1
5	1
4	10
3	109
10	1
4	1
4	1
7	28
4	1
4	1
5	1
7	1
5	1
3	1
3	1
1	1
4	1
4	1
3	1
3	1
4	10
7	1
7	1
3	1
3	1
3	1
3	1
2	37
7	1
1	10
2	28
4	10
3	1
3	19
6	10
3	1
2	55
2	1
5	1
5	154
5	1
5	1
11	46
2	1
8	1
6	1
6	1
5	1
4	1
1	1
2	1
6	1
3	55
9	19
5	1
8	1
4	1
4	1
3	1
6	1
3	10
4	19
5	28
2	28
5	1
5	1
2	1
3	1
3	1
6	1
5	1
5	1
2	1
5	28
4	1
4	10
4	1
6	1
4	19
6	1
3	1
8	10
8	1
2	1
1	1
3	1
4	10
3	1
7	1
5	19
3	1
4	1
7	10
1	28
1	10
5	10
1	10
2	1
2	28
7	1
6	10
1	1
1	1
7	1
6	28
4	1
6	1
3	1
6	10
5	1
5	19
3	10
4	1
2	19
7	1
6	1
6	1
3	1
4	1
5	1
4	1
1	1
3	19
7	1
5	46
6	1
2	10
3	73
2	1
3	1
2	1
6	10
6	1
6	1
5	1
5	1
5	1
7	1
6	19
3	1
3	1
2	1
5	1
7	1
4	1
2	1
8	1
3	1
1	1
3	46
1	46
5	1
4	1
3	1
3	1
5	1
2	1
2	10
3	10
6	10
2	1
1	1
6	1
7	19
3	1
7	10
2	1
3	10
5	10
3	1
5	1
3	1
5	1
11	1
6	1
3	1
4	1
6	1
5	1
3	118
4	10
1	109
5	10
3	1
1	1
3	1
4	1
5	1
2	1
3	118
3	28
1	1
7	1
1	10
5	1
5	10
4	19
5	1
1	1
2	1
3	1
7	1
5	1
3	1
1	1
4	1
1	1
1	1
5	1
7	1
4	1
3	1
4	1
4	1
4	1
2	1
2	1
7	1
6	19
5	1
6	1
1	1
2	1
4	1
5	1
1	19
8	1
6	1
8	37
5	1
6	46
4	1
1	1
4	1
3	1
6	46
4	1
5	1
5	334
2	1
3	1
3	1
7	1
1	1
7	28
1	1
2	1
2	1
3	64
4	1
2	10
4	1
1	1
4	1
1	1
6	1
6	1
1	19
2	1
4	10
4	10
4	1
3	1
2	1
4	1
3	1
5	1
3	1
1	1
8	1
8	1
1	1
9	1
4	19
4	1
3	1
1	55
4	1
3	19
5	1
1	1
2	46
2	37
5	1
2	19
3	1
6	1
6	1
8	1
4	10
4	1
1	1
5	1
6	1
5	1
3	19
10	1
2	1
3	1
4	1
3	1
4	1
7	19
4	10
1	1
5	1
9	19
4	1
2	28
3	28
6	1
7	1
6	1
6	1
3	10
3	1
5	1
1	1
7	1
1	1
2	1
5	10
3	1
9	1
6	1
4	1
6	10
3	1
7	10
3	10
7	1
8	1
10	46
1	28
8	1
4	1
1	1
4	10
1	1
3	1
4	1
3	10
1	1
7	19
5	28
2	46
2	1
6	1
2	19
6	1
5	1
3	1
4	1
1	55
2	1
3	1
5	10
5	1
5	1
1	1
5	19
9	1
4	1
3	1
7	1
5	10
2	1
5	10
1	1
4	64
4	1
7	19
2	10
4	1
4	1
6	19
1	1
5	10
9	1
3	1
4	1
5	1
3	19
2	1
4	1
3	1
6	1
3	1
6	1
1	1
2	1
1	10
5	1
4	1
4	1
6	1
8	1
3	1
10	73
3	1
5	1
5	1
2	1
8	10
3	1
4	10
6	1
3	10
2	19
8	10
2	1
3	64
6	1
1	1
3	1
4	10
8	1
8	10
8	10
3	1
3	1
5	10
4	1
5	1
5	1
2	19
5	1
6	1
9	1
1	1
3	1
5	1
2	1
4	1
1	1
5	1
1	1
3	1
4	10
5	1
1	19
5	1
3	1
2	37
5	1
1	1
8	46
1	1
7	1
6	1
3	1
6	1
3	1
7	1
7	1
4	10
9	1
1	1
7	1
6	19
1	1
4	1
4	1
8	10
3	1
4	19
1	1
1	1
3	10
4	244
4	1
5	1
2	1
5	1
6	1
4	1
4	10
3	1
5	10
1	28
5	1
3	1
6	1
5	1
1	1
6	1
3	1
1	1
8	1
2	1
5	1
6	37
1	1
2	1
5	1
1	37
7	19
5	1
5	1
2	253
1	1
5	1
6	1
2	1
2	10
6	46
5	1
8	73
2	1
1	1
7	19
4	1
4	1
3	55
3	1
5	1
3	37
5	10
5	325
4	109
1	1
4	1
6	1
5	1
1	10
9	37
3	28
3	1
7	1
3	1
7	1
4	1
2	1
6	1
5	1
5	46
1	1
4	1
2	1
6	1
3	1
5	1
3	19
4	19
3	10
5	1
9	1
4	37
5	1
5	1
6	10
3	1
2	1
7	1
6	1
5	19
2	1
3	1
5	1
8	1
5	1
5	10
4	1
2	1
3	1
8	10
5	1
5	1
1	1
4	1
3	1
3	1
4	28
6	19
2	1
5	1
8	10
2	1
3	118
1	1
6	37
3	1
3	1
1	1
2	1
8	1
6	1
4	28
4	1
2	1
7	1
2	1
4	19
3	1
1	1
1	55
7	1
6	1
5	10
2	1
4	1
6	1
4	10
6	1
7	1
7	1
5	1
4	55
3	10
6	1
6	1
2	1
2	1
6	1
4	1
