3	1
6	6
11	3
11	5
1	7
11	5
5	1
12	5
8	3
8	3
8	5
8	6
9	3
10	3
5	3
10	6
4	3
4	5
9	5
10	5
10	5
10	5
9	5
12	6
11	6
13	3
9	1
11	3
9	7
11	5
9	6
10	3
8	6
11	5
9	4
12	5
6	3
9	5
3	7
6	6
10	5
4	3
12	6
8	7
9	5
11	5
13	5
2	7
11	6
12	5
1	1
11	3
5	7
14	6
4	5
9	3
12	6
8	5
7	5
8	3
9	7
9	5
6	3
9	3
9	5
7	7
12	5
4	5
12	5
12	6
11	5
4	3
10	3
10	6
10	3
7	5
9	5
10	5
13	6
9	7
13	6
12	3
6	5
13	5
10	3
10	5
11	6
13	5
12	6
8	3
8	3
7	3
6	5
4	3
9	3
5	5
9	3
14	6
9	3
5	3
11	5
8	3
11	5
12	5
5	7
8	5
11	3
10	5
8	5
10	6
10	5
8	3
10	6
7	5
7	3
9	5
10	6
11	6
10	3
9	6
10	6
10	5
11	4
4	3
9	5
8	7
10	4
9	5
11	6
12	4
10	6
12	5
12	5
5	5
10	6
8	5
6	5
13	5
7	6
8	5
6	5
12	5
13	6
7	6
11	6
5	3
11	6
5	3
5	5
11	6
6	5
8	3
9	5
8	7
9	6
5	7
8	5
6	3
9	6
11	5
6	7
6	7
7	6
5	3
8	6
11	5
1	5
9	3
9	3
6	7
9	5
10	6
13	5
10	5
7	3
12	3
10	3
12	5
6	3
8	7
11	3
11	5
8	6
11	5
10	3
9	5
10	6
4	3
7	3
12	6
4	7
7	3
10	3
10	6
12	4
9	5
13	5
11	6
5	1
7	5
9	5
10	6
10	5
13	5
6	3
9	3
11	6
12	6
11	3
8	5
11	7
7	6
5	3
6	3
11	3
9	5
10	5
11	5
6	6
9	5
13	4
10	6
5	3
4	3
11	5
5	3
11	3
6	5
10	6
9	5
12	5
8	5
10	6
10	3
7	5
12	3
5	3
14	6
7	7
5	5
7	5
11	6
6	5
7	6
4	7
7	3
5	3
8	6
4	3
13	6
8	3
5	6
10	5
7	3
8	5
8	5
4	5
3	1
7	5
12	6
9	3
12	6
9	5
11	5
5	5
12	6
13	5
8	7
5	3
12	6
9	7
5	7
9	5
8	6
11	3
6	7
8	5
6	3
3	3
10	6
7	5
12	6
9	5
12	5
7	6
8	3
8	3
16	5
11	6
9	5
9	6
10	5
3	7
11	5
10	5
8	3
12	6
16	4
8	5
10	6
10	5
13	4
3	7
10	3
10	6
5	5
9	6
6	5
9	6
8	5
9	3
11	5
1	1
6	3
8	4
8	5
8	3
11	4
14	6
8	3
7	5
11	5
8	5
9	6
11	6
10	5
6	5
10	3
4	7
8	5
8	3
9	6
9	6
10	5
11	4
8	3
10	3
11	6
3	5
7	7
4	5
12	3
10	6
4	5
9	3
8	6
11	3
6	5
9	5
13	6
5	3
11	5
7	3
5	3
5	5
11	6
10	5
11	5
10	6
10	6
9	5
11	3
11	3
4	3
12	5
10	5
5	3
10	5
12	5
7	3
6	5
10	5
4	3
10	5
9	5
5	5
12	5
8	5
10	3
12	6
7	3
12	6
9	3
9	5
11	4
7	1
8	5
6	3
10	5
9	5
8	5
9	5
10	4
6	3
12	4
11	3
10	7
12	5
12	5
12	5
7	7
13	3
10	6
8	5
9	3
5	7
2	3
7	6
9	6
10	6
11	5
11	5
15	4
6	5
6	3
7	3
12	6
5	7
9	5
8	5
12	3
8	5
9	6
7	5
12	6
9	5
12	6
3	5
9	6
8	3
10	5
11	5
10	6
13	5
11	5
10	3
9	5
11	5
10	3
5	3
8	3
11	3
13	6
8	3
12	6
8	3
7	7
8	6
9	5
10	6
12	6
9	5
10	5
9	7
7	6
9	5
7	3
8	5
12	7
10	6
5	3
7	6
12	3
13	5
10	3
9	6
9	5
10	3
5	5
11	6
11	3
12	6
9	6
7	3
6	5
9	5
9	3
5	7
5	3
13	3
8	6
12	6
6	3
5	7
4	5
3	7
10	6
10	6
10	3
6	5
11	5
11	6
6	3
6	5
9	5
11	6
12	5
11	4
6	3
10	5
4	7
12	3
10	5
9	5
8	4
10	5
6	5
2	7
8	3
12	5
13	3
12	6
13	4
10	5
5	7
8	6
10	6
1	3
7	5
8	5
7	3
6	7
11	3
8	6
5	5
4	5
10	5
7	5
4	5
9	5
5	1
11	6
6	5
10	3
7	3
9	5
5	7
12	7
8	6
9	6
12	6
3	3
2	3
10	6
6	5
7	5
6	6
9	5
10	3
10	3
8	5
11	5
10	5
10	6
5	5
12	4
6	5
10	6
5	7
9	6
11	3
5	3
12	3
11	3
8	6
9	6
10	6
6	6
7	5
8	4
11	5
11	5
2	7
4	3
12	6
10	5
8	3
14	5
7	5
9	6
14	5
8	3
11	5
12	6
6	3
12	6
7	6
10	5
6	3
11	3
5	3
8	5
4	7
12	5
10	4
6	3
7	5
11	5
3	2
5	5
12	6
6	6
11	5
9	5
12	5
9	7
11	6
11	5
10	5
13	5
11	5
6	5
10	5
5	7
12	5
9	4
12	4
9	5
3	3
10	5
7	6
10	5
9	5
8	5
7	3
9	6
9	5
9	6
8	7
5	7
10	5
11	3
4	3
6	6
13	6
9	5
7	5
6	5
12	6
12	5
10	5
10	5
10	3
11	5
4	5
12	6
10	3
7	3
13	4
8	5
11	6
11	4
13	5
8	3
11	6
6	3
13	6
9	6
4	7
9	5
10	7
12	5
8	5
7	1
13	6
12	6
11	3
9	5
5	3
10	5
9	3
10	7
8	7
6	3
11	6
13	6
9	6
9	3
9	3
6	3
8	5
11	5
10	5
12	6
9	7
9	5
10	5
12	5
5	5
8	3
7	6
7	3
10	3
6	5
11	5
10	6
7	3
7	3
7	5
6	5
6	3
10	3
3	3
11	4
5	3
8	3
13	5
11	5
6	6
8	6
1	3
8	5
10	3
5	3
9	5
4	3
9	5
9	7
14	6
13	5
12	3
10	5
6	3
10	6
9	5
9	5
10	6
13	6
12	5
7	5
12	3
6	3
8	5
7	5
11	6
9	5
9	3
10	3
11	6
2	7
10	4
7	3
8	5
7	5
5	1
8	3
13	5
10	5
8	5
9	6
11	6
9	5
5	5
12	6
10	3
5	3
12	6
10	5
10	5
10	6
4	5
13	5
10	3
6	6
9	5
4	3
6	3
10	5
11	5
9	3
8	7
6	3
8	3
12	5
10	5
4	3
10	6
9	1
8	3
11	4
11	6
10	3
10	6
9	5
11	5
11	4
10	3
7	3
9	6
9	5
12	3
9	5
9	3
4	3
11	6
10	5
7	5
8	5
6	3
11	5
10	5
4	1
7	5
8	5
10	6
4	1
11	5
5	5
13	6
6	5
10	3
9	5
1	1
6	5
12	6
7	5
14	7
9	3
6	7
12	5
8	5
12	6
10	6
8	7
11	5
8	3
12	3
10	3
11	3
11	7
5	2
9	5
8	3
9	3
13	5
14	5
10	3
11	6
10	7
14	6
9	5
10	3
4	3
13	4
13	3
11	6
7	5
10	5
10	6
11	5
4	6
12	6
8	6
11	5
4	3
11	3
8	5
11	3
13	5
11	5
11	3
11	5
9	6
5	5
12	6
4	7
4	3
7	3
13	5
4	2
7	5
9	3
7	3
10	6
