17	9
17	10
6	9
6	9
5	10
5	9
6	6
5	2
6	7
17	10
17	10
6	7
6	13
12	2
9	10
6	9
12	10
5	10
17	2
10	6
5	10
6	10
17	10
9	10
6	2
10	9
6	6
6	7
6	9
6	9
17	7
6	10
4	9
17	6
17	11
17	2
5	9
17	6
6	2
17	6
6	13
2	9
12	10
9	6
17	9
6	2
2	10
6	9
12	6
17	7
6	2
17	7
6	2
6	10
17	9
15	3
6	4
6	6
6	9
6	10
17	9
9	2
6	9
16	2
6	6
5	6
17	5
6	9
5	9
12	3
13	2
13	10
17	2
6	10
17	3
11	10
6	10
6	8
6	2
17	10
6	13
5	11
2	7
5	2
17	7
5	4
6	10
2	9
5	2
2	10
6	11
5	9
6	2
9	10
6	10
6	6
5	9
17	6
17	12
5	10
6	8
17	9
9	9
6	6
2	6
17	9
6	10
6	9
10	9
6	11
17	9
17	12
17	9
17	7
6	9
5	10
6	7
17	10
12	2
17	2
6	11
15	10
5	2
6	9
5	10
6	6
17	7
2	9
6	12
2	10
17	6
5	9
5	2
17	9
9	10
6	10
2	10
5	10
6	2
6	11
6	9
5	11
5	10
6	10
17	11
6	2
17	2
15	9
17	6
6	2
5	2
17	4
5	10
17	9
6	6
12	6
17	9
5	10
2	9
12	9
2	2
17	10
6	6
6	10
17	10
6	10
17	3
12	9
6	4
5	2
6	2
5	7
6	12
17	10
6	4
6	11
17	2
6	12
6	6
13	2
6	3
6	6
12	10
17	4
6	6
5	2
6	11
6	10
5	2
12	11
12	10
13	2
17	10
17	13
2	9
6	10
12	10
17	10
6	9
1	7
6	2
6	7
17	9
10	6
12	10
6	7
2	2
2	2
12	8
17	6
13	2
6	10
17	6
6	10
10	9
17	13
6	11
6	6
9	9
6	6
6	4
5	9
12	9
6	2
6	10
5	7
6	9
6	9
6	2
6	6
17	10
6	9
10	7
5	10
10	6
6	9
17	6
17	10
6	7
12	10
12	6
17	10
17	12
6	9
6	9
9	9
6	6
17	7
6	10
9	2
6	11
6	11
17	10
12	1
6	10
6	6
17	10
5	11
17	11
6	9
6	9
6	2
6	6
5	9
17	9
2	10
6	6
6	6
5	2
12	6
17	7
17	7
17	10
6	9
17	9
5	9
17	2
6	9
17	6
10	6
6	9
6	3
5	2
13	10
5	1
11	10
12	2
6	9
6	10
6	2
5	10
14	6
6	6
6	6
17	7
6	6
6	2
17	6
17	8
5	6
6	10
6	9
6	10
5	10
5	4
6	9
5	9
6	9
6	2
12	10
17	6
5	10
6	2
6	12
6	10
5	6
5	12
6	10
10	9
6	10
11	2
17	10
6	2
13	7
6	4
2	6
12	6
10	7
7	12
5	9
6	11
10	9
8	2
9	2
5	10
12	7
17	10
6	6
12	9
17	4
10	6
5	6
6	10
6	7
6	12
6	11
10	6
6	12
12	2
6	7
17	12
17	7
9	9
5	1
17	10
6	13
13	9
6	6
6	7
6	9
12	10
6	10
5	10
17	6
17	9
3	3
5	10
13	2
6	7
17	3
13	6
6	2
17	6
6	9
6	12
17	11
6	11
6	10
8	9
6	10
10	9
17	10
17	7
5	6
9	10
11	4
6	2
6	9
17	11
6	3
6	9
17	7
17	2
17	10
5	9
12	10
6	2
6	6
4	2
6	10
9	10
9	9
6	9
6	10
12	6
6	10
6	2
17	9
17	12
6	12
17	2
14	10
13	10
5	4
12	9
17	10
4	10
6	13
6	9
6	9
12	9
6	6
17	3
17	10
6	3
5	2
12	6
17	2
2	7
12	9
17	2
10	12
6	10
6	2
6	10
17	9
5	3
6	9
6	10
6	2
2	6
13	3
5	13
17	10
6	10
17	9
13	1
5	11
11	9
6	10
17	10
6	12
5	9
12	9
10	11
5	9
6	6
5	2
5	10
17	2
6	10
6	7
6	9
10	12
10	9
2	10
6	9
13	2
5	11
12	9
6	10
17	4
2	10
6	2
6	6
17	9
5	10
17	2
6	9
6	10
5	10
6	2
6	9
2	8
12	10
6	4
17	6
17	6
5	9
6	9
6	11
6	10
9	6
6	13
6	10
5	10
6	9
5	9
10	10
6	6
17	3
17	10
10	7
2	9
5	2
6	11
6	9
6	10
9	1
2	9
6	9
6	7
5	7
6	10
9	6
17	6
17	10
6	10
6	10
12	10
6	13
6	12
17	9
6	10
6	9
6	4
6	9
17	6
6	10
6	10
6	10
6	2
17	10
6	10
10	7
6	9
10	3
10	10
12	11
17	9
17	10
6	2
6	10
6	4
5	9
6	9
5	6
6	10
17	6
6	2
6	7
5	8
6	10
17	10
12	10
6	10
6	6
6	10
6	2
6	6
6	2
6	9
6	9
9	2
12	4
17	9
10	6
6	2
12	2
6	10
13	6
15	10
17	9
6	2
6	2
17	10
6	9
9	3
6	11
6	12
17	6
5	9
12	9
6	9
17	11
6	10
5	6
3	10
6	2
17	9
12	10
17	5
6	10
10	6
6	7
17	6
17	2
6	10
17	9
12	10
17	6
6	6
6	2
6	9
5	13
12	9
9	3
6	10
6	6
5	4
6	6
6	9
12	6
17	3
2	6
10	10
5	3
6	10
6	10
6	10
12	6
12	10
5	10
6	2
6	9
12	10
6	10
17	8
17	12
6	9
12	13
17	9
5	6
6	10
6	2
12	10
17	10
6	2
6	12
6	6
6	2
9	11
6	9
6	2
5	6
17	9
12	9
12	10
17	10
17	10
17	7
17	9
2	9
12	6
6	7
6	10
6	9
13	9
12	9
6	6
17	6
17	2
13	9
17	3
17	6
6	9
6	10
17	9
5	10
17	9
6	3
17	7
6	6
6	7
12	10
6	10
6	13
17	9
6	9
6	6
6	1
2	10
5	10
6	10
6	5
4	10
9	11
6	2
6	2
10	6
17	10
6	9
17	12
6	9
2	9
6	9
10	4
17	13
12	9
6	2
6	2
5	9
5	11
6	2
17	9
17	10
12	12
9	6
17	6
12	2
13	6
17	2
17	9
16	7
6	6
5	6
6	4
5	9
10	6
6	9
5	2
12	6
6	9
17	8
6	10
2	9
6	12
6	9
6	6
5	2
17	9
5	8
17	13
6	6
2	5
17	6
6	10
17	9
5	10
5	10
15	10
6	2
17	9
6	11
17	9
6	2
6	2
5	6
12	10
5	10
9	6
6	2
5	10
6	2
6	3
5	6
6	2
6	9
1	10
10	7
6	3
6	7
6	9
17	9
6	7
6	6
2	2
6	10
12	6
6	10
17	6
6	7
6	10
17	2
5	2
17	6
5	9
17	6
17	2
6	10
6	6
17	10
17	12
6	10
6	6
17	6
6	10
6	10
6	10
6	7
12	10
6	10
6	9
6	9
17	6
5	9
6	6
6	7
6	6
12	10
5	6
6	10
5	4
6	6
6	11
10	9
17	12
6	7
17	2
6	9
12	6
6	10
10	9
6	2
12	9
6	2
14	6
17	9
5	10
5	4
17	9
6	12
6	9
17	10
5	6
6	9
17	2
17	9
5	6
6	6
14	10
5	6
17	2
13	9
6	2
17	9
12	13
6	6
2	1
6	6
17	3
17	2
5	9
17	10
17	9
17	10
6	10
6	12
5	9
8	7
6	9
2	11
17	10
6	9
17	10
6	10
17	8
10	10
17	7
15	6
6	2
10	6
5	9
17	6
6	9
17	10
6	2
6	6
1	9
5	10
6	6
6	9
6	9
6	9
12	7
5	2
17	11
17	2
17	10
6	11
17	10
17	9
6	7
2	10
2	10
9	3
5	10
6	6
17	10
5	7
10	10
6	10
17	2
15	3
6	6
17	9
17	10
5	9
6	9
5	10
6	9
15	2
5	10
5	10
6	10
5	7
6	9
6	2
6	10
6	10
8	13
6	6
6	10
6	10
12	9
6	9
17	6
2	9
6	9
17	10
17	6
17	2
17	7
15	6
6	2
6	6
17	2
6	2
9	9
6	10
12	10
12	10
5	2
6	9
6	8
5	2
6	6
6	2
10	5
17	4
5	9
17	10
17	10
10	3
12	8
6	9
