1	6017
1	5989
1	4341
1	7101
1	3914
1	5708
1	4143
1	8467
1	5137
1	7245
1	5355
1	8141
1	6226
1	2997
1	7655
1	5835
1	8699
1	4809
1	5498
1	7982
1	3879
1	3170
1	6410
1	6548
1	4237
1	5963
1	6095
1	4767
1	3979
1	7902
1	7171
1	5481
1	6775
1	6358
1	1435
1	6222
1	4368
1	2212
1	7312
1	5536
1	6523
1	6737
1	6595
1	4865
1	6533
1	2459
1	4420
1	6746
1	5418
1	5779
1	5811
1	6204
1	5338
1	8338
1	6995
1	5505
1	6444
1	5158
1	6780
1	5797
1	6811
1	3612
1	4130
1	5464
1	4062
1	5316
1	6217
1	8739
1	8169
1	4174
1	3774
1	7090
1	7518
1	6531
1	6038
1	7140
1	2923
1	6243
1	5868
1	5390
1	7321
1	2047
1	7521
1	5197
1	4668
1	8662
1	4589
1	6040
1	6185
1	6461
1	6000
1	5133
1	6278
1	3991
1	6897
1	6715
1	6821
1	6140
1	7689
1	6264
1	6887
1	6121
1	5302
1	6329
1	2178
1	5573
1	2375
1	6016
1	5077
1	6295
1	4077
1	6478
1	7743
1	7527
1	8004
1	6204
1	6503
1	4193
1	3720
1	5711
1	7383
1	4972
1	4073
1	3450
1	6019
1	6618
1	8522
1	3767
1	5193
1	6288
1	6473
1	6657
1	5213
1	7315
1	6503
1	7736
1	7670
1	6879
1	8431
1	6893
1	4746
1	3322
1	5167
1	5536
1	5452
1	6258
1	7331
1	5066
1	4850
1	3784
1	5875
1	7294
1	7491
1	6309
1	5456
1	6391
1	5252
1	5406
1	4386
1	6192
1	5876
1	5083
1	5609
1	7240
1	8470
1	5668
1	7093
1	4186
1	4418
1	4615
1	6075
1	3139
1	7520
1	6314
1	7271
1	5866
1	8304
1	6700
1	4845
1	4385
1	7476
1	8007
1	9024
1	4137
1	7175
1	5566
1	6493
1	6091
1	7857
1	5787
1	4790
1	4851
1	6001
1	8192
1	8578
1	6925
1	3425
1	6538
1	7667
1	6409
1	5970
1	6457
1	4760
1	5070
1	6682
1	4391
1	6027
1	6482
1	5126
1	6290
1	6086
1	8106
1	6448
1	6187
1	5124
1	3474
1	5035
1	7184
1	6344
1	8308
1	7897
1	6674
1	5692
1	6446
1	5483
1	3780
1	6376
1	3999
1	7904
1	5074
1	6011
1	7284
1	5970
1	7262
1	3683
1	6430
1	7681
1	7279
1	7782
1	6495
1	6631
1	6748
1	7863
1	6851
1	3092
1	6648
1	5684
1	5713
1	5539
1	4343
1	5249
1	5369
1	5930
1	8380
1	5432
1	7468
1	6863
1	5961
1	3863
1	7988
1	7030
1	7182
1	6048
1	8533
1	5025
0	3051
1	5278
1	4943
1	3611
1	6088
1	7468
1	4247
1	4789
1	6063
1	6536
1	3248
1	7721
1	3605
1	6055
1	5352
1	4864
1	7824
1	4795
1	5720
1	8794
1	4171
1	5467
1	5591
1	6817
1	6595
1	7416
1	5402
1	6339
1	6268
1	6720
1	6325
1	7263
1	7476
1	4439
1	6172
1	6096
1	7644
1	6303
1	3366
1	4401
1	7792
1	5190
1	5218
1	6096
1	7471
1	5479
1	5531
1	7183
1	6244
1	1832
1	3112
1	6450
1	4471
1	6493
1	4994
1	6425
1	6281
1	4209
1	7764
1	5953
1	7699
1	6305
1	6136
1	5568
1	5872
1	5885
1	8312
1	5291
1	5703
1	7035
1	6930
1	4448
1	7320
1	4169
1	6122
1	5876
1	6123
1	5543
1	5467
1	6889
1	6331
1	5372
1	7158
1	4852
1	7791
1	6053
1	4841
1	7101
1	5284
1	4309
1	8322
1	5475
1	2970
1	5281
1	3753
1	6276
1	6812
1	6047
1	4909
1	5868
1	7975
1	4985
1	6415
1	5895
1	6320
1	7073
1	1169
1	6370
1	4421
1	4045
1	5883
1	5220
1	5972
1	2775
1	6849
1	6516
1	7941
1	7439
1	2927
1	3582
1	5446
1	7297
1	5766
1	6697
1	7313
1	6021
1	4212
1	5730
1	5903
1	8270
1	3555
1	6674
1	5024
1	2778
1	6731
1	4027
1	6482
1	6903
1	6148
1	6221
1	8672
1	5835
1	8604
1	8441
1	3659
1	8602
1	4588
1	5823
1	6696
1	4797
1	6323
1	7310
1	5124
1	5038
1	5746
1	4502
1	7313
1	6352
1	5014
1	7329
1	5888
1	6328
1	6362
1	6289
1	8154
1	7448
1	6758
1	5614
1	4580
1	8506
1	6234
1	4533
1	4117
1	7902
1	6079
1	6383
1	6356
1	6899
1	5240
1	7230
1	5687
1	6040
1	5669
1	7796
1	4491
1	7082
1	2718
1	6137
1	1847
1	3508
1	4401
1	5335
1	6176
1	5386
1	6793
1	6825
1	5501
1	5316
1	7210
1	4723
1	5945
1	6796
1	5727
1	4991
1	7463
1	5899
1	5121
1	6542
1	5410
1	5791
1	5488
1	6582
1	5651
1	5911
1	7567
1	8223
1	6804
1	5070
1	6876
1	4020
1	6131
1	7386
1	6822
1	4175
1	6720
1	4355
1	3539
1	5354
1	6823
1	6479
1	7592
1	7005
1	4747
1	3803
1	5572
1	7260
1	5399
1	7936
1	5984
1	2823
1	4917
1	7565
1	4789
1	7049
1	5373
1	3132
1	6880
1	4207
1	7042
1	6746
1	4965
1	6639
1	5264
1	4982
1	6589
1	7236
1	8457
1	5003
1	3801
1	3758
1	7121
1	3358
1	2222
1	6544
1	5803
1	5555
1	7158
1	8171
1	6035
1	7621
1	6733
1	7024
1	5294
1	5838
1	6073
1	6526
1	8516
1	5304
1	6233
1	4080
1	6399
1	5272
1	4547
1	7530
1	6572
1	5218
1	7386
1	6602
1	4382
1	6499
1	2899
1	5010
1	6750
1	6663
1	6722
1	6245
1	6059
1	4684
1	7796
1	4365
1	6030
1	5439
1	6132
1	8118
1	6381
1	6211
1	6084
1	5255
1	5252
1	5896
1	6336
1	6163
1	4440
1	4833
1	4997
1	6021
1	5270
1	5132
1	7797
1	3671
1	5526
1	6282
1	3670
1	4329
1	4744
1	2407
1	4744
1	3470
1	4340
1	7090
1	6173
1	6750
1	6149
1	2607
1	6348
1	5525
1	6022
1	6637
1	4883
1	5683
1	5242
1	5627
1	5139
1	5577
1	5406
1	7891
1	6414
1	2928
1	4748
1	6539
1	4475
1	5571
1	6466
1	7338
1	5789
1	7672
1	6413
1	6730
1	4791
1	6072
1	4373
1	4308
1	4769
1	6755
1	7161
1	5807
1	6126
1	6805
1	5247
1	5715
1	5387
1	2417
1	4733
1	5193
1	7552
1	7707
1	5517
1	1913
1	5041
1	3427
1	6246
1	5388
1	6590
1	7719
1	7848
1	4119
1	5055
1	8091
1	5296
1	7747
1	5253
1	4934
1	6448
1	6632
1	5082
1	7452
1	4683
1	7208
1	7130
1	6765
1	5908
1	7283
1	7918
1	7302
1	6523
1	1981
1	4350
1	6520
1	6002
1	6219
1	4241
1	7524
1	6952
1	4878
1	7083
1	6013
1	6380
1	7278
1	6332
1	7391
1	8340
1	7541
1	5194
1	5177
1	7712
1	5907
1	4643
1	7511
1	4076
1	5618
1	6109
1	7656
1	5883
1	5857
1	4847
1	6187
1	5609
1	3453
1	5771
1	5716
1	4806
1	6623
1	431
1	5723
1	6291
1	6644
1	6269
1	6115
1	2612
1	5838
1	6687
1	5574
1	5190
1	5206
1	6660
1	6670
1	6810
1	5574
1	5753
1	5106
1	6087
1	6793
1	5310
1	6517
1	7616
1	7779
1	6441
1	6749
1	7391
1	7600
1	4137
1	7066
1	7021
1	3467
1	6149
1	8181
1	5184
1	8342
1	6347
1	9285
1	5803
1	1034
1	6367
1	3873
1	3926
1	4220
1	3869
1	5856
1	8131
1	6123
1	6635
1	7649
1	1212
1	4194
1	6422
1	9021
1	6112
1	7904
1	7654
1	5376
1	4985
1	6727
1	5802
1	5005
1	7612
1	6912
1	6867
1	6519
1	6277
1	8430
1	5658
1	4030
1	4058
1	7590
1	8044
1	3616
1	4150
1	6699
1	7899
1	4571
1	6671
1	6001
1	3137
1	5966
1	5582
1	5124
1	6457
1	7806
1	5837
1	6339
1	5516
1	5681
1	5714
1	6463
1	5908
1	6061
1	7202
1	6782
1	6589
1	6117
1	6662
1	5049
1	8190
1	7302
1	6595
1	5419
1	5141
1	4553
1	5647
1	6020
1	6062
1	5437
1	6663
1	7110
1	6386
1	4306
1	8208
1	7038
1	6426
1	4636
1	6067
1	6387
1	5268
1	5705
1	4103
1	6052
1	6654
1	7722
1	6989
1	6496
1	4629
1	8344
1	5217
1	6569
1	6838
1	3510
1	7156
1	4952
1	5216
1	7205
1	7034
1	5148
1	7030
1	4903
1	6882
1	6008
1	5916
1	3141
1	5358
1	6074
1	7129
1	3515
1	6665
1	7382
1	4871
1	8587
1	6501
1	5817
1	6767
1	7143
1	5179
1	3203
1	3657
1	4708
1	5757
1	6244
1	4566
1	3698
1	4546
1	5850
1	4157
1	6479
1	6041
1	5876
1	4206
1	7241
1	6154
1	5776
1	4175
1	4117
1	7721
1	8559
1	4342
1	8535
1	7195
1	6669
1	8525
1	7198
1	3848
1	4582
1	3425
1	5116
1	5656
1	5412
1	6625
1	3857
1	5779
1	6800
1	6433
1	7241
1	7622
1	5813
1	6664
1	8103
1	4387
1	4754
1	5127
1	5712
1	5826
1	3420
1	4550
1	6596
1	7245
1	6438
1	4420
1	7123
1	5807
1	4296
1	6725
1	6583
1	6996
1	5949
1	5838
1	6827
1	4816
1	6094
1	5844
1	4546
1	6883
1	6777
1	7949
1	6586
1	6275
1	7744
1	6232
1	8357
1	8143
1	7450
1	5518
1	5721
1	3597
1	4608
1	7256
1	6366
1	6728
1	5940
1	5792
1	8545
1	6804
1	7612
1	7086
1	7829
1	6615
1	3834
1	1192
1	4899
1	3670
1	6588
1	5302
1	6228
1	5215
1	1639
1	5881
1	7885
1	3082
1	5508
1	7616
1	6053
1	7844
1	6488
1	6117
1	7924
1	6934
1	6548
1	6426
1	5228
1	6434
1	5937
1	6455
1	4068
1	5180
1	5431
1	6480
1	1495
1	4970
1	6987
1	6438
1	2983
1	7265
1	7445
1	7833
1	8376
1	4687
1	8239
1	4773
1	8355
1	5091
1	3621
1	7104
1	8102
1	5061
1	6621
1	5519
1	6027
1	9359
1	6675
1	4905
1	7766
1	8703
1	4287
1	7776
1	6922
1	6450
1	6311
1	6229
1	4181
1	5217
1	6398
1	4077
1	5742
1	5214
1	6226
1	4742
1	5979
1	7287
1	5832
1	6046
1	6261
1	6961
1	5334
1	5407
1	4170
1	8459
1	7207
1	6292
1	5768
1	4485
1	6813
1	6282
1	5535
1	7798
1	7737
1	5399
1	4887
1	4787
1	6139
1	5795
1	7375
1	7711
1	5156
1	6365
1	7454
1	5893
1	8651
1	5832
1	8907
1	7535
1	5817
1	6326
1	6047
1	7350
1	7445
1	4720
1	4667
1	5928
1	5677
1	6332
1	6205
1	4873
1	6547
1	7125
1	5412
1	7897
1	6224
1	5113
1	7803
1	3847
1	6739
1	7134
1	6515
1	6424
1	7497
1	4624
1	5000
1	4656
1	6440
1	5812
1	5189
1	6253
1	7903
1	5775
1	6144
1	6749
1	6285
1	6340
1	6342
1	6632
1	5826
1	6245
1	4467
1	6375
1	7788
1	6669
1	5692
1	3777
1	4211
1	7828
1	6652
1	7895
1	7097
1	4087
1	8257
1	4979
1	6206
1	5815
1	6360
1	7297
1	3765
1	7968
1	3953
1	2803
1	5228
1	6234
1	7480
1	5053
1	5862
1	6270
1	4465
1	5756
1	6549
1	590
1	4868
1	8330
1	5184
1	5525
1	5632
1	7212
1	6537
1	4221
1	5746
1	6470
1	3161
1	7425
1	7274
1	5861
1	5479
1	3424
1	7826
1	5436
1	3643
1	8294
1	4354
1	5673
1	6806
1	6307
1	4762
1	4002
1	5015
1	5876
1	6325
1	7379
1	5342
1	5170
1	6083
1	6599
1	7268
1	4060
1	5395
1	4866
1	5954
1	3553
1	5408
1	5003
1	5456
1	6124
1	7934
1	5782
1	5440
1	6995
1	3492
1	5885
1	4901
1	6199
1	6501
1	5076
1	2907
1	6500
1	5921
1	7036
1	7991
1	5712
1	6101
1	4579
1	8229
1	2922
1	3697
1	0
1	6339
1	7049
1	6048
1	7495
1	6064
1	5661
1	6011
1	6417
1	5682
1	2888
1	5487
1	3063
1	6290
1	3191
1	5925
1	7132
1	8176
1	6785
1	6689
1	4900
1	6211
1	8185
1	5464
1	6354
1	7943
1	6371
1	6712
1	7674
1	3347
1	6527
1	5678
1	4726
1	5142
1	7035
1	7036
1	6128
1	7029
1	5395
1	5536
1	5093
1	8494
1	4392
1	5524
1	5897
1	7595
1	6963
1	5447
1	4855
1	6825
1	4452
1	5567
1	3228
1	6897
1	6441
1	3338
1	5670
1	3863
1	8142
1	8119
1	8276
1	5632
1	4571
1	6747
1	7015
1	6402
1	6760
1	6673
1	4440
1	4233
1	7006
1	4186
1	7617
1	9519
1	7474
1	5162
1	4923
1	8349
1	6031
1	5696
1	4416
1	6281
1	4415
1	6404
1	7355
1	5185
1	4705
1	8684
1	4958
1	6827
1	6194
1	6846
1	4276
1	5148
1	5463
1	5684
1	6377
1	6247
1	5930
1	5127
1	7343
1	5327
1	6133
1	3639
1	2679
1	7102
1	5842
1	2841
1	7468
1	4071
1	4801
1	5906
1	5737
1	5216
1	5915
1	8190
1	6001
1	3818
1	8416
1	6017
1	5761
1	7050
1	4925
1	6423
1	7379
1	7293
1	5689
1	7995
1	3749
1	2827
1	6736
1	6453
1	7917
1	5985
1	5596
1	7940
1	6787
1	7129
1	4394
1	7610
1	7935
1	8012
1	6622
1	4730
1	8443
1	6984
1	6695
1	6037
1	3445
1	5830
1	7450
1	2785
1	6535
1	6168
1	6746
1	7395
1	6190
1	7968
1	5623
1	6056
1	7457
1	7363
1	7266
1	5482
1	6173
1	6562
1	7354
1	4110
1	8794
1	5832
1	3072
1	4803
1	7521
1	6057
1	5789
1	4886
1	4637
1	8116
1	5934
1	4668
1	6433
1	5628
1	6294
1	4644
1	7762
1	5460
1	4121
1	5484
1	6329
1	3499
1	7544
1	8796
1	5106
1	7360
1	6610
1	5289
1	5056
1	7038
1	4752
1	6402
1	5267
1	6156
1	7274
1	4969
1	7072
1	7210
1	7179
1	5027
1	5191
1	5404
1	5284
1	4684
1	4319
1	8719
1	5913
1	3172
1	6196
1	5524
1	5301
1	6377
1	4289
1	4473
1	7233
1	5396
1	4476
1	5671
1	5119
1	5203
1	7321
1	3721
1	5908
1	5455
1	5666
1	6326
1	6345
1	6127
1	6372
1	6028
1	7005
1	5514
1	5693
1	7695
1	6258
1	5191
1	5184
1	4441
1	7003
1	3536
1	5924
1	5183
1	5735
1	7230
1	4530
1	6602
1	5520
1	4538
1	5961
1	5442
1	6228
1	6389
1	5906
1	4528
1	5262
1	2911
1	5948
1	8358
1	6386
1	5625
1	8323
1	4953
1	5302
1	4452
1	4439
1	1930
1	3926
1	6204
1	5593
1	6416
1	6062
1	6351
1	7302
1	4865
1	4808
1	5862
1	5144
1	6058
1	4593
1	7194
1	5422
1	5822
1	5471
1	5557
1	5073
1	3628
1	7230
1	7171
1	6169
1	7749
1	5006
1	6161
1	6458
1	4832
1	6064
1	5379
1	7022
1	6180
1	5989
1	8572
1	3884
1	6905
1	5498
1	5807
1	6521
1	5683
1	5709
1	7141
1	4523
1	5450
1	5187
1	4109
1	8389
1	4667
1	8696
1	2820
1	5101
1	7852
1	6405
1	4327
1	5921
1	3745
1	6559
1	6066
1	7824
1	5102
1	7456
1	8654
1	8229
1	8410
1	6018
1	6365
1	5958
1	6780
1	7265
1	3894
1	5382
1	4131
1	7519
1	6313
1	6333
1	6699
1	4397
1	3762
1	5502
1	5883
1	5472
1	6443
1	6447
1	6425
1	6683
1	5434
1	6168
1	6279
1	6871
1	2145
1	6763
1	3967
1	5971
1	6533
1	5767
1	5678
1	5318
1	7473
1	6552
1	5268
1	5682
1	2836
1	5280
1	7664
1	6587
1	7144
1	6398
1	5658
1	7421
1	6610
1	6975
1	7991
1	4792
1	4816
1	5504
1	4164
1	2692
1	8464
1	6366
1	7434
1	8013
1	3567
1	4924
1	5186
1	5120
1	6576
1	7663
1	4372
1	8426
1	4374
1	8217
1	5605
1	6707
1	5511
1	4190
1	6159
1	3811
1	5456
1	5754
1	5572
1	6997
1	5171
1	1773
1	4965
1	6520
1	6471
1	6382
1	5241
1	8021
1	7685
1	6569
1	7026
1	5209
1	7443
1	6408
1	5047
1	6816
1	5735
1	5282
1	6146
1	5450
1	7396
1	6210
1	5774
1	6231
1	6312
1	5712
1	4015
1	7021
1	5720
1	4700
1	3556
1	4469
1	6271
1	6132
1	7767
1	7370
1	7564
1	6027
1	6640
1	5363
1	6525
1	3821
1	398
1	5918
1	5922
1	7690
1	3152
1	9058
1	5413
1	4989
1	6008
1	6123
1	7311
1	6444
1	6520
1	6791
1	6031
1	6838
1	5995
1	6744
1	6217
1	7589
1	6848
1	4681
1	8408
1	6017
1	6719
1	5889
1	7228
1	5720
1	6777
1	5988
1	5454
1	5936
1	5327
1	6446
1	5960
1	5767
1	8311
1	4325
1	6952
1	3677
1	7036
1	6320
1	7482
1	6721
1	6173
1	4796
1	8028
1	3143
1	5881
1	5050
1	8388
1	3951
1	5117
1	4179
1	3982
1	4011
1	6491
1	6329
1	5962
1	9726
1	8253
1	3551
1	6465
1	7507
1	7894
1	6617
1	5187
1	972
1	6447
1	4907
1	5752
1	4274
1	6680
1	3455
1	6597
1	4747
1	4835
1	7502
1	6367
1	3193
1	6915
1	4416
1	8860
1	5405
1	7316
1	4356
1	6755
1	4557
1	7208
1	7109
1	4612
1	6630
1	7710
1	4650
1	6396
1	7629
1	5751
1	7764
1	4814
1	7231
1	8312
1	6547
1	2400
1	3795
1	6361
1	6232
1	5828
1	4300
1	4689
1	6006
1	6550
1	4448
1	4955
1	6502
1	6907
1	6839
1	4696
1	5778
1	6146
1	7426
1	5260
1	4749
1	3392
1	5773
1	6023
1	4021
1	5566
1	3987
1	5921
1	6434
1	6598
1	7047
1	3861
1	2935
1	7239
1	5672
1	6651
1	4804
1	5093
1	6428
1	5672
1	6404
1	5296
1	3646
1	5516
1	6057
1	4618
1	6850
1	5774
1	7301
1	5836
1	6749
1	5608
1	5247
1	2833
1	7349
1	6702
1	8728
1	5794
1	5500
1	6378
1	4942
1	5687
1	7442
1	5755
1	7739
1	7040
1	5994
1	5014
1	6465
1	6201
1	8188
1	5996
1	5072
1	4982
1	4867
1	6241
1	5787
1	6881
1	5469
1	6192
1	6313
1	5591
1	4304
1	7241
1	4676
1	5738
1	6694
1	3795
1	793
1	5476
1	5225
1	6187
1	5708
1	8758
1	5417
1	5649
1	6239
1	5829
1	8670
1	6670
1	8124
1	2876
1	5719
1	4298
1	5002
1	7362
1	5735
1	7328
1	21
1	6052
1	3847
1	5565
1	4113
1	6115
1	5938
1	5640
1	7605
1	7155
1	6574
1	5548
1	4689
1	6797
1	7736
1	6083
1	5853
1	5519
1	8696
1	6479
1	7063
1	5791
1	4584
1	5697
1	7620
1	5302
1	4778
1	7903
1	5302
1	6059
1	5232
1	7334
1	6232
1	4876
1	6176
1	7687
1	8521
1	2266
1	8085
1	5264
1	5310
1	7129
1	6170
1	6056
1	5368
1	5957
1	3910
1	7335
1	6860
1	8996
1	4119
1	4838
1	4799
1	7293
1	5201
1	6876
1	8964
1	6386
1	5066
1	3871
1	762
1	8916
1	5997
1	6553
1	7790
1	369
1	6796
1	7291
1	6126
1	6566
1	6341
1	4278
1	6664
1	6318
1	6216
1	6081
1	5041
1	6438
1	6271
1	6012
1	2782
1	9999
1	7606
1	5900
1	5867
1	5306
1	3125
1	5719
1	3797
1	4801
1	3424
1	7150
1	8009
1	5982
1	1483
1	5983
1	6264
1	2745
1	5532
1	7891
1	6671
1	6077
1	5237
1	7686
1	5560
1	5729
1	5093
1	6900
1	5571
1	7825
1	7498
1	4887
1	4799
1	4654
1	6525
1	5577
1	6187
1	6471
1	5544
1	6799
1	4733
1	6416
1	7093
1	5551
1	6956
1	1459
1	5405
1	6998
1	7028
1	5243
1	6340
1	6227
1	4109
1	6844
1	6219
1	6433
1	5528
1	3104
1	8149
1	5985
1	6806
1	5506
1	5872
1	8321
1	8220
1	7591
1	7226
1	6094
1	5306
1	5761
1	6422
1	7198
1	6251
1	4887
1	6164
1	8877
1	9306
1	5498
1	7287
1	6386
1	3921
1	5626
1	6129
1	5542
1	5841
1	5338
1	5751
1	5398
1	4456
1	5600
1	3747
1	5816
1	6216
1	4904
1	6305
1	3330
1	6284
1	6267
1	2426
1	7152
1	5306
1	6037
1	3882
1	8581
1	6491
1	6662
1	6517
1	6151
1	6438
1	8150
1	2034
1	4298
1	4531
1	3055
1	7950
1	2672
1	7527
1	6144
1	5048
1	6158
1	6830
1	5958
1	7845
1	5672
1	6674
1	4310
1	5255
1	7844
1	6504
1	5641
1	6114
1	4639
1	6242
1	4134
1	5599
1	6214
1	7922
1	5395
1	5608
1	4758
1	8408
1	8156
1	2759
1	7493
1	6919
1	8535
1	6333
1	6547
1	4929
1	5627
1	5773
1	4103
1	5621
1	3538
1	5985
1	4642
1	6070
1	5709
1	6576
1	7695
1	4843
1	6726
1	6291
1	7439
1	5990
1	5740
1	8189
1	6602
1	5392
1	5364
1	5985
1	4697
1	4312
1	6303
1	4857
1	6780
1	5718
1	3471
1	5672
1	4709
1	6397
1	7311
1	7865
1	7144
1	5129
1	5379
1	6126
1	7177
1	7802
1	7922
1	4367
1	6406
1	7529
1	4544
1	6531
1	6198
1	4984
1	5053
1	4923
1	3242
1	5179
1	8225
1	5578
1	7176
1	1119
1	7107
1	5583
1	4872
1	5899
1	7689
1	6190
1	6519
1	4311
1	6288
1	5061
1	6430
1	5784
1	6928
1	5768
1	4400
1	6588
1	7164
1	6109
1	6213
1	7321
1	6677
1	7776
1	6301
1	3205
1	6190
1	5306
1	5823
1	6477
1	2907
1	6474
1	9004
1	6394
1	6186
1	5111
1	6799
1	4567
1	6361
1	5916
1	5936
1	6630
1	6672
1	6472
1	4281
1	6327
1	4537
1	6578
1	4158
1	5455
1	4950
1	6629
1	5054
1	5302
1	4866
1	5090
1	6175
1	4704
1	7786
1	5565
1	8455
1	6732
1	5020
1	7204
1	5725
1	3797
1	4787
1	5711
1	4920
1	2895
1	6644
1	5989
1	5968
1	7895
1	4055
1	5891
1	6937
1	3949
1	6491
1	3991
1	7123
1	7449
1	7934
1	6016
1	6028
1	6539
1	5506
1	5637
1	4696
1	7194
1	7580
1	7875
1	7823
1	6163
1	5269
1	5991
1	4540
1	6029
1	7137
1	5614
1	5875
1	6088
1	7714
1	7763
1	6284
1	4804
1	6102
1	5356
1	5691
1	6587
1	5528
1	7583
1	5718
1	4564
1	8215
1	5200
1	5399
1	4808
1	1723
1	4589
1	5814
1	7916
1	6381
1	5343
1	4709
1	3835
1	7097
1	8854
1	5553
1	5176
1	5627
1	7675
1	4767
1	7091
1	5521
1	4672
1	4946
1	6364
1	5697
1	6076
1	6901
1	4068
1	4733
1	5123
1	6882
1	4168
1	2801
1	5984
1	6737
1	7861
1	3154
1	6336
1	6224
1	3909
1	6297
1	8262
1	4746
1	6482
1	5077
1	7242
1	6844
1	6405
1	5116
1	8128
1	7187
1	3753
1	4047
1	4933
1	5716
1	7867
1	6768
1	3592
1	4714
1	7929
1	4584
1	5134
1	4536
1	8401
1	5950
1	1064
1	7215
1	6637
1	6902
1	5560
1	3982
1	6265
1	4424
1	6789
1	6600
1	5403
1	4917
1	6833
1	7868
1	5819
1	5259
1	5812
1	3263
1	2647
1	5606
1	4232
1	6843
1	4287
1	6922
1	6383
1	5812
1	3060
1	8206
1	5461
1	6462
1	3267
1	6934
1	3807
1	6300
1	5765
1	6317
1	7204
1	6826
1	6445
1	5663
1	6435
1	5641
1	6622
1	5730
1	8228
1	6364
1	4876
1	6618
1	5989
1	3497
1	7189
1	6027
1	4370
1	5613
1	5891
1	5936
1	6119
1	5573
1	5259
1	2740
1	7534
1	6217
1	7400
1	8904
1	6161
1	1335
1	5201
1	7266
1	4706
1	6815
1	6374
1	4859
1	4813
1	4801
1	8204
1	8443
1	3989
1	6108
1	2188
1	6324
1	5832
1	5554
1	3298
1	6802
1	5270
1	5876
1	7668
1	5718
1	6907
1	4275
1	5462
1	4929
1	6180
1	9617
1	3472
1	6077
1	5612
1	6122
1	5953
1	6896
1	5195
1	7047
1	6377
1	7356
1	5350
1	4473
1	5963
1	3909
1	4416
1	6771
1	5258
1	6187
1	4744
1	4712
1	8041
1	3310
1	6295
1	7310
1	7808
1	4711
1	4127
1	5331
1	4745
1	6530
1	7369
1	5705
1	6804
1	6340
1	5880
1	2746
1	6166
1	4262
1	6879
1	5490
1	4952
1	5627
1	5405
1	5341
1	4443
1	6052
1	6641
1	5407
1	5834
1	6667
1	5407
1	4884
1	6269
1	3774
1	2538
1	6990
1	5728
1	6798
1	5490
1	7143
1	7819
1	6295
1	5946
1	5686
1	7211
1	4225
1	6453
1	5398
1	7660
1	5161
1	5604
1	5547
1	6135
1	5757
1	6301
1	5461
1	6847
1	5190
1	6180
1	4074
1	7724
1	6518
1	6355
1	5508
1	5087
1	7965
1	4330
1	7236
1	4989
1	5058
1	6435
1	8111
1	6420
1	6447
1	6937
1	6218
1	4165
1	7248
1	4178
1	5730
1	6771
1	5253
1	6560
1	3199
1	5552
1	4383
1	5136
1	8871
1	6290
1	6192
1	3669
1	5861
1	3340
1	6986
1	6713
1	4735
1	5255
1	5324
1	5872
1	5466
1	5956
1	6178
1	6988
1	5760
1	5462
1	6308
1	6429
1	6070
1	7864
1	3193
1	7389
1	7512
1	8547
1	6893
1	91
1	7416
1	5402
1	7629
1	2421
1	7753
1	6335
1	5737
1	5166
1	4148
1	5634
1	5539
1	5525
1	3939
1	4989
1	6285
1	6554
1	4200
1	6094
1	5161
1	4989
1	5747
1	6323
1	7016
1	6253
1	8083
1	6414
1	7718
1	7586
1	5924
1	6302
1	6053
1	6102
1	5951
1	7391
1	6018
1	6337
1	4835
1	5430
1	7269
1	6865
1	5262
1	6029
1	6788
1	4130
1	6899
1	8146
1	5628
1	5733
1	4776
1	1063
1	6639
1	5231
1	2756
1	6209
1	6065
1	4136
1	4844
1	6040
1	5766
1	6437
1	8784
1	5231
1	8370
1	5489
1	5901
1	8664
1	4563
1	6553
1	6877
1	8152
1	5746
1	5332
1	2457
1	7482
1	3303
1	5377
1	1633
1	6753
1	5596
1	2818
1	3472
1	7161
1	6455
1	4217
1	5729
1	5743
1	6853
1	8382
1	6961
1	6194
1	6460
1	5599
1	8071
1	2771
1	5998
1	6551
1	4488
1	7207
1	5545
1	7796
1	6315
1	4960
1	6929
1	7244
1	7832
1	7395
1	7089
1	4877
1	4920
1	6041
1	5349
1	6218
1	3467
1	9499
1	5818
1	8970
1	5571
1	7000
1	4891
1	764
1	3826
1	4852
1	6866
1	7207
1	3507
1	3940
1	5226
1	4603
1	4889
1	6049
1	5359
1	3979
1	5338
1	6102
1	1919
1	6126
1	8252
1	6662
1	6282
1	7212
1	6437
1	5585
1	2990
1	6507
1	6751
1	7110
1	4883
1	5875
1	5715
1	5662
1	6865
1	7379
1	5317
1	5401
1	6709
1	6905
1	4912
1	6573
1	3620
1	6956
1	7173
1	4152
1	7259
1	5864
1	7541
1	6891
1	5738
1	6994
1	6390
1	4254
1	7998
1	7894
1	6409
1	3405
1	1161
1	5302
1	4413
1	4436
1	7615
1	6049
1	5876
1	5361
1	5493
1	8558
1	5150
1	7159
1	7611
1	5047
1	7271
1	4658
1	5051
1	5938
1	2071
1	5879
1	6487
1	5966
1	3870
1	5239
1	6717
1	4917
1	4939
1	5897
1	6813
1	6511
1	6853
1	4451
1	8087
1	7560
1	5895
1	5910
1	4635
1	9058
1	7404
1	5088
1	6843
1	7135
1	4199
1	7151
1	5104
1	5615
1	6061
1	6491
1	6327
1	8856
1	8299
1	4809
1	5333
1	6861
1	4343
1	7052
1	6341
1	6530
1	4431
1	3858
1	4915
1	4662
1	7253
1	7273
1	7201
1	5177
1	5495
1	5571
1	6457
1	5055
1	9030
1	5131
1	5288
1	5212
1	6279
1	4768
1	6682
1	3329
1	8807
1	7413
1	4721
1	5662
1	7900
1	6194
1	7194
1	4300
1	5378
1	4154
1	6505
1	6085
1	6025
1	5945
1	4286
1	6444
1	7601
1	5734
1	8452
1	7493
1	7909
1	4459
1	6625
1	4597
