3216	3972
3321	9385
54	6377
54	426
54	3985
238	415
5727	5868
54	3703
54	2352
3381	9311
1602	7189
281	535
5887	1232
2558	3970
54	6033
5968	5930
2288	8981
2031	8246
6021	223
3208	7530
7366	6651
917	6368
1722	7625
3037	3920
2998	9805
5286	592
54	1476
3983	2639
54	5713
789	519
6071	238
7017	7188
54	4754
4319	7784
9562	8908
808	6468
4949	6718
54	4763
5797	5772
3962	5737
54	5577
54	6233
2505	9300
1778	1944
4875	6955
54	6250
5014	1005
54	489
4048	3619
265	599
4012	8364
832	691
7350	7556
3405	9383
54	2484
54	394
3549	3379
262	421
54	5942
3374	9394
4086	4702
6011	5776
6497	523
54	5743
54	3780
2018	8356
54	3006
3906	2871
7469	7982
4616	5929
54	448
1028	6494
833	4388
2166	2941
1451	6945
1402	6467
54	538
54	6309
54	477
54	3458
965	697
7392	7930
3475	3623
3633	9043
2695	9734
54	3172
54	5605
54	459
54	6355
1907	2322
416	6344
493	386
2815	5988
8462	5685
1551	1551
54	2909
54	6103
2224	3022
3734	3183
532	6189
3610	7695
4772	1404
54	509
2704	6256
4185	2751
4659	5947
2687	8940
1828	7869
3461	3725
192	454
1993	8323
2554	3763
2655	5118
2994	3821
843	6290
3272	9241
5723	5826
2481	8684
4266	8069
5350	6035
54	5622
6075	4870
4827	7074
2826	3986
54	606
3466	9342
1591	1540
3103	8425
4716	1494
4971	6807
840	3687
6411	4406
54	547
6226	2745
5091	4596
54	4476
2652	7688
1465	5548
4250	2349
4607	3202
5060	6625
5735	103
4359	2038
3842	8658
54	533
1903	6205
4924	6893
6350	442
5179	614
574	6328
2585	6379
446	6286
3415	3579
3903	8484
54	392
54	494
2292	3298
3706	3218
5410	6148
54	600
4127	2447
3715	3427
3477	9263
2532	9477
1341	2875
6211	306
2871	9772
2978	9536
2576	3814
54	1715
3230	8048
54	6204
3985	2803
421	843
4983	6459
1168	939
3089	5494
2649	4936
2580	9444
1558	2566
957	629
54	447
4083	7251
3204	8565
54	538
5090	790
5362	3341
597	6319
822	6309
2818	3979
4410	1873
5093	704
1393	1278
359	6171
513	6354
54	1924
3413	9427
54	6188
4760	6879
7696	2686
5388	336
4486	7507
2052	2639
6561	6502
484	391
6482	633
4569	7290
5876	100
279	6226
5442	1087
5388	360
54	5723
3182	4013
4578	1709
765	592
82	6223
54	5644
2104	8558
54	512
3307	9399
3096	4113
2547	5457
4725	4417
1835	1994
5321	6095
3302	3795
1641	1657
54	6286
4524	7395
5642	5770
5613	146
981	2677
4700	7098
54	451
54	6234
510	6279
54	504
2943	9890
54	405
54	428
54	6101
3080	9267
5102	880
4798	7103
1430	5003
3450	9190
54	5601
54	6261
54	6164
3823	5889
2770	3974
54	479
5554	201
54	1061
8860	5589
4505	7673
54	6212
658	6057
5427	5143
3008	9681
2832	4004
3262	7555
7008	6328
743	6544
54	787
7372	7762
5462	322
54	494
1644	1681
297	668
336	3757
54	6443
54	535
4129	7521
3477	9141
54	2326
54	6453
5638	5613
2115	8650
54	515
2160	3045
2696	9578
4733	4315
3338	9322
54	6220
5611	147
3923	2848
54	2173
3746	3033
54	1892
1719	2472
54	623
4716	1453
4566	7524
54	6166
3490	7250
4490	6654
2168	8580
54	5890
3229	9493
54	415
2871	9860
4285	7985
5785	66
2996	3875
2654	3839
388	6213
54	6218
3696	8845
54	6163
2036	2673
6304	6106
2592	9606
4434	2010
6576	6439
1511	1404
1917	3778
3611	3337
54	5008
4441	7253
3263	3794
120	387
4638	2087
54	2941
4726	1447
54	3201
54	5401
1853	5459
809	475
910	811
5498	306
5113	6569
3946	2741
54	555
1223	997
374	440
6398	4049
2104	4575
54	716
4671	5900
2740	6141
3936	8511
4743	1436
10	6229
3707	3458
2143	3192
3254	9213
6806	5239
2113	8739
4897	6907
54	6256
423	5801
54	3381
4395	7685
3002	9608
3761	6273
6387	386
54	6206
54	2562
3252	7900
54	6148
1775	2998
54	456
784	3030
54	6320
54	6273
2513	9438
54	381
54	5760
2322	3316
2809	9713
5508	153
2545	9517
54	393
5418	322
54	6143
3617	4334
4404	6680
815	6324
54	1694
3821	7299
54	475
54	6269
1967	2958
3076	9137
29	6228
6310	6072
3974	4913
5786	4598
1831	2241
3042	9783
2537	9507
3841	8051
7720	8429
3522	3411
3136	4061
6522	6172
54	6319
5191	667
5272	1525
5286	621
4492	7430
3838	2880
2472	7059
54	519
454	2982
9380	3217
4582	7520
2884	3904
54	3922
5981	5980
1224	762
5171	6551
4310	8061
4703	5132
2373	9111
6309	348
2953	9734
5701	237
5002	982
4750	1629
54	406
54	6280
2407	9308
246	6133
54	796
54	554
3383	9566
54	1123
54	6262
54	4542
54	517
54	6338
5015	845
54	6330
3244	9705
1978	8300
54	1848
4867	4323
3085	9585
1127	6602
4777	6395
54	6239
54	5292
5487	6025
7230	1884
1395	1118
255	6114
4411	7254
2067	4334
5019	1108
2416	5390
54	6316
3478	3549
54	504
1929	2366
94	6470
2343	6199
5469	6073
2799	9659
2406	4052
374	6333
54	6227
2806	8589
54	437
54	581
3516	7755
54	587
5828	1058
1072	6639
102	1511
6583	725
54	6228
3112	6917
7860	6535
3405	9382
3400	3512
5705	4948
54	6279
3547	9147
325	585
54	6314
7873	8643
6680	6397
54	338
6720	1115
3905	8568
3789	8790
234	6328
4721	1385
54	479
9999	8234
1868	7859
54	6237
4168	5282
3728	3021
939	790
54	500
2361	3394
1166	832
6911	1305
5131	6616
54	535
285	5318
54	6241
8467	8973
391	834
54	839
5904	5634
3751	8794
2161	8651
2543	7389
54	4881
6326	5920
1169	6477
1316	6502
2625	8693
54	6266
519	1214
54	6265
5638	5930
2557	4424
54	606
2120	8203
513	6136
54	5311
4334	6681
54	6176
2695	6164
4659	7305
2569	9426
54	3343
4106	5742
3298	7164
2094	2832
3859	7318
54	1456
4345	2181
5338	5148
54	712
54	6237
3883	5131
54	6221
6675	629
2982	9804
54	305
3760	7338
54	3003
432	4988
2880	5516
54	2854
54	589
76	401
2734	8833
54	2509
2726	9577
5628	5896
54	6245
4289	7814
54	624
2162	3039
2313	8534
4013	6353
3360	9435
4730	7089
54	5486
3825	8808
4450	1938
4025	6027
1718	6676
54	3990
3847	8527
5419	6044
5264	5468
5962	0
2690	3903
921	5065
604	1778
54	6347
3610	9285
4652	6624
54	518
54	3565
54	606
2241	8891
5249	464
4730	3584
1868	7406
1803	2183
5762	2603
5436	6063
3871	3012
3024	4091
5452	6096
2774	4012
54	556
2914	7032
54	6152
4847	6975
2123	2943
54	545
5317	6299
54	472
836	571
3397	9526
54	430
2676	9743
2920	4046
87	545
4707	1648
54	5497
54	4764
54	5021
2693	3958
54	558
54	1183
4108	8188
4675	6495
54	3473
6562	6395
6005	5974
54	6272
4863	4701
2309	9133
3471	3565
2600	8225
2878	9175
4837	6966
54	6179
127	497
54	3836
54	6179
4152	8059
3565	6380
4442	7190
2902	4025
3926	3008
54	4909
980	482
4076	8251
1834	7862
1319	993
2411	5716
6573	5671
3089	3820
3106	3792
6387	161
1195	6416
4652	6172
54	6219
3051	3974
2874	9999
2829	5660
54	511
3118	8849
3867	6699
3736	3113
2056	2689
345	6138
5050	751
4126	2588
2844	4980
3410	3577
2478	3514
2236	8882
54	2596
2358	9130
4177	7796
6861	1519
5073	6497
3925	8578
4316	5218
4694	3272
1545	4671
3774	7806
4076	4398
54	2776
5694	6071
4267	2675
707	2606
4895	6821
222	523
54	6201
54	415
5977	53
54	471
54	466
4766	1375
3700	3397
923	961
54	6413
2171	8676
54	1025
116	573
3846	3966
54	6323
4954	5070
6744	693
54	6323
4150	2468
3331	8438
722	5736
54	535
1746	7468
54	731
54	6272
54	567
54	6118
7246	5399
6911	6873
6129	5814
2670	8773
4245	7887
54	6275
2276	4387
4515	4125
4879	1275
4699	4131
3194	9658
54	483
1403	1252
2724	9695
6726	6503
2087	3076
3229	9663
54	588
4364	2041
4209	8075
5169	1481
9066	9072
2781	3740
1457	7051
54	3096
5850	3929
6922	1155
6209	4382
4698	7233
54	430
4901	2197
2850	3945
54	749
5040	2197
54	745
6779	1116
1893	7263
1386	1142
5624	3527
4613	6613
6599	737
3548	4859
4647	7333
54	651
2875	5122
0	4111
54	6228
2919	3998
558	6290
54	685
3237	3699
54	397
54	3803
54	6150
798	718
54	6038
4619	7484
2964	9752
54	491
1743	1852
281	6233
4319	2358
5165	787
3362	8985
2943	7164
1566	7267
6677	2531
2820	9768
7781	3204
54	6164
4012	5616
54	4821
2891	9813
6744	5262
54	6255
54	473
54	562
3315	7562
3354	9494
4536	2622
2454	3773
3236	3861
1676	7336
5621	2460
5932	150
2057	2700
3036	3882
3476	3723
3985	2738
54	6227
3118	3856
1130	6652
54	462
5131	6447
54	506
1989	2376
2882	9798
4947	6762
3248	3941
5173	674
1522	7178
54	4428
54	439
4132	8243
54	493
298	6183
4256	6645
54	4589
3021	4114
4555	1688
54	516
54	2369
8730	3334
4965	6908
501	6162
4843	1114
1147	794
2939	5052
2966	4005
5039	867
84	6175
1763	2021
4221	6460
54	2930
54	532
54	6294
3795	2947
884	616
1891	2581
2535	5673
4923	6870
2177	2977
54	1584
3269	9519
3656	7887
5404	6007
4211	2386
3266	7616
795	4146
54	441
