4539	0
4942	1
3011	8
1569	69
4685	1
2275	3
5273	0
5213	0
5121	1
5508	0
4329	85
3555	367
6986	0
4065	0
4354	0
6352	0
3177	0
8166	0
3432	1
3015	0
2266	8
3156	23
4348	3
6056	0
4308	0
1840	0
3102	0
4801	1
4957	0
4377	12
2479	1
3951	1
4761	3
2739	1
5157	1
3757	0
2750	10
2800	7
4191	1
5114	2
3079	1
5748	0
2341	227
2237	934
4822	1
4312	0
2740	2
3528	1
3522	0
3940	0
3125	1
5049	3
4576	1
4504	0
5351	4
4029	0
2833	0
4801	95
2154	7
4740	0
5980	0
5845	7
1797	0
1821	1
3958	2
3060	7
1840	408
4609	0
4167	4
3808	34
3175	36
5694	6
3692	3
2381	0
6717	0
3938	0
2207	0
3948	4
3335	0
5547	7
1838	9
4078	4
1675	123
3591	0
1696	7
2195	48
3018	0
5429	7
3631	470
1866	0
3327	1
3800	1
4376	0
2083	0
2886	3
2968	1
2518	0
3787	1
2610	1
2959	21
4207	61
3606	0
4335	2
5143	0
5521	0
2916	137
2868	1
3513	1
3628	453
4299	2
3221	1
2100	0
3960	3
3612	2
3822	4
3066	0
4797	0
6848	0
3189	2
5695	0
4305	0
6061	4
2802	417
7740	1
6337	1
5479	0
3513	25
4819	3
2667	0
3925	1
4018	157
6774	0
1197	3
4818	0
4851	8
5416	8
3602	0
2414	0
5491	0
3280	1
2758	0
2589	0
3304	3
6401	0
3943	4
4200	0
4113	10
2439	5
2459	2
3538	0
6735	0
4099	203
2871	0
5216	1
5233	16
3136	0
6301	11
7393	4
3696	0
4530	0
3654	38
3593	55
3678	0
4480	0
4951	69
4488	1
5306	0
4197	0
3508	6
1968	5
2027	0
2609	2
2553	4
4399	10
3695	2
4870	0
5371	4
2354	7
4616	2
4401	13
3571	1
4896	0
3498	113
5477	0
4525	4
3489	37
4964	19
4494	3
2126	0
4787	0
2966	1
6046	0
3201	0
2337	39
1863	1
4348	2
4902	64
7142	0
4722	1
3719	1
2916	1
5097	10
4057	45
3524	0
3427	5
3092	0
4797	1
2209	112
4050	53
3386	16
6723	0
3513	1
2723	30
3171	0
2895	9
2435	1
3457	0
4292	0
3254	1
4991	8
2429	106
4459	0
4069	4
4779	2
5151	7
2850	102
5772	0
5066	0
3629	0
3147	5
2946	0
2241	0
4552	0
4682	0
6531	1
2546	2
4347	0
3436	0
3039	10
4057	0
3584	6
4615	28
5108	0
2431	18
3451	4
4223	0
4547	0
5156	0
3403	326
4307	0
3459	0
4250	1
2549	0
3046	0
4558	31
4038	0
5504	1
6011	0
2765	108
3985	1
6017	1
6063	2
3711	0
3913	0
5073	1115
2767	1
3299	3
2743	0
1889	1
4163	56
5562	12
5817	22
2289	1
5866	1
5917	98
2663	0
4524	288
2552	5
3629	0
6513	0
5031	86
3479	3
1778	0
4412	3
4011	0
5392	0
6369	0
3432	0
4501	0
3434	0
2998	0
3857	0
2521	1
4800	0
4018	0
4001	0
4811	1
4969	0
3748	0
3938	29
3754	0
3211	0
852	0
4854	23
3433	3
2789	8
5167	24
3872	19
2586	0
2748	0
4082	7
4331	0
2624	44
4499	2
4989	1
6476	1
2787	0
4434	3
3298	10
5520	115
6486	0
3625	12
6625	4
4672	65
4909	0
4614	1
2930	5
2639	30
3517	0
5255	114
4157	0
7287	0
2814	57
3231	1
2395	0
3484	1
2846	33
3226	22
3612	0
5719	1
4241	0
3291	0
5490	0
2766	15
3916	750
4972	2
3644	0
5081	0
6344	1
3310	14
2818	2
4914	0
5377	26
3746	0
5402	1
3691	2
5561	0
3499	162
5293	0
2796	3
3375	0
5838	6
3473	32
6049	2
4604	1
4536	0
2597	29
3122	1
3593	0
3697	0
5596	0
5659	0
3713	0
4047	1
6333	0
4342	0
2303	57
3231	0
4505	109
3646	5
3042	918
4678	0
3376	0
2528	9
7322	0
5609	2
326	1
4613	5
3781	0
6325	0
4854	2
3837	0
5975	1
5276	0
1461	0
2760	33
3141	2
3580	1
3139	2
4921	16
4036	0
6431	6
4648	0
5995	0
3198	58
4396	41
4728	0
6257	0
4199	0
2588	9
2536	0
6811	0
4039	0
3054	0
3061	501
3895	1
3039	3
5720	10
3807	0
2594	0
4380	0
3757	70
4194	0
4054	30
3284	30
5463	1
4074	0
6296	0
3689	1
2933	1
4283	455
1386	17
3424	12
4747	383
1604	0
5847	0
1203	15
6864	0
4071	0
4163	1
2020	0
7752	19
2373	18
3248	35
5249	1
3364	1
3825	0
2591	12
3434	5
3681	11
2994	0
3350	4
4248	0
4153	0
2510	2
3358	53
3001	7
2683	3
6131	0
3087	2
4282	0
5190	4
5413	0
5559	0
5790	1
3572	0
5244	215
2446	3
2990	12
4081	6
3602	3
4336	0
2311	3
4913	0
6755	14
3885	1
1984	0
2974	1
1949	239
4864	1
3849	0
3900	5
2429	0
6316	0
2851	2
4539	16
2672	25
4131	4
6835	3
3588	6
5210	29
3823	0
5063	0
4308	50
6854	0
3842	0
2792	39
2438	0
1728	17
2253	35
4892	1
3513	333
4350	0
7782	0
5748	1
4305	5
2668	3
4438	1
5846	1
7222	0
1431	1
1934	3
5389	0
5426	1
3892	0
3341	0
2851	5
1911	22
4046	26
4592	3
4168	17
3643	5
3688	11
3560	1
5810	0
4137	1
2280	2
3945	0
7902	0
4217	17
4192	7
3266	1
4051	1
5626	4
1838	36
2694	0
4467	13
3611	0
3182	1073
2585	1
3430	0
3387	0
6335	0
6294	0
4871	1
4084	1
2074	2
3090	4
7045	482
5064	1
2925	308
4081	6
3099	15
4334	10
2793	0
3283	10
3681	0
4408	17
4020	452
3172	0
3208	6
4836	4
3052	0
3027	59
4997	0
3014	2
6681	0
4015	0
3878	0
3703	12
3054	0
3267	5
5872	10
2486	0
5224	1
3968	0
2582	3
4045	2
3108	232
3896	0
6352	4
4451	82
4033	2
2875	1
4600	9
4814	3
2244	0
4062	1
4475	0
3426	1
5814	49
6545	10
5470	1
3593	1
4586	0
2149	39
5268	11
5166	0
5050	55
2420	109
3834	0
3713	0
3860	0
3998	3
2792	0
3627	0
3434	1
2674	19
2400	27
4903	2
1583	0
2859	0
3323	0
2982	0
3544	0
5244	0
6119	3
2656	0
4895	0
2849	384
4835	44
3059	1
2877	1
4374	1
4286	21
4713	0
5396	5
5164	0
4873	0
4277	0
2675	289
4021	0
2697	0
4572	0
5661	7
4538	3
4464	0
2763	1
4049	2
7563	32
2557	0
4054	94
2495	0
2231	55
7349	21
3469	0
4563	6
4115	0
4568	0
3445	21
5252	0
4373	8
3353	0
4958	0
4540	2
6148	0
3495	16
3720	26
4198	2
5029	0
4014	0
5196	0
3661	4
1623	18
3747	1695
3650	3
4692	0
6324	7
2010	2
4824	712
5638	0
3874	15
3157	17
2723	2
4007	1
2102	1
5783	0
4297	0
5887	0
5173	4
3016	11
2582	0
6516	3
5665	46
3264	36
6124	1
5817	12
5519	2
4300	1
3220	3
3054	2
4096	0
3650	10
4823	0
3023	23
3896	284
2858	6
6601	1
3810	0
2085	21
3044	2
5694	0
4145	60
5073	1
3481	3
3467	3
4784	1
5697	36
2579	0
4255	0
3812	1
2299	231
2251	201
3205	41
3923	5
1992	1
4405	1
4422	0
2072	0
2349	0
6085	0
7435	1
5014	0
2863	376
1768	6
3319	0
5710	0
1374	4
7434	12
2620	20
3567	22
1972	4
2564	0
3193	0
5726	1
5301	4
1794	1
3977	57
2666	72
3453	140
3235	1
5567	135
4651	7
7678	0
7108	2
5165	1
3527	0
2925	45
5920	0
4385	0
5107	0
6949	0
5227	5
3187	0
5553	0
2000	1
1839	0
5586	0
2816	2
2565	9
5160	1
3186	100
1910	7
6821	1
2854	17
7616	1
3666	3
3305	29
6375	1
1538	5
3197	0
2689	0
5326	1
2724	6
4560	3
4069	47
2538	213
3310	0
5685	1
5201	3
4271	0
4719	0
5431	94
2428	1
4839	0
7316	0
3925	3
1974	21
1825	3
3606	24
5336	0
2507	0
4070	2
4707	0
3433	0
3782	106
2824	23
2658	33
3910	2
5942	4
9999	45
2965	0
1984	81
2828	3
4439	3
3344	7
4972	0
3981	1
6365	0
4920	0
3025	0
5572	0
3559	430
5215	0
4001	0
2309	0
5302	2
3201	324
4995	0
1860	18
4023	0
3676	12
3988	0
2808	1
5768	30
3809	5
4114	0
4237	0
4595	0
6056	0
5701	0
3215	34
4101	22
5631	0
1602	0
2690	0
4520	0
3607	0
2883	2
3840	3
5456	0
5408	1
3594	0
6131	0
3703	1
3196	1
1335	22
1967	2
2468	2
2834	2
5649	3
6036	1
2895	1
5907	62
5694	1
5210	25
5643	0
5232	12
3363	237
1981	0
3065	0
6009	0
6173	0
6583	0
3095	3
2112	7
2843	0
5932	7
6588	3
5437	0
4009	1
2433	4
5125	41
1553	6
1798	2
4099	344
3815	94
3929	1
5321	5
2828	38
4315	5
3492	0
4794	0
3661	2
1566	0
3178	17
4423	5
5259	0
4398	0
2033	0
5836	0
3163	0
5667	0
2954	0
2938	0
4768	0
3911	12
5408	5
2203	0
3335	0
3296	0
4285	190
3886	1
3710	2
2647	2
3080	0
4662	11
2179	102
3403	39
3171	0
3915	0
5349	1
3061	0
2602	4
1664	3
1735	1
3566	0
3729	0
2835	24
3412	16
2334	0
5983	0
2101	62
2984	247
2695	2
6103	0
3074	6
3190	1
7497	4
6262	36
2936	141
4208	2
7029	0
2944	1
5278	2
6469	0
4277	0
3879	12
3155	58
3885	1
2302	0
3090	20
4090	0
2713	78
3739	0
4603	23
5911	0
4078	19
4393	7
4467	10
4727	4
2562	0
5974	106
3820	2
3589	53
4327	0
2914	694
5418	7
7543	81
4225	18
3659	0
4687	6
4674	32
2872	1
3283	39
6200	3
4672	0
1700	1
4391	181
4506	15
4934	2
3749	91
1820	122
6558	5
1341	1
4720	4
6341	1
3259	0
5230	0
4870	29
2882	3
5312	2
4345	3
3129	87
2334	2
3890	0
5523	0
3171	0
3333	180
7572	0
2697	0
5618	0
7264	1
6565	0
4106	0
4324	0
5351	1
5511	6
5605	0
2917	0
3315	28
3549	7
3239	241
4998	0
4364	1
1795	65
5824	1
3713	0
5424	3
4890	3
4213	0
3846	20
3890	8
3618	0
2728	15
4522	0
0	125
5422	2
5393	0
3721	416
2280	0
2664	0
3849	8
4332	18
4414	0
5356	21
4668	0
4383	1
4856	4
3264	1
2314	4
4600	8
6633	63
3261	0
5957	1
4900	8
3490	0
4384	5
3582	129
4441	1
5038	5
5160	360
3455	16
3014	1
214	5
2307	1
4575	6
2732	3
3824	3
6457	1
4546	1
2228	38
5164	0
3258	0
5357	21
6079	12
6309	0
5840	0
964	1
4678	16
1845	6
3567	0
4469	472
2202	12
4232	0
5138	0
5171	6
2709	5
1813	57
4513	18
6666	0
5121	99
4853	902
3395	0
3366	1
5503	0
4021	1
2714	1
4705	0
4274	2
5434	0
2344	0
6053	3
1784	480
4345	26
4919	0
3440	0
2559	5
5408	0
3749	16
3253	33
3150	1
4289	0
4705	0
2511	1
1201	523
6606	400
3719	2
5161	0
2733	35
4497	0
3515	0
2935	1
5583	10
4329	0
3746	18
4171	3
3002	0
4505	0
3703	3
4334	0
2350	1
2967	0
4252	0
2698	2
4992	0
7634	0
3377	9
6526	0
7706	9
4520	2
1732	19
4545	77
2929	1
1985	516
3202	2
5313	2
4786	1
3519	2
2268	8
2576	8
5200	0
5769	0
2136	107
2081	1
3966	7
1049	0
4003	22
2127	264
4699	0
2895	25
5432	7
2704	12
5536	263
2283	3
6253	0
3365	3
5440	3
5620	0
1831	0
3432	1
3640	36
5580	0
4197	0
1981	12
5258	0
4769	0
3769	0
5303	0
2061	4
2416	0
3066	2
2838	0
3145	0
3086	0
3215	1
2371	2
3445	594
2199	222
3634	10
4941	10
2668	22
2173	2007
4994	0
4996	0
2843	0
4688	8
5012	1
2321	0
7759	0
4461	1
5282	0
3014	522
2520	3034
3970	4
3415	245
3848	1
1289	0
4145	86
2800	66
4662	27
4384	0
8140	0
3528	1
1930	2
3422	0
3707	6
4466	3
5917	63
1093	0
3064	6
3072	0
4007	0
3006	1
3054	3
3232	3
5582	16
4170	18
5852	1
2795	59
1952	5
2616	248
2818	2
3448	26
3688	0
5722	3
4654	0
2891	7
6887	0
2161	2366
4625	14
2926	13
4921	1
4151	6
2805	26
3785	527
3610	51
3944	0
3854	14
6489	0
2363	12
4728	0
3193	36
3614	2
5105	9
4505	3
3782	14
2394	1
4924	0
6160	1
2560	0
3441	77
1845	734
6871	0
2449	0
2591	3
6858	0
2916	12
5412	1
4949	4
4551	1
3012	0
4827	0
5252	2
2120	71
5571	5
5327	0
4336	1
3804	233
4476	0
4078	0
3751	36
4706	3
3183	62
5905	1
3311	0
3803	0
4281	53
3435	2
2086	168
4044	5
4507	0
3126	17
4387	31
3081	0
3093	34
2556	12
3019	12
7411	0
3821	0
3278	0
4741	0
2013	1
3869	5
5308	1
1913	0
7097	1
2142	0
7008	0
3436	1775
3112	4
3249	0
6154	0
5607	2
2949	0
2775	3
4190	8
5598	0
2547	44
2635	93
949	41
1509	0
2225	1
2767	1
3863	37
2402	0
3286	40
2344	7
3090	1
2557	0
5484	0
3161	0
3854	2
5181	1
5791	0
4280	76
3155	0
1883	9
2538	15
3808	3
4565	0
3150	1
3204	0
4335	203
4719	12
5771	0
5402	32
5348	0
3562	3
2594	1
2373	6
3151	0
2238	0
3936	0
2742	0
6394	0
7433	0
4670	0
2025	0
4604	0
5452	1
3469	9
2220	2
4057	0
3083	70
5036	0
2578	542
2333	32
6349	0
2737	1
5017	0
2247	0
7947	0
2110	49
4342	0
3128	1
6700	1
3896	0
3229	10
5733	0
2982	0
3722	0
1784	4
2740	7
2989	3
3635	0
4193	112
3871	0
6067	0
3346	24
3884	1
2871	7
3676	0
6211	0
2228	8
2608	269
5028	0
4465	3
2871	0
4796	38
3164	0
4553	1
2292	1
5287	3
5951	1
3401	0
2154	3
4987	0
3515	0
2724	3
2316	3
4628	0
4760	1287
3815	1
2464	1
4721	0
4057	0
2473	140
3721	1
2982	0
3788	14
5079	1
4649	0
2791	29
3119	75
4397	10
3700	17
3294	2
3077	3
4261	8
3565	0
4023	3
2546	2
3913	0
5001	9
2569	0
4598	72
3666	3
6905	29
3788	0
2946	0
2471	1
3100	1
4473	0
4653	0
6267	0
2996	0
4500	2
5581	1
4897	0
4823	1175
6427	0
2980	7
4427	3
4135	68
3217	1
2317	1
3429	2
2753	160
5034	0
4643	3
4132	14
3372	1
4597	0
7891	2
3691	93
2495	27
3617	0
3622	10
4786	8
4576	0
4625	10
2553	1589
3250	2
3881	0
7358	0
4386	1
3974	3
2301	0
7094	1
2333	6
4485	1
3628	0
3082	0
3376	7
5309	137
3484	0
2663	3
4681	3
7145	0
3262	0
2227	0
1449	0
3313	0
5248	4
4452	0
1755	25
1731	0
4333	1
6810	1
1756	6
2624	11
5458	0
5278	0
5591	212
4235	25
3262	0
4511	10
3362	6
6104	1
5355	1
3990	18
5255	19
3377	0
2229	7
2420	2
4941	0
7029	0
2181	0
6379	0
5882	2
6352	80
3872	2
4618	531
2201	1025
7108	5
2131	81
3952	0
5780	1
5407	1
1883	2
4022	8
5156	4
5112	41
4399	2
3723	3
3034	0
3612	3
2267	69
5086	2
3437	1
5464	2
6539	0
3138	17
4067	0
4121	13
5156	213
4120	4
6637	0
7084	1
5624	0
3616	4
5818	3
3356	71
5857	1
4373	0
4835	0
4251	0
3765	0
4558	3
4719	0
5100	1
2376	0
5519	0
2700	8
3993	7
4470	2
3531	2
5723	0
3573	1
2742	0
2459	35
2069	0
4322	4
5266	183
5964	1
2328	9
3039	4
4492	1
3524	3
3998	3
6120	0
3234	1
4759	358
5282	0
4197	0
1975	5
2016	0
6609	6
4231	0
5123	0
5481	2
4655	89
6189	0
3446	0
2576	6
3960	21
5237	0
4640	4
4850	0
3241	0
1982	12
4665	0
3702	143
4640	1
3649	26
4101	0
2855	8
3183	0
3266	30
5472	1
6138	42
4377	2
2218	2
5390	0
1593	0
2120	0
4683	26
1653	0
2636	17
4522	0
4737	0
4466	1
1445	104
4663	47
6407	1
5171	175
4795	0
3371	587
2871	33
4954	0
790	14
6417	0
3256	5
6537	0
3618	5
3525	2
4309	2
3078	0
4011	0
2396	57
4075	2
6417	7
2861	5
4369	0
2744	0
2651	0
5050	0
2285	0
7062	3
6394	24
4788	4
6239	1
5275	1
2525	0
4538	2
2693	1
4650	0
3840	1
4985	10
3081	0
4562	1
3752	61
4013	10
6970	3
1634	0
3999	4
6018	0
4622	3
3656	1
4077	1
2884	13
3221	1
4212	0
7019	205
4315	122
2348	123
5595	4
4303	2
3544	0
1959	0
4423	0
1451	0
3151	3
4593	8
2658	2
1702	61
3778	0
5421	1
5471	0
1265	27
2112	2
3461	4056
4141	0
3114	17
6014	1
2971	79
4223	0
4206	729
4710	0
3795	2
7406	0
2840	10
6000	0
2715	0
2576	0
3668	5
2510	93
3946	1708
2436	1241
3939	5
2981	2
5347	4
3731	1
1740	0
1798	7
4860	0
5188	3
4125	0
2365	74
4070	6
4076	0
3257	3
3023	0
7643	0
4327	0
6236	0
2009	922
3612	0
982	1
2895	64
4480	0
3851	0
4687	8
3020	13
4696	131
2389	14
6226	11
5509	250
4702	0
4093	59
5564	0
2505	13
3457	134
2202	1
2895	18
323	3
2828	49
4673	110
3887	1
3986	0
1920	7
3175	56
3363	0
6610	0
4172	1
3588	14
2471	1
4256	0
5009	0
3545	1
1868	25
3687	0
3449	9
2219	0
3197	0
2693	0
3695	0
3667	30
3378	0
4494	1
5404	7
2563	128
2915	0
2681	22
5931	4
2841	0
4843	0
2540	0
4983	25
5510	0
4703	2
4213	7
2265	0
6143	1
5407	2
2923	49
3783	1
4957	7
6275	0
2733	0
4611	0
4171	0
3950	178
4520	0
3500	56
3992	6
4796	119
4193	17
2238	79
4208	4010
5764	3
5818	0
5664	0
2667	1
3129	1
6021	0
6218	0
3024	0
3749	3
1920	13
2897	6
4700	0
3145	38
6098	0
2431	3
2491	0
3889	0
3285	0
1946	16
5169	3
4428	407
2716	110
5731	243
7394	0
5428	0
5624	2
3439	68
5030	37
3807	0
2201	0
2283	37
3583	0
3059	6
4011	0
5611	0
2163	1
6233	1
4114	0
4155	0
3639	21
4253	0
5085	0
4180	0
4269	1
2085	0
5912	118
5218	5
5542	0
2561	102
503	0
3523	1
3733	102
5166	0
4613	1
4850	4
4996	3
5888	0
6475	28
5057	0
6038	0
2397	0
6273	11
6639	54
3998	0
2124	0
2294	3
2890	289
2008	14
3472	0
2083	0
3111	0
2515	30
3972	0
3826	4
4302	0
3855	35
6297	12
3421	36
1847	1
4539	0
2089	26
3797	0
4965	0
3279	3
5530	0
2762	0
2317	140
2038	1
4688	1
5872	0
3864	2
2079	5
6286	1
5617	2
4491	0
2215	0
5071	0
3812	6
3818	2
3489	0
3746	52
6435	0
3609	0
2494	2
5011	3
4314	1
3362	3
3638	0
2705	1
3947	433
3984	1
4051	52
4707	0
2722	15
2362	0
4189	1
7066	0
3180	6
3208	0
3612	0
6172	0
3513	67
3452	0
3277	57
3904	109
3688	0
6931	0
6402	9
3318	6
5009	2139
6005	0
6103	0
3487	158
4988	1
4385	2
3503	0
5373	5
3327	94
1791	5
5949	1
3326	6
3503	0
3474	7
5369	0
2509	16
2494	86
5857	2
2605	0
6156	0
1771	276
5677	0
4296	0
3027	0
4136	6
4762	7
6478	10
2503	0
2237	483
4577	6
2595	9
3301	4443
4164	8
4045	11
4994	1
2933	0
5414	4
5697	0
4253	0
5435	10
3629	1
6857	1
1454	23
1972	0
5435	0
2782	93
2860	0
4489	2
4512	0
3400	0
2822	0
2233	2
4097	0
2842	0
4224	1
4706	5
4400	50
2573	2
4137	14
5597	1
3260	3
1888	0
4065	0
4183	4
3071	1
2341	0
2942	0
6987	0
2894	1
4312	1
2402	430
4734	8
2802	1
4248	7
6339	0
2174	12
4141	0
1980	171
4029	2
6283	0
2498	2
5238	6
4834	0
4961	1
4250	337
7454	0
4657	1
5499	1
3381	15
2811	7
5884	1
2790	54
4973	0
920	5
5828	0
2720	281
4725	0
3389	1
5353	192
3134	1
3326	0
2110	1
2049	1
4815	0
2577	12
5314	0
3480	0
4079	1
2880	30
3073	0
4537	34
3089	0
5291	8
4611	2
3364	357
3438	0
3942	12
2620	30
1899	11
2555	0
3924	9
5053	28
4724	0
3139	0
2264	7
4185	10
5870	3
2860	1
1014	5
3575	11
2678	0
4301	0
5115	33
6541	0
1585	2
3061	1
3555	3
1979	0
1976	148
2301	0
5025	0
7121	0
4660	0
3101	4
3766	0
4242	1
5692	0
4275	5
4880	1
1874	18
5816	4
4165	2
3440	1
4634	0
6244	0
4231	17
2840	0
5783	0
3053	0
3685	1
5144	0
5692	7
3440	1
4688	0
4674	13
6489	0
4142	0
2497	4
1278	1
5609	1
3987	2
3686	1
1569	0
6008	1
2433	12
2587	1
2290	3055
5244	0
4826	11
5081	0
3016	0
4495	1
5284	0
1342	0
4385	1
5172	0
2647	8
6310	0
2891	0
4367	0
7423	0
4998	19
1581	0
2016	5
2309	31
3240	52
3354	0
3074	28
3135	89
2709	2
4033	1
5780	0
4435	0
2690	0
4702	0
7229	0
3400	4
3873	0
2894	7
2704	0
2685	2
5908	6
3821	0
2839	8
4497	0
7788	1
2676	2
2182	7
2646	0
2124	2
3686	1
3425	0
3889	3
3749	42
2358	10
3680	0
3164	0
3688	0
5165	164
2245	13
4959	0
1341	213
3962	0
4335	92
5998	0
6391	0
4655	1
5524	28
4343	73
2598	3
6566	0
2605	50
3985	1
3885	0
5556	3
4438	0
3979	0
3261	0
4025	3
7229	0
5274	0
4953	2
1898	0
3032	0
2103	0
4476	3
3658	0
1396	0
4643	2
3296	4
2591	555
3818	0
5999	0
5179	0
3780	5
2810	9
3874	0
3329	7
4035	1
2666	1
4469	15
5444	0
4133	0
5148	4
4120	127
5292	5
2757	0
4502	0
4517	0
3407	4
2654	102
5375	1
6122	1
5414	40
2679	0
4058	1
4064	0
2798	0
4035	2
2536	29
2925	469
4174	1
5202	0
6494	29
4563	24
6162	4
3660	71
5354	958
1943	5
3313	1
2950	0
5965	1
2036	0
4631	694
890	1
4425	29
4302	0
3589	3
4450	7
5118	0
1921	0
4636	98
4062	6
5974	0
3162	2
3641	0
805	18
3895	1
4914	2
3480	4
2607	3
4454	4
3654	10
4369	1
5429	3
4902	1
5418	1
4053	3
4600	0
5271	730
4314	0
3609	0
3587	39
5521	10
6637	0
3967	1
3888	0
4237	0
5046	5
5176	20
3313	0
5154	21
3086	1
3245	43
2709	0
2497	2
4064	6
5875	0
2456	0
3182	0
5133	9
4254	311
4371	0
3848	2
3024	27
6682	2
5353	0
4110	0
4308	0
2009	0
6403	9
4451	0
1264	0
5077	5
3902	278
2985	0
5116	0
3883	92
6870	0
1207	24
4659	0
4035	30
4275	318
4589	0
2281	9999
5920	8
2804	2
5955	0
3500	1
2993	0
2891	329
5414	0
3184	14
5276	0
5689	0
3858	6
5144	2
3059	1
3665	125
3233	0
2422	32
4391	66
2585	0
3291	1
8879	0
5688	0
4645	2
5080	0
6324	122
3724	152
2603	3
3376	16
7247	3
2144	727
3693	45
2722	78
3221	2
5443	46
3270	1
5415	50
2260	0
2949	1
5643	0
1695	1
7894	19
1805	0
5996	19
2909	0
1426	0
2311	0
3198	0
3534	67
5092	8
2892	8
3195	139
2023	1
4416	13
4380	44
2700	4
3306	5
2075	9
4946	6
4585	0
7185	0
5123	26
7269	2
6143	7
2529	0
3291	2
8519	0
3847	0
3239	9
3282	60
1867	0
