979	0
4688	0
7032	0
1542	0
1503	0
2066	0
3796	0
1347	1
2288	0
1037	0
1252	0
3421	0
4840	0
6924	0
2461	0
1404	0
3391	1
1814	0
2976	0
1411	0
3608	1
2542	0
5890	0
2121	0
1976	0
1328	0
4554	0
2376	0
1015	0
1719	1
1738	0
9906	0
1560	0
7666	0
2410	1
4834	1
6903	0
6842	0
1760	0
1295	1
1498	0
2295	0
1552	0
5351	0
1553	0
2687	0
4417	1
1307	0
1494	0
1089	0
4369	0
1546	0
1495	0
1307	0
1554	0
3279	0
4645	0
3111	0
1874	0
2463	0
1770	0
1900	1
1752	0
1623	0
1782	0
1783	0
5788	0
1673	0
1384	0
1754	0
1463	0
2862	0
5710	0
4894	1
2017	0
1275	0
8927	0
7570	0
6388	0
1150	0
2634	0
4819	1
1441	1
2167	0
3389	0
1248	0
4317	0
971	1
865	0
1559	0
4182	0
2192	0
638	0
1717	0
1565	0
3532	0
1946	1
1782	0
3275	0
1436	0
910	0
8494	0
2062	0
1526	1
2655	1
2132	0
2257	1
1895	0
8776	0
1394	0
1243	1
2181	0
2148	0
6804	0
1119	0
3583	0
3701	0
2277	0
6834	1
3299	0
2904	0
3592	0
3673	1
1740	0
1261	0
4536	1
2030	0
1257	0
1195	1
1683	0
2882	1
6520	0
1983	0
1241	0
4300	0
1757	0
1222	0
1624	0
1424	0
1238	0
6691	0
1509	1
1055	0
1449	1
1343	0
3345	0
1939	1
1001	0
1698	0
1646	0
1477	0
2099	0
7452	0
5030	1
1034	0
7600	0
1010	0
1523	0
6932	0
7723	0
4737	1
1814	0
1503	0
1748	0
1718	0
3671	0
1326	0
1038	0
1835	0
1752	0
1102	0
1929	0
2006	0
7777	0
1363	0
4022	1
1022	0
2258	1
1379	0
4366	0
2670	0
1817	0
1563	0
1367	0
1500	0
6535	0
994	0
2360	0
1539	0
1435	0
4136	1
1658	0
1457	0
8783	0
2413	0
7287	0
1433	0
1144	0
1526	0
1225	0
1443	0
7234	0
1725	0
5519	0
870	0
1701	1
1305	0
7780	0
1269	0
1485	0
1194	0
1653	1
1557	0
1736	0
1693	0
5372	0
1161	1
3317	0
1962	1
2341	0
934	0
1526	1
1217	0
1726	0
5339	0
2038	1
8177	0
1514	0
1454	0
1493	0
2071	0
3825	0
1768	0
2208	0
2865	0
148	1
842	0
3835	0
1148	0
1730	0
1698	0
339	0
2459	0
1198	0
3002	0
1495	0
1328	0
1244	0
3811	0
1517	0
1240	1
2053	0
2666	0
1999	1
3166	0
1219	0
1222	0
888	0
1073	0
946	0
1447	0
1210	0
2392	0
1389	0
1213	0
596	0
1573	0
7010	1
6970	0
1685	1
1443	0
1312	0
4111	0
1261	0
1292	0
1759	0
1044	0
1660	0
4467	0
3125	0
2366	0
2017	1
2611	0
6971	0
1887	0
1435	0
2427	0
6480	0
3434	0
1382	0
2651	0
1580	0
1523	0
1595	0
1580	0
2597	0
1302	1
2171	0
1091	0
7338	0
3968	0
3385	0
1272	0
1290	1
3474	0
4517	0
7789	0
1853	0
112	0
7557	0
1330	0
2640	0
2233	1
1592	0
1848	0
3673	0
2752	0
1156	0
2761	0
1732	0
8558	0
1059	0
1528	1
5104	0
290	1
2746	1
3236	0
2295	1
2176	0
1454	1
2177	1
1672	0
1932	0
4785	0
1357	0
2435	0
4744	0
2609	0
1051	0
2618	1
2393	0
698	0
2253	0
3177	0
1435	0
1612	1
2314	0
1229	0
1213	1
1479	0
2277	1
2031	0
3478	0
1283	1
7534	0
1324	0
1353	0
670	0
1633	0
1423	0
1024	0
1609	0
2445	0
1603	0
2433	0
2389	0
4244	1
1711	0
2046	1
1967	0
2931	0
1460	0
2925	0
1730	0
1168	0
1105	1
953	0
5339	1
987	0
987	0
1674	0
1323	0
7557	0
1539	1
3714	0
1519	1
1427	0
3563	0
2247	0
7022	0
1531	0
3399	0
1411	0
1531	0
3657	0
638	0
1918	0
5045	0
5962	0
3659	0
3119	0
8252	0
2365	0
1809	1
8188	0
1153	0
1780	0
2121	0
1353	0
2025	1
1587	0
1357	1
6287	0
1599	0
2183	0
1750	0
3880	0
2520	0
5408	0
1913	1
1587	0
1753	0
1717	0
1924	0
3945	0
7971	0
1848	0
2616	1
1907	0
1652	0
1401	0
567	0
1740	0
1728	1
2605	1
3088	0
1526	1
3005	0
7022	0
1162	0
2646	0
1214	0
2124	0
1467	0
1389	0
5778	0
1333	0
1827	0
4555	0
7497	0
1177	0
1682	0
4406	0
1306	1
5406	0
1337	1
1296	0
1034	1
1196	0
1559	0
4788	0
1547	0
1158	0
3622	0
1123	0
1732	0
2054	0
2386	0
1683	0
1941	0
1275	1
1974	0
2143	0
3814	0
2391	0
2406	0
1204	0
1552	0
3639	0
5739	0
2646	0
4445	0
2521	0
1796	0
992	1
1419	0
2275	0
1410	0
884	0
7345	0
2549	0
2677	1
988	0
1114	0
1818	0
3628	0
1937	0
1372	1
7531	0
1292	0
5706	0
8660	0
1395	1
487	0
6940	1
5528	0
1102	0
1055	0
851	0
1486	0
1675	0
4487	1
1301	0
1550	0
1663	0
6317	1
2944	1
1628	0
1373	0
464	0
2304	0
2280	0
2340	0
1053	0
301	0
3747	0
6401	0
1322	0
6652	0
3086	0
8305	1
1868	1
1984	0
7221	0
1999	0
1660	0
2266	0
877	0
1322	0
1319	0
5369	1
1439	0
1316	0
1063	1
1022	0
1432	0
1684	0
3341	0
1165	0
2229	0
1951	0
3548	0
2174	1
1111	0
1461	1
1525	0
8571	0
1993	0
1443	0
1021	1
1205	0
3351	0
1595	0
2311	1
2941	0
6666	0
1158	0
4158	0
1249	0
1515	0
205	0
2565	0
6954	0
1457	0
2792	0
5260	0
8032	0
7306	0
2888	0
3476	0
4937	0
1227	1
1281	0
1209	0
7249	0
911	0
1080	0
7991	0
1278	0
4786	0
2145	0
1043	0
1215	0
1438	0
3282	0
1627	0
1748	0
2656	0
1503	1
1180	0
1044	0
1506	0
1861	1
1370	0
4547	0
6575	0
1748	0
314	1
1551	0
6369	0
1475	0
1774	0
5362	0
999	0
904	0
1448	0
1603	0
1336	1
6939	0
1146	1
1760	0
5378	0
1866	0
1157	0
1465	0
1374	0
1412	0
1531	0
1677	0
5707	0
5382	1
1994	0
5193	0
1670	0
1727	0
2043	1
1127	0
7137	1
2557	0
7231	0
1971	0
1780	0
1148	0
1454	0
3491	0
995	0
1710	0
1148	0
9772	0
7393	0
2605	0
1255	1
1596	0
1075	0
1964	1
1754	0
1705	1
1718	0
1550	0
5888	0
8192	0
2308	0
3879	0
1594	0
1263	0
1131	0
1497	0
1413	0
2238	0
3307	0
3719	1
1624	0
3329	0
1946	0
1337	0
1311	0
3726	0
1513	0
2724	0
963	0
7855	1
1463	1
1935	1
1629	0
1717	0
1591	0
1224	0
4264	0
1795	1
2789	0
2352	0
1543	0
1222	0
1354	0
2857	0
2046	1
1151	1
1536	0
2417	0
2415	0
1641	1
2694	0
1661	0
2082	1
753	0
1093	1
2459	0
7379	0
1565	0
2786	0
1132	1
1515	1
2009	0
8042	0
623	0
1720	0
1639	0
2018	0
706	1
8367	0
1442	0
4887	1
5172	1
2119	1
4396	0
2149	0
1007	0
1726	1
4307	0
2476	1
5132	0
6932	0
2344	1
1312	0
2717	0
3329	0
1519	1
1400	1
5369	1
8798	0
7218	0
2774	0
1405	0
6617	0
1144	0
2587	0
4446	0
1333	0
1873	0
1980	1
2551	0
1560	0
1439	0
1769	0
8441	0
1528	0
1412	0
1746	0
942	1
1323	0
1852	0
1721	0
1409	0
2883	0
1530	0
3217	0
6766	0
1294	0
1851	0
1212	0
3869	0
1451	0
792	0
1377	1
5366	1
1822	0
2548	0
1160	1
3219	0
3501	0
1679	1
1934	0
1733	0
6744	0
5695	0
2210	1
1323	0
3713	0
1152	0
1027	0
4677	0
1434	0
1169	0
2956	0
2140	0
6713	1
1287	0
1699	1
1105	0
1462	0
3838	1
1047	0
5941	1
1275	1
1205	0
1334	0
1495	1
4301	0
1383	0
1178	0
1166	0
7444	1
2190	0
2419	1
3884	0
1426	0
1142	0
2465	0
2673	0
1566	0
1321	0
2626	0
5021	0
7906	0
5920	0
1237	0
4521	0
2141	1
1086	0
1396	0
2850	1
1958	0
965	0
1381	0
7496	0
5810	0
1497	0
1307	0
6183	0
2059	1
2356	0
6611	0
2692	0
1174	0
1624	1
1405	0
1278	1
1942	0
1460	0
1884	0
1577	0
1212	0
1201	0
1243	0
1495	0
1625	0
1488	1
1182	1
8945	0
5162	0
3536	1
4161	0
4564	0
1205	0
1653	1
1769	0
2558	0
1874	0
3164	0
2253	0
3791	0
4739	0
1931	0
3703	0
4137	0
1910	0
4790	0
1640	0
1450	1
6213	0
3172	1
1776	0
1722	0
6440	0
1344	0
7294	0
3238	0
1916	0
1265	0
9268	0
641	0
2814	0
3694	0
1330	0
1102	0
4748	0
4044	0
2305	0
1974	0
4538	0
1562	0
1777	0
636	0
1548	0
1995	0
7837	0
1539	0
2022	1
6428	1
928	0
7189	0
1592	0
2269	0
1770	0
8999	0
4221	0
1442	0
8070	0
2732	0
2420	0
1831	0
872	0
1444	0
7190	1
1592	1
1823	0
2162	0
3066	0
8262	0
7859	0
2021	0
3621	0
1233	0
7431	0
1799	0
1090	0
1649	0
1866	0
3267	1
2247	0
1636	0
1944	1
1945	0
7398	0
2133	0
1779	0
1651	0
7044	0
3111	0
1359	0
3196	0
658	0
1425	0
3519	0
1870	0
2014	0
1660	0
8880	1
1723	0
1951	0
2131	0
1405	0
1289	0
5453	0
2125	0
1163	1
1420	0
1118	0
1358	0
3355	0
1523	0
2303	0
4100	0
1106	0
2428	0
1533	0
1696	0
5009	0
934	0
2995	0
5245	1
3559	0
2319	0
1535	0
2904	1
1862	0
2316	0
2352	0
1613	0
2709	0
1506	1
2544	0
1517	0
5015	0
1469	0
8073	0
1390	0
1586	0
1477	0
6481	0
1884	0
2891	1
5696	1
1481	0
5856	1
2624	0
951	0
4426	1
1113	0
1645	0
8736	0
1182	0
7961	0
1529	1
812	0
1375	1
1471	0
3616	1
2665	0
1152	0
3135	0
1456	1
8003	0
1551	0
6233	0
1462	0
5814	0
1582	1
6118	1
2107	0
1705	0
3000	0
1806	0
2698	0
1990	0
1482	0
2916	1
1172	0
3116	0
2888	0
1667	0
1338	0
2013	1
2406	1
3137	0
1337	1
1476	0
1661	0
3067	0
3786	0
4579	0
1665	0
1407	0
2029	1
1777	0
2475	0
1483	0
2057	1
1286	0
3320	0
875	1
2793	0
1657	0
1331	1
1295	0
7511	0
1950	0
3620	0
1013	0
1737	0
5135	0
1410	0
7382	1
1375	1
4870	0
1981	0
883	0
3975	0
1753	0
1250	0
4839	0
5172	1
1335	0
1448	0
1178	0
4689	0
1145	0
4495	0
9115	0
1473	1
4691	0
1676	0
1128	0
4001	1
1455	1
4364	0
1272	0
1576	0
4104	0
1333	0
1561	0
1259	0
2088	0
3057	1
1508	0
1758	0
3967	0
1674	0
1098	1
1185	0
1163	0
6394	0
1875	0
1919	0
1528	1
1184	0
5784	0
1143	1
1813	0
2697	0
1454	0
5370	0
1566	0
7683	1
1381	0
1381	0
801	0
1024	0
2145	0
1604	0
3365	1
2137	0
949	1
1238	0
1145	0
982	0
1409	0
1504	0
5724	0
2388	0
1625	0
1836	0
1135	1
1789	0
589	0
1408	1
2595	1
6933	0
5590	0
1161	0
2592	0
1687	0
6385	0
1841	1
1667	0
5659	0
1696	0
2140	1
1663	0
7786	1
1483	0
1591	0
3082	0
1104	0
3260	0
1051	0
2441	1
1415	0
1208	0
1838	0
5293	0
1128	0
3980	0
1547	0
1608	0
1443	0
1460	0
8104	0
1847	0
1598	1
3292	0
1548	0
2028	0
3234	0
1247	0
2959	0
1463	0
1564	0
3121	0
2129	0
1428	0
1762	0
1414	0
1774	0
2541	0
1623	0
1167	0
1231	0
1909	0
2035	0
2291	0
2882	0
2572	0
2011	0
8572	0
2031	0
1213	0
2143	0
2628	0
9963	0
2081	0
1503	0
1387	0
881	1
4622	0
2690	0
1426	0
6372	1
1420	1
1274	1
1822	0
1735	1
1648	0
1506	0
3978	0
1165	0
1144	0
1682	0
1309	0
2256	0
1074	0
2454	0
3485	0
7462	0
2424	0
4101	1
3594	0
1878	0
1204	0
1101	0
9367	0
7875	0
3035	0
2505	0
1321	0
7563	0
6746	0
4894	1
1831	1
2894	0
1733	0
2511	1
1190	0
896	1
1063	0
1303	0
5665	0
1115	1
5970	0
1556	0
1321	0
3418	1
1033	1
1265	0
2805	0
1383	0
6148	0
4483	0
1439	0
2380	0
4472	0
1440	0
1179	0
1645	0
2751	0
5331	0
1731	0
1731	1
1847	0
4083	1
1844	1
2537	1
1601	0
1751	0
8543	0
6797	1
2051	0
4677	0
2791	0
4745	1
2108	0
3448	0
1600	1
2668	0
1490	1
1594	0
5603	0
4402	0
1069	0
2166	0
1474	0
2549	0
4349	0
1522	0
2145	0
1633	0
6404	0
1907	0
5020	0
3950	0
2590	0
7697	0
2551	0
1073	0
941	1
1826	0
2380	0
9999	0
1416	0
970	0
1948	0
880	0
1359	0
1917	0
1750	0
1794	0
1556	0
1883	0
868	0
1246	1
8085	0
2448	0
2699	0
958	0
1347	1
1598	1
7843	0
1940	0
8673	0
1482	0
1609	1
1642	0
1711	0
897	0
1808	0
959	0
2518	0
3583	0
4619	0
2244	0
1677	0
1497	0
2121	0
2901	0
2374	0
1231	0
2070	0
1201	0
1291	0
1521	0
1465	0
982	0
1216	0
1177	0
1506	0
852	0
7754	0
1116	0
2052	1
4228	0
1651	0
1508	0
1607	0
3075	0
3067	0
8499	0
1197	0
5530	1
1493	0
1541	0
4714	0
2065	0
5805	0
1228	0
1053	0
3711	1
852	0
1822	0
3318	0
1887	0
1087	0
2042	0
1839	1
2042	0
1211	0
1384	0
1251	0
5173	0
12	0
1689	0
1975	0
1355	0
5355	0
1834	0
1071	1
1973	0
4439	0
2626	1
1050	0
885	0
3785	0
3195	0
1397	0
1367	1
2079	0
4870	0
1380	1
1485	0
1997	0
1424	0
8037	0
1110	1
1359	0
3150	1
1356	0
1021	0
1392	0
3843	0
1905	0
7487	0
1628	0
2448	0
1089	0
7398	0
2874	0
2846	0
1613	0
8411	0
1786	0
2761	0
1700	0
2419	0
2097	1
2095	0
2974	0
2088	0
359	1
4945	0
2807	0
1978	0
1577	1
982	0
2175	0
1087	0
2746	0
1417	0
729	0
1171	1
1251	0
996	0
2291	0
1834	1
1011	0
1484	0
914	1
4390	0
1690	0
7095	0
1290	0
995	0
996	0
915	0
1722	1
1060	0
1633	0
2828	1
1979	0
1968	0
2517	0
1602	0
1390	0
4419	0
879	1
1064	0
1408	1
1241	0
7528	0
1267	0
4252	0
1396	0
2389	1
1392	0
1645	0
1407	0
1902	0
1658	0
2641	0
3500	0
1215	0
3895	1
971	0
1384	0
1660	0
6180	0
1324	1
3947	1
1167	0
790	1
3231	0
657	0
2201	0
8013	0
1107	1
3286	0
8632	0
1630	0
3047	0
1831	0
1954	0
1212	0
2230	0
2212	0
1742	0
5211	1
1488	0
1838	0
1438	0
1352	0
1235	0
6871	0
3693	0
3075	0
1891	1
3918	0
1736	1
1224	0
1251	0
1570	1
1831	0
793	0
1441	0
1006	0
3251	0
2119	0
1048	0
3534	1
4005	0
1349	0
1829	0
989	1
1368	0
4199	0
913	0
2124	0
2719	1
2206	0
2268	0
3177	0
1375	1
1686	0
4662	0
2015	0
1613	0
1649	0
2404	0
1361	0
1487	0
1536	0
1501	1
2519	0
1684	0
1436	0
3447	0
708	0
3552	0
5246	0
1858	0
3060	0
1650	0
2845	0
2072	0
7665	0
1351	0
7633	1
3889	0
6772	0
2816	0
1883	0
4649	0
1436	0
898	0
1596	0
1956	0
1460	0
3255	0
2236	0
2246	0
1030	0
7714	0
7245	0
1437	0
464	0
1700	0
1688	0
6952	0
1245	0
8449	0
2252	0
2014	0
4683	0
5778	0
3205	0
1756	0
1087	0
1255	0
1249	0
1551	0
1673	0
7645	1
2969	1
4966	0
3531	1
4649	0
6341	0
3795	0
2727	1
7126	0
915	0
1450	0
2072	0
5251	1
3986	0
8363	0
2828	0
1998	1
2386	0
1428	0
1892	0
559	0
1699	0
2685	0
1508	1
5818	0
1099	0
3349	1
8073	0
2906	1
2897	0
1237	0
2240	0
1688	0
2978	0
3711	0
1338	0
1889	0
2122	0
0	0
1453	0
1767	0
7806	0
4474	0
219	1
1644	0
7418	1
4477	0
7402	0
2125	0
1383	0
384	0
1985	0
1521	0
961	0
2478	0
1603	0
2769	0
7789	0
5220	0
1560	0
916	0
1774	0
3815	0
7855	1
1104	0
870	0
1646	0
7771	0
1520	0
2355	0
2119	0
1467	1
1102	0
2719	1
2000	0
1628	0
1086	0
3527	0
1276	0
2210	1
1662	1
1322	0
5791	0
2323	1
1536	0
3406	1
7974	0
2373	1
1870	0
1510	0
6915	0
2364	0
1656	0
5255	0
7934	1
3996	0
1711	0
2794	0
4089	0
6744	0
1199	0
1689	0
8653	1
1795	1
980	0
1043	0
1734	0
2354	0
1247	0
1342	0
1027	0
4254	0
1051	0
1408	0
3474	1
1635	0
2071	0
1304	0
2731	0
3057	0
7124	0
2403	0
5366	0
3588	0
2314	0
1505	0
1611	0
1453	0
1992	0
1430	0
1269	0
9922	0
1833	0
4400	0
4638	1
1363	0
1525	0
469	0
1477	0
2849	0
1358	0
1252	0
4242	0
1762	0
4884	0
1689	0
1635	0
4410	0
1082	1
1059	0
2590	1
1429	0
2440	1
2866	0
3242	0
2802	0
3433	0
5722	0
61	1
2008	0
6282	0
3807	0
7132	0
2180	0
1116	1
1718	0
4616	1
3081	0
970	0
1289	0
2565	0
1136	1
2407	0
8616	0
1399	0
3321	0
1301	0
1517	0
5891	1
1317	1
2528	0
1339	0
7020	0
8280	1
1217	0
1671	1
1801	1
1452	0
1398	1
1302	0
4667	0
5146	0
1897	0
1465	0
2825	0
1241	0
8217	0
2433	0
1092	0
1181	1
1279	0
2756	1
1741	0
8632	0
3685	0
928	0
1780	0
1734	0
7587	0
1886	0
2416	1
1076	0
3756	0
1608	0
4738	0
1356	1
1371	0
1433	0
1056	0
1225	0
1562	0
1658	0
1857	0
3553	0
1345	0
1051	0
3460	0
2037	0
2203	0
3128	0
1675	0
