1	5409
1	5540
1	5094
1	3604
1	4614
1	3432
1	5587
1	5119
1	5783
1	5348
1	4200
1	5007
1	6244
1	3700
1	3186
1	5339
1	4947
1	2716
1	4457
1	4480
0	4746
1	1249
0	2149
1	6686
1	1356
1	3491
1	4178
1	2461
1	4513
1	5587
1	5677
1	3713
1	5296
0	2880
1	4209
1	5755
0	2257
1	2747
1	4545
1	4449
1	3913
1	5507
1	5049
1	5300
1	3068
1	5028
1	4389
1	3083
1	3813
1	6911
1	4412
1	5667
1	5423
1	5075
1	6386
1	5820
1	5449
1	5827
1	5097
1	5689
1	4688
1	5442
1	5151
0	1941
1	5659
1	4655
1	4652
1	4490
1	3225
1	6793
1	5398
1	6943
1	5900
0	2799
1	1661
1	2977
1	3282
1	4835
1	2647
0	5520
1	7332
1	2705
1	3101
1	5628
1	6446
0	6414
1	5628
1	4486
1	3881
1	5662
1	4703
1	3794
1	3939
1	5205
1	5515
1	5013
1	7074
1	4456
1	5338
1	5245
1	5968
1	5848
1	4328
1	3739
1	7106
1	4678
1	4976
1	5033
1	2995
0	3713
1	4694
1	3977
1	5407
1	3053
1	3947
1	4220
0	2239
1	6319
1	4810
1	4005
1	3794
1	6412
1	5208
1	2369
1	3454
1	5471
1	5747
0	5029
1	4888
1	7100
0	3107
1	3723
1	3943
1	4936
1	4092
1	4428
1	5024
0	2430
1	4412
1	4415
0	3444
1	4559
1	1822
1	6881
1	6213
1	4804
1	4918
1	3781
1	4445
1	5213
1	4468
1	3938
1	2928
1	5341
1	5651
1	3457
1	5247
1	6369
0	3301
1	4512
0	6721
1	3498
1	5352
1	5678
1	5856
0	4817
1	5577
0	3124
0	4079
1	4718
1	4540
0	3221
1	5062
1	6032
1	5654
1	1691
1	4679
1	5793
1	5640
1	3781
1	6359
1	5954
1	3622
0	3187
1	6725
0	1209
1	5759
0	5034
1	6511
1	3410
1	5308
1	7435
1	4617
1	4059
1	3666
1	4996
1	3323
1	4471
0	3394
1	2440
0	4575
1	3291
1	6019
1	4285
1	4305
0	4777
1	3241
1	6161
1	4597
1	3555
1	5367
1	4479
1	2696
1	6549
1	5936
1	4653
1	4579
1	5692
1	6358
1	2947
1	6555
1	4091
1	5585
1	3515
1	2331
1	5574
1	5707
1	5834
0	8187
1	5927
1	5040
1	5387
1	2066
1	6183
1	4007
1	7293
1	3508
1	3596
1	6176
1	5353
1	6258
1	5539
1	4498
1	4128
1	5677
1	4330
1	4495
1	4240
1	5504
1	7161
1	5734
1	4933
1	5515
1	3061
1	5848
1	5965
1	4013
1	2534
1	6340
0	2616
0	5427
1	3822
1	5525
1	4998
1	3879
1	4531
1	6221
0	4204
1	4664
1	4750
0	666
1	3903
1	3826
1	2981
1	5445
1	4419
1	4915
1	4896
1	4092
0	7444
1	3747
1	4993
0	5818
1	4013
1	4550
1	3441
1	4944
1	4277
1	4870
1	2761
1	4763
0	4721
1	3794
1	4478
1	4823
1	5927
1	4731
1	1827
1	2932
1	5483
1	4297
1	5345
0	4270
1	5325
0	1490
0	4212
1	5383
1	4181
1	3608
1	5715
1	5718
1	6157
1	2502
1	4507
1	6209
1	5122
1	3805
1	5167
1	4392
1	6486
1	4951
0	5436
1	4161
1	3778
0	3609
1	3796
1	4398
0	2843
0	7417
1	4585
1	6130
1	3235
1	4452
1	3643
0	4014
0	3093
1	5623
1	5131
1	5239
1	6142
1	4544
1	5087
1	4844
1	8220
1	6557
1	4078
1	4200
1	3893
0	2666
1	4275
1	4531
1	3941
1	4082
1	4004
1	5863
1	5197
1	6285
1	4311
1	5350
1	6014
0	3300
1	6653
1	6552
1	6664
0	1685
1	5811
1	4468
0	3717
1	3033
1	4576
1	3927
1	4390
1	5683
1	3893
1	4168
1	4196
1	5504
1	1868
1	4301
1	4217
1	3186
1	5429
1	2698
1	6192
1	6737
0	3250
1	6231
1	4626
0	3009
1	5544
1	5946
1	5430
1	5178
1	4146
1	4846
1	4934
1	4399
1	4131
1	5220
0	4504
1	2273
1	4242
1	4674
1	4753
1	5310
1	5101
0	2696
1	4222
1	2899
1	4438
1	3622
1	5245
1	5288
1	5836
1	4827
0	1580
1	6178
1	4094
1	6238
1	3828
1	5343
1	4244
1	3884
1	6822
1	5045
1	3699
0	3524
1	5811
1	4530
0	4245
1	4776
1	4323
1	5136
1	5487
0	6514
1	5850
1	5881
1	3722
1	3805
1	4732
1	4176
1	5025
1	5348
1	4298
1	3958
1	4961
0	4277
1	5590
1	5459
1	4503
1	4946
1	6403
1	6223
1	4327
1	5196
0	3164
1	4395
1	6265
1	4697
1	2488
1	3072
1	6717
1	5385
1	5672
1	4207
0	4884
1	4935
0	4740
1	3317
1	3673
0	6809
0	3108
1	2540
1	6049
1	4020
1	3383
1	4001
1	3852
1	5792
1	5336
1	637
1	5538
1	4024
1	6222
1	5667
1	4309
1	5111
0	3413
1	6452
1	4710
1	4668
1	4417
1	5991
1	4767
1	5631
0	847
0	4944
1	1895
1	6630
1	4751
1	4420
1	5290
1	4640
1	4542
1	4051
1	4668
1	4885
1	3980
0	2087
1	8388
1	6025
1	7024
1	3664
1	4479
1	5191
1	5411
1	5234
1	4155
1	3141
1	5403
1	5157
1	4801
1	3675
1	5557
1	4493
1	5645
1	5612
1	5025
1	3901
1	6190
1	3346
1	5280
1	5368
1	6403
1	1216
1	4326
1	4390
1	4901
1	3347
1	4108
1	5530
1	2502
1	4022
1	4020
1	6282
1	5514
1	4561
1	5819
1	4557
1	5321
1	4430
1	4765
1	4340
1	5592
1	4317
1	7230
1	3974
1	3203
1	4385
1	5561
1	3784
1	5592
1	6073
1	6633
1	4628
1	4083
1	4561
1	3926
1	7739
1	4605
1	3331
1	5275
1	5598
1	6275
1	5987
1	5236
1	6227
1	4020
1	4209
1	4043
0	4423
1	2728
1	5815
1	4868
1	2591
1	3481
1	6060
1	4390
1	4808
1	4034
1	4188
1	5303
1	6371
1	3622
1	4139
1	5639
1	4449
1	4982
1	2920
1	4861
1	4453
1	4695
1	4376
1	2225
1	6219
1	6428
1	6452
1	3611
1	6508
1	4779
1	4575
1	3874
1	4950
1	3608
1	5420
1	4457
1	4737
0	4234
1	5258
1	6622
0	2816
0	4833
1	6903
1	4480
1	4573
1	5748
1	6032
1	3962
1	3071
1	5479
1	6906
1	4449
1	4771
1	5634
1	4401
1	4264
1	5987
1	5311
1	5384
1	4525
1	3873
1	5059
1	3247
1	5765
1	5514
1	2357
1	6593
1	3296
0	3096
1	6565
1	4411
1	4521
1	1910
1	6681
0	2839
1	2515
1	2203
1	4827
1	3802
1	3002
0	2524
1	5727
1	5086
1	3654
1	4388
1	6712
1	3987
1	6082
0	5579
0	4555
1	4448
1	4573
1	4886
1	4442
1	4205
1	5318
1	3245
1	4188
1	4501
1	6043
1	4676
1	3723
1	4163
1	4533
1	3833
1	3563
1	4023
1	2838
1	4866
1	4429
0	6012
1	5609
0	2713
1	3478
1	4983
1	4513
1	4208
1	4601
0	3369
1	4273
0	2788
0	3827
1	5837
1	2021
1	4688
1	3688
1	5941
1	6701
1	2416
1	4489
0	4341
1	5717
1	4413
1	5528
1	4977
1	4088
1	3956
1	3367
1	4823
1	4136
1	4771
1	2656
1	3752
1	4016
1	4299
1	4806
1	4584
1	4359
1	5705
1	4750
1	2468
1	5033
1	4165
1	5839
1	5478
1	3508
1	3890
1	5301
1	4594
1	3727
1	4057
1	4370
1	4786
1	6496
0	4814
1	4103
1	3927
1	4737
1	2535
1	5139
1	4617
1	6288
1	6194
0	7306
1	3421
1	3576
1	5005
1	4926
1	6096
1	2486
1	5944
1	2453
1	5928
1	3103
1	3917
1	4077
0	3898
1	4841
1	4148
1	2534
1	4400
1	5109
1	6372
1	3607
0	4082
1	6280
1	7780
0	3324
1	6629
0	6401
1	6587
1	5549
1	5586
0	4061
1	5072
1	5370
1	4430
1	5234
1	4405
1	4222
1	6770
1	4950
1	4940
1	4803
1	5211
0	4866
1	3178
1	4896
1	5471
1	4986
1	6598
1	5238
1	4971
1	4550
1	3559
1	4295
1	5073
1	1378
1	4824
1	5179
0	7067
1	2302
1	4291
1	2964
1	5869
1	4754
1	3496
1	6316
0	6284
1	6243
0	2461
1	4031
1	4156
1	4812
1	3807
1	4625
1	5505
1	5513
1	4273
1	5079
1	5512
1	3768
1	3139
1	7677
1	4763
0	2163
1	6020
1	4232
1	6323
1	3327
1	4364
1	5313
1	3542
1	4161
1	7230
1	5808
1	5105
1	3846
1	5950
1	4062
1	5263
1	4276
1	6563
1	3415
1	5139
1	3800
1	5294
1	5104
1	6375
1	4737
1	5157
1	5422
1	6036
1	3387
1	4342
0	3364
1	4658
1	3537
1	2060
1	3906
1	7055
1	3991
1	3830
1	6686
1	6308
1	5964
1	5716
1	5223
1	5693
1	5171
1	5479
1	4709
1	1822
1	5967
1	3967
0	4122
0	3146
1	6127
1	3420
1	5159
1	7902
1	4131
1	4047
1	4081
1	3400
1	5576
1	5599
0	7801
1	5421
0	621
1	3828
1	4882
1	2574
1	4748
1	3949
1	4159
1	4387
1	8513
1	2016
1	3711
1	4230
1	4541
1	5546
1	5574
1	3480
1	4258
1	4607
1	5043
1	583
1	4715
1	4223
0	4633
1	4520
1	4299
1	4715
1	4774
1	6639
1	4105
1	6289
1	5827
1	5113
1	3820
1	6631
1	6085
0	4523
1	5220
1	2803
1	5975
1	4174
1	5413
1	5888
1	4001
1	4042
1	4394
1	4670
1	5909
1	4067
1	3053
1	3993
1	5724
1	6408
1	3685
1	6721
1	5454
1	3835
1	6275
1	3371
0	2780
1	5173
1	3917
1	3970
1	4258
1	1660
1	4162
0	5464
1	6613
0	794
1	4971
1	4765
1	4006
1	4816
1	5727
0	4001
1	3659
1	5312
1	3657
1	3271
1	3882
1	5034
0	5233
1	4590
1	3678
1	4513
1	4941
1	5234
1	4997
1	3914
1	5284
1	2653
1	4273
1	4611
1	3521
1	5575
1	3269
1	4095
1	4827
1	6705
1	5587
1	5407
1	2951
1	4277
1	4225
1	5702
1	6214
1	4980
1	5536
1	4563
1	6246
1	6128
1	4676
1	4750
1	5442
1	6548
1	4710
1	4847
1	7442
1	5934
1	4442
1	5249
1	4995
1	7224
1	4317
1	4331
1	5357
1	5576
1	4973
1	4668
1	6631
1	3198
1	6250
1	7186
1	5396
1	5766
1	4653
0	4211
1	6047
1	4593
1	2631
1	7108
1	5109
1	5194
1	5092
0	3342
1	5090
1	6251
0	3522
0	3069
0	3108
1	4859
1	4446
1	3506
1	5031
1	6301
1	5808
1	3172
1	4787
1	4229
1	3764
1	2299
1	6230
1	4581
1	5529
1	6023
1	3356
1	4754
1	3079
1	5383
1	5943
1	5533
1	3560
1	3532
1	4297
1	4239
1	5840
1	6175
1	6757
1	3780
1	3433
0	3535
1	2816
1	7299
1	2689
1	2791
0	5846
1	5713
1	3953
1	4654
1	4057
1	4203
1	4139
1	4700
1	6491
1	5415
1	5772
0	6048
1	3420
1	4659
1	4660
1	4482
0	3863
1	5365
1	4837
1	6008
1	5076
1	5239
1	4336
1	6011
1	4453
1	5055
0	2662
1	4845
1	5927
1	4379
1	3506
1	4509
0	3170
0	4579
1	4233
1	5212
1	6967
1	6014
1	4594
1	6850
1	2657
1	6299
1	5016
1	5203
0	3183
1	5652
1	4680
1	5183
1	5873
1	5418
1	5535
1	5369
1	6334
1	6012
1	4292
1	4669
1	5329
1	4649
1	6145
1	4459
1	5218
1	3366
1	5810
1	5294
1	4400
1	4984
0	2147
1	6900
1	5388
1	4109
1	6092
0	3600
1	5877
1	3510
1	5587
1	5313
0	1083
1	5808
1	3099
0	6181
1	5793
1	6966
1	4390
1	2440
1	5976
1	4702
1	5150
1	4712
1	5978
1	4798
1	4496
1	5614
0	4766
1	5624
0	3615
1	3617
1	5789
1	5354
1	4222
0	6193
1	5098
1	6901
1	5935
1	4801
1	6002
0	5174
1	2981
1	2620
1	4930
1	5307
1	6793
1	3985
1	5436
1	6137
0	3964
0	5476
0	6618
0	4520
0	2946
1	3385
1	3382
1	3416
0	9144
1	4268
1	2762
1	5734
1	4253
1	1357
1	7260
1	4475
1	3371
1	6222
1	3996
1	2892
1	5352
1	5271
1	6918
1	5256
1	4218
0	4967
1	4945
1	5877
1	4123
1	5137
1	3697
1	7018
1	6014
1	5479
1	5744
0	4903
1	4297
1	2979
1	6108
1	4451
1	6161
1	5556
1	2894
1	7225
1	5863
1	4830
1	6830
1	7866
1	5877
1	4259
1	4727
1	5593
1	3780
1	5363
1	7483
1	7229
1	3252
1	3990
1	4672
1	2604
1	3587
1	6288
1	4902
1	6273
1	3896
1	2432
1	5002
1	7070
1	4649
1	7149
1	4615
1	4230
0	4345
1	3799
1	5316
1	4905
1	3176
1	4227
0	3631
1	5050
1	4441
1	4700
1	3711
1	6172
1	2933
1	6538
1	4102
1	4175
1	5110
1	4842
1	5715
1	3901
1	2881
1	4684
1	5891
0	4192
1	4044
1	6265
1	4743
1	3087
1	6525
1	4974
1	2883
1	2518
1	3025
1	8471
1	4545
1	5060
1	5264
1	4779
1	7100
1	3661
1	4540
1	3033
1	6978
1	4166
1	1530
1	2788
1	5325
1	6155
1	3095
1	5306
1	4656
1	3005
1	4686
1	5743
1	5085
1	5047
1	5163
1	4427
1	3715
1	5577
1	4836
1	5092
1	4665
0	3809
1	3085
1	4633
1	4185
1	5068
1	8060
1	3770
1	6411
1	4575
1	5278
1	4990
1	5070
1	3857
1	5573
1	5630
1	5260
1	5006
1	5205
1	2705
1	4185
0	3280
1	6708
1	5094
1	6842
1	3939
1	3161
1	3944
1	6369
1	3674
1	2807
1	4283
1	4688
1	4130
1	6209
1	3835
1	5067
1	6029
1	4594
1	3021
0	2571
1	4101
1	4409
1	4977
1	2702
1	5421
1	4325
1	4600
1	3365
1	4586
1	4744
1	5579
1	4841
1	3830
1	6941
1	5067
1	6147
1	7841
1	3184
1	7724
1	4796
1	5208
1	4915
1	5217
1	4382
1	5886
1	4991
1	3461
1	5354
1	4859
1	2144
1	3416
0	4344
1	4899
1	5298
1	4893
1	5848
1	3652
1	8019
1	4075
0	4755
0	2029
1	4777
1	6741
1	6245
1	8077
1	4920
1	4935
1	3772
1	4357
1	4622
1	3774
1	4978
1	4327
1	4742
1	5789
1	5359
1	3352
1	5497
1	5862
1	4225
0	3674
1	4466
1	4584
1	4665
1	4598
1	5711
1	4184
1	3206
0	2267
1	5836
1	5065
1	2388
1	4076
1	4942
0	5057
1	2690
1	6450
0	6186
1	6425
1	3885
1	4061
1	5378
1	3484
1	4162
1	3188
0	5063
1	5960
1	3866
1	4358
1	4809
1	3276
1	2202
1	3267
1	4073
1	6825
0	1864
0	4735
1	4560
0	3090
1	6368
1	3436
1	4180
0	3261
1	6088
1	4839
0	2395
0	0
1	4642
1	4984
1	5607
1	5189
1	3392
1	4666
1	5233
1	5279
1	3760
0	5317
1	3725
1	4983
1	4300
1	1698
1	3079
1	6481
0	6400
1	5314
1	5213
1	3921
1	4305
1	4252
1	3425
1	6165
0	6025
1	3084
1	6115
1	6372
1	4212
1	4253
1	5990
1	5878
1	5888
1	5050
1	4145
1	3039
1	7065
0	3458
1	3318
1	5512
1	3626
1	5990
1	3665
1	4577
1	6884
1	4172
0	4975
1	3484
1	5576
1	3456
1	6489
1	4652
1	5573
1	4238
1	4446
1	3023
1	2805
1	5813
1	5890
1	4268
1	4600
0	6365
1	6144
1	6367
0	2664
1	5174
1	5804
1	4420
1	5456
1	5658
1	5853
1	5242
1	5557
1	4368
1	5789
1	6059
1	2591
1	6161
1	7181
1	3899
1	5745
1	4283
1	6085
1	2574
1	8144
1	5313
1	5536
0	7839
1	6451
1	6875
1	3892
1	2959
1	4617
1	4786
1	3917
1	4688
1	3668
0	5060
1	6132
1	4695
1	4822
1	6466
1	5280
1	1917
1	6944
0	2293
1	4841
1	5063
1	4160
1	5321
1	5612
1	3805
1	3031
1	3290
1	5218
1	4392
1	5337
1	4039
0	2480
1	4981
1	4733
1	3375
1	4378
1	5952
1	7700
1	3840
1	1808
1	5723
1	6260
1	6540
1	4041
0	3635
1	5411
1	2480
1	3412
1	4940
1	8767
1	5262
1	4855
1	4949
1	5376
1	4515
1	5582
1	4127
1	3634
1	3708
1	6479
1	6560
1	7973
1	5695
1	6474
1	5175
1	2648
1	4504
1	5026
1	5047
1	5098
1	3810
1	4678
1	2357
1	4030
1	5731
1	5770
1	7145
1	4627
1	2876
1	4681
1	5614
1	4750
1	4960
1	4279
0	4048
1	4641
1	4348
1	2506
1	4304
0	7309
1	3231
1	4478
1	3825
1	4126
1	3955
1	5310
1	2856
1	7043
1	3175
1	4468
1	4568
1	4237
1	4716
1	4159
0	4758
1	4659
1	5216
1	5730
0	3617
1	3467
1	5441
1	4334
1	3200
1	5843
1	2366
1	4972
1	6567
1	5264
1	4440
1	5544
1	6495
1	5296
1	5181
1	7043
1	4370
1	5741
1	5140
1	2338
1	4864
1	3972
1	2583
1	4903
1	4592
1	4246
1	4264
1	2631
1	5534
1	6852
1	4563
1	5106
0	3108
1	5616
1	5702
1	3985
1	2943
1	4398
1	5795
0	579
1	6110
0	4205
1	4213
1	3742
1	4976
1	4402
1	5039
1	5550
1	5247
0	2796
1	5503
1	3904
1	7269
1	5649
1	3584
1	5286
1	2272
1	7478
1	5525
1	6470
1	4470
1	6116
1	4560
1	5501
1	5755
1	4490
1	6758
0	2926
1	5544
1	6472
1	5819
1	5082
1	5117
1	3505
1	4721
1	4431
1	5820
0	2523
1	6466
1	4679
1	4678
1	7145
1	5391
1	4347
0	4471
1	5899
1	6256
1	5520
1	4120
1	4844
1	3080
1	4405
1	5441
1	6139
1	3865
1	6965
1	5818
1	6314
1	4883
1	4440
1	4089
1	5221
1	6913
1	5286
1	6948
1	4873
1	6259
1	3472
1	3620
1	2339
1	6591
1	4267
1	3706
1	6008
1	4329
1	6824
1	6102
0	2783
1	4500
1	4744
1	4546
1	6222
1	4283
1	6082
1	4826
1	4361
1	5362
1	6399
1	3942
1	5129
1	5136
1	4307
1	3426
1	5944
1	4581
0	4625
0	6499
1	4982
1	4008
1	3936
0	5109
1	3501
1	4770
1	3194
1	5580
1	5200
1	3409
1	3820
1	3678
1	4491
1	4767
1	5339
1	4503
1	5857
1	5303
1	6920
1	5792
1	3343
1	5413
1	4082
1	4308
1	5790
1	5359
1	5398
1	4103
1	6435
0	4558
1	5021
1	5364
1	3696
1	3787
1	4990
1	6243
0	3742
1	6886
1	6739
1	3571
1	5353
1	4162
0	3159
1	3725
1	4093
1	5122
1	4571
1	2915
1	5940
1	3446
1	5890
1	5801
1	3068
1	5039
0	4293
1	5103
1	3768
1	5024
0	5145
1	4751
1	4953
1	4152
1	3726
1	5571
1	5591
1	5325
1	4852
1	4665
1	5340
1	4876
1	4854
1	5229
1	4607
1	4298
1	3309
1	4665
0	2792
1	4216
1	4345
1	6147
1	6544
1	5508
1	5346
1	6449
0	4238
1	5446
1	5105
1	7706
1	4514
1	5153
1	3589
1	5560
1	4294
1	6401
1	5086
1	5381
1	4603
1	4205
0	2135
1	6345
1	6027
0	4237
1	5310
1	5952
0	6697
1	5753
1	5834
1	5875
1	3895
1	4026
1	3412
1	2785
1	5728
1	4361
1	4486
1	5670
1	3563
1	4070
1	6046
1	2435
1	7092
1	4157
1	4369
1	5713
1	5791
1	5248
1	5128
1	5155
0	2759
0	5731
1	4834
1	5141
1	3962
1	4982
1	6196
1	6235
1	5781
0	3249
1	3347
1	3877
1	5264
1	3764
1	5077
1	5207
1	6517
1	4830
1	4430
1	4797
1	4994
1	5966
1	5521
1	3799
1	3738
1	4229
1	6897
1	3058
1	3673
1	3943
1	4703
1	2351
1	7778
1	5296
1	5683
1	4843
1	2472
1	4735
1	5196
1	5840
1	4865
1	4876
0	5629
1	7315
1	3937
1	1678
1	5607
1	5290
1	4900
1	6951
1	5441
1	3948
1	3842
1	4903
1	5022
1	5438
1	5040
1	5143
1	4477
0	8986
0	2774
1	5551
1	2154
1	5932
1	6747
1	6055
1	5829
1	5131
1	5094
1	5245
1	6985
1	4075
1	5312
1	4155
1	5196
1	4742
1	6974
1	5899
1	2437
1	5262
1	3747
1	2016
1	3100
1	5512
1	5732
1	3970
1	4834
1	4459
1	6300
1	775
0	3373
1	4214
1	6109
1	3903
1	5328
1	5172
1	4157
1	5318
1	5852
1	3984
1	5110
1	4531
1	4945
0	2581
1	5576
1	5619
1	5010
1	5658
1	3375
1	6216
1	6904
1	5188
1	4851
1	4318
1	6176
1	6272
1	2758
0	1037
1	4639
1	6158
1	4057
1	3455
1	6511
1	5840
1	5959
1	4786
1	4247
1	5232
1	3715
1	4728
1	4971
1	7359
1	6510
1	5476
0	4208
1	6498
0	4606
1	2592
1	2500
1	4688
1	6361
1	5622
1	6208
1	5468
1	5742
1	5304
0	4372
1	7864
1	5095
1	6285
1	5299
1	5323
1	5473
1	4710
0	4874
1	4137
0	2065
1	3004
1	4616
1	4420
1	4641
1	5095
1	3073
1	6780
1	6116
1	6562
1	3926
1	5082
1	4788
1	4563
1	4389
1	4576
1	5401
1	5387
1	5305
1	4227
1	4809
1	4761
1	3718
1	4044
0	6615
1	4528
1	5699
1	4689
1	4039
1	4427
1	4785
1	5190
1	2387
1	4702
1	6720
1	3110
1	4801
0	2489
1	4798
0	1464
1	5038
1	4086
1	5416
1	3880
1	6173
1	1671
1	4610
1	4340
1	5300
1	4410
1	4665
1	6736
1	4120
1	5306
1	6460
1	4646
1	3785
1	7101
1	5306
1	6398
1	4169
1	4310
1	5050
1	4317
1	5555
1	4313
1	5545
0	3796
1	6244
1	5800
1	3991
0	1176
1	4367
1	2822
1	5372
1	7128
1	4698
1	6315
0	4055
1	4161
1	5963
1	5413
1	5145
1	4058
1	4530
1	7601
1	4690
1	5398
0	5793
1	3903
1	5271
0	6129
1	5265
1	5734
1	4092
1	3869
1	4425
1	4203
1	5915
1	5669
1	3865
1	3078
1	5896
1	4699
1	5951
1	4519
1	5459
1	4808
1	2861
1	5348
0	5953
0	3010
1	3499
1	5002
1	2949
0	3221
1	4971
0	1760
1	4295
1	4939
1	6692
1	4405
1	3846
1	3900
1	3040
1	4513
1	4444
1	3716
1	6288
1	5418
0	5553
0	3431
1	5568
1	5541
1	5247
1	5659
1	4901
1	4964
0	7576
1	2294
0	5061
0	1581
0	3937
1	3609
1	4349
1	8804
1	5931
1	4238
1	5713
1	5248
0	1234
1	5886
1	2246
1	6073
1	3888
1	4492
1	5134
1	6686
1	5240
1	4140
1	5359
1	4947
1	3966
1	2358
1	4620
0	4848
1	4364
1	5683
1	3137
1	4810
1	6197
1	3850
1	4968
1	5178
1	3882
1	5623
1	2066
0	3015
1	5274
1	4676
1	5275
1	1293
1	3720
1	7050
1	4162
1	4373
1	5339
1	2789
1	4616
1	3387
1	4892
1	3064
1	797
0	1297
1	4152
1	5646
1	6425
1	4222
1	2278
1	3426
1	5783
1	4045
1	5166
1	7797
1	1116
0	2004
1	3034
1	4522
1	3431
1	5534
1	3777
1	5448
0	5333
1	3855
1	5525
1	6077
1	5591
1	4692
1	5873
1	3799
1	6850
1	5163
1	4108
1	5363
1	5351
1	4367
1	5252
1	6382
1	6862
1	5208
1	3903
1	3171
1	4799
1	6546
1	6275
1	2916
1	6020
1	9144
1	4063
1	4707
1	5338
1	4097
1	3992
1	5006
0	2864
0	3396
1	5597
1	4679
0	2664
0	3603
1	6831
1	4560
1	3692
1	4672
1	5347
1	4803
1	5011
1	4064
1	4155
1	8928
0	7194
1	4967
1	3881
1	6494
1	4501
1	2720
1	6123
1	4000
1	6490
1	5224
1	3911
1	4555
1	5471
1	6105
0	2956
1	7703
0	4087
1	3965
0	3506
1	5274
1	3319
0	4835
1	4961
1	4193
1	6845
1	4198
1	4806
1	6026
1	4250
1	4429
1	4037
1	4595
1	5886
1	3383
1	2650
0	3511
1	5993
1	3737
1	3833
1	5344
1	5139
1	5854
1	4606
1	6228
1	5164
1	5043
0	4318
1	4027
1	3461
1	5941
1	4876
1	5285
1	4481
1	4492
1	4694
1	6367
1	4323
1	3973
1	4212
1	5359
1	5074
1	4303
1	3944
1	4792
1	3953
1	5393
1	1994
0	6176
1	5844
1	5353
1	5603
1	4010
1	5495
0	2557
1	4956
0	2084
0	3566
1	6489
1	4274
1	5694
1	5019
1	3576
1	5560
1	4322
1	3802
1	4718
0	2748
1	4738
1	6374
1	2185
1	4514
1	5294
1	2798
1	2752
1	5179
1	4789
0	3537
1	4124
1	2978
0	4405
1	2897
1	4295
1	5764
1	2637
1	7291
1	5716
1	5879
1	3912
0	4211
1	5427
1	3703
1	3414
0	4995
1	5546
1	6149
1	6561
1	4581
1	2708
1	4988
0	5326
1	6067
1	6107
0	3195
1	4414
1	4627
1	2628
1	5419
1	4430
1	3882
1	7334
1	2783
1	4136
1	4679
1	5138
1	5174
1	4266
0	6025
1	4948
1	5725
1	5177
1	5234
1	4918
1	5257
1	4678
1	4790
1	4778
1	4082
1	3817
1	6290
0	4517
1	5464
1	4120
1	4639
1	2203
1	3760
1	5436
1	6755
1	5907
1	4806
1	4277
0	1592
1	5717
1	2648
1	3151
1	7105
1	4850
1	5097
1	5245
0	1354
1	4499
1	3970
1	5294
1	3843
1	4549
1	4338
1	7109
1	4797
1	4173
1	4582
1	3986
1	5480
1	3410
1	5337
1	4541
1	2708
1	7003
1	4936
1	2745
0	3128
1	4282
1	5072
1	5868
1	3970
1	2386
1	4878
1	5037
1	5218
1	4902
1	4491
1	3980
1	6101
1	5251
1	5200
1	6249
1	4625
1	5986
1	4411
1	5662
1	5092
1	3402
0	5812
0	2681
0	2636
0	6115
1	4006
1	4170
1	6081
1	5285
1	6045
1	5493
1	4280
1	4659
0	5157
1	3936
1	4079
1	4446
1	6582
1	7094
1	5187
1	5374
1	4543
1	5076
1	3350
1	5035
1	5326
1	7564
1	4295
1	4487
1	3048
1	4228
1	4809
1	4471
1	4875
1	4960
1	5786
1	4226
1	6145
1	2569
1	6097
1	3582
1	6054
1	4441
1	4347
1	3917
1	4067
1	4797
1	5678
1	3672
1	5854
0	3899
1	7551
1	7761
1	3601
1	6245
1	4197
1	6269
1	4668
1	4391
1	5285
1	5235
0	6092
1	6627
1	5855
1	6968
1	3936
1	5199
0	4905
1	6470
1	6536
1	4235
1	5197
1	4490
1	4071
1	3954
1	4172
0	3564
1	4392
1	1733
1	4386
1	5011
0	3466
1	6112
1	5231
1	2360
1	4685
1	5776
1	3245
1	4820
1	4519
1	5523
1	4932
1	3229
1	5541
1	2448
1	1569
1	4090
1	4082
0	3910
1	4776
1	5123
1	7343
1	2686
0	2991
1	4955
1	4191
1	3948
1	5329
1	5592
1	5069
1	4658
1	5169
0	3937
1	5730
1	3379
1	4983
1	4797
1	4661
1	4560
1	7280
1	4913
1	3132
1	4271
1	3876
0	2460
1	5561
1	2504
1	5699
1	4648
1	5700
1	5592
1	4882
1	4634
1	2210
1	4413
1	4123
1	4507
1	5058
0	4772
0	4805
1	5634
1	5883
1	4504
1	4499
1	5273
1	7183
1	6598
1	5791
1	6401
1	4337
1	4319
1	5935
1	6246
1	5648
1	5984
1	5439
1	5727
1	4685
1	2779
1	4324
1	3901
1	2962
1	4613
1	4503
1	4727
1	4217
1	3722
1	4676
1	4794
1	6517
1	4291
1	3089
1	4368
0	4671
1	5275
1	6274
0	3670
0	5404
1	4071
1	5903
1	3311
1	3180
1	7071
1	3918
1	6402
0	2972
1	4450
1	3101
1	5396
1	5424
1	6051
1	5241
1	5171
1	3260
1	4357
1	1975
1	4338
1	6126
1	5541
1	5971
1	5283
1	3126
1	4456
1	4344
1	3944
1	5126
1	4330
0	4807
1	2055
1	4632
0	3983
1	5006
1	5997
1	5822
1	4288
1	5458
1	3906
1	5137
1	4779
0	2238
1	3520
1	5206
1	5338
1	5528
1	5477
1	4461
1	7878
1	4504
1	2509
1	6352
0	3702
1	4522
1	5178
1	5128
1	2784
1	4703
1	3507
1	6624
1	5780
1	3087
0	136
1	3752
1	5971
0	2476
1	5538
1	5742
1	6885
1	4476
1	4906
1	5903
1	3571
1	6886
1	3648
0	1666
1	3201
1	4433
1	4541
1	5457
1	4174
1	4248
1	4090
1	5164
1	5695
1	5989
1	4870
1	4344
1	4518
1	4069
1	7637
0	868
1	3655
1	4214
1	4602
1	3987
1	4626
1	7222
1	5599
0	829
1	4818
1	6088
1	5787
1	4508
1	6028
1	3898
1	4245
1	4934
1	3616
1	3968
1	5541
1	3846
1	6408
1	6417
1	3712
1	6688
1	4887
1	3314
1	4645
0	3457
1	5500
1	4388
1	5374
1	5270
1	3894
0	3471
1	5733
1	6175
1	4711
1	5649
1	5505
1	5388
1	5343
1	4405
1	4141
1	4788
1	7248
1	4530
1	5600
1	2895
1	4080
1	4938
1	2318
1	4003
1	4969
1	2471
1	3956
1	5564
1	5307
1	4957
1	2958
1	4969
1	7465
1	6385
1	6665
1	5039
1	5116
1	4186
1	4583
1	3297
1	6320
1	4096
1	5090
1	4469
1	3613
1	5262
1	4486
1	5053
1	4452
1	4937
1	5519
1	3144
1	6699
1	2709
1	4804
1	3909
1	3853
1	4944
1	5969
1	4672
1	4421
1	6032
1	2854
1	2791
0	2249
1	3822
1	5323
1	4116
1	4999
1	4210
1	4700
1	5109
1	5692
1	6124
1	4962
1	7731
1	6926
0	4453
0	3695
1	5922
1	5405
1	5278
0	4922
0	4752
1	5115
1	4707
1	6900
1	4999
1	5890
1	3515
1	5424
0	3755
1	5386
1	4122
1	4997
1	5067
0	3131
1	4855
1	5247
1	3832
1	5216
1	5099
1	6240
1	3980
1	3260
1	4792
1	4186
1	5236
1	2613
1	3677
1	5410
1	4342
1	3560
0	3851
1	3708
0	4598
1	7064
1	6058
1	6096
1	4805
1	3951
1	7009
1	7875
1	4719
1	5449
1	4092
1	4776
1	4178
1	4707
1	5484
1	6147
1	3635
1	6171
1	6159
1	5381
1	4626
1	4428
1	5345
1	4273
1	4626
1	5259
1	4243
1	4088
1	3238
1	4076
1	4944
1	5100
1	5112
1	4522
1	2195
1	4493
1	5116
1	5138
1	6348
0	9999
1	6971
1	4706
1	4655
1	4432
1	4712
1	4143
1	5159
1	3541
1	3663
1	4271
1	5027
1	4216
1	5407
1	5280
1	4904
1	8095
1	6716
1	7183
1	5578
1	5278
1	4307
0	4184
1	4681
1	3100
0	4744
1	4288
1	6000
1	3940
1	4893
1	6120
1	3195
1	4200
1	4234
1	5674
1	4560
0	3576
1	3358
1	4324
0	1131
1	4047
1	5512
0	6157
1	5000
1	4094
1	5026
1	7416
1	3966
1	3865
1	2420
1	4335
1	6444
1	3942
1	1284
1	4938
1	3903
1	4976
1	5768
1	4256
1	4841
1	6892
1	2989
1	4186
1	4791
0	4934
1	6405
1	6395
1	5533
1	3718
1	4505
1	5563
1	4038
1	3629
1	2787
1	3018
1	5992
1	5683
1	4461
1	2749
1	5094
0	1682
1	3363
1	5350
1	5746
0	2891
1	4040
1	4889
1	3235
1	4550
1	4167
1	3445
1	4967
1	4602
1	5230
1	5999
1	6728
1	1544
1	3263
1	5414
1	4659
1	4931
1	4907
1	4505
0	2480
1	3766
1	2874
0	3204
0	2970
1	5197
1	5609
1	5039
1	5877
1	5806
1	5097
1	3955
1	3788
1	7116
1	4761
1	5998
1	4494
1	5322
1	6278
1	5070
0	1945
1	5818
1	5728
1	5102
1	3633
1	4578
1	5363
1	6007
1	5339
1	5525
1	3799
1	6009
1	3746
1	2993
1	5253
1	3954
1	4081
1	4772
1	3497
1	5517
1	2499
1	5462
1	3621
1	4214
1	4059
1	5921
1	2432
1	5679
1	4645
1	3909
1	5220
0	7020
1	7003
1	4961
0	4692
1	2481
1	5373
1	3890
1	5089
1	4594
1	4106
1	3962
1	4902
1	7971
1	3637
1	4217
0	4743
1	3838
0	3432
1	4923
1	6332
1	6185
1	5093
1	5115
1	2940
1	1426
1	6796
1	5847
1	5150
1	4374
1	5931
1	6277
1	4009
1	4572
1	3835
1	5139
1	4683
1	4723
1	5258
1	6231
1	6515
0	4504
1	5156
1	4199
1	5274
1	3062
1	7753
1	4520
1	7084
1	5126
1	5589
1	4925
1	4998
1	4657
1	4195
1	5783
1	5042
1	4595
1	6555
1	3587
1	5296
1	6045
1	4204
1	4100
1	4230
1	6273
1	6879
1	4561
1	8448
1	3828
1	5418
1	4755
1	4672
1	4908
1	5867
1	5730
0	2150
0	4905
1	3489
1	3063
1	4281
1	4803
1	3420
1	4884
1	5125
1	6266
1	5709
1	5715
1	3647
1	5142
1	4797
1	3564
1	4228
1	3409
1	5205
1	3006
0	2411
1	1489
1	5634
1	4236
1	5165
1	5257
0	6233
0	4952
1	4104
1	4862
0	1730
1	3579
1	5018
1	4465
1	5774
1	3693
1	4213
1	5351
1	4409
0	2738
1	4974
1	4336
1	5215
1	5235
1	3095
1	6606
1	4116
1	5802
1	2128
1	4465
1	3118
1	5501
1	4239
1	4279
1	4154
1	6014
1	3755
1	7559
1	5031
1	6691
1	893
1	3082
1	5864
1	4676
0	2502
1	4206
1	4212
1	4611
1	4936
1	4818
1	5654
1	6581
1	5293
1	4539
1	4807
1	4901
1	5751
1	5121
1	3619
1	4761
1	4433
1	5685
1	4402
1	4994
1	5329
0	3348
1	4749
1	3801
1	4580
1	5480
1	4629
1	2824
1	4164
1	3062
0	5818
1	3412
1	5628
1	5659
1	5438
1	4660
1	4349
1	4722
0	2002
1	4405
1	4589
1	5850
1	4491
1	2177
1	3113
1	3394
1	5751
1	4908
1	6275
1	4052
1	4690
0	5012
1	3948
1	5848
1	3900
1	5267
0	6926
1	4690
1	4979
1	4232
0	6444
1	3619
1	5859
1	4711
1	5172
1	5114
1	3883
1	6709
1	4340
1	4381
1	5046
0	4140
1	3931
1	3705
0	2017
1	4662
1	4250
1	6216
1	5254
1	5498
1	4701
1	5738
1	3655
1	4553
1	4467
1	4161
1	5283
0	2526
1	5192
1	4298
1	3083
1	4587
1	5083
1	4904
1	4877
1	6589
1	6352
0	1703
1	5540
1	4827
0	2997
1	4306
1	5468
1	5141
1	5347
1	4195
1	3581
1	2468
1	3451
1	5149
0	4383
1	3969
1	7302
1	3368
0	4029
1	4354
1	4916
1	4215
1	2972
1	6498
1	6425
1	6040
1	4575
1	3865
0	3409
1	4268
1	5322
1	6574
1	5248
1	3537
1	4337
1	4532
1	2393
1	6882
0	1663
1	4487
1	2711
0	1595
1	6000
0	4795
0	3560
1	5634
1	5831
1	4433
1	6583
1	4323
1	5460
1	4423
1	4650
1	4590
1	4158
1	6905
0	4138
1	4386
1	6458
1	3709
1	5636
1	3966
1	6553
1	5122
1	6121
1	3329
1	5903
1	4968
1	4447
1	4307
1	6215
1	4295
1	5710
1	4176
1	4410
1	3869
1	6067
1	4611
1	4513
1	4828
1	2049
1	6733
1	3231
1	6724
0	5162
1	5699
1	6831
1	3412
1	5005
1	5469
1	4170
1	4440
1	4820
1	3962
1	4375
1	3599
0	4701
1	5413
1	1639
1	4402
1	6713
1	5443
1	5575
1	6508
1	2398
1	6036
0	1204
0	4553
1	5480
1	7730
1	6199
1	4701
1	4300
1	4669
1	4772
0	4694
1	4876
1	4924
1	4158
1	3360
1	3005
1	7458
1	5488
1	3024
1	6637
1	5166
0	2781
1	5254
0	3560
1	5876
1	2645
1	5496
1	2670
0	4188
1	5378
1	3439
1	2552
1	4515
1	4584
0	3570
1	3897
1	5023
1	7450
1	5089
1	7279
1	6894
1	3855
1	3137
0	5652
1	6304
1	3676
1	2774
1	5178
1	4585
1	4908
1	5269
1	6636
1	4720
1	4267
1	4828
1	5379
1	4104
1	3041
1	5270
1	4937
1	6209
1	4694
1	4387
1	4729
1	5116
1	3202
1	5085
1	3986
1	2601
1	3650
1	4352
0	1914
1	4708
1	5776
0	5007
1	4822
1	8119
1	5681
1	6432
1	4702
1	6221
1	3949
1	7468
1	3931
1	4067
1	909
1	6387
1	4469
1	6073
1	3547
1	4040
1	4750
1	5720
1	5121
0	7215
1	5744
1	6712
1	1501
1	6918
1	4326
1	4559
1	3107
1	3483
1	3314
1	2903
1	2688
1	3733
1	5304
1	4553
1	4852
1	4108
1	6096
1	4496
1	6281
1	5445
1	4014
1	4499
1	6762
1	5437
1	8118
1	4243
1	2648
0	4450
1	4391
1	5098
1	5987
1	4837
1	5914
0	4793
1	4017
1	4911
1	5234
1	3730
1	4794
1	7504
1	3143
1	4804
0	5957
1	2414
1	3823
1	3151
1	5474
1	6057
1	5690
1	2857
1	6298
1	4892
1	4652
0	4803
1	6757
1	4639
1	5409
1	4133
1	5510
0	2467
0	6944
1	4133
1	5169
1	1240
1	3898
1	4757
1	6087
1	2051
0	4309
1	6086
1	4418
1	5543
1	2485
1	6177
1	5623
0	3383
1	6093
1	5231
0	6405
0	1735
1	3436
1	4636
0	1257
1	5240
1	1383
1	4451
1	5313
1	2127
1	3635
1	5964
1	5652
1	4002
1	3034
0	4838
1	3314
1	3864
0	3046
1	5247
1	6542
1	3277
1	4681
1	4268
1	3857
1	4600
0	5111
1	6171
1	4033
1	4079
1	5056
1	6078
1	3532
1	3074
0	2183
1	4384
1	4641
0	5793
1	6729
0	750
1	4581
1	3830
1	4252
0	1925
1	4215
1	4624
1	4414
1	5890
1	6156
0	5002
1	3263
1	2893
1	5107
1	4668
1	4586
1	5128
1	4276
1	5390
1	6567
1	4702
1	4865
1	5314
1	3049
1	4554
1	3630
1	5834
1	5572
1	5852
1	6188
1	4667
1	5032
1	4050
1	4782
1	4446
1	3980
1	4544
1	3260
1	5154
1	6429
1	5858
0	3105
1	6543
1	4478
1	4101
1	5927
1	4318
1	4400
1	3646
1	6237
1	7255
1	4787
1	4435
1	6045
0	2553
1	5792
1	4996
1	2926
1	3325
1	2881
1	5507
1	5037
1	4725
1	2984
1	3680
1	6073
1	4530
1	4809
1	2318
1	4681
1	5355
1	5994
0	5591
1	5919
1	5449
1	6407
1	3869
1	3722
1	4480
1	6013
1	2805
1	4688
1	4457
1	7217
1	4800
1	4107
1	1327
1	5603
1	4335
1	4198
1	4991
1	5550
1	5528
1	4708
1	4387
1	2903
1	6327
1	6216
1	4043
1	3767
1	4952
1	3057
1	4844
1	3083
1	4277
1	5768
1	5633
1	6568
1	4828
1	5594
1	6162
1	4371
1	5944
1	4827
0	2604
1	4253
0	2588
1	4980
1	4945
1	6956
1	3404
1	2715
1	5005
1	3083
1	5434
1	4907
1	1061
1	3797
1	5073
1	4638
0	3852
1	5149
1	8140
1	6366
1	3669
1	5599
1	3618
1	5914
1	4896
1	5694
0	5413
1	4505
1	4957
1	3876
1	5365
1	5242
1	6841
0	5559
1	1976
1	3252
1	5113
1	5496
1	3122
1	4942
1	4264
0	1851
1	2896
1	4610
1	5234
1	5287
1	3148
1	6417
1	4799
1	4957
1	2740
1	5280
1	6499
1	5037
0	2295
1	4832
1	4898
1	3852
1	5255
1	5397
0	5547
1	5052
1	6449
1	5384
1	4628
1	5312
1	4138
0	2282
1	5202
1	3736
1	5195
1	5760
1	4354
1	5215
1	5200
