3684	9
4210	15
5263	10
3684	15
5263	14
4736	10
5789	11
4736	11
2105	21
3158	14
4210	9
4736	22
3684	1
3158	21
5789	10
4736	4
6841	11
7368	20
3684	24
4736	11
3684	1
4736	22
2105	9
5789	22
5263	17
4736	24
4736	14
4736	11
6315	15
1579	12
8420	8
3158	12
5789	13
5263	4
6315	24
8420	22
6841	20
7894	14
6841	24
4210	17
6315	11
3684	12
4210	14
5263	9
4736	14
3684	21
2631	19
7368	17
3158	20
4736	9
5789	5
8420	10
3684	11
5263	18
6315	22
7894	8
4736	20
3684	22
6315	12
5263	22
5789	24
4736	20
4736	17
4210	20
4736	22
4736	11
4210	22
3158	15
4210	20
3684	11
6315	24
2631	11
4736	21
4736	9
4736	21
4736	23
5263	11
3684	14
4210	1
5263	19
3158	21
7368	9
8420	22
6315	12
6841	19
2631	11
3684	20
6315	4
4210	12
4210	15
7894	11
5789	22
4736	18
4210	15
3684	20
8420	20
5263	20
1579	15
5789	12
1579	22
5263	4
4736	18
3158	14
1579	11
4736	24
9999	21
5263	14
4736	2
4736	7
3158	3
5263	11
4736	1
5789	24
8946	21
4736	10
3684	15
6841	21
3684	24
8946	24
2105	20
3158	22
7368	24
3684	20
2631	12
3684	14
4736	19
5789	12
4736	15
4736	21
6315	21
3158	24
4736	24
2631	11
2631	24
5263	20
4210	24
3158	11
3158	19
5789	24
8946	24
6315	15
4210	22
4210	15
4736	20
6315	17
8420	12
4210	19
4210	20
0	24
1053	22
3684	22
4736	19
8420	20
4736	24
5263	9
4210	17
6315	24
3684	14
7368	11
3158	24
3684	21
5789	3
5263	24
2105	22
5263	24
6315	11
4210	2
4210	8
3684	22
4210	20
4736	19
5263	22
4210	21
5263	21
1579	20
7368	17
526	17
2631	11
3158	24
4736	11
3158	15
3684	1
3158	10
0	21
5263	15
2631	1
4210	22
1053	11
4736	1
5263	12
4736	15
3684	24
7368	17
5263	21
5789	22
4210	24
4736	24
6315	4
3684	11
4210	12
5789	22
6315	22
4736	14
4736	15
3684	20
3684	22
7368	15
3684	15
5263	24
5789	15
4736	14
5263	8
4736	20
2105	11
5263	24
8420	21
6315	22
5263	21
2105	16
4210	19
6315	19
526	24
6315	12
4210	24
4210	3
3158	17
1579	11
5263	22
2105	22
5263	2
3684	22
5263	15
2631	12
3158	12
4736	22
526	11
4210	20
3158	17
5263	21
7368	19
4736	4
1579	22
7894	13
6315	9
7368	8
4210	22
2105	20
7368	22
4736	12
4210	22
3158	1
3684	20
5263	24
4736	20
3158	12
5789	20
4210	10
4210	18
5263	24
3158	12
5263	22
6841	11
4210	12
4736	21
3684	12
3684	14
3158	15
3158	9
4736	21
7368	9
3684	10
5789	13
3684	2
2631	12
3158	14
3158	18
4210	21
1579	20
4210	8
3158	22
5789	4
7368	20
3684	16
3684	21
2631	17
4736	24
3158	19
6315	22
6315	20
5789	11
4736	19
4210	7
6315	11
4736	18
4210	24
5263	18
8946	14
3684	15
5263	22
5789	18
2631	12
3684	3
5789	21
7368	14
6315	11
4736	20
4736	12
6315	21
4210	19
4736	23
6315	14
6315	17
7894	9
5789	22
6315	10
6315	11
6315	22
6841	12
4736	11
7368	14
4210	17
5263	14
7894	24
8946	11
5789	11
4210	24
6841	16
3684	20
3684	22
2631	21
2105	24
1053	11
7894	15
2105	11
5789	20
4210	15
3684	19
5263	24
3684	11
6315	9
2105	24
2631	14
4736	20
4210	11
5789	15
5263	23
6315	12
5789	16
4736	12
6315	1
4736	14
5263	22
3158	3
5789	24
5263	21
5263	12
3684	14
5263	24
3684	19
4736	20
8420	15
3158	12
5789	21
3684	24
5263	4
4210	20
5789	22
5789	13
4210	21
4736	20
6315	21
3684	11
3158	9
4210	9
4736	17
4736	21
4210	14
3684	22
6841	14
4736	12
6841	16
3158	20
6841	11
5789	20
5263	23
3684	1
4210	9
4210	17
0	15
5263	19
4210	21
3158	14
4210	11
5789	9
3684	17
4736	1
2631	8
5263	19
5789	18
5263	20
7894	19
6315	22
6841	20
5263	20
4736	24
4210	21
4210	11
3684	15
4736	22
7894	14
4736	12
4736	22
4210	19
4210	12
4210	1
5789	18
5789	11
6315	24
3684	19
4736	11
7368	14
4736	14
5789	17
4736	21
6841	1
4736	12
4736	22
3684	10
5789	20
4210	11
3684	18
5263	9
3684	20
6841	20
5263	13
4210	11
3684	24
5263	14
7368	1
4210	22
4736	15
4210	12
4736	1
4210	24
3158	11
5789	24
4210	21
5263	14
526	10
4210	20
6315	21
4210	24
5789	21
4210	11
4210	24
6315	12
4736	22
5263	21
2631	19
1053	11
1579	21
4736	23
6841	15
6841	14
1579	12
5263	12
6315	11
5263	12
3684	14
3158	11
4736	11
4736	15
4210	21
1579	11
6315	22
3158	12
2631	24
2631	24
5263	15
6315	24
4210	15
5263	14
5263	11
3158	12
5263	9
4210	10
6315	17
5263	12
4736	11
7894	24
4210	3
5789	12
4736	21
6315	12
4736	22
3158	21
5263	11
2631	15
6315	22
3684	15
7894	22
7894	4
5789	20
3684	14
3158	21
3158	12
6315	12
7894	9
4210	14
4210	22
5263	18
6841	21
1053	18
4736	21
4210	2
5263	13
7368	20
4736	14
4736	22
7368	23
5263	17
4736	17
1053	11
6841	15
4210	12
5789	2
6315	21
526	14
4210	9
4210	20
3684	11
4736	24
5263	15
5263	22
4210	12
4210	15
1579	20
526	12
5789	24
3684	15
2631	22
7894	18
5263	12
3684	14
4210	10
1053	20
6315	22
6315	4
5789	17
5263	12
6315	24
7368	8
4736	12
4736	22
4210	20
6841	12
4210	21
4210	24
4736	21
5789	22
4210	22
4736	12
7368	4
3158	21
1579	14
4736	9
4210	20
4736	11
3684	24
4736	6
4736	15
2631	12
5263	15
2631	14
6315	11
2105	1
3684	12
4736	4
4736	22
2105	20
4210	24
5789	1
4736	21
4210	22
3684	22
2631	11
3684	21
4736	4
4736	21
5263	24
6315	17
2631	24
1579	21
8420	18
5263	14
4210	9
4210	21
1579	10
5263	24
4736	21
5789	22
4210	17
3158	21
4210	24
1053	18
4736	17
4210	9
5263	22
4210	11
4210	15
4210	20
4210	20
5263	12
3684	11
2631	20
2105	22
4210	12
3158	22
5263	17
3684	9
4736	20
0	15
4736	24
4736	12
2631	14
6315	22
3684	24
4736	14
1579	8
6315	19
6315	21
6841	13
6841	22
5789	20
5263	21
4210	22
4736	12
2631	7
4736	22
6315	21
4736	9
3158	17
4736	9
5789	11
5789	11
5263	22
5789	14
6315	9
3684	10
7368	21
4736	3
5263	24
7368	15
5789	19
4210	24
5263	24
1053	22
5263	10
4210	9
5263	20
2631	21
5263	12
2105	24
6315	12
4210	20
4736	20
2105	20
4210	3
5789	9
3684	11
4210	24
5263	19
4210	24
4736	22
4736	18
6841	11
2631	21
4210	21
4736	6
5263	14
5789	15
4736	12
4736	21
5789	15
3158	11
4736	22
4210	22
3158	20
5789	24
6841	21
4210	14
3158	15
3684	21
5263	21
6841	20
6841	9
3684	9
1053	22
4210	13
4736	20
3158	19
4210	12
8420	13
1053	9
4210	9
3684	11
4210	22
4736	12
4736	24
5789	22
4736	9
9473	14
4736	15
3158	20
7894	11
1579	21
6315	20
6315	14
4210	15
6315	21
4736	22
4210	15
3684	14
4736	22
4736	21
5263	12
3158	14
3684	11
2631	22
6841	17
4736	9
3684	21
5263	20
7894	15
6841	17
5789	24
4736	24
5263	24
4736	20
6315	11
3684	24
8420	18
4736	22
2631	15
5789	22
2105	10
4736	24
3684	21
5263	19
526	20
3158	4
3684	9
4210	24
3684	3
7368	12
7368	15
5789	21
2105	20
6315	4
4210	12
8420	12
4736	14
4736	16
3684	15
4736	13
4736	11
7368	11
5263	10
4736	15
4736	21
1053	22
2631	20
4210	20
4736	22
4736	21
5789	19
7368	22
4210	16
3158	11
5789	21
4736	20
3684	15
4736	14
5263	22
3684	9
3684	21
5789	9
526	15
5789	22
5789	22
6315	12
4210	18
7368	7
5263	1
5263	11
6315	11
5789	12
3684	24
3684	24
5263	11
8420	21
4210	22
4210	21
5263	24
1053	1
8946	21
4736	22
4736	17
4736	21
4736	18
5789	15
5789	24
4736	15
6841	18
4210	20
4736	9
4736	15
5789	12
4210	17
4210	3
6315	5
3684	24
4736	14
4736	12
4210	20
7368	11
7368	18
3684	3
5263	11
6315	15
6841	24
3684	21
2631	22
7368	18
4736	22
6315	20
5789	17
3158	14
6315	21
6315	21
8420	22
8946	2
3684	22
4210	14
3684	23
4736	24
3158	24
4736	17
7894	13
6315	22
4210	15
4736	21
1579	1
7894	3
3158	12
5263	17
4210	17
4210	20
3684	12
4736	11
3684	15
4736	20
5789	17
4736	21
6315	22
526	9
4210	20
6315	24
4736	8
7368	12
3158	1
5263	20
7368	24
5263	21
4210	22
5789	22
3158	11
4736	24
4736	24
5263	22
7368	12
4210	24
3158	22
4736	15
526	25
4210	22
6841	11
7894	12
4210	19
4736	24
5263	23
2631	19
4736	16
4210	11
5789	19
3158	12
5789	18
4736	1
1579	15
2631	22
5789	20
526	22
4736	9
2631	24
4210	21
526	19
1053	20
5263	11
7368	20
3158	20
5789	12
4210	17
4210	12
4210	24
5789	15
4736	15
3158	24
4210	22
5789	4
4210	9
8420	20
9999	2
4736	11
526	21
4210	9
5789	9
4210	24
5263	11
6315	15
1053	14
1053	22
4736	15
4210	12
4210	24
3684	10
2631	20
6315	22
1579	11
1579	24
7894	3
1579	1
4736	21
4736	25
4736	20
6315	17
5263	14
4210	12
6841	12
5789	20
4210	9
4736	18
5263	7
4736	24
6315	22
3684	15
6315	9
4210	1
2105	2
1053	24
3684	12
6841	1
5263	19
4736	15
4736	11
4210	21
2105	19
4210	12
6315	20
2105	14
3158	1
4210	17
526	14
3684	22
1579	16
1053	10
3684	9
4210	12
5789	10
2631	17
6315	14
5263	12
2105	21
6315	11
5789	15
8420	6
5263	18
1053	13
5263	12
4210	21
4210	22
4210	24
1053	9
1053	9
5263	21
9473	20
7894	24
5789	9
4736	15
4736	3
5789	13
3684	19
4736	8
6315	20
7894	16
3684	24
6841	1
5263	14
4210	13
7894	21
3158	14
4210	22
5263	18
2631	12
4210	9
