6965	5276
4993	4157
6256	3522
7002	8166
9128	6197
6139	3853
8640	6292
5211	3056
6698	6773
8202	5690
4171	1644
7693	5384
6626	3342
7026	5026
7729	7011
6800	3933
5361	2212
6575	3997
8474	6737
7519	6265
8071	6646
7365	6283
7568	4955
6918	6003
7881	4299
7069	6071
7547	6005
7294	5518
7774	7170
7390	6261
8373	6115
5598	2782
6557	2897
7734	6971
7769	8451
7038	5552
7305	3345
7442	5380
7347	5962
6321	3767
4741	1535
6233	3338
5655	1950
7288	6467
7735	5746
6610	4475
7216	5625
5879	2890
7136	6500
7163	5292
4106	1549
6793	7444
6457	4124
6738	6550
5303	3217
8492	5243
5821	2201
7678	6116
4988	1827
7389	4535
6592	2769
7728	6377
8395	6783
7791	6348
7019	2827
6990	5101
7640	6470
7877	6344
8186	5062
7681	5410
8053	5642
7066	6869
6517	5954
5172	2043
6346	2828
6473	7023
8047	6230
7145	4715
7271	4504
6300	2682
6754	3639
7593	4660
6592	4991
5874	2708
8653	6449
5747	5078
7502	4135
7858	5060
8024	6193
7514	6053
5481	2572
7547	5507
7679	7148
5706	4216
6834	4499
8015	5793
6762	3854
6898	4289
6723	3672
5635	4178
7036	5067
6791	3183
6737	5179
5838	2766
6031	2897
7027	9301
5221	1982
7511	6275
6387	6546
5831	2164
7616	6459
7254	5290
5800	2198
7792	6583
5719	5818
5082	2295
7776	6924
7120	3488
5187	2031
8525	7281
4201	1310
6698	4227
7641	6991
5459	2237
9225	9467
6641	4513
7481	4678
7865	5835
7494	5883
8806	7687
6349	6997
6700	5419
8540	7944
6460	3285
6487	3050
6821	5155
7397	4717
7408	5511
7459	6288
6515	4872
6039	2896
7489	6415
8096	5660
7608	7068
5818	3152
5515	2821
5823	3305
7144	4708
6679	5788
8259	6780
4690	1518
6975	5310
5820	3083
7715	4599
7400	5228
7612	5475
6416	3578
6813	5295
6537	5469
8048	5078
6834	7785
7053	4546
6989	6937
8111	6048
7161	4030
5259	2123
5759	2772
6499	3914
4267	1113
8764	8555
6793	4750
6164	2525
8388	6031
7397	7944
8326	6748
7268	4971
6724	4283
7460	5752
6895	4001
5863	2557
6773	4347
8063	7157
5417	3473
7235	4614
6225	4819
6033	3882
6576	3811
7541	5468
8661	8977
6029	3981
8036	5117
6099	3260
6333	4289
7246	6128
7561	6671
7087	3140
6534	3659
5727	2808
8081	5552
6929	4259
5735	2582
6606	4773
7611	6403
7598	4094
6307	7392
7799	7195
6942	5404
7851	8673
8058	8330
4965	2315
6086	3971
7032	4317
7682	5666
8234	6367
6734	3238
7452	6282
6847	4690
5810	3325
7794	4876
8380	8929
6646	3443
6192	2766
5478	3104
6553	7462
7974	6371
6057	3302
5150	4431
6942	6426
5868	2820
7638	7575
5916	2346
6917	5022
5395	1650
7513	5597
8386	5813
8085	5845
6043	2688
7772	6112
7494	5429
6931	5161
6559	4648
8090	7490
6071	2309
7438	6160
6182	5232
7904	5978
6394	3505
6947	4836
7913	6484
7097	6572
7721	6448
7988	6218
7317	6159
6666	3010
7469	6329
5976	2659
7584	4106
6949	6454
6886	4771
7458	6028
5510	3767
7089	5656
5084	2256
8022	6986
5751	3273
5492	2121
4205	1091
9999	8225
5735	3898
5830	1847
5939	2122
5706	3861
5024	3539
7587	5759
6905	4788
7261	6520
7004	5686
7343	4172
6594	3689
7037	5381
6765	6071
6582	4352
6605	4770
6761	5458
5461	2669
8010	4919
6288	4169
7391	5337
6958	4461
8847	7529
7404	4926
7340	4478
7135	3373
7737	5681
7714	6654
7539	5177
7103	7069
7967	6512
6172	4186
8086	4830
8098	5087
6873	3308
5919	3355
6268	3633
7686	4310
6298	4994
5440	2208
6664	3332
8173	8093
6568	2993
6487	4064
6055	6014
6464	3116
8277	5974
5667	2133
5930	3114
7259	4159
8808	6679
6153	7648
7368	7865
5965	2958
7478	5124
6827	3126
6586	4769
9240	7447
8811	6887
5140	2671
6536	3350
8453	7984
7274	6103
6177	3337
7039	4015
7479	5570
7674	7648
5670	2950
8402	6938
6766	5789
5646	2037
7517	6379
7130	5803
5941	3798
6936	5865
5618	1922
6062	2208
6083	2487
6743	6500
6042	4798
8887	7231
7312	6425
6657	3345
7174	4899
5054	2498
4295	2813
7890	5978
5900	2628
8446	6030
4857	3196
6152	2557
7111	3305
7965	6558
6021	2814
6949	7186
6971	4674
7523	5136
7459	5746
7947	5449
7202	6990
5536	2213
5404	3628
6181	3698
4845	3426
5965	5050
5680	2406
9390	6305
6505	7894
7598	4780
5253	1838
7775	5135
6631	3231
6799	6114
7516	7092
6758	3277
8057	6265
8577	7853
7519	6836
7329	5189
6632	7548
7318	4072
6776	6249
7379	5267
6696	3469
5873	3886
7335	6975
7421	4962
6751	3076
6966	3915
8233	6289
6461	3658
8340	6601
6129	3114
7527	5525
7409	5322
8009	6899
8385	8382
6144	3107
4848	2079
7078	3256
6239	2400
8691	7508
8020	5408
8300	6684
8524	9259
6886	7731
6371	5430
6201	4663
6589	4168
7627	5151
6083	5506
7428	6356
6143	2332
7778	5364
8091	6214
7241	3954
7446	6886
5403	4628
7238	5281
6907	3700
7203	5937
6498	3562
8822	5541
7839	5138
7950	5992
7621	6493
5589	2795
6791	3989
8009	5152
6934	5797
8117	4593
7987	6920
8270	7466
8841	7300
7023	5385
7110	7000
7687	5640
6170	5486
6068	2175
6432	3021
7069	5186
5298	2659
6467	4714
8190	7291
6677	5429
5780	3624
7081	7062
6649	5667
7439	6750
6230	4972
7592	6220
6950	4324
6696	4423
6887	3325
5587	5051
9069	6494
5798	4099
6332	5146
6958	5359
7343	7888
6350	1979
7070	5136
6410	4824
7733	7715
6676	5226
7941	7337
6505	5885
6041	3012
6869	4926
7165	5992
7626	7798
8460	5291
6963	3378
6450	4571
5979	3145
7077	6845
7695	7514
6734	4375
6491	3132
6306	2904
8441	8668
8635	4545
7750	6255
8760	8846
6692	3580
7025	4454
7286	4843
7308	6036
8434	6830
6263	4916
7613	4849
7713	7892
8154	8529
8282	8805
6855	4990
4550	2304
6079	3088
9034	7311
7298	3729
7659	6781
6407	6006
7950	6649
5773	3157
6349	2686
6917	4269
7903	6251
5350	2031
7557	5191
5616	2878
7238	5080
7560	5701
7366	5710
7803	7188
7545	4337
5705	4100
6729	5235
6974	4847
8266	4899
5416	2805
7805	7212
5091	2806
7486	7280
6227	4797
6288	2816
7812	5686
5149	1951
5455	4502
7047	5974
6045	2971
6442	7479
6308	3683
6495	4036
7174	5743
6874	3752
7192	6104
5495	2430
6488	5893
7394	6751
4384	2907
7054	5275
7038	7035
3556	2369
7051	5328
5617	2883
6183	4233
7127	4706
6619	4754
6328	2234
5509	2103
6567	4048
5560	1767
6260	5145
6138	3992
4822	1667
7068	4381
6125	3742
7680	7150
7682	7486
7586	7560
7407	4902
6205	6934
8554	6081
5375	2272
7223	6813
4996	2152
7293	6065
7570	4968
7829	6205
7878	6256
8024	6614
8048	5992
7665	6479
7498	5975
7227	4367
7378	7633
7919	6591
6127	2560
7901	7697
8170	8128
7242	6925
8784	7128
6494	3984
6162	3705
8492	7078
6069	4359
5905	2360
6413	2697
7479	8384
7045	5461
6726	3985
7831	4200
9161	7386
7010	5005
8440	6665
8313	6811
5087	3806
5731	7156
5420	2454
8121	6561
7594	4290
6850	5079
8067	5497
7492	5647
7431	6105
8146	8799
7116	7391
8474	7088
7301	5135
7359	3788
6501	4334
4711	5188
5456	1856
7406	6706
8003	6516
5842	3014
6518	4293
6481	5005
6953	4272
5941	3771
7212	6069
6333	5549
7723	6118
7757	5237
8237	8694
7145	3054
4612	1221
8376	6507
6975	5069
8692	6182
6011	5668
5972	3957
6930	4325
4878	2124
8016	5746
5739	2261
5923	2901
8365	7821
8668	5277
5987	2860
7228	5001
8101	5283
7695	8710
4863	3531
5916	2787
6952	5256
5587	2081
6910	5984
7730	6466
6558	4755
7663	6684
7413	5008
6662	6118
5875	4577
7326	4057
4823	2434
4918	2538
7186	5906
5661	5608
6354	4239
6724	3123
7909	7133
7123	5552
7037	6431
7803	4566
5144	4832
7132	4675
7416	5202
6671	4538
7924	7026
6531	4604
7512	6338
8262	5912
6951	5425
6918	5010
7179	5541
8771	6714
6844	4143
5278	2632
5480	2312
7355	6770
6606	3390
5520	2305
4409	1441
7188	6467
5241	2684
8024	6731
6601	5272
7510	4444
5910	3788
7918	7852
6482	5919
7323	5490
7010	4305
6123	3208
5985	2715
7155	7660
6588	5733
7765	4639
7445	6159
6893	6092
6519	4943
8571	7530
4885	1559
6238	3535
4923	2342
8293	6967
6402	4998
8110	7543
6532	2614
7863	6860
6898	6733
7837	5764
5603	2938
8118	8480
7995	6696
7808	5610
9105	7859
6113	3134
8292	6805
5028	3275
8694	6880
6069	2441
6504	2526
5299	2798
6947	4572
6067	5773
5569	2420
6907	4907
6540	3890
7554	5220
7956	5846
7497	8295
7126	4232
8492	6042
7482	5772
6943	4070
7861	7445
8089	6717
6731	5822
5105	1970
7995	6635
6374	5494
7784	7009
6688	3991
4267	1823
7145	5580
6222	5604
8860	8027
7468	6475
6313	3125
8158	6382
7769	7081
7552	7794
7007	4182
6542	4594
7006	4815
5818	1963
7922	5364
8171	7539
7171	4869
6644	7380
7733	5590
8153	6728
7832	6476
6730	5471
7731	6223
7712	5707
6613	2766
5957	2423
7455	6852
5973	4977
4664	1553
8056	6764
7560	6005
8670	6386
6892	7143
7507	4381
7735	5022
5909	2807
7257	4005
6928	5829
8104	6776
6908	4083
6021	4845
5891	3390
7631	6444
8330	5990
4072	3595
7446	6727
6965	5238
6662	4142
6247	3540
6053	3319
8345	6487
5490	3551
7547	7101
7802	6267
5137	3046
6007	3420
8402	5026
7510	5129
6488	4440
5119	2172
7766	6024
8304	6762
7806	7093
7067	6075
8636	8852
7671	7474
7225	6372
7408	4613
7375	6049
8488	5615
6773	3893
7833	7773
9372	6402
6817	4194
7231	5165
8216	6989
6043	3919
6142	3479
6933	6215
4880	3029
8098	7094
6021	3002
6026	4860
7635	6201
8793	6425
7173	3902
6255	5136
8894	7587
5814	3162
7604	5884
8890	8781
7751	5870
6044	5240
5625	2391
6544	7148
7058	7529
8230	7855
6847	6059
8114	6115
5778	5245
5603	3504
5979	4127
7482	6072
7738	5799
6722	7222
7718	7480
7362	5819
5642	3015
7906	6401
6298	4287
7263	5333
6191	2823
5457	2575
7328	4302
6857	3600
7746	6411
8552	7187
6660	2184
7629	6465
6289	3604
5533	6210
7416	6721
7872	5502
6554	3266
7639	4396
6992	5408
7932	6308
8190	7547
7861	4636
6715	3502
7018	2959
6654	2789
6004	3596
7619	6952
8136	5954
6283	3431
7495	5812
7744	7621
7797	5266
8168	6768
6913	5778
6451	3663
6957	6234
6806	6877
7239	6707
6982	3638
8000	5983
4911	3025
7840	5479
6621	3975
6820	4198
7998	5782
7067	6095
5269	4737
8400	7406
5267	2769
7450	6163
6996	4780
8025	7194
7780	7485
7453	3214
6930	4045
6169	4420
5759	4092
6117	2448
7544	3640
7721	6997
8398	6741
7622	6807
7670	5722
8026	5137
7917	5895
5667	3326
6392	3594
6113	3293
6974	4629
7811	6417
6481	3481
7443	8096
8318	8707
8300	6775
8420	8926
7888	5332
6848	5160
6673	3666
8224	6508
6554	3860
7978	5595
8457	6608
6870	6626
8113	5710
7257	5989
7552	6048
4446	1101
6039	3341
6090	4852
7099	4201
7706	6943
6749	4416
8029	7464
6823	4949
5466	2432
7237	5243
8107	8269
7860	5117
7171	4071
8267	6384
6728	4378
7718	6106
5000	2416
8011	6751
8051	7128
6587	6449
6910	4906
6734	6816
6423	5632
6320	4803
7568	5704
7579	5362
7757	7365
6524	3076
7774	6498
5642	4014
7267	6314
7165	5874
6989	5344
6668	4883
7173	6565
6489	3638
8651	6213
7109	4357
7360	5262
7296	5334
7277	6238
5417	6346
6493	4267
5704	3415
8138	7170
7614	5739
6500	3731
8414	6104
7930	6042
4902	3031
7864	7007
8040	7878
6328	5060
7238	6004
8664	8028
6189	3889
6317	2645
9100	8053
6430	4147
7640	7276
4984	6162
7243	6281
7613	6820
6046	2528
7568	5799
6611	4310
5465	3304
7128	5326
8654	6998
5805	2542
8415	6075
8244	4805
7579	5593
5385	6034
4621	1314
8060	6258
8497	9225
8493	7552
6220	3896
6937	4199
9009	7386
5059	1856
6185	3117
9160	8063
5984	6621
7112	5943
6510	3632
7314	7027
5486	2193
8133	5582
5775	4605
7893	7630
6783	4028
6759	3420
6895	7516
6620	4542
6499	6078
6562	3065
7262	4410
8760	9136
6869	3280
8379	6434
6545	5198
6727	5174
7204	4348
7242	5367
5464	2936
7905	6830
7412	4823
7696	6110
7585	5751
7253	4856
6749	3222
5924	3632
4296	751
7661	6050
9052	7030
6178	7016
7746	6557
8341	6550
7801	4590
5842	4642
7045	5695
5937	3403
7431	6391
7775	6095
5742	6729
5721	2184
8095	4319
7494	5869
6262	3275
6870	5549
5061	2208
6443	4298
7932	3297
6789	4375
6257	4063
7203	6977
7786	5047
7326	5884
4861	2362
7804	5231
4391	2409
8856	8708
7548	6698
6227	4469
7249	6464
6953	6986
6029	2672
5945	2657
5771	5317
8134	8578
6465	5073
7878	6091
7832	6802
5739	3170
8984	8379
7540	4596
6232	6235
6685	5639
6082	2476
3004	683
5480	2594
7901	6144
6572	6070
7122	5620
7792	6456
5434	2638
6035	2855
6988	3527
5689	4307
5423	2047
7708	4185
7050	5200
5105	2870
8080	6674
6490	7878
6769	4706
7546	5587
5587	3405
8589	5887
7640	6378
7327	4390
4823	4181
8317	4618
5058	2309
8859	7879
6833	7493
8068	5883
6513	4526
7047	3954
6071	2881
7807	5171
7448	6590
5928	3534
8199	5545
6422	3511
7607	4598
5377	3290
7306	4719
8327	7746
8307	5178
5080	2029
7006	4833
7786	8440
6943	4082
5748	5062
6568	3520
8180	7075
6510	7140
7590	4395
6641	5385
8641	5636
6400	4341
6397	7031
7291	4599
7378	6075
8068	7873
6447	3778
5923	3556
5805	5688
5364	2652
8092	6146
7810	4590
8715	6519
8388	6851
6367	6293
7219	5921
5980	6351
5603	3323
7856	5840
6869	5596
7712	8062
4391	2158
7401	7684
7118	5265
6602	4965
6200	4058
7023	4874
7606	5719
6702	4309
7594	7196
6274	6516
7851	6141
8260	8449
4485	1524
7395	5400
5480	2507
8063	5936
7189	4891
6234	6371
7078	4771
7166	5628
5418	2001
5880	2939
7674	4662
6739	6078
6639	4925
8328	6841
7565	5387
5551	2987
8319	6601
6301	3554
7362	6278
7240	6825
7784	4150
8009	5617
5942	4060
6990	5740
7035	5094
6603	2676
5839	2552
8456	7737
4896	2119
7087	5981
8098	7699
5802	4423
6049	3814
6347	4694
8284	8789
7321	7097
5902	3856
8755	6027
7942	5307
6879	8069
6383	2477
5633	4071
6388	2860
7814	5098
6072	2579
7368	7965
6393	5478
7257	5198
7833	5979
7580	5657
7781	5556
6373	4742
8390	5953
6418	5598
8044	5513
7768	6048
7327	6284
6903	3268
6233	5978
7259	4257
7521	6952
4005	807
7408	6440
7950	5368
6533	4008
8059	4758
4063	1789
8518	8121
7466	3896
6769	2908
5705	2049
6807	2769
6669	3712
7596	5513
7113	6797
6942	5225
7285	5481
5378	2232
5693	3882
6912	6214
6404	3343
7154	6721
8421	4736
8809	5481
7306	6771
7371	6366
6414	4382
8356	5775
7982	7593
7917	7343
7073	4946
6550	6423
4442	1965
5305	5924
8178	5691
5569	2419
6370	8027
8492	8554
6352	5062
7276	5439
7991	4718
8321	6677
8358	7783
8296	6822
6126	3421
6356	3321
4565	2096
8081	6838
6031	2264
7920	6743
6457	3969
6816	5938
7057	5714
7059	4554
7589	5479
6170	3189
6436	4993
6127	2886
6333	2624
8304	6898
7620	4808
8850	6592
7942	6437
7184	5233
7338	7911
7461	6035
6717	6391
7466	4543
6684	4662
6763	5364
8726	5910
7705	6133
4758	1941
6407	2873
7322	4580
6979	6060
6030	4905
6932	8071
7196	4401
6408	3726
6533	4155
7340	5787
5765	3357
5594	4366
6187	3859
7727	5255
8081	7141
8013	7061
7647	5205
5144	2312
7784	5795
5702	3619
7612	4592
6033	3096
6572	4257
8809	7551
5403	2904
7963	6535
6465	4588
8022	6995
6976	4735
8406	6146
7393	6497
6532	3453
7826	4919
7119	5528
7646	5297
6396	5361
6579	3466
8247	6767
6235	3661
8237	6359
8250	5657
7436	6120
5964	2981
8189	6874
4277	1070
6751	6059
7601	5028
6453	5897
8408	7001
7079	4304
7222	7325
9008	6386
6709	3488
8584	8040
7383	5855
6023	2370
9261	8153
7133	4664
8131	5816
7149	3356
7582	6865
6288	4470
4619	3066
6071	3116
5729	2789
7572	5057
7814	5839
6127	2177
6643	4484
7549	6979
4400	1487
6835	5506
8573	7153
6930	5946
7615	6200
7841	8436
4603	1777
6004	4989
7644	6889
6262	3152
7970	7651
8056	5969
6788	4800
8188	6209
6683	4323
8359	6923
6158	3262
7407	4945
6594	4914
8038	4935
6497	5241
6895	3146
7757	7597
6898	4911
8631	6670
7708	5953
6392	4586
7192	2532
7613	6776
6670	4558
7708	4779
6970	5228
8467	6453
6303	3930
7337	4314
7088	5372
8903	6230
6526	3666
5431	3004
7431	6995
7713	6154
7142	4658
6771	3064
6407	3075
7480	3986
7543	5864
3256	768
6484	3203
7321	5902
8608	7180
7872	6218
5843	2909
7125	7018
9118	6209
8157	6917
7609	8270
8255	6883
7501	3576
6863	5712
5721	2597
7318	6434
5615	3637
7326	7621
5114	5244
6593	5062
8626	7244
7509	8974
8185	6730
8112	6621
7275	4782
5784	2835
8528	6317
5090	1583
8057	6589
8765	6513
4296	1505
6980	5208
7166	5521
9619	9153
5966	2811
5907	2172
7536	6340
6526	4637
7750	4447
8013	5921
7901	5468
7784	6470
6927	4578
8037	6854
7242	5894
6890	6192
6767	3578
6821	6839
6816	2900
7041	6949
5800	3451
5889	3201
7732	5702
7537	6553
7067	5497
7817	4580
8230	5525
8155	6733
6972	5640
4937	1055
6743	3597
9652	8817
7601	6568
7946	7531
7139	7020
5953	3050
7475	6101
5860	3858
7470	6017
6707	3656
7407	5655
7671	4580
6791	3444
5585	1806
5457	4543
7477	4779
5304	3155
6464	3666
8137	5950
7000	5136
5664	3082
6961	5681
6328	3779
4782	2369
8232	6943
6834	4601
7175	4104
7389	6663
6514	3933
6815	3080
7678	4687
7511	5277
5714	1999
6970	4612
5801	3063
8091	6802
6377	3351
6704	4300
7861	6245
8390	6783
6226	5216
6705	5954
6501	6828
6624	4179
6657	2661
8170	5271
6840	5035
8051	6905
5553	1956
6688	7077
6983	5069
7039	4100
7615	6036
8174	7331
6629	5313
6529	3909
8383	7565
6604	3467
7649	5710
7498	5002
7596	7140
7573	6504
7409	8356
7925	6130
6702	3541
7687	9309
8424	7260
4808	2119
3804	877
8154	6116
6681	7039
7575	5315
5643	3462
7389	6802
8134	7006
8021	7455
8944	7050
7264	5381
7361	7119
7580	6105
6284	2759
5419	2543
7774	6430
6820	3547
6111	5713
6428	3212
6979	6953
5191	2031
8233	7482
8089	6598
7338	6220
5205	2506
6026	2571
7673	6015
9266	7353
8253	5442
6056	2427
6340	3490
5128	3013
6754	5889
6518	4853
6322	3844
6670	3209
8285	6713
8011	6236
7257	5192
8313	5492
6712	7634
7922	6211
8467	6799
7866	5305
7908	7769
7098	6056
3165	591
5134	4058
6318	2432
7722	8382
4439	1808
7247	8022
7016	5775
8120	6976
6705	4370
7679	5924
6347	8247
7265	5165
5632	2507
7079	4078
0	6051
4277	1017
6389	3061
7510	4975
7632	6491
6923	4623
7406	4457
7798	7378
8395	8188
7753	7659
7240	5141
6295	3057
7217	6205
8060	6506
6687	4402
6420	3140
3782	2726
8192	5071
7399	6458
6337	3054
5752	3033
5923	3296
7067	3347
5468	2565
7197	5461
8075	8144
5672	4490
6729	5480
6814	4326
6640	5767
6840	7456
7140	4711
7689	5167
7724	5821
9705	7819
5986	2831
8091	7610
7032	4321
4719	2189
5637	3128
6485	4406
7357	4824
5181	2302
7205	5404
8101	7344
8122	6558
5574	2729
6510	5739
7152	4310
9006	6950
7423	6615
8439	6742
7961	6187
6854	3774
8935	6803
5992	2615
8094	4730
6723	4351
6298	4780
6403	2497
7743	7923
6592	4182
7376	7546
8023	5740
6597	5253
7607	7619
6246	2716
6446	5794
7399	4353
7400	5638
7473	6304
6908	2893
6362	4415
7237	5923
5386	2667
7591	5211
7987	5631
8463	6381
6192	5485
7228	5321
6383	2514
8299	5838
6245	3600
7264	5028
6783	4408
8251	5737
7002	4086
7817	6304
6267	2369
8008	6732
7552	6699
7458	4949
6574	4726
6527	5494
7473	6224
7681	5688
6615	6489
5536	2972
4283	1415
7529	4293
6809	4723
7755	6987
7457	5111
7242	5681
7782	5474
4806	2835
7825	6660
6974	5093
7234	3591
6579	5004
7201	4772
6701	3018
7246	3614
9195	9005
6909	5205
6616	6003
6081	2971
7421	3893
7501	7670
7580	6006
8186	5695
7283	8624
9175	6715
4553	2738
6382	4199
7751	6538
8283	6324
7299	5811
7017	5651
7412	6350
6901	4093
6912	6799
6012	2398
5778	2738
5386	3933
6722	3295
8295	6253
8453	7236
4946	2345
6944	3680
6763	5568
7264	5794
7824	5191
6179	3577
7766	7807
5819	3101
8757	7161
8369	7415
6822	4731
8674	6688
4292	1369
8416	5670
6164	2874
5568	2355
5471	1729
5661	5795
7057	4508
6423	4979
6566	3776
6266	5199
5296	1500
6985	4767
7883	4889
7607	4945
6494	2780
5831	2797
6722	6079
7399	3892
3029	818
5838	2312
7109	3313
6907	4822
5947	6960
6884	3078
7373	5093
7174	4278
7931	4234
5306	2528
3269	1396
6377	4271
5088	3419
6311	3309
4657	2810
5850	3110
8267	6255
8298	6132
7156	4699
8352	6758
6350	4672
7401	4896
7989	4721
7579	5907
4735	1656
8945	8393
6717	3136
8189	7171
6911	5600
5890	3095
8146	7109
7532	5863
6098	2032
4325	3966
5609	2367
5254	3065
8577	5177
8452	5848
8467	7543
6736	5594
6918	4188
7183	6144
6561	4222
6222	7251
8064	7623
4418	1925
7242	6071
5750	2494
8931	5709
7479	3544
7384	8188
6794	5846
7376	6266
7299	5014
6058	3813
6650	2399
7227	4812
7226	5464
4327	1933
7739	7663
7722	7248
6266	2973
8056	8398
5469	2318
8364	6662
7505	5950
7739	5858
8589	8763
7479	4787
7905	6069
7561	5246
6364	6456
5817	2317
6830	4862
6293	4584
7924	4952
5904	2976
6773	5198
7717	5462
7129	6084
8152	5928
6891	3841
6519	4064
7125	6021
8219	7492
5373	2307
8664	7702
5564	2733
7934	6383
5952	2951
5642	2633
8022	5375
7885	6450
6258	3292
6711	5671
9106	8457
6189	4326
7440	5219
4291	1109
8162	6292
5947	6183
6155	3759
5986	3172
7455	5900
6348	4074
6223	3136
7993	5867
7708	6460
7346	6458
5016	2696
7458	4770
9035	6928
7316	3651
6747	5826
7154	4730
6418	3414
7511	7414
6631	4638
5872	4908
7072	4276
7247	5947
5899	2100
8456	7663
6886	6085
7203	5313
8185	5885
6471	3899
5990	2399
6350	4862
6421	3792
7098	7014
6476	5600
6686	4207
8115	7804
6211	3485
7613	6208
6156	4987
7128	3985
7450	5375
6057	2738
4568	2436
7242	6399
6564	3771
6923	4676
6909	4024
5018	2505
8272	8569
6190	2264
8099	8443
7064	5135
7602	5632
7676	4569
7941	6296
7841	6272
6488	6011
7596	7167
7883	6524
7398	5153
6198	5205
8217	8126
8219	5626
6102	4889
6048	2637
7361	8598
5544	3211
5782	2422
8319	6189
7438	6273
7264	8101
4842	3190
8551	8456
7657	6454
6662	4567
7159	4145
7363	6116
6493	4474
5589	3397
7811	6344
7592	5172
8124	6258
6462	4360
7705	5660
6423	4412
7000	5623
7209	5145
5830	2430
6909	4202
7683	6485
6437	5850
7257	4068
5760	2539
6202	3693
8790	7174
7409	6788
7009	4529
5263	1727
8314	8938
7490	5878
6918	6824
6249	4093
7336	4274
6274	3691
7672	4797
7358	5214
7853	6954
7916	6288
6735	9101
5179	1611
9867	8157
8259	6129
7883	5326
6594	3592
8364	6451
6946	7703
5519	3218
8764	7093
7361	7824
6564	6192
7151	5474
5709	6368
7480	6275
7533	7348
7153	6644
6488	2676
6933	3577
6528	2870
6414	3843
6727	4783
5198	2456
6083	4068
7831	7502
7588	5507
6358	2637
7718	6694
7106	6319
5755	2483
5386	2122
6117	3130
7122	5483
7160	5071
7680	5264
6423	4739
8022	4778
7460	5664
5389	3179
8133	4835
9215	8064
3248	2160
5535	2244
5633	2027
6139	4259
6873	6685
6665	3512
5637	2247
6165	3556
8139	6082
6186	3511
8396	6496
7074	2947
6064	3780
6298	3181
7174	4985
8018	8608
4723	1270
7331	5040
7610	6906
7645	6835
5783	2731
7232	8433
5519	2785
7131	8779
7417	4637
8708	7480
8125	5830
8151	5004
6642	3967
5257	4265
6829	5492
7321	7506
6459	5153
7369	6843
7129	7645
6167	4463
6882	4772
7143	4813
6951	4571
7527	5590
6044	2098
8267	6972
5964	2868
7861	5860
8329	7820
7998	4590
4427	2158
6751	7272
6329	3787
5903	2555
7641	6881
7452	7231
7736	5315
6437	2718
6971	6465
7239	4130
8032	5247
7422	6785
6295	3521
6306	2801
5640	2373
7359	5720
7921	5395
5578	3305
8399	6742
7071	3784
7580	4539
6477	5155
8625	7956
6564	4587
6604	3662
6551	3562
6200	3167
8172	6732
6355	2602
4415	2262
7127	5510
5699	2814
5515	2164
7063	4546
6886	3337
7795	5824
7838	5779
7361	5756
6929	4668
6541	3394
8339	7913
6152	5145
7229	5310
6783	3056
5853	6060
6795	7139
7513	5594
8207	7870
7726	6415
7479	6149
6007	5221
7122	4184
5617	3024
8075	9146
8094	5110
6021	5000
6614	6891
7928	6218
6925	4379
7314	6883
6430	4517
7249	4416
5395	3380
6123	2822
5220	2452
7971	5923
8208	5380
6222	4095
3726	980
7958	6242
6806	4406
4908	1317
7431	5472
6345	4848
4733	1768
4635	2732
6626	6882
6932	5801
8044	7092
3306	765
7180	6291
3787	753
6571	4004
5241	2369
6729	4827
6282	3333
7091	5867
6934	6124
8396	7026
7540	6516
6924	5188
7524	6165
6499	2465
7386	5775
7044	4226
8512	6087
8141	6967
7661	7178
8293	6082
7713	5756
8230	6755
6287	6673
7597	6944
6703	5329
6939	5264
8208	6590
6924	4495
7962	5821
6847	8519
6516	3805
4942	4185
7206	6499
5323	2320
6703	3976
6694	3145
5521	3235
4894	2143
7345	4934
7418	4891
6044	2960
8235	6878
8117	5497
6483	2841
6535	2560
6886	5045
6797	3432
7943	5406
6593	4432
5961	3695
7280	3375
6010	3262
7175	4880
6438	3029
6854	5841
6795	4698
7059	3741
8640	5944
5622	2737
7306	3895
6693	5387
7067	2961
7183	4188
7485	6984
8797	7842
7263	4652
5592	2921
6145	3712
7732	5718
8246	6487
7178	3963
7662	3911
7184	6462
7797	6197
7279	4156
7123	3785
5919	3141
8908	6547
6255	6216
6791	2951
5922	2111
6361	4631
5102	2876
5953	4244
8687	7440
7698	6328
6723	5572
7922	6157
6928	5967
6653	2608
8078	6780
8264	5851
6778	3735
7560	6323
6920	5750
7436	3984
7962	4730
6440	2792
7307	6152
5728	5359
6083	2831
7426	6430
7734	5393
8443	8230
7217	6122
6678	5173
7107	3351
6966	5541
7493	8796
5967	2904
7852	5210
8472	5622
8481	6815
4956	3311
7757	4495
7322	5435
6575	4510
6512	4270
7002	4992
6527	3456
7940	8109
8336	7734
3365	418
7219	6434
5222	3036
7190	5333
7814	5198
6213	5621
6500	5881
6499	6330
7697	5777
5839	2770
7709	5827
7832	5859
7511	4140
7034	5311
8509	6185
6409	4120
7594	5174
8279	6057
7903	6186
7913	6292
9188	8553
7493	6407
6833	5996
7564	5260
7949	6676
8042	5988
7397	5721
7707	5944
6963	5983
7261	5298
7562	5204
7139	3754
6747	3164
8132	6224
4778	1645
6674	3887
6569	3906
8328	8663
7369	6205
7938	5938
5890	2808
7465	6189
6451	4946
8327	7376
6345	3370
8237	7732
7487	4681
8033	7339
8126	7256
7814	5037
8336	7050
7208	6687
7222	6324
7241	6312
8733	8009
8481	6581
7073	5830
7945	7064
5254	2734
7885	6238
6017	3884
8089	5222
8070	4844
7641	6707
6847	5505
7690	6939
7169	6056
8498	5249
6775	6427
5673	2069
8090	6547
7986	5072
7265	2679
6340	2505
6424	3517
7649	6739
6927	2853
6744	6193
5666	2488
5893	2262
8013	7234
7216	4415
6683	6932
6088	3521
6738	2666
7563	4493
8545	7971
5629	2814
6226	5334
6398	2827
8355	6246
4885	1834
7993	6991
9871	7261
4688	1896
5985	2858
8201	7879
8345	6974
7624	8032
5402	2795
6281	4719
7674	6053
7446	7216
8412	8514
6500	6698
7776	6510
5723	3136
7376	5936
6807	6038
7892	6827
6183	2204
6872	4931
7772	7031
7119	4204
8359	7022
6603	6148
7163	5353
7413	6584
6282	4665
5829	3348
6890	5643
7680	6666
7665	7164
7294	6170
6737	5901
7897	6542
6781	4964
7974	6424
6115	3884
7549	8396
6210	4183
7150	6320
6488	4238
7592	5098
7968	7950
7522	5504
7358	5057
8088	7175
6758	9133
6944	5829
7566	4762
8123	4311
7026	4782
6449	3643
4900	2235
7206	5761
8102	5502
8034	5471
7347	7113
7736	3601
5316	1913
7487	6909
4802	1986
6874	5373
5746	3147
7150	5016
7304	4597
5894	2929
5224	1628
7094	6711
5614	2643
7873	5479
7388	5489
8048	6280
7291	4747
7999	6188
7880	8013
7605	5412
5787	3455
7579	7010
8539	8542
6243	4756
5071	2152
7119	4990
8443	6176
5256	1991
7695	4567
6657	4609
8010	9079
7880	6638
5166	1963
5974	5215
8084	7104
6267	3279
8220	5766
7864	5386
5278	3556
8197	7955
7848	6139
7441	6304
7900	5874
6554	3257
7220	5467
6021	3574
6476	2912
6489	3897
8110	6293
7292	4357
8117	9178
5789	3592
8634	6926
8254	6421
7590	6620
4986	2107
7045	8225
7757	6816
8413	6351
5627	2520
5221	3202
6101	2948
7096	4425
7708	8095
7109	6509
7060	3837
8298	6047
5461	4796
6838	4608
7748	6122
7820	8096
7199	5175
4438	1066
8722	7468
6528	4411
6769	5563
8486	6420
6253	2200
5996	2734
6963	5879
6887	7262
7131	2762
8863	6060
7173	6857
6372	4217
6323	5330
6482	5929
6503	6263
6734	6154
7542	4740
6442	3438
8263	6444
5808	5704
6553	5550
7526	7820
5205	2542
7674	7641
6709	4439
6303	3300
6290	4705
5631	2833
7960	6811
5797	3091
6855	6628
5507	2753
6395	4472
5221	1927
7178	5121
6451	4244
8681	6312
6015	3002
5508	3035
7069	5466
7116	5446
6178	4950
8512	7239
5237	3296
6619	6946
7003	3994
6637	3088
7538	4752
6833	5704
8428	8280
6813	3669
7571	4821
7991	7497
7100	5340
8361	4649
5468	3626
6177	2673
4289	1734
7045	6425
7492	5376
6924	6280
6578	3341
8031	4326
7701	5079
6922	3882
6201	6467
6985	5583
6189	2817
6318	6840
8285	6458
7514	9041
7663	5400
6262	3165
7219	4267
6047	2722
9177	7733
7429	5195
6164	3160
8235	9728
8747	5865
7249	6145
5435	2450
6548	2728
7230	6447
8238	6387
5922	3106
8356	6867
6127	3645
6401	8053
6241	3526
6281	4243
7285	6058
6997	5706
6620	3146
8017	5153
6381	4924
5920	2142
6141	3884
7934	4748
8903	8131
6116	2344
9046	6992
7430	7291
7979	5865
6308	3092
7926	5488
6826	3700
8657	7492
5793	2900
5453	1851
7181	5953
6423	3310
6278	4271
6944	3524
8910	7215
6819	2695
7370	4201
6442	3120
5623	2581
4893	2470
6567	8142
6062	1784
5156	3496
6810	4890
5926	2575
6601	6240
8347	7239
6619	3454
5291	2769
8530	8630
5191	2215
7975	6989
6361	3235
5468	2355
8476	8641
5860	2746
4315	1338
6669	5915
4250	1181
2924	529
8245	6415
7898	5425
7301	4203
7355	6419
7101	6209
7581	7454
8158	6325
7222	3780
6477	6038
7013	4975
6754	2773
6567	5756
7761	7672
6377	2891
5647	3741
7807	6175
7931	4322
8603	6991
6351	3036
5916	3990
6691	3649
4216	1308
7599	4290
4035	2425
7035	3477
7156	5863
7027	4486
5732	2898
7617	5030
7034	6821
6980	3936
6152	7837
7688	5134
7055	5721
6355	3217
8805	8314
6494	2783
6465	2776
7704	5900
7722	5006
5256	1909
5203	2131
7168	5443
5627	5491
8537	7459
7171	5454
7740	5644
5194	2851
6326	3360
7872	5350
7263	5101
5943	5952
7170	4945
6273	5202
5388	2694
7280	4582
6243	3583
6478	3752
7885	6388
7530	4871
7787	6313
8355	7852
7627	7472
7907	6749
5547	1884
4132	1367
8220	5097
8034	7070
7361	4801
7162	3556
4882	2044
5627	4870
6546	4977
7220	4612
8414	8140
8853	8243
5914	5800
6872	5519
7911	6556
6609	3634
7655	6196
8037	7081
6495	4709
6794	8477
6786	6241
5587	3502
7090	6604
6285	4284
5798	5078
7350	6664
7313	4466
8531	6050
7994	7186
9143	7615
7476	6389
4430	1947
7297	4394
6035	4302
8122	9046
6184	5240
9944	7069
7595	7715
8584	6604
4828	1411
5363	4093
8098	6018
7986	7569
7492	5587
7765	3631
7647	8347
7416	7643
6950	5680
6939	4303
7061	6742
6362	4049
8027	5605
7762	5411
6202	3276
5275	1938
6802	5084
6929	8065
8002	8525
8224	4688
6934	7623
8416	6908
6891	5723
8598	6571
6091	3106
7265	4309
6626	4104
7691	3843
7176	3156
7921	4548
6858	4555
6989	6741
7696	5128
5984	6117
7836	7387
7903	8262
4188	2961
7731	5362
6622	3652
6231	7168
6922	7410
8228	6498
6699	5819
4741	2001
5996	2969
8001	6343
8510	6492
5387	1518
7800	6601
5407	2354
6206	3192
7337	5321
7518	5569
6456	5517
7655	4650
6197	5497
6814	3554
7371	3606
6691	2880
7618	7918
6461	3078
7073	3630
7727	5944
5796	5096
7511	5440
6279	2763
6954	5029
5939	4006
6624	5217
7700	6634
5477	4916
4930	1394
6026	4207
5820	2774
5690	6812
6471	2357
5710	4639
6157	3128
6198	8124
8495	7052
6964	4713
6511	3336
7196	5597
6462	4979
7159	6998
8227	8103
8435	5981
6368	2822
7622	4983
5457	2313
6710	4312
8117	7618
9653	8059
7402	7139
6052	2547
7008	6387
6999	5466
6911	6384
7496	4836
5713	2099
6464	2745
7930	6688
6761	3983
6454	6994
8280	6751
7996	5343
7401	6280
6872	4840
5848	3541
7037	4646
8699	7123
7263	6319
7441	4892
7821	6995
7402	6671
7450	5566
6158	3027
6488	3068
6460	3312
7552	7283
6280	3213
7626	7770
6754	3237
7338	7387
6912	4738
5853	3478
6280	2933
8159	5334
7995	5711
7531	8510
5760	2649
5643	2447
7033	5752
7474	4969
6290	2759
6973	5286
8163	6329
7229	6545
8189	6495
7412	6446
7191	4298
7153	5114
7282	4893
7596	4403
6552	3995
5476	2568
8373	5718
6896	4217
5979	5993
8501	6756
7639	6481
9040	6454
6410	4949
7199	7362
6346	3039
7861	5481
4617	3540
7933	7041
8693	8743
7222	5035
7596	5820
5238	2531
7159	4420
7095	3446
7305	6320
8176	6363
6131	6767
6908	5091
7670	5427
5814	2631
6105	5323
7014	4647
6299	2842
6803	5466
7143	5480
6113	2840
7615	4575
5759	2482
8571	6492
7950	7349
7828	6661
6902	6023
7281	6207
6906	4744
7643	6113
7300	3174
6820	3492
6158	6546
8569	5806
5529	2537
7755	7935
6781	3538
7108	6530
7112	5260
6863	6277
5304	3187
6945	4373
6273	2636
7569	5070
7062	4323
7392	5095
6450	5509
6522	5076
6454	3322
7343	4252
7874	5869
6055	3232
7180	4959
7269	4714
5796	5238
6790	5376
6985	4502
6105	7236
6550	6359
6829	5880
7287	5545
7130	6709
5440	4512
5287	2604
8551	6434
6536	2864
8120	5785
7283	3826
6332	3406
6261	4566
6543	4136
7879	5497
7944	6277
5178	2785
7547	5173
7855	6788
8336	6382
7712	5090
5531	2988
6159	3283
7608	6272
5104	2982
6706	6471
7116	5081
6495	4899
6385	3844
3178	676
8181	6335
6461	3290
6743	3568
7362	7686
5692	2599
7213	6472
6206	5544
5492	2006
7263	6449
6538	3860
7778	6570
7695	4756
9037	6514
7780	5078
8093	7643
5539	2464
6968	4050
6917	6616
2864	522
7085	7971
8832	7151
6416	3392
7101	5298
7662	9465
7479	3748
7904	5430
5638	3793
7608	7052
6358	3971
7498	6074
6562	4736
8118	4557
5775	3414
4841	1709
6611	3321
5338	3641
6646	3829
5414	2171
6299	2629
6682	4312
7454	5767
7899	6441
5431	2427
7296	6044
7140	4761
6761	5230
7733	5590
7591	6383
7249	4176
6677	6289
6984	3173
7329	6713
6796	3030
5670	2003
6638	5783
6271	4193
7153	6301
7116	5566
8464	6939
7772	5836
6705	5737
4956	2191
6176	2758
8054	6986
6324	3223
6144	4289
7288	7939
6305	5550
6321	6511
6935	3904
8217	7234
8334	7593
7783	6086
8641	6756
7080	5601
7941	5011
5702	3677
8205	6346
8333	5401
5651	2785
7470	6678
7413	5945
6059	4698
7379	2773
8370	6328
8098	6849
4854	3044
7252	6490
6697	3172
7591	7776
6394	4742
6678	3894
7467	5959
4712	2950
7861	4845
7561	5488
5010	3912
7722	5692
8429	6884
7724	5363
7432	4196
8497	6537
6107	2875
6149	3356
8580	6845
6220	3764
8193	5781
6805	4838
7488	5976
7588	6853
6173	3538
5784	2367
7527	6720
6009	2761
6585	4710
7199	7234
6008	2678
7821	5934
6311	3680
6043	4645
5322	1703
8345	5770
8123	6149
6985	5847
5939	2716
8641	5750
7282	4683
7520	5557
7633	4550
7481	5503
5204	3226
7576	5089
8518	6582
7134	5457
6715	3407
8372	6043
8373	6730
7207	6374
8122	8140
7059	7360
6013	3502
5466	2575
7981	5560
6791	6082
7962	6376
6005	2464
7621	5191
7704	7649
7920	6481
8045	4373
7356	6857
6445	2839
6939	3881
5813	1678
7596	6105
8100	5116
6067	2470
8066	6361
6181	3157
6774	2597
7992	9043
7095	6194
5059	1918
5658	4079
7858	6408
9218	8873
6200	5447
5917	3909
5197	2802
6478	5059
8452	6977
7530	5214
7444	6927
6899	4042
8010	8207
8627	7762
6197	2915
7325	7044
7019	4609
6737	5872
7184	5269
7698	3295
4695	1637
6979	4076
9012	6184
8161	7465
6755	2911
6310	2562
8105	5585
6681	4267
7468	5510
7601	6781
6754	2540
7342	7292
6104	2485
8276	7868
7556	4435
8351	6101
7702	6096
5427	1875
7124	4915
8698	5994
7595	6440
7033	4813
7155	3853
6053	3368
7315	4939
7768	6435
6081	2982
7724	3622
6077	2564
6991	5281
8410	6573
6574	4415
4435	2771
7097	6047
7485	4216
5740	4363
8112	6626
6304	5189
7161	6347
5714	4791
6412	4467
7607	4865
8858	6518
7930	7393
8100	5539
7923	6372
5819	6155
7604	6401
6081	4102
7601	6197
6930	5666
7991	7096
6447	3237
7028	4350
5131	2561
8425	6269
7643	5272
7290	7332
7890	5249
8790	8424
8847	5425
7022	5014
7756	7734
7644	8721
6359	3533
9815	9999
7439	6373
6434	5138
7734	6571
5943	3426
5027	2159
8795	6529
6031	2538
6961	4880
8528	7591
7944	5762
8243	6951
4445	858
5933	2794
4994	1663
7404	4557
8020	6700
7023	4656
9371	7615
8337	8338
8035	7286
7086	3737
7351	4565
6654	5197
6991	6564
7244	6067
8333	5318
7244	5030
6511	3421
7054	4891
7528	6264
7374	3889
7601	5884
6356	2987
5900	5545
6497	4510
6286	2331
6797	4695
7760	5543
5665	3675
5985	3825
7531	7375
7923	3730
7583	6823
6131	2830
7906	7397
8095	6331
7904	6671
7230	5827
7219	4780
5796	3115
7404	7270
6339	5993
8191	7531
8542	5670
7990	6149
7335	5414
8441	7619
7293	3921
6783	5351
6320	2877
7378	5101
6595	4604
5181	1539
6754	4364
6979	7555
7467	5972
6873	3964
6501	6396
7590	5779
7481	5734
6876	5140
7010	5597
7840	6057
9376	8983
4175	1453
7857	6389
6960	6200
7030	3636
8354	7650
6852	7231
8606	5097
6810	6396
7223	6379
8579	6396
8235	6640
8187	7928
7300	5226
9167	6977
7367	5618
7482	5169
6837	5922
8258	6643
6230	3849
7784	7045
8391	8584
7924	6100
9121	7166
8812	7124
7319	7134
7718	5414
6842	4176
8528	7655
4789	3298
8021	6343
7906	4462
6128	2893
7762	5692
6411	4962
6557	3512
6011	3623
7132	8734
7471	8013
5606	2569
5834	2862
7274	3806
5916	3643
7804	8112
6160	3852
6601	4189
7863	7644
6264	2913
7644	7581
7989	5402
6315	8489
8041	7224
6867	6958
8781	6774
4692	2094
7883	5481
7367	4771
7403	5151
6760	3896
8273	6477
6076	4720
5242	2711
5858	2554
6669	3682
6842	4455
6713	3102
6219	5900
6029	2553
7082	8073
8355	6829
8134	6794
8453	7577
7074	5787
7662	4914
8392	5949
6471	3448
6741	4487
7044	3314
7477	4569
7366	4289
6827	3032
6266	2742
8518	7706
6123	4156
7583	4242
8352	6976
3143	1631
6890	2926
7765	6597
7327	5800
6576	3564
6633	2865
7982	5584
7437	6783
6862	4640
6401	4710
7482	7890
7894	5820
5417	2079
8246	6214
8578	5174
7418	6030
5713	2327
6310	3567
7156	4272
6611	4023
7163	4356
6772	3786
8027	7570
6363	3054
7486	7062
3885	1013
4058	1432
5939	3391
8510	7074
7353	7183
7772	4877
7903	5621
7107	4139
6953	6352
7208	4088
5683	1518
6922	2414
8105	6239
6796	3873
7335	4459
7199	2926
6796	3124
7721	5602
7021	6191
8306	8143
7157	4205
7386	6500
5402	2819
7049	4165
5568	2756
5518	2948
7913	6104
8434	8888
9071	8754
8616	8940
7641	7842
4683	2190
6953	4204
7895	5224
8567	6902
7042	3789
7430	5332
5316	2221
5049	2945
7639	7247
8726	6123
3860	1980
7113	6470
7218	4941
6966	4517
7334	2916
7573	6854
6038	3037
7264	5041
7773	5899
7411	5685
7849	8853
6079	6606
7562	5566
7260	6826
7328	4622
4842	1681
7986	8178
7589	7421
7187	4929
7261	7192
6855	5113
6363	2475
6907	6700
6954	7051
7709	4518
7025	4800
6581	5724
8226	5889
9014	7499
8496	7517
7895	5136
5504	2039
7050	3656
7364	5722
7292	6451
6738	3419
6208	3611
6168	2409
6299	2875
7100	6106
7500	7764
6840	6024
6802	5094
7445	5078
5837	3279
7508	5236
7836	6486
4880	1950
7553	6652
6474	4780
6991	5752
9117	6973
7759	4381
6899	5865
5404	2500
3426	1581
8092	9607
7734	6799
7667	5462
6195	2320
7655	5888
7092	4255
5997	3710
8239	7269
5650	3453
8322	6028
7233	6006
6906	4580
7224	5872
4875	1796
8622	6959
6070	6293
7984	7173
6138	3560
7531	5743
7189	5063
8008	8065
7106	4647
7573	5676
5652	2715
6251	3188
3829	1159
8456	6182
6288	2714
7243	5354
6064	2877
6666	4421
6734	6255
7168	4907
5951	3725
7569	7421
5503	2954
6830	3687
7441	3621
6706	5162
5829	2727
6594	4783
6769	3579
6574	6127
6923	5312
5256	2998
7234	7957
6246	5827
6562	5587
8581	7134
4705	3872
7526	6872
6940	7153
7144	5233
4959	2932
6427	4261
8208	6756
6966	4604
7224	6051
6101	6571
7037	4366
5146	1652
5317	2731
6876	6253
5689	3078
7823	6686
7891	7212
6448	3298
7062	5914
7464	6229
6083	2859
8291	8989
7546	5248
7853	7301
7431	6647
7127	4804
7016	6618
7419	5839
6174	2966
6820	5428
6851	6132
6817	4069
7960	5535
7650	6042
4841	1863
5545	2741
7961	6032
6104	2558
4964	3095
6478	3317
7808	5921
6284	6319
6458	4118
7313	4909
6830	5456
7385	4870
8211	6401
6827	7358
8380	7745
6836	5686
7119	3245
6620	4819
8848	7184
8103	5427
5916	4079
6150	3442
7792	9821
7436	4925
7775	4466
7286	5378
7446	5854
7623	4297
5746	4524
7892	6024
7912	6352
7578	6848
7963	6541
7386	5992
8590	4829
7947	9129
8091	6760
6241	5172
7553	6301
8425	7085
6017	3073
5711	2341
8493	8272
5968	6273
5779	3265
7550	6207
6266	4099
6015	3623
6796	4322
7470	4849
7910	6254
7856	4791
6757	5375
6626	3827
7512	4258
8165	5758
6396	3603
7689	5453
6365	3342
7864	6014
7623	7436
4567	2384
6184	3908
6612	5147
6631	3425
9015	8396
6833	5675
7414	7422
7685	5430
8327	8615
7258	5849
7886	8312
7055	4703
8290	6056
6501	6038
8812	6061
6742	6360
6848	7150
6081	2588
7072	7788
7512	5933
7812	6255
7205	6311
7689	6191
6508	2629
7459	6046
7712	6636
8643	7399
6616	6202
6636	2658
7571	6713
6563	6975
5643	3470
7557	6283
8623	7885
6368	3313
8143	8188
6228	5275
6778	4104
6700	4272
6426	3969
7564	6677
9089	7508
7348	4371
7844	6691
6464	5097
6485	4353
6739	7173
7310	8644
7791	6120
6083	3490
9027	7892
6828	4631
7532	5299
8193	6694
7522	4269
7223	5301
9168	9633
7993	5988
7237	6452
5948	2590
7445	6206
8490	6904
5182	2936
7061	7417
7408	5318
7057	6315
7981	7694
6791	6076
7025	6225
8844	8326
7966	6230
7270	5994
7675	6119
8225	6763
7068	5037
7072	4372
7965	7642
5043	1512
6968	5577
6252	4970
6887	4760
7866	6231
8787	7843
8089	5432
7505	6563
7119	5488
7883	8174
5861	4464
6302	6701
8104	6738
8138	5522
7757	6067
5394	1488
7816	6992
8261	5490
6542	4245
6056	3688
7089	3312
4503	2691
9083	6874
6685	5469
7265	7261
7964	5621
6203	2816
6669	3005
7217	4720
8214	7587
6672	8148
6513	3931
7002	6172
9046	6182
7238	5691
8985	7614
6461	4348
7867	6155
8317	5077
6532	4828
5971	3200
7612	4742
5778	6044
6946	5978
7773	5985
8325	6691
8263	8399
7480	5986
7689	5203
6236	3011
5326	2506
8004	5140
6239	3471
8056	6853
7245	4990
6853	5442
6352	3131
8139	6902
8055	7056
7717	5408
7255	4542
7995	7595
7649	6149
5937	4265
6530	7618
8592	6546
7131	5392
8552	7732
7666	6130
8018	5516
6299	2746
7601	6480
6961	6208
6251	5264
4882	2277
7382	5031
7613	5296
6820	4364
6414	5284
6817	3648
7807	8984
7816	6555
4936	2195
6478	3617
3079	1118
7854	7037
6302	2807
4961	2432
6670	5706
6888	3036
7398	4437
7124	4198
6725	5258
5646	2206
7625	5070
6083	5044
7145	5408
5343	2508
7422	6282
6195	6370
7913	6137
8675	7381
7569	6459
8347	7593
8892	8087
6831	5214
6185	2648
7652	4756
7761	6912
9080	5863
6831	5049
6804	5819
7070	4373
6430	2885
6080	3183
7738	5541
7800	5994
5460	3035
5338	6505
7177	5945
9370	4773
7119	5022
4526	2621
7460	6712
7059	6389
7891	5348
7944	5701
6292	3150
8189	7766
5903	2500
7124	6583
6058	3733
8353	6613
6489	2850
6681	6200
7312	6250
7235	6574
7550	6697
6048	2612
6335	3877
6179	3872
6682	3195
6545	5477
6109	3810
4614	2640
7624	7469
7542	6174
5792	3081
8257	5394
8747	6346
6932	5465
5432	2833
4439	1093
7482	6592
8160	5321
6937	5155
5337	2281
5258	2164
4977	1865
8006	6520
8395	5986
5872	5468
6833	3170
7202	5357
7320	5762
7965	7801
7462	3939
7452	5738
6403	4037
6654	2919
5553	2223
6721	4578
6058	5377
7254	3866
7293	6109
7718	6274
4752	1883
8724	5860
7194	6061
7274	8067
5226	1969
8160	7116
6471	4438
6170	3983
6796	4532
7245	5586
5938	3127
6894	4996
6928	2983
6652	3989
6124	5373
5211	1516
7951	5462
8162	6411
7224	3917
6857	6284
6594	4625
7788	5618
5554	3777
8047	6592
7702	6304
7064	3579
7745	7116
8303	6853
7315	5081
8049	6165
7307	5302
5811	3664
7638	6014
7367	4882
7980	7020
6797	3416
7732	6243
8273	5380
6739	5137
6847	7078
6919	6024
7953	6472
7559	5357
3230	817
7489	5927
5008	2438
7385	7668
5859	3531
8799	8051
5389	2581
8192	6419
6912	4904
6316	2647
6820	3678
7288	5436
7312	5653
6862	4565
7571	5005
5563	2452
6807	3011
4604	1221
6132	4661
6682	4626
8774	8522
6690	5316
8147	5667
7130	4776
5100	1828
6865	3362
6474	3689
5652	2995
5200	1739
6896	4833
8710	8577
6656	4277
8029	5102
7564	5424
6940	4744
8345	6471
6364	3193
8077	7793
7267	5840
6852	5878
7355	5929
5491	3839
8508	6137
7706	4112
5519	2736
6430	6066
6963	2641
8650	5676
6709	4240
6194	2530
8077	5876
6295	3063
6886	3219
8115	7441
7255	4320
5414	2543
8247	4995
9166	8532
7943	5214
6561	2739
6066	3204
5602	1961
6836	4164
5659	2764
7116	5395
7374	5842
7694	5699
7970	7177
8898	8137
6140	3747
7436	7893
6065	3803
7452	4861
7747	5383
6647	2532
9066	6791
7718	5267
6530	4796
7427	4309
6208	3380
7626	6408
6544	3938
6708	4924
5898	1703
6944	5692
7326	4145
4662	1305
7423	6672
7260	4029
5484	1682
9082	6470
5244	1885
6222	3961
7515	6263
6073	3439
6701	4549
7879	7861
7254	5287
5395	2071
5166	2201
7403	5447
8060	6050
8797	7913
6120	3088
7388	4514
6433	4035
6727	2769
6348	5089
7814	5811
5582	2183
6065	3488
5957	2830
8130	5316
5885	3276
7614	4604
7770	7140
6647	5603
7613	4390
8482	7338
7782	5543
7453	5139
5468	1995
5025	3291
7243	5747
8393	6963
8887	6496
6930	4681
6876	3523
7589	7925
7974	5552
7448	4653
5910	2331
8421	8019
6181	2356
4953	1847
7051	5957
6349	4144
5022	2437
4981	2695
8070	6454
7160	5843
6626	4520
7671	6646
7227	5487
7026	4581
5756	2518
8718	6165
5524	1942
7940	4370
5635	2523
8069	5265
7087	5256
7108	6323
7737	6338
7145	6064
7972	6419
8199	5121
6723	5246
7394	5978
6342	3831
4397	2478
5752	2538
6269	5095
6718	2886
7527	5821
6788	3564
8130	5524
6670	5238
5819	3234
8391	7554
8044	6636
6452	3880
8220	6129
6360	7483
5962	6912
5766	2574
5702	2788
8002	6889
6846	3378
5223	1444
8912	7755
7172	3437
8951	5913
7995	8548
7641	6432
6483	4183
7393	5723
8479	6163
6618	5319
7635	5912
7793	6029
9407	7881
6065	3241
7663	6769
8532	6077
4106	2415
5226	2581
7003	4853
7115	6649
7180	4644
7729	6067
5541	2632
6232	2635
6849	6007
7269	4558
7301	4227
7723	5513
5793	2890
6909	5402
6564	5758
5677	3889
7058	7125
6331	4308
6516	3110
6470	2367
6962	6147
9245	7555
8471	7174
8490	7713
7056	4393
5650	2577
5345	2894
8082	7448
8403	7051
7332	5337
6360	5732
8185	5965
7485	7510
7124	3036
4469	1308
5549	6267
7634	7707
7043	4563
7555	7658
5505	2323
8792	7718
6110	4981
6677	2564
6353	4645
5559	3025
7493	6668
7373	6509
5918	4143
6980	5974
6000	3087
8386	6933
7115	6337
6340	4333
6289	4196
5812	2593
7338	3792
6742	4599
5144	2555
8322	7769
8198	5790
7352	4736
6159	2393
8831	8221
8062	6316
6669	4453
7950	7776
6709	3489
8183	6192
8289	6250
6978	3783
7227	5331
7227	5249
6457	2415
6182	2895
7082	3089
7010	6916
5576	3028
6311	4094
8615	7711
7632	3874
6055	2877
6552	4966
8310	5370
6812	5331
7364	4868
7444	5128
7221	6267
6985	5335
7186	4681
6204	2740
7541	4539
6671	3702
6978	5656
8445	7759
7223	6007
7221	5577
5817	2557
8729	6795
5057	1762
7791	7399
7054	3878
7117	4431
7272	6484
7829	7456
6474	3704
7840	6185
3984	791
7501	6344
7194	4996
5999	2835
8164	4842
6522	5528
7788	5741
7878	7827
8233	5196
6930	5683
7633	4773
7894	6711
6007	2724
7726	6208
6799	4658
7428	3540
7329	3864
6329	7321
6427	3445
6066	4740
5342	2264
7288	5006
7300	6546
8520	6725
4572	1456
5678	3232
7298	7343
7023	6026
6524	2538
7198	4861
6769	7494
8364	7752
6013	5180
7253	7954
7298	5029
6505	4207
8144	6147
7321	7171
7835	6977
6404	6227
8239	6522
7347	5761
4941	3448
6877	5543
7579	6711
5999	6665
8524	5573
7665	5529
6507	3575
5610	4135
7964	7151
7900	6172
7173	7045
5619	4572
7180	5516
8725	6579
6883	5554
8298	6695
7495	6085
3253	731
7797	6339
6366	2998
6663	4789
8265	5599
6560	3736
7051	6551
7970	5962
6930	2839
8711	7210
7719	4859
6488	3654
8142	7264
8568	7030
6542	3850
7315	5850
6846	4910
8505	8249
5535	2893
7235	5927
5173	4251
6185	3773
7745	5845
6669	3459
4537	2179
7176	4082
9199	7031
6634	4244
8395	6427
5217	1837
7004	6215
9704	8989
8393	8693
8119	6763
5897	5299
8309	7054
7258	4737
2892	369
6026	4564
7417	4996
7737	6884
8567	6391
7599	6125
7390	5883
7666	7945
8798	7162
7953	6558
7368	6351
8135	6315
5408	2776
7437	5544
7298	6236
7462	6974
6187	2257
4767	1996
6932	2984
7522	8289
8532	6605
5504	1865
8052	5556
7782	7058
7751	6285
5374	2648
8231	7595
5308	1981
7152	6503
7809	7300
7209	3928
7557	5333
5116	1453
6890	5521
6495	3983
4242	1880
8043	7796
7197	4563
7407	7946
8474	6452
5790	2667
7780	4321
6027	4927
6030	5419
6834	4666
7884	7997
6986	5986
5239	2809
5202	6496
6878	3942
6528	3656
7767	4808
8817	5952
7526	6001
5402	4064
5727	4574
7470	5374
7000	5956
6040	3100
7115	5523
7691	4747
5904	2818
6379	4673
5678	3198
5906	3795
7404	6397
7473	3575
8398	7008
6803	3742
6612	3016
7463	5437
8246	4962
8102	6974
7445	5335
6337	4340
7464	6067
7858	6834
7313	5953
6139	2411
5531	2372
6586	3341
6914	5820
6073	2776
7247	5494
7978	7465
8024	6721
7297	4124
5245	2832
7337	5612
7945	7182
9034	9232
5647	4844
6903	7037
5191	2379
6432	2929
7471	7694
7803	5323
5952	6373
6871	4352
7922	4883
7551	5663
7500	5531
6698	3649
6402	6690
6415	3376
7735	4747
7223	6308
7402	5364
3379	658
5741	1966
4867	4472
5284	2870
8668	8744
6994	4866
7057	5684
6715	6060
6542	4993
5708	2812
6279	5065
7801	8619
7591	4923
7537	3704
8351	6217
8190	7358
5386	3444
8090	7443
4799	1224
7537	8080
7442	5951
4870	2308
8315	6702
3895	745
7716	7802
6648	4940
7905	4089
6761	4247
7571	6132
7002	5334
7186	4827
6158	3097
5240	2768
5817	5988
6991	6517
6332	4311
5606	2926
6219	4655
7531	7502
6510	4796
9184	8593
6854	4451
7869	5435
7256	5042
5853	2091
7001	4267
3129	744
8710	7911
6545	3618
7582	5218
7847	6316
7474	5971
7709	5760
5994	3047
7778	5486
7471	5067
6505	6238
7895	6029
7948	4309
6509	3673
6549	3887
8166	5734
8450	6360
9170	8693
6444	4073
7116	6995
6957	3699
7477	6326
6959	5808
7580	5284
6876	4038
7484	4827
1738	0
5547	3219
7936	5798
6754	5207
7575	7659
8366	7396
6782	3959
5207	2590
8157	6905
7624	5605
7549	6828
7961	5802
7289	5744
7321	3630
7495	4646
6282	3400
6512	7737
7770	6723
7382	7769
6058	5301
6675	3427
6981	5275
7712	6413
7140	3677
7354	5675
4880	5821
6592	5350
8075	5351
6063	3631
6609	5659
6299	5848
5812	2220
5195	1468
7754	4448
5662	2621
8041	6226
6211	3849
5432	2029
6146	4472
7784	6008
7348	7130
7388	7915
7443	7183
7925	5967
7218	4033
7415	4387
5204	2739
5403	5312
7108	6463
9896	8693
8137	7491
7361	7324
5385	2266
7285	6442
9008	6369
7393	4233
7989	5387
6686	3264
7159	7770
7315	5976
6231	3005
8423	6639
8059	5188
5076	5237
7992	7450
7397	4707
7053	5180
6487	5702
5866	3165
7531	4692
8541	5815
7318	4409
5950	3977
6982	4589
7523	4139
7210	5191
7171	6534
4941	1644
7727	5479
7175	7205
6848	4138
7366	5216
6234	3469
8354	6581
