9031	8615
8983	8479
8562	8110
8364	7969
8998	8663
8227	6447
9076	8612
9063	8637
8991	8506
9069	8604
9022	8575
6288	6528
9238	8666
7992	7315
9007	8313
8832	8286
8488	7832
8342	8394
7631	8898
9051	8531
9065	8675
8599	8116
8477	8024
9260	8801
8602	8186
9231	8369
5672	5249
8814	8224
8584	8040
7811	7437
9189	8637
8934	8526
9063	8567
5376	7352
8320	7899
8998	8512
5865	5655
9005	8648
6499	8418
8553	8171
3233	3028
8901	8470
4077	3641
9047	8526
9124	8539
7106	6962
9125	8570
8843	8310
9096	8523
8817	8367
9116	8567
8967	8394
9200	8688
9319	8719
8721	8166
9109	8605
8936	8457
4102	4141
1660	1891
8320	7979
9076	8558
8683	8205
8081	6470
2735	2716
8878	8708
9308	8769
9065	8565
8409	8458
9233	8744
9047	8614
9450	8972
9122	8507
9065	8469
9058	8497
8874	8528
6574	6028
8657	8477
7930	7583
8909	8406
4680	4825
9224	8759
2812	2841
9016	8335
6576	6178
9043	8594
9189	8653
9195	8698
8963	8487
8710	8237
8956	8396
7994	8122
8537	8391
8958	8335
7984	7205
9229	8649
8152	7852
8726	8617
6251	5504
6109	5271
7498	6839
9078	8536
4192	6910
8407	7921
8323	8001
9113	8578
9231	8740
9178	8594
8515	8117
8916	8496
3752	3356
9155	8646
9215	8376
9153	8600
8994	8577
5101	5123
9282	8822
8994	7008
8198	7867
4060	4221
9069	8546
9277	8827
7824	7548
8274	7823
9171	8636
9003	8479
9051	8403
8464	7874
9269	8798
8983	8445
5569	5190
2963	2951
6175	5878
8874	8450
9176	8588
9206	8617
4064	4298
9094	8484
8626	8224
8325	7867
8637	7862
9065	8622
8693	8268
8912	8533
8856	8474
9200	8651
9406	8948
9273	8719
9197	8621
6034	6133
8930	8421
9003	8541
8409	7992
9300	8757
8941	8369
9368	8887
1773	1424
8611	8161
8985	8600
7671	7487
8347	7269
7921	7399
9386	8756
8384	7632
8338	7938
9014	8511
9251	8747
7642	7366
8978	8698
7210	6685
8934	8083
4004	3859
8413	7960
8608	8146
8261	7911
9242	8673
8444	7996
8263	7920
8555	8137
7330	7310
9368	8789
4470	4496
8478	8823
8985	8550
8447	7940
9031	8553
8291	8344
9084	8534
9071	8578
6503	6918
8965	8399
8579	8497
9085	8239
9084	8673
9373	8860
8774	8139
8630	8141
8845	8409
8949	8262
9058	8545
9402	8871
8848	8372
7352	7827
8859	8360
9313	8675
3904	3766
9231	8720
9171	8659
8874	8497
9133	7431
8976	8654
8362	7879
8741	8227
8914	8420
8331	7925
7419	6872
7179	6751
8261	7798
9042	8835
2916	2907
9173	8698
8300	8310
9029	8541
9406	8948
8535	7923
9362	8828
5482	5874
2644	2687
8344	7741
6820	6050
9098	8556
8462	8028
9069	8560
6579	6322
8841	8335
9341	8838
9005	8474
9111	8685
9089	8548
6215	6058
8189	7791
8918	8435
8980	8494
8817	8349
8323	7991
9184	8676
9142	8691
8453	7776
8714	8288
8832	8323
9410	8879
8976	7364
8854	8414
8400	8023
8662	8465
2566	2626
9269	8735
9324	8948
9663	9105
8717	8279
7088	6621
8276	7948
8134	7344
8887	8462
2648	2689
9016	8639
9229	8678
9255	8712
9001	8578
8345	8467
9014	8519
8601	8151
9043	8585
8796	8333
9341	8676
8980	8534
6102	6579
8351	7982
9541	9006
9171	8725
6244	5648
9193	8648
8976	8597
2201	2327
8380	8002
6481	7543
8562	8124
3401	3282
8249	6915
8050	7631
9258	8744
8912	8438
8630	8300
1153	1233
1950	2136
8888	8436
8876	8377
8311	7810
8949	8391
1724	1665
8693	8200
9147	8575
9178	8658
7325	7006
8393	7877
8653	8143
9087	8695
8998	7936
9011	8463
8834	8404
8974	8528
7877	6347
8980	8614
1789	1763
8466	7923
7613	6440
9056	8506
8415	7969
9063	8107
9100	8651
8207	7803
8416	7800
8604	8102
9166	8680
6978	8195
8280	7795
9076	8472
4574	4993
9027	8555
8945	7583
7334	6965
3169	3135
7855	8354
9049	8590
8489	8006
9045	8673
7491	7340
8652	8225
9060	8604
9027	8550
6512	6175
8254	7465
8535	8433
9328	8838
8263	7857
9142	8658
9197	8637
7542	6785
9395	8857
5874	4548
8677	8153
8810	8295
8881	8420
8593	8105
9284	8621
8194	7866
9135	8683
9300	8702
3838	3768
8987	8575
8892	8440
9018	8543
2296	2500
8416	7992
6873	6805
9142	8548
9229	8710
9067	8568
8932	8406
8433	7940
9244	8742
9071	8006
9253	8619
8943	8469
9098	8539
9058	8521
9209	8683
7762	7410
7257	6511
9032	8570
8991	8534
6619	7507
9058	8578
2737	2760
3543	3425
9140	8257
9093	8550
9009	8578
7780	7572
9200	8749
6546	6467
9248	8663
9136	8631
9032	8577
9169	8653
7972	7486
9337	8813
9289	8837
8387	7801
8969	8494
8943	8360
9395	8940
8693	8546
9078	8563
8314	7621
9094	8553
7614	7374
9147	8590
9494	8950
8910	8425
9105	8658
9135	8631
8533	8143
8393	8045
9492	8659
7904	8311
8991	8605
6927	5928
6995	6266
8830	8426
8234	7654
8998	8543
9142	8683
8690	8163
9226	8820
9047	8514
8546	8350
7614	8031
8965	8502
8830	8330
9032	8430
9032	8573
9610	9099
9362	8869
8876	8393
8334	7950
9078	8619
6073	6170
9113	8595
9156	8653
8606	8061
9215	8621
8402	7629
9614	9055
8794	8300
8772	8244
6453	3996
8910	8183
8675	8173
8263	8011
7882	7514
8814	7239
8690	8170
9206	8686
8467	8038
5850	6200
9109	8519
8989	8279
9032	8594
9063	8609
9222	8693
9102	8673
9116	8595
9076	8533
9178	8658
9178	8340
9091	8602
8961	8501
9000	8578
8043	7668
9381	8882
9116	8526
9162	8521
9439	8911
9464	8967
9124	8656
8936	8747
9005	8543
9060	8496
6247	5741
9246	8725
8302	8666
2710	2679
9122	8582
6062	5817
9413	8901
7605	6859
8249	7570
2677	2554
4871	4873
7647	7739
9040	8477
9043	8523
8260	7876
9534	8928
8610	8205
9131	8744
8936	8545
9054	8545
8960	8229
1698	1827
9226	8702
2099	1942
9129	8561
6975	7310
8980	8627
9027	8582
9147	8636
8673	8259
8416	7800
9127	8663
9023	8602
8938	8300
9275	8796
8039	7362
8865	8604
8006	7641
6187	6144
8533	7835
8396	7668
9054	8479
6277	6700
9060	8028
8743	8213
9151	8641
8706	8222
9193	8746
9001	8561
9042	8545
9255	8761
9364	8686
9140	8626
6743	6661
9011	8565
9012	8545
6880	6124
8673	8583
9011	8592
8601	7967
9043	8474
9014	8580
9096	8489
9104	8539
9218	8771
8557	8222
9253	8862
2642	2533
8566	8112
9104	8666
7600	6036
7882	8621
9078	8528
9448	8913
2496	2456
9093	8479
9463	9011
8958	8575
8444	8001
9032	8539
8876	8310
9034	8597
8972	8333
8380	7894
9359	8857
8389	7970
9455	8926
9189	8637
4693	5617
9229	8607
7492	6950
8991	8521
8899	8403
9151	8673
8584	8533
9043	8671
3976	6376
7635	7447
9109	8636
8952	8670
9149	8609
9073	8578
9198	8637
6103	5748
8272	7881
8426	8004
9060	8607
9408	8881
9078	8511
9534	9014
8852	8555
8231	8220
9348	8788
6235	6131
9450	8921
9226	8477
9045	8521
3772	3810
7199	7239
8405	7898
8610	7578
8528	8097
9213	8680
5907	5786
9053	8555
8451	7984
9240	8609
3683	3628
9499	8974
9375	8828
8094	7060
6216	6259
9104	8539
8759	8298
8712	8156
8484	8318
2655	2623
9040	8563
9094	8558
9065	8489
9025	8305
9189	9053
8524	8137
8925	8335
9023	8668
1	1451
1966	2158
9120	8703
9034	8649
8940	8453
8967	8588
4421	3967
9284	8518
8646	8202
9147	8661
8400	7604
6962	6599
8943	8450
7955	8141
9063	8480
9395	8874
8881	8360
9253	8735
9084	8509
9227	8729
8234	7467
9118	8727
9390	8871
8998	8546
8980	8474
9235	8747
9279	8771
8464	8007
9062	8610
8342	7654
8985	8507
9379	8845
8628	8165
8888	8470
6473	6894
8987	8438
8983	8359
8894	8276
9124	8612
8794	8166
9175	8720
8181	7702
8453	7991
2404	2525
9116	8617
7935	7551
9034	8668
9034	8622
9371	8854
9012	8560
8945	8715
8621	8159
1859	1883
8781	8550
9069	8553
8929	8371
9308	8808
8766	8261
9390	8313
8958	8450
9443	8948
8469	8627
8655	8124
8750	8224
8887	8242
8721	8205
1715	1760
9357	8825
6473	6418
8466	7872
9217	8560
8936	8504
8748	8337
8531	8173
9089	8575
8134	7555
9129	8588
9045	8567
8681	8313
8291	7526
8659	8227
8595	8068
8788	8335
9116	8507
8757	8205
9047	8570
8436	7898
9226	8688
6235	6290
8014	7112
8438	8026
9140	8801
8057	7310
9113	8643
9031	8560
8582	8470
9333	8678
8079	7666
8351	7381
9047	8237
9144	8680
9151	8695
9087	8597
9124	8489
8796	5307
6792	7190
8943	8494
8515	8235
9304	8568
8338	7719
9096	8592
8001	8610
9202	8688
8500	8165
326	669
9065	8555
8190	8208
9368	8865
8635	8190
8699	8185
8952	8521
8571	8067
9357	8908
8382	8045
8786	8310
9399	8941
6853	5829
9176	8585
9102	8668
8393	8298
9051	8666
8949	8453
9249	8769
8265	8082
8311	8060
9124	8658
2110	2381
8440	8354
7635	7435
8497	8043
6515	6094
8595	8242
8642	8366
9091	8583
6116	6082
8996	8533
9084	8475
9014	8558
9096	8573
8210	7668
9248	8771
9153	8666
9093	8676
8684	8171
9109	8573
9182	8654
9191	8675
9144	8683
8624	7759
8706	8239
9018	8595
8940	8563
9071	8572
9042	8607
5701	4913
9085	8587
9156	8622
8473	7879
1840	1932
8918	8367
2653	5204
8704	8129
9091	8538
8819	8436
8068	7263
9248	8477
8985	8572
8672	8349
8996	8501
9142	8627
8455	7560
2978	3015
8987	8567
9131	8523
8449	7945
8774	8332
8529	8087
8954	8496
3202	3165
8245	7915
6597	6445
8641	8193
8770	8092
9012	8338
8703	8330
9293	8778
8613	7925
8945	8489
9005	8499
9124	8624
8947	8340
4323	4467
8551	8117
7008	6790
9348	8840
8735	8327
8810	8442
8712	8171
9054	8575
9158	8742
6306	5335
9058	8577
9012	8494
8630	8241
9144	8651
5925	6399
7950	7957
9441	8926
9242	8724
8766	8435
9069	8568
9140	8646
9062	8567
8679	8176
3503	3628
9337	8879
9060	8555
9020	8484
2979	2951
2965	4575
6534	4156
3000	2880
9271	8808
8969	8485
8989	8462
8852	8376
9109	8594
8823	8420
9020	8523
9235	8691
9073	8567
7828	6970
9308	8749
9359	8764
9266	8585
3461	3342
9308	8730
9104	8588
9269	8698
6997	6398
8648	8259
9014	8467
9073	8597
4580	3797
9060	8450
8963	8497
8752	8482
8497	8631
6920	5783
8395	8050
8066	7918
9315	8806
7503	7810
9036	8658
8898	8443
2675	2653
9300	8751
5387	5469
9045	8460
9237	8789
8526	8148
8930	8526
8941	8514
9330	8827
7669	7114
8912	8511
9306	8795
8159	7719
8555	7448
8003	7567
8520	8090
8349	7521
8675	8301
7314	7857
8254	7578
9207	8697
6213	5391
8375	7947
9490	9001
8768	8330
9122	8764
8615	8134
9282	8470
8400	7994
7410	6497
9335	8827
9344	8712
8254	7810
8360	7997
9178	8651
8373	7909
9335	8813
9186	8752
9351	8828
7494	7403
5342	5334
8147	7556
6351	5384
9158	8588
9361	8852
7110	8374
8850	8396
9424	8865
9060	8560
9135	8560
8200	7068
4653	4683
9129	8637
9226	8700
8602	8163
9060	8453
8652	8215
8436	7985
8724	8274
8535	7987
7835	6202
9393	8506
8515	8271
4966	4641
7802	7293
3193	3016
9169	8825
8848	8322
9348	8822
2156	2086
8553	7719
7768	7019
5936	5388
2376	2353
4944	5151
8327	8048
8524	8089
8608	7648
8529	8029
8196	7322
8655	8038
9118	8621
2790	2775
9045	8594
8418	8043
9297	8795
1740	1751
8969	8512
9038	8519
8515	8283
9045	8443
9233	8749
9011	8482
9031	8550
8690	8308
8555	8137
9156	8624
9043	8514
2303	2243
9195	8769
8666	8448
8954	8381
8936	8445
6654	6383
8504	7979
8934	8436
7069	6626
5613	7761
6989	6487
9071	8489
9541	8301
9085	8543
8185	7764
9131	8671
2314	2250
9515	8720
7055	6058
7895	7475
8096	7921
8852	8398
8375	7827
8455	7965
8703	8192
9419	8899
8314	7881
9393	8869
2735	2753
9001	8561
9080	8594
8998	8519
8697	8168
9187	8661
9027	8543
8094	8230
9189	8664
7647	7386
9142	8600
9003	8555
9218	8675
4192	3751
8978	8553
9248	8808
8599	8100
8712	8252
8457	7945
8943	8474
9286	8764
9116	8735
9384	8855
9253	8376
2424	2439
4793	4087
7932	7656
8229	7384
8085	7977
9127	8631
7543	6655
8584	8146
7613	6879
6122	5937
2405	2290
9038	8649
2593	2500
9093	8572
8852	8224
8626	8273
2385	2466
8867	8379
9206	8776
8579	8139
9082	8612
8916	8506
9107	8698
9328	8786
9080	8582
8577	8526
9339	8827
9262	8762
8520	8034
5387	5315
9067	8519
8683	8338
9472	8943
6873	6009
9069	8698
8746	5280
9131	8769
9078	8501
8952	8421
9319	8700
9111	8644
8919	8369
8954	8404
9076	8663
8836	8262
1983	1910
8890	8506
8652	8200
8411	7784
6851	6859
9197	8771
9306	8761
9202	8847
8958	8506
7009	6530
9025	8588
9031	8550
8241	7849
8528	8006
7862	7384
9193	8506
8595	8002
9011	8518
9136	8509
9182	8767
9124	8666
9031	8536
9534	9033
9412	8570
9171	8681
9122	8683
8398	8075
8178	7810
9023	8484
9382	8759
8276	7719
2753	2706
7193	7249
9109	8639
9237	8703
7897	7550
9421	8587
8918	8519
8276	7665
2692	2599
9053	8328
6610	5832
7131	6813
8411	8011
8362	7947
9401	8871
6093	6072
9319	8816
6313	6381
9361	8832
9032	8413
9382	8874
7959	7540
7261	6557
9045	8614
6791	6388
8597	8340
9080	8612
8921	8482
9065	8597
5801	4482
8967	8511
8653	8615
2863	2719
8292	7877
9113	8565
8274	7839
9291	8761
9133	8663
8670	8183
8976	8435
9138	8028
8092	7964
8447	8089
9302	8844
8994	8469
2699	2680
7779	7011
9206	8746
8504	8165
9054	8646
7341	6621
9184	8624
4077	4344
9306	8619
9197	8631
9131	8654
3490	3209
9104	8193
9003	8607
8961	8458
9011	8539
2786	2653
9207	8619
9036	8306
8885	8045
9043	8479
8593	8181
9233	8592
9043	8590
6716	4273
8981	8506
8653	8249
9040	8328
9419	8940
9067	8668
8655	8013
9308	8686
9025	8585
9022	8607
4784	4303
9114	8590
9359	8832
8971	8504
8549	8038
8912	8425
9331	8825
7594	7388
9169	8646
9237	8643
8416	7854
8431	7974
9096	8641
7800	7906
2456	2758
9399	8864
8974	8480
9271	8447
8610	8139
9348	8769
9497	8974
9408	8882
8854	8431
9317	8621
8256	7671
7686	7769
8477	7958
9209	8720
8992	8681
9016	8475
4850	2876
8387	7528
9009	8575
8063	7757
9116	8582
9098	8648
9330	8757
9218	8715
9310	8800
8837	8518
9237	8725
7822	4140
9248	8734
9058	8298
8888	8908
9047	8573
9102	8391
8865	8418
6833	6915
9058	8626
9155	8779
9011	8443
8404	7955
8812	8310
9284	8592
9122	8631
6895	8637
8794	7980
8393	8300
9027	8414
9129	8560
8364	7915
8511	8215
9302	8558
1731	1826
9032	8597
8899	8490
8673	8055
9166	8813
8528	7774
9156	8480
9107	8560
8936	8413
9045	8563
8830	7930
9227	8599
8940	8433
6566	5736
7339	7124
2473	2486
5014	4753
9304	8805
8779	8295
6116	6592
9166	8697
6586	7562
8788	8241
9007	8604
9300	8881
9043	8497
9171	8654
8958	8475
9280	8759
9009	8555
9317	8749
8584	8246
9213	8627
8774	8129
8549	8112
9311	8776
2121	2033
3331	3293
8752	8328
8405	7763
8918	8502
9100	8614
9018	8485
8365	7602
9003	8511
8633	8083
8723	8227
8205	7820
8559	8143
5289	6741
9237	8668
1664	1711
8307	7886
9166	8609
9012	8565
9047	8631
9171	8705
9118	8641
9125	8739
8821	8489
8910	8458
8542	8085
9107	8594
5207	6148
8985	8333
8418	7953
9058	8561
8817	8369
8373	7903
7764	7970
9056	8499
8967	8497
8493	8045
9277	8577
9113	8595
9224	8497
9020	8580
6401	6362
8426	8034
9361	8700
7593	6420
8757	8192
9176	8480
8307	7925
8167	7742
9198	8702
8560	8119
1975	1917
9475	8764
8985	8516
9023	8521
3470	3858
8112	7592
8958	8490
9341	8811
8404	7573
6484	6269
9169	8629
9160	8659
9155	8580
9031	8580
4822	2854
3761	3663
9078	8575
8743	8244
1727	1635
8757	8418
9018	8585
6419	6177
4844	5143
9022	8585
9133	8707
7964	7268
9062	8583
8757	8296
8467	8186
8996	8632
8586	8065
8896	8469
8919	8433
8677	7688
8309	7725
8918	8545
8398	8036
8380	7894
8580	8305
3712	3094
9054	8671
9302	8816
1505	1473
8746	8337
9127	8610
8726	7940
8929	8477
8963	8227
6752	6134
8457	8007
9001	8580
8108	7666
8916	8501
8560	8139
4593	4650
9104	8583
8010	7518
9466	8943
7350	7104
8318	7958
8744	8305
2467	2429
8963	8587
1549	1513
9151	8563
8466	7560
9049	8512
9284	8751
8462	8072
7769	8215
6922	6452
8894	8440
9441	8864
8396	7744
9585	8271
8138	8609
9111	8567
3667	3498
8599	8165
8888	8693
9145	8543
9094	8637
8770	8246
8344	7372
8978	8482
9149	8624
8916	8396
9333	8767
8927	8386
8819	8301
9142	8507
7223	6482
9271	8653
8411	7891
6634	6580
8311	7555
8314	7828
9104	8735
9131	8609
7261	7149
9113	8533
8327	7825
7079	6877
8912	8908
7919	7513
8336	7860
8878	8546
9031	8550
8601	8126
9025	8479
9173	8732
8903	8641
7722	7791
8358	7747
8761	8431
9361	8960
8354	7877
7534	7293
4281	3983
8960	8487
8167	7249
9176	8783
9238	8563
9060	8561
8462	8053
9105	8671
1751	1881
8761	8232
9330	8815
8327	8004
8967	8506
9022	8526
9096	8587
2710	2674
8473	8068
7771	7472
9111	8521
9107	8678
9067	8556
8345	7925
9289	8730
9217	8614
9120	8484
9310	8803
8484	7972
3129	3099
8035	6847
9054	8499
9428	8963
9125	8567
8963	8570
8460	7499
8622	7666
9018	8447
9282	6464
8221	8268
8958	8455
9144	8543
8533	8029
9144	8600
9320	8862
2819	2660
9330	8710
6317	4704
9065	8523
9379	8840
8945	8629
3590	3331
7638	7246
2814	2670
7662	7376
8723	6685
8989	8480
8766	8362
9244	8712
8817	8518
7684	6812
9171	8664
7913	7874
9098	8387
2533	2473
3094	2984
9227	8789
9051	8567
9005	8533
6874	6285
8983	8480
9353	8789
8477	8024
9120	8631
3202	3187
9129	8632
9326	8249
8777	8252
9074	8666
9045	8583
8615	8137
9114	8519
7186	7653
8965	8393
8292	8100
8110	7587
6809	6673
8435	8210
1483	1496
8518	8072
6884	7121
9320	8828
9018	8409
9053	8507
9455	8972
9102	8680
9045	8602
7204	7124
9065	8509
8961	8489
8976	8158
8836	8458
8759	8325
7226	6121
9408	8950
9084	8545
9054	8610
7616	7472
8369	8099
8520	8102
9526	8996
9063	8580
9009	8512
8205	7200
8974	8695
9295	8773
3167	3251
6182	4879
8996	8590
8610	8401
5198	4758
9107	8588
8466	6780
8187	7779
7503	7080
2788	2859
5057	5025
8699	8262
9258	8710
1931	2020
8799	8308
8506	8021
9160	8708
8987	8291
9370	8700
9007	8602
8404	8043
9401	8891
9381	8832
9324	8808
9229	8727
8444	7987
8354	7599
9178	8641
8690	8222
9135	8602
9286	8778
9014	8600
8859	8254
8314	7904
311	645
3541	3378
8825	8364
6783	6381
9311	8789
9063	8631
8551	7506
8724	8271
9291	8668
9145	8734
8978	8661
8790	8315
5141	5472
8378	7930
9129	8587
8759	8482
8529	8259
9022	8534
9014	8514
8759	8317
9084	8551
6198	7298
9142	8550
8938	8409
9067	8572
9189	8859
8938	8570
9133	8594
7822	7705
8927	8420
9359	8820
8969	8595
7669	7198
9229	8597
2579	2503
8703	8409
9337	8844
8856	8151
9308	8759
9291	8725
8903	8443
9399	8882
7789	7612
7786	7570
8885	8283
9071	8528
9326	8627
9189	8697
8852	8291
9291	8784
7585	7300
8980	8567
9135	8827
8985	8460
3147	3204
1846	1991
8981	8290
5876	6013
8289	7936
9040	8533
9085	8546
8641	8181
8535	8146
9521	8985
8604	8102
8714	8242
4729	5665
4274	3866
9206	8396
9224	8800
9311	8773
7997	7783
9220	8715
8597	8116
6402	5999
3621	3508
8744	8707
9297	8663
9207	8771
8079	7403
7325	7632
7755	7830
8433	7974
9060	8604
8832	8261
9175	8643
9166	8644
7667	7306
8520	7996
9113	8590
5577	5964
9014	8587
8449	8126
9242	8585
9388	8781
8560	8376
8837	8345
9038	8379
3131	2896
8863	8452
9497	8827
8985	8636
8349	7734
9251	8766
9186	8806
8921	8450
9133	8588
8848	8350
9018	8543
8396	7984
8621	8178
8991	8568
8950	8433
8683	8056
9038	8541
9563	8474
8806	8381
9439	8805
9109	8751
9125	8588
7563	7876
2453	2437
8721	8246
9189	8712
9313	8690
8189	6638
5424	5835
9289	8766
8803	8325
8905	8460
8996	8296
8491	8068
8971	8592
9200	8773
9107	8583
8699	8261
7496	7334
9094	8653
9357	8871
7224	6546
8739	8244
7153	6964
9392	8627
9067	8637
8280	7773
8941	8433
9089	8565
9184	8675
9125	8656
8693	8156
8888	8524
9051	8541
7328	7673
9289	8786
9156	8604
8972	8485
6364	5656
8823	8381
8662	8259
9244	8767
8898	8396
8983	8078
8380	7904
8451	8051
9160	8730
185	1
9025	8538
8743	8024
9251	8690
8699	8061
7244	8394
9379	8859
4747	4491
8557	8051
9007	8597
9127	8636
9320	8811
9184	8572
8003	7556
8794	8340
9135	8675
9193	8700
8344	7710
9058	8761
9151	8614
8478	8004
8998	8561
7975	7744
7593	7306
8701	8426
9069	8354
8460	8264
9293	8762
8945	8663
7368	6533
9129	8637
2846	2761
5411	5310
8349	7908
8905	8144
8963	8333
9206	8671
8916	8431
3154	3145
8974	8465
9224	8781
6226	6068
8947	8300
8646	8151
9073	8676
8502	8028
8940	8506
9444	8896
9472	8947
9036	8545
9073	7575
9027	8619
9107	8754
9060	8609
8533	7840
9474	8933
8622	8181
8395	7768
2365	2739
8748	8212
9156	8553
5967	5945
9255	8715
8342	7928
8644	8398
8721	8215
9054	8577
9186	8632
7873	7457
8890	8442
8462	7997
9299	8761
7531	7408
7602	7349
4080	3950
9136	8653
9255	8808
9016	8528
9246	8742
8484	7996
8918	8725
9162	8619
9315	8798
8703	8195
9018	8604
9388	8776
9025	8572
8967	8528
8992	8442
9441	8908
9045	8531
8987	7790
9198	8651
9102	8654
8590	7668
9204	8783
8081	7810
9419	8889
8976	8504
8940	8387
9111	8582
9388	8899
8905	8364
9306	8789
8872	8273
9063	8592
8303	7855
2385	2371
9104	8583
8888	8430
9045	8489
3058	2962
9171	8533
6554	6040
8941	8435
7717	7281
9207	8683
9381	8754
8914	8452
8803	8551
2690	2728
8435	7916
9401	8884
3827	3724
9105	8639
8537	8604
9058	8399
8325	8016
8300	7844
9000	8529
8890	7550
9125	8605
8274	8075
9176	8685
8172	7724
8460	7950
8863	8693
9218	8575
8963	8433
7913	7472
9235	8659
8455	7948
8899	8472
9313	8767
7119	6562
8646	7551
8539	8132
8518	8507
9249	8732
9005	8523
8615	8146
8404	7480
8389	7953
8243	7839
8633	8082
9135	8668
9200	8685
9413	8889
9195	8668
8438	7698
9268	8844
8978	8523
9187	8600
9182	8681
9207	8691
8956	8556
8976	8577
9067	8697
9197	8705
3472	3501
9001	8480
8796	8347
6869	6754
9060	8472
9195	8617
9299	8632
2551	2486
8364	8105
8185	7894
9105	8712
8092	7570
5642	5550
4432	4070
9215	8722
9581	9055
9195	8634
9293	8786
6918	6847
9120	8561
2681	2655
3545	3677
9162	8676
9082	8605
5498	4087
8320	7882
9087	8605
9080	8580
9289	8744
9350	8896
6360	6617
8338	7572
9056	8524
8963	8514
9054	8531
9113	8681
8715	8462
2380	2395
9271	8781
9094	8487
6638	5592
6712	6048
9124	8506
8478	7536
6083	5653
3193	3197
9016	8523
2560	2533
8726	7953
8283	7833
9306	8800
5896	5979
9401	8730
9031	8534
8354	7489
9096	8528
9100	8546
7082	7002
2353	2555
1972	2067
8741	8127
9399	8882
9127	8727
8599	8151
8513	8116
8458	8011
1215	1337
8659	8744
8325	7685
1560	1702
2635	2535
9191	8708
9361	8859
8854	8575
9320	8720
8560	8075
9299	8789
8280	8105
8371	8007
9752	8426
9317	8767
9100	8565
9386	8857
7418	6893
8932	8477
9197	8303
8706	8364
9299	8847
4997	4371
8750	8276
9277	8773
8938	8472
9093	8563
8300	7867
8323	7823
7908	7580
8872	8376
8218	7725
8601	8161
7478	7626
9009	8524
2462	2527
9284	8747
9007	8489
8845	8310
9042	8556
8546	8257
8176	7641
9073	8563
9063	8629
9040	8539
8992	8431
9156	8668
9093	8685
4321	3702
3643	3515
7651	6925
9058	8507
9003	8469
9279	8668
9546	8997
9408	8867
6171	7306
9144	8612
2681	2626
9461	8938
9027	8506
8006	7639
8158	7991
9320	8796
2677	2653
7669	7212
8954	8043
9226	8693
9109	8502
9029	8565
8783	8317
7897	8303
7294	6950
6818	5921
9470	8916
2624	2574
9291	8744
9167	8668
9191	8717
9224	8742
8668	8173
7079	6693
7512	6974
8172	7665
9051	8573
8907	8377
8956	8737
8823	8359
9397	8852
8737	8266
8978	8632
4481	4342
2724	2697
8938	8295
8524	7972
9242	8686
9078	8621
8631	8170
8785	8366
8991	8465
5602	7747
8559	7893
8719	8224
8947	8675
2810	2626
8808	8506
8748	8301
9612	9019
9282	8735
9291	8845
8158	7609
8637	8198
2622	2565
8087	8536
8704	8065
9328	8713
8960	7933
9342	8474
9049	8573
8650	8159
9335	8813
9193	8801
1179	1224
8500	8009
9186	8691
8668	7752
7319	6845
6083	6247
7341	6663
8666	7985
8447	8016
8362	8009
8568	8116
8570	8126
9381	8881
9109	8592
9109	8609
6124	5768
9056	8523
8890	8413
8604	8124
8338	7876
8269	7651
9375	8872
5424	5307
9173	8646
8856	8362
9111	8548
9162	8529
8919	8467
9291	8727
8983	8291
9000	8539
9129	8621
7017	6747
9032	8553
8511	7964
9235	8771
8715	8376
8732	8286
8110	7751
8744	8124
1314	1319
9058	8561
2631	2670
8650	7889
9198	8646
8486	7546
9149	8545
7277	6464
5209	3418
8489	7583
9049	8555
7336	7252
7702	7754
2615	2655
8768	8070
8821	8337
9118	8539
6761	6070
9127	8541
8256	7850
9133	8615
8972	8734
9284	8776
8648	8291
8404	7980
9324	8720
9105	8822
8597	7832
9282	8845
6428	5940
8172	7784
2491	2614
8101	7555
8473	7649
9001	8605
6151	5908
9107	8649
9053	8543
9136	8712
8834	8443
9049	8528
6590	6682
9257	8636
2996	2918
9435	8923
8947	8308
1828	1822
8832	8360
9333	8837
8790	8112
9164	8761
9051	8580
5230	4788
7582	5178
8039	7683
9357	8869
8385	7962
5737	5303
9484	8994
9264	8800
7184	8911
9076	8600
9269	8911
6526	5781
9198	8595
8489	8050
7259	8411
8954	8457
513	738
7031	6815
9042	8561
8517	8033
9488	8972
8334	8553
8874	7948
9149	8568
8985	8512
9069	8487
8486	8019
3371	3405
6351	5854
8996	8479
8433	8040
8779	8344
9082	8507
8280	8594
9277	8703
8956	8448
9162	8793
9045	8538
9065	8649
8976	8440
9023	8597
9093	8729
8879	8423
7826	7369
8934	8433
9215	8778
7966	6183
8435	7977
6893	6633
8159	7791
8870	8892
8289	7862
8788	8908
8958	7918
8883	8506
8841	8396
9350	8420
8509	8029
8852	8344
2546	1870
9014	8290
9014	8514
8925	8425
9129	8604
9227	8747
9191	8707
8440	8034
3632	3540
8551	8394
9454	8940
8546	7940
3160	3162
9426	8879
9155	8592
8945	8546
9269	8751
7853	7769
8965	8436
8785	7827
9197	8627
8898	8457
3774	3651
8139	6386
8994	8489
9197	8594
9014	8506
9062	8622
6802	7029
8812	8507
9036	8560
9184	8690
8302	8014
8398	7921
8728	8246
4171	6736
8218	7984
8670	8205
9085	8637
8167	7415
8943	7751
8972	8536
6114	6376
9065	8615
9065	8350
9009	8497
9032	8548
3712	3599
7035	6798
5950	7371
8666	8180
8509	7688
9025	8568
8724	7474
9056	8587
8945	8595
1849	1837
9076	8599
9062	8291
8048	7798
8806	8469
8686	8293
3357	3315
8575	8159
9047	8671
9180	8433
7538	7504
9051	8585
9297	8715
8327	7806
8858	8406
9074	8499
8834	8333
9248	8697
8854	8367
9370	8798
8444	8004
9189	8631
9056	8563
9430	8295
1629	1728
8502	7582
9324	8697
8976	8484
8952	8470
9096	8531
1758	1775
8994	6967
8132	7732
8615	8178
8947	8507
9279	8754
7008	6506
3009	3167
9213	8740
8677	8313
7152	7916
5681	4685
7897	7597
9195	8653
9129	8286
7436	6398
8876	8541
9291	8825
8899	8438
8518	8366
8517	8364
6519	6930
8796	8698
8757	8364
6253	5557
8785	8315
4077	3641
9288	8822
8110	8713
9370	8886
2172	2131
8344	7881
9594	9041
8854	8345
8960	8469
8179	7627
8983	8501
8573	8105
8706	8529
9213	8670
8280	7769
9444	8563
7294	7920
4939	4618
7587	5737
8553	8104
8981	8521
9388	8865
1789	1868
9258	8756
9450	8958
9355	8840
8774	8350
6834	7192
8770	8144
9149	8563
8918	8436
9062	8675
8817	8524
9167	8666
9080	8720
9113	8691
8200	7933
8327	7960
9195	8700
9089	8578
8874	8496
2414	2792
9054	8551
7252	6881
9136	8651
8823	8202
8105	7697
9357	8896
8462	8006
9084	8570
8367	8050
8816	8435
9182	8609
9074	8588
8642	8242
9131	8492
9319	8796
3732	3773
9042	8588
9213	8820
9269	8862
9062	8580
2057	2059
8854	8352
9062	8565
9094	8594
8921	8467
8881	7529
9040	8555
9014	8479
9000	8420
8961	8533
8947	8411
9054	8605
9102	8580
8870	8420
9454	8936
9042	8654
9129	8769
8413	8067
7137	7969
9054	8578
4560	5153
2823	2805
9135	8691
6406	5977
9093	8673
9224	7992
8757	7757
9093	8604
8974	8600
9071	8632
8828	8286
9368	8950
8604	8149
9162	8666
8863	8490
9184	8600
7494	5687
9206	8693
8610	8306
9262	8717
9204	8663
9056	8556
8057	7859
9027	8573
8453	8109
9741	8420
8681	8139
8467	8205
9297	8789
8934	8651
8998	8526
7565	6997
8830	8440
8827	8572
9242	8680
7975	7563
8743	8310
8050	7722
8932	8455
8169	7823
8409	7303
9096	8594
9145	6719
9191	8587
9027	8536
9067	8590
9040	8504
9384	8865
8433	7869
9113	8499
9023	8644
8974	8553
6058	7528
4372	2099
8739	8252
8586	8156
6752	7675
8852	8423
9058	8506
9073	8551
2715	2842
5610	4736
3816	3687
8570	8007
9534	8994
8994	8602
8475	7945
9238	8806
7864	6345
7828	7708
8812	8359
8562	8377
8602	8139
8998	8533
6843	5813
8972	8735
9184	8720
9202	8764
8637	8143
9001	8541
7800	7597
9457	8906
9178	8707
8555	8087
1795	1775
9207	8849
7093	6905
8796	8332
7062	6411
8941	8528
3455	3170
9045	8629
7057	6589
2967	2819
8783	8296
9007	8463
9001	8369
9162	8528
9091	8673
9069	8489
8909	8335
9220	8676
6645	6503
8433	7987
8378	8050
8559	8099
8258	7903
9300	8818
6561	7009
8724	8241
9446	8874
2662	2645
8896	8325
8737	8990
9227	8425
7744	8345
9135	8744
8500	8060
