12	5705
7	3877
12	6651
11	4898
6	7343
11	5779
12	6548
11	2060
12	6901
12	6748
6	6297
9	3667
11	4999
12	6064
7	4151
12	6645
7	3841
12	6366
6	9999
9	3201
12	6091
11	5516
11	5369
12	6449
2	2628
6	7939
12	6438
11	5292
12	6913
11	6079
11	5732
6	5666
7	5388
12	8083
6	6091
12	6554
11	5318
11	5435
6	6925
6	8484
7	5435
12	5956
9	3471
11	4721
6	7313
11	4506
2	2836
7	4415
12	5948
11	5204
12	7482
6	7748
12	6014
11	6052
11	5788
11	4084
11	5941
12	7175
9	4475
6	7629
12	7413
11	4313
7	4087
7	4210
11	5870
6	7513
7	4876
6	6572
12	5412
6	7241
11	4449
11	6028
7	3894
11	5637
11	5379
7	4598
6	6631
12	7869
11	5340
9	3738
12	6692
12	6627
6	7349
6	6618
12	7303
9	3386
12	6164
6	8859
12	6921
12	6714
6	7672
11	5620
11	5408
12	6034
12	6731
11	5714
6	5792
11	5933
7	4819
6	8191
12	6045
12	5905
12	6467
12	6706
9	3627
6	8957
6	8485
12	6381
12	7427
7	4109
9	3155
12	7115
7	5276
6	7105
12	6183
11	5593
6	7748
11	4658
7	3738
12	6848
11	5019
6	6849
12	6285
9	2734
7	4983
11	5077
7	3545
12	6556
11	5438
11	5465
11	3529
12	7206
6	7477
12	6641
9	3790
11	4590
11	5083
11	5804
6	7561
12	6455
7	5161
12	6485
12	7088
12	7147
11	5682
11	6299
12	7234
6	6575
9	2764
6	7188
6	7821
6	8379
11	5816
11	5416
11	5205
6	7998
11	5274
11	6126
6	7080
6	7650
10	1763
8	1405
12	5741
12	6950
12	6632
9	3781
12	6642
12	5182
12	6751
12	6246
12	5324
11	5015
11	5447
12	5424
12	7046
9	3682
2	3427
6	6254
6	7653
12	6452
6	7936
12	5947
12	7641
7	4745
11	5824
12	6253
6	7971
12	6444
6	7203
12	6819
7	4161
12	5187
7	4346
2	3207
12	6312
7	4185
12	6056
12	6917
12	7629
11	5397
6	7179
11	5287
12	6384
7	4702
12	6874
12	6731
7	4013
6	8383
9	3195
12	6631
6	7366
7	4023
12	6122
11	5127
11	6151
12	6615
6	7687
6	9893
11	5772
6	8149
6	6958
11	4927
11	6234
7	4416
6	7623
7	5503
12	6566
7	4109
6	6998
11	5787
7	4677
11	5641
12	5952
12	6104
6	6175
12	6115
12	6435
7	3882
12	7475
11	6440
11	6994
11	5567
6	8167
11	6120
11	5114
12	6753
11	5723
11	5370
11	4263
6	7818
11	5040
6	7926
6	7706
6	6846
12	4470
12	7237
12	5592
6	7759
9	3492
6	8349
11	4899
12	6887
6	8578
7	4135
11	5818
11	5069
12	7124
12	7970
9	3214
6	7503
12	5957
12	6442
6	6909
7	4318
6	7705
6	7087
12	7099
12	6076
11	6042
6	6828
6	8681
12	7453
12	6811
12	6413
12	6276
11	5912
11	5449
11	6562
7	5497
12	6384
12	8001
11	4684
11	6246
6	7572
6	7236
12	6267
11	5617
12	6704
11	5461
11	3863
12	5736
6	8140
12	6943
12	7193
12	6931
12	6158
7	4162
12	6805
7	3541
6	7931
6	7347
11	5546
12	6567
11	5124
11	5750
12	7580
11	4959
12	5589
6	8634
7	4154
12	6502
6	7043
12	6415
11	5708
11	5517
11	5629
7	4440
12	6462
12	6664
12	6262
6	7279
11	4879
12	6146
11	5810
11	6318
6	7373
12	5323
12	7104
11	5769
12	5938
6	7170
11	5581
12	6992
11	5585
12	5737
12	6605
11	4895
12	6647
7	4167
7	3977
11	5337
11	5151
11	6338
11	5724
12	6773
12	6332
12	7146
11	4662
12	5734
11	5990
12	6181
12	7055
11	5147
7	4835
6	8557
12	7289
7	5131
12	7205
11	5715
11	5494
6	7153
7	4637
12	6148
8	869
12	7715
6	6903
2	2432
12	6429
11	4622
6	8231
12	5325
11	7038
6	7689
6	6685
12	7053
6	9061
6	8316
9	3352
12	6578
11	5691
12	6683
12	6831
11	5975
6	8064
12	6323
12	7023
12	6877
11	4919
7	3787
11	5871
6	6302
12	6556
6	8485
9	3566
11	5680
11	5912
7	3981
7	2591
12	8053
12	8407
12	6586
6	6863
11	6046
6	8314
12	6901
12	6217
7	4913
11	5368
9	3635
12	6504
6	6796
12	6282
12	5513
11	5857
7	4499
12	5864
11	5304
11	4438
6	7455
12	6095
12	6901
6	7229
6	6557
11	4935
12	6881
11	5179
6	8864
12	6067
12	6518
12	6652
11	5415
11	5044
12	6370
6	8584
9	4145
6	7271
12	7118
9	4301
9	3374
6	8351
11	6767
6	7812
11	4475
7	4973
12	5826
11	5962
11	3862
6	8162
11	5597
11	5595
12	6466
6	6235
6	7480
12	8399
11	4473
12	7161
7	4464
11	3371
12	4841
12	7240
11	5593
12	6913
7	4402
7	4992
6	8975
12	6909
12	6978
7	4422
11	5387
11	4966
6	8213
11	6518
9	3906
6	6981
10	1607
12	6961
11	5967
12	7153
12	6585
12	7695
11	4352
11	4924
12	5690
11	5026
12	5693
7	5242
11	5884
11	4933
11	4383
6	8815
11	5374
12	6669
12	6394
12	6470
12	6257
6	7547
6	5813
6	7394
12	7525
7	4288
12	6609
12	6143
6	5563
12	5185
12	6414
7	4106
6	7332
9	3653
12	6048
12	6452
6	5339
6	8054
12	6477
11	5795
7	4351
12	7894
11	5181
12	7395
11	5811
12	6752
7	4365
6	7371
6	7243
6	7226
12	4191
12	6816
9	3170
11	6186
9	3745
11	4988
12	5918
11	5336
11	5457
7	4862
11	5369
12	6494
11	5059
10	1618
6	7335
11	6450
7	4750
6	6041
9	2353
6	9329
6	6951
11	5065
12	6269
12	5363
11	6381
12	6310
11	5722
12	7069
12	6433
12	6436
12	7662
6	7761
12	6131
7	3730
12	6172
11	6434
6	7782
12	6533
6	8487
12	7873
12	7128
12	6075
7	5077
7	4386
11	4960
11	5785
7	4804
11	4950
6	8133
7	4275
12	5989
12	5530
9	4606
11	5725
9	3773
12	7218
11	5965
6	7791
11	5128
11	5559
4	1844
11	6192
6	8370
6	7004
6	5742
12	6825
11	3318
12	6836
11	5496
6	7739
12	6630
6	7606
2	2606
12	6551
12	6220
6	7463
12	7304
12	7112
11	6309
6	7490
7	5208
11	5847
11	4545
6	8891
12	5174
6	7576
12	6588
7	3770
11	5603
12	5791
11	4385
7	4397
11	5873
12	6397
6	8264
6	7447
9	4659
12	6307
11	5456
12	5213
12	6191
6	7978
6	7678
11	6393
12	6081
11	5495
6	6368
12	6339
7	4940
12	7035
11	5124
11	5736
6	7985
11	5506
12	7265
12	6614
6	8020
7	4270
11	6357
11	4935
11	5976
11	5333
6	9020
11	5819
11	5895
12	6923
9	3631
12	8722
6	8292
11	2477
12	6321
7	4538
12	6933
7	4416
12	6544
7	4777
12	5473
7	3928
12	6064
6	7872
11	5702
11	5703
12	6944
12	6168
7	4446
12	6773
7	4012
11	6385
11	5038
12	5678
7	4077
6	8297
12	6651
11	6032
11	6637
12	7123
12	6103
11	5978
12	6169
11	5821
11	3885
12	6676
12	6795
11	5641
6	7424
12	7171
12	7279
11	5831
6	8136
12	7787
12	6429
7	4046
12	5819
6	7694
6	6968
11	5924
12	6505
11	5177
11	5355
11	5149
6	8101
6	7219
6	7842
11	5954
2	2910
11	5787
12	5893
6	7041
12	6638
12	5140
6	6565
11	5343
12	6485
7	4494
11	5517
7	4880
11	5003
12	6493
11	5890
11	5799
7	4147
11	5811
6	6606
2	2099
12	6191
12	7026
11	5882
11	6243
12	6531
7	3833
12	5770
6	8024
12	6971
11	6414
11	4699
6	6639
7	3950
11	4908
11	5555
12	7122
12	6863
9	4094
12	5994
11	5584
12	6347
6	6623
11	6048
12	6722
12	6976
12	6695
6	7566
11	6307
12	6571
11	4608
6	8021
11	6148
11	4621
12	7108
7	4096
12	7065
11	5355
12	6706
12	6912
7	5262
11	5572
12	6837
6	6633
12	6112
12	6538
12	6501
7	4835
7	4830
12	6094
12	6549
12	7921
6	7626
12	6448
11	6194
11	4861
11	6041
11	5080
11	6232
6	6824
12	6774
11	3165
12	5401
12	6320
9	3304
11	6017
11	4408
12	7568
12	6639
12	5374
12	6053
12	6848
9	3403
11	5913
9	3828
12	6205
12	7236
11	6141
7	4685
7	4974
12	6874
11	5786
11	5617
12	6536
12	6696
12	6793
9	4087
12	7235
12	5839
11	5041
12	7584
12	1759
11	4830
11	4958
11	6471
7	3755
7	5321
7	4778
12	6253
11	4725
12	5676
6	8056
7	4483
12	7117
12	6469
11	5730
6	6696
12	7063
7	5322
12	6939
6	6863
12	6613
12	6627
11	5999
12	5925
11	5104
12	2696
11	5841
11	5306
12	6307
11	5128
11	5707
12	7539
7	5092
7	4455
11	6060
11	5277
12	6581
6	8185
12	5151
12	6325
7	3548
12	7113
12	7071
12	4762
12	6312
11	4290
6	7405
9	3681
12	6815
11	5685
11	5204
12	7221
12	6959
11	5424
6	8301
11	5771
12	6806
11	5851
2	2608
7	4716
7	4527
11	6217
12	6431
6	7557
11	5685
6	8416
12	7393
6	7617
11	6005
12	7467
12	6240
12	6957
6	7179
12	6526
12	5119
11	5257
11	5441
11	5394
12	5604
11	5179
6	8283
12	7092
11	4323
9	3897
12	6362
7	5669
12	5786
6	9127
6	7536
12	6830
11	5512
12	8033
12	6908
6	8359
6	7292
10	1215
11	4738
12	6465
11	5418
11	5671
7	4898
12	6668
6	6800
6	8343
12	6231
12	6196
11	4897
12	5492
12	7088
11	6049
2	2022
12	6517
7	4768
11	4431
12	6035
7	5092
12	6175
12	7090
11	5126
12	7074
12	6521
12	6422
6	8189
7	4504
12	7028
12	7252
11	5506
6	7037
12	6784
12	6863
11	5356
7	4573
12	5890
12	6250
12	7088
12	6859
12	6470
11	5503
12	6624
12	6981
11	5870
11	5816
6	6829
7	4805
12	6246
12	5785
11	4747
6	6843
6	7535
7	3641
9	3924
12	6485
11	5764
11	5589
6	7461
12	6288
12	7068
6	8278
12	7134
9	3447
11	5594
11	5447
12	6431
11	5227
6	7672
11	5857
12	6397
12	6828
11	5886
7	4263
11	5127
7	4652
11	4397
12	6416
2	3058
11	3714
12	7504
6	7488
12	6973
11	4466
11	5761
6	7166
9	3514
12	6941
11	4665
12	7452
12	7271
12	8077
11	4934
12	7494
12	6225
9	4097
9	2809
12	7556
10	1313
11	5114
7	4729
11	5709
10	865
11	5082
12	7491
11	4856
11	5232
11	4598
12	6101
6	7075
9	3373
7	4915
6	7896
11	5586
11	5187
12	6743
7	5007
6	7794
11	5326
11	5376
12	6915
11	5614
9	3157
6	7967
12	6303
12	6283
7	4102
12	6053
12	7051
6	7237
11	5620
11	5859
9	3776
11	5342
7	4201
6	8984
9	4012
12	6905
12	5400
12	7464
11	5944
6	7725
12	5937
12	7100
6	8007
12	6903
12	6030
12	7332
12	6541
6	7713
11	5577
6	8061
6	8606
7	4346
7	4661
12	5468
11	5563
12	7984
12	6872
12	6376
12	5923
12	7317
9	3814
7	4784
7	4431
12	6300
12	6157
6	7819
11	6226
12	6839
9	3620
6	8345
11	6493
6	8164
12	7384
7	4569
11	5449
12	7369
11	4703
12	6589
12	6551
6	8240
11	6440
9	3909
12	5492
12	7716
6	8448
6	7285
7	4455
12	7165
6	8381
11	4966
7	4352
6	6814
12	7155
11	2322
7	4649
7	4813
9	2496
7	4713
6	7411
6	7346
12	5416
11	5844
11	5772
6	9061
12	6492
9	3157
12	6091
12	6836
6	7773
11	5096
6	7226
6	8794
12	6477
6	8125
11	6836
12	7902
12	6930
12	6286
12	6995
7	4522
11	5756
12	6332
11	4720
6	7455
12	6410
11	6100
12	5963
11	5539
6	8947
12	6132
12	5174
11	4694
12	6564
6	7517
12	7644
11	5321
12	4987
6	8741
12	6115
12	6642
9	4083
12	6251
12	7054
6	7949
6	6789
12	7440
12	7206
6	4947
11	4956
12	6355
12	7193
12	6995
6	8211
12	6893
2	3024
11	5230
11	6022
12	6664
12	7122
6	7729
12	6365
12	6809
7	264
11	5880
12	6443
11	5436
12	6713
6	6747
12	6558
6	8014
11	7096
6	7008
12	6133
12	6593
6	7205
6	7537
6	7672
12	7209
12	6560
6	7125
6	6931
7	4787
7	4666
11	5697
11	6010
4	1873
6	7313
11	5261
11	4946
11	6779
11	4723
12	6903
7	5172
9	3985
12	6062
12	7267
12	5128
11	6306
11	6502
7	3682
11	5193
11	5126
12	6268
6	8358
11	4807
11	6565
11	5964
11	4959
7	4282
12	5400
11	6044
11	5307
11	6048
6	6697
12	5874
12	5698
12	6067
2	3750
11	5051
6	8006
11	5489
12	6565
11	5411
12	7021
6	8434
7	4417
12	6133
12	5905
12	6114
12	7528
6	7235
12	7075
7	5746
12	7461
11	6039
12	5893
11	5392
12	6558
12	6457
12	7169
12	5355
12	7517
11	5046
6	8591
11	6351
11	5602
12	5637
7	3932
12	4835
11	6860
12	7183
6	8635
11	5582
4	2246
12	6899
12	6430
12	7208
12	5909
6	6550
11	4916
7	4142
7	5216
11	5772
7	4828
12	7005
6	7220
11	4319
11	5190
9	4334
6	6552
6	8375
2	2694
12	7237
7	3706
11	5279
12	7333
7	4286
11	5450
11	5888
6	8669
6	7831
9	3028
7	4629
12	6246
9	2814
6	8758
11	5213
11	4693
9	4392
12	8146
9	3187
11	6038
12	6047
12	7029
6	7035
7	5249
12	6216
6	8637
9	3618
9	3594
12	5995
12	5737
12	6550
11	4844
7	4216
12	6080
11	4734
7	4920
12	6533
12	5881
11	5658
11	4818
12	6442
12	7112
7	4393
12	6406
11	5237
12	5153
12	6810
7	4616
12	6422
9	3256
7	3080
11	5257
12	7032
12	6344
6	6720
11	4191
7	4683
7	3987
6	7233
6	7752
11	4970
12	6395
11	6272
12	5612
11	5483
6	8649
7	4368
12	6866
11	5197
11	6158
12	7157
12	7178
11	4693
7	3971
12	6313
12	6833
7	4600
6	8653
11	5241
7	4438
6	6628
6	7396
12	7268
12	6641
11	4804
12	6604
2	2803
7	4059
7	3675
11	5941
11	5351
12	6957
12	6704
11	5844
12	5876
12	6071
12	5765
12	6572
11	5624
12	6130
6	6867
6	6271
12	6421
12	6991
6	6747
11	5522
12	6601
11	5584
12	6351
11	5275
11	4472
7	4742
12	6095
11	6122
12	6325
11	6831
12	8266
11	6304
11	5267
6	8379
11	5932
11	3034
6	9470
12	5754
11	4487
11	6413
11	5616
7	3780
12	6110
12	6305
7	4561
6	7947
11	4926
7	4329
11	4125
12	6653
12	6517
11	6402
6	7861
12	6635
11	6073
11	5496
6	8380
12	6975
12	6523
6	7961
12	6797
11	6245
11	4822
6	7753
12	6558
12	5908
11	5699
7	4793
11	6634
12	6764
6	8087
6	7582
11	5263
9	3786
11	652
7	3819
6	6508
6	8201
11	5814
6	8997
6	7534
12	4267
6	7987
11	5036
7	5045
12	6954
6	7937
12	7333
6	7262
6	7855
11	5905
12	6339
12	6833
11	4847
9	2889
12	6762
12	5247
9	4126
6	7889
7	4353
12	7378
12	7329
12	7009
11	6185
11	4664
12	6393
7	4728
12	5559
12	6618
6	7120
12	6957
12	7919
12	6903
7	3844
7	4321
7	4387
12	7080
7	4737
9	3842
12	6100
6	7509
11	4452
11	5387
12	5946
11	5683
11	5756
12	6133
11	5883
11	5696
6	7821
7	4811
10	1410
12	6733
12	7057
7	5659
11	5828
11	5879
6	7690
12	7091
12	6925
12	6731
12	6389
6	9127
6	7810
6	7813
12	6552
12	6512
9	2865
12	5757
12	6686
12	6872
6	6597
11	7041
11	5165
12	6957
12	7039
6	7354
12	6200
6	7167
12	6329
11	5884
12	6301
11	4512
10	1602
9	4000
12	6231
11	6085
11	5220
12	6097
6	9944
11	5704
12	6986
12	6260
12	5604
7	4692
7	4562
11	5562
11	5642
11	5970
11	6339
9	3780
6	6751
12	6228
11	5989
12	5463
12	5543
11	5533
11	4539
7	5042
11	6054
12	6567
11	5640
6	7896
12	6488
12	5859
7	3520
7	4319
11	4726
11	5632
11	5683
6	7834
11	5383
6	7325
12	6499
7	4549
11	4869
12	5549
6	9030
11	5072
12	6986
11	5850
12	5815
11	5977
6	8046
12	6143
12	6172
6	9028
11	5889
11	5103
12	4823
6	7485
6	7061
12	7384
12	5928
6	8838
12	6007
12	7520
12	7455
6	6260
12	6591
12	6186
12	6067
12	6389
11	5198
9	3749
12	6544
12	6884
11	5265
12	6448
6	8571
12	7143
12	6849
9	4661
7	4476
9	3668
11	4401
12	7694
11	5360
12	6298
11	5582
12	6565
12	6656
7	3878
9	3498
6	7809
12	6751
12	5978
11	4884
6	6366
11	4818
6	8411
12	6462
11	5335
12	6049
11	5207
6	7908
11	5476
11	5257
6	7542
11	5085
12	5965
12	6951
11	5837
6	6974
9	3512
6	7920
12	7207
12	6594
12	7895
12	7346
6	9540
11	5053
12	6209
12	6854
12	7293
6	8560
12	6607
11	4802
12	6989
11	5338
12	6114
12	6870
7	3945
12	6229
12	7545
7	3886
12	7045
12	6654
7	4150
12	5184
9	3517
12	6259
11	5159
12	7608
6	7059
12	6700
12	7089
6	8365
11	4816
6	7301
11	5288
12	6745
12	6412
3	328
11	6856
11	5494
12	5462
7	3859
6	8203
7	4530
7	4351
6	8581
7	3348
11	5928
6	6131
7	5134
7	3381
6	7917
12	8110
9	3761
12	5687
7	4898
12	7203
6	7806
11	5052
11	5346
11	5671
12	7371
7	5001
12	5854
12	6015
12	7072
11	4901
11	4945
12	6251
6	6874
6	8218
9	4535
12	6539
2	2862
12	5571
6	6817
12	6399
12	7235
12	6011
11	6474
7	4279
12	6307
7	3482
11	5054
10	1202
11	6088
7	4193
6	6413
12	5682
9	3946
7	4681
9	3560
6	7572
12	5472
12	6792
6	8004
12	6278
12	5774
7	4369
11	4790
12	6326
6	7510
11	5872
12	6735
6	6523
12	6308
6	6918
2	2087
12	6713
12	6476
12	6442
12	6788
9	2997
12	7455
11	5455
6	7719
7	4365
11	6049
12	7071
11	5182
6	8014
6	7952
6	6509
11	5654
12	5330
12	6961
11	5250
11	4576
7	4331
12	6431
6	8662
11	6474
6	7252
12	5794
11	5551
9	3068
12	4577
12	7015
9	3289
11	4933
11	5280
9	3970
7	4633
6	7131
11	5150
11	5581
11	5039
6	6982
6	7867
11	5587
12	2306
11	6018
11	5747
12	6451
12	6497
4	1897
12	7147
7	3878
12	6547
6	8390
6	7757
11	5582
12	6818
12	6539
12	6868
12	6783
11	5734
6	7211
12	5645
6	8543
6	7531
9	2984
11	5984
12	6317
11	5945
12	6972
7	4439
12	5990
9	3091
6	7217
11	5766
11	5963
12	6461
12	6539
7	5277
11	6904
12	6956
12	6604
7	4827
12	7207
6	9060
12	7473
12	5988
12	5381
11	4823
11	5491
11	5833
7	4617
12	6645
12	7349
7	4912
6	7368
11	5564
12	8030
11	6054
12	6071
12	6665
12	6325
12	6260
6	7924
6	8522
11	5009
7	4386
2	2515
11	6037
11	5635
11	6217
12	6230
12	6534
11	5633
7	5221
6	8341
11	6142
12	6702
12	6787
12	6368
11	5169
9	3592
12	5734
11	5951
12	6536
12	6650
9	3234
12	7166
12	6627
7	4218
6	7705
11	6141
11	6061
7	4397
12	7843
6	8450
7	4652
12	6651
12	6622
7	4781
12	6439
6	8070
7	4398
7	4107
9	3879
11	4201
12	6780
12	6509
11	5521
11	5415
12	5655
11	5971
7	4094
6	7037
12	6544
9	2424
12	6948
12	7257
6	8918
11	4893
12	5968
11	4798
12	7149
12	7113
12	4224
11	5933
11	6381
9	3238
6	8724
7	3549
6	8090
12	5119
11	5008
11	6166
6	8444
12	7622
12	6889
12	5577
12	6629
11	5404
6	7226
12	6457
11	4602
11	5007
12	6515
6	7954
6	7622
11	4657
9	3981
12	7142
7	4336
12	6219
6	7280
12	6913
7	4399
11	5122
9	4781
12	6410
6	7122
6	8360
11	5755
9	3023
11	4995
11	6588
6	6980
7	4325
11	4177
6	7660
12	5793
12	7431
7	3780
12	6025
12	6703
12	6692
11	4965
6	8757
12	6235
11	4322
12	7233
6	7249
9	3800
7	4254
12	6078
12	7041
12	6307
11	5337
9	3537
12	6487
12	6763
11	4860
4	2267
12	7396
11	5797
12	6778
12	5979
9	3475
12	4755
12	6751
12	6119
11	6059
11	4569
12	6869
11	6213
7	5059
11	6767
12	7221
9	3308
11	4813
12	6613
7	4035
6	6557
11	5913
12	6294
11	4372
6	7926
12	6932
9	3794
11	5885
6	9791
12	6727
12	6198
7	3733
11	6005
11	4926
12	6656
7	4959
12	6360
7	4957
4	1726
7	4198
12	7101
12	6212
12	6516
7	4770
12	7118
12	6758
12	4931
12	6039
12	6909
7	4248
6	8309
12	5260
11	5452
11	5486
7	4294
12	7382
12	6438
11	4769
9	3941
11	6167
11	5376
11	5692
11	5125
7	4259
6	7808
6	8884
12	5597
12	5967
12	6233
11	3299
7	3611
6	6988
12	5938
12	7405
11	6062
11	6095
12	7853
6	5503
12	6770
11	5279
6	7160
6	7973
11	4716
12	6357
12	7377
12	5833
7	5070
12	6964
6	7537
12	6619
11	5351
12	5901
6	7153
12	6491
11	4864
11	5368
6	6677
11	5989
12	7629
6	7081
12	6356
12	7628
6	7199
12	6383
12	4140
12	6921
11	5204
12	7593
12	6038
11	6753
11	5117
6	7013
6	8044
12	6559
6	6760
6	7371
11	5339
12	6159
11	5490
12	6506
12	6669
6	7251
9	4061
9	3701
8	1139
11	5037
11	6496
12	6859
12	5091
11	5912
12	7131
7	5346
11	3660
6	8997
12	7475
12	6620
12	6256
12	6112
12	6844
6	7213
11	5798
6	7574
11	4249
6	7389
6	7516
6	7206
11	5461
12	8307
12	5876
11	6444
6	6867
11	5657
12	6816
12	6308
11	5518
11	5508
12	5784
12	6647
12	6928
11	5648
12	7061
9	3654
7	5227
12	6891
12	6356
11	4557
12	6726
7	5208
12	6413
12	5798
6	7857
4	1895
11	5231
11	6248
12	6529
12	6823
9	3404
10	1387
12	6779
7	5818
11	6082
6	7563
7	4014
11	5622
12	6796
7	4637
12	7311
11	6270
12	7111
12	6779
11	5850
6	7790
9	3607
12	7157
12	5570
11	5706
12	6538
11	4776
6	8251
12	6209
11	3972
11	5382
6	5804
12	7179
12	6477
6	7732
7	4126
12	6438
11	5104
12	6878
6	7632
6	8004
9	3484
11	5174
11	5564
12	7045
11	4669
12	7326
11	5876
12	6699
6	6741
11	6234
6	9429
11	5016
12	6106
11	4840
12	6982
9	2153
6	7592
7	4646
12	7240
11	5317
12	6498
11	5964
12	6364
12	7238
6	6390
9	3934
7	5025
11	5612
7	5108
6	8733
11	5980
12	7154
11	5387
6	9338
11	5651
12	6503
7	5091
7	4764
11	5631
7	5055
12	7273
12	5511
12	6193
7	4738
11	6039
12	6024
6	7106
11	5436
11	4733
12	6179
12	5990
12	6614
12	6224
7	4193
6	7668
12	6986
11	5715
6	7294
7	4124
11	5133
12	6014
6	5101
6	7442
12	6648
4	1669
12	7233
12	7500
12	6948
4	2584
11	5429
12	6487
12	7408
2	2358
11	5645
6	7992
11	5602
12	5653
6	7198
11	5362
6	7894
11	5167
11	5327
12	6668
7	4325
7	4340
12	6871
2	2974
11	5817
11	5876
6	7902
6	8903
6	8119
7	4888
6	7581
11	5931
6	6866
6	7913
12	7172
12	6750
11	5050
11	5027
11	5299
11	5175
6	7963
7	5029
6	8361
12	6165
9	3459
11	6227
12	7312
12	6497
12	6040
9	3163
12	4983
11	4698
12	5263
12	7770
11	4529
12	6113
6	8926
6	7399
6	7141
7	4282
6	7859
12	5700
7	4511
6	9252
12	6404
12	7297
12	7717
12	6850
6	7745
11	4740
11	4421
12	6253
7	4228
11	5349
7	4935
11	5662
12	6198
11	4871
11	5713
7	4381
6	8402
4	2281
11	5178
12	5943
7	4758
6	8006
6	7850
9	2923
6	8144
11	5883
12	4777
7	5418
7	4405
11	4578
11	4865
7	4123
6	7920
12	6499
11	6393
12	6300
12	6701
11	5902
12	5862
9	3532
2	3692
12	6828
6	8105
6	6987
11	5914
6	7841
12	6867
11	5934
12	7374
6	7184
11	5611
6	8264
6	8212
11	5086
7	4494
12	7807
11	6002
12	6413
11	5752
9	2417
6	8078
12	7029
6	7498
11	5884
11	4971
6	7557
12	5787
11	5805
11	5277
12	6594
11	5995
12	6527
6	6815
7	4343
11	5271
11	5431
12	7138
11	5445
11	4808
11	5913
12	5771
11	5000
11	6348
12	5892
11	6468
9	3621
11	4859
12	6439
11	5040
7	4615
11	5001
12	6093
6	8459
12	7094
7	4516
6	8155
6	8118
11	5891
6	7773
6	8978
12	7138
12	5955
4	982
12	6110
7	4883
11	5011
11	4824
12	6584
11	6037
12	6671
7	3965
12	6600
11	4980
12	7445
12	6180
12	6487
6	7580
11	5361
7	3904
7	4770
7	4932
6	7256
11	5344
12	7239
11	4660
12	6547
7	4436
7	2292
12	7611
6	8121
9	4336
11	5337
11	4057
11	5577
12	6976
6	6934
12	6955
12	6358
7	4788
12	5979
7	3974
11	4997
12	7320
12	6134
12	7082
12	6182
6	8291
6	8329
12	7079
7	5191
7	4845
12	6108
6	9072
12	6982
4	1070
12	6087
12	7393
12	6528
12	7062
4	2255
6	8309
11	5702
6	7355
11	5374
12	6059
12	7014
6	7596
11	4916
12	6658
12	6417
11	4860
11	5540
12	6543
11	4925
12	8016
12	5776
6	7891
7	4412
11	4884
12	7269
6	8067
12	6964
11	5438
11	5280
6	8109
12	7714
7	3656
11	4604
12	6190
11	5251
6	7451
12	7197
6	8345
11	5020
12	5461
11	5754
12	6140
11	5256
12	6745
12	5874
9	2162
12	6688
11	4814
7	2830
11	4952
11	4557
12	6556
12	7078
7	4530
12	7048
12	6537
12	5820
6	7956
12	5443
6	8255
11	6508
12	7177
12	6578
12	7566
7	4018
6	8443
11	4926
6	8277
12	6822
9	4151
6	7873
11	4839
6	7015
9	3920
11	5337
11	5849
12	5515
7	5181
11	5068
12	5338
9	3843
12	6394
9	3607
12	6737
12	6939
7	5095
11	5234
11	6690
12	6379
11	5655
12	5626
12	6319
6	7578
7	4660
11	5239
11	4628
11	6366
12	6186
6	8623
11	5935
12	6656
12	6817
12	6935
6	7417
12	6124
7	4632
6	8110
11	5908
6	7412
12	7249
11	6288
12	6309
12	7375
11	6840
12	6158
12	6806
11	5212
12	7505
12	7338
9	3976
12	6135
12	5849
12	7136
12	7143
11	6298
12	5669
12	6939
11	6769
11	6185
11	6726
9	3845
7	4351
11	4980
12	7450
9	3968
12	7158
12	6690
12	7164
12	7700
7	4767
12	6480
11	5917
12	7194
12	6456
12	6283
6	8278
11	5497
7	5219
11	5594
11	5998
6	7277
12	6237
7	4974
12	6915
11	5222
11	4806
4	1809
6	7907
12	7018
11	6589
11	4965
11	6198
11	5697
7	4177
7	3885
12	8082
6	7910
12	7414
12	6524
4	1391
9	4009
12	6615
6	7680
4	1906
12	6582
12	6798
9	2728
11	5399
7	5002
12	6675
11	4691
6	9449
12	6554
11	5038
11	6063
11	4688
7	5102
12	6919
9	4278
7	3867
12	7523
11	6303
12	4719
11	5605
11	5469
7	4386
11	6147
11	4854
11	6219
12	6082
6	9281
6	8032
12	6767
12	4833
7	4782
7	3871
6	8115
11	5544
12	6749
6	8112
11	4632
6	7062
11	6516
12	6796
12	6177
6	8205
11	6406
12	6768
6	7366
12	5444
12	5977
11	5560
7	5139
12	6347
9	2698
12	7392
12	7055
12	7585
12	5522
7	4082
7	3727
11	4671
6	6765
7	4731
11	5224
9	3045
11	4248
11	4737
12	5439
12	7660
6	7501
6	7317
11	6086
6	7534
12	6356
12	6420
6	6084
7	4425
11	5166
12	6572
11	4913
7	4631
11	6455
1	795
11	3875
12	6079
7	4177
9	2864
11	6274
7	3023
11	5968
6	6980
11	5458
11	4586
6	7879
6	8499
12	7932
7	3531
12	6646
12	6678
12	6570
7	4449
11	5320
6	7316
9	3739
12	7214
12	6802
6	7572
6	7710
11	5158
6	8011
6	8199
12	6307
11	5744
12	6771
6	4855
12	7896
12	6342
12	6612
6	7745
12	8430
7	4337
7	5038
7	4514
7	4125
6	8476
6	6828
9	3589
12	6998
9	3315
11	5577
7	4542
7	4628
6	7630
7	3537
12	6370
12	6820
11	5355
12	7929
12	6269
11	5941
7	4443
6	8109
12	5677
11	5179
12	7160
11	4179
12	6814
12	7452
12	7748
11	6105
7	4841
12	6444
11	5479
7	4125
12	7419
7	3643
12	6616
12	5967
7	5331
12	5786
6	8200
12	7747
6	6991
9	3818
11	5256
12	7074
7	4289
9	3866
12	5755
12	5807
12	7067
11	5404
12	4966
12	5587
6	8044
11	6527
11	5799
12	6987
11	5891
6	8121
11	4306
7	4238
12	6582
11	5906
6	7089
11	5754
6	7872
12	6726
11	5461
7	4310
11	5733
12	7277
12	6452
12	5795
11	5176
12	5376
5	0
11	4606
9	3820
11	5704
12	6751
11	5774
11	6163
6	8482
12	6050
6	8554
12	5814
8	695
12	7828
6	7407
11	4937
11	4417
6	8848
11	5633
12	5732
12	6941
9	3381
11	5012
12	5693
11	5304
7	4911
12	6138
11	5865
6	8097
11	4964
6	6787
6	6670
12	6216
11	5219
6	7514
11	4530
7	3906
11	5049
11	6194
7	4723
9	3693
2	2490
12	4738
11	4809
9	3239
11	5261
11	6489
6	7179
7	4299
12	6287
12	6559
9	3691
11	5739
6	7887
11	5244
9	3873
6	6589
11	4841
6	8052
6	7006
11	5249
6	7034
12	5694
11	5962
9	3518
11	5644
12	7669
7	4613
12	7145
12	7308
12	5349
6	6755
11	5713
6	8482
7	5106
12	7095
6	7365
12	7227
6	7355
6	7786
12	7282
11	5939
6	8205
12	6272
11	4759
6	8773
12	6480
6	6640
6	7770
6	6674
11	2854
2	2665
12	5492
11	5389
11	4899
6	7177
11	4969
11	5142
11	5848
12	7099
9	3175
6	8411
12	6472
7	4958
12	6858
6	7411
12	6635
6	8009
7	4676
6	8136
7	4727
12	6225
12	5746
11	5256
11	3930
12	6399
6	4075
12	6717
12	7145
12	6954
12	6207
12	7128
6	8265
7	4495
12	6291
7	3392
12	6804
11	5072
6	6952
11	6874
12	6234
12	6838
12	5265
11	6941
12	6897
11	5394
6	7593
12	6929
6	6981
11	4799
12	4724
7	4804
12	6551
12	5124
12	6177
6	6996
11	5357
6	7667
6	8701
7	5081
12	5897
9	3740
6	7920
12	5695
12	6220
12	7061
12	6345
6	9231
12	6520
11	6020
11	5653
11	4649
6	7540
11	5144
11	5962
12	7736
8	647
9	3363
6	4308
11	5658
11	6257
12	6609
7	4806
12	6307
12	7926
11	5846
6	7962
12	5790
7	4171
12	7280
11	5096
6	7741
6	7909
12	6781
6	7100
7	4415
11	5989
7	4335
11	5858
12	6311
12	7364
12	5827
12	7032
12	6188
12	6654
12	6612
11	5429
6	7625
11	5636
6	7158
6	8154
12	6533
7	4296
12	6321
11	5542
12	7110
11	6350
12	6592
6	7918
11	5034
11	6196
11	5084
12	6454
11	6996
11	3607
12	6675
11	6363
11	5466
12	5962
9	1206
12	7734
11	4875
6	7215
11	5483
11	5429
12	6186
7	3679
11	5341
12	6201
12	6379
11	4200
11	4320
6	8171
11	5930
7	5201
12	6840
12	6098
11	4710
12	7717
11	5043
11	4437
12	6466
7	4462
11	5157
6	7998
12	6352
11	5908
12	5883
11	5554
12	7300
12	6709
12	6222
11	5131
12	7613
7	4490
11	4878
11	4674
11	5245
11	4643
7	4210
12	7293
2	2297
11	4752
11	5999
11	5863
7	3995
4	1746
11	6019
6	6658
7	4948
6	7494
7	4145
12	6404
11	5643
12	7218
9	3751
12	6391
12	7817
6	7700
11	6011
6	7783
6	7862
12	8114
12	5685
11	4939
11	5207
12	6385
12	6258
11	6469
9	2816
2	2627
11	5339
12	6336
11	5269
6	7706
12	5353
6	7127
7	4010
9	3440
6	7468
11	5564
7	4436
12	6396
6	7660
12	6560
6	6766
11	5175
11	4794
12	6477
12	5139
9	3231
9	3483
7	4398
12	7561
11	5944
11	5710
9	3278
6	7923
11	4704
12	7094
11	5922
11	4629
6	6742
6	7833
12	6025
11	5161
6	7715
11	5885
12	7284
6	7844
12	6461
12	6783
12	6719
11	6456
12	6131
11	5741
12	6735
7	4989
11	6620
12	7412
6	6681
12	6188
7	4737
12	6399
6	7814
11	6096
6	8625
11	5318
11	5798
12	5795
11	6394
11	7200
11	5925
11	6009
11	5234
12	5932
12	7135
6	8083
9	3683
12	7146
12	6059
7	4153
11	5380
12	7222
6	7937
12	7357
11	6588
11	5636
11	6072
9	3438
11	4966
12	6473
11	4909
12	5524
12	7017
9	3840
11	5822
11	5481
12	6975
9	3770
12	5963
12	6784
6	6553
6	7353
12	5564
6	7610
12	7062
12	7690
7	4305
12	6957
6	8739
11	4735
11	5309
6	6815
12	6282
6	7995
6	6096
6	7254
12	4528
6	7890
12	6479
12	5838
12	5416
7	4987
12	6282
12	5847
11	6565
12	7793
12	5838
6	7608
4	2628
12	6576
12	7233
6	7545
11	5572
12	5375
7	4758
11	4208
9	4075
11	5465
12	5688
11	5550
12	7001
6	5778
12	6896
11	5580
7	3884
6	8047
6	9473
6	7179
7	5064
12	6424
7	4878
11	4142
12	6574
11	5857
11	4740
12	6741
6	6547
12	6762
11	6421
12	5891
7	5163
12	6869
11	5819
11	5738
12	5707
11	5190
9	3922
12	7254
6	7587
7	4818
12	7384
6	7535
12	6844
12	6584
12	6663
11	5745
9	3825
11	5402
11	6023
11	5155
6	8686
12	7528
12	5846
12	7150
12	6047
6	6829
11	6037
11	5720
12	6510
6	8796
12	6926
11	6026
12	6609
12	5937
7	5343
6	8061
7	4618
12	6139
12	6940
12	5981
12	6744
11	5565
11	5531
11	4489
6	7134
8	1154
11	5514
9	3467
6	7324
6	7688
7	4137
12	6275
9	3240
11	5380
6	7862
11	5217
12	6142
11	5850
11	6040
11	3509
12	5296
2	2459
9	3693
6	7716
7	4561
12	5590
12	7071
6	7038
12	6080
6	7778
12	7613
11	4763
6	8784
11	5183
12	5990
12	6874
12	6651
11	6482
11	5793
11	5308
11	6297
12	5404
12	6021
12	5337
11	4885
11	4850
12	7117
12	6918
11	7047
12	6448
11	5079
11	5676
9	3508
12	6566
11	4965
12	6312
12	6835
6	7049
11	5699
12	6483
2	3538
9	3252
11	6492
9	3007
12	5838
7	4921
12	6809
11	4888
12	6067
12	6632
12	6392
6	5168
6	7687
11	5153
12	6248
7	4775
11	4483
11	5765
11	6388
6	8030
11	4911
6	8004
12	6151
12	6376
12	6617
6	7577
11	4622
11	5992
6	7520
11	5297
7	5025
11	6473
7	5546
12	7785
11	4813
6	7837
12	6855
11	6378
6	7238
6	9084
11	5433
12	6118
12	5137
7	5096
9	4102
12	6468
12	6077
12	5838
11	4065
12	6898
12	6300
12	5412
12	7141
11	6408
7	4045
12	6711
6	7585
6	8450
12	7323
7	5386
7	5284
11	5609
12	6765
6	5652
11	5603
11	5642
6	7757
11	6258
9	3633
6	8431
6	8014
7	4428
6	8683
6	7512
11	5235
9	3921
6	9346
12	6092
12	6239
11	4923
12	6935
12	6114
9	3318
12	4441
6	7485
11	6414
12	5764
12	6627
6	7963
11	5358
6	6306
7	4448
11	6420
12	6586
6	8506
12	7877
11	5731
12	6884
11	5115
12	5848
12	6395
12	5586
12	6759
12	6278
12	6501
11	6252
12	4809
11	5901
9	3270
12	6225
6	6994
6	7669
12	7203
12	6932
7	5399
9	4483
7	4394
9	2541
12	7122
11	5743
9	4440
6	4086
6	6516
12	6709
12	6084
11	5071
12	5828
12	7017
6	7270
9	3441
6	6762
11	5304
6	9165
4	1713
6	8619
6	6928
11	5964
12	6316
12	7288
6	8870
12	6735
11	4889
7	4557
12	6977
12	7209
12	6850
12	6984
11	5534
11	4607
11	5503
6	7946
6	7070
11	5755
6	9215
11	5600
12	7733
11	5116
6	8247
12	6329
11	5113
12	6463
12	4258
11	5171
6	7473
9	3237
11	5624
11	4549
11	5563
7	3398
12	6877
7	4293
11	6066
12	6637
12	6637
12	7013
12	7221
11	6121
12	6115
12	6701
12	7465
12	6483
9	3910
12	7432
12	6764
12	7330
11	5229
7	4073
9	2849
12	7733
12	5567
12	7049
6	4686
11	5967
11	5668
12	6401
11	5382
6	8166
9	3380
12	5887
12	6345
6	7643
12	5660
11	4812
11	5867
11	4285
6	7664
11	6062
7	4417
9	3461
12	6706
7	4270
11	5160
11	5299
12	7456
12	7465
12	5182
11	5650
12	6306
12	7134
6	7735
12	5575
12	7208
11	5283
6	7291
11	4969
6	5939
11	4162
6	7119
9	3244
12	5408
6	7010
12	6368
12	7417
2	2995
12	6511
6	7046
2	3507
12	6771
6	7741
7	2680
11	2339
6	8413
12	6673
6	8090
11	5806
12	2946
11	5323
6	8062
7	4828
12	6261
12	5663
6	7730
12	7581
11	5974
11	5015
2	2463
11	4856
7	3292
12	5837
12	4615
12	6326
6	6257
12	6112
11	5132
12	5917
12	5943
11	6147
7	4338
6	8407
11	6028
12	4417
12	6352
12	7222
7	4502
11	5500
11	4806
7	4771
12	7058
6	8625
12	6303
11	4246
11	4754
12	6185
6	7233
6	8821
7	4634
11	5150
11	5658
6	7838
11	6309
12	6295
6	7935
11	6211
11	5716
11	4868
7	4420
7	3621
11	5138
11	5536
6	8904
11	6829
12	6250
12	6163
12	7039
11	4915
11	5791
11	5067
12	6630
7	5051
11	4727
11	5018
12	6756
12	6093
12	6252
12	6825
11	5312
12	6661
11	5290
12	7091
7	4090
6	9369
6	7461
11	6979
12	6479
9	3907
12	6009
11	6434
6	6401
12	7173
6	7776
9	2441
12	6347
12	6952
12	6329
7	5315
11	6137
12	7190
12	6117
12	6826
12	4871
9	3608
12	7300
12	6312
6	8295
11	5759
11	5297
6	8631
11	4557
11	5386
9	3349
12	7013
12	6525
12	7097
11	5816
9	3831
12	6250
11	5833
6	7033
11	4749
12	7388
11	5156
12	7169
12	6927
11	5670
7	4427
12	6895
12	6473
11	7060
11	5706
6	8603
9	3573
12	6001
12	6573
12	6013
6	8177
11	5197
6	8093
12	6103
6	7168
6	8047
6	8553
11	5941
11	5771
12	6876
11	5487
11	5737
9	3273
12	6958
12	5842
12	6278
12	6267
12	6112
7	4812
6	6835
11	5587
11	5226
12	7245
12	5892
6	7658
6	7088
6	7799
6	8465
12	5993
6	8044
6	7295
7	4537
2	2918
12	6264
12	5643
11	5489
11	5589
9	3503
9	3236
11	5690
12	6573
6	7319
12	6047
11	6930
9	3495
7	4108
12	6567
12	5989
7	4156
12	6977
6	7526
12	5326
12	6562
6	5964
9	3507
12	6142
6	7620
6	6709
11	5820
12	7274
7	3964
6	8152
12	4960
12	6092
7	4412
2	1778
12	5901
6	8545
6	8649
7	4898
11	5826
11	5998
6	6667
12	6523
12	7130
12	6081
6	7962
6	8084
12	5957
12	6846
11	5464
11	5408
12	8063
6	7594
12	6458
12	8026
12	6868
11	5578
11	5396
12	5967
6	7210
11	5539
6	7473
6	7107
10	1413
6	6971
6	6593
11	4735
12	6063
11	5002
11	4341
11	4722
6	8553
12	5905
12	6781
12	5675
12	6560
12	6750
6	6848
11	5983
11	4728
12	6502
12	7156
12	7504
11	4034
11	6420
6	6603
7	3996
6	4978
12	6807
12	6699
12	6519
12	7198
11	5865
12	6031
12	7495
7	3736
11	5968
9	3441
12	5694
6	7042
11	5437
11	6934
12	6667
7	4562
12	7024
12	7740
6	8049
9	3693
4	2432
12	7520
11	6046
12	7862
12	7056
6	7308
7	4121
12	7497
11	5431
12	6484
7	3790
9	4034
11	5327
12	7619
7	3827
12	6784
12	6360
12	6763
9	3540
11	6333
11	5995
12	4388
7	4220
6	8023
6	5898
6	8808
11	5894
7	4674
12	6402
12	6926
11	5087
11	5480
11	3700
12	6132
9	3439
12	5982
6	8706
12	7641
12	6323
7	4542
6	8041
11	5228
12	6779
12	7332
11	5882
11	5625
7	4633
9	2935
12	6389
12	7105
12	5935
12	6464
11	6020
12	6297
12	6568
12	5732
12	6618
9	3321
12	6862
12	5883
11	5407
12	7103
12	5680
11	5301
6	8003
11	5323
6	7125
12	5939
12	7499
12	6615
6	7558
12	7015
6	7639
12	6357
6	6019
11	5657
6	7482
11	5249
6	8305
6	8810
11	5383
11	6499
6	8005
12	5666
9	3226
12	6572
12	6607
12	6388
12	7272
12	7528
11	6544
7	5019
2	2868
9	3776
7	4423
6	7418
6	6567
6	7028
12	6821
11	6383
6	7709
6	7955
7	5302
6	8367
11	4602
12	6715
12	7435
12	7102
12	6856
12	5999
11	5985
9	3746
9	3683
6	7781
12	6766
12	5626
12	7131
9	3266
12	5576
12	6792
11	5012
12	7401
12	5906
6	7340
12	6144
7	4844
7	4693
11	5589
11	5450
9	3412
6	7907
2	3002
11	5495
12	7037
12	6764
12	6997
9	3331
7	3994
7	3787
7	4598
12	7115
11	4847
12	6100
12	6904
11	5262
12	6709
11	4759
11	5159
12	6587
11	5214
12	7227
7	3643
12	6407
11	4561
6	7485
6	8086
12	5538
11	5831
6	8061
12	6094
12	6044
11	5553
9	3674
12	6085
11	5790
12	5499
12	6524
7	4670
12	7213
12	6713
12	6163
12	5572
12	6379
2	2277
6	7126
12	6605
7	4052
12	5679
12	6484
11	5434
9	3189
12	7424
11	4510
11	5467
11	5130
12	5498
11	6180
11	5916
12	6604
12	7065
11	5949
12	7178
6	6976
12	6090
11	4901
12	7660
12	6276
6	8861
7	3990
11	5718
11	5651
12	7455
12	7400
12	6778
6	7647
11	4304
12	7080
11	4480
12	7688
12	6452
12	6673
12	6601
11	5896
6	6630
11	4726
11	4921
11	5985
6	7533
12	5491
8	1071
6	7609
12	7324
6	7278
6	8423
11	5316
11	6270
6	6950
12	7146
7	4424
11	5868
7	4398
12	6604
2	3192
6	8236
9	3434
6	7286
12	6690
12	7206
11	4912
11	5116
12	6846
7	4626
2	3484
12	7842
12	3282
11	5681
7	4064
9	3172
12	6038
12	6843
12	6537
12	7032
6	7344
11	5937
6	6935
6	8027
11	5003
12	6726
6	8286
6	7120
6	8492
11	4968
12	6763
7	5042
12	6585
11	5471
12	7288
11	5896
12	7277
12	7063
11	5429
9	3768
6	5516
7	4313
11	5407
12	6841
12	6630
6	8247
7	4457
12	5874
7	5290
11	5150
9	3313
12	6057
12	6658
12	5348
11	5679
6	7106
11	5597
7	3603
7	4072
11	5295
12	6471
12	5048
11	5019
6	6533
9	4219
6	7875
7	4160
12	5992
12	7154
11	6539
12	6600
12	7869
12	7562
11	5608
12	6347
2	3015
6	8562
12	5704
10	1869
12	6470
6	7419
12	6263
12	5528
11	5796
12	5713
12	6517
6	7621
11	6248
12	6899
6	8609
6	7619
6	8443
2	2504
12	6755
12	6548
11	5647
12	7236
7	4438
