2456	3509
655	3093
520	2989
1045	4760
1661	1607
2243	2854
1765	3160
2612	6242
1444	3049
1854	2404
2374	3430
422	1496
1703	2651
508	2321
961	3275
2126	3403
362	2271
823	5493
1631	5815
2297	5201
2009	2635
1800	1660
690	2619
2495	5040
657	2313
608	2476
277	2203
1044	4548
531	1565
4893	1410
1525	2011
1517	2178
1181	4486
1086	4624
1774	6784
1204	4847
2651	5396
3423	2298
1932	3163
913	5946
1214	2389
1122	4402
1096	3929
1896	2456
2287	5563
1853	4186
615	2959
2046	2460
2612	3995
2287	2369
541	2515
974	2259
1830	2591
2486	4266
2174	2299
2298	3199
1801	2038
924	6472
3538	3520
2283	4121
2220	3288
2345	4972
1094	3528
1228	3928
633	3021
702	2578
2043	3563
367	7284
1779	3025
1862	3158
818	3443
1181	4670
884	3829
2092	5977
1799	1635
2126	2996
2121	6379
2025	2832
1084	2683
2926	4913
912	2572
1922	3280
1061	1768
2000	3081
1731	2106
1081	4159
1031	3297
1432	2756
4178	4708
1725	1737
939	5995
723	3958
1589	4160
705	1956
1167	5628
1753	2444
775	2378
979	5150
1580	2522
1828	4535
0	9578
2257	3393
1166	3875
1938	6027
1870	2225
669	3363
1843	3150
989	2622
2505	4249
518	2247
2199	6924
1935	2101
680	814
562	2283
902	1967
653	1685
2612	5940
2033	3935
1318	2050
1917	7489
2036	3720
248	7412
184	1749
1778	2237
250	2593
1293	4624
512	2883
678	3579
1827	2358
1177	2868
2263	3447
1425	3138
729	3410
1602	2093
367	1551
1505	2562
865	3643
189	616
700	6556
1345	344
887	3646
1642	2994
441	2004
1651	441
1069	3940
1988	3245
2068	2886
2310	3039
743	2630
382	2688
1900	2263
49	1861
2067	2738
2290	5466
2367	1944
938	1663
2045	4275
1436	780
2802	3493
1976	2254
2240	3900
545	2612
1214	433
1542	3488
1533	1827
2259	3434
2211	4942
350	2964
364	2410
3938	2912
5037	2944
1880	2199
953	2483
693	5138
258	1876
2484	6256
730	2625
1524	5298
2203	3467
2205	3771
2120	3079
1734	2821
1644	7114
1258	3811
2090	3260
1902	5751
2472	3026
395	2309
478	3040
825	3200
1606	2297
1879	5656
2453	3655
2184	2241
920	4039
1951	3673
385	2375
2892	2904
856	2932
6369	5763
1181	4961
1869	2892
4	2489
1018	3037
1799	2803
2335	5152
462	2305
2303	4388
2352	6242
307	2425
2062	3081
1252	2162
2473	3930
2150	2749
956	5245
1714	1559
2572	4769
2461	4358
1867	6827
2069	3134
1614	2370
692	3099
587	1974
604	6258
2960	5559
2622	3479
817	3897
2132	5369
971	3704
729	6479
793	3685
2376	3671
777	2552
1853	1596
2089	3492
2566	4110
966	6208
2436	4640
6420	3980
1958	3440
695	3159
858	4235
477	958
1730	1748
1654	1289
498	2900
749	3882
1167	2799
401	3056
230	2183
596	2824
2499	3970
322	2286
842	1065
2105	2571
1770	2963
409	2305
781	3077
2260	3247
943	5557
1308	4661
1297	2446
1738	1752
2055	2664
1471	3216
402	1800
969	5977
1481	4210
910	3490
1087	1914
1066	5575
1033	4006
1973	2755
2317	2681
2506	4214
2126	1891
1424	4864
1836	2627
1765	6779
283	2146
368	3162
7346	2816
1089	5753
1721	3212
1634	2710
2432	3909
8514	3032
1793	2344
824	4021
388	3533
2420	3294
664	4482
438	1477
971	3845
1617	2053
1850	2169
2384	3110
828	3988
367	2000
4245	3515
225	2304
789	3380
1057	1864
1531	9999
697	3673
2329	5930
1886	3049
847	2055
717	3699
716	4131
1780	2362
828	2501
1408	5195
375	2249
535	2093
668	7646
1154	5490
1050	3563
1365	2971
2007	2922
2378	3459
1497	5568
1908	2974
2188	2630
655	2007
2008	4470
2101	2176
158	1499
2143	5800
2572	3327
2264	3307
888	2796
1689	2573
421	2523
3403	2193
777	3682
2135	5019
1650	1964
2665	5933
1097	6096
1250	2258
825	3351
565	753
2316	2968
1267	5781
2162	3023
699	3934
247	2296
1902	5180
1126	2999
1065	7388
743	4147
897	3420
8943	4331
694	3124
2551	5806
1428	4188
452	2987
375	2803
8006	1532
1963	2626
587	1695
1712	2938
1815	4679
2121	2775
562	2655
1410	2838
566	2312
292	2980
769	1641
744	2837
851	1923
897	4478
1321	2597
551	3017
1224	2530
866	4708
790	2494
413	1661
2648	5259
1736	1801
2039	4137
1882	2590
658	3328
1878	2656
1511	2400
280	2022
1840	2475
822	2103
852	2056
2168	6101
482	8030
924	2580
2594	4105
1924	2892
2301	2890
1718	2688
1919	1771
2601	4991
1353	4302
887	2936
1790	1730
1341	4091
284	2837
2155	3034
1972	2694
1700	1968
770	3803
884	5431
1738	1868
1840	2215
1708	2917
1170	3333
1547	2670
2271	3989
976	3089
2282	4473
1712	2898
1878	6926
2474	6080
1005	2270
773	4862
588	2231
2351	3516
1716	1863
886	2644
842	4146
2777	3883
2471	4201
585	2297
921	4949
2154	2720
1155	6978
2048	5889
1248	4123
771	2901
2449	3759
2013	1248
2330	1874
1799	2048
1897	2468
4682	2298
1941	3163
793	3726
1280	3824
2208	3027
2144	2438
1743	2660
302	2709
711	3319
2432	4575
1713	4816
1464	2972
2245	3651
1823	5016
1931	2782
422	2444
367	2079
1961	2718
2451	3637
2862	5092
2459	3946
820	3381
1557	749
707	2318
679	2388
981	3074
1523	1600
1760	2348
2434	3777
664	2565
1953	7746
2064	4509
1900	4047
1922	2453
1068	4948
1380	2332
1803	3247
2035	7249
890	5330
1788	2706
2202	3711
986	1368
1974	3706
1789	2392
2577	3406
1930	1578
1232	3558
372	1142
992	3704
540	2632
1057	2981
1751	1970
965	4051
854	6953
2559	3011
2191	3904
2173	6465
1886	2090
899	5244
1847	3010
1270	3761
1932	3269
1031	5090
1747	3229
256	1428
729	3094
711	2517
879	2446
2658	2164
914	4322
1169	3048
897	2413
8559	3427
2102	2448
2491	4628
1845	4291
1763	3435
788	5857
389	3679
2267	3861
905	4736
587	5609
674	4511
6202	2116
1580	2099
2000	2837
2242	6386
2044	2948
670	3565
564	1913
723	2872
502	2202
585	3136
1355	2919
2385	4311
991	2463
2362	2767
2276	4056
1930	2221
1591	1750
1501	1030
1744	3906
469	2257
2114	2967
916	3760
915	3530
2639	6518
440	2348
578	3404
1316	4896
1196	4461
2127	2698
1917	1208
2109	2714
886	3715
2215	3066
1301	3671
954	4401
2472	6157
2985	2217
1798	2781
2419	3902
2182	2788
5922	2438
2233	2821
1882	2667
956	5553
1316	3486
1076	4821
806	6065
2019	4060
1113	4302
1572	2355
785	3503
2534	2860
1168	4583
1916	3277
2153	1677
2543	2997
1968	2506
1756	3006
1383	4280
78	1660
1246	4060
823	5871
445	2174
239	1551
2562	6055
2571	4573
1862	2909
2125	2473
2677	4624
2466	4151
2183	4410
1245	3955
1328	3818
1026	5379
1461	4247
887	6596
1526	1938
708	6711
762	4286
628	3253
2328	5878
414	2631
634	2594
1007	7433
1740	6401
774	5124
2309	6821
1171	786
4265	2033
950	3073
2280	3235
98	1770
2151	3063
2336	6554
839	2683
2402	1723
2190	3838
2200	5518
1861	2677
1741	1767
1173	3449
749	1806
1518	3732
932	4307
581	2657
982	2372
2532	3016
1519	1966
2130	3188
2582	2381
321	1593
794	3782
811	2880
326	0
879	3781
1993	3089
1577	4628
2000	3526
2760	2803
1958	6037
2630	4844
1174	3891
2573	4443
1683	2447
2251	3769
802	3094
1158	1202
1971	3233
908	4453
539	2843
793	5535
674	6146
490	2109
1414	1829
117	1756
352	1510
928	4523
489	3352
1264	3538
1284	3778
2355	2646
2182	3692
9448	2829
829	1635
742	2657
1800	3227
2521	4421
2220	4494
938	2839
2734	4222
891	4321
1555	1734
1467	7113
1912	2143
664	3303
554	1892
4952	1793
169	8295
751	4109
58	1536
1779	2766
1308	2710
594	2759
1957	1993
313	2335
1569	3856
330	1879
654	2843
1569	511
606	3062
1070	5522
2321	2234
2023	3215
576	2058
1317	2565
1042	3277
560	4193
1904	3232
3	5
1526	1630
615	1039
5736	3562
1059	5128
2022	5905
1143	2627
1729	2392
914	2898
875	2613
2665	3900
1712	1471
2797	5422
857	2233
944	5164
1929	2733
2413	3656
1682	2799
7237	3863
2473	5245
2732	3966
2368	3855
1917	1752
1450	984
484	3246
1131	3590
235	1779
857	3552
3044	3266
1903	2418
3005	4297
2128	3078
1310	4253
927	5646
2130	2010
1963	2427
574	1049
2018	3099
2371	4324
782	2294
962	1944
1753	4501
1297	4328
653	3890
2281	3992
26	1732
278	2161
2333	3950
1324	3290
942	4535
569	1899
351	2554
441	2937
2103	3374
852	5369
1954	2101
740	3217
508	5964
805	3643
1908	2835
738	2976
1773	1742
1036	3868
83	1854
1817	3416
1268	1506
426	3316
601	3623
2706	4262
725	3675
575	3148
1748	7272
1132	3489
1523	2592
999	5362
1673	2524
2148	2518
1183	2527
339	2827
1820	2542
2925	3414
739	1281
948	4400
1775	3470
1622	1809
1035	3680
814	4800
2410	6918
1237	3683
2435	3077
2074	3008
858	3485
862	3421
2068	4229
1718	4076
2231	3644
1592	2937
1089	3813
413	1999
658	4516
1797	2185
1592	2794
1955	2933
1534	2707
2134	7077
2420	4193
1086	4419
863	2951
479	2948
397	2079
2154	3733
971	2743
520	2946
2230	4192
2460	5168
2155	4049
2300	5807
472	1648
1777	3110
907	2654
2806	2476
2091	2536
986	3563
2057	3721
296	1990
1612	2654
738	5879
89	2371
890	4057
2240	3209
949	1461
1595	2361
2271	3250
1689	3146
977	6490
2062	6458
1821	3955
2003	3467
8026	9077
567	3701
702	3166
2027	3084
1970	3249
2092	3212
552	2826
1949	3926
838	2586
2279	3200
1672	1265
850	4960
2504	5748
858	4119
992	3162
809	3217
793	3923
550	3270
777	3527
1821	7535
4179	2348
958	4284
1506	2594
995	6675
1796	2554
2240	4742
1109	1841
1653	1664
1946	3566
1004	5137
73	1646
823	3006
1489	3181
2045	2616
2419	3807
338	2367
2185	3903
910	5616
2248	4447
855	3769
401	1971
2161	4481
521	3182
1919	5833
562	3216
2389	4219
2668	3942
898	4432
1600	2062
1018	2131
2006	3564
1978	4169
1595	1812
2261	3869
1852	2218
1854	1979
2068	4002
2325	3436
2936	3995
1921	2227
1947	2554
2443	3903
1179	5707
740	2732
5796	5941
1556	2815
888	4745
724	3439
4094	2867
936	3612
2349	5301
1535	3578
614	2631
847	4466
411	2197
2048	1402
586	3088
2428	5358
623	1244
1595	3485
955	5937
2165	2890
2019	6164
1196	5455
2296	2412
716	3435
804	4758
2146	3759
2140	3071
1557	3684
1606	1826
769	3440
3056	1871
967	2988
2446	2854
281	797
2104	6221
1903	2734
811	3431
2097	4792
9999	2464
1012	2310
581	114
680	6372
1841	2183
726	3289
1971	3691
1276	4808
456	2147
409	2351
2180	6739
1941	1978
531	3347
2177	3790
2525	4894
1930	4429
1505	1747
124	2020
2039	2732
198	2478
1534	4525
1807	2637
1261	1954
2264	2465
1883	6212
2117	4251
2897	6337
1209	4947
1760	4027
1194	4237
1600	2234
1800	677
1458	3371
1825	1583
591	2452
1385	2822
299	2105
757	2443
2235	3012
1308	2848
2042	3570
1947	2441
604	2910
894	4007
2334	3265
382	1542
993	4246
2283	3648
399	2518
1441	4272
493	1337
1896	2683
2225	3047
2158	3394
2001	2003
2150	4047
1845	1030
1698	2961
874	4143
665	3033
503	2861
331	2176
1943	4312
2202	6783
1050	4886
3886	5165
845	3850
1944	1570
398	2384
740	2582
8530	3804
1973	3219
730	2778
2244	3101
3047	2188
1029	5143
1781	2723
972	3861
795	3785
1011	2164
2058	3007
1729	2813
862	3990
1601	4769
2485	4291
1263	2340
1397	2277
948	4011
1007	3324
2094	4997
701	1988
40	1344
434	1903
1071	5238
59	865
2300	5503
1428	2694
2246	4606
6138	5320
1588	3658
645	2165
840	3965
2145	2505
895	3005
1094	3125
963	6151
487	2655
1844	1605
897	1089
445	3060
7378	4066
1171	2936
551	2093
2390	4178
414	2880
1322	3206
1573	1244
2167	3458
844	5223
1049	3054
1067	6326
2150	3459
2770	3226
825	3882
1235	4987
972	4560
2064	7021
1236	4423
179	1401
880	5548
2430	3701
621	1881
1329	3817
1353	3105
1063	4299
1470	3572
2535	5010
2164	4291
5431	3423
2301	2507
1804	2179
1766	6075
2429	4489
581	2305
1031	3972
401	3051
1495	2742
2495	4673
859	2529
916	2568
2021	2780
1245	4903
1902	3264
1047	5708
733	2778
2511	4722
639	3834
38	2234
844	4968
1140	2550
2562	6113
674	5589
2401	7192
1283	5192
466	1971
1931	1720
802	2412
1747	2831
9588	2496
1877	2900
543	2182
1034	4035
1658	5797
974	1756
674	3118
1176	4167
2374	6625
900	3937
474	2514
2722	5148
1827	5855
2266	2870
565	2934
2433	3181
631	2620
570	3063
1306	3853
694	2304
405	2441
1026	4715
1438	6745
889	5138
840	3028
620	2409
1291	2357
221	1677
2381	3493
1320	5232
450	3215
1513	9560
1515	2093
1552	989
951	2608
9833	3398
2498	4105
1805	2283
2414	3893
1870	2334
1356	2095
1269	1835
1459	2059
1230	4586
555	2265
475	1586
652	3987
1940	1937
1749	4639
256	2560
729	3953
1063	5321
902	5078
880	5080
314	2649
2580	5039
2497	4445
2151	4849
2372	5651
2287	3632
1919	1925
597	2785
1573	3778
1186	3254
2161	2567
843	3497
609	2548
1896	1593
720	1667
8114	2916
1612	6668
1942	4243
1494	1926
595	2169
2395	2772
696	2318
463	2674
1435	2387
1281	3104
7318	2796
550	2583
2255	2464
1132	4178
1205	5388
566	2853
837	4544
953	3961
792	5170
2077	3471
994	4384
2287	3236
1750	2515
2260	2747
1412	1768
2462	4865
1335	2291
672	2314
261	7914
2241	1560
445	2504
1536	2012
880	4251
834	3734
762	1569
893	3396
2363	6396
2132	2706
5618	1764
1870	2785
7822	4888
2572	4111
891	6353
2415	4867
752	5359
1104	5086
902	5233
1033	4346
2291	5422
5700	2788
1536	2839
2356	3097
2280	3341
549	3781
368	2421
21	1834
2095	5408
225	2504
674	3336
742	7080
2160	3330
794	3607
1357	5521
1402	3700
1625	2109
2416	3757
976	3791
2378	5591
594	3082
1120	4158
6276	2488
1918	2107
1796	2388
919	1955
2311	4258
1919	1106
476	2127
1998	5655
1932	2005
4953	2267
640	1778
714	2558
409	2303
386	3000
364	2571
2585	5489
792	3346
1260	4594
2352	4249
1898	2164
1875	2555
1353	2461
2383	3487
301	1847
988	3061
986	5957
1945	2763
1164	3517
1864	5846
1604	4981
144	1741
1188	2887
1691	1201
610	4421
981	2066
728	7200
1902	7435
665	3845
1768	1670
574	1905
1668	1536
2029	4203
2248	3630
2356	4232
942	3583
6195	2682
1797	5137
2621	4240
2264	1933
2310	2432
989	4843
1654	2567
1193	5534
2411	5829
756	4236
1613	2278
1647	3822
1860	2620
759	2403
2229	3476
1266	2460
965	2096
1405	4808
2473	5560
161	2290
1930	2970
982	1920
1482	3217
2116	4033
1506	399
2002	2705
740	2791
1057	3616
930	3541
590	2843
2460	4424
