2403	5164
1771	6242
1916	6869
1217	3026
2981	7274
3316	3648
1675	7100
1400	7205
4716	7701
5393	7741
2243	8242
2379	6344
3340	7600
1367	6942
4622	7918
1183	2988
756	6293
937	5958
1469	6764
1408	7046
5749	7738
6035	3128
2142	6976
2777	6937
1774	6918
2925	5645
5239	7365
2542	6447
2766	4180
1736	5746
1166	6858
1714	7442
2902	5761
911	7613
4560	7962
3725	8573
2633	4043
3811	6715
1368	1771
2487	7823
1739	6878
1996	6950
2514	5890
1935	3496
3998	7319
1171	3077
3971	7616
1182	2962
1767	2670
1225	3482
1418	3511
3946	3253
1204	7280
1465	6209
1096	5894
4614	3981
4968	9104
2173	4541
1550	3558
998	4975
2818	3503
2921	6069
3037	6990
1048	6958
5379	7526
3142	7662
3148	6768
1796	6930
1131	6094
2130	3743
2244	6575
4252	7501
1185	7886
2186	1903
4087	7296
1461	5292
628	7042
2813	7811
1535	6935
5855	4209
3415	4032
1754	3231
1257	5172
758	7925
4441	7522
5115	6619
1439	6943
1527	5602
1518	5786
1418	5721
1038	6475
3992	3844
1735	3275
2622	5658
3941	3945
4625	8477
6432	8221
2527	4566
3029	5182
3857	7056
1426	5012
4755	9398
1591	4173
4105	7225
2241	6301
1188	6428
2536	7121
1003	4833
2409	3463
931	7384
2016	7649
1854	7326
1316	8439
3238	6678
2030	7442
3706	9043
3858	8102
5643	8553
4099	6755
1864	6623
539	5222
1010	8069
2990	8047
2953	6685
992	7249
1347	7315
1452	3731
3185	7663
991	7391
3289	6846
3079	7723
1821	3253
3542	7954
4349	6852
3838	8403
4049	8069
2412	7429
3844	7332
3034	4128
3514	8415
1404	6863
761	8756
1699	7493
2684	6237
1390	6655
2965	3320
1109	7165
2164	6981
3490	3636
3908	6728
1795	8674
2794	7739
3254	2648
6067	6440
2889	5306
4044	7706
3101	7511
1709	7209
4224	9349
2321	5443
2889	5117
2991	4202
2259	3499
1774	5425
2085	5714
1636	5940
2907	3459
2569	5848
1875	3103
3482	7467
3021	8045
2033	8093
1038	7497
994	7801
1338	5278
3707	2283
2339	2770
1857	7134
1036	4660
1686	3016
1253	7162
1162	6883
470	6459
1881	6977
2815	7165
538	6561
1242	3307
1093	6260
2484	2683
4487	3866
3366	3328
2481	7548
4444	7342
1411	7962
1480	2077
1567	6735
1411	7337
977	5411
1699	5485
1811	7385
4366	8826
1036	6909
1100	5613
2206	8541
1745	5592
6512	6762
1442	5483
1963	8762
2659	7416
2550	8704
2991	4014
1814	6714
1323	8574
709	6435
768	3132
1750	3686
3058	3690
2284	8685
1768	8587
3277	7317
4145	7574
2797	2523
2241	9027
3949	4592
3338	7218
2239	5861
706	6690
3680	6901
5382	7372
2352	6907
4970	5822
1842	6507
1586	5625
3030	5010
1922	7197
1570	3253
1747	3305
1587	1454
2749	5870
3468	1784
3189	5811
2575	6556
1039	3245
2062	6011
3010	7638
1218	5239
2755	8183
1483	7613
3876	7525
2965	7059
1829	5712
1074	6761
1210	4843
1938	6786
1600	8713
2472	3246
1795	7514
2339	7034
2604	6862
2719	7503
1882	4313
1034	4748
2702	2666
803	2915
1132	7446
2014	7089
842	6510
3504	5694
2328	7553
2860	6198
1443	5816
1544	7624
1566	3400
1264	7391
2739	7094
1457	8553
3528	7769
6578	9544
3276	8155
1824	6639
1427	7184
1973	6798
2478	6661
3160	3716
1129	7026
1114	8490
2941	1057
2194	3555
1818	6589
3114	7595
1557	6889
1990	7536
2608	6108
3233	3071
1088	5434
4101	4579
3893	5440
1141	6695
3230	3915
1438	1820
1419	6813
6524	6998
468	6387
1424	3804
4818	6568
4654	7135
2964	3262
3407	6388
2640	9256
2269	6347
2686	8334
734	5299
2937	7974
1712	6720
2441	5905
5967	7921
1156	7029
2018	7403
3500	7425
1239	6693
1836	5803
2882	5356
2939	7175
881	5216
2914	7925
2908	4198
1444	7050
4048	7447
2105	1025
1849	6877
3872	1721
1470	8828
1744	3801
2406	5434
1657	5497
956	6712
1688	4924
1485	3530
2847	6776
1946	6978
2793	6649
1336	3667
1689	6790
2733	7129
1823	7688
1388	6866
2109	3590
5549	7585
5387	7281
1609	6785
1349	3312
781	7484
1989	3818
2859	6238
1841	7367
1017	7603
2452	8122
2084	5667
2684	3475
3812	3837
2572	5493
1636	7354
6268	8283
3101	9290
2709	3703
3491	1569
1442	7063
1305	3001
2736	8038
1684	6407
2523	3764
3535	7728
4463	8420
2282	6425
2995	9067
1735	4180
2815	6964
910	7125
1608	4255
1273	6663
2446	2064
1339	2304
1967	5411
3876	3157
2143	3134
1064	5394
1635	6465
1257	7097
2579	6522
3359	7872
2521	5367
819	7382
4524	9354
2284	7446
1510	7082
823	7293
2417	7145
1534	6526
3493	7300
1641	5311
2116	5627
4721	6748
3229	7331
2141	4265
1331	5508
2695	7639
3372	4803
5165	6522
292	6699
2233	7551
570	7372
1111	6665
3347	7177
1132	5583
741	7225
3054	7927
778	6591
2335	6908
3030	6495
1984	7126
2039	5897
1279	6695
2321	1859
1551	3166
1471	8701
6957	7925
4172	2818
952	5370
2252	5423
2848	2054
2870	7822
1824	7586
1279	6964
3132	7779
1899	6261
3891	6276
1731	7351
2085	6404
2600	7368
1223	2725
3498	8378
3088	4107
1474	6888
6369	8368
3288	7883
4840	8088
4721	4813
0	5385
1676	7031
1691	7276
2387	6061
1110	3665
3201	8814
1715	6300
2768	8058
4241	8549
2573	7260
2447	6138
3573	7356
2462	6622
2855	6187
2476	6007
5274	7585
2466	7363
3866	7924
1274	5814
2871	3452
1764	5924
3007	6014
1581	5555
4891	7595
1637	2750
5975	4329
1655	7004
1653	6439
1343	3394
2188	1595
2451	5378
1515	7182
3722	4848
4644	8662
2709	5263
3798	7449
3916	7067
2723	7648
1524	7346
1320	6863
1653	2917
7349	8109
2122	3085
2341	6521
1512	7308
1018	6661
2327	5763
6748	8352
1959	5477
1702	5049
1873	2076
3499	8767
1723	6385
714	6304
634	2820
3271	8340
2097	5562
1619	7087
3233	3276
766	6251
2086	8556
3363	5403
1294	7005
2353	8420
2539	7124
1615	3308
1296	7425
1091	4906
2289	3616
5334	7842
715	4144
2105	4407
2442	5213
1714	4770
725	6576
3728	6224
3375	7662
1785	3742
2916	7812
2520	9043
1871	6573
2415	2936
1768	7606
2462	3307
2025	6773
1321	6455
1460	7118
2186	5482
3660	6614
1377	6458
676	5418
2443	3688
2171	5509
2417	6981
3240	1462
1127	5851
4670	7541
4112	7643
2432	6973
1008	7429
2102	6114
2758	3627
3858	6825
2716	7088
5048	8088
3658	6978
1720	7301
3558	8018
1456	6608
3933	7593
3719	8347
3479	8278
3754	3710
5545	8312
5185	2659
1392	6687
2031	7599
1333	7405
1129	6945
1250	3068
1370	6443
7092	9706
2713	3849
1906	6981
1208	5823
1861	7677
1322	6241
771	6764
1604	7726
542	6390
1475	8242
1730	5526
1153	7189
4353	4345
3140	5095
1103	7033
1764	6500
2587	7306
960	6826
3135	8239
2650	6995
1845	3478
3586	7045
1297	6691
1087	7037
1028	6204
1090	4842
1042	5477
2981	7236
2885	6715
3185	3777
3073	6027
2648	5647
4227	7803
3851	7041
1468	6455
3752	8345
1263	4503
6377	8377
2644	8552
1221	5653
2543	2002
1758	7855
2903	8635
3001	3782
1432	3796
1310	3470
1263	8070
992	1679
3104	3813
2075	7859
1139	2578
3130	8223
1825	3383
3534	7011
5460	9347
3204	7805
2723	7425
2946	1453
1289	5026
5105	8022
1486	5664
1939	2689
1074	6490
4411	2634
2017	4252
817	6549
1199	6332
1812	7440
1287	7421
1888	6832
2850	7852
1096	7279
893	8078
1890	7776
1013	2528
1189	7505
1491	8548
7388	9863
5697	2879
1588	6642
5635	4388
1322	5622
1742	5813
3466	6959
1089	6757
1069	5426
1541	5357
764	5029
2467	5274
2906	6226
3132	8638
1051	5584
3700	8368
3954	7300
2988	5316
3310	6468
2957	5044
1444	4817
2887	1735
1301	6801
3269	7239
3403	6545
1633	7066
3860	6646
1123	1803
1998	7065
1880	1808
2811	2284
6211	6418
3467	8622
4146	4344
2177	5656
1884	3567
1662	5660
3779	8022
4554	6261
3254	4796
1658	3282
2888	7905
3425	6086
3621	7704
1766	7669
1423	6062
1236	7812
737	1520
1757	6567
2423	7851
2165	6566
1305	3172
2332	2764
1070	3931
3413	7295
2190	5443
1450	8550
5017	7666
3289	8071
1449	8687
2037	6970
601	3626
1364	8602
4151	8267
3444	6830
2500	3558
2531	5312
3173	5476
1449	5468
2074	7450
1520	6880
1992	6602
1211	8854
2024	7413
1320	5237
2991	5701
3012	2056
2377	3186
2830	4128
3072	8339
3002	7798
1378	5381
1775	5710
5558	8557
5582	6946
3345	6430
1949	7280
1954	7446
4337	4396
838	3674
1011	9012
4335	4552
2702	7654
2556	5066
2067	2919
3003	7370
1796	2910
993	3020
1475	4910
1587	4885
1101	5355
2848	7712
859	6969
1902	3734
3703	8054
2513	4935
1335	6767
1764	6864
2178	7569
1683	5986
4541	6991
2605	7423
2689	3934
3418	3255
1125	5322
3275	5374
4138	6407
3264	8858
2722	6872
3494	6700
5914	7832
1402	6630
1848	6394
1936	6764
4678	8054
3605	6450
2460	3608
1323	6638
1690	3226
2751	6718
1791	7493
3672	8261
1263	7894
3344	5734
1240	7758
1280	7259
2153	7067
3938	3046
1564	5869
3653	7008
2149	6808
313	5889
6953	7652
1629	3144
2872	5385
2090	7228
1459	6739
1536	9074
4852	3570
4707	3681
3172	6170
1007	8180
1891	5675
2954	7421
1855	2933
1310	5311
666	7124
3206	6120
830	3662
1375	4481
2430	3987
1895	5650
1927	7250
3623	6894
2003	7446
2933	8416
1750	3223
1127	6890
3489	5894
3624	3465
1111	5430
2940	3980
4416	8147
1198	7219
911	7150
2967	7911
1967	5313
1032	6719
2699	2512
4708	7588
601	5026
4081	5762
1697	5205
2657	3297
3395	8578
4613	3380
2446	6613
2290	2597
2414	3075
4545	6107
3240	6786
2550	6991
5586	6978
2921	6752
2986	7342
2778	5723
1093	6281
5946	7859
1262	5640
1838	6669
1744	3710
2654	1637
4068	3147
2176	5053
1208	8459
1566	5882
1199	3383
1480	1722
1470	6924
2675	5633
1532	7353
3554	6167
3195	6997
3155	6919
2649	6015
2482	7769
4248	6630
5173	8089
1288	7569
1447	3851
1879	7107
828	6607
2130	6727
1668	8329
1949	4756
1964	6658
5664	6197
1495	6111
3215	5248
3222	3481
4183	6736
1526	7912
4323	8480
1878	8894
2079	2720
1736	6674
1012	6255
1459	8401
1672	8739
2109	6730
1634	8348
4186	3885
1433	1867
1781	2593
2195	5832
2121	7192
2188	8353
1700	8537
5180	8569
2380	5345
374	6502
2206	5217
1661	6065
582	6436
3518	6946
1769	7079
2023	6765
1875	6560
1365	6770
2004	7302
1312	6490
2864	7032
2160	8590
2831	7384
615	6533
2329	6662
1454	1753
1372	7935
2912	7630
2824	6218
1423	5491
2093	7179
4598	6747
1447	6057
814	2015
1859	8393
1596	3364
1972	6350
2548	8970
1711	8503
3662	7147
2293	4528
4552	6796
1268	6636
1236	7313
846	6867
4299	7405
2067	4724
1502	7033
1443	7381
1449	5303
828	5064
2387	7374
2849	8246
2217	7260
1264	3986
2229	3853
840	6547
1888	3390
2562	8851
1212	2415
1567	6503
1439	5388
1956	6942
1942	3181
2047	6859
1656	7471
2182	7086
4566	7949
1543	6600
3005	7901
659	3014
3068	6567
1073	5804
4995	6647
1027	6479
1931	7092
1466	6560
2463	6909
3162	7145
2238	7222
2776	7406
2439	9228
3263	3088
2037	5160
2842	6663
1297	8387
2322	3525
979	5845
3599	6589
2964	5744
2480	5743
1293	7144
2281	8474
2119	4937
1459	7064
3369	5818
2878	7266
1537	7178
1716	5550
1322	6889
3206	7650
2491	7653
923	3233
2280	5920
2084	7794
3921	8731
4230	6915
3235	3550
3202	7843
3902	6554
2246	5325
4043	7453
2741	6805
2955	3727
2040	6636
1574	6750
1106	5726
3091	7333
2422	8576
2551	6114
5843	7929
2659	5930
4263	6970
1530	7334
3216	4468
3851	3373
1795	6969
1161	1590
1050	6844
1392	6895
8207	7648
2779	7608
1686	3098
3091	7389
3990	7491
2267	7154
3136	6670
3272	7387
3273	7399
1813	8491
3863	1822
2446	5564
1842	8691
1408	7216
2079	6579
5944	4550
2474	7769
4911	4459
6308	3567
986	3249
2203	2343
1893	6279
2235	6938
1099	6122
5323	4195
6239	7771
1080	6395
3291	7369
1586	6645
923	5471
2797	8356
1288	7055
2507	7743
1209	3275
1889	2847
2167	6712
2223	6748
2214	6133
3612	7420
3435	7096
1516	7118
1174	3266
7276	6436
737	5275
2534	2379
1864	7136
3251	6374
2671	7272
1424	6689
2308	8507
1485	6933
1676	7308
788	6496
2296	7699
2972	6249
2274	7008
2205	7165
1332	5706
4275	6262
1223	5491
751	6693
2238	2983
1964	7052
1548	7265
1987	2997
3899	8256
2658	2999
997	6489
1865	7405
3104	3036
830	7038
4071	6602
4550	6613
1047	8172
1929	6897
3688	7746
2738	7445
1943	6127
3428	8366
1944	6642
2681	4147
2808	1839
1746	3529
1248	7407
3604	7699
4689	7379
2048	6892
1284	6798
1253	6962
2089	3927
1882	6802
3504	5770
1857	8654
1344	7407
4669	7175
2162	1557
707	3052
1149	7001
3993	7104
1825	3533
2823	6127
3557	5220
2858	7278
1676	6726
2722	8061
1217	4775
2162	7092
2806	6850
2643	7447
1366	3738
1210	7308
2280	5367
2607	6537
2325	3113
4154	7432
1075	6946
1508	5690
1429	6377
3404	6055
2699	1289
3061	3152
2357	7023
3621	2868
960	2246
2023	8852
2359	6965
2136	6550
4659	3928
1009	6687
2282	7102
3848	7877
1219	1455
2905	7432
2338	5844
2560	3419
2118	6961
1712	5261
2290	7277
1025	7369
2705	5472
3273	6610
1804	6902
3126	6920
1136	3373
1980	7989
2265	1613
1507	2226
1003	5277
2659	5851
2622	7769
1370	1694
3756	6492
3899	5558
1841	5986
3200	3926
3165	5761
1029	6178
1404	7166
2574	2079
1747	2789
1856	7034
1849	7580
1017	5466
3063	7688
2107	5398
2684	6116
9783	7735
3090	7939
2211	6480
3851	4118
1159	3043
710	6562
1954	4074
1862	7016
5477	9633
2610	5287
4068	6752
4645	6540
3486	5719
1048	6616
1943	2922
5515	4139
2670	6470
2528	8015
1266	3088
3468	7963
1728	6953
5777	6502
846	6373
1805	9112
3047	3879
1730	3662
1411	7232
2686	7088
2964	6123
1618	7291
2445	2556
5009	6304
3215	3641
1835	4257
1240	4704
2457	8200
5798	8458
849	6549
3295	6015
937	3859
1754	7717
3515	5683
1184	3889
4339	6944
578	6356
3414	6770
8343	2988
2993	5155
563	8463
4128	6406
1742	3311
3266	7794
1211	6445
1836	7495
2317	6307
2283	6829
3442	2262
4968	8613
2430	3330
3054	6031
4415	8186
1940	5489
2248	4526
1445	6895
1181	6973
2595	5672
671	8265
3734	6762
3176	7063
1641	5826
2080	8982
1870	6258
3599	5376
1322	6435
2099	5054
1803	7068
3984	2295
917	5110
3978	6511
1778	7093
1801	6387
2266	3741
1673	7301
9579	7932
1804	5767
848	3981
6627	8274
6139	6936
2792	7666
3995	5938
3455	6610
2265	7597
2294	4039
3760	6850
4278	3646
1291	5716
2301	8711
3489	8177
2766	6745
3707	7622
2622	6096
1977	1565
3352	1308
3086	7172
1536	3463
3129	2779
2791	6014
1570	6974
1252	6607
1851	5341
999	5127
1911	6911
3045	8897
3670	7493
2210	5326
2584	2728
1610	3251
879	8609
2419	6761
1070	5770
2664	8351
1072	2039
2379	2305
2198	7619
4124	3928
2709	7305
962	6156
3569	7118
3446	4214
3704	5504
2886	6671
1928	7315
2642	5395
506	5787
1417	7756
2121	3543
2805	8540
1911	5959
1176	5431
3101	4325
2334	7173
3522	6788
1581	6547
1695	2628
2884	6799
2909	6141
1396	7409
2471	8072
5320	7737
3217	8123
1261	6996
1231	5194
2760	9277
1819	7261
2312	7296
3720	7232
4597	7106
1571	4262
2645	4630
1036	7224
1198	7151
1133	6966
4766	2589
2049	7695
4251	9183
420	6408
3637	5715
1864	5347
2715	6677
2828	4746
2457	8942
3254	6190
4895	8123
5946	6551
1662	7290
1193	5086
2748	6175
5443	6130
5695	7862
2742	8338
1394	8514
2807	6968
4314	3476
1598	7061
1903	2773
2257	5486
3937	3957
3808	7463
2786	7617
4748	3683
1186	3424
2539	5974
1667	7005
7200	2401
3345	5471
1687	5745
4285	6111
1223	3089
2184	7626
1332	7084
1130	4164
2157	3969
3359	5529
1063	2837
2976	3081
2519	5325
6921	7575
4890	3192
4123	5577
1117	5117
4936	4187
1883	6910
2883	7544
981	6989
1857	7082
657	6233
4063	7482
1854	3745
1380	6797
2916	6160
2560	6440
2315	5347
919	6151
1287	5794
3421	5519
892	6627
3080	6640
3769	7232
2614	6549
1563	6689
3314	7772
2596	4663
1245	4957
969	6754
1161	7089
2845	5886
4601	7653
903	7130
1493	8653
4321	6819
1928	6345
1584	7004
2622	7148
1213	5717
2232	5996
1493	6825
1082	7054
6456	7917
3078	7129
1468	5642
1940	3520
3947	8318
1830	3523
2273	5104
1335	6281
4264	9462
3602	7461
2307	6252
1842	6803
2779	7496
1493	2846
1706	4702
2249	3611
3953	7913
1464	5588
1464	7419
5552	2782
1078	5187
1609	3320
2515	5850
3784	7445
4437	7799
2639	7575
3122	6222
692	6091
568	5533
2818	8785
2010	5916
4103	3487
1530	7155
2874	4749
1241	6079
2273	5492
764	6258
2846	6532
3990	4326
2553	6422
1790	2469
2074	3679
3050	6954
2746	7623
1374	8696
2726	6399
562	6416
3206	5785
2308	4497
1101	1637
1305	7819
2722	7143
2966	6509
2407	6303
1328	7542
5282	6550
5550	7870
2663	6814
5308	7952
991	2207
943	5654
2022	7741
2195	3141
6152	5000
1091	3083
2201	6990
1544	6771
2424	6773
2911	6493
2530	9789
2648	3690
4370	7679
2746	6896
3901	8413
2392	7143
3514	2409
2815	5778
4502	8020
3348	5976
1349	5583
1530	6758
1884	8110
1720	7505
1567	7098
2494	7904
3442	7816
1298	5437
5751	3322
2051	7038
1025	6707
1113	5697
3213	5930
7610	7727
3557	6241
1418	3029
2226	6652
4949	3861
1078	7262
1506	3061
6583	6434
1280	5272
2559	6953
4236	4254
3737	7424
3026	6806
3659	3180
752	4401
2287	5373
3772	7023
2156	7256
6219	4307
2147	3376
1948	7978
1450	6681
2964	7260
2633	4503
2064	7610
5755	4135
1256	5041
3564	2285
993	7082
6757	7166
2974	3180
2335	3648
6441	8371
2506	6455
1562	6855
2061	6873
3741	3347
2630	3014
1516	6882
1673	6649
3640	6510
1411	7240
1059	7131
2119	3661
2166	3301
1052	6022
632	6775
2131	2481
1406	3485
4222	7102
1065	6723
2218	7173
2739	7003
1798	6604
2533	7205
1701	6471
1720	7126
3640	2918
3713	6818
1654	6731
1452	6933
3045	6224
4944	8173
1481	3758
1281	3022
1924	6233
1017	6711
2296	7884
1084	6989
2684	3580
2543	6935
1376	5721
1016	6561
3465	7067
1393	5942
853	2031
1140	7098
2664	6292
2251	7310
1689	3430
3008	4494
2450	7532
6029	6893
1435	7268
2984	7317
2966	9556
3007	6731
1649	5574
2852	4661
3407	8320
920	5125
2091	7466
1500	5566
1619	7809
3530	7834
3835	7583
2082	8380
3949	8539
1756	3466
5509	7786
1688	7539
1603	6723
3419	7703
3218	6863
1651	5252
3455	6883
1598	6885
582	7417
2560	3142
3071	7770
3332	8414
3418	6611
1875	5405
1746	6338
1755	6571
5503	7563
1980	3050
3498	7660
521	6561
2141	9134
1329	8376
3520	4349
3339	7568
1699	5233
7718	7801
3150	6925
1796	7738
3674	5873
2032	6042
2925	9481
970	7893
2054	8791
1233	8283
3544	5563
1264	3905
3229	6588
3913	6268
3231	5205
3791	3762
5259	6465
3162	4385
2916	7609
1881	6641
2009	6436
1771	3339
2021	6993
1355	5133
2377	6167
2456	7647
2045	6771
3186	7356
1989	5719
985	6673
4235	4495
2359	6810
904	4332
1837	5515
1508	4860
4031	4024
3358	5116
1110	5477
1070	7373
1249	2959
2468	3858
1603	7112
4454	7384
4154	6616
7656	8249
5778	4326
3716	5130
2046	5537
4409	5973
1064	7631
1453	6574
2409	7264
3759	6610
3790	6104
2152	2293
2697	8493
1201	6130
1681	7174
2678	6897
1839	6000
2414	4771
1428	5198
4491	3152
2036	2391
2006	6433
6306	8238
2935	8139
1253	3341
1230	8240
7000	7402
2294	6196
1298	6591
2535	6986
1492	6676
3996	6187
1281	8662
1373	3350
1044	6876
1304	2772
3672	5790
1535	7203
3971	4923
1410	7888
2019	5638
3510	5493
2561	7637
1099	5467
1226	6532
1207	7573
1406	6875
839	5353
3452	5790
1925	6952
3095	3136
2462	3535
5416	3023
4016	6549
3602	6686
1651	7333
1798	5221
2629	7133
2959	6813
3159	8101
2687	6099
2720	5238
3496	9158
819	4006
1263	6637
3210	7610
1365	5337
1367	3576
1431	6906
2380	7544
3526	8121
2020	6017
2826	8543
1570	5579
2004	7536
603	6300
1373	3769
1461	4390
1289	2376
2232	6439
2556	6636
1923	5271
1874	7225
2871	4380
2221	5710
332	1101
1487	3821
3394	5456
2738	7839
1801	7882
2685	7042
1050	8399
1264	7101
3332	1705
5934	8467
2740	9118
2832	6716
3409	8414
3734	6340
2535	5606
6027	8382
4663	8494
2049	6596
1385	5572
1777	3732
1770	3628
2476	3165
2590	6903
1573	6584
2751	1565
2421	6608
3345	9193
1516	4166
2822	4743
4186	5667
5237	8138
1995	6755
2484	7584
2655	3827
2638	3546
3688	7664
1971	7414
1567	2425
2016	5247
893	4751
1782	5896
2699	5483
1974	6911
2529	7346
2567	2766
2871	6976
1087	7220
1695	8600
7071	7493
1326	7475
5282	8533
1102	6444
995	5425
2396	5530
1495	5952
2040	6851
3220	3304
3692	6877
3948	8195
1460	7532
2013	6157
3873	7609
3433	3376
3332	7853
2908	7211
2082	5621
1470	3296
7071	3115
3254	8555
2211	8009
1510	4649
1852	3880
761	6424
1028	7626
2228	7150
2110	5549
1264	3839
5501	8388
3548	8190
1067	6927
1060	5432
836	8604
1483	7277
2907	7306
3443	7658
3279	5757
1700	3648
1597	7178
972	2961
357	7099
2439	3225
4246	2805
3093	6959
1458	5696
2032	7500
983	6169
202	6436
865	7389
2468	3482
2385	6793
2650	3288
3260	8145
3611	7493
1355	5967
1440	7119
946	4848
1073	2122
1092	4230
1436	4854
3236	6568
2780	7015
2456	6896
1053	5950
1986	8430
2542	6292
2801	8031
2674	8383
4610	6571
1275	5634
2490	3325
1901	7503
2278	7535
3802	3213
1287	3856
3544	9511
1670	3805
4204	9525
1636	3494
1198	7538
931	6197
1425	4927
4445	7948
2427	7278
1667	4125
5255	8394
728	6295
3657	3260
4964	7420
1296	4809
4138	3126
1203	7306
3472	2369
4134	5919
1894	5157
2702	2840
1681	7020
981	6758
2025	7400
1864	7902
2919	6475
3033	7489
2043	5241
2354	1206
2157	6989
4572	4574
1776	2354
1317	5339
2107	7369
3296	8564
514	8216
2015	8220
1520	7352
1439	6553
2130	8316
3464	1966
4167	6459
1262	6298
3382	6772
2755	7480
1652	7124
1196	6227
1506	6669
1996	6394
2638	5636
1606	2797
1539	6823
2418	7197
1308	3887
1619	5683
3628	6808
3023	7622
3331	7373
3442	5005
1310	6933
1381	6789
4000	7461
1574	3570
3023	7711
1206	3447
1034	6724
1449	7682
3249	4396
3015	6708
2012	5547
1599	3337
1827	3067
3627	8020
1038	1942
792	5550
4633	6354
475	6093
1675	6599
840	6638
1652	3778
2990	6488
6531	7464
3024	4311
9999	2900
290	5342
1289	2358
3383	3656
4059	6493
1397	3195
768	5925
3469	8621
6083	8346
1780	4077
1374	2446
4812	7718
1469	3476
3089	7881
1768	7252
898	6282
2695	7263
1823	9121
2526	5322
2840	6835
1424	6952
2235	6913
3006	6770
3154	5685
1650	5897
1613	3343
1315	3759
3011	6420
3140	8892
2783	7791
2157	6216
7376	4482
3204	7972
1670	7221
2627	4962
1515	3232
2885	7552
2658	5531
3935	7235
1057	5815
2195	7708
3185	8381
2900	5396
2006	5918
1580	5647
3307	7893
1488	6818
3071	1362
1639	7684
1037	5346
1011	5828
918	6331
3396	6576
2855	6393
1742	6527
2719	5549
6020	9173
751	3240
3833	8331
3484	6563
2550	4348
1541	5645
3625	8307
2027	8816
1089	3037
5528	7020
4117	7108
1128	1940
2040	7511
3649	7669
874	6716
1602	7040
2137	7452
2400	3235
1183	5834
3312	6410
3314	7361
2194	6796
1259	6926
1665	3573
1612	6699
873	7115
1137	7163
870	3390
1951	4183
3034	8031
9080	7544
1108	3306
2430	7578
1177	6696
591	6475
2360	8340
1883	8479
726	7492
2946	8382
1486	3537
1399	5503
4231	7313
2254	4001
2356	6836
3397	7720
3686	8652
3385	7026
3456	6716
1083	3348
1723	3925
3990	8459
3617	6887
2278	8430
968	5119
3199	6399
2129	3544
2180	3428
3183	7434
4600	6396
813	6717
3390	8104
2434	3025
1491	7277
1650	7316
1534	3263
2849	7260
2662	6738
1634	3638
1190	6792
3905	8535
1869	5516
2686	6388
423	6532
6341	4155
2598	6615
1544	7165
4343	8712
2784	5632
2024	6949
3981	7197
2994	5412
2420	4499
1524	3124
4426	7706
2927	5268
1682	8143
3374	3652
2225	4048
2448	7139
2408	3242
1114	6564
3746	7886
3394	5573
4041	7099
2209	7228
2456	8250
1484	5197
1797	3962
1785	6738
3618	5695
4521	8024
5601	8532
2031	8487
2646	4703
214	5035
3330	5941
4621	6249
3299	6550
1953	5553
2945	3522
4207	6455
2976	6288
3042	3570
2808	6191
1955	1666
3184	6764
1715	7427
2295	8692
1830	7958
4714	5653
1480	7685
1737	7693
1537	5238
1954	7197
3576	7582
1890	7066
3759	4164
2947	6687
2648	6380
1086	5856
1771	6396
1572	6962
4053	7436
1564	6972
1886	1294
1907	5528
2652	1871
2206	7551
1053	3474
3570	5832
1555	6571
3884	8101
1495	6709
2161	7357
4758	6163
2316	3416
1874	5146
1958	6708
4462	2166
4253	3989
5345	2444
1103	8161
1166	7004
6080	6750
3712	8090
3399	5642
2958	3615
2978	5957
1766	7479
3984	7470
1246	6983
1563	3300
4605	4170
2095	5697
4179	3703
4149	9999
3741	6226
1439	7240
1522	5513
1440	6824
2198	6887
3368	7351
3297	7658
3224	2801
3364	4904
5191	8499
4575	7898
2557	8146
3342	3737
1202	7491
7365	5008
2885	8065
3550	7857
1476	7308
1441	7167
2325	8152
1698	5680
2201	6833
4187	4731
2301	3496
4774	7769
2436	7544
1424	2186
1177	4877
1627	1738
1926	6632
1340	7498
758	7242
2682	5508
1708	3241
1272	5215
4950	9590
2571	3349
3842	5675
6480	8041
714	5896
2419	7036
1542	6016
1119	6492
2504	7358
600	8153
2045	8814
1584	6196
4296	7693
3757	7293
526	7386
6021	9689
1356	6628
2786	7211
1718	2127
1194	6772
2555	5657
1421	8038
3244	4694
1109	7278
2110	5837
4564	4419
4624	6471
1312	3291
1644	2801
1069	7086
5072	8085
1653	6751
3360	7353
885	7469
1001	4981
4391	6427
5662	7592
2458	8514
1575	3718
1099	6636
1699	6685
2503	7052
1641	2090
6848	6391
1427	8592
3188	7347
2688	4138
2234	4321
1948	6476
3233	7102
3218	3114
2678	7371
937	6142
7427	7487
859	6545
3462	7906
2232	6987
3797	3365
3473	6971
919	5019
3021	3684
1371	6158
1755	5518
2330	6617
3924	8047
2675	1433
2555	3020
3371	9208
2501	6617
2597	4010
2457	4639
1379	6322
3262	8903
1388	7141
2597	6989
1579	6638
1088	5246
992	2976
1670	3190
1385	7194
982	6707
3162	7601
1833	6747
1983	7803
2445	6979
4989	2352
930	7064
2635	6305
2636	7539
2795	8561
1784	3367
3151	6369
288	0
3695	8251
1529	7678
1202	4773
1580	5597
1434	3796
2269	4830
4069	7037
1835	6664
1890	5187
3001	7097
3412	7633
5438	8298
2059	6949
3112	9605
1342	6401
2149	7563
777	7108
3647	7917
1946	5568
1778	7282
2789	3025
5714	6446
5114	9299
3262	6515
3614	6706
2729	6098
4751	7932
1445	5348
1624	3250
1408	6537
1056	4995
1692	5350
3649	3813
1668	6707
1630	7496
5533	7756
548	7383
1966	3557
4158	5730
1057	5967
1377	6085
3456	5305
1952	5922
1786	5977
2225	3153
1624	1710
2296	926
1230	5448
1951	3522
2985	6307
1513	8820
1654	8771
3176	8662
1374	9013
562	6772
1596	5343
3969	5891
1044	6680
675	6570
1224	7097
1195	7300
2896	7740
642	6637
1388	3049
2613	6770
1373	8256
2926	5098
4634	4074
1267	7128
2757	5027
3984	7745
1724	5919
2714	8313
1987	6245
5026	8371
1399	6550
747	6836
2339	8148
2659	3768
6129	7609
1530	6450
935	5155
4365	8093
1127	6292
3074	7479
3200	7484
4508	3430
2655	8121
2441	3969
3215	7335
1436	4506
3651	7079
323	5328
1119	6978
1958	3574
3313	3884
961	7104
827	4883
1027	7023
3057	6070
2319	3615
3478	8766
3594	6555
2227	7343
2301	7080
5946	8032
2616	7478
5051	7882
3062	3040
789	6629
1308	6283
1228	7341
3534	5528
2534	3999
1320	7174
2373	3908
1416	7202
1550	7081
2392	8540
5290	8774
3158	4329
2272	3312
2244	6939
1397	5708
2539	3706
2059	7541
865	6783
5807	7425
1139	2753
3739	9374
1086	3117
2188	5611
1287	5666
906	6532
1758	5960
3786	8721
3678	7481
1617	7415
3757	3615
1561	3506
1868	7850
1133	5101
2460	5767
2568	7073
1393	7601
1377	7546
2137	7521
1549	5951
5462	7324
1940	6712
1512	7125
2525	4391
1687	8434
1273	3310
2083	5763
2299	6950
2746	5107
3306	5780
5867	9190
5176	8453
1307	5667
1312	6455
3377	5655
3746	7251
1161	7094
1971	7138
1609	7105
2629	6719
1750	3317
4440	7602
1264	6810
2732	7845
1570	2946
2209	6941
3682	5947
3409	2844
1161	4797
3030	7140
4620	4588
1360	3309
1982	7743
3293	5579
4092	6722
2307	7810
2722	6151
2304	5227
3685	8137
3916	6262
2610	7905
2557	8744
1786	2873
2236	5460
1697	3386
1314	8317
1402	8925
3502	3584
4027	6108
2719	6963
1942	8000
1768	5068
791	1256
704	6875
1271	5961
2450	6815
1420	6354
3570	8449
1847	6882
2655	3175
3510	5471
4449	3973
1617	6005
408	6278
4003	8053
842	6550
1293	3760
2875	5625
2580	8574
4324	3875
4583	3756
2407	3478
1238	5167
3257	4508
3283	2292
1432	6619
6003	7070
965	7005
2717	9673
5146	8150
4910	4755
3875	7219
1566	6894
908	5255
4268	8264
1736	3290
3271	6065
1900	2828
3090	8411
4620	7371
1103	8111
4066	2533
2209	3901
1523	2366
3787	4006
1618	8427
737	1165
2898	3322
1710	7061
1543	8626
2750	5998
3185	7750
3400	4271
4225	6135
2659	4847
1472	7004
2476	7233
2304	5189
1493	6495
2615	9268
3579	8384
2149	7435
1498	3732
1261	6925
4294	3436
1227	5598
1978	8263
2260	5813
467	6428
3770	6577
1374	5638
1131	5507
3498	7673
961	5425
3749	6663
2574	7703
1008	6618
2553	8557
1798	6383
1045	6096
5326	7210
4966	6761
2959	4501
1943	6284
5729	5825
1856	8822
2734	5678
1045	4561
739	9261
2637	6843
2664	8908
1770	5445
1630	7041
5661	4267
3507	7967
1020	5945
1066	7102
2436	8156
1667	3032
952	5555
2901	7224
2135	7053
1804	5529
2977	7193
2017	6735
1593	5022
3635	7552
3314	5242
1044	6676
2214	7522
1218	6840
1835	6448
2601	5369
526	8140
1955	7575
3095	6715
3074	4325
3780	7339
1356	6550
762	7057
660	5387
1952	7269
1378	7371
3210	6997
1796	3685
3638	8119
3519	6490
1314	8011
1610	3935
1122	5751
3228	7658
2112	7919
3111	7334
6106	6604
1418	3156
2692	8178
2664	6709
6484	7801
3769	8311
1352	5432
1334	1418
1464	5825
3111	6550
1171	8088
3304	6090
2733	8320
3674	7138
4573	8348
1664	7066
3467	7838
2871	6394
3224	5458
1856	5160
1415	2460
3407	6964
735	6716
4204	7576
2250	6681
3694	2567
1173	5277
1493	5470
2698	2613
1499	5523
870	7437
1961	3222
2003	4117
1610	1901
1984	5749
3729	6209
1773	6517
1424	3034
1945	6135
4144	8128
2331	5309
1158	5910
1169	5681
2635	8135
1109	3202
2448	7829
7272	6641
2769	3630
6129	9244
4713	4148
2446	3083
1801	6819
883	8278
3098	7591
1491	6476
2964	4407
1664	3485
1391	6946
2231	5414
3959	8285
1803	7110
2750	7778
167	2690
856	2923
1845	2159
1370	8067
3520	8653
1531	7687
2174	3019
1175	5864
1551	7268
1887	3408
1623	5554
2525	6422
2828	7728
1759	2985
3103	8284
3380	5651
1357	2948
1406	5654
2295	7420
1706	3377
1433	5716
3888	5450
3322	7872
1287	3402
1373	8421
3232	7756
4635	7641
3258	7730
1414	6546
1855	4669
746	3075
865	7142
2186	6809
4897	6270
2759	6333
1937	6460
1086	2906
1580	7590
925	2718
1979	6133
3371	4186
3776	7729
1417	2973
884	6518
3372	3126
1686	3554
1475	3279
1837	7385
1703	7351
2784	7657
1300	5831
3059	3602
1239	4898
1311	7755
2940	5768
1322	3298
2708	4200
3169	4144
2161	5938
2997	7967
1245	5772
2144	6689
3749	8275
2209	7518
2822	6937
921	5318
1824	1876
2136	5266
3013	8226
2520	6193
2257	2219
1474	3596
2342	7817
2199	5867
1118	7585
1709	2734
2016	7959
1734	7392
2425	3428
2713	4158
3182	6325
2925	8097
1946	8684
3873	4228
2633	6719
2557	6256
2753	2033
2612	3905
