7206	3352
6554	2385
6043	4132
5884	3449
4318	5157
5574	2615
5615	3403
6051	2776
5569	3188
6828	3074
6389	3188
4729	3021
5005	3151
5732	3374
5408	2770
6953	2989
5414	3050
4959	2554
7069	4109
6095	3123
2968	5449
6362	2344
6153	3991
5875	3080
5894	2852
6240	224
6501	2722
6038	1911
6392	2633
5505	3655
5744	2368
5933	3169
5963	2937
6076	1960
6564	1982
6284	2639
6117	3242
7179	4431
7944	2798
4855	3674
5450	4029
5700	2991
5517	2549
6453	2402
4447	4778
6398	3084
5818	3337
6114	3313
4345	2876
5328	3372
6496	2937
6482	2323
5194	3617
5466	2740
5281	3955
6982	3692
6157	3092
6117	2625
6033	3672
4818	3172
5183	2894
6071	2441
5534	4476
7814	2915
5533	3976
3310	5623
6633	2156
3201	4919
6172	3378
6850	3892
6507	3626
7533	1919
6271	3254
5793	2676
6466	3981
5197	2240
5791	3368
6072	2524
5537	3846
5016	3212
5151	3101
6317	3328
5403	2581
6318	2982
6793	1181
7545	3025
5063	4109
4837	2808
6783	2572
5105	2605
6356	2420
6616	3100
4761	2423
5915	3547
6853	2619
6147	2572
5251	2557
5463	3477
5067	2684
3973	4145
5620	2055
7141	2472
5453	2445
7312	2475
6837	2841
5889	3089
6942	2388
4673	3495
5105	5053
5064	2383
4981	3549
4918	3465
5142	2931
6632	2863
5830	2714
6586	2095
4929	2581
6282	2916
5397	3121
6523	2985
5159	3058
5271	2318
6484	3807
6696	2525
5630	3026
5569	2110
5778	2920
4586	2483
5423	2667
6333	1012
6587	2052
6207	2193
6395	2992
5265	3229
7092	4300
6260	3270
4680	4004
4938	3737
5927	3821
5268	3533
5470	2356
5898	3058
6404	3049
6949	3388
6806	3201
6579	2730
6237	3015
6101	2672
6385	3104
5894	2207
5532	1952
4695	4044
7363	2118
5969	3614
6314	2318
6079	2609
6532	2880
7817	3554
4688	3958
5609	2238
7714	3075
6141	2256
4801	3173
6881	2509
6681	2751
6302	2863
7011	1828
6741	1819
6706	3007
5381	3296
5886	3573
6272	2999
4622	3079
5572	3777
6408	2065
6294	3399
5106	3032
4367	3688
7545	3043
6062	2399
4879	3318
5463	3379
5979	2788
5869	3324
6456	3229
7446	2608
5841	2753
5758	2347
6122	4179
5910	3355
7156	2188
6533	3792
6518	3116
6937	1039
4448	3734
4181	4147
5731	3585
6515	2817
6693	3364
7012	2421
5328	2326
5430	3099
5951	3026
6983	1822
5753	2817
6058	2756
6166	1935
5288	3268
5907	3076
5250	2141
4518	3807
5897	4131
6955	3284
5141	3710
5821	2423
5301	2323
5489	3545
6326	1914
6992	2392
7831	3183
5670	3663
6070	2573
5423	3355
4944	3594
6076	2167
7216	2879
5545	2002
5371	2521
4925	4510
6250	2792
5773	4303
6996	2753
7174	3526
5845	4078
6749	2936
6546	3715
7017	2032
6833	3107
3978	3916
5722	2862
6478	2818
7257	2853
5340	3254
6829	1546
5830	3733
7110	2502
5156	3797
7092	1810
5564	3176
5327	4653
4628	3084
6474	2603
5054	4343
5388	3432
7595	2689
6676	2836
6600	3056
4862	4296
5305	2699
4520	3513
4542	3280
6205	1922
5500	2281
5634	4338
8022	1259
6705	2634
5439	3127
6021	2051
3537	6032
6537	1622
5020	3927
4955	3032
8915	1342
6480	2997
6166	3307
4465	3593
5858	2511
6182	2064
3073	4464
5603	2964
7324	2365
5242	3330
4943	2771
5274	3872
6388	2115
6387	2890
6043	2518
7036	2877
5123	3445
6588	2619
5646	3795
6492	2101
6188	2167
8129	1815
6139	3471
5950	3008
5647	2628
5372	3487
7452	2942
6802	2752
6393	1389
6413	2732
6198	2507
5766	2387
5997	3608
6505	2742
5821	2464
6766	2700
6127	2664
5439	4021
7590	2760
5775	2239
5630	3428
5909	2143
5925	2541
5025	3887
6976	2546
6545	3616
6854	3341
5543	2373
6906	3200
6769	1980
6108	2179
7128	1561
7459	2447
7065	2231
7604	2783
5230	3299
5807	2517
6714	2838
5748	2500
6291	2678
6258	2163
6027	2749
5559	4085
5128	4191
6577	1690
6119	2464
5599	2765
5358	3641
5829	2149
6343	3029
6019	3247
5900	3926
6720	3418
5123	2723
7103	2257
6044	3515
5071	2231
5157	3884
5003	3090
5380	4092
6897	3801
5730	2707
6282	2720
7283	3182
4044	4782
7492	2411
5558	2522
5952	3308
5412	1490
5239	4205
6518	3741
7335	3200
6092	2920
3368	4936
7130	2655
5727	3800
6460	2791
5561	3490
7029	2989
7008	2375
4825	4458
5854	2632
5672	2799
6984	3307
7137	3105
5089	2793
5844	2001
6175	3499
6031	2136
7225	2471
7508	3325
6543	3525
4766	2908
7949	2727
3873	4509
6248	3059
5298	3107
7069	1976
5914	2898
5734	2620
5605	3288
5491	3108
6431	2629
5811	2699
4619	3396
6648	1851
5465	2479
5807	3455
6814	1569
5981	2558
6117	2009
5081	3598
7638	2089
5331	3668
7162	3080
6036	3434
6574	2492
5593	2538
5335	3349
6165	1893
6194	3044
5940	3002
5799	2378
4350	5122
5586	3769
7293	2130
5817	3796
6593	2574
5311	2886
6565	1349
5304	3361
5871	3225
6733	2719
5753	4286
6134	3614
5796	3558
7706	4377
4595	4676
7045	1741
5009	2865
6397	2838
6403	2832
5897	3682
5997	3797
5650	4711
6952	2359
5812	2154
7767	2494
6999	3391
5696	4069
7060	3907
5187	3982
5340	2607
6385	2778
5634	3420
7378	2155
5793	3341
6741	2619
5692	3142
6659	2803
5200	3249
6425	2741
5905	4017
3632	4647
7217	3593
5781	3304
5170	4513
6145	2610
6883	1706
4278	4954
4719	3479
6315	1893
5547	4738
5831	3607
6135	1870
6947	2828
7535	2552
6669	2614
5628	3990
3490	5582
6086	2524
5852	3640
6107	980
5035	4859
5839	2795
7542	3287
6218	3637
6107	3523
5344	2515
4832	3145
7271	1547
6240	2634
5667	3539
5984	3746
5779	2987
7621	1550
6460	2805
6044	2102
5712	2835
6589	2452
6517	3072
6762	2276
5210	3433
6747	3425
5594	2173
7259	2285
6080	2531
5707	3969
4553	4557
5688	3948
6788	3013
5349	3247
7731	1399
7162	2554
6108	2923
7212	3595
5333	3709
6375	2764
5540	2439
4878	3159
6222	3077
6001	2768
6023	3716
6557	2405
5103	3964
5941	3631
5844	3531
6196	3192
6534	3912
5594	3663
6312	2497
5612	3039
7466	3012
4304	4243
6199	2433
6516	2047
6809	2966
5951	2338
6733	2719
6422	3321
4905	4084
7265	2695
6098	3285
6481	3903
5471	4647
4774	3281
6455	3063
4500	2684
6081	2424
5564	3200
4921	3417
5178	2906
4762	3959
5408	1978
5723	4528
5809	2915
6417	2171
6055	3700
6144	3450
5858	1560
6348	3127
6378	2987
5122	2410
5368	3644
5769	2573
4914	3264
6130	2319
6076	2896
3802	3968
5783	3373
6958	3862
3849	5072
6083	2978
7984	703
6848	2674
5994	2882
6332	3189
6712	3559
5054	3865
6852	2230
4864	4384
5075	3710
5627	2055
6419	1521
5619	3972
6448	3430
5670	3758
5492	3005
6009	2692
7563	2483
7604	3053
6774	3169
5511	2904
6796	2343
5686	3895
4126	3338
6798	2104
5162	4075
5606	1666
6371	2409
6884	3005
5763	3298
6209	2213
4717	4265
5424	3678
6218	2910
7118	2224
5462	2208
5824	3190
6352	2354
4763	4448
5453	5106
4559	3807
5443	3695
4687	3961
5954	2948
3473	5169
5266	3115
6297	2730
6124	1906
5782	3255
4650	4603
7500	3985
6837	3499
5402	2801
5348	3912
5217	2940
8242	1717
6439	2810
6885	2778
5151	3405
6416	2630
6405	2453
6011	2387
6237	2438
5395	2704
7281	3873
7299	2566
5752	2545
6137	3164
4566	2577
5282	4953
6293	2606
6683	3330
7670	2312
5425	2613
6669	2079
5306	3909
5991	3705
5606	2795
7027	2626
5614	2657
5618	2997
6796	3206
5769	4364
5810	2157
426	9999
4919	3436
5437	3183
5858	3373
3432	6282
5226	2818
6334	2222
5515	3528
4551	3149
5582	3267
7004	2719
5499	2325
6981	3076
5882	4000
7038	2216
6791	2912
6799	2511
5503	2608
5083	3617
7903	2977
5917	3081
6323	3160
8303	841
6550	2806
6152	3258
5723	3050
6606	4015
6165	3784
4280	5056
4886	3880
7056	2546
6797	2271
6307	1715
7553	3233
6181	3560
6589	3585
6154	2759
6344	3190
6163	1936
5845	2241
6545	2882
7524	2863
6961	3233
5057	3358
4644	3495
7663	2188
4618	2704
6806	2774
6499	2162
6655	1426
5080	2504
6347	1786
5907	2909
6416	2339
6236	2981
6218	1931
5791	2938
5895	3019
5718	3592
5192	2903
2473	6725
6911	2422
6684	2685
6757	2827
6167	3811
6570	2710
6659	3294
6976	3385
5860	3080
5180	3264
6463	3169
4376	3206
6454	2690
7108	2847
6728	4781
7481	3475
7308	2946
5839	3872
5820	3325
4917	3201
6082	3240
8295	1112
6407	2109
7022	3637
5640	2344
6115	2348
6249	4092
4934	2930
6618	2991
5520	3723
7414	2549
7062	1711
5532	2556
5394	3554
6138	2819
6223	3258
6920	3055
6179	4080
5273	2231
6115	2862
6510	4270
7417	2025
6026	2225
6407	2821
5935	2150
6188	2871
5758	4529
6263	3513
4910	3355
6563	2737
6706	1842
5331	3074
6109	2910
5148	2491
5125	3002
6252	2801
5708	2070
6214	1687
5561	3706
5473	3717
5111	3771
6158	1875
5159	3306
5506	3830
6542	2707
6398	1678
4788	3870
7924	2384
5451	3894
5831	3349
8208	2055
4771	4110
5796	3776
6640	1697
4918	3898
5756	2355
3999	4891
4943	4083
7509	2071
5387	3633
5740	3316
6293	2487
6489	3967
6606	1742
5325	3005
6258	2935
6660	2099
5592	2238
5550	2538
6401	2498
6426	2514
7524	2428
4682	4406
5768	2867
4767	3822
5020	3359
5782	3149
5913	2751
6465	3041
5437	2246
6319	2978
5275	2983
6789	2293
6271	3345
6361	1866
6419	2927
6622	1655
6796	2432
6238	3593
6550	3503
5734	1914
6082	3851
5872	2673
6110	3196
7137	1821
5702	3321
5395	3056
4780	1620
5894	3407
6789	2108
5259	3570
5886	3970
5435	2883
4815	3623
5381	3215
7200	1864
6247	3922
4764	2348
6137	2821
4861	2721
3941	3219
6218	3809
6781	3040
6045	2934
5650	3182
6365	3842
6174	2398
5348	3023
3147	3605
5997	3557
6459	3762
6073	4680
4601	4428
6255	3159
4947	1962
4938	2874
6321	3058
4860	4674
5975	3484
6129	3323
5843	3634
5491	3181
4588	3324
5655	3217
6427	2843
6517	2331
6577	2398
4914	4248
5559	3475
7211	2766
5008	3008
6099	3213
5683	3186
7586	2117
2441	6604
6402	3627
5042	4118
5954	2891
3847	3954
6456	3047
6006	2560
6840	1392
6819	1905
6357	2528
5755	3258
5701	2378
6879	2403
2907	5194
6669	2156
4889	3435
6057	2779
6407	3028
5702	3050
6373	2280
7031	2921
6861	2334
5878	3243
7050	2508
5822	3703
7479	3074
5754	3184
6576	2641
6130	3703
5071	3281
2690	6460
7744	2546
6566	3348
5734	4422
6646	3600
4643	2688
7272	2885
5300	2661
7664	2930
5407	3165
6801	2763
6100	3626
5128	2640
6279	3520
4891	2945
6522	3603
4830	3111
6478	2552
6783	3207
6782	2149
6376	3026
5156	3652
6320	2731
7236	2209
6543	2616
7406	3735
5996	2747
7632	2815
5371	2952
5609	3517
2705	5769
5432	4239
6035	4094
6267	2897
5381	3068
6185	3178
6447	2233
5370	2245
5585	3054
5800	3111
5568	2581
7287	2445
6794	1661
7490	2945
5415	2838
7360	2007
4988	2957
5986	2983
6829	3740
5989	2636
6119	2910
5302	3511
6761	3694
6375	1883
6232	2811
6542	3048
5689	3208
5713	3530
5657	4059
5745	3467
6093	3309
6953	2615
6665	2529
4702	3207
6380	3079
6581	2183
6111	3968
5278	3628
7076	4158
4833	3831
5459	2234
6736	3630
5374	2412
7295	3141
5921	4325
6429	3957
5121	3528
5994	2837
7829	2586
5130	3023
5382	3329
5451	2309
6940	2022
4955	2466
7478	2707
5954	3076
5583	4597
6002	2247
4492	4078
5550	4167
6088	2570
5911	4326
6996	3986
5884	1917
5189	4068
5594	2278
5558	2817
6507	1924
6486	2668
6430	3463
5871	3309
6412	3329
6375	3850
5374	4138
4723	4375
6355	3397
5867	3047
5436	3338
5777	3093
4141	3354
6133	2899
6462	3893
5725	3935
5746	2742
6859	2921
5384	3082
5625	4000
6021	4116
6221	2751
7141	2508
3467	5582
8198	2677
5281	3308
5575	3169
6816	3869
4933	3206
5678	4077
9192	2532
6092	3175
5065	3196
5810	2093
7171	3210
6199	2831
6395	2897
6932	4144
5953	3220
5935	4191
5787	3191
5723	2967
5368	4547
6257	3455
7556	2631
6099	2540
5847	3794
6017	2359
6939	2433
6512	3318
6738	2822
6356	3766
7516	2346
5465	3341
4790	1926
6142	3204
6109	3045
6064	2919
4421	2950
5129	4259
6112	3480
5246	3661
6165	2777
5857	2562
7088	3104
5669	3679
6588	2753
6984	3034
6889	2127
6024	2708
5448	4465
7671	2321
6290	4735
6517	2734
6446	796
4832	2856
5225	3700
6105	2716
6757	3839
6205	3195
6188	3505
5970	3058
5820	3461
7478	2585
5174	3294
5892	3094
5954	4035
5320	4110
4199	3446
6117	3003
4417	3819
5370	4060
6442	2910
7887	2598
6511	3154
5789	2630
6008	3612
5676	2790
5795	3490
7393	2750
7563	2121
4634	4176
7112	2386
6831	3473
5389	3992
5067	3728
5885	2672
5896	1797
5361	4568
5778	3753
5308	3107
5744	3037
6098	2864
5790	2415
5032	4415
6445	2021
5336	5672
5594	3282
6241	1402
6264	1620
6571	2573
5414	2342
5453	2952
5452	3583
5575	2274
5765	2859
5364	3329
6316	4695
4192	3998
5757	3276
5385	3676
4637	3371
7155	2966
6814	3276
6763	1998
6519	2525
6874	1927
6584	3611
6614	3095
7399	2611
5732	2970
4759	4064
7439	2814
7012	2444
6801	2823
6319	2590
7122	2527
5126	3058
5509	4171
5328	3188
5746	2990
6451	2921
7955	1551
3355	4248
6597	2935
6045	1801
6322	1434
6206	2342
4520	4206
5325	3284
6564	2779
6771	1800
7243	2580
4900	4965
7115	2062
6810	2886
6198	3472
5771	3701
5758	3624
6909	4072
5881	2716
6869	2450
5405	3773
4690	3578
7169	2273
4570	3186
5319	2878
7050	3152
6584	3584
7293	3793
4992	3151
3786	4590
5219	3518
6242	2918
6153	3491
6613	2504
6201	3314
5120	3879
6061	3891
5527	2510
4824	3545
5757	2928
7840	1351
6055	2752
4673	3455
4361	3043
5007	3795
3324	2667
5901	2839
4079	3632
5381	2938
6127	1689
6897	2753
5584	2274
5673	2985
5644	3332
6369	3786
4053	1827
5043	3811
5932	3540
6402	3184
6717	2661
7138	2414
5131	2414
4405	3155
4603	4173
4140	3188
6810	3157
5305	3295
3237	5371
7339	1959
5305	4623
5200	4133
5285	3335
6756	2410
5067	2120
5405	2581
5934	3420
4950	4142
6140	5468
6023	3107
6893	3241
3726	4868
6488	2776
5453	2883
6565	1897
6886	2898
6907	3300
4378	2657
5548	3627
6765	2476
6556	3295
6326	2891
8456	2964
6593	2671
4624	2641
5594	3143
5673	2331
5590	3661
5588	3555
6213	2204
4839	3723
6182	2648
6360	2782
5629	3300
5951	1972
4450	4879
6374	2636
6305	2603
6989	2596
6937	3271
4755	3033
5670	2968
4904	3237
7396	2523
6267	3071
7104	2742
5936	1559
6345	2757
6205	2732
5214	3603
5446	2772
6180	2209
6296	3115
5456	2791
6648	3506
5351	4550
5110	2944
4729	2705
7114	2967
6001	2759
6656	3375
7261	2973
5458	3978
5741	3123
6195	3829
6360	2247
5943	3399
6632	2869
6520	2441
6499	2361
5879	3078
6687	3579
6605	2799
5380	2514
6075	3072
6530	2555
8537	3382
6797	3766
6888	2414
6764	2495
5941	3889
6288	2826
5057	3681
7176	2183
5576	2182
4223	5878
4808	3408
6499	2098
5806	2545
4970	2752
5620	2970
7235	2375
5583	3252
6642	2510
6938	2027
4625	3652
5618	3384
6394	2195
5561	3782
6435	2719
5798	2884
6179	2466
5717	4019
5317	4460
6719	2424
4793	3920
4489	4370
5544	3098
6599	3429
6471	2894
6922	3256
5004	3309
6470	2820
6553	2829
7516	2586
6111	3013
9048	1430
7471	3124
5881	4622
8463	2178
5639	1825
6466	1522
7524	1268
6192	3461
6115	2721
7015	2212
7376	2735
6527	3022
5171	3838
6311	2954
5090	3411
6443	3028
6941	2375
6183	3376
6307	2717
5724	2951
5700	3713
6426	3178
4489	3627
6610	3013
5583	3378
7061	2923
7147	2929
5140	3865
5963	2510
6297	1884
5402	3053
5312	3316
5364	3844
7613	2956
7258	2864
5591	2650
5057	3607
6042	2078
5681	3155
5381	2199
4699	4083
5785	3171
5893	4067
5741	4040
6649	2428
5156	2149
4996	3414
5585	3550
6637	1927
6707	2185
4308	3526
6578	2231
6063	3522
5710	3307
6069	3551
6041	2972
5096	4707
6382	3983
5772	3250
7748	3368
6965	2302
6085	2403
5513	3529
4180	4409
5484	3103
7064	2656
5457	2982
5895	3133
5740	3624
5845	2697
7088	2974
7678	3449
5512	3147
4689	3619
5496	3216
5719	2733
5285	3056
5734	3029
6118	1523
5495	4114
4565	2673
6285	3455
4543	3373
5528	3230
6449	2640
6336	2840
6929	2588
5629	3392
3971	4775
5350	2911
5837	2170
5867	3173
6298	2795
6694	3664
5475	3371
5206	2808
4851	3863
6515	2424
3994	4221
4597	2908
4975	3596
6217	3512
6751	3330
6457	3340
5975	2631
5465	3546
6671	2846
5671	2105
6334	2817
5452	3691
6906	1688
6749	2675
7087	2741
6010	2643
6582	2627
6167	3200
6850	3155
5992	3489
6143	2441
6197	3452
5714	2411
5387	3066
6368	2686
5664	2559
5931	2022
6618	2947
5546	2793
5405	4402
4007	2613
5918	3171
6351	3629
6638	4071
6449	1634
5358	2594
5413	3551
5088	2964
6128	2723
5563	3503
5371	3561
6597	3282
8781	1648
6262	3149
6914	2611
6482	2596
6099	2627
6968	1648
6869	2587
4806	2882
6787	3927
5540	2824
5725	2972
6238	3152
7067	4223
7063	3594
5803	2276
5296	4182
6161	3648
7273	2190
6680	3140
6097	3043
5715	3034
6288	2428
4969	2762
7945	1512
6364	2391
7878	2732
5840	3313
5746	3357
4703	3119
5966	2877
4573	3003
5054	3080
4069	4358
5190	3188
7297	2496
5874	3349
5575	2711
5672	3991
6903	2127
5973	2849
5964	2444
6082	3875
5627	3591
7446	1788
6741	2195
5595	2657
7371	2409
6504	2708
7366	2561
5940	2273
5604	3153
5993	3352
3410	3141
6436	3472
6447	2525
5784	1901
7151	2865
6289	3466
5498	2495
5665	4664
6758	1698
4786	3555
4634	3306
4211	3745
6050	3330
6007	3689
7863	1718
6723	3151
5776	3726
5644	2423
2652	6321
6968	3458
2325	6531
6230	3118
7378	2093
5487	3517
4891	2380
5251	2675
6004	3191
5155	3932
4694	4586
5481	3035
5223	3982
6734	1579
6408	4694
8445	1007
6260	3110
6859	3971
5808	3525
5769	3039
5483	5268
5007	3518
6547	2961
5723	2496
8166	2231
6146	2958
6744	3006
6190	3699
6392	2205
6723	3908
5985	2695
6655	1851
6866	2747
5312	3532
7553	3065
6929	3295
5756	2529
7126	2263
3893	4453
6739	1577
7409	2510
6747	2324
6084	2673
6276	2381
6327	1189
5682	3301
5214	3635
6935	3569
4688	3576
5119	2859
5520	3963
5096	3272
5247	3246
4849	2449
8344	1966
6789	4140
5774	1788
4442	4265
4834	2966
5499	1449
7282	3035
6063	3655
5878	3778
5480	3638
6276	2979
6084	2902
7616	3297
6281	4009
6547	2434
4363	3532
5837	2920
5962	3351
7792	1344
5334	2860
6730	3362
5321	3666
5660	2513
6435	2530
5394	3874
5343	3038
7033	2913
5514	2948
5258	3931
6320	4348
6817	2538
5115	2742
5712	2107
6631	1911
6315	913
6271	3380
5096	3163
6140	2731
6646	3267
7483	2466
5666	3984
5881	2897
5862	1957
6129	4167
6963	2837
5492	3263
5987	3567
5976	1864
5968	3182
6300	3945
4912	2656
7168	2184
6398	2803
5094	4156
6356	1638
5683	3352
5732	3079
5798	3419
7351	2173
5466	2685
6849	3356
6401	2373
5397	2831
6835	3363
5562	2687
6704	3839
6464	3369
4950	3375
7511	2841
6573	2921
5606	3332
7549	2243
6860	3156
4813	4466
6213	2739
4760	2464
5088	2728
5560	2538
5884	2853
6479	3223
6834	2689
5273	2516
7023	3198
6246	3074
6084	3326
3617	6008
5731	1867
6506	2834
5058	3213
5279	3262
4591	4978
6035	2630
6332	3257
6318	3136
5962	3196
6970	1394
5924	2181
4874	4009
5613	3169
5864	2581
6333	3766
6180	2413
6899	2499
6668	2543
3926	2939
6855	2015
6847	3800
5646	3927
6619	2794
5562	3975
5203	3928
5375	2951
5648	2845
5738	2387
6849	2035
7098	2697
5973	2851
5704	4467
7367	2626
6680	2557
6259	1907
7938	2945
7268	2058
5271	3575
5352	3609
5561	2368
6256	1636
6055	2654
5568	2257
6620	2603
7724	2688
5418	3730
5469	2694
6354	3844
7275	2915
6392	2021
6580	3255
4196	4028
6702	2795
6536	0
6662	2713
6676	2370
5798	2916
6939	3212
4676	3122
5637	2726
5777	3048
6587	1007
6272	2758
5875	1312
6002	2386
6227	2956
6318	2991
5193	2157
5976	2987
7539	1381
6305	2483
6318	2558
6115	4067
7121	3299
5496	3400
6035	1884
5692	3297
6315	2431
5903	3827
5453	3483
4584	3680
6262	2922
3492	3712
5717	3812
5715	2474
5991	3936
6405	3980
5403	4353
6300	3787
6151	2411
7083	2504
5169	2097
5026	3293
6186	2632
5284	3063
5696	3377
5932	3646
4783	3413
5132	1954
7195	674
6271	3290
6058	3930
6545	2916
7254	1988
5829	3686
6899	2228
5888	3944
6214	2693
6604	3731
6643	1835
5533	3631
6355	4165
5816	1946
6131	2246
6839	3207
4785	3779
6221	2438
6054	3487
6120	2397
5712	3151
6464	2342
6125	4041
5922	2711
5921	2190
5292	2584
6207	3220
4975	2327
5847	3734
5013	3979
6719	5150
6387	3149
6540	3085
5068	4893
5495	3336
5839	3041
5912	1952
4074	5191
7679	889
5901	3473
6757	3662
6676	3233
6681	1892
6793	3312
7753	2132
5994	2864
5765	3015
4861	3772
5331	2663
3571	4941
8029	1567
6453	3940
6420	2577
5870	2079
6708	1963
6336	3385
7198	2494
4810	4230
6673	2539
7679	2705
5073	3500
7226	2678
7526	2082
6295	2877
5023	3310
5947	1269
5934	3751
6905	3061
6653	2796
6843	2640
6169	2126
6334	3400
6654	3850
6276	3187
5579	3122
6177	2191
5777	2351
5288	1710
6000	2970
4840	2951
6535	2984
5768	3448
7020	1597
6140	3421
5521	3432
5661	3128
5360	3678
6595	3384
4796	5128
2539	6495
5511	4297
5223	3247
5710	3152
5010	3172
6344	3048
5494	3554
6257	1994
6030	2799
6168	4113
5213	2793
5912	2891
6650	2426
6472	2384
5803	3614
4781	3178
5092	3869
5608	2192
5259	2881
5951	2547
5859	3028
6625	3894
6081	3423
6352	4083
3885	3586
6135	3439
6163	3546
5390	2296
5511	2633
6048	2216
6722	1786
7467	3559
5015	2480
5318	2924
6789	2611
7523	2824
5732	3561
6437	2971
5617	3813
4792	3408
6649	4052
6189	2994
7465	1519
5819	3641
6020	2254
5465	3452
5643	1945
5440	3261
5656	4005
5648	3305
6472	3487
6647	4342
8162	2974
5871	3189
6976	2726
4846	4059
5740	2532
5386	3419
5229	2846
5922	3544
5990	4421
5484	3183
5013	3737
5545	3096
5818	3032
6097	4122
5466	2542
5709	3034
6840	2971
5269	3888
5901	3493
6261	3422
6731	3327
4917	2871
5431	3017
5712	3809
4981	4295
5162	2720
6257	2125
5479	3385
6261	2970
5616	2460
8078	3340
6257	2759
6017	2530
6024	3340
7328	2955
5425	2721
6240	4714
6315	2275
5813	2826
5687	3138
5827	2394
6307	3154
6028	2357
6638	3896
6469	3008
5430	3221
5985	3461
5951	4060
6309	4192
5969	2800
8071	3067
7479	1846
6243	2439
6159	3113
4600	2114
4477	3703
6351	3726
5661	3738
5709	3066
6199	3151
5974	3253
5547	2525
5293	3594
6455	3552
5961	2679
7709	2249
5550	2188
5494	1661
4875	4187
5573	3200
5451	3331
5326	3955
3490	4946
6223	3355
4859	3120
6672	3200
5240	2750
7104	2734
6000	3510
5171	3249
5630	3038
4682	3861
4669	4009
5981	3810
6119	1741
4632	4831
6738	2459
5852	3131
5682	2275
6414	2125
6871	2256
4650	4296
5478	4336
5696	3958
6112	3261
5966	2636
5116	3144
6292	3107
6447	2559
5161	3777
6423	2657
5395	1987
5824	4021
7291	2372
6446	3623
4972	3351
4997	3287
6427	2701
4767	3174
6379	3858
6135	3106
5982	3620
6778	2884
6611	2645
8255	1331
5665	2283
6223	2574
6620	2589
5046	3386
5115	4078
4979	3919
5030	3591
5986	2961
4410	2131
3889	2781
5964	2915
5352	4465
3931	3428
5453	2794
4598	3672
4837	3095
5677	4530
6675	2483
6495	2124
5689	2137
6443	2337
6834	2624
5058	3760
6576	2576
3982	3929
6638	2955
5598	4196
5416	3418
6712	3184
5742	3107
5778	2522
2776	4837
6886	2474
5475	2933
6727	2712
5021	2270
6533	2321
397	8979
5438	2338
5707	4095
5936	2840
6214	2047
6426	3240
5480	3698
6715	2448
6486	3141
5741	2791
5545	2777
7045	1603
6211	3150
5475	4525
5997	2800
5342	5161
6474	1811
6066	3351
6666	3397
5344	3935
6527	3033
6054	2937
7261	2488
5134	3962
6494	2891
6185	3602
6696	3304
6754	3334
6663	1667
8346	750
6229	2516
6641	3455
7334	1615
6014	3037
5991	3119
6179	3161
597	8475
5790	1756
6611	2428
6194	2260
6498	2323
6354	3632
6039	3201
7070	3035
6739	2902
5198	4318
2839	6166
6971	3480
5327	2903
6276	3276
7667	1603
3902	4946
6161	3360
5400	3474
5543	2469
5759	3445
7461	2359
6241	1809
6802	2997
5162	2749
7132	2544
5916	3081
5918	2983
7502	3966
7152	3243
6483	1817
6935	2019
5897	2727
6803	1990
5802	2143
7676	293
5385	3733
6435	2562
6637	1519
6159	3340
6049	3064
4476	2130
7345	3654
5641	3584
5573	3332
5107	4390
6869	1949
6559	2270
5747	1987
4161	4784
4884	3209
6536	2863
5516	2351
6851	2759
7650	2430
6410	3444
5553	2303
6747	2755
7062	2689
6605	2552
6016	1909
6946	384
7117	2514
4300	5256
4255	3397
7153	3258
4940	3863
5384	2159
7839	2618
4892	3958
5055	3926
4835	2945
6004	3115
5516	4150
6679	2800
6207	2589
6885	2231
6943	1142
6769	2976
6209	3509
6786	2539
6790	3197
4764	3554
7484	2639
4775	3414
5844	4064
6227	2631
5448	3463
6199	2311
6375	3398
5286	3247
5897	4050
5229	2114
6255	3203
6285	3502
6094	1751
6610	2478
5966	3111
5222	2870
6687	2548
6047	2900
5742	1610
5477	3976
5090	2307
4394	3554
4798	2182
5541	3793
4520	3578
6519	3885
7514	2689
7054	2067
7712	1805
6743	2864
6181	2966
6320	2654
5136	3177
6180	3015
7996	2955
5807	4178
6680	3745
5596	3528
6393	3374
6736	2402
3336	4231
6853	4152
6767	3471
5633	3867
6258	1631
5451	4012
6789	2646
6064	2890
6900	2234
5839	2996
6634	3438
5208	2712
4433	4657
4626	3536
7116	2568
5637	3225
9999	3690
5200	3153
7005	3986
5582	3689
7222	1981
4158	2129
5221	4929
5890	2300
6245	2192
6938	1984
7638	2708
6524	2164
5728	3172
6419	3043
5518	2439
4984	2939
6546	3846
6539	1462
5592	3609
6186	2253
6940	2830
4022	5079
5037	4551
6166	3013
6973	3188
4981	2702
6978	3248
5623	3285
5386	3055
5408	3427
5463	1950
4894	4214
5996	3387
6361	2919
6597	2496
6849	1672
8254	2670
6290	3503
5479	3389
5656	1643
9086	2375
5376	2707
5951	3669
5337	3828
5779	3260
6370	2025
6052	2009
6790	2745
6715	1949
5106	3784
7192	3558
5022	2214
5898	2732
4087	3454
5827	2518
6486	2667
5831	4124
4844	2963
6790	2178
5392	2149
5977	2886
7586	2467
5857	2274
6678	3024
6018	3429
6439	2033
6355	2298
5107	3507
5330	3829
6731	3496
6516	2190
5896	2512
6328	2798
5758	3939
2867	5836
5643	3847
5810	4128
6435	3016
4956	2624
5982	2291
7215	2996
5613	3483
5693	2802
5457	3137
6992	2553
7537	2052
6442	4361
5873	3815
6296	3797
5794	3458
4881	4229
5576	2481
7934	3556
5667	2627
6280	3430
5879	3400
5612	5060
5330	3547
5503	4171
4989	1917
4244	3748
5970	2108
7331	2847
6376	2701
6882	2637
4844	3755
6551	2879
5303	3151
6684	2919
6762	2557
4406	3687
5676	2096
7486	3249
5614	3095
7494	2691
5286	3246
6306	2383
6043	2728
6328	2309
6196	3967
6135	1678
7069	4433
6401	2494
4718	3792
6706	2936
5476	3655
5661	3212
6068	3143
7296	2790
6608	3265
6342	3769
4326	4065
6966	2437
6392	1566
6946	2788
6079	3432
5402	2925
7560	1781
4810	3642
6516	3441
5567	2625
6047	3044
5103	3293
5131	2930
5922	3771
6176	2598
6330	2058
5231	3695
5753	1945
6519	2544
7158	2495
6254	1587
7309	1388
6463	3080
5336	3175
7256	2795
5056	5004
6112	3144
3441	6252
6598	2307
5491	3707
6389	3518
6143	4625
7245	3092
5902	3306
6046	4214
6344	2902
6464	3668
5512	3286
5271	3827
5591	3724
7007	2865
6819	2472
5850	2616
5459	3970
6291	2677
7394	1739
5360	1981
6316	1855
6404	2881
5109	2922
5922	3603
7206	1476
4076	4600
5349	2842
4900	4270
5668	3876
5966	2995
5961	2519
6554	3409
6803	3328
5943	2657
2465	5502
6231	2914
5338	3809
6802	3977
6062	3507
5417	3060
6594	3734
6533	3012
4759	3775
4616	3997
6088	3089
7316	2373
5921	3159
5539	2382
5124	3626
6200	3109
5874	3035
6435	2896
5145	3308
5731	3468
7866	1599
5815	3436
6389	2940
7489	146
4602	3891
6303	3460
5435	2349
6488	3256
7341	2635
5907	1866
6114	3321
7416	1721
7470	3119
6550	4274
5850	3081
5327	2019
6842	2652
5410	3228
6461	3453
6083	2702
5332	1874
6284	3300
6640	3132
5250	3392
5571	4048
5242	2415
6698	2642
6074	2864
4475	2401
6126	2402
5913	3426
5963	3454
5891	2957
6709	2913
5709	3202
6452	4685
6556	1641
7086	2272
7309	2592
7089	1549
5038	4101
5231	4391
5081	4251
6251	2907
6686	2783
7782	179
6417	2031
6972	2395
6964	2032
5532	3459
7408	2816
6303	3450
7256	2778
6257	2205
5558	3434
6014	3270
5853	2946
5126	2612
6496	2737
6066	2557
6872	3841
6453	2382
5025	3509
8583	2726
6703	2268
6132	2288
6274	2882
7300	2500
5984	3075
4764	2441
3091	4315
5603	2212
3824	4827
6288	3252
7135	2084
6516	1796
7282	3244
5091	2219
5793	2345
6212	2391
7702	1517
6128	2957
5487	2670
5623	3293
5601	2215
6874	2870
6660	2481
4489	3904
5002	2616
7106	3789
6689	2605
5939	1350
5990	3034
7681	2327
6061	2566
6894	2231
7097	2761
5776	3279
5325	3193
7669	2448
5756	2789
6981	3255
6066	3389
6849	2859
5503	3427
5268	2349
6274	2904
5261	3479
5474	4045
7060	1006
5855	3596
7342	3045
4959	2883
6355	3205
4604	5117
5316	3677
5580	3093
7194	2458
6195	2190
6388	2375
5255	2020
6364	3067
5776	2979
5296	3296
6233	2903
5728	3695
5592	3188
5888	3413
5285	2687
4981	2575
6631	2793
6889	2742
6114	3034
5171	3419
5538	3548
6808	3018
5613	4499
5721	2672
6025	2625
5640	3435
6696	2589
5659	4098
7816	3293
5607	3566
5675	4469
5339	2759
6388	2728
5321	4521
5885	2714
6082	2901
6381	2442
6064	2195
6608	2720
6593	2485
6957	3396
5233	3534
5908	3067
5670	2730
6935	3111
4626	3885
7166	3368
4892	3512
6789	3145
6726	3382
7047	2652
6007	2740
5954	3088
5944	2359
7017	1756
4850	4112
5172	3415
7302	2458
6086	2130
6507	1809
5710	2510
6907	1934
5744	3352
5994	2956
5546	3176
5546	3063
6255	2357
5773	3141
5017	3450
6047	3231
5732	3361
5619	2338
6193	3246
6097	2252
6245	3230
5948	3454
6277	2692
4609	3648
5563	3192
6458	2914
4260	3469
5850	2212
6482	3677
5049	3033
5910	2820
6120	3228
5861	2730
6119	5032
6447	2880
6579	3424
5489	3547
5356	3013
6441	2562
5694	2837
7262	2382
5653	2748
6232	3684
6817	2032
6152	3521
7074	2633
7384	3575
6763	3036
6157	2016
5741	3544
5638	3705
5584	4899
4937	2916
5693	3192
6940	2957
7330	2886
6413	3393
7096	2369
5784	2145
7835	2436
3251	5654
4529	3755
8063	3131
5980	2301
5477	3423
7397	2944
6234	3211
6986	3575
5050	2005
5027	3972
5481	3205
6619	2498
5492	3140
5442	2771
5741	3185
6141	3682
6756	2834
4233	3498
5617	2523
5141	2650
6750	2362
7390	3114
5854	2785
3999	3978
7335	2080
5451	3260
5022	3646
6035	3972
5043	5334
5440	4734
2739	5933
6327	2953
6660	3040
8561	2324
6474	3299
6387	2922
6005	1787
6300	2735
8420	990
6630	1928
6907	2537
5540	2014
5166	3738
5768	2425
6999	3331
6577	3599
5239	3793
4104	2954
5764	4468
6436	3998
5848	3223
6408	3001
6013	3700
4598	3556
5691	3618
7475	1802
4761	3636
6561	3118
7301	2281
5513	2768
5541	3336
6354	3475
6189	2546
5799	3263
6049	2412
5683	2281
5699	3072
5778	3429
5338	2484
5411	2971
5497	2868
633	8256
7203	2898
7190	2721
5729	3324
4753	3185
7234	2567
5834	3638
7793	2831
5631	3979
4566	4371
7084	2585
6830	3244
5684	2548
5714	2983
6047	3105
4976	4016
5176	3579
6242	4007
5497	4653
5533	3590
4770	4112
5631	2803
4986	4305
5898	2985
5744	2671
4772	3291
6245	2839
8105	2324
7703	1156
5843	2874
7403	946
7208	2308
3639	2897
7150	1902
5157	3932
4797	3027
5991	3976
5652	3107
5542	5587
7451	2629
7053	3175
4635	3110
5930	2967
5191	2546
5724	3452
5456	3125
5441	3336
5054	4656
5958	3556
5655	2037
5988	2940
5395	2968
6359	3324
4959	4371
5012	3169
6219	3176
6340	2733
5676	3369
6336	3426
6457	3453
7606	2967
5027	2945
5600	3686
5812	3313
5827	2666
5543	3136
7627	4346
4276	3283
5910	2963
6611	3407
5736	3410
7047	3719
8474	1653
5735	4152
6319	3937
5795	3414
5377	3468
6771	3178
6109	2563
6010	2363
5654	4496
5610	3617
6307	2472
6481	1652
6308	3246
6545	2855
3447	4966
4015	3939
5591	3506
7592	3308
6791	2612
6533	3402
5286	3087
7095	1765
6193	2893
6661	3031
5536	3109
6024	3009
5738	2166
5742	3093
5799	3013
6288	3362
6005	3892
6884	2578
6363	2507
3727	5792
4285	3841
7105	2299
6772	3363
5568	3082
5848	2785
6774	1939
6753	3431
4960	3582
6658	2448
6868	3103
5113	2987
5384	2796
6114	2940
6325	2179
6342	2296
6264	2467
6876	3527
5768	4231
5799	3133
4590	3894
5951	4159
5766	3804
6387	2572
5916	2221
6514	2981
5479	3623
6605	1870
6102	2683
4077	4561
6386	3267
5476	3840
5211	3704
6633	2506
7703	2346
7823	2873
5808	3497
5392	3281
5555	3992
5161	3154
4918	3325
7076	1886
7985	2371
5817	1968
7455	2795
7468	2140
6258	2009
5521	2084
5485	3528
5724	3882
5473	3441
6179	3211
6282	2224
5568	3291
6988	2102
6305	3074
6695	3010
7874	3055
6405	1681
4668	3002
6496	2384
6390	2499
4893	3138
6232	2783
6186	3323
5811	2827
4651	3501
3476	3647
5560	3462
6706	3640
6092	3071
6029	2613
5710	2694
6123	2984
7201	2019
4806	4614
7727	2226
7112	2162
5719	1829
8278	309
6238	3480
5364	3414
6010	2955
6229	4087
5981	4141
5588	2609
6934	3249
5357	3441
6517	2623
6451	2358
4408	3641
4878	3294
6872	3238
6227	1359
5498	3366
6958	2580
7007	2350
5731	3105
5197	3698
6786	2997
5407	3673
7654	2846
6133	2920
5664	1761
5741	2896
6407	3569
6472	1369
6876	2484
5628	3717
5568	3856
6007	1601
6391	2015
6938	2079
4943	2506
6099	4388
6249	2918
6694	3708
5287	3168
5561	2323
8197	2857
5104	2640
5696	3061
5234	3301
5285	4677
5978	2200
6359	2269
3863	4757
5326	4043
6326	3081
5171	3044
4163	4451
6425	1742
7288	2332
5956	2402
5306	3390
6352	3360
5846	1946
5334	3676
6337	1926
6178	1939
6106	2863
7121	2924
6124	2867
6065	2586
7248	2607
4321	3975
6379	3297
6668	2252
6777	1635
4780	3190
8447	1836
6627	4017
4018	4115
6504	2758
6953	2563
6223	2256
6592	3744
6224	2771
6159	3685
4994	3771
6669	2432
5959	3270
6613	2448
6411	3859
6425	2192
6223	3311
6693	2756
7391	3296
5071	2995
4785	3510
7153	2542
5529	1924
5951	2837
4661	2339
5174	2956
5861	2363
5959	3637
4823	3420
5731	2810
5696	4830
5403	3072
8784	2456
6238	3531
5897	3476
5831	3237
4848	3938
7837	2807
5357	4033
7247	2264
5386	3665
7913	2810
6366	3119
6856	1997
6016	3074
6833	2626
5452	3090
5056	4154
6213	2926
6115	3713
6459	4044
5195	3037
6165	2048
6711	2312
6516	2176
5942	2342
5750	2843
6597	2099
6144	2393
6136	2788
4978	3338
6339	3489
6031	3162
5107	3190
6662	2969
5626	4160
4719	3150
6552	2297
5795	2887
5359	2375
5891	2454
6266	3349
5480	4041
5886	3705
4891	4409
6565	3043
4678	2618
5143	3749
5456	3086
5374	2995
4581	4008
5320	2993
4733	2760
5316	2767
5419	2926
4630	3545
6756	3503
5722	3293
6108	3341
6489	2793
5901	3435
3104	4897
7105	3151
5535	5146
6544	3266
7648	1092
6998	2530
4726	3219
6533	2098
5857	3368
5184	3075
5024	3456
5437	1807
5974	2449
5719	2938
5423	3436
5776	3880
6681	3537
7389	2566
6494	1757
5435	3122
5369	2801
7346	505
5802	2901
5489	3110
7669	3271
5866	2542
5838	1594
5387	4629
5442	3725
5626	3363
5971	3622
5987	3267
7816	2658
5849	3959
6514	2995
5125	2299
6378	2543
6670	3053
7787	1964
6057	2632
5178	4198
5786	1990
6198	1373
5465	3351
6623	2642
6726	2734
4440	3380
5245	3608
7798	1663
6052	2265
4096	3971
6731	2205
5743	3489
6194	2041
5241	5201
5726	2659
6198	4335
7269	2749
6558	2209
5671	3944
7584	3091
6608	2593
5180	3593
5602	2654
6535	3085
5848	3276
6481	3612
4613	2896
5442	1822
6511	2911
5607	3521
5430	3788
4972	2015
5079	2761
6161	1670
6021	2205
4459	4343
7020	2323
7942	1951
6067	3862
4969	4599
7123	1664
5862	3150
4208	4642
5059	3450
5824	2662
7527	2523
6283	2638
6636	3121
6452	1859
5365	4343
6102	2816
5890	2998
7049	2752
5444	2560
6559	3824
6643	3381
6674	1987
5574	3237
6968	3587
5907	2220
4426	4972
5404	4260
6525	2916
6886	2162
6152	3312
4533	2002
8572	3272
6578	1690
7038	2321
6166	3556
5756	2352
5833	3216
6106	3031
5634	3721
5609	2847
6229	3296
6338	3153
6400	2614
4330	4471
6228	3485
7339	2788
6322	2686
6624	3162
4711	3627
6885	1999
6706	3255
5927	2398
5763	2854
5682	3479
5861	2205
4691	3751
5914	4288
5082	3314
5572	2606
6072	2672
3378	7046
5913	2792
6003	3514
5816	2904
5811	2702
5486	4061
5712	3199
8113	2851
6636	1706
6375	3101
5611	3188
5261	2727
6836	1433
7138	2218
6284	3176
4537	3971
6435	2834
4487	4112
5418	2876
5140	2749
6795	2485
7873	1799
6265	1786
5321	3146
5567	3336
6513	2760
5845	3637
5063	2618
7089	1952
6580	1460
5473	3772
5919	3229
6760	3685
5633	3759
6158	1840
6580	2251
6452	2261
7058	3248
6212	3218
5325	3310
5803	3369
5309	4681
5764	3316
7333	2987
5465	3141
6450	2728
7030	3009
6523	3532
5677	3453
5419	2864
5443	3426
6463	2559
5980	4136
6358	3265
6888	2600
6150	2828
6467	3183
7612	2751
6635	2836
6664	2649
6441	3223
7092	3490
7939	1791
6397	2736
5390	3383
5666	3460
5015	3084
5858	2774
6300	2540
6532	2505
5374	3412
5720	3785
5633	2631
5811	2082
6018	2158
6200	3098
4817	3766
6690	2808
6601	2619
6007	3899
5112	3417
6078	3445
5733	2500
6593	2557
5618	2990
4721	4197
5084	3766
6036	3109
5622	2916
6472	2623
5626	3161
6289	2459
5641	3951
7235	3102
7010	2009
6711	1663
7387	2962
5265	2483
5525	3393
6139	1548
6220	3385
6003	2749
5316	2941
4973	3681
4943	4120
6417	2811
6516	2603
6605	2689
5743	2817
5888	2990
5940	3908
5041	3613
6041	3493
6053	3378
4936	4494
5194	2329
5694	3821
5756	2685
6484	905
7261	3079
6090	2831
5821	2856
6393	2812
6735	2791
7302	1293
6741	2910
5412	4329
5957	3339
6752	2803
4457	3839
6080	3190
6657	2915
5501	3674
5490	3287
7229	3348
5554	4044
5579	3289
6785	3145
5959	2480
6387	2537
7373	2535
6169	3322
5510	3913
5122	3537
7623	2890
6572	2531
5562	2279
7853	2944
7153	2801
5288	3381
5351	3481
6182	3139
4422	4027
5567	3377
4642	3318
6047	4021
6523	2402
5520	3370
5063	3850
6350	2152
6783	2265
7120	3277
6057	2336
6662	1488
5438	3722
5972	2804
4846	3365
6032	3063
6364	3234
6330	2752
6283	2191
5095	4582
4784	3007
5913	3510
6605	2392
5821	3682
5045	2873
6739	2010
5652	3139
5051	3811
5518	3654
7385	2153
6606	3026
6541	3157
6687	2991
5401	2638
5030	3724
6586	3559
5756	1980
7955	2113
7858	3010
5145	3269
7179	1579
6102	2471
6631	3377
6405	2553
7032	2781
5732	3175
5702	2550
6051	4470
6662	3346
6754	2993
5967	2613
6900	2609
7112	1428
6106	3420
6119	3482
5704	2158
4859	3860
5968	2246
5154	2748
6678	2194
4954	2576
6303	3634
5753	3085
6491	2788
6484	3226
5915	3448
6457	3970
5965	2328
5469	3152
4962	3428
6546	2862
6263	2555
6951	3271
6784	3093
6465	3133
5372	4123
4044	4982
6894	3259
6766	3261
4873	3367
6488	2343
6377	2469
7961	2548
5446	2620
6984	4342
5558	2872
7167	3273
7915	1520
4887	3418
6342	2267
7388	2782
6855	3356
6501	2510
6070	3716
5662	3375
6959	3091
6873	2555
6131	2974
6620	1920
5628	2932
6053	4300
7403	1696
5014	3382
7206	2393
5876	3137
7631	2805
6874	4185
6733	2749
7031	3011
5790	2061
7097	3100
5785	2729
5209	2909
6719	3359
5535	3261
5812	2531
5345	3226
6021	2953
5631	2707
5670	3316
6066	3895
6909	2346
5803	3764
5985	4034
6436	1997
5108	2912
6715	2769
5768	1847
5743	3015
5795	3064
7253	2526
6407	2929
5947	3624
6822	2170
5307	3326
6873	2052
6961	3369
5582	3945
5792	3720
5950	2709
6353	3064
6955	2644
7001	3122
5874	2543
5712	2936
6106	3042
5479	3788
6042	2397
6554	2471
6385	3671
7020	2683
5586	3533
6892	2329
6121	3376
6166	2239
5321	3205
4677	5092
6666	3145
6473	3219
5296	2987
4727	4344
7399	2144
6798	3225
5746	1551
7887	1686
6676	3399
6729	2860
5269	2716
5523	4199
5703	3833
8687	2048
6159	2202
5773	3060
6570	3193
5803	4247
6378	3276
7172	2623
6113	3424
6055	3374
5951	3626
6375	3316
5107	2212
6111	2566
5148	3275
5685	3134
5095	3643
6605	2690
6094	2738
7372	1635
6424	2753
4307	3546
5688	2666
6580	3182
4847	3836
4838	3569
6608	3313
5127	2559
7007	2787
4664	3418
5595	3008
5318	1764
6370	3136
6464	1878
5357	2564
6265	4272
6769	3271
7079	2872
4845	4368
4615	4046
5669	3389
4745	2787
7146	2536
6608	1989
6438	2628
3908	3600
5387	2329
6238	2602
3415	6206
7409	2778
6279	3073
5915	3738
6555	3028
6212	1951
7042	2261
5601	4110
6791	3553
5812	4189
6529	2801
5155	3038
5845	3287
5129	3206
5699	2581
4700	3417
5491	3623
6357	3366
6011	3158
5037	2761
6059	2461
6965	3685
5867	3135
7406	2976
5574	2429
5592	3914
7689	3982
5844	3652
6073	3062
5345	3673
5408	2773
6172	4432
5312	2655
5823	3350
6759	2551
6693	2148
6078	3009
6681	3014
5673	4035
5394	2989
7005	3260
6595	2624
6758	2361
5636	4046
5984	3037
5342	2961
6031	3238
6663	2156
6278	1685
5927	2911
5561	1892
5685	2037
7485	1878
6568	2263
5796	2077
5524	4075
7462	2943
5207	3410
6644	2118
6623	2916
5916	3492
5948	3538
5787	3262
6607	3017
5972	2689
5967	1726
6074	3319
7142	2959
5588	2462
5669	2919
5815	2047
6572	3732
5784	2785
6983	2402
5795	3445
5296	3468
6166	3078
5568	2925
6480	2208
5737	2649
7657	4000
8225	1912
6121	3066
7085	1560
6024	2845
5723	4205
7870	2570
6285	3434
5539	2535
5926	3163
5218	3366
7598	1357
5071	3373
5692	3393
5395	2830
6306	3193
6669	3821
6360	3490
4045	3993
6081	2319
5777	2192
6915	3422
6260	3002
7108	2787
6073	1872
7326	3129
6792	3818
7390	2838
6210	3373
5958	2708
6073	2333
7594	2571
5338	3593
4722	3076
6241	2235
6046	2951
4996	3310
5536	3785
6646	2661
5436	3903
4783	3999
7349	1801
5434	3865
6737	2419
5486	4233
4846	5675
6372	3118
5668	3077
6904	2604
6053	3628
6645	2858
4801	3759
5386	2644
6372	2875
6006	2107
6131	3429
5753	2856
6935	2645
5112	2646
5917	3161
4827	4228
5570	3619
6001	3228
6884	2940
5444	3448
6563	2150
6557	2784
6061	2921
4612	2365
6156	3741
7502	1914
7344	3208
6616	2888
5837	3448
4992	2809
5884	3043
7013	2501
4980	3955
7173	3590
6146	2770
6837	1828
4076	2722
5071	3649
6916	2663
4959	4035
5785	1901
7451	2721
6364	3556
4612	3646
6134	3323
3823	5437
4278	2674
6906	2162
5753	4395
4995	3417
5463	2827
5538	3307
6191	3394
7099	2492
5931	3048
5209	2550
6116	1972
6137	4156
7174	2896
5568	3178
6664	1968
6289	3521
6744	3194
6913	2798
7391	2617
4885	2879
6927	3674
5359	4091
6763	3400
6036	3260
5419	3068
6647	2823
5770	3085
6171	1760
4215	2707
5211	2644
6505	2686
5850	2920
6562	2413
6326	3306
3632	3110
9643	1122
6020	2757
6483	2421
6459	2864
5120	3253
7231	3203
5330	3082
6863	2839
6255	2660
6554	2852
5067	4715
6438	2315
7397	2093
5833	3698
5952	3220
4782	3624
6349	2999
7318	2178
7027	2459
6782	2497
9097	1952
5994	2942
5982	2979
6217	2178
6497	3017
8454	2050
5694	2827
5587	3092
7303	3685
5816	2832
5725	2696
6754	2546
6168	3949
6669	3200
6766	1906
5145	3443
6658	2523
4957	2584
5651	2714
5859	2383
6438	2923
7060	3731
6192	2567
4656	3377
7674	2261
5758	2175
5062	3150
5305	3376
5883	3305
5036	4429
4973	2389
5490	4227
5583	3449
5040	4284
6234	4054
7598	3564
5128	3277
3381	5085
5255	3830
5563	1893
6561	1486
6062	2922
4875	1905
6087	2267
5989	2989
8012	2024
6015	2749
5079	3433
6758	2010
6048	3430
6381	2893
6051	1707
5279	3879
5466	3758
5117	2790
7755	2513
6875	3480
7873	1761
6819	3132
5298	2668
5118	4529
5754	3458
4848	3639
7055	3109
6228	4803
6355	3191
7073	3017
7262	2863
5799	2239
4893	2648
3018	5877
5343	2893
6012	3550
6452	3033
5568	3565
5568	3321
6019	4473
4433	2568
7188	1822
5875	3728
6468	3730
6248	2828
6775	2353
5787	2052
5309	3733
7240	3195
7037	2729
5690	2023
4658	2809
5011	3082
6490	4992
5402	3846
5963	2988
6302	2833
6167	2508
8088	1953
6351	2146
5436	3697
5431	3660
5161	3306
6344	2699
5600	3775
5815	3058
5903	2588
6736	2229
6523	3320
7394	3612
5867	3024
4605	3654
8277	2453
6429	2737
6184	3532
5628	3953
3680	5035
7127	1953
4760	3142
6121	2478
5158	3014
4546	4328
5541	3027
7175	3284
6753	2387
5436	2673
4365	4369
7679	2184
7037	2438
6516	3502
7001	3175
5247	3694
6957	3173
4821	2930
6757	2660
6669	2773
4738	3393
5862	4069
7062	2490
6201	2739
6576	1990
6097	2770
6080	2090
3409	5118
6270	3207
6387	2767
5783	3645
5175	4353
6224	2755
6317	2218
4776	4177
5673	3333
6015	2537
5875	2282
5590	3027
7161	3124
4112	3651
3294	4500
6712	3134
4524	3355
7960	3059
5631	3760
3465	4360
6270	3752
6051	3193
5838	4318
6888	3036
5982	3057
6599	3064
5590	3083
7295	3831
6365	1800
6574	3290
5108	3376
5536	2960
5139	3407
7080	2561
5067	3652
5405	3518
6726	2825
6144	3597
6822	2829
6476	2551
6045	2440
5489	3640
7178	2205
5740	3538
6290	3858
6107	3508
6622	2475
5148	4792
5815	3687
5175	3566
6373	3548
6472	2363
6062	2962
5006	2538
5671	3652
5561	3024
5777	3963
7007	2672
5677	2743
6096	2827
6826	2291
5693	3622
5149	5410
5411	2963
5822	2566
5791	3094
5947	3164
6398	3172
4862	3661
5812	3599
6985	2605
5357	2605
6226	2202
7728	2438
6419	2500
5424	3334
5168	3884
4671	2923
5130	2036
5908	4430
6999	3956
4155	3533
5495	2360
6945	3553
6629	3576
5495	3727
5082	2510
4634	2635
6228	2395
4751	3640
6654	2516
5352	3572
6358	2827
3696	5034
5992	2841
6635	2485
5195	3225
5967	2592
6151	3450
7130	3063
7174	2851
6373	2611
6334	3215
7068	2508
2534	4977
6312	3798
5924	3796
6398	3262
7188	2400
7121	2452
6687	3294
5654	3262
6874	2442
6225	2013
7218	2449
4820	4407
6291	2932
6774	2643
4569	4043
5685	1597
6345	1578
5006	4399
6397	2553
5606	2942
4741	3165
4771	4229
6789	2684
7042	3043
6351	2043
6549	3040
7255	955
6735	3233
5332	4504
7756	3985
5400	2529
5355	2486
5818	2569
6089	2380
6239	3592
6419	2209
5255	3154
6514	3063
7028	2386
2787	5488
7064	879
5847	3312
4424	3566
7943	2398
6234	3727
6013	2311
5353	1862
4508	3664
6249	3084
6538	2546
5806	3571
7994	3671
5731	2935
5061	3431
7235	2082
5919	3704
5628	4192
7342	2928
5989	2657
6747	2576
5766	2917
5824	3031
5589	2536
6171	3625
5862	1921
5607	1925
3245	3298
6462	2556
6465	2467
5287	3840
5577	2602
5381	2576
5371	2667
4904	3943
7708	2502
6897	2153
6705	2126
6971	3325
5610	3397
3808	5821
6128	3801
5757	3233
6423	3526
6288	2495
4703	2311
6031	3333
6110	2668
6001	3897
4800	4877
6860	3040
7743	2100
6788	2233
6249	2181
5872	2500
6443	3046
4983	3243
5354	3104
5904	2946
4792	3461
5359	3885
6526	4838
6786	1563
5686	3031
6547	2262
8245	2160
7009	3244
6614	1837
5392	2458
6257	3036
5814	1442
5619	2745
5687	3781
4650	3477
6407	2995
7454	3314
6465	3086
6748	3218
5117	3230
5456	2578
6718	2984
6467	3231
6137	3123
3798	5970
7491	2052
4658	3769
6141	3005
6693	1830
6125	5379
6198	2674
6758	1989
6609	3656
6170	2487
6621	3442
5622	3171
5990	2629
5864	2648
5824	2939
8040	1843
5950	3357
7664	2728
5446	4089
5453	3216
5533	3139
5830	4236
6433	3493
4975	2141
6787	3271
5768	3252
6249	2556
5615	3635
6481	2746
5782	3140
6963	2012
6665	2753
6829	2082
6174	3029
6057	1703
4959	3395
5359	1535
6001	3157
6167	2616
6597	3463
5912	3202
6083	3532
3912	5683
5655	3384
6617	2722
6383	3002
5998	2795
6918	2226
6167	3300
6412	3599
4726	2697
4480	2953
7006	2963
5210	2688
6477	1901
5247	2237
5133	3308
7003	2700
5993	2641
5366	2854
6769	2731
6344	3920
5580	2544
5654	2869
5292	2377
6163	2162
6682	2811
6183	3285
7540	1946
6169	4047
5669	2577
5553	3616
5158	3690
5490	3718
5738	2546
4487	4474
6318	2183
7207	3193
4940	3130
7166	4298
5784	3426
5937	3079
5147	1507
5996	2180
5321	3074
4835	3747
6551	2624
7570	2589
7243	3468
6001	2252
7569	4020
5303	3955
7402	2033
4841	4593
5964	1842
5329	3711
6793	2795
4822	3291
6115	3480
4257	4338
6511	2616
7386	3063
6563	2331
6537	3108
5469	3272
5880	2551
6875	2514
6472	1934
6406	2829
5401	3371
5997	3368
5522	2948
4837	3320
5360	2827
7088	1959
6692	3918
6356	2936
4934	3796
6959	2344
4991	2367
5313	3114
4682	5016
6335	2714
4625	2984
5894	3444
5280	2820
5810	4037
4797	2768
5882	4298
7541	1176
5281	3010
6283	2375
5940	2242
6744	2003
5879	2176
5503	2636
5965	3069
5536	2883
4863	3392
5795	3340
5296	4037
7579	2857
6280	2349
6000	4560
7472	1767
6094	3695
5824	2583
6767	2560
5827	2252
8196	2255
7432	3633
5026	3088
5316	3630
5805	3179
6340	3004
5402	3516
5624	3124
4792	3895
6210	2969
6197	2160
5096	3659
5145	4869
5670	2737
6944	2444
5174	2929
5413	3617
2805	5705
4886	3390
7470	1586
3564	3045
6491	2717
6549	3181
6190	3320
8251	2642
6742	2132
7124	2206
5089	3989
6784	3438
5925	4869
6355	2754
5613	3908
3739	3351
6694	3245
5871	3324
4671	3229
6764	2111
8025	2441
4822	4125
6556	3479
6337	4513
5612	3343
6863	2530
7047	2562
5914	3809
7101	3262
5980	3439
6226	2742
4412	4996
6800	3165
4791	4421
6531	2843
6112	2661
6025	2457
6359	3077
6484	2502
6244	2382
4722	3587
5302	4177
6012	2395
5883	2551
1901	7198
4396	2633
5763	2900
6995	1725
5865	3192
6287	3386
6959	2337
5616	3395
5135	3217
5621	2927
6298	2906
7609	2828
5483	3398
4881	3010
5468	3088
6485	3615
4923	2817
6490	3706
6341	2385
6168	3051
7611	3649
6164	3315
5611	3945
5896	2890
6831	2765
6118	2687
6405	2434
7699	2818
5423	3984
4894	3854
4555	2802
5083	4627
5336	3762
6029	2257
5593	3063
8396	1562
5217	3432
6249	2608
7205	2798
6530	2868
7410	2299
6727	3120
6736	2274
7190	2784
5961	3026
5137	2719
5181	3288
5478	2205
5140	3063
6624	1720
5412	3868
5883	2227
5422	2314
6566	2798
6195	1012
6455	3539
4552	2703
6189	3988
4199	4220
7453	2974
5913	3148
5014	5144
5166	3714
5064	3952
5755	3042
5520	2662
7235	3251
6521	3076
6334	2566
5292	2459
4854	2899
5413	3555
5695	3315
7364	4291
5967	3712
5380	3724
4959	3003
4789	3627
5361	3137
6564	2241
6545	2806
4394	3128
7620	2232
6513	3029
5171	3244
6435	2850
6239	3798
6199	2554
5957	3300
4447	3381
6108	2846
6528	3899
4337	4085
5172	3319
4481	4620
5180	4124
5181	3062
6107	3511
4902	1861
5930	2734
6239	3775
5875	3059
5736	2977
5772	2827
5902	2515
5466	3295
5099	3211
4711	2849
4692	4362
7155	2421
6209	3631
5256	3331
5969	2545
6349	2341
5087	3775
6907	3893
7285	1920
6541	3291
4177	3605
6381	2650
5376	2756
6237	2649
4997	3510
6925	2323
6793	3028
5586	3692
4226	2876
4981	3722
6292	2410
7376	1652
7185	3150
5345	2799
6117	3873
6854	3287
7013	3232
4698	3115
5515	3767
5884	2459
6053	2425
6770	2812
6150	3207
5248	2557
5884	2702
5926	3119
6541	2887
6061	2337
5444	3546
5424	2916
5538	1778
6876	2580
5689	3835
5848	3268
4733	3447
5992	3339
5758	3003
6781	3267
6306	3491
7579	1883
6511	1502
5166	2741
5604	3878
6295	2713
4744	4807
5700	4249
7813	3269
6907	2877
6231	3498
5417	2678
6033	4138
6728	3082
7764	2919
6527	2203
6066	2692
5821	3679
5962	2844
6943	2445
5355	2796
5886	3424
6174	3924
5714	3969
4495	3378
4808	3325
5672	3344
4519	3077
5142	4166
5577	1911
6353	3743
7562	1672
6377	2754
5284	3126
7216	2183
8012	2680
6883	3022
4239	3500
5556	2207
7707	2766
5859	1884
6379	3077
6378	3063
5219	3911
4964	3488
5861	3190
5922	2774
5293	2985
7409	3092
4129	2664
6854	2928
5894	3076
6712	2479
7049	1617
6028	4216
8101	2987
5745	3154
5994	3232
5559	3441
6934	2232
5133	4057
4679	3743
4578	3471
4739	3288
6235	3372
5272	3573
5685	2289
6578	1638
3932	3337
5873	3099
7704	2140
6091	3172
6364	4214
5938	2976
7179	4061
6631	2707
6405	3429
5883	3871
5250	3143
5411	2691
5507	2945
5489	3164
3848	4005
5672	3642
6033	2409
5017	1303
5779	3380
6755	3647
5668	4232
5687	3530
6820	3333
6793	2885
7234	1636
6827	2439
6826	3933
6854	1347
6706	2665
6042	3008
7231	1324
5671	3165
5391	3249
5245	3313
7088	2078
7107	1878
6789	1480
6798	3292
5683	3466
6083	2686
5600	2326
6120	3103
6377	2926
6955	2402
6401	2906
6389	2245
6324	3817
7181	2241
6479	3321
6920	3301
5627	3184
5566	2802
6586	2249
5514	2951
6154	3404
5798	3993
6531	2897
7105	2302
5125	2771
6046	3331
5773	2833
6378	2173
6035	2843
5285	2582
6370	4515
5734	3430
6068	2683
7554	2357
5034	4209
6449	2288
5281	4277
5162	3242
6586	3346
7002	2848
6898	2714
5278	3335
4665	3201
6622	1907
6564	2321
5495	2214
5468	2454
5808	2732
7090	2249
7100	2559
5522	2473
6209	2109
7654	2106
5047	4152
6248	2781
6556	3737
6517	3595
6163	2787
6884	2068
5366	3660
6044	2439
5839	2874
5655	3063
5049	3778
5504	2805
6900	2085
5631	3494
5984	2589
6939	3258
4807	3861
4984	3675
7032	2016
6132	3733
6822	3280
5983	3369
6462	3241
7146	2657
5451	3994
4677	3114
5635	2652
5948	3403
6092	3125
6903	2828
6392	3408
6461	3381
6988	2500
6434	2769
5444	2797
5472	2081
6003	2922
6544	2602
5664	3255
4912	3204
4782	3811
4893	3009
4749	4614
6568	2955
5962	1978
5298	2920
6560	2787
5206	2869
5937	2633
5835	3082
5803	2926
6631	3156
5880	2760
5051	5182
5555	3131
5159	3320
6609	3240
5977	3885
5641	2715
6484	2280
5125	3306
5207	4087
7568	3286
5297	4069
6760	3118
6806	1715
6407	2925
5345	2676
4957	4121
6706	2654
5046	1541
7261	1986
6274	2424
5424	1985
5784	2584
5973	2782
6159	3719
5858	3876
6277	3288
5414	3680
5697	3332
6092	3323
5261	3624
6323	2130
7210	2889
6687	2473
7082	2625
6717	2401
7315	2098
6282	2843
4937	3606
6476	2316
6021	2455
6318	3029
5519	3799
4942	3385
6127	2989
6633	3334
5693	3511
6425	2047
6068	2518
6384	2484
6131	2887
6081	2216
6268	2981
6284	1999
7047	2243
6177	2818
6434	3314
7534	2414
5030	2665
5444	3230
5545	3082
6786	3256
8150	3346
6286	3150
5950	2713
5551	2865
7509	1201
7617	1636
6944	4172
6093	2545
4842	3783
5804	1940
5675	2588
4515	2620
4895	2709
5789	3120
5987	3006
7468	3038
4143	5410
5177	3364
6765	1825
5181	3355
4147	3212
5322	3055
5409	2078
7192	2439
6663	3300
6826	2322
5970	2873
8319	1860
6073	2780
4886	3380
5242	3566
6804	2991
6110	2929
6676	2995
6158	3272
6177	2686
5975	2719
6205	2180
5704	3353
6109	2769
6162	2185
7621	2436
5832	2052
5235	3667
5363	3326
5540	3388
5458	2635
5223	4386
6371	4214
6339	3251
7288	2380
6727	2300
5254	4206
6579	3356
5844	3396
5473	3363
5501	3233
5801	3112
5165	2719
4146	3039
5646	2847
5704	2190
6398	2272
6562	2424
7051	2978
5510	3987
6013	4270
6718	3107
6039	3006
6082	2602
5905	2696
5390	3579
6749	2632
6240	2764
6225	2367
5708	5065
7573	2883
6015	3408
6079	3514
6801	2637
5887	2221
6417	2253
5392	3732
5218	3092
6066	3305
3318	3603
5593	2335
5859	2659
6855	2257
5988	3996
6182	3140
6605	3062
6448	2048
6263	2896
7298	2828
5883	3017
7092	2480
5613	4422
6290	3813
6230	2451
5996	2963
5942	2694
6393	3684
5347	3824
6261	2943
5428	2198
5599	2090
5197	3850
4827	3401
6374	2918
4863	3758
5798	3577
6339	2542
6576	3133
6623	3036
5375	3726
5620	3668
5675	1871
5933	3338
4276	3039
6254	4198
4243	2663
5820	3620
4972	3084
6239	3300
4781	2888
6088	2924
7233	1586
5125	3989
5384	3811
5741	2329
5429	3054
4394	3701
5875	2857
6876	2777
6821	1981
7205	2366
6460	2939
5378	2933
6257	3030
6501	3216
5346	2530
5801	3684
5851	3006
7222	3092
5825	3027
3540	4734
7943	2203
5327	3629
6024	3514
4299	3408
5777	3049
5869	3495
6515	3007
5409	4087
5370	3544
5194	4096
6060	3875
5939	2835
5970	3551
5767	2314
5848	2370
5352	3185
5516	3729
6557	1738
7344	2910
7430	2055
6016	2131
6317	3412
6284	2406
6292	3037
5913	2523
6035	3035
6370	2819
6317	2542
7197	2891
5128	3605
4858	2327
6096	1733
7493	3353
6562	1856
6108	2286
5808	2833
6107	2092
4894	3698
5117	3902
5917	3699
5603	2870
5064	3999
6485	3556
6566	2493
6026	3665
5113	3079
6286	3042
5983	4056
5537	2958
4797	2771
5984	2739
5813	3157
6106	3468
5966	2891
7581	2391
5113	3472
6745	2968
6280	2261
5954	3602
6251	2550
5074	3319
4538	3836
4337	4557
5650	3573
6523	1424
7080	2951
6027	3195
6096	3384
5612	3308
6643	3734
4348	3415
5613	5173
6544	3018
5343	4364
6526	1411
5873	3429
4987	3770
5744	3577
7456	2864
6878	3191
5945	2679
6172	2605
6124	2672
6286	2621
5551	2334
7339	1856
6047	3908
5823	2592
7377	1874
6707	3511
6074	2814
5936	2298
7825	2631
5420	2623
6851	2544
6493	2696
7004	2813
6269	3416
5646	3101
5802	2867
6816	2342
5308	3284
3408	4987
5820	3478
4969	2728
5425	2666
5895	2243
5860	2335
4247	2475
5349	2865
6813	3214
5444	3177
6609	3008
5048	3105
6308	1902
6364	2547
5549	3148
7080	2651
7194	3815
5732	3448
2941	4901
7127	3018
5256	3371
5967	2982
5315	4103
6706	1521
6845	2353
5752	3273
4940	5179
8004	2257
6402	2469
3026	5613
1336	7280
2954	5835
5266	3049
6131	2399
6794	1736
6027	2998
6619	4031
4538	4893
5623	2778
5651	3366
6408	3180
6006	2298
4774	3546
4857	3037
7798	2420
7501	3567
5703	2815
8130	2060
5613	2203
6029	2725
7740	3202
5918	2996
7733	2460
5739	3228
7936	2644
5506	3626
6654	2318
6303	2466
6169	3656
6353	2953
5895	3514
6060	2017
4870	3489
6215	2755
5308	3824
6375	3061
4864	4238
6293	3217
7385	2583
6248	3564
5785	2331
5202	2795
5131	3119
6574	1613
6216	2605
6328	3374
6705	2752
6042	2919
5962	3179
6046	2975
5673	4020
7164	2722
5219	3157
6044	3823
6016	3642
6570	3265
5600	2902
6931	2826
7294	2858
6713	3499
6032	3779
6539	4440
6470	3484
5981	3198
6927	3174
7241	3299
5807	2269
6963	2388
6530	1542
5151	4533
6288	2776
5242	4064
5908	5253
6004	4216
6356	2838
5534	2472
5491	3813
5078	3507
6214	3614
6426	3015
4397	3957
6182	2186
5949	4153
5460	2665
5712	2820
7839	2274
4637	3370
6644	2335
5312	2309
5426	2488
6052	2477
6113	3485
5512	2551
5405	3639
5792	3087
6640	3527
6444	3286
6336	3078
5745	2775
6278	3359
4909	3849
6342	3829
4240	3791
6826	3487
6514	2794
4511	3232
5577	3903
6601	2912
7478	3330
6548	2543
7562	1084
5449	3418
4423	3650
6203	2646
6469	2164
6253	2560
5894	2274
6667	3584
6899	2754
4980	3485
5170	3775
5604	3653
5430	3295
6505	3644
8154	2075
5338	3664
5216	3714
7093	2054
5923	2728
5166	2524
6267	3283
6688	4159
6505	4342
4692	3868
5368	2854
6318	2969
5072	3864
5617	3422
7333	3015
5619	2950
5998	2544
5907	2976
5612	3318
4980	4639
7173	2418
6106	3429
5536	4098
5786	3441
5914	3419
6935	3515
5876	3662
6491	3035
7236	2485
7021	2805
5864	2942
4524	1638
5554	3446
5039	1950
5333	3421
6316	1941
5183	4089
5353	3516
4942	3002
6450	3039
5195	3273
6001	2578
4892	3740
5927	3721
6511	1354
5225	2812
7461	2591
6207	2602
6228	2242
7590	2996
5104	2148
6053	3054
5037	3319
5412	3331
5860	3307
5683	3012
4620	4422
5142	4057
7059	2476
6214	1925
6193	2520
6786	2386
5092	3273
6946	2597
5239	2730
6292	2694
6401	1963
5603	3962
5072	3205
5987	3150
5895	2923
5893	2411
4518	4522
4764	4362
6690	3180
7820	2568
5454	4856
6431	2955
6172	2996
5693	2396
5920	3322
4731	2887
4445	3652
6233	3513
6032	2812
6282	2468
7593	3335
7115	2089
5242	3475
8993	2878
7245	2132
5206	3791
7145	3634
7111	3200
5156	2674
7408	2297
5252	2867
6793	2207
6121	2738
6419	2304
6460	2732
5641	2429
6284	3137
5757	2535
5687	3566
5770	5016
6244	3469
5476	3162
7763	2653
6851	3103
5662	2811
6352	3196
404	8426
7487	2114
4773	4689
5901	2491
5568	4336
5059	3654
6223	2623
6147	2981
4889	1818
6597	3454
6846	3403
6729	2998
5385	2871
7323	2300
4984	3090
7318	3007
5884	3392
6153	1871
5961	3255
5939	3044
6253	2869
8187	1747
6949	2394
5337	3469
6782	2357
6453	2788
5727	3075
5599	4163
6623	3474
5533	3722
5312	2522
6939	2412
5182	3999
5960	3130
5294	2788
4955	2696
6389	3085
6001	2662
5653	3979
8009	85
7004	3203
6753	2317
6637	4063
5673	3650
5258	2263
7731	1733
6242	2332
4978	2971
5046	2159
5817	2390
6380	1725
6825	2702
6415	3411
6512	2534
6501	2690
5620	3801
5750	3133
7695	3873
5008	3161
5881	3769
7070	3450
6266	3171
5985	2891
6772	3508
6876	2285
5751	3202
4881	2255
5939	3019
6206	3174
5868	3390
6878	2290
6947	3666
4914	2831
5733	2838
6785	2324
6924	3763
6491	1771
4764	2776
6866	2732
6517	4637
5649	2144
7230	2982
6329	3856
5744	3450
5184	4359
5253	3032
5915	2082
5296	3779
5178	3305
5996	3522
6190	2416
4552	3984
6669	2136
6600	3414
6646	2621
5049	3260
6064	2541
4141	3253
7830	2689
7043	1499
6335	2255
5932	2605
7207	2700
7134	2744
3575	5337
5668	2836
6375	4084
6916	3919
6049	3073
5897	2088
4442	4230
6476	5029
6746	1948
6035	2649
6480	4275
5487	3530
4857	3437
5341	2845
5719	2779
6737	2317
5712	3793
7074	2731
5602	2705
6090	3392
6088	3544
7417	1897
5193	3322
6300	2161
5514	4650
6048	3223
7339	2218
6383	3983
5721	2992
5506	3347
5709	2961
5727	3032
5853	3294
6452	2206
5166	2560
6307	2741
4732	4141
5252	2681
6874	3356
5468	3340
5533	2881
6077	3665
3887	5262
6781	3642
7268	3170
6564	2877
6706	1127
6906	3581
5510	3204
5986	3358
6331	3128
6036	3140
6607	3107
8960	2004
7621	3201
4833	3773
5313	2763
5191	2097
5931	2627
6109	3136
5458	3761
4193	3647
5678	1868
5669	4290
5951	2995
4358	5648
6521	2947
6381	2392
6744	2927
5228	2096
6860	2607
5605	3490
6181	2116
6773	2450
5505	3265
6066	2930
5243	4540
5264	4388
6907	1450
6846	2714
5198	3557
2925	6172
5868	4285
5574	2039
4198	3581
6141	2914
6412	4114
6151	4236
5533	4312
6235	3493
5099	2418
4168	2528
6317	2842
6969	2969
6525	2078
6111	3555
4539	3291
6501	1994
4642	3825
4935	3052
5290	4358
6605	1726
4036	4391
5670	3398
6064	2499
7560	2191
4915	3832
5574	2573
3463	4643
5058	3132
4748	5520
4024	2739
6524	3354
4961	3096
6099	4560
5768	4374
6203	3030
5197	1955
5688	4604
6299	2944
7135	2470
6415	3273
4577	3611
5548	4410
5212	3749
7430	1366
3916	5248
5960	2171
6544	3031
7209	2140
8273	824
5884	3258
6081	3038
4456	4909
7814	2531
5485	3375
5584	2353
5778	2251
6464	2906
6691	4193
5375	3770
6150	3102
4488	3647
5156	3407
6855	2204
5500	2696
6810	2422
6400	2017
5798	1883
6667	2191
5396	3722
6938	3104
6056	2957
6251	2708
5797	3121
6640	3168
4914	3625
5993	2625
5599	4627
5491	2937
6440	2455
5851	2883
6707	3184
4821	3889
7025	2355
5024	2936
5309	2802
6701	1789
5296	2787
6175	3335
5944	3084
5693	2397
4071	3720
5465	2741
7002	3718
6736	2735
7967	2484
6503	3000
6403	2753
6844	2924
6038	2436
5113	2389
7036	2355
4758	3826
6010	3315
6209	3220
5806	3933
5750	3594
5225	3707
6446	3472
5832	2982
6213	2701
6009	1900
6648	3243
4635	3907
5961	3069
5495	3510
5754	2918
6107	3075
5439	3403
6572	2670
6073	2955
6211	2802
5771	3279
5291	3498
4474	2660
6080	3208
6971	3042
6125	2208
5726	1949
6315	3274
6466	3019
6399	3234
6216	2843
5425	2849
4929	2717
6187	2362
5809	1811
5127	3597
5827	1761
6512	3429
3552	5041
4307	3782
6288	2418
5765	2332
6009	2092
6057	3787
6299	2080
4778	3710
4568	2839
6649	3028
7471	2146
6094	2470
5230	3795
6735	2265
5997	3208
5868	1924
3232	5758
6103	3541
5845	2440
3902	2295
6217	4620
6695	2602
5683	3511
7299	2385
6537	2368
6502	4123
6006	2406
6206	3424
5439	3766
5999	2580
6481	2776
6556	2525
5564	3209
5561	3514
6279	1948
7491	2261
5029	2149
7862	3394
5540	4043
5892	2825
7797	2578
6357	3161
5022	2625
2234	6598
2309	6825
6223	3113
4603	3985
5896	2972
6761	3067
5567	2248
5333	3656
4879	2873
5325	1829
4889	4017
6231	2787
5946	2390
6193	2484
5814	3020
5365	3422
6634	2429
4006	3929
6452	3326
5740	2932
5573	3620
6392	2538
5935	4422
6780	3284
5567	2479
6387	3036
6415	2618
6059	3582
5606	2913
5669	2372
6295	3108
7050	2328
5162	3419
5458	3236
5544	4001
5691	2450
6288	2441
6250	2795
4800	4507
6578	2904
5397	1353
5269	3239
6078	3430
6599	2760
9583	1399
5522	2001
7028	2198
5715	2660
5801	2046
4511	3965
6073	3145
6514	2018
5223	3011
4716	2368
5395	2283
6670	2872
4820	4007
6259	3230
5706	3018
4746	3989
5334	4406
5082	4585
5893	3723
7091	3068
5731	2139
6586	2622
6253	2682
5844	3463
6839	3260
5856	3268
5208	3145
8179	2747
5149	3010
7284	2873
7036	2753
6319	2755
6215	2887
6449	2595
6829	1997
6829	3204
6132	2283
6621	2206
7166	3283
7414	3290
5141	2688
7405	2560
7064	2451
5784	3688
6871	2800
5995	2289
7110	3046
6177	3104
5853	4100
5636	3323
6698	3026
7229	2985
5509	3718
6800	2286
6771	3701
5129	3678
6515	2313
6326	2867
6141	3206
7296	2526
6274	2671
5820	3344
5988	3314
5900	2597
8036	1075
6775	3085
6629	2357
6538	3433
7028	3445
6457	2798
5915	4438
6332	2070
6920	2720
5778	3959
6019	3128
5200	4109
5766	2217
4250	3297
4967	3061
5924	4066
7335	1222
5254	3694
4729	4353
5370	2939
7323	2703
5305	2423
5842	2693
6720	3912
5236	2635
5403	3924
6081	3251
7304	3093
5668	2718
5458	3690
4575	3138
5906	2759
4656	4073
7199	2635
5726	2942
6852	2208
5326	2921
5619	3039
5550	3112
6709	2851
5657	2319
6348	3248
6900	2936
6195	4017
6325	2421
8026	2828
5920	2858
6054	3470
5236	2927
6242	2907
6224	3123
6610	2827
5967	3292
5429	3567
5250	3250
6678	3826
5334	3607
5633	2784
5968	2946
5631	3286
4930	3540
5803	4569
6406	2804
6406	3757
5558	4085
5997	3106
7258	2135
5903	2830
5460	3471
6200	2270
6378	3388
6450	3571
5028	2658
4501	3268
6214	4868
5275	3174
6364	3212
5793	1787
6187	3039
6586	3820
7290	3058
7066	2732
6795	2239
7447	1636
4501	3967
5081	4336
5377	3718
7444	3157
6055	2408
5967	2199
5474	2902
5601	2343
6869	2428
4593	3546
6021	3082
6782	1869
5921	3263
4882	3656
5608	2395
6621	2852
4671	3672
6641	2494
5906	3274
3909	4714
6196	3443
7495	3078
6674	1713
6384	2827
5207	3448
6579	4439
6718	3434
5813	3438
6853	3694
5381	1922
6121	2580
5557	3454
6533	2911
5349	3029
5586	3172
6014	2886
6212	3206
5528	2125
5980	3481
8288	2356
7257	3096
6779	2269
6053	2803
5539	3152
6802	2473
6652	3612
4947	3203
6390	2109
5876	3631
6167	4071
5491	2339
5562	2383
7522	3169
5578	3288
5913	2703
7577	2960
7091	3559
5024	2917
6289	2383
8879	1954
6671	2679
6068	4318
5632	2434
6165	2218
5639	3821
6195	2607
5301	2951
5414	3050
7269	3468
5724	3254
4942	3760
5574	2955
7362	550
5405	4008
5596	2497
5423	3729
2841	5481
6523	2826
5383	3046
7243	2886
5285	2931
5226	2011
4852	1771
8333	1236
5777	2369
5740	2763
6363	3259
5308	3487
6060	2486
4533	4118
6126	2264
5579	4346
6482	3432
6183	3554
6698	3044
6077	2916
6616	2214
6843	3721
5652	2312
6867	3506
6659	3473
5540	3727
5939	1784
6392	2851
5252	4009
6115	1995
5067	2990
6088	2459
6004	2402
6055	3253
5797	2712
6864	2693
6508	2617
6539	4071
5423	3067
5462	3912
6642	3335
6540	3098
6399	2741
6959	3156
5580	3649
5582	3325
6745	2891
3908	3665
7445	2711
4931	3541
5776	2730
6228	2886
5806	2341
7669	2864
6563	2792
6353	3055
5827	4308
6601	3074
4643	3254
5865	2018
6536	3469
5631	3119
5929	2653
5728	3857
6524	1850
6730	2522
6619	2544
6393	2782
7453	3648
5564	1699
5104	1732
6442	3225
5689	3934
5706	2765
5682	3043
5513	2634
5705	3185
6404	3393
6109	2734
5601	1708
7086	2085
5908	2686
5478	2818
7056	3364
5797	3035
6357	3356
4769	4425
6344	2891
6728	2331
6711	3356
6631	3324
5614	3452
6881	1948
8303	1474
7079	2506
5973	1942
5611	2619
5310	2249
6500	3828
6471	2761
6601	2835
5914	3477
5626	3510
5468	3191
5617	2751
5370	4025
4847	3264
7450	2725
4715	3885
4929	3870
5985	2510
6159	3597
5997	2790
5383	3010
5473	3285
5993	3316
5624	2888
5187	4662
5543	3232
7105	2343
5921	2472
5557	4348
5559	3379
5970	2318
5212	3882
5444	2386
5572	3102
6238	2540
7346	2889
4477	3209
7127	2793
7130	2471
7852	1285
5074	3560
7632	3240
6124	4353
5752	2843
6772	3404
5510	4020
6530	2649
6468	3040
6429	3083
4728	5427
6373	2735
5643	3021
6079	2217
6200	3123
5251	3215
5291	2911
6671	2688
6050	3173
6383	2314
6748	2218
6414	3558
6017	4590
5604	2676
4234	4261
6970	2744
4327	2709
5656	3099
6649	3367
5269	2952
5483	3297
5049	3316
6588	3253
7314	3055
6334	3562
5739	3089
7276	790
6055	3023
6057	2320
5334	3720
6273	3596
3996	3174
7157	2732
5378	3568
5343	3866
5241	3708
4582	2472
5875	2775
4320	3840
5317	2879
4077	3717
5526	3051
5667	2851
6442	4827
6738	3310
6478	2442
5398	2728
5698	1474
6743	2461
4309	3848
6215	4069
4915	2896
6171	2422
5544	3782
3006	6106
5459	3383
6821	1498
6772	2513
5576	3172
5009	3034
5524	2618
6255	3155
6771	2170
5646	2469
6467	2200
8030	2445
5428	2301
4660	2291
5054	2894
5566	2622
5073	3003
6417	2994
5309	2090
5570	3139
6083	2827
7033	2136
6395	2997
5850	4254
6831	3156
6350	1944
6228	2878
6721	2060
7503	2685
6512	2011
6663	2191
6882	2243
6163	3981
5311	2348
5540	2293
5270	2744
6920	2988
4398	3507
6757	3086
7298	2210
6360	2608
4926	2826
6910	2347
4783	3846
5269	3247
4641	3677
6458	2487
7252	2240
6472	2455
5574	2365
6924	3633
6041	3125
6304	2674
6284	1539
5678	2926
4757	2766
6008	2278
6978	2980
4873	4702
5499	3160
5932	2979
6493	2554
5192	3273
6187	3152
6091	2709
5660	3947
6389	2596
5425	2557
5427	2604
4812	3208
6389	3876
6568	2931
5199	2938
6520	2242
6265	3173
6374	3293
6999	2193
5925	3488
6074	2486
5126	4430
4925	2690
6283	2853
7325	2469
7298	3318
6756	2750
5787	3479
6287	3245
5917	2654
7064	2464
5789	3597
7134	3824
6951	3080
5969	3151
5425	3293
7143	1663
4573	2794
6866	2175
5677	3057
6404	3228
5329	3707
6913	2599
5032	4440
6549	2089
5724	2116
6123	3056
4775	3235
6408	2775
5460	3595
6064	3654
6800	2597
6477	2885
6076	2299
4473	1956
7951	1596
5856	2766
5440	2560
5763	2505
6139	2564
6763	3706
5766	2925
5542	3747
6812	2636
4927	3673
7745	2349
6297	3454
5835	2367
6208	2468
5868	3490
5389	3133
5893	3623
6307	2782
5347	2668
7129	2855
4912	5334
5129	2051
4232	4714
8231	2079
7473	2655
5375	3621
7084	3379
6744	2452
5273	3338
4955	3653
5605	3709
8037	2957
6371	3236
5426	3471
6655	2825
3374	2549
7576	2642
6770	3551
7239	1956
7949	1882
5441	3586
5284	4047
5058	2206
6266	3751
5719	1857
5392	3050
7364	2376
6217	3291
6053	2364
5975	3588
7051	2346
6243	3174
6264	2869
6819	2791
4538	4462
8385	2645
5643	3407
7452	2516
5784	4010
6326	3319
6299	3192
6050	2999
5023	4014
6640	1909
5796	3364
4186	5411
6683	2401
5929	3183
5686	2640
6133	3476
5618	3885
5653	2595
4283	4785
6560	3384
5003	3153
4025	3078
5853	2539
6074	3219
6277	2966
7337	2056
5915	3479
6170	3772
5826	3359
6216	2619
6988	1992
6621	2898
6277	2280
5554	3560
7185	1280
6981	3184
4918	3293
4673	3731
6513	2139
7201	3186
6303	2775
6619	1837
5622	4880
6719	2287
5120	3088
5518	3970
5334	2683
2620	5869
5859	2427
5117	3000
6500	3493
6079	2753
4834	2144
6561	2809
6696	2038
5683	2352
7313	1735
4956	3418
5089	4762
5613	4041
4818	3312
6075	2828
4971	3443
5603	3284
5611	2987
5650	3290
5530	3005
5392	2944
6027	2397
4867	4727
5653	1515
6390	2282
6937	2957
4588	4249
5681	3393
5558	2893
5064	2006
6775	2935
6488	3069
5241	2291
6651	3650
5685	3563
5029	3341
5326	3486
5000	2543
5140	3287
5500	3324
6631	3863
5759	3169
6993	2563
5717	2600
6272	2211
4355	3026
5626	2273
6804	2977
6623	2514
5976	2287
4892	3701
5824	3225
7301	3077
5489	3476
5348	2435
6051	3074
6344	3335
4780	3376
7150	1776
6166	2506
5778	4035
6627	3366
7113	2274
5417	4071
6959	2475
5705	2419
5867	3889
3252	5339
6268	3315
6728	2642
6039	3133
5576	2682
6466	1655
5276	3215
6209	3732
5448	3491
6926	3947
6704	2929
5983	2753
5877	2700
6374	3290
7105	2071
6116	3260
7642	2617
7493	2070
6685	3533
5435	2417
7021	3055
5686	2715
6923	2062
7893	1933
6375	2394
5701	3296
6813	3478
4994	3170
7881	2836
4756	3554
6176	2873
6402	2827
4884	2832
7780	2567
5621	3021
4158	2999
4414	3766
6278	3343
6888	3757
6516	2560
4085	5959
5706	2724
6660	3094
6774	3914
5396	2465
4757	4053
5808	3249
5771	3100
6811	2493
6979	2926
6473	2352
5667	3290
6639	2582
5087	2557
5799	4518
7453	1590
6058	2815
6092	4076
6182	2661
6789	4073
5560	3594
4771	2873
6295	2238
5162	3499
6229	2096
5916	2261
5825	3573
7853	2854
5826	3810
6774	2297
5574	3840
6517	2522
5578	2544
6850	2231
6483	2791
7327	2692
6313	2578
6545	2727
5679	3246
7509	2276
6197	2582
7488	3193
5549	4568
5738	3592
5854	2961
6413	2726
6227	2807
4830	3019
5219	3285
5849	3514
6245	3306
6125	3171
6385	2563
5593	2928
6481	1796
6368	714
5635	3591
6974	1107
4894	3675
5393	3641
6046	2951
5487	2600
7114	2602
5878	2610
6305	2665
5544	3139
3691	5316
5348	3418
5270	2378
5413	3162
7639	2570
6507	2779
6511	3051
6673	2067
4985	4484
5371	2861
7344	2945
2443	6272
6395	2655
5992	2480
6879	2169
5855	5012
5491	3721
5557	3841
6369	2214
5877	2743
6844	3121
6543	2011
6599	3020
5342	3121
5504	3435
5305	2317
6227	3677
5631	3170
7597	2672
6043	3109
5700	4210
8375	2832
4723	3310
5892	3146
5825	3903
5984	3477
4814	2441
6702	3333
6228	2695
6097	2210
7942	2399
5722	2274
5966	1718
5724	3465
4840	4654
6725	2521
5769	3742
5829	2994
5455	2946
6553	3496
6591	2767
5095	2955
5881	2491
6129	3077
7902	3050
6781	2324
6336	2402
5234	3938
5775	2446
5804	4097
6787	3090
5546	2982
5285	2236
4467	3472
6831	2897
6220	2297
6267	2697
6611	3016
6826	2182
6034	2263
5470	3107
6485	3480
6566	3052
5536	2459
5811	3027
5312	3342
4752	3320
6461	2050
6575	4228
6229	3436
6173	2423
5490	3618
5563	3056
3997	4543
6686	2804
6627	3178
5678	2935
6585	2836
6123	4000
5810	1984
7549	3029
4661	3806
7013	3503
5760	2263
5523	3880
6047	3421
4858	4112
5935	3603
6179	2566
5130	2515
6122	2893
7113	2643
5511	3812
5526	3060
5633	4665
6448	3286
6869	2577
7147	2540
5528	3888
6375	2921
4764	3904
6317	3558
6020	2901
7617	3476
7390	2174
5256	2948
8245	2487
4161	4913
6214	2819
5640	2541
7405	3479
5522	3901
6958	1781
6257	2088
7184	2460
5584	3137
6250	2006
4302	4394
6026	3053
6767	2201
4916	3131
4973	1857
5525	2984
6274	2842
5995	4302
7283	3050
5076	3766
5755	2733
6970	918
6055	3680
6850	1306
4663	2505
7252	3731
6629	2270
6226	1755
6344	2951
6466	3926
5952	3316
4109	3643
5984	2309
6172	2702
5698	3160
5698	4311
4984	2926
6163	4523
6842	2820
5993	3024
5502	2597
5367	2981
5798	3053
5850	2700
7057	957
5924	4018
8116	2224
5748	2969
5815	2896
5322	3746
4887	3233
7052	3136
5176	2086
6316	1925
6060	1947
7550	2570
6657	2352
7205	2162
5751	3398
6952	2331
7337	2216
7571	2760
6465	2906
5197	4386
7055	3372
4342	3989
6752	2630
5717	2675
6110	2610
7486	2160
6117	4493
4830	3905
5871	3940
5187	4554
6878	2797
3102	5387
4732	2866
6730	2352
5529	2815
7821	1798
6586	2904
5089	1824
5167	3559
5669	2846
7734	3364
6227	2946
6150	2542
6937	3751
5562	3308
6301	2905
4289	3774
6814	2162
7161	2442
4444	3893
6639	2888
531	8378
5865	4003
7213	4641
6447	2097
6445	3257
7058	1356
6027	2196
5818	2101
5977	3272
5970	2430
6408	3414
5816	2629
6498	3514
4775	4104
5978	2250
5133	4597
6048	3529
5918	3614
6094	2523
5828	2112
7092	2680
5262	3658
6167	4459
6394	2060
5575	2492
6345	3330
4781	3976
6929	2751
5961	2526
5712	3480
6137	3446
5119	3618
4526	3212
5383	3877
4888	3567
7022	2795
5278	2701
5188	3412
6475	2706
6902	2998
5723	3548
6440	2579
5860	3968
7607	3053
7103	2989
4738	4090
5237	2975
5413	2986
6007	3208
6285	3759
4655	3405
5195	2950
7160	3019
6462	3114
6209	3318
6758	3101
4917	2333
6720	3019
6454	2362
6685	2656
6189	2231
6811	3624
6647	2352
5367	4232
5696	3541
4592	3213
5500	2440
3988	4009
5824	2602
6744	2367
5763	3247
5624	4369
6136	1594
6753	3416
6794	2966
6378	4451
5982	3477
5913	2981
6288	3815
6014	2573
6403	2284
6189	3007
8489	1301
5667	3263
5601	3135
4110	3630
5218	3216
5351	2365
6150	3391
6353	2463
6024	3322
6714	2537
5607	3190
6274	3489
6168	2367
5420	2784
6263	3592
5125	2718
6184	3392
5621	4011
7171	1506
6011	2463
5290	3746
7183	3126
6042	2157
6235	2348
5445	3412
5562	2155
5652	2497
6973	3509
7270	3440
4640	3719
7064	3353
6229	3017
5019	4350
5705	3488
7312	2066
5521	3549
5306	3238
5474	4037
5118	3074
4967	4127
6776	2618
7590	2670
6678	2103
6543	3447
0	3948
6224	2719
5398	2836
6890	2003
5955	3567
6110	2223
5037	3222
6067	2213
7184	1833
7245	1833
6433	2354
6854	3326
4539	2675
6836	2598
5681	3175
5665	2232
5677	2233
6426	3309
5990	3542
4842	3529
5846	3025
6734	2187
4099	2845
6309	2000
5311	2698
6243	2850
5297	2120
6068	3047
5294	3532
5275	3644
6784	3247
7988	391
5194	3303
6042	2815
5105	2688
5131	3589
5038	4292
6260	3100
5794	3703
5951	3708
5225	3245
6555	2942
6842	2347
7048	2881
6365	3330
6000	3297
5010	3496
5966	3243
6017	3668
7243	3246
7146	2841
6306	3155
6514	2599
5076	3283
4519	3851
5948	2755
4380	3424
6381	2481
5072	3814
6514	3183
5088	2601
5359	4237
4795	3806
6057	3397
6087	3487
5301	3211
7010	3041
6565	2958
6177	2359
5338	3071
5475	3389
6792	2682
4997	3208
7331	2977
5675	3653
7020	3192
5710	2269
4339	4651
6569	3146
6497	2196
5679	2845
6058	3457
7532	3255
6501	3613
6364	3085
5543	3307
5539	2423
4688	4448
4864	4469
6411	2304
5268	3463
6054	2459
5509	2140
4607	4259
5257	3826
6443	2500
5274	2839
6615	3757
6132	2767
5955	2660
6660	2728
5983	2399
6330	2610
7250	2390
6061	3088
5241	3570
5216	3005
6703	2315
5306	3173
6666	2996
6022	2918
6816	3011
4864	2698
6688	2358
5320	2924
6691	2008
7679	2301
5595	2152
5531	3844
6009	3244
4822	4353
4767	4109
6825	1875
6127	4348
5623	2526
7033	3013
7026	3662
8124	1063
7016	1536
5204	2978
6750	3258
4829	2507
5697	3626
5903	3398
6085	3264
5777	2761
6682	3547
6330	3342
6810	2933
6506	3470
7217	2600
5806	4148
6251	2727
5980	2440
6050	3923
6548	3570
5391	3274
7668	3521
5808	3525
6859	2130
6609	3417
6091	2045
6162	2326
6860	2441
5051	3973
6415	3042
5763	2889
6051	4021
6637	3253
4866	3653
4333	4698
6238	3509
5984	4142
5400	2854
6666	2685
6088	2479
3794	5320
6629	1644
5759	4388
6065	3133
5773	2498
6744	2816
6900	1965
5749	2560
5299	2894
4817	3728
6628	4199
6071	2523
7447	3027
5734	4026
5506	3201
3628	5649
7093	2317
6412	2490
5526	3367
5785	3319
5310	2697
5637	3120
5414	2793
6251	1650
6250	3076
5746	4163
6614	3042
6900	2427
6386	2740
6973	2796
4079	3191
6330	4052
5821	3192
2603	5558
5279	3930
5700	2147
7863	2663
5828	2368
5673	3627
6334	2791
5420	2498
6706	3559
7701	2744
5998	1818
6243	2777
7609	1865
7350	3647
6649	2825
5615	3634
5096	3331
7715	3190
6816	2869
6290	3669
6451	2926
