1763	1
1316	1
1268	1
1124	1
1620	1
998	1
818	1
1013	1
1504	1
473	1
1192	1
1121	1
1644	1
4114	1
1468	1
636	1
1221	1
887	1
1806	1
1166	1
1435	1
1696	1
1520	1
2750	1
2425	1
1151	1
517	1
1660	1
2129	1
1590	1
3866	1
1640	1
5583	1
610	1
2431	1
1347	1
1251	1
1626	1
4760	1
1273	1
1755	1
4595	1
1234	1
1237	1
1283	1
1684	1
1076	1
1211	1
848	1
1345	1
4201	1
3366	0
2244	1
1033	1
2160	1
1024	1
1658	1
1429	1
3327	1
1149	1
2052	1
1706	1
687	1
1231	1
1213	1
1071	1
2320	1
1138	1
1762	1
1295	1
2978	1
2833	1
810	1
3494	1
1727	1
1900	1
5814	1
1505	1
2187	1
1257	1
1790	1
2289	1
3163	1
1129	1
2195	1
1136	1
2059	1
1610	1
3080	1
3505	1
1549	1
1100	1
1053	1
1385	1
886	1
1745	1
906	1
560	1
2101	1
2206	1
1496	1
2529	1
1801	1
1739	1
1089	1
935	1
1447	1
4894	1
1096	1
938	1
1768	1
3033	1
4450	1
1057	1
766	1
1166	1
966	1
3652	1
1078	1
821	1
1757	1
1597	1
2086	1
1379	1
3786	1
1150	1
1124	1
2924	1
664	1
950	1
1436	1
1824	1
600	1
2038	1
2008	1
2954	1
2306	1
1738	1
1631	1
711	1
1511	1
1209	1
841	1
989	1
1737	1
1615	1
3403	1
1948	1
1476	1
770	1
1424	1
2148	1
1628	1
1100	1
1884	1
1271	1
5617	1
1818	1
1345	1
1094	1
868	1
1178	1
2209	1
1192	1
896	1
1757	1
722	1
1475	1
1485	1
1089	1
1478	1
4337	1
4044	1
3053	1
1434	1
2534	1
2558	1
2398	1
2724	1
1295	1
3220	1
3037	1
1694	1
695	1
1422	1
1024	1
3040	1
4199	1
1094	1
2035	1
1672	1
2196	1
933	1
1496	1
1042	1
664	1
743	1
2868	1
4803	1
1046	1
1674	1
1020	1
1685	1
1956	1
2959	1
1137	1
1085	1
3159	1
5059	1
1994	1
884	1
1451	1
1878	1
1974	1
673	1
2556	1
1247	1
1192	1
3956	1
1989	1
2485	1
1600	1
930	1
1214	1
1408	1
1196	1
2153	1
1379	1
1807	1
3299	1
1423	1
2043	1
1177	1
1135	1
1631	1
1306	1
1198	1
2205	1
1161	1
2030	1
1712	1
1146	1
2391	1
1457	1
7072	1
1645	1
1142	1
1437	1
6382	1
1478	1
3240	1
4772	1
2112	1
4555	1
1220	1
1028	1
2723	1
1818	1
1355	1
1463	1
3242	1
1737	1
1961	1
4700	1
1244	1
1525	1
1196	1
2317	1
847	1
2027	1
1275	1
5088	1
1047	1
1111	1
877	1
1169	1
1847	1
1860	1
975	1
2396	1
1112	1
1532	1
1076	1
1021	1
1460	1
3426	1
522	1
1253	1
1290	1
1413	1
1931	1
641	1
1089	1
1663	1
1533	1
3955	1
1069	1
1601	1
1530	1
2806	1
807	1
3553	1
1663	1
1729	1
1244	1
1022	1
857	1
2301	1
9999	1
1814	1
1094	1
3068	1
985	1
1337	1
2069	1
3098	1
4048	1
3043	1
937	1
1334	1
990	1
1194	1
2483	1
2035	1
3847	1
5262	1
1952	0
784	1
3630	1
2839	1
1888	1
3288	1
953	1
1050	1
1462	1
1145	1
1007	1
1489	1
820	1
1862	1
1037	1
2160	1
2272	1
1836	1
2309	1
3777	1
1963	1
1324	1
1406	1
3482	1
2986	1
1500	1
1108	1
904	1
893	1
1888	1
2618	1
973	1
278	1
1353	1
0	1
1381	1
1721	1
848	1
1064	1
1414	1
1404	1
6249	1
3240	1
2816	1
1281	1
7444	1
887	1
4105	1
2370	1
1006	1
1042	1
4924	1
1292	1
2753	1
1022	1
1154	1
1527	1
2266	1
1133	1
1261	1
1923	1
1949	1
1667	1
837	1
1116	1
3137	1
1292	1
1084	1
3941	1
2333	1
1526	1
2620	1
816	1
1777	1
2952	1
1648	1
4193	1
947	1
1571	1
3266	1
2429	1
444	1
847	1
3248	1
653	1
2972	1
1276	1
4916	1
1226	1
1215	1
2718	1
1029	1
1624	1
2722	1
1322	1
2456	1
1108	1
1224	1
546	1
2121	1
917	1
1328	1
1460	1
1230	1
2148	1
1039	1
1565	1
916	1
2568	1
2006	1
1277	1
943	1
1001	1
1046	1
1540	1
2328	1
2098	1
3211	1
1870	1
4690	1
1361	1
1426	1
2335	1
1064	1
1221	1
1204	1
2172	1
974	1
2850	1
1183	1
2439	1
1315	1
1833	1
532	1
1293	1
4017	1
2168	1
974	1
2084	1
3635	1
5081	1
710	1
3741	1
2585	1
1153	1
972	1
1538	1
2359	1
1439	1
699	1
5862	1
844	1
719	1
674	1
1133	1
1013	1
5492	1
4598	1
1991	1
647	1
4100	1
1571	1
1288	1
1239	1
1419	1
1229	1
1036	1
1094	1
831	1
1071	1
1493	1
1764	1
1983	1
1036	1
1192	1
1265	1
1204	1
5123	1
1399	1
1059	1
3780	1
747	1
767	1
934	1
1032	1
1824	1
1380	1
1467	1
4734	1
1313	1
1237	1
1476	1
1007	1
1354	1
1859	1
1789	1
1277	1
2799	1
992	1
1200	1
991	1
995	1
2335	1
1370	1
937	1
2067	1
1196	1
772	1
6737	1
780	1
1184	1
1855	1
851	1
1965	1
1466	1
621	1
2491	1
3703	1
1028	1
1355	1
3040	1
1810	1
853	1
1608	1
1151	1
3386	1
1559	1
2566	1
3495	1
1252	1
1906	1
2883	1
745	1
861	1
3308	1
1134	1
1283	1
2220	1
893	1
1029	1
3129	1
1263	1
626	1
1334	1
2600	1
2576	1
1342	1
3204	1
1011	1
1085	1
1249	1
3468	1
2126	1
850	1
1238	1
1897	1
1365	1
943	1
1890	1
1146	1
4337	1
1203	1
954	1
1278	1
988	1
5437	1
1340	1
5051	1
1590	1
852	1
1140	1
4317	1
1554	1
2900	1
2993	1
1414	1
1591	1
2020	1
1741	1
4225	1
2065	1
1633	1
1021	1
1330	1
2415	1
1075	1
4948	1
1228	1
957	1
3157	1
1003	1
816	1
2271	1
1771	1
938	1
3673	1
1397	1
2096	1
1186	1
3763	1
2482	1
1678	1
1139	1
3873	1
2317	1
1616	1
5384	1
966	1
1409	1
1390	1
1768	1
751	1
1130	1
1488	1
1217	1
1385	1
4232	1
1186	1
448	1
1170	1
968	1
2887	1
1516	1
1698	1
1587	1
1209	1
708	1
2085	1
556	1
4684	1
749	1
920	1
2282	1
1059	1
1934	1
4842	1
2017	1
2469	1
1987	1
420	1
1125	1
1550	1
1050	1
948	1
2597	1
951	1
470	1
3826	1
1403	1
1799	1
977	1
1376	1
1392	1
1048	1
1088	1
1530	1
1272	1
2627	1
1504	1
1756	1
1532	1
1277	1
2770	1
1206	1
1077	1
1136	1
1146	1
2102	1
1157	1
4536	1
892	1
1500	1
1490	1
966	1
3172	1
4515	1
1252	1
1176	1
1305	1
2197	1
2881	1
1477	1
858	1
1352	1
883	1
1057	1
3013	1
1066	1
1227	1
1841	1
843	1
3013	1
1170	1
983	1
935	1
1370	1
4148	1
5047	1
921	1
588	1
1141	1
1892	1
1024	1
2153	1
1571	1
3236	1
1275	1
2141	1
2826	1
602	1
1109	1
684	1
953	1
1855	1
4830	1
518	1
2096	1
2299	1
980	1
1576	1
1021	1
4243	1
3826	1
1299	1
766	1
878	1
991	1
1030	1
2278	1
1196	1
1620	1
2553	1
1834	1
1596	1
1256	1
1370	1
1345	1
653	1
5289	1
986	1
1224	1
1005	1
908	1
1048	1
3952	1
2076	1
1208	1
2671	1
1517	1
989	1
1191	1
1554	1
3240	1
1179	1
863	1
1506	1
1095	1
1882	1
714	1
1217	1
1461	1
1094	1
1249	1
1625	1
1394	1
1374	1
4766	1
2441	1
1143	1
1103	1
3819	1
3462	1
1845	1
1863	1
1224	1
911	1
1337	1
1401	1
5733	0
1976	1
3459	1
1089	1
1521	1
1368	1
1715	1
3466	1
1835	1
1613	1
1001	1
873	1
1768	1
960	1
1953	1
2420	1
3879	1
1313	1
1665	1
1738	1
1465	1
576	1
1747	1
2179	1
1194	1
1299	1
2721	1
1567	1
1215	1
1997	1
1344	1
997	1
678	1
1094	1
3419	1
1119	1
1296	1
3211	1
3458	1
4017	1
1411	1
900	1
1732	1
1020	1
577	1
1107	1
2789	1
1717	1
3498	1
1015	1
1589	1
1666	1
2030	1
2515	1
2347	1
1106	1
1682	1
1500	1
4051	1
1188	1
1430	1
4890	1
2805	1
799	1
1167	1
1125	1
761	1
4035	1
935	1
938	1
643	1
1259	1
721	1
1334	1
1443	1
2497	1
3302	1
2068	1
1142	1
1286	1
1250	1
1137	1
3282	1
2625	1
1391	1
750	1
890	1
1224	1
1235	1
1042	1
1218	1
1198	1
1832	1
3448	1
2627	1
6721	1
1235	1
962	1
900	1
3307	1
1292	1
1267	1
2155	1
4121	1
1101	1
1329	1
1318	1
1467	1
1472	1
1641	1
1114	1
3288	1
5007	1
760	1
2087	1
1085	1
1305	1
865	1
1292	1
5354	1
1080	1
4426	1
903	1
1073	1
2476	1
5575	1
845	1
500	1
1913	1
1390	1
3089	1
1664	1
773	1
2509	1
1251	1
1108	1
2261	1
2018	1
508	1
2450	1
229	1
790	1
1197	1
1514	1
1059	1
787	1
1001	1
3666	1
1455	1
3319	1
3999	1
1737	1
3473	1
1406	1
1101	1
2190	1
942	1
1071	1
668	1
1026	1
1410	1
841	1
1018	1
1248	1
1645	1
3308	1
4187	1
827	1
1163	1
1705	1
1493	1
740	1
2343	1
2029	1
967	1
1554	1
893	1
1619	1
1565	1
1898	1
1386	1
1026	1
2126	1
1690	1
4694	1
2317	1
1878	1
910	1
1140	1
1488	1
2740	1
1735	1
1157	1
1412	1
1009	1
1846	1
1308	1
1984	1
1585	1
1206	1
1587	1
1257	1
1870	1
1039	1
5224	1
932	1
1598	1
1180	1
4021	1
1445	1
1500	1
630	1
1847	1
1589	1
1200	1
1055	1
1667	1
1060	1
925	1
1280	1
3110	1
6827	1
1060	1
1988	1
833	1
1898	1
1704	1
1370	1
1155	1
1907	1
1994	1
1183	1
1036	1
3954	1
2100	1
944	1
1068	1
1589	1
2374	1
4626	1
1730	1
3236	1
2038	1
3897	1
1567	1
766	1
791	1
1372	1
1548	1
2631	1
1286	1
670	1
1163	1
1108	1
3869	1
1085	1
1328	1
2567	1
3048	1
1091	1
944	1
3777	1
2895	1
1690	1
1210	1
4916	1
1017	1
838	1
1746	1
4480	1
1551	1
2526	1
1405	1
3849	1
2010	1
1118	1
2127	1
1064	1
1223	1
1052	1
1018	1
1337	1
4197	1
1144	1
3014	1
1932	1
1201	1
1099	1
2137	1
1031	1
2055	1
1253	1
2088	1
2191	1
1238	1
1297	1
3002	1
3808	1
1370	1
1101	1
525	1
1494	1
2201	1
3516	1
1934	1
2471	1
844	1
1003	1
2077	1
1333	1
1893	1
1154	1
840	1
1481	1
926	1
1685	1
1012	1
3286	1
739	1
1759	1
1158	1
511	1
659	1
2288	1
1122	1
2227	1
1050	1
1176	1
3161	1
1040	1
2685	1
2967	1
1083	1
961	1
1648	1
1823	1
5577	1
3605	1
1300	1
1310	1
1456	1
2408	1
1147	1
1207	1
1786	1
2151	1
2671	1
1504	1
1266	1
4254	1
1771	1
1321	1
944	1
4612	1
2922	1
1885	1
1399	1
1937	1
4831	1
1732	1
2942	1
2569	1
1114	1
1286	1
2766	1
1182	1
784	1
1032	1
1502	1
1680	1
4611	1
2093	1
1094	1
1200	1
1217	1
2723	1
1136	1
1404	1
4718	1
1040	1
1675	1
1017	1
840	1
3040	1
3737	1
815	1
3834	1
3212	1
1487	1
1341	1
1292	1
970	1
1297	1
981	1
800	1
1261	1
3534	1
811	1
2875	1
2537	1
898	1
2034	1
876	1
941	1
803	1
1029	1
5124	1
897	1
1206	1
1066	1
1988	1
1522	1
1124	1
1064	1
1062	1
1158	1
1451	1
1413	1
2160	1
1736	1
1253	1
2303	1
1246	1
4756	1
1566	1
990	1
2123	1
2596	1
2086	1
835	1
1314	1
1369	1
968	1
1363	1
2433	1
1124	1
894	1
1383	1
1292	1
2041	1
1188	1
1327	1
725	1
1477	1
1136	1
1905	1
1597	1
1616	1
1698	1
769	1
2275	1
1067	1
2420	1
990	1
3138	1
1938	1
1962	1
1724	1
1314	1
2140	1
2603	1
924	1
1014	1
1510	1
1589	1
1472	1
2010	1
1987	1
666	1
1032	1
770	1
1021	1
1275	1
1585	1
1188	1
985	1
1225	1
1295	1
2508	1
1449	1
1504	1
1030	1
844	1
750	1
2004	1
2247	1
1126	1
1631	1
1401	1
1660	1
1650	1
1770	1
3285	1
1109	1
917	1
4313	1
1084	1
1977	1
1102	1
1413	1
718	1
2197	1
1322	1
2051	1
4028	1
6317	1
1305	1
1638	1
827	1
6051	1
1408	1
828	1
901	1
1600	1
1267	1
3158	1
3635	1
1563	1
2080	1
1131	1
1490	1
1121	1
1310	1
1337	1
2492	1
2862	1
1541	1
453	1
1339	1
1265	1
3281	1
1842	1
2378	1
2354	1
3557	1
1114	1
1153	1
869	1
2202	1
1391	1
3254	1
7528	1
915	1
1083	1
1041	1
1232	1
1317	1
1436	1
2703	1
1678	1
1043	1
1135	1
1290	1
1175	1
5105	1
1340	1
1996	1
2656	1
950	1
1472	1
638	1
782	1
1032	1
1237	1
1068	1
1494	1
6909	1
1622	1
1311	1
867	1
5559	1
1440	1
1604	1
790	1
1313	1
1096	1
1582	1
1561	1
1299	1
5205	1
1327	1
1042	1
1632	1
4946	1
1111	1
835	1
1080	1
1256	1
1586	1
1616	1
478	1
1172	1
3317	1
1757	1
1181	1
1416	1
943	1
1322	1
860	1
1979	1
2194	1
2051	1
859	1
1760	1
899	1
1093	1
1231	1
1250	1
816	1
1148	1
1108	1
1128	1
1914	1
4278	1
738	1
2408	1
966	1
1086	1
7162	1
1844	1
1106	1
1523	1
1327	1
1034	1
1771	1
1791	1
1270	1
1149	1
2136	1
1086	1
6897	1
1228	1
594	1
1623	1
1985	1
1838	1
1551	1
1601	1
3210	1
2278	1
1270	1
2334	1
894	1
1121	1
1058	1
1759	1
2920	1
1673	1
1125	1
1814	1
1381	1
1657	1
984	1
1559	1
1349	1
1593	1
8535	1
330	1
3505	1
2156	1
1038	1
1097	1
1398	1
633	1
1147	1
1168	1
983	1
2444	1
3561	1
3707	1
1399	1
5134	1
1186	1
3685	1
7	1
1399	1
4332	1
2678	1
3587	1
1077	1
1411	1
928	1
2443	1
2186	1
1652	1
1376	1
2169	1
1140	1
1021	1
2085	1
1377	1
5427	1
1437	1
1520	1
1348	1
1676	1
2957	1
940	1
1376	1
2243	1
1850	1
520	1
1034	1
4383	1
1502	1
1402	1
1591	1
938	1
646	1
4376	1
1357	1
1044	1
3976	1
1074	1
942	1
3933	1
731	1
1016	1
949	1
1483	1
1048	1
3017	1
914	1
2382	1
1548	1
1614	1
3100	1
1614	1
1340	1
2015	1
1430	1
512	1
1865	1
968	1
2203	1
922	1
2340	1
1759	1
1384	1
1248	1
784	1
831	1
1166	1
1102	1
1716	1
2232	1
1516	1
1051	1
957	1
1248	1
1393	1
1797	1
1296	1
1634	1
1526	1
4586	1
1841	1
986	1
4388	1
2466	1
1164	1
1441	1
1302	1
1319	1
907	1
7839	0
2648	1
1817	1
1694	1
1936	1
953	1
2836	1
1276	1
1787	1
3690	1
1726	1
3278	1
1267	1
1333	1
1216	1
1157	1
913	1
1357	1
805	1
1582	1
3206	1
424	1
730	1
2039	1
1036	1
3722	1
1439	1
955	1
2199	1
2887	1
1190	1
1780	1
2875	1
965	1
1561	1
1398	1
922	1
970	1
560	1
2746	1
2510	1
2783	1
1793	1
2195	1
1331	1
1494	1
3471	1
905	1
1026	1
2456	1
4193	1
1910	1
970	1
1616	1
3069	1
1279	1
3923	1
5006	1
1751	1
4612	1
2520	1
1308	1
1170	1
2757	1
1720	1
2449	1
1315	1
1155	1
1147	1
1300	1
1289	1
1976	1
1811	1
883	1
1227	1
4119	1
1087	1
1004	1
756	1
1130	1
965	1
3012	1
965	1
5017	1
4537	1
995	1
1552	1
839	1
1458	1
2514	1
1295	1
1020	1
1643	1
3213	1
814	1
1495	1
893	1
1130	1
1033	1
922	1
2005	1
1146	1
857	1
2299	1
1471	1
1530	1
2085	1
2854	1
4403	1
2897	1
1528	1
907	1
1103	1
1101	1
1913	1
1291	1
1578	1
1079	1
1300	1
932	1
3630	1
2615	1
999	1
2324	1
2961	1
1343	1
1365	1
1834	1
1401	1
1291	1
4423	1
2799	1
1202	1
702	1
927	1
943	1
2473	1
844	1
856	1
1615	1
734	1
1024	1
1299	1
1112	1
1069	1
814	1
2673	1
1414	1
1153	1
1299	1
2397	1
609	1
3385	1
660	1
1516	1
2541	1
2684	1
1235	1
1114	1
3735	1
2548	1
1702	1
4969	1
3125	1
1057	1
2031	1
1420	1
1736	1
2511	1
1183	1
1497	1
874	1
904	1
1198	1
1514	1
2911	1
1632	1
2303	1
2766	1
877	1
3816	1
1198	1
1199	1
1156	1
893	1
5263	1
2177	1
1273	1
4384	1
1563	1
1046	1
5007	0
918	1
1107	1
1244	1
3154	1
1529	1
826	1
1176	1
1144	1
1106	1
780	1
2475	1
971	1
1551	1
915	1
1603	1
1312	1
1732	1
1514	1
836	1
1625	1
746	1
1802	1
1674	1
3705	1
5363	1
888	1
689	1
1731	1
2850	1
1397	1
1054	1
924	1
595	1
4113	1
1679	1
1367	1
2944	1
1031	1
4984	1
953	1
2053	1
2054	1
1030	1
1736	1
781	1
1189	1
1149	1
674	1
723	1
1770	1
4801	1
1715	1
4310	1
837	1
2968	1
1263	1
1962	1
1693	1
1939	1
5538	1
1952	1
1870	1
1933	1
1354	1
4257	1
891	1
909	1
772	1
1372	1
2717	1
2156	1
2580	1
4296	1
1134	1
614	1
1222	1
2197	1
2600	1
1187	1
1072	1
1505	1
1698	1
1490	1
2224	1
1318	1
1226	1
1044	1
3392	1
1244	1
1585	1
2416	1
1459	1
1277	1
726	1
1132	1
849	1
1284	1
2569	1
865	1
1344	1
1162	1
989	1
2786	1
1196	1
888	1
2317	1
1303	1
1077	1
3902	1
2835	1
1909	1
1360	1
1171	1
1048	1
2261	1
1351	1
1017	1
1028	1
1525	1
1758	1
1816	1
1085	1
1439	1
4152	1
1064	1
761	1
2054	1
1364	1
1250	1
1461	1
1958	1
1176	1
899	1
2574	1
3149	1
1855	1
1240	1
1387	1
2783	1
1301	1
1265	1
1253	1
1803	1
1768	1
2267	1
753	1
1078	1
1182	1
2295	1
934	1
1785	1
1846	1
1136	1
1470	1
1098	1
977	1
2599	1
1338	1
2639	1
1008	1
4763	1
1837	1
1728	1
1146	1
874	1
3535	1
1362	1
1166	1
1645	1
3491	1
1087	1
1326	1
1703	1
1211	1
2115	1
546	1
1626	1
1625	1
1323	1
674	1
1364	1
3250	1
3446	1
1838	1
4556	1
3439	1
1123	1
1156	1
1100	1
1145	1
2961	1
2812	1
1245	1
890	1
814	1
2009	1
2295	1
3473	1
2438	1
4835	1
1505	1
744	1
640	1
1318	1
1075	1
1030	1
881	1
1241	1
1895	1
2563	1
2080	1
777	1
840	1
1776	1
1589	1
1566	1
939	1
877	1
4437	1
1158	1
1238	1
2437	1
1405	1
1166	1
5406	1
693	1
1488	1
1788	1
1690	1
1459	1
1661	1
1148	1
337	1
1390	1
1200	1
804	1
1571	1
5244	1
1465	1
1399	1
6915	1
1002	1
2691	1
1773	1
952	1
858	1
1685	1
744	1
2872	1
1259	1
688	1
1375	1
1331	1
776	1
640	1
7914	1
1639	1
1210	1
1189	1
1353	1
1457	1
1382	1
1289	1
1538	1
2055	1
2799	1
1022	1
1648	1
1331	1
936	1
1518	1
1002	1
2103	1
973	1
1043	1
3487	1
1901	1
1588	1
2503	1
1169	1
871	1
1461	1
1407	1
1037	1
1244	1
968	1
1221	1
1208	1
5969	1
1364	1
821	1
941	1
2051	1
978	1
4469	1
2215	1
1256	1
1420	1
1195	1
1299	1
1118	1
744	1
2272	1
1340	1
958	1
3217	1
805	1
1438	1
1840	1
1254	1
1369	1
1887	1
1561	1
1007	1
934	1
959	1
968	1
4308	1
593	1
2217	1
1230	1
913	1
1102	1
945	1
3252	1
951	1
1034	1
1398	1
1009	1
