3625	1836
3560	4626
4379	2223
2700	3443
4286	1933
3486	1785
7544	3372
3389	5162
5575	4336
6737	2967
2498	4592
6505	4834
3522	2123
5190	3923
4659	3583
4288	3347
5493	2735
3390	4611
2815	2425
1755	2324
1772	3677
3417	3307
5146	4215
3183	2899
4676	3445
5644	5607
4072	2566
5580	3120
2342	2650
6062	2327
2351	4164
4706	3637
2680	3351
2929	3502
1850	5410
7647	4650
6250	3666
4885	3774
5595	2179
2151	4062
4757	3158
5929	2079
3278	3155
3653	3307
2302	1407
1582	3872
3010	4084
1746	3417
1821	5673
5097	4247
2834	3044
4836	3155
2501	4644
1855	1807
3041	3449
2106	3996
3248	5134
1460	3772
1666	3195
9999	4331
3742	4318
4773	3767
2311	4377
4170	7072
1948	4294
1126	2826
2567	2776
4311	3235
2530	3900
2568	4344
5503	992
2587	4593
1484	3778
5660	2900
3311	5864
3539	1957
5663	3583
4615	4468
3761	4044
4505	1962
3073	4602
1948	2403
2838	4188
4700	2113
3738	4433
3416	3221
5386	3281
5739	1820
4841	3821
3145	4628
2384	3485
3964	3357
4902	2548
5233	3198
5965	2817
2259	4523
4091	2286
6930	3125
3799	3008
4211	4529
3408	5229
4595	2954
4965	3669
5711	3357
5078	3576
3446	3000
4381	5795
5859	4487
5014	2327
4247	4210
3646	4342
6367	2734
4580	2570
3009	2412
1234	5391
3679	3845
3058	4078
2235	6929
3501	3556
3577	6204
3862	2077
4507	2191
1162	3356
4267	4251
1538	4334
3687	5402
5620	4182
4870	3728
3581	4223
6629	2800
988	4929
5011	5540
3838	3178
2745	4274
5902	4348
3706	7429
2434	2170
5533	4209
2078	4341
2960	2260
2084	4416
3069	4114
1167	4181
1402	450
2004	3817
4252	2759
4777	3053
4967	2537
2501	6907
3606	2284
3273	3830
4094	1804
4479	1895
4269	3590
5088	3398
3168	2160
2537	4363
470	4855
5005	1799
2521	4152
2206	2987
3073	1487
4171	5405
3448	4048
0	3870
3396	4879
5979	3579
4949	3623
2653	2475
3878	3642
3465	6956
3651	3728
3090	1653
2169	4828
4387	3053
2373	2980
833	4362
4886	3190
5863	3927
3816	3969
4036	3252
6322	3423
4308	3338
3493	3819
3544	3278
3353	5224
4025	6908
3087	3343
2195	3997
4072	4894
2072	4585
1386	4196
3093	1517
3483	3971
3617	2658
3833	4510
4017	2432
3740	2705
4237	3576
3082	2321
1232	5459
2975	5434
4389	4762
5147	3766
1637	5563
3593	2658
3031	0
4360	3933
2803	5115
1283	4414
4530	212
3229	4544
3535	3714
2778	1657
2681	6520
2626	3705
3151	3782
2546	4472
5491	1366
2167	3909
4670	5034
5040	5813
4198	2765
5730	5846
3420	3416
8829	3570
2887	4226
3316	2233
3429	4237
7494	6416
4769	5394
5828	4385
2360	4183
4588	1990
2427	4007
4986	4003
4977	3967
2318	3733
2636	4670
5051	4188
3845	2911
2371	3683
1497	3732
4009	2881
3400	5617
2489	4534
6999	2613
4159	2827
4368	2659
4698	5849
4198	4166
5163	3256
3909	3498
1799	6429
4624	4262
2986	4224
4444	3452
3082	3300
3818	4851
2008	4450
4657	2176
2731	3543
3472	4644
5789	6934
4007	2754
3416	6072
4452	3266
5411	2748
5140	4638
3086	3372
3060	4698
5503	2525
3677	3808
2761	2636
6765	3743
2336	1429
526	5504
3938	2989
4533	1609
1604	5951
4263	3866
3358	4882
4442	3935
5205	5133
2350	5398
5062	4154
4027	2530
2531	4537
3842	3497
5457	5325
7771	5935
2109	3650
3784	3219
2423	4142
6797	3746
3793	3134
5013	3268
4418	1934
2466	3166
4086	1861
4676	4544
4647	3397
7045	4109
3409	3372
5097	5007
3179	2704
6804	3847
2171	5054
4645	2894
2970	2504
2842	2745
6987	3555
3486	3053
3715	3424
3925	4108
2415	3897
815	4952
5225	4907
3582	2599
4065	2993
3879	3137
6033	7062
4288	3912
2418	4155
2485	3893
5561	4621
5188	4482
4451	5005
2710	2281
1712	3329
4623	1760
2301	2115
4324	4250
4555	3933
3934	5787
2434	2852
3979	2699
4660	4288
4676	3082
2412	4298
4031	1404
3818	4340
4326	4667
5795	2263
2322	2305
2526	2799
3071	4007
4494	2293
3664	4112
4848	5461
3345	5048
3897	3096
3634	2898
5201	3591
4042	3908
4508	2047
5205	2080
2479	4822
2244	4622
5667	2690
5324	2571
3631	2939
4208	4137
4702	3407
2327	4470
3360	3788
410	4228
4892	3563
3109	4009
3705	3572
1554	5711
4326	3461
6099	3422
4316	5185
3527	1294
478	5451
2773	3001
1867	3886
1905	2890
4915	2897
1932	5462
3734	4013
1985	6132
3559	1796
3225	3260
5155	1515
3706	4368
2444	2223
3212	3302
4852	3146
2015	4328
3397	4105
332	3379
5611	4139
4262	2264
3874	2008
3579	3562
3177	6377
4482	3118
5280	5446
591	4781
3448	2354
3345	5692
5298	2779
5395	3021
3109	1240
3240	4039
5656	2929
3261	3366
3543	3604
5485	3933
3321	2840
5489	4276
2499	5140
4208	4401
4769	4122
2429	1368
3219	1718
3193	2947
4011	4375
4210	2819
7259	3472
5339	831
1209	3527
3015	2305
4244	3588
5894	1321
4525	1583
4646	4319
2665	4521
4710	5124
2492	2669
3733	4008
4691	3873
7122	2093
9056	3578
1816	3987
4753	2950
3887	2644
3327	3627
4464	3164
5415	2374
3366	3880
4554	3892
6146	4951
3191	4585
4019	2367
438	4474
5372	2996
3712	5120
4281	4250
4876	3311
2482	3642
2358	3195
2075	4588
4732	4874
6363	2706
3614	6508
4081	3287
3016	1385
2286	2541
3496	2909
3989	3082
5703	3326
4414	3375
2324	4461
4706	3614
5349	2703
2335	5398
5305	1310
4771	2986
1980	2784
4476	2449
5486	3588
4691	4106
4955	2266
2793	4910
3766	2213
4106	4362
1966	3742
6908	3596
5110	1910
4393	4508
4771	1535
2110	4464
7126	4360
3507	4695
2272	3415
3398	5334
4523	3653
4498	6154
4080	3666
4481	4141
4888	5701
4059	2425
7224	3745
1899	3483
2745	4012
3571	4298
3997	3901
3258	1678
5096	4446
4275	3579
7941	4158
5294	3162
7281	1774
2380	4339
809	2498
3005	3806
2882	4509
4997	4636
2573	4521
3649	4001
3780	3808
1975	3786
2510	3740
4837	861
7309	3168
2465	5125
5598	3626
6482	2225
6512	2670
4663	3633
1332	2342
1963	3926
4105	3188
6464	2269
5149	4010
3298	3893
3539	3873
6624	3296
4374	3615
1669	1651
3861	5638
5130	3248
2737	4561
3170	4089
3553	3788
4681	4648
5611	3632
4119	2098
2458	3988
3287	3266
1677	4656
4034	4092
4359	4611
4586	3537
3594	2844
6325	1617
4524	2277
4344	3912
5351	5154
2856	4352
1245	4425
3227	3219
4084	2911
2154	1836
1404	4856
6471	3109
2245	2624
1743	3191
5137	2775
4869	5637
4584	3466
2804	3214
4065	2183
4567	5263
4586	2853
3349	2716
3537	4695
690	4248
3914	4307
3784	3089
5527	2653
4191	3281
3954	5694
5273	1833
3187	4138
5763	3073
4002	4477
2938	2474
4185	3403
3180	2182
5430	2447
4664	3318
2824	3795
3290	4322
5402	3620
3369	3270
5563	3288
3145	3185
4768	4578
7634	4560
274	7072
2716	4335
4263	4770
4714	5345
2706	3417
6100	3465
4097	2301
4820	5626
3989	3390
3798	4413
2098	3340
4248	3216
5129	4013
4024	3779
3817	2833
1745	2046
4131	3593
6881	3696
3673	4288
4721	2532
4578	1607
5494	3532
3710	4428
3239	4636
4591	4545
6783	3138
6410	2588
3256	2592
3597	3062
2601	4713
8151	3126
5756	4075
3619	2492
3756	3808
3386	4645
3503	2756
4715	3554
3979	3123
3501	9999
4734	3996
4934	6604
5831	4607
3945	4335
4870	1977
2566	6198
4490	4874
1232	3219
3523	3098
1930	5543
3732	2732
4586	5647
2407	3887
5218	2068
4723	4230
3781	3403
4367	1146
3204	4822
3764	5388
5364	3691
4566	2447
2290	2136
4679	3918
3844	3542
3933	2023
4375	5637
6523	4590
5263	3858
1780	6010
2530	4153
3028	4831
2883	3390
2379	3431
3740	3523
5392	1609
3614	1367
4854	3697
5316	5021
3757	3495
3277	5020
4558	2223
4579	1889
3019	4820
1702	4822
3498	2366
2148	4821
3667	3103
5048	2550
4378	4281
5242	2603
4705	4490
5118	2675
3395	3189
2031	4328
5256	3707
4581	2841
4408	3598
6500	2816
4239	7131
2794	4480
4567	1331
2811	4517
3663	3920
2466	3689
4329	4884
4739	1126
5008	5023
3384	3851
3259	4379
4896	3915
3347	4220
1483	3773
5841	3700
2335	2435
5721	2771
2128	3596
3488	4124
4612	3762
6767	4572
6058	3102
647	3635
2731	3551
6161	2955
3144	3744
3689	4535
4703	2794
4298	4312
3099	7521
4802	2641
5313	2832
1878	4533
3491	4375
4691	3302
3609	5338
2110	4821
652	4362
5215	3197
4421	5349
2685	1859
2286	3991
3030	4889
1416	3411
1100	6286
5971	2055
3016	2489
3507	3856
3379	2984
3351	5252
3284	4462
4319	5007
4573	2341
4036	3583
3647	4641
6040	2223
3417	3677
3038	2839
3912	2263
5088	4800
4844	3583
4343	4427
4775	2680
4513	4791
1495	3300
3302	3271
2352	4318
2991	4001
4694	2151
2611	5130
1163	5675
4369	3792
3485	5011
2505	3160
5107	4384
4742	2693
3960	5752
3642	4413
3839	2406
4073	3535
5247	3033
3036	3847
2517	5247
3846	2886
1941	7644
4181	4033
2083	1022
3833	3219
708	5226
3556	4249
3399	4257
1644	3632
2237	3774
3642	2811
2793	4028
2220	2744
6162	3636
2154	5675
5036	1637
5410	2055
5958	3096
3358	1894
2613	2688
3878	4319
1293	6017
3015	4636
4727	1883
1808	4966
3779	4693
5295	2926
4806	3883
4716	4772
5704	2031
4955	3791
6001	4247
2746	1705
4227	2161
3828	5954
4301	2572
4154	4965
5549	4748
3688	4125
6138	2194
3014	5432
4215	4238
4762	3573
5022	2751
3743	3334
5202	3811
2356	3064
5274	4849
2996	2022
3556	2793
2290	3601
3066	5226
1229	5048
6346	3099
9564	2275
5136	5164
1913	4645
5206	3472
3014	3271
3387	3007
5580	4352
4799	3291
4051	5623
3116	3163
4317	4228
4857	5066
3411	4672
3493	2865
4310	5206
3940	3032
2583	4173
6643	1276
4301	3839
5549	4216
3316	3379
4163	4091
6912	4478
2500	5694
6225	2433
1660	4626
2756	3781
5413	4410
4132	4214
1916	4079
2385	4877
3421	2115
4054	3797
4649	6579
3731	4678
5376	3962
1321	5004
4350	2368
4188	4443
5995	1613
4779	3887
3350	2664
3055	3263
4402	3725
4684	2567
2669	3836
252	825
5843	3827
2619	3889
2339	3231
4256	3323
1735	3994
4580	4512
7224	2748
6665	4085
6409	4105
3903	3355
3935	3618
3867	2533
7930	4887
2254	4638
3122	7205
2532	4002
3339	1649
5433	3410
1631	3281
770	2705
2158	6227
4799	3475
4467	6012
2967	2796
3707	2118
6959	4058
2568	4833
3824	5306
4068	4602
1883	4420
2230	2520
4260	2638
3836	1268
5272	4592
2792	4154
