1	4452
1	3135
1	7474
1	3442
14	4798
1	4662
1	5015
1	3771
1	5233
1	5440
1	4462
1	2396
1	1434
1	4980
1	5234
1	3456
1	626
1	3082
1	952
1	4531
1	3649
1	0
1	4064
1	3779
1	4818
1	4983
1	5311
1	3182
1	3982
73	4470
1	1268
1	721
1	1634
1	4369
1	3082
1	392
1	2884
1	4742
1	4330
1	2544
1	4470
1	7321
1	4105
1	5500
1	2457
1	3763
1	3869
210	4001
254	2340
1	1854
1	2018
1	4817
72	1124
1	2263
2	4022
1	1617
256	5963
140	3978
15	3343
1	0
1	6403
1	360
101	2529
254	4754
1	5189
1	77
1	5375
210	4225
1	4081
1	2271
1	2976
1	0
254	1063
1	4272
1	4601
1	3944
1	4515
16	0
1	4391
1	576
1	3371
1	2556
1	6281
20	3083
1	847
247	88
1	4253
1	787
1	1131
1	3810
1	5038
161	3293
1	5333
1	5792
1	8369
1	5918
1	3711
207	3775
254	3393
254	5702
1	5523
1	5028
1	4639
1	4039
1	4671
1	3814
1	2358
137	335
1	2501
1	4062
1	2873
40	4578
1	249
1	4728
1	4495
1	4566
1	918
1	928
1	5468
1	488
1	4800
1	2272
1	721
1	2850
199	2270
214	5361
1	2557
1	4538
1	0
1	3026
1	4230
1	1218
18	4287
1	4530
1	4103
1	4183
1	5526
1	3790
1	1407
194	3853
1	4574
1	4697
1	4316
1	6260
38	6885
1	4580
1	3639
1	4761
1	5132
1	1703
1	5033
1	5448
1	5570
1	5812
1	5809
1	2218
1	4506
1	2454
1	3010
1	3180
32	2222
1	2100
1	2902
1	5198
200	3703
1	3644
1	3782
1	3848
1	3007
1	4602
1	1827
1	4577
1	4547
1	3496
1	4121
1	4963
1	5867
1	339
1	4348
1	4393
1	4382
1	6423
1	4553
1	2056
1	7028
1	2273
254	4001
53	3531
1	2190
174	931
1	4323
1	4857
1	1606
1	2783
1	1276
1	2265
1	5431
1	8025
1	3191
1	2708
155	5791
1	4467
1	5820
1	5729
1	5278
253	4521
1	5228
1	1141
1	5302
1	6576
1	2393
1	2702
1	2879
1	3752
1	5249
1	4716
1	520
1	776
1	3692
1	5171
1	5390
1	1808
1	3881
1	8831
1	5833
1	622
1	2497
1	2654
1	6190
1	4023
234	4280
1	1179
1	2790
1	6412
1	4927
1	3172
1	3137
1	4470
1	4905
1	0
1	4578
20	4476
1	4432
1	2571
1	4159
1	1563
1	1309
1	5283
1	4259
1	1686
1	7578
1	5179
1	2643
1	4694
1	2859
1	3285
1	4779
1	4079
1	4549
139	4697
1	3511
1	4434
1	3914
1	603
1	5736
1	4370
1	1944
1	4524
1	3084
1	4275
1	75
1	6609
1	3407
1	7492
1	4758
1	2404
1	4189
1	6253
1	3618
1	3756
1	4608
1	2954
1	3991
209	5402
1	1579
1	1668
252	5400
1	863
1	4074
72	4869
1	3245
1	1983
1	4160
1	1871
1	3895
1	3804
1	1431
1	1875
1	4748
255	4253
1	0
1	3436
1	2934
1	4927
1	4689
1	4809
1	4117
1	5785
1	4796
1	2477
1	4150
1	3102
7	4627
1	4585
1	1189
1	4396
1	1263
1	5364
1	6880
1	4005
1	6504
1	2099
1	5446
1	4405
1	4213
1	3482
1	3641
1	6854
1	5181
1	4928
1	957
1	3159
254	4326
134	3737
1	5355
1	2949
1	4322
1	2952
1	4878
1	3471
1	3568
1	6846
1	3617
1	7305
1	4512
1	8656
75	3919
1	4285
1	5772
1	4374
1	5076
1	4239
1	4286
1	3845
1	4813
1	6021
1	3579
1	4542
1	6082
1	2532
1	4541
1	4485
1	3758
1	4650
1	168
1	4592
1	4395
1	205
1	5198
1	5884
1	4522
1	3024
159	3811
1	4076
1	8471
1	2412
1	3968
1	5012
1	3907
1	6269
1	4166
1	2965
1	5463
1	4958
1	5393
1	2372
1	1030
1	3137
235	3405
1	1356
1	4311
1	4206
1	1199
1	4617
1	6550
1	9346
1	3344
1	2689
1	2722
1	6216
1	5427
1	193
1	1177
1	2706
1	2663
1	4163
1	4630
236	5057
1	4366
1	2994
1	3971
1	5314
1	5329
1	4401
1	4210
1	7622
1	6410
1	5447
1	3457
1	5072
2	4894
1	6454
1	5875
1	1337
1	4885
1	5116
1	6187
1	625
1	2838
1	440
1	4763
1	6635
1	4747
1	1632
1	2931
1	3875
1	4810
1	3189
1	3210
1	4699
1	435
1	5004
1	6708
1	5403
1	5099
1	5929
1	3942
1	537
1	0
1	5018
1	3610
1	5573
255	2723
1	2810
1	2388
1	6704
1	4616
1	6614
1	3929
1	2184
1	5860
1	4492
1	6923
1	6473
1	8825
1	9999
1	3987
1	4934
1	7372
1	4770
1	5430
1	2822
1	6546
1	2903
1	2509
26	3254
131	4909
1	2013
21	4152
1	4793
1	6327
1	3632
1	0
1	101
1	3422
1	5098
1	3983
1	4160
1	920
1	2172
242	5840
4	5440
1	1843
1	5501
1	2740
1	4320
1	5464
1	3195
1	345
1	5616
1	5244
1	450
1	3402
1	4913
1	3869
1	5737
1	4522
1	3647
1	7168
1	4330
1	4411
1	4154
1	5013
1	4097
1	400
1	4645
1	4103
1	3959
1	5161
1	2693
55	4631
1	6541
1	4826
1	1940
1	1658
1	3530
1	2971
1	2134
1	4711
1	4332
1	4915
1	7614
1	4303
1	9090
1	4764
1	2867
1	3294
1	6038
1	4552
1	5163
1	409
1	5177
1	140
1	3802
1	5820
1	5019
1	3658
1	3117
1	5566
1	6266
1	5718
1	6921
1	3931
1	3880
1	4427
1	5294
1	0
178	4647
1	5618
1	301
1	2794
1	6147
254	4643
1	2553
1	4088
1	5770
1	5178
1	0
100	2400
1	4753
1	2723
181	3607
1	6806
1	5287
1	3225
1	4774
1	4445
1	6932
1	1113
1	271
1	1924
1	4715
1	5285
1	2238
1	4899
1	2096
1	5137
255	4752
216	4138
1	6584
1	3600
1	1989
1	3128
220	3568
1	5858
99	1810
1	4359
1	5427
1	4141
1	5139
1	3923
1	4212
1	1675
1	0
1	4550
66	3799
186	4459
1	4594
1	4344
1	4424
17	277
1	722
1	0
1	4293
1	3621
1	4721
1	3483
1	4916
1	3097
1	2589
1	3970
1	401
1	5091
1	3534
1	2393
1	1876
1	3245
1	3832
1	5055
1	434
1	4603
1	5915
1	3573
1	1262
1	3808
1	3626
1	3954
174	2665
86	5413
1	4888
1	3029
1	4212
1	6902
1	2745
1	3121
1	0
1	1561
1	7849
1	3843
1	2126
1	2503
1	6136
158	7071
1	5624
1	5621
1	3541
1	497
1	2409
1	4054
1	3008
21	778
1	2888
254	977
1	4288
1	4398
1	5865
1	886
1	1147
1	4647
1	1122
1	5370
1	4949
1	48
1	3584
1	4840
1	2973
1	4924
1	4625
1	4785
1	1099
1	4024
1	124
1	4118
1	3592
1	2767
1	4979
1	4228
1	2823
1	2595
1	3598
1	2211
1	4489
1	4986
1	2950
1	4568
1	2635
1	6250
1	3280
48	3825
256	6249
1	1447
1	4586
255	302
1	4835
1	4582
1	5258
1	6910
1	3002
1	1807
1	5499
1	905
1	4239
1	4556
146	5606
1	3988
1	4464
1	4158
1	5230
1	5515
1	3949
164	4321
1	5672
1	4404
1	3985
162	3810
1	5207
1	5263
1	6171
1	5066
1	4654
1	0
1	5411
1	3490
1	5200
1	4112
1	4425
1	3212
1	0
1	216
1	2243
1	4469
1	2591
1	6250
1	3592
1	5273
1	5375
1	3999
1	4650
1	3279
1	4907
1	5733
1	0
1	1587
1	3235
1	2765
1	5263
1	4884
1	4402
57	3329
1	4783
1	4635
1	4368
1	2490
1	4966
1	4266
1	5634
1	318
1	5545
1	2348
1	4490
251	6278
1	3715
1	5401
1	2995
1	108
1	4489
1	5795
1	5916
1	4519
1	4624
1	4415
1	1880
1	5586
1	5146
1	4569
1	5134
1	3381
235	5176
1	3797
1	5282
1	4384
1	4097
1	5490
1	5313
1	4768
1	3739
1	1342
1	3488
1	5799
1	4442
21	5673
1	3014
1	6322
1	3349
1	2859
184	4323
1	4102
1	2116
1	3732
1	4474
1	4412
1	3723
1	4936
1	5638
1	4685
1	4774
1	921
1	6635
1	4128
1	4040
1	7308
1	2871
1	5601
1	2792
1	5282
1	3852
1	3002
1	2033
1	5788
1	3806
1	3952
61	5171
1	4327
1	6041
1	4288
1	3268
1	0
108	606
1	3298
1	6037
1	2860
1	5204
1	2745
1	5289
1	5127
1	4468
1	5756
1	3622
1	6526
1	4984
1	3817
223	4133
1	3590
1	2335
1	7126
1	3885
1	2630
1	5054
151	2429
1	4543
1	3818
1	1791
1	4459
1	4857
1	2521
1	1388
1	4106
1	3952
1	6438
1	5191
1	86
1	4813
1	5561
1	5403
1	3851
1	7740
1	6573
1	4929
1	2844
1	4108
1	3735
1	4417
1	3571
1	4987
1	4548
1	2737
1	4154
1	3131
1	828
1	5190
1	3828
1	1340
253	4603
58	6930
1	6405
1	5190
1	4526
1	2148
1	5287
1	2544
253	7052
1	5696
1	6704
1	4862
1	4077
1	2747
1	505
1	3022
1	1701
1	6125
99	1800
1	4310
1	5312
1	1264
1	4030
1	2896
1	4355
138	4620
1	5608
1	3529
1	3683
1	4940
1	5182
1	4775
1	4563
1	4852
1	4555
1	2115
1	3840
1	4176
1	1797
1	5271
1	2749
1	6023
1	0
1	0
1	1803
1	4549
1	5878
1	3155
1	4245
1	846
1	989
1	4547
254	4682
1	3233
215	3735
1	1580
1	7473
1	5362
1	3982
146	2284
1	1172
1	1836
1	5259
1	178
36	2499
1	3865
1	2960
1	96
1	4912
1	1924
1	4905
1	5163
1	2019
1	5702
1	2153
1	4942
1	4027
1	1838
1	4307
1	1536
1	4715
1	2987
1	0
1	3824
1	3449
1	4466
1	3373
1	4433
1	5951
1	4426
1	4937
1	5736
1	4270
236	3230
1	3894
1	6707
1	2821
18	5181
1	4487
1	4153
1	4818
1	3866
1	6119
1	5385
1	2931
247	2800
1	3046
1	2035
1	2588
1	4065
1	729
1	4672
1	4879
1	3350
1	6496
1	2216
1	3405
1	5499
1	54
1	3985
1	4599
1	3943
1	2965
1	262
1	4246
118	5798
255	990
1	2740
1	4942
1	2776
1	5350
1	3746
1	1082
1	1136
1	5160
1	4209
1	3343
1	3975
173	4345
1	204
1	1910
1	5060
1	6074
1	2093
1	4869
1	2384
1	4704
1	301
1	3880
1	2620
1	3043
1	4215
1	3068
1	3769
1	2623
1	5097
1	3090
1	3152
1	2914
1	4711
1	5840
1	5557
1	7917
1	819
33	3680
1	1176
1	2272
218	4797
1	2489
1	3997
1	4634
1	86
1	4366
1	5546
1	3587
1	1687
187	0
1	4846
1	1220
1	614
1	5255
1	6609
129	3457
1	4437
1	6863
1	4612
218	4249
1	1685
1	3532
1	888
1	4676
1	4734
1	4985
1	832
1	5336
1	144
1	340
1	1595
254	4791
1	4608
1	5999
1	5414
1	4173
1	4629
1	6124
1	4509
1	5005
1	4550
1	5902
256	4778
1	4781
1	4374
1	3773
1	5806
1	2328
1	417
1	3202
1	3736
1	4886
1	4607
254	3048
1	73
184	7091
1	3173
1	3095
1	5035
1	2811
1	5761
1	4844
1	2416
1	2777
1	4462
1	4785
254	4207
1	3728
1	4156
1	1440
1	4192
1	1657
1	4495
1	6179
1	5640
1	4535
1	0
1	4226
76	1527
1	5507
1	358
1	3235
1	2298
1	7465
1	6211
1	2800
246	1419
170	2886
1	7607
195	2162
1	6069
1	5389
1	4141
1	4802
1	3395
1	4186
1	5920
1	2463
1	1527
1	1110
1	7515
1	3070
1	0
254	6312
1	4294
1	5138
1	7572
1	4012
1	1418
7	4563
1	4277
1	3991
1	3657
255	5047
1	4085
1	1767
1	4656
1	1871
1	1017
17	5023
1	7147
254	2921
1	7510
1	518
256	5243
1	4782
1	2488
1	4505
1	3909
1	4209
254	5948
1	4854
1	352
1	3207
1	1303
1	3806
1	4694
163	5257
1	1421
1	4510
1	1015
204	3480
1	772
1	3732
1	3272
132	4058
1	4372
1	3985
1	4335
1	4728
1	4603
1	3863
1	6364
1	5162
1	3571
161	3966
1	1040
1	4940
1	4572
1	5369
1	7217
1	4993
1	6366
1	1365
1	546
1	190
1	3285
1	6001
1	0
1	2822
1	1313
1	5021
1	3330
1	2249
1	4314
1	5396
1	741
1	4907
1	5154
1	4467
1	5394
1	2744
1	4730
1	2617
1	3792
1	5408
1	4069
1	6116
1	2490
1	3739
1	3271
1	1646
1	5208
96	3749
117	3709
1	0
1	2766
1	5115
1	4547
1	2089
1	4509
1	0
1	4665
1	5065
1	5618
1	3339
1	3167
1	3265
1	4269
1	904
1	5009
1	4422
1	3584
1	3900
1	5250
1	4740
1	6001
1	4386
1	3713
1	5721
53	2978
29	3842
1	1679
1	4530
1	5881
1	3291
1	5828
1	4425
1	4860
1	6246
1	3865
1	4300
1	2125
1	304
1	4012
1	4883
1	2335
1	4803
1	3990
1	1263
254	3590
1	2584
1	5022
1	0
37	4278
1	5659
1	0
1	5685
1	3619
39	4020
1	4533
1	5168
1	3978
1	3461
1	4242
1	1265
1	4725
138	5380
1	5651
254	3988
1	2925
1	134
1	4242
1	5761
1	4948
1	3587
1	4673
1	5218
72	0
154	6194
1	651
1	3375
1	4400
1	0
1	3546
1	4053
1	129
1	662
1	1396
1	3934
1	3168
171	4218
1	641
1	5425
1	2386
254	2562
1	331
1	4425
1	4925
1	690
1	254
1	2538
1	2716
1	5210
1	3264
1	5415
1	4841
1	4177
1	8208
11	4023
47	2746
1	4914
1	6050
1	7301
1	4393
1	1106
1	5875
1	0
1	4731
1	4298
1	5029
1	2837
1	5564
1	3012
196	3503
1	4932
1	1845
254	5783
1	3449
1	2764
1	4599
18	6028
1	4346
1	5454
1	5752
1	2024
1	5228
1	5708
1	2993
1	6042
1	4967
1	655
1	3648
1	3741
1	4206
1	4174
1	0
1	1195
1	3434
1	4621
1	6605
1	4724
1	580
1	4372
54	979
1	3761
1	5344
1	883
1	2264
1	2753
253	5981
1	5597
1	4225
1	2653
1	1085
252	3667
1	4951
40	3607
1	1518
1	1276
255	6373
1	1764
129	3906
1	0
1	6323
1	7876
1	4228
1	4302
1	5712
1	5122
1	3772
1	5054
1	3100
1	1809
1	2317
1	4122
1	4662
1	5314
1	2764
1	1776
1	5261
1	73
1	5807
1	5316
135	5205
1	4115
1	4612
1	5770
1	3711
1	440
1	6258
1	6304
1	4708
1	3426
247	4619
1	6911
1	0
1	4310
1	0
1	916
1	2953
1	4232
1	514
1	1463
52	5390
1	4057
1	4681
8	5502
1	5465
1	1200
1	4383
1	202
1	5547
1	3795
1	3005
132	3471
1	3750
1	6016
1	3500
1	351
1	4419
1	4737
1	138
1	7409
241	4818
1	4683
113	4514
1	4797
20	3952
1	2451
8	2735
1	5225
1	2644
1	5126
1	4879
1	940
1	396
171	5129
1	6025
1	5075
1	3965
1	5646
1	2415
1	4650
1	5792
1	4539
1	5972
1	6041
1	5712
1	2424
1	4350
1	1535
1	5922
1	3847
1	1716
1	3786
1	3729
1	4626
1	3320
1	3027
1	4669
174	4573
1	1566
1	5085
1	1350
197	4303
253	3953
1	6472
1	4756
1	4436
1	4338
1	4319
1	4501
1	936
1	590
1	5368
160	3551
1	3097
1	4688
20	3034
1	1490
1	1952
1	3202
1	2315
1	7159
1	0
1	0
1	943
1	5503
1	0
1	4700
1	3983
1	2999
1	4151
1	2342
1	4980
1	6109
1	1134
1	5561
1	0
1	6263
1	269
1	2826
1	4199
1	5052
1	6173
1	5226
54	4804
1	4765
1	2880
1	3143
1	2511
1	0
1	5497
1	3822
1	870
1	578
1	5233
1	3419
1	595
1	4230
224	5054
1	5414
1	1067
253	1130
1	4620
1	4729
45	2355
1	2033
1	4368
1	4213
1	4774
26	4947
1	4158
1	2258
1	3777
1	2089
1	5754
1	5217
192	4271
242	5718
1	5154
1	7409
1	5467
46	4822
1	496
48	5702
1	3780
1	3885
1	4443
1	6183
1	4420
1	3302
1	992
1	2092
1	0
1	5630
1	6183
1	4226
1	5082
1	7526
1	4537
1	4640
1	647
1	1647
1	2185
1	5638
1	4845
1	8223
1	3449
1	3957
1	4675
1	4653
1	914
1	4094
1	5660
1	3786
1	4110
252	3436
1	4524
189	5520
1	4126
1	2882
253	4183
1	769
1	719
1	2194
1	4353
234	4792
1	4597
1	5988
1	3299
1	6589
1	2620
147	4469
1	5385
1	2703
1	6080
254	3078
1	4107
1	3443
1	4020
1	3519
1	3317
1	4358
1	3991
1	2090
1	3992
1	6781
1	3512
1	4961
1	6542
1	5627
34	4261
1	1882
1	3186
1	431
254	6169
1	1912
1	5233
1	4140
1	1770
1	3870
1	4084
176	5445
1	4843
1	3598
1	5345
1	4555
1	4726
1	3045
1	6628
1	377
1	4474
1	1648
1	6761
1	4591
1	523
1	4669
1	2614
1	6072
1	5132
1	6923
152	1695
1	3606
1	3513
1	1563
1	4545
1	3193
1	1974
1	4218
1	5012
1	3973
1	7368
253	3418
243	6090
1	5112
1	3453
1	4140
1	2069
1	3894
1	4676
1	2369
1	4886
1	3678
1	3166
180	4873
1	5334
16	948
241	4671
39	0
1	4827
1	3750
1	6978
1	4511
1	3176
1	5072
1	5218
1	2640
1	985
1	70
1	309
1	5769
1	5171
1	0
1	2432
1	2347
1	4941
1	3118
1	5582
1	6697
50	3746
5	601
1	4687
1	2702
1	4407
1	5431
1	4570
1	6046
1	5317
1	3117
1	3177
254	3156
1	1922
1	4232
1	5977
1	5310
1	3864
1	2915
1	4465
1	5913
1	2387
1	5273
1	2039
9	6264
1	4191
1	3066
1	7395
1	4012
1	3864
1	3759
1	0
1	5267
1	2048
1	4844
1	1548
1	4042
1	0
1	787
61	657
1	4662
1	912
1	5152
1	7482
1	3787
185	2167
1	641
1	2618
1	249
1	5963
255	2588
150	8297
1	746
1	3649
1	0
1	4927
1	385
1	0
1	5770
156	4827
252	77
1	657
1	4624
1	4252
1	0
1	3848
1	6110
1	5389
1	4105
1	4853
1	856
1	2815
1	750
40	2863
1	2611
1	4702
1	2701
1	5488
1	3610
1	5374
1	1571
1	4578
1	1543
1	4349
1	4742
1	4301
1	192
1	4875
1	6134
1	80
1	3930
253	5013
1	3088
1	2232
1	4484
1	4213
97	3305
216	2012
1	7703
1	5926
1	4031
1	4571
1	3718
1	3109
1	5053
1	4380
1	4706
1	2496
19	3634
1	5499
1	6232
1	6977
1	2818
1	3708
1	328
1	6367
1	4150
1	5075
1	7396
1	5460
1	2362
1	552
1	4484
1	5801
1	3833
1	7581
1	5164
1	2678
1	3148
1	6924
1	4153
1	4774
1	5566
1	4245
1	3033
1	1689
1	5302
1	4374
1	3202
1	459
1	1956
1	3412
1	4827
160	3277
1	3639
1	5835
1	3395
18	5038
255	5210
1	4832
1	376
1	1960
1	4382
1	5418
1	3391
1	4403
1	3232
1	5764
1	3708
1	4848
1	1668
1	3820
1	4640
1	4036
1	2904
1	3268
188	3099
1	8582
1	4525
1	5463
1	4952
1	1108
1	4316
1	6491
1	6104
1	3943
1	7278
1	1309
1	3523
1	2044
1	3697
1	4624
220	3431
1	4363
1	3803
1	3850
1	250
1	3482
1	2707
1	3617
189	5151
1	6497
1	0
1	4159
1	4580
1	0
206	4317
1	2961
1	5152
1	3968
1	5777
1	4168
1	4615
1	6471
1	3385
1	4435
254	5614
1	5087
1	1983
1	3751
1	9441
8	4243
1	1373
1	3285
254	0
201	3869
1	3127
1	5168
1	4661
241	4927
1	2479
1	1827
1	4935
1	5319
1	3509
1	5090
1	4640
1	4951
1	5749
1	4729
1	4288
58	5278
1	4450
1	6026
1	6926
1	3365
1	5165
1	4265
1	5240
1	174
1	5277
253	4477
1	713
1	2390
1	5034
1	2465
1	3301
1	4603
1	4573
255	4129
1	5112
1	3770
1	2492
1	3728
1	4089
1	2049
1	5902
1	965
1	2770
1	4223
1	3204
1	4369
1	579
129	6296
1	4255
1	0
1	3999
1	4227
1	4371
1	860
1	4251
1	0
1	1581
1	3472
1	4390
1	3569
1	3788
1	5652
1	3873
1	4899
1	5197
1	3893
1	1580
1	4527
1	2972
1	3259
1	0
1	2966
1	4550
13	2778
1	658
1	6560
1	3788
192	4603
1	1868
1	2326
1	3746
1	5092
1	5144
1	3829
1	0
1	7208
1	5623
1	0
222	3218
1	3814
1	4612
1	3346
1	2269
1	9541
255	4990
25	4381
1	1472
1	5995
23	113
1	4939
1	2170
1	5105
1	1207
1	0
1	1279
208	4627
1	5164
1	3835
1	3400
1	4958
1	3871
1	5413
24	4165
218	5326
1	6455
1	3612
1	2181
1	269
108	429
1	4010
1	2562
1	3834
236	4131
1	3873
1	5050
1	5533
185	3017
1	4060
1	4658
1	3092
1	5596
1	3416
1	4180
1	4640
1	4160
172	1565
1	4287
1	3354
1	4883
255	3508
1	574
1	5147
86	4290
1	3942
1	4916
1	2722
86	3839
1	4211
1	5243
1	4837
27	4963
1	212
1	3491
1	4211
1	314
155	5149
1	3036
192	3708
1	2115
1	4984
1	4465
1	1907
1	5444
93	5841
1	3757
1	424
1	4898
1	5098
1	2525
1	1148
1	4608
1	510
1	2936
1	4850
1	4422
1	4841
1	2720
1	4505
1	4566
1	4034
1	2905
1	2027
1	3700
80	4114
1	4660
1	3037
1	4515
1	5105
1	4044
1	4622
134	4312
1	3836
1	2014
1	0
1	4305
1	4722
1	2988
1	5821
1	2457
1	0
1	4729
1	3294
239	3465
30	438
1	4258
256	5811
51	3950
1	7131
1	830
1	3648
1	1350
1	2964
1	1100
1	5838
1	594
1	4457
1	2585
1	3334
1	1840
1	941
1	5932
1	3278
1	4231
1	4253
1	3944
25	369
1	2178
1	2627
1	4480
1	4540
1	1215
1	4157
1	4587
1	1057
1	3858
1	137
1	4356
1	3471
1	4745
17	4367
1	4356
1	3779
1	4839
1	3001
1	5435
1	3784
1	3941
1	3451
1	4519
1	3127
1	2041
1	4368
1	1088
1	5515
1	2582
1	4767
9	1567
1	3034
1	783
1	1960
1	3411
1	4454
1	7095
1	4629
1	2725
1	4674
1	4682
1	3131
1	2516
27	1203
1	6236
1	4990
1	0
1	549
1	4377
89	164
5	5125
1	3207
1	4731
1	5242
203	7340
1	6273
1	3577
1	1636
1	5636
1	4124
1	2756
1	5059
1	4753
1	607
209	4340
1	4667
1	6871
1	4720
1	5199
1	4963
1	2997
1	1819
1	3217
254	1714
1	3955
1	4486
1	4629
1	5191
253	6054
1	6326
1	4748
1	7746
1	4416
1	1146
1	7696
1	136
1	332
1	4244
1	3060
1	3541
1	2524
1	4627
1	194
1	4361
1	0
254	1990
1	3080
1	2571
1	3953
1	3637
1	1720
1	4117
1	3338
1	332
253	6623
26	2621
1	4572
1	5577
254	6869
1	3357
1	439
1	5746
1	3632
1	3618
14	4103
1	4522
1	5774
1	3936
194	4552
1	3417
1	3451
1	5053
1	4933
1	4883
48	3004
1	4839
1	114
1	3946
1	5001
1	6454
1	6142
1	5565
1	5471
1	1691
1	5384
1	4701
1	829
1	4780
1	5403
1	5430
1	470
1	1531
1	2989
1	2387
1	4199
1	1015
1	4185
1	2032
1	5358
1	5249
1	0
1	5083
11	1395
1	4116
1	2118
1	2158
1	7113
254	7066
1	5960
1	625
1	158
1	5176
1	5204
1	1259
254	3181
1	3227
1	7457
1	4952
1	2128
1	2719
1	3779
1	4157
1	3904
1	168
1	3708
1	3152
1	5663
1	2717
1	8010
1	4863
1	3818
1	5524
69	5089
1	5216
1	4041
1	3882
1	4662
1	5999
1	5681
254	5805
253	4809
1	4025
1	2096
26	2236
1	5029
1	2530
1	0
1	4211
1	5740
1	4548
256	3099
1	3783
1	5317
30	4797
1	4722
1	1806
1	3701
1	5876
1	465
1	2981
1	1986
1	1586
1	4986
1	7869
1	4202
1	395
242	6335
1	2728
64	1448
1	2907
1	3604
137	1474
1	3075
1	4827
1	7000
254	4224
1	6290
1	5383
1	3659
1	4451
1	7054
1	1698
1	5030
1	240
1	3941
1	967
1	4827
1	6036
1	5306
1	4611
1	7366
1	6505
1	3047
1	410
1	4107
1	4246
1	49
1	3458
1	2405
1	3845
1	5076
1	4273
1	1672
1	717
1	5575
1	5446
1	3943
1	0
254	3999
1	1284
1	1573
60	4026
1	3928
1	5648
1	3729
1	4337
1	1173
1	3847
44	927
1	4167
1	4054
1	5374
1	1825
238	4881
1	4149
1	4386
1	115
1	1517
1	106
1	3340
1	3644
253	5480
1	4960
1	2120
216	3533
1	4312
1	0
1	3181
1	4498
1	3208
1	4669
1	8608
1	3607
1	2422
1	5720
1	5673
1	3162
36	3526
1	5763
1	2704
1	4685
1	6151
1	3184
1	2952
1	4887
1	5142
174	5672
1	4745
1	4479
1	3157
1	7481
1	7065
1	58
1	4640
1	4720
1	5422
1	4464
250	4960
1	4849
1	4172
1	3824
1	93
1	3884
235	4417
92	3618
1	3009
1	3621
1	2530
1	1296
1	4378
182	289
1	5734
1	6754
1	1986
1	981
1	4276
1	6545
1	6139
1	2302
1	2327
1	5652
1	2556
253	2488
1	3128
1	3456
1	3997
1	5814
1	699
1	5203
1	4524
1	4503
1	3699
1	3753
1	5185
1	1973
1	4297
1	2833
1	3607
1	342
1	1725
1	2747
181	4934
1	6224
1	2980
256	2297
1	3247
1	2623
1	1812
1	4719
1	5621
1	95
1	2795
1	3955
1	3395
1	1540
1	5093
1	6013
1	4568
1	5049
1	4928
1	2071
2	479
1	4569
1	5341
1	5320
1	7472
1	3932
1	577
1	5089
1	2589
1	198
1	3085
1	2286
1	466
1	5499
1	5855
1	5512
1	0
1	7247
1	5072
1	5473
1	0
1	2355
1	5273
1	3508
1	3518
1	2888
1	5723
1	5735
1	5237
1	5321
1	5244
1	4870
1	3079
1	2480
1	5049
1	3390
1	4158
1	3141
1	1999
1	4520
1	359
1	4890
256	0
1	2237
1	5306
1	3033
253	799
1	5018
94	5775
1	6542
1	3798
1	4782
1	0
1	2371
37	5212
1	3400
1	292
1	6625
1	184
1	1062
1	2450
1	4436
1	3545
1	5674
1	3838
1	3277
1	0
1	4597
1	3876
1	4871
254	2506
1	3818
163	3282
1	7325
1	4502
1	3709
1	6166
1	0
1	3974
52	4454
1	4454
1	3227
1	4510
1	5142
1	5581
241	2996
1	3406
1	5077
1	5476
1	4692
1	2653
1	4484
1	4372
1	2305
1	7830
1	5055
1	6454
1	4917
1	8152
37	5079
1	918
1	4163
1	2001
1	4501
1	6471
1	51
1	4101
1	6023
1	3276
1	4298
1	5660
1	4535
1	4121
1	2342
1	2319
89	4665
1	5154
1	3405
1	3774
1	3449
1	3754
1	3972
1	4519
1	4937
1	2978
74	2084
1	4354
1	45
144	4318
1	4243
1	5033
1	135
1	4604
1	0
1	4389
1	2931
1	4306
1	3291
1	4834
1	3574
1	2748
1	2994
1	3114
1	3178
1	3562
1	686
1	4457
1	4207
1	861
1	5799
1	7019
1	6024
1	6176
1	4777
23	7390
1	899
1	4466
1	4191
1	4894
1	5541
1	3353
1	3754
1	4098
1	3570
1	3698
1	153
1	3398
1	2820
1	821
1	4986
1	3569
1	3111
1	5067
1	1585
170	3088
1	4592
1	4187
1	4510
1	375
1	4703
1	5078
1	4579
1	3729
1	4996
1	3354
1	66
1	3426
1	6004
1	2806
1	4272
1	5648
1	3314
1	4426
1	2201
1	5054
8	4207
1	2161
65	4864
1	4427
1	3558
1	5809
1	4898
1	5358
1	0
1	5903
1	8552
1	6343
1	3443
1	1986
1	1802
1	5168
1	4199
1	4070
1	5393
1	4178
1	4731
1	5463
1	2710
1	1030
1	468
1	5014
1	1382
1	1348
1	3530
1	907
1	3913
1	3368
1	3708
1	1640
1	3994
1	1742
1	1615
1	0
1	1797
1	2936
1	1969
1	4245
1	1491
1	5542
1	4611
1	1807
1	5260
1	6443
1	449
165	3678
1	4081
1	2118
167	5008
1	3617
1	3359
1	5510
1	5105
1	2585
1	5431
1	4877
1	4589
1	1175
1	4012
1	4355
1	2999
1	4592
1	4574
1	5216
253	6364
1	3537
1	2976
1	3908
1	4674
1	2383
1	1059
1	4726
1	2004
144	85
1	1593
1	6172
1	4595
30	4318
1	4421
21	4669
1	4764
1	4791
254	3640
1	4773
1	1232
1	4889
1	4331
1	5052
1	3124
1	2531
1	5961
1	2698
1	3880
1	358
1	4322
1	1024
1	4105
1	2932
1	4989
1	5946
255	3643
1	4138
1	3536
1	4751
241	5939
1	3021
1	5571
171	2106
1	2195
1	4930
1	3302
1	2858
1	3572
1	2619
1	5569
1	5614
1	4890
1	1778
1	5835
227	7091
1	489
1	3125
1	4928
1	455
1	4039
1	4296
1	119
1	5949
1	2716
1	1245
1	6468
1	6421
1	2273
1	3456
1	5523
1	6662
78	4223
1	4515
1	5050
1	3156
1	2479
244	4736
1	3848
1	3879
1	4804
1	378
1	5918
1	1495
95	4610
254	5920
254	1786
1	4560
1	0
1	4207
1	3652
1	4869
1	1788
1	113
1	3625
1	4113
1	997
1	4126
1	622
1	4682
1	91
1	5891
1	5589
1	6115
1	3003
1	3126
1	3939
1	5394
1	1852
1	2494
1	4230
1	3902
1	147
1	4179
1	5018
1	2746
1	4195
79	1886
1	6298
1	5214
1	822
1	5364
1	6595
1	2859
1	5368
1	3824
1	3806
1	4745
1	706
1	4714
1	4600
1	4852
1	5128
1	6109
1	6963
1	1193
129	3861
1	2886
1	251
1	4318
1	4947
253	2886
1	2766
1	2854
186	4670
1	3951
3	4810
1	4994
1	3103
1	5520
255	6471
1	4573
23	4245
1	3100
1	1750
1	5132
1	4813
58	764
1	383
1	3046
1	408
1	3340
94	5275
1	6668
1	3106
1	8686
1	4419
1	4907
1	1260
1	4193
1	3225
1	4155
1	6501
1	4095
1	3628
1	5401
1	4273
1	4652
1	4527
1	4600
1	4348
1	189
1	4553
1	1970
1	4142
1	5001
1	5832
1	6002
1	4390
71	120
1	1714
1	5006
1	3789
1	477
1	3995
1	4582
58	4924
1	5656
52	5346
10	4192
1	5742
1	4847
1	1235
1	4837
1	1155
1	4955
1	5615
147	3499
1	5145
255	282
1	2304
222	7120
1	4328
1	3203
1	2701
1	5547
1	699
1	4808
1	3085
1	4504
1	5856
1	3250
1	4845
11	5532
1	3585
1	3694
1	4507
1	4734
1	3822
1	5241
1	4544
1	2697
18	4930
1	3542
1	749
1	742
1	4352
1	4481
1	5404
1	5222
254	4643
1	6113
1	4500
256	2023
1	0
1	4268
1	2243
143	612
1	4945
1	2082
1	4392
1	3105
1	5388
1	4205
1	3373
1	4139
1	4413
1	5149
1	412
256	808
1	5186
1	4837
255	3305
1	4149
1	0
1	227
1	3085
1	534
252	2422
1	2641
156	0
1	3970
1	6461
1	4191
1	0
1	2802
1	4035
182	4660
1	130
86	3559
1	5503
1	3297
1	2984
1	4756
1	7128
1	3952
1	987
1	5562
1	473
1	3160
1	4482
1	2454
1	2622
1	5225
1	1319
1	3390
1	4764
1	2440
1	2691
1	4061
1	4006
1	3996
1	2355
1	992
1	1668
1	2334
1	1621
1	4277
1	4913
1	527
1	6615
80	6652
1	1830
255	3920
256	4120
1	4681
1	6080
1	5057
1	5223
1	1924
1	5045
1	5407
48	4161
69	4125
1	3239
1	1314
1	6413
1	95
1	3979
1	6537
107	5026
1	1981
253	472
1	1736
1	4888
164	3061
1	2503
1	4922
1	4275
1	3947
1	2726
1	338
1	4381
1	4537
1	6434
1	2671
1	3039
1	5411
1	6120
1	3728
1	6413
1	4216
1	5075
1	5512
1	1151
1	4629
1	3775
1	5136
1	0
1	468
1	5340
1	368
1	3611
1	2607
1	4228
3	5309
1	2118
1	2749
1	511
1	2842
1	4365
1	4794
1	5512
1	212
37	4386
1	6930
1	2919
56	6520
1	5656
1	4756
249	4995
1	1579
1	4277
1	3923
1	4021
1	4557
72	2368
1	3945
1	3846
1	1522
1	2654
69	5777
1	5511
1	1658
1	3862
1	3288
1	4181
1	4692
1	1299
1	3396
1	3723
1	4012
1	4577
1	4638
1	3710
1	0
1	4946
1	1542
1	1403
1	887
1	2075
1	2294
1	3581
1	4318
129	3395
1	5624
1	5316
1	322
1	4613
1	5329
1	5449
1	5211
1	3004
1	0
1	3813
1	4295
1	6190
89	2644
1	6597
1	4155
1	2737
1	4756
1	4876
1	578
1	4043
1	4917
1	5117
1	5226
1	5159
1	2922
1	4882
1	4689
1	4265
1	6144
1	3443
1	935
1	741
1	1231
1	3762
1	4812
1	6074
1	4358
1	3817
1	285
1	4571
202	4714
1	4990
1	1621
1	4055
1	4451
107	1982
1	4319
1	3112
1	5727
1	4312
1	0
1	1090
1	3414
1	1214
1	4710
113	2814
1	2692
1	203
1	0
1	229
1	3257
1	5940
1	4487
1	5915
1	5062
1	4247
1	2263
1	2964
146	1010
69	71
16	1702
1	6267
1	4277
1	3233
1	4647
1	239
1	2952
1	851
1	4374
1	6670
1	4126
185	519
1	7144
1	2788
1	585
254	4957
1	3927
1	5620
1	1866
1	3005
1	5337
42	3062
1	4869
1	3241
1	5549
1	3238
1	4742
29	141
1	0
1	4293
1	4138
1	4999
1	4281
1	3843
1	5529
1	388
1	1689
1	4480
1	0
1	62
1	4855
255	637
198	5034
1	1680
244	4402
1	4260
1	5551
1	2573
1	6025
1	6182
1	1367
1	612
130	4192
1	477
1	4425
1	3042
1	1921
1	4044
1	6721
1	3031
1	3811
1	4312
169	1909
1	4369
1	3205
1	5302
1	7093
1	4631
1	4760
1	5134
1	3484
1	0
1	2046
1	4808
1	1669
1	4197
1	3405
73	4715
1	7493
1	4201
1	5021
1	5198
20	3374
1	2794
1	671
1	4433
1	4802
1	2747
1	5057
1	2427
1	5762
1	4077
1	3800
1	3943
1	3110
1	3503
1	5756
1	289
1	2932
1	2133
1	831
1	5286
1	492
1	5633
1	3429
1	3584
1	5373
1	0
163	1665
1	4562
1	1136
1	3434
1	4122
1	3971
1	6129
1	802
1	2611
97	1980
1	2517
1	394
1	4775
1	3307
1	194
36	4817
1	5027
1	4033
1	1548
1	4715
1	4407
3	4565
1	716
1	3846
20	3856
1	906
1	3907
30	2228
1	5427
1	461
1	3734
1	2604
1	4173
1	4473
1	5085
1	3379
1	731
1	4216
255	2814
1	3999
30	5669
1	2546
1	4195
253	5081
1	3030
1	4361
1	855
1	3857
63	4172
233	3677
1	4439
1	4144
1	3643
1	1354
1	275
1	4340
1	6615
1	257
1	5129
1	0
1	4045
1	4699
1	4345
1	6413
1	4447
1	6838
210	5015
1	3366
67	4863
1	0
1	4843
1	3372
1	4250
1	2740
1	5901
4	4813
147	3776
1	1610
1	339
1	4325
1	4284
1	2294
1	4655
1	5652
1	4929
1	3746
2	4469
1	4130
1	2427
1	4567
1	3616
1	4730
1	4140
1	0
1	142
254	403
1	4633
1	4174
1	4189
1	1628
1	1879
1	0
1	4902
1	3697
1	3238
1	0
1	2507
255	2023
1	4863
1	4635
1	4130
1	4799
1	5676
1	2558
1	2889
1	71
1	1233
1	1776
1	2636
1	2193
118	1688
1	5126
1	3879
1	1112
1	1773
69	5386
1	4532
1	4510
1	7035
1	3670
1	3563
1	0
1	5218
1	749
1	5079
1	3218
1	4733
1	4531
1	6689
1	5679
161	5176
231	5445
1	4249
1	4855
1	4680
1	887
1	4096
1	4217
1	3748
1	2489
15	2972
1	73
1	4828
1	4132
1	4736
1	672
1	421
1	5222
1	4134
3	4250
1	3575
250	2758
58	4353
1	6943
1	232
1	4956
1	3049
1	4796
1	3747
1	433
1	5749
1	5389
1	5083
