9	1
17	1
42	1
23	1
34	1
16	1
4	1
7	1
39	0
3	1
24	1
18	1
22	1
51	0
37	1
16	1
25	1
19	1
4	1
19	1
35	1
7	1
7	1
24	1
6	1
12	1
5	1
2	1
22	1
18	1
3	1
74	0
11	1
25	1
10	1
11	1
9	1
9	1
3	1
14	1
40	0
17	1
37	1
11	1
23	1
29	1
18	1
31	1
61	1
38	0
32	1
39	1
21	1
38	1
35	1
17	1
41	0
31	1
10	1
51	1
40	0
11	1
7	1
25	1
14	1
8	1
5	1
3	1
48	0
65	0
9	1
11	1
46	1
10	1
18	1
73	0
26	1
26	1
3	1
20	1
17	1
7	1
38	1
5	1
11	1
10	1
36	1
25	1
8	1
14	1
23	1
19	1
25	1
20	1
39	1
12	1
28	1
34	1
12	1
4	1
48	1
26	1
26	1
15	1
9	1
3	1
24	1
18	1
34	1
18	1
36	1
32	1
23	1
5	1
18	1
43	0
12	1
5	1
40	0
32	1
33	1
40	0
23	1
42	1
40	1
12	1
8	1
20	1
28	1
48	1
26	1
22	1
24	1
13	1
8	1
33	1
53	0
55	0
8	1
27	1
20	1
24	1
14	1
12	1
12	1
7	1
16	1
2	1
12	1
2	1
7	1
11	1
19	1
3	1
13	1
20	1
29	1
48	1
27	1
6	1
10	1
34	1
31	1
20	1
25	1
7	1
34	1
26	1
23	1
28	1
30	1
9	1
32	1
9	1
8	1
39	1
13	1
2	1
3	1
25	1
22	1
47	1
40	0
4	1
10	1
13	1
5	1
25	1
24	1
27	1
12	1
3	1
2	1
4	1
9	1
35	1
9	1
30	1
11	1
47	1
26	1
16	1
24	1
29	1
44	1
4	1
1	1
22	1
25	1
55	1
9	1
3	1
6	1
34	1
18	1
44	0
2	1
36	1
16	1
18	1
8	1
10	1
18	1
39	1
22	1
5	1
41	1
49	0
16	1
6	1
34	1
8	1
19	1
8	1
41	1
14	1
45	0
12	1
25	1
28	1
16	1
30	1
21	1
1	1
32	1
22	1
17	1
35	1
44	1
17	1
49	0
4	1
19	1
33	1
27	1
18	1
8	1
37	1
35	1
6	1
30	1
52	1
27	1
24	1
10	1
6	1
5	1
44	1
18	1
31	1
23	1
17	1
13	1
5	1
21	1
10	1
37	1
48	1
4	1
9	1
12	1
6	1
45	0
18	1
22	1
17	1
14	1
5	1
42	0
32	1
39	1
8	1
4	1
14	1
14	1
27	1
13	1
14	1
42	0
7	1
24	1
8	1
55	0
52	0
22	1
5	1
3	1
30	1
5	1
26	1
15	1
48	0
16	1
31	1
27	1
39	1
34	1
22	1
35	0
3	1
21	1
6	1
25	1
6	1
26	1
13	1
20	1
16	1
15	1
22	1
26	1
6	1
22	1
54	1
39	1
12	1
33	1
19	1
44	1
31	1
11	1
22	1
20	1
37	1
34	1
25	1
44	0
16	1
18	1
29	1
9	1
3	1
30	1
33	1
40	1
15	1
15	1
29	1
11	1
26	1
30	1
10	1
17	1
14	1
23	1
20	1
7	1
30	1
39	1
7	1
10	1
19	1
8	1
19	1
26	1
4	1
50	0
43	0
11	1
18	1
23	1
26	1
24	1
14	1
48	1
4	1
32	1
7	1
7	1
4	1
29	1
44	0
25	1
40	1
23	1
6	1
11	1
4	1
49	1
44	0
39	0
8	1
4	1
32	1
15	1
11	1
5	1
12	1
44	1
4	1
38	1
50	0
35	1
42	0
15	1
50	1
16	1
29	1
24	1
21	1
4	1
17	1
3	1
20	1
33	1
3	1
3	1
19	1
17	1
53	1
19	1
30	1
37	1
18	1
3	1
10	1
41	1
27	1
21	1
35	1
24	1
34	1
47	0
8	1
15	1
10	1
9	1
9	1
35	1
48	0
44	0
26	1
7	1
16	1
26	1
24	1
38	1
24	1
25	1
8	1
31	1
39	0
4	1
34	1
27	1
6	1
10	1
7	1
23	1
11	1
41	1
42	0
35	1
10	1
5	1
32	1
41	1
13	1
45	0
27	1
32	1
12	1
26	1
24	1
6	1
19	1
20	1
52	0
26	1
35	1
35	1
34	1
7	1
33	1
15	1
39	1
16	1
13	1
37	1
26	1
8	1
9	1
5	1
52	0
24	1
17	1
19	1
21	1
63	1
28	1
42	1
7	1
35	1
28	1
23	1
36	1
30	1
4	1
54	1
23	1
39	1
11	1
20	1
33	1
30	1
2	1
23	1
23	1
24	1
10	1
28	1
4	1
44	1
19	1
26	1
18	1
4	1
30	1
42	1
27	1
12	1
25	1
8	1
25	1
8	1
9	1
25	1
22	1
11	1
11	1
20	1
36	1
49	0
28	1
30	1
26	1
24	1
38	1
3	1
39	1
19	1
23	1
42	1
33	1
10	1
5	1
22	1
35	1
36	1
25	1
6	1
10	1
27	1
1	1
55	0
6	1
27	1
13	1
15	1
36	1
17	1
28	1
28	1
31	1
28	1
22	1
9	1
9	1
38	0
21	1
3	1
38	1
20	1
51	1
19	1
34	1
3	1
43	1
3	1
5	1
12	1
47	0
36	1
25	1
37	0
37	0
21	1
15	1
20	1
25	1
45	1
30	1
13	1
23	1
8	1
3	1
10	1
6	1
38	1
20	1
30	1
23	1
17	1
25	1
29	1
23	1
12	1
14	1
28	1
18	1
7	1
25	1
3	1
32	1
12	1
3	1
24	1
11	1
20	1
22	1
29	1
15	1
12	1
12	1
46	0
26	1
53	0
7	1
24	1
44	1
12	1
16	1
21	1
26	1
33	1
63	1
18	1
11	1
4	1
20	1
33	1
1	1
42	0
46	1
43	0
46	0
37	1
26	1
9	1
27	1
40	1
5	1
34	1
7	1
14	1
29	1
46	1
22	1
44	1
17	1
19	1
12	1
41	1
4	1
29	1
14	1
5	1
9	1
31	1
49	0
12	1
11	1
9	1
29	1
33	1
29	1
21	1
45	1
32	1
14	1
24	1
15	1
33	1
3	1
2	1
12	1
12	1
30	1
29	1
5	1
45	1
51	0
20	1
41	1
17	1
10	1
9	1
2	1
18	1
41	0
4	1
27	1
29	1
31	1
5	1
40	1
48	1
28	1
26	1
30	1
30	1
23	1
27	1
17	1
24	1
7	1
9	1
4	1
3	1
31	1
14	1
31	1
49	0
28	1
25	1
10	1
52	0
28	1
13	1
31	1
49	0
27	1
12	1
12	1
17	1
17	1
25	1
5	1
48	0
12	1
24	1
33	1
14	1
3	1
20	1
36	1
6	1
25	1
16	1
29	1
17	1
19	1
11	1
33	1
14	1
47	1
23	1
4	1
27	1
7	1
27	1
35	1
38	0
27	1
16	1
9	1
17	1
16	1
27	1
12	1
12	1
13	1
48	1
25	1
24	1
20	1
28	1
34	1
44	1
41	1
31	1
30	1
74	1
40	1
11	1
39	1
38	1
74	0
18	1
35	1
20	1
6	1
29	1
24	1
2	1
9	1
11	1
41	1
28	1
37	1
15	1
25	1
40	1
26	1
31	1
42	0
29	1
16	1
1	1
8	1
17	1
14	1
23	1
19	1
12	1
16	1
72	0
50	0
8	1
49	0
21	1
27	1
22	1
22	1
22	1
22	1
13	1
40	0
8	1
32	1
26	1
25	1
40	1
12	1
3	1
38	1
4	1
24	1
20	1
4	1
21	1
25	1
49	1
8	1
27	1
19	1
35	1
5	1
9	1
7	1
49	1
26	1
5	1
12	1
7	1
40	1
28	1
24	1
36	1
3	1
4	1
24	1
1	1
35	1
7	1
40	0
16	1
21	1
4	1
28	1
16	1
14	1
8	1
4	1
45	1
34	1
62	0
22	1
18	1
36	1
27	1
31	1
18	1
49	0
20	1
26	1
31	1
9	1
13	1
12	1
15	1
16	1
8	1
44	1
19	1
44	0
29	1
23	1
18	1
43	0
19	1
30	1
38	1
32	1
39	0
64	0
17	1
23	1
9	1
37	0
46	1
18	1
8	1
4	1
36	1
11	1
22	1
57	0
3	1
23	1
34	1
29	1
31	1
31	1
22	1
34	1
23	1
21	1
35	1
19	1
46	1
15	1
6	1
6	1
25	1
9	1
2	1
29	1
14	1
30	1
47	1
9	1
15	1
22	1
40	1
26	1
36	1
10	1
53	0
25	1
17	1
3	1
28	1
43	0
33	1
35	1
30	1
14	1
15	1
17	1
26	1
4	1
32	1
6	1
18	1
29	1
12	1
56	1
23	1
23	1
17	1
30	1
22	1
5	1
1	1
35	1
15	1
34	1
3	1
46	0
31	1
19	1
33	1
6	1
29	1
47	0
7	1
46	1
14	1
19	1
18	1
10	1
20	1
29	1
20	1
29	1
35	1
45	0
22	1
18	1
14	1
12	1
15	1
29	1
22	1
46	0
30	1
8	1
17	1
18	1
15	1
37	1
34	1
35	1
29	1
45	1
34	1
16	1
60	1
32	1
38	0
27	1
13	1
14	1
17	1
45	1
11	1
25	1
23	1
12	1
19	1
18	1
12	1
47	0
43	1
19	1
3	1
39	1
30	1
9	1
13	1
21	1
19	1
7	1
23	1
13	1
22	1
21	1
52	0
14	1
34	1
9	1
13	1
36	1
17	1
29	1
25	1
5	1
42	0
17	1
43	0
17	1
25	1
2	1
34	1
47	0
30	1
68	1
9	1
7	1
30	1
23	1
41	1
51	1
44	1
28	1
37	1
8	1
23	1
3	1
7	1
20	1
1	1
1	1
3	1
16	1
48	1
13	1
42	0
22	1
21	1
29	1
36	1
18	1
2	1
25	1
15	1
18	1
9	1
13	1
46	1
19	1
14	1
14	1
24	1
10	1
44	1
8	1
39	1
16	1
17	1
23	1
36	1
31	1
12	1
35	1
34	1
10	1
15	1
22	1
11	1
33	1
27	1
39	1
6	1
38	1
27	1
1	1
13	1
46	1
5	1
3	1
20	1
29	1
34	1
19	1
11	1
14	1
35	1
42	0
32	1
12	1
29	1
43	0
6	1
29	1
16	1
23	1
26	1
3	1
5	1
1	1
23	1
2	1
13	1
6	1
1	1
10	1
48	1
24	1
37	1
45	1
28	1
34	1
14	1
15	1
6	1
10	1
20	1
30	1
36	1
11	1
13	1
34	1
6	1
20	1
16	1
17	1
17	1
12	1
27	1
17	1
16	1
11	1
27	1
21	1
30	1
29	1
5	1
24	1
24	1
17	1
25	1
23	1
41	1
12	1
26	1
16	1
8	1
18	1
15	1
14	1
41	1
37	1
21	1
27	1
5	1
37	1
27	1
27	1
21	1
20	1
27	1
5	1
1	1
29	1
38	0
20	1
7	1
28	1
7	1
21	1
18	1
33	1
21	1
2	1
30	1
25	1
31	1
12	1
3	1
2	1
7	1
32	1
6	1
20	1
28	1
24	1
28	1
29	1
17	1
4	1
45	1
1	1
37	1
30	1
10	1
16	1
5	1
14	1
24	1
27	1
8	1
35	1
16	1
46	0
12	1
16	1
48	0
46	0
23	1
35	1
19	1
20	1
14	1
27	1
24	1
22	1
17	1
14	1
30	1
11	1
16	1
30	1
16	1
7	1
12	1
13	1
17	1
7	1
13	1
53	0
3	1
5	1
45	0
9	1
5	1
11	1
39	0
7	1
25	1
4	1
29	1
39	1
8	1
14	1
8	1
5	1
42	1
14	1
30	1
5	1
32	1
31	1
25	1
22	1
5	1
48	0
37	1
31	1
11	1
25	1
30	1
26	1
31	1
26	1
27	1
19	1
51	0
21	1
16	1
9	1
21	1
35	1
8	1
12	1
27	1
24	1
7	1
29	1
31	1
3	1
36	1
21	1
46	0
24	1
13	1
22	1
9	1
35	0
14	1
43	1
50	1
36	1
4	1
20	1
38	1
29	1
9	1
26	1
10	1
18	1
23	1
23	1
31	1
44	1
16	1
36	1
6	1
8	1
15	1
17	1
1	1
26	1
30	1
7	1
22	1
6	1
55	0
11	1
19	1
50	1
33	1
47	0
5	1
21	1
12	1
8	1
1	1
18	1
2	1
18	1
4	1
52	0
17	1
6	1
3	1
3	1
37	1
11	1
9	1
23	1
30	1
9	1
14	1
9	1
38	1
31	1
17	1
6	1
19	1
33	1
45	0
47	0
29	1
23	1
15	1
36	1
41	0
26	1
4	1
4	1
28	1
23	1
12	1
45	0
16	1
22	1
9	1
7	1
15	1
