14	254
13	1
9	51
9	27
14	254
6	1
9	253
9	255
13	253
9	254
9	233
13	209
9	185
14	1
14	1
14	1
13	255
13	256
9	1
9	1
14	214
13	254
10	57
13	107
15	1
9	251
9	218
13	56
9	1
13	1
14	254
14	1
9	1
9	233
9	85
10	1
9	1
14	1
13	249
9	161
13	254
13	1
14	1
6	1
10	1
9	24
13	254
14	1
13	255
13	74
13	1
14	6
14	237
14	253
13	1
13	254
13	212
15	255
9	170
13	1
13	256
9	254
9	15
13	1
13	256
10	252
14	192
14	159
13	123
13	85
13	254
9	254
13	253
9	254
18	197
14	1
12	37
14	190
9	1
14	248
13	226
6	1
14	1
9	1
13	87
13	39
13	9
13	256
9	1
6	255
14	1
6	213
14	255
9	203
14	256
6	75
13	1
9	1
9	254
13	176
10	200
9	70
13	1
14	1
13	105
13	30
13	1
6	62
9	255
9	1
13	254
13	1
9	1
13	253
13	219
13	178
13	256
14	1
13	253
6	115
13	243
13	177
9	253
14	1
13	1
13	253
10	64
9	69
9	254
13	1
13	230
13	1
9	48
13	193
9	254
13	23
13	254
6	255
9	156
13	214
10	101
9	241
10	255
14	254
14	254
9	1
13	254
14	14
9	255
13	1
9	219
6	42
13	1
9	254
9	253
13	1
9	86
13	101
14	28
10	173
13	214
13	67
13	1
13	182
13	1
13	207
14	254
9	1
9	255
9	253
13	24
9	1
9	44
13	1
13	180
6	1
6	1
14	254
9	40
13	133
13	1
9	254
14	1
13	243
13	51
13	201
10	1
14	255
13	1
13	1
9	13
13	1
14	254
13	39
14	254
14	254
9	22
9	254
13	254
14	46
13	254
13	238
13	204
6	256
13	1
14	254
14	171
13	245
14	255
14	1
14	62
13	1
13	1
14	171
14	185
13	29
14	41
14	244
13	1
9	255
13	118
9	87
13	216
13	64
10	157
13	131
9	1
13	1
13	254
13	22
14	229
9	255
13	253
9	1
9	176
13	129
9	62
13	253
6	1
13	252
13	252
9	1
13	111
9	253
15	254
9	42
9	1
14	255
14	255
14	256
14	1
13	255
6	254
14	254
9	1
9	255
13	60
9	83
9	1
13	256
9	1
9	1
14	252
14	66
13	256
13	59
13	256
9	1
13	196
9	228
13	253
13	19
13	1
13	253
6	255
14	1
14	1
10	255
14	254
13	253
13	34
14	129
13	1
14	255
9	232
14	252
9	1
14	255
13	252
14	255
13	1
13	150
9	253
13	255
13	255
14	254
9	1
9	129
14	1
13	255
13	235
14	254
13	256
13	199
13	13
13	254
13	254
14	1
14	181
13	1
13	129
9	254
14	1
9	255
10	255
9	253
14	224
14	1
13	1
13	256
13	82
9	1
13	131
13	1
13	198
10	253
6	192
13	1
13	253
13	166
13	229
13	77
9	1
9	253
9	1
13	254
13	1
9	1
13	217
6	255
9	253
9	102
13	1
9	254
13	256
9	245
9	1
13	254
9	52
13	254
13	180
15	1
13	1
14	1
9	251
9	1
13	255
13	230
13	1
13	1
13	223
14	1
9	217
13	1
13	145
9	1
15	114
13	1
15	1
9	254
9	254
14	255
14	111
9	254
13	216
13	106
15	216
13	254
15	1
13	86
14	1
13	254
14	1
14	1
13	1
13	43
14	253
9	253
14	1
13	115
13	1
14	204
13	253
14	148
14	1
13	116
13	183
14	194
13	255
9	68
13	1
14	255
6	253
14	85
13	1
13	255
13	254
9	254
13	254
9	1
9	1
18	1
13	160
13	128
13	22
13	253
13	75
13	254
13	6
13	255
13	1
14	255
9	65
9	1
13	255
13	1
13	61
13	1
9	254
9	138
13	1
13	220
13	1
9	27
5	1
14	201
13	240
9	32
9	255
11	16
10	1
13	237
9	253
13	155
9	200
5	1
13	1
14	212
13	1
9	1
9	251
14	169
10	253
9	153
13	1
9	216
13	1
13	256
13	223
9	147
15	1
13	254
14	125
9	100
9	256
9	256
9	253
6	211
9	1
13	242
9	254
13	254
13	254
13	214
13	254
13	254
10	75
14	1
13	253
15	254
14	107
9	190
13	116
13	253
9	1
9	1
14	34
13	1
6	254
13	1
13	1
13	228
13	256
13	1
5	1
13	1
14	89
9	150
9	254
13	255
14	122
13	254
9	253
9	1
6	1
13	46
9	144
13	146
9	254
10	255
14	1
10	245
13	253
13	129
14	1
9	1
13	65
9	255
9	1
13	1
14	255
15	255
13	1
13	1
13	130
9	255
6	254
13	1
9	256
14	1
9	1
6	255
14	54
14	254
13	16
13	1
14	116
9	253
13	58
13	254
14	61
10	1
9	254
13	254
13	1
9	255
14	20
13	255
6	9
14	1
9	151
13	159
9	254
13	254
13	234
13	90
13	254
13	28
9	1
10	1
4	1
9	64
13	115
9	250
9	92
13	254
13	1
13	186
13	254
14	1
13	74
9	1
9	1
13	253
14	1
13	147
13	1
13	1
13	20
10	1
13	254
13	65
13	255
6	255
13	1
13	255
9	10
9	252
13	255
11	101
13	255
13	167
13	149
13	67
14	255
9	255
6	255
9	254
13	1
13	249
13	253
14	249
13	139
10	1
15	20
13	255
13	61
9	255
13	256
13	1
15	89
9	230
9	254
13	1
10	129
9	63
9	108
14	253
13	103
13	253
14	216
9	1
6	253
13	255
14	255
6	1
6	254
9	22
14	187
13	254
13	254
13	1
13	1
13	14
13	255
13	223
13	30
9	1
13	1
9	1
6	254
14	31
13	255
9	1
9	254
13	143
9	1
13	26
9	256
13	253
10	254
13	60
9	1
13	239
6	42
11	1
10	255
14	1
9	133
13	1
14	244
6	1
13	255
9	63
9	255
13	1
13	118
9	192
9	1
9	1
13	253
9	253
13	254
6	254
13	6
13	1
6	1
13	149
9	254
13	39
9	254
6	1
13	255
14	254
14	247
13	1
10	200
10	70
13	1
13	48
13	254
13	125
14	1
13	254
14	1
9	255
9	249
13	254
6	1
13	218
14	255
9	255
9	21
13	254
11	254
13	106
14	189
14	255
13	255
13	253
9	1
14	210
9	217
13	254
14	208
9	183
13	37
9	253
9	30
13	252
14	255
13	255
13	250
13	255
9	157
14	1
14	194
6	1
13	253
6	95
6	1
10	118
6	1
9	256
13	39
13	238
6	1
9	129
14	225
13	32
9	256
6	176
9	253
13	1
13	253
13	206
13	1
9	1
13	255
9	225
14	1
13	196
9	226
14	188
9	23
14	254
13	57
6	255
10	254
14	113
9	72
6	254
13	64
13	253
14	245
13	255
13	12
13	254
13	23
9	1
13	1
15	254
13	1
13	1
13	212
6	157
10	253
14	234
13	255
6	1
9	1
6	256
14	97
11	177
10	256
13	253
13	62
9	76
13	227
13	57
10	254
9	1
10	254
9	172
9	254
9	1
6	254
13	42
9	1
13	197
9	1
14	1
11	1
14	142
9	1
14	252
9	140
13	1
9	255
10	1
9	1
14	248
9	255
13	177
13	209
10	1
18	254
6	84
13	254
9	135
15	255
14	1
13	140
9	1
14	129
13	1
14	255
13	256
9	254
9	1
9	1
14	253
9	256
13	254
13	1
13	1
14	1
9	129
13	1
6	39
14	253
10	14
15	1
9	255
13	1
14	1
13	89
9	254
14	1
13	92
9	1
14	194
13	82
9	198
13	1
13	1
14	70
13	34
15	254
13	219
9	1
9	65
14	253
15	191
13	254
13	1
9	255
13	240
13	1
14	238
10	216
13	254
13	254
11	90
13	1
9	153
13	256
9	117
9	256
13	254
9	122
13	202
14	1
14	52
10	254
13	1
14	1
9	1
14	254
9	26
14	1
13	254
9	255
13	39
13	188
9	1
14	254
9	253
13	253
9	197
9	1
14	1
13	1
13	174
9	254
14	243
9	254
14	253
9	138
13	253
9	107
9	253
13	254
13	1
13	158
13	255
9	1
13	243
9	100
13	253
10	207
9	147
9	219
14	1
10	1
6	255
14	1
13	204
10	193
13	254
9	254
14	253
14	1
9	1
6	1
13	254
9	255
14	85
14	15
13	256
14	189
13	239
9	194
13	95
6	1
9	59
14	254
9	253
14	254
13	1
13	1
13	152
6	249
9	1
9	216
9	134
14	1
9	254
6	254
13	219
6	220
13	1
13	109
1	254
13	255
13	1
9	1
6	25
10	256
14	198
6	255
14	17
13	12
9	254
13	1
13	174
6	1
2	254
14	1
13	253
13	256
9	254
13	253
9	205
13	43
9	113
9	255
6	3
9	1
9	6
14	254
6	1
9	240
13	254
14	253
13	1
14	1
13	253
14	244
13	255
6	85
13	1
9	216
6	1
13	255
14	45
6	250
14	1
9	19
13	254
9	114
9	256
14	1
13	254
6	102
9	254
13	183
13	173
9	1
14	215
14	1
9	199
13	1
13	254
13	254
13	255
13	255
14	253
10	254
9	206
13	1
13	1
9	166
13	119
9	255
9	246
9	255
13	255
9	33
9	51
13	3
14	169
14	213
6	119
9	1
13	254
14	1
9	169
10	1
9	254
14	48
9	112
13	166
13	1
14	1
9	254
9	1
14	236
13	1
9	49
13	255
6	3
9	185
13	143
9	255
9	256
9	1
13	1
13	255
13	86
13	254
9	133
13	18
13	232
13	1
9	254
13	255
13	1
13	254
14	1
13	151
9	1
13	1
13	119
9	113
13	254
9	156
13	254
9	104
13	1
9	1
13	1
9	249
13	248
15	29
6	1
14	12
15	1
15	192
13	253
13	190
9	1
13	1
6	1
13	255
13	254
9	17
13	1
13	62
6	254
13	96
6	255
10	126
9	172
13	1
9	254
13	203
13	254
14	247
13	1
14	157
13	233
9	152
13	234
6	228
13	1
14	1
9	1
13	254
9	1
6	254
13	151
15	124
1	1
14	1
9	103
9	14
14	1
13	40
13	1
13	254
9	256
6	1
14	7
13	256
13	87
13	30
13	255
13	255
10	1
9	254
9	256
13	129
14	1
13	223
9	10
6	95
14	1
14	150
13	253
13	251
9	55
13	38
13	218
14	17
14	254
14	57
11	254
10	72
14	1
13	254
9	256
13	199
9	1
13	1
9	92
14	254
9	255
11	86
14	254
14	1
13	241
11	254
9	157
9	89
13	222
13	1
14	1
6	226
13	1
9	254
14	8
9	1
13	177
13	254
9	254
13	33
13	255
6	253
9	209
13	42
11	238
14	216
13	214
6	255
6	10
13	256
9	253
10	133
14	171
13	1
13	1
13	253
14	25
13	255
13	1
14	255
13	254
10	1
13	254
9	37
9	1
6	151
6	1
9	1
13	255
13	254
9	255
6	152
13	253
6	1
14	1
9	255
9	1
13	169
13	1
9	253
13	1
13	254
9	253
13	122
9	254
13	1
14	254
14	1
13	219
13	1
14	222
13	1
14	255
14	79
9	1
13	1
13	1
14	1
13	251
13	253
13	256
6	254
9	255
6	254
14	212
14	1
9	253
10	254
14	211
14	1
6	253
9	22
13	203
6	1
14	167
15	1
9	254
14	67
9	216
9	253
13	254
6	1
6	47
13	253
14	250
14	173
13	219
9	253
13	140
13	1
13	255
14	215
9	173
13	85
9	252
9	16
13	44
13	130
9	1
6	254
10	254
13	253
13	21
13	9
14	1
13	236
13	1
10	7
9	162
13	223
13	132
9	132
9	254
13	255
9	1
14	192
14	1
9	128
6	241
9	126
14	256
13	237
3	254
13	1
6	254
13	254
9	214
13	119
9	145
10	155
6	247
9	1
9	1
9	255
13	1
13	1
13	212
6	1
9	252
9	253
6	86
13	254
14	66
14	254
9	166
9	207
13	35
14	80
14	254
9	1
9	253
13	1
14	129
13	206
6	130
14	1
11	250
13	1
9	254
14	1
13	206
9	255
14	254
14	31
6	1
13	251
14	1
13	253
14	253
9	1
9	80
10	254
9	1
15	71
14	254
13	176
9	255
6	254
6	1
10	1
9	1
13	4
14	256
13	255
15	199
9	254
9	253
13	255
13	30
14	109
9	227
13	152
13	1
13	1
6	255
14	255
14	1
9	1
6	228
14	1
10	1
13	234
6	255
14	254
6	1
13	152
13	215
9	1
13	1
9	252
14	255
9	7
13	1
9	1
14	1
15	253
9	254
6	255
6	115
6	254
13	1
14	253
13	253
14	8
14	1
9	33
13	254
9	1
14	255
14	253
9	256
9	254
6	129
13	205
13	1
13	5
13	1
9	1
13	51
9	50
13	255
14	255
13	253
14	230
13	39
9	1
14	214
9	254
14	242
13	33
9	253
9	254
13	112
14	49
10	1
14	239
9	113
13	66
9	41
6	1
14	164
13	1
14	254
16	253
9	254
9	256
13	254
13	192
9	105
9	254
14	254
9	189
9	20
14	254
13	254
13	254
13	255
14	244
10	1
13	1
6	1
14	1
13	253
13	254
13	255
6	231
13	1
9	1
13	256
14	8
9	1
9	256
9	104
14	252
13	7
14	255
13	228
13	1
13	254
13	187
13	254
13	255
6	1
14	254
9	5
14	77
14	1
13	254
14	95
13	256
14	1
14	254
13	162
14	239
13	253
13	1
13	254
14	138
13	254
10	253
14	1
13	255
13	250
14	44
13	245
9	253
13	253
13	127
14	1
6	87
9	254
9	75
9	34
6	1
13	1
9	253
15	254
13	254
13	1
9	156
14	93
14	1
6	1
13	106
13	255
6	52
14	254
14	165
10	13
13	1
9	255
9	1
9	131
13	56
15	253
9	241
13	254
6	255
9	256
13	255
14	77
9	1
6	1
9	5
14	254
9	232
9	254
13	202
13	175
6	254
6	1
13	255
10	1
9	253
6	1
13	254
13	254
9	1
14	255
9	239
13	253
13	1
14	254
9	254
13	1
13	254
13	1
9	253
14	253
9	1
9	256
15	254
13	1
13	254
14	254
13	1
14	242
9	1
14	182
9	254
6	1
13	160
6	24
13	254
15	256
13	243
13	254
9	216
9	1
13	214
13	1
6	172
9	78
14	254
9	107
13	2
13	1
13	150
6	15
14	256
9	1
13	1
13	88
6	1
9	254
13	253
9	42
9	253
10	251
13	1
14	36
9	207
13	1
13	254
9	14
13	254
14	253
13	62
14	256
13	254
14	104
9	255
13	1
13	42
9	113
9	22
6	252
13	254
13	1
14	256
14	174
13	256
13	53
14	1
9	224
13	253
13	255
13	1
13	1
13	1
13	216
9	1
9	48
9	1
9	254
13	256
6	1
13	73
13	202
13	1
9	7
13	169
14	148
9	255
14	107
13	1
9	237
6	254
9	1
6	152
9	73
6	54
9	255
13	255
13	219
14	248
9	67
13	253
13	227
13	208
14	254
14	1
10	1
13	255
15	1
10	1
13	255
9	44
9	256
9	254
9	253
9	180
13	254
13	253
13	255
13	192
14	1
9	219
9	254
6	253
13	1
13	199
6	160
9	1
17	255
9	26
9	1
13	255
9	251
14	1
13	192
14	1
13	253
13	1
9	63
13	229
13	1
13	253
9	1
14	36
9	1
13	254
14	254
13	1
13	253
6	39
14	160
14	33
14	64
14	22
13	1
13	234
14	238
9	253
13	1
13	254
10	1
9	255
9	250
6	240
13	113
14	254
13	1
13	255
9	1
13	76
13	1
13	1
13	254
13	227
13	252
9	255
13	1
9	155
9	169
13	137
13	145
14	228
14	255
6	254
13	255
13	29
15	1
13	252
13	1
13	1
13	1
13	256
6	1
13	1
13	255
13	253
13	1
13	214
13	253
14	94
13	240
14	27
6	6
9	1
6	255
9	254
13	1
13	255
13	254
13	118
14	211
13	1
13	254
13	1
13	1
13	253
14	215
9	1
14	1
6	254
13	254
10	253
9	1
13	1
13	254
14	1
14	254
13	1
14	253
9	1
9	81
14	255
13	254
14	1
14	150
10	10
13	1
13	1
9	1
13	253
14	198
13	11
6	92
14	255
14	255
14	254
13	142
13	255
9	256
9	1
13	254
13	254
13	126
9	254
9	254
13	1
13	1
6	219
6	1
13	236
14	197
6	254
9	12
10	72
13	216
6	254
13	1
13	236
9	1
14	254
9	1
14	46
9	1
13	229
13	178
9	1
6	228
14	255
13	254
13	1
13	1
9	237
9	1
15	148
9	1
13	256
14	1
13	173
14	1
13	67
9	51
13	1
9	200
9	254
13	164
9	157
14	1
13	1
9	65
13	1
13	78
10	147
14	254
9	1
13	253
14	1
13	200
13	1
13	255
14	36
9	1
9	40
13	254
13	254
9	228
13	1
6	42
13	1
14	256
14	1
14	1
9	222
13	254
9	253
13	1
6	1
14	125
9	255
15	254
9	1
14	236
14	1
13	254
14	1
15	251
9	1
9	1
14	64
14	1
13	105
14	253
13	12
9	1
11	160
13	229
13	196
13	254
14	173
6	12
13	134
9	254
10	142
13	251
13	223
9	16
9	254
9	253
14	57
13	1
13	229
14	23
9	1
9	254
9	254
13	1
9	83
14	200
1	254
9	152
6	254
13	204
6	193
14	256
10	4
13	74
13	1
14	253
14	56
13	1
14	185
9	253
9	1
9	253
14	119
9	254
9	115
13	1
9	22
9	240
13	1
6	255
13	162
13	253
14	228
6	254
13	1
14	1
13	1
9	1
13	1
14	1
13	254
9	115
10	1
13	256
9	206
14	254
9	1
13	1
11	255
14	254
13	253
14	236
9	255
13	1
13	254
9	255
9	253
15	201
9	254
10	191
13	255
9	1
9	250
10	254
13	256
14	218
13	144
13	252
9	208
10	220
13	255
9	92
14	1
9	61
13	1
9	1
11	1
13	21
6	1
9	252
9	256
13	219
6	129
13	1
13	1
10	253
9	1
9	14
14	253
14	1
9	236
9	159
14	1
13	254
6	1
15	254
13	46
6	255
9	37
14	1
13	94
13	1
9	1
13	1
13	254
6	188
13	1
14	1
6	254
13	254
15	255
9	1
13	254
13	110
9	182
6	129
9	256
13	112
13	254
13	238
13	1
9	1
6	82
13	255
9	1
9	1
13	237
14	16
13	192
13	7
6	253
15	254
13	1
13	256
9	1
14	137
13	254
10	253
14	116
13	255
9	169
11	206
14	88
9	255
9	37
13	1
9	76
13	186
13	1
13	232
13	251
13	245
13	1
13	152
10	244
9	255
13	43
14	254
13	254
10	1
13	254
9	1
15	39
13	1
13	1
9	170
9	253
6	164
14	255
9	254
14	194
13	1
9	253
6	1
15	1
14	1
14	206
14	255
9	1
13	254
13	255
9	112
14	191
9	253
13	118
13	1
14	42
13	253
9	1
6	242
13	48
9	255
9	256
6	147
13	1
13	255
13	254
13	1
13	1
14	254
13	1
9	254
15	1
6	11
6	255
13	254
13	143
9	165
9	1
13	1
13	254
9	231
13	1
14	1
14	255
6	6
13	254
6	255
9	4
14	116
13	1
9	1
6	1
14	255
6	3
13	254
13	256
13	52
13	1
9	80
11	253
13	135
9	97
13	256
9	255
11	254
15	22
13	210
13	69
9	106
9	254
13	1
9	10
9	255
13	1
9	1
13	250
9	199
13	256
14	129
9	233
13	246
15	209
9	1
13	211
9	146
9	254
14	171
13	93
6	190
13	254
9	110
9	112
9	219
13	1
14	241
13	129
10	1
13	1
13	1
10	256
6	33
5	254
10	1
13	1
14	11
13	139
13	14
13	252
10	212
13	1
13	231
6	254
9	173
17	254
9	13
14	241
13	254
13	254
9	255
13	254
13	256
13	1
13	202
9	7
13	1
9	177
9	1
9	44
9	255
13	253
9	1
9	228
14	61
13	1
13	237
14	255
9	96
13	1
14	224
13	1
9	1
13	256
6	1
13	253
13	1
6	256
6	256
13	71
13	253
8	254
13	228
13	254
14	102
15	1
13	254
13	1
9	188
14	1
6	238
13	244
13	255
13	253
6	53
6	223
6	1
15	254
13	81
13	1
9	4
6	254
13	86
14	254
9	254
13	11
13	1
14	1
13	253
9	182
9	254
14	254
10	124
13	225
13	255
13	1
6	13
14	256
13	222
13	166
9	74
13	256
6	1
13	68
13	254
13	253
6	51
13	19
13	1
13	223
9	196
9	1
13	228
14	210
13	254
11	1
9	255
13	1
14	244
13	1
13	1
9	254
9	154
13	2
13	254
9	1
13	255
6	254
9	124
13	138
9	1
13	253
9	1
13	254
13	137
9	65
13	254
6	1
13	237
13	254
9	121
13	92
13	1
13	256
13	255
13	1
13	1
11	254
9	1
13	254
9	255
13	2
9	253
14	233
9	1
6	255
13	252
13	1
6	70
9	252
13	256
13	1
9	1
6	253
9	9
9	235
13	1
13	255
9	126
13	254
14	255
13	44
13	1
13	143
14	24
13	1
13	254
13	1
9	1
13	236
13	1
9	254
9	216
13	1
14	1
9	1
13	140
14	104
9	224
14	193
13	1
14	1
13	124
14	228
13	255
1	1
9	255
9	1
13	180
6	212
13	1
6	1
6	1
9	1
15	1
13	253
14	1
6	1
13	1
6	255
14	44
6	254
6	1
14	254
13	254
9	254
6	254
6	129
13	149
14	250
6	8
9	256
11	254
9	256
9	198
10	256
9	1
15	107
13	159
6	166
9	1
14	254
9	254
13	1
14	43
14	254
9	1
13	1
9	255
13	254
9	51
13	254
13	62
6	1
13	12
14	91
13	254
13	254
9	254
13	163
14	254
9	1
13	254
13	1
9	255
9	1
13	255
13	254
14	254
9	1
13	1
9	164
14	1
13	14
14	234
14	45
13	119
6	196
14	1
13	253
14	37
9	254
13	254
13	1
14	1
14	254
14	255
14	198
14	254
14	147
14	254
14	254
13	242
13	1
9	126
10	253
13	253
14	255
13	177
6	1
14	162
14	255
14	144
1	69
14	149
13	254
6	1
14	219
13	1
14	46
14	238
9	149
13	242
13	30
13	254
9	1
14	28
13	118
9	116
13	111
6	1
13	255
6	1
13	1
9	130
13	1
9	256
14	5
9	89
13	253
13	235
13	256
6	178
9	233
13	146
13	237
6	254
13	255
6	1
13	153
13	225
13	11
14	1
13	1
13	88
13	1
6	102
9	242
13	1
13	254
9	185
13	155
13	253
13	149
13	115
13	243
9	255
13	33
9	1
14	140
9	256
14	1
13	174
1	254
9	254
13	1
13	194
13	1
13	95
10	19
9	1
9	254
13	1
14	1
9	166
14	1
9	1
13	254
13	241
9	1
6	1
18	193
6	1
14	253
13	255
14	1
13	253
14	1
13	253
9	125
9	201
13	1
14	250
13	254
15	242
9	253
13	256
14	1
14	244
9	98
14	255
13	210
9	37
13	160
13	199
13	1
10	35
9	113
13	1
9	178
13	255
9	254
13	254
9	254
9	255
13	1
9	132
13	177
14	1
9	190
14	245
9	256
13	256
14	254
9	1
13	15
13	254
9	153
15	253
13	1
13	129
14	249
14	95
14	129
14	254
13	252
9	170
14	144
13	1
13	253
14	25
14	1
14	90
9	1
13	1
6	255
10	254
13	40
13	90
13	254
9	1
6	1
13	192
9	1
9	1
14	1
11	1
6	187
13	253
13	11
9	114
9	1
13	129
6	255
9	256
9	235
13	230
15	254
13	254
15	1
13	255
13	1
6	1
15	248
6	254
9	255
14	254
9	186
9	73
9	184
6	1
9	227
9	1
14	31
14	1
9	254
9	187
6	1
13	256
14	242
13	256
13	241
13	199
10	254
10	254
6	253
9	221
13	1
13	227
9	254
14	1
13	219
13	254
13	238
6	1
13	17
13	253
13	255
6	40
6	254
14	255
14	87
9	1
13	254
13	254
9	254
9	1
13	254
14	129
6	177
13	1
6	155
9	81
9	206
13	84
13	178
9	110
13	253
9	254
13	99
9	253
13	254
9	256
14	253
10	254
9	255
13	1
14	126
9	255
13	201
10	125
6	255
9	1
13	254
9	1
9	114
13	1
13	3
13	254
10	236
13	69
13	256
14	1
14	254
9	1
13	111
15	254
14	1
13	1
9	255
13	1
13	250
13	213
9	228
14	33
13	254
13	210
13	241
14	241
13	1
13	130
9	253
14	1
14	1
13	10
10	1
14	1
13	1
9	192
6	67
10	252
9	256
9	1
13	1
9	41
13	7
13	248
9	253
13	60
14	255
13	253
9	1
9	253
9	1
6	6
13	128
6	1
9	254
13	211
7	249
14	1
13	90
13	232
13	1
15	253
9	253
13	1
9	256
9	254
9	11
14	171
13	135
9	1
9	255
9	1
14	28
6	1
5	1
13	254
9	255
13	255
9	255
13	1
13	203
9	162
9	1
13	254
14	255
13	192
15	256
13	255
13	128
6	33
9	1
6	1
13	93
13	256
14	254
15	254
13	256
14	1
9	146
6	254
13	1
6	1
14	169
13	1
6	1
9	254
9	230
14	1
13	5
9	254
6	1
9	255
13	123
13	217
13	149
9	101
14	190
14	224
13	1
13	1
9	216
13	1
13	41
13	254
13	57
13	1
13	206
9	252
13	1
13	253
13	226
14	254
6	165
9	256
13	235
13	254
9	146
14	1
13	202
13	155
6	160
14	151
6	252
13	255
14	54
9	1
9	1
13	1
9	254
13	5
13	255
13	1
13	169
9	255
13	217
9	234
9	1
14	1
9	58
10	1
13	255
6	194
9	1
14	1
6	150
13	2
9	1
13	1
9	254
13	211
14	237
6	62
14	233
9	10
13	14
14	129
9	1
9	1
9	1
13	80
13	117
9	192
14	254
13	225
13	254
14	254
13	234
13	53
6	162
9	1
9	254
13	1
13	1
14	255
14	255
14	254
14	192
13	254
9	13
9	1
13	255
13	254
13	251
13	231
13	1
9	1
13	132
13	48
9	1
13	254
13	246
13	47
13	255
13	197
14	2
13	241
9	90
9	253
6	255
9	256
9	254
9	156
14	1
13	180
13	1
13	199
9	93
9	3
9	198
11	254
14	189
14	251
13	1
9	1
13	1
9	254
13	254
13	1
13	254
14	1
13	126
14	175
9	155
14	254
9	170
6	51
9	254
6	1
9	1
9	171
14	9
13	237
13	255
13	140
14	172
6	39
13	220
14	13
13	173
10	1
13	234
14	1
13	70
13	254
9	25
14	254
9	1
13	254
9	89
13	1
14	253
13	1
9	1
9	256
9	26
13	222
13	255
6	37
9	201
9	253
13	1
14	254
13	1
14	254
9	1
13	255
6	1
14	254
6	38
13	254
10	155
9	1
14	1
14	1
9	229
13	241
13	199
9	238
14	1
13	1
9	1
13	254
13	256
9	142
13	1
14	254
14	90
15	57
9	236
6	128
11	188
10	254
11	254
6	254
14	1
10	252
14	1
13	1
14	190
6	1
9	110
9	255
14	253
15	253
13	253
13	240
13	255
9	255
14	1
14	56
9	1
13	253
9	27
14	255
14	1
9	1
9	1
13	256
14	256
13	46
9	254
14	107
10	1
14	1
13	254
13	227
9	1
13	146
9	247
13	245
9	1
9	1
14	1
14	12
13	1
13	160
14	254
14	1
9	255
13	254
9	253
13	254
13	1
9	1
13	254
14	1
6	1
13	1
9	182
13	42
13	255
14	254
13	253
13	1
6	1
9	10
13	255
13	156
13	254
9	255
13	1
13	1
13	255
13	223
13	28
9	11
9	1
13	253
6	254
13	35
14	255
13	174
6	254
14	254
9	1
9	73
13	1
13	46
9	253
14	65
13	1
14	151
9	254
13	1
9	228
9	1
13	254
9	1
9	1
13	1
9	255
13	254
14	1
14	1
9	191
13	1
6	1
14	37
9	227
13	9
14	236
14	206
6	184
14	254
13	200
13	253
9	256
13	1
13	254
6	32
13	254
13	1
14	67
14	255
13	253
13	20
13	254
15	256
9	1
13	254
14	255
9	1
9	1
13	1
9	1
13	254
9	6
13	7
9	146
6	158
6	1
9	1
13	1
9	256
9	254
6	254
15	1
4	254
9	253
13	1
9	107
13	1
9	1
6	1
9	254
13	253
13	104
9	1
14	254
9	189
13	91
13	190
15	8
9	74
13	28
15	253
13	255
9	254
13	1
13	255
9	242
13	151
9	255
6	1
13	97
6	74
14	1
9	1
9	1
13	255
13	184
6	1
9	122
13	1
6	1
13	1
9	256
9	97
13	254
9	255
13	250
13	11
13	243
13	254
13	255
9	142
9	1
13	255
10	33
14	1
13	256
9	10
9	249
14	254
13	255
13	72
6	11
9	1
14	254
13	225
9	1
13	254
13	1
14	1
9	254
13	1
9	1
14	248
14	139
6	1
9	5
6	255
9	254
13	252
14	1
6	254
9	197
15	99
13	1
6	254
9	66
6	140
13	1
10	70
14	1
13	254
13	1
6	1
9	1
9	1
6	57
13	1
15	1
9	253
13	129
13	166
14	254
14	254
13	254
9	1
9	234
6	254
13	1
10	1
13	32
9	254
14	1
13	1
14	254
14	1
13	1
13	175
6	255
14	217
9	131
13	22
14	1
13	227
9	108
13	156
9	1
13	254
13	6
13	14
6	255
13	85
13	1
13	253
9	1
9	57
6	193
14	70
9	1
14	254
10	253
14	1
13	1
14	256
9	249
9	1
9	39
9	231
9	255
13	255
13	1
9	254
13	254
13	1
6	234
6	218
14	1
15	153
6	254
13	1
6	222
13	255
14	253
9	139
14	191
13	254
13	251
14	255
14	1
14	245
13	254
9	254
9	192
13	253
13	253
6	254
9	1
9	1
13	30
14	118
13	250
5	253
9	97
13	254
9	240
15	255
14	254
13	216
13	1
13	254
13	1
13	4
14	162
9	253
14	254
10	254
13	175
13	254
13	1
13	1
13	1
14	1
13	254
13	254
13	253
13	98
1	254
9	1
13	90
9	1
14	1
13	131
9	253
14	256
13	255
13	1
9	1
6	235
14	1
6	254
9	93
17	74
9	13
14	183
13	255
9	1
13	1
9	1
9	165
9	252
9	1
9	254
14	1
9	6
9	1
6	254
13	255
13	254
15	1
14	83
9	159
14	1
13	254
9	254
9	243
9	254
13	256
14	253
13	15
13	1
13	254
13	231
6	254
9	255
13	1
9	3
13	254
14	255
13	69
10	251
9	254
9	187
13	1
14	225
13	254
14	122
14	129
15	1
14	256
13	156
13	254
13	1
9	207
13	254
14	1
13	254
15	254
9	1
9	1
9	1
9	254
14	1
6	224
9	1
9	1
14	254
13	1
9	36
9	256
9	230
13	254
9	115
9	151
13	1
14	1
9	254
6	253
14	1
9	253
14	187
14	246
14	254
14	1
13	1
14	1
13	255
14	254
9	254
6	1
13	191
13	253
9	1
9	1
15	248
13	51
10	227
6	110
9	99
13	1
9	1
6	253
9	146
13	236
13	255
13	1
13	1
13	37
13	234
9	255
9	1
13	181
13	1
6	245
6	65
13	1
13	252
13	1
14	254
14	1
13	254
9	1
13	1
14	252
13	216
14	1
14	1
9	216
13	7
9	54
14	254
14	254
13	1
9	1
15	1
13	84
6	1
6	244
13	1
13	191
14	250
6	1
14	111
9	254
13	1
13	134
9	199
13	1
9	253
13	1
6	150
9	1
13	1
9	252
9	254
14	1
9	37
13	254
9	1
9	254
14	129
13	86
9	218
13	1
9	1
13	252
9	254
3	254
13	212
14	254
13	254
13	252
13	1
9	255
10	255
11	256
9	253
14	1
6	1
13	253
13	254
9	1
13	138
13	207
9	1
13	253
9	93
13	255
13	253
13	247
13	129
9	1
6	254
13	150
13	114
14	1
14	254
14	164
13	253
13	1
14	253
9	1
13	1
13	254
9	1
9	254
13	1
9	138
13	1
9	231
13	254
14	254
13	1
6	14
9	187
9	1
13	228
10	1
14	1
9	255
13	254
14	254
13	129
13	250
13	240
9	1
9	162
14	242
14	1
13	251
9	27
9	254
13	12
14	222
9	254
13	217
13	18
13	254
13	90
9	48
14	1
13	1
13	254
13	255
13	254
10	256
13	254
13	27
15	253
13	206
13	227
14	248
13	39
9	1
9	1
13	1
14	256
17	1
9	255
13	90
9	59
14	255
13	256
13	163
9	75
13	1
13	1
10	254
9	103
9	115
7	244
13	1
13	254
13	211
13	1
9	144
10	1
9	253
13	139
9	236
13	22
13	211
15	182
13	254
14	120
13	224
14	195
13	1
6	162
13	97
9	1
13	1
14	231
13	253
13	248
13	254
9	8
9	146
9	79
13	1
13	254
9	254
17	1
14	1
13	253
9	256
13	254
9	1
13	225
9	254
13	249
13	12
13	243
6	1
6	1
14	1
9	255
13	43
9	1
14	89
13	201
6	1
9	1
6	225
13	54
14	81
14	140
6	45
13	1
9	5
13	1
10	254
6	254
6	1
13	1
13	1
9	1
9	151
13	1
13	148
9	1
9	1
13	46
14	166
6	1
6	42
13	14
11	242
9	256
9	1
13	1
9	253
14	106
13	173
6	256
13	254
6	1
13	255
14	1
13	25
13	253
13	238
13	1
13	254
14	218
14	254
9	1
9	189
13	255
13	1
9	142
9	1
13	212
9	256
9	254
14	254
13	182
13	254
13	174
14	254
9	255
13	200
13	193
14	71
13	22
13	224
13	1
13	25
9	253
13	1
9	255
9	149
9	1
13	254
9	254
13	1
14	253
6	1
15	198
13	254
9	192
14	254
6	254
13	254
13	178
13	136
13	1
14	130
9	254
9	253
13	198
14	254
13	218
15	1
14	1
13	161
9	254
14	254
13	156
13	1
6	210
6	8
6	254
13	147
9	254
9	1
9	255
13	215
14	6
13	249
13	255
13	116
9	254
14	1
13	216
13	210
9	166
10	254
6	252
9	1
13	1
14	49
14	113
13	254
13	171
13	1
6	255
10	201
6	110
13	254
9	255
14	146
9	254
13	255
13	255
9	1
13	1
6	255
9	1
10	216
13	108
9	164
13	1
9	1
5	1
13	253
6	1
13	156
9	64
13	1
9	254
13	1
6	1
9	254
13	1
6	1
11	32
14	254
14	254
10	47
14	253
13	254
10	1
9	254
13	254
13	1
9	210
9	255
13	256
13	255
9	1
13	1
13	254
13	1
13	252
9	1
13	255
13	1
13	255
9	1
13	236
14	133
14	199
13	254
6	1
14	253
13	1
13	138
9	11
13	1
9	105
15	86
14	253
13	234
13	175
9	256
9	253
9	9
9	231
14	1
6	1
14	255
13	255
9	201
13	216
6	148
10	1
9	228
13	1
14	77
14	254
13	1
15	237
14	253
6	165
9	1
13	192
9	77
6	1
14	228
9	1
13	255
14	254
13	254
14	1
13	254
15	1
9	255
6	226
13	255
13	254
13	181
14	255
6	1
9	1
9	254
14	253
9	8
13	1
9	1
11	114
9	1
13	144
13	1
13	239
9	197
12	254
9	255
9	1
13	184
13	254
13	253
9	253
9	20
13	65
13	254
9	1
9	1
13	1
13	1
15	254
9	254
9	254
13	253
14	13
9	248
13	254
9	1
13	1
14	1
14	5
13	254
6	1
10	255
9	12
9	1
13	1
14	180
14	236
9	250
13	132
9	1
13	29
14	150
13	1
13	1
13	88
6	1
10	147
14	11
13	1
13	1
13	253
13	31
13	173
10	256
13	237
10	1
13	254
9	254
13	1
6	217
13	254
14	193
13	12
14	254
9	255
13	135
9	122
9	1
9	252
14	200
6	206
10	82
10	253
13	1
13	1
9	188
9	171
6	157
2	214
13	162
9	254
13	166
6	9
13	224
9	243
9	1
6	202
13	1
11	253
13	144
9	224
13	254
9	1
14	1
6	207
13	22
9	255
15	1
13	253
15	1
14	1
13	1
13	104
14	41
13	256
9	237
13	253
13	255
13	1
14	228
13	1
13	253
9	31
6	1
9	255
13	136
6	240
14	5
13	173
14	1
14	253
9	1
13	158
9	254
9	47
3	254
14	256
13	194
14	1
6	254
13	7
9	255
13	255
13	1
13	254
14	129
9	251
10	256
13	119
10	29
13	113
11	1
14	50
9	254
13	233
6	1
9	114
9	254
14	254
14	254
9	9
13	1
6	255
9	254
13	173
13	254
10	233
9	255
13	256
6	1
14	255
14	256
13	1
10	167
14	254
14	1
9	1
13	71
13	107
9	1
9	255
13	1
13	192
10	57
9	1
13	217
10	212
15	145
13	255
9	1
9	255
13	1
13	255
13	1
14	1
9	142
13	234
9	255
13	1
14	112
6	235
9	1
9	1
13	1
13	44
9	254
13	1
6	38
10	1
14	1
9	254
13	1
13	255
9	1
6	254
9	253
13	88
9	1
11	254
14	135
14	226
9	255
13	254
9	1
13	1
6	255
13	254
14	1
14	161
13	254
14	14
13	254
13	1
13	1
13	1
9	255
13	254
6	255
9	253
13	254
6	1
9	255
10	1
14	47
13	253
13	1
13	129
13	122
9	254
14	254
13	102
9	37
13	1
15	129
13	6
9	243
13	1
13	256
9	20
14	254
13	1
13	253
15	186
13	244
13	235
13	252
9	254
9	112
13	1
11	252
1	82
13	254
9	254
9	1
14	1
13	226
13	228
13	255
13	1
9	1
9	256
13	237
10	1
15	1
9	255
13	201
14	220
13	253
9	253
13	194
6	155
14	83
14	1
13	255
13	254
13	24
13	170
6	254
9	1
14	1
13	1
13	183
9	1
9	254
9	227
9	254
18	1
9	254
10	253
13	1
13	1
9	249
6	1
14	1
14	123
6	255
6	253
13	81
15	1
13	253
13	255
9	1
9	196
13	255
13	1
13	253
9	253
13	134
13	1
13	1
14	254
9	1
6	254
13	255
13	37
14	254
14	23
13	255
13	177
10	127
13	87
6	1
9	1
13	1
13	254
6	251
10	1
6	230
9	1
13	167
13	255
13	1
15	136
13	251
13	145
6	255
13	1
14	200
13	253
13	129
9	181
13	255
9	253
14	254
13	1
13	1
9	1
9	1
14	255
9	254
14	1
14	256
14	255
13	252
14	1
13	48
14	116
13	253
13	1
14	129
9	254
13	75
6	254
13	236
6	254
9	146
14	253
13	1
13	256
6	148
17	254
6	255
14	254
14	234
9	54
9	255
14	255
9	138
9	1
6	253
10	188
13	253
13	253
13	1
13	254
9	254
6	1
13	152
13	255
14	1
13	1
13	149
9	25
6	219
9	1
6	1
9	83
13	135
10	1
13	254
15	250
13	97
9	247
9	253
15	1
14	237
13	255
14	253
12	1
6	1
13	253
13	155
9	210
13	45
9	253
13	33
14	199
13	253
9	32
13	224
13	1
14	240
13	238
13	256
13	242
14	10
13	1
13	1
14	253
4	249
14	1
13	117
14	1
13	254
14	254
13	218
9	1
9	230
13	63
13	255
6	1
14	254
9	15
9	252
6	35
13	256
6	254
14	211
9	5
13	225
9	246
6	192
13	255
14	1
13	249
14	256
14	254
13	1
14	129
13	9
14	253
13	1
13	84
9	1
13	1
13	1
13	159
13	1
9	1
13	254
6	249
9	254
9	1
14	1
6	254
13	255
14	238
9	255
6	197
9	249
13	241
13	13
6	1
9	255
13	255
13	206
9	254
6	18
9	255
13	1
9	1
10	255
14	134
14	55
13	255
13	255
9	16
14	1
13	26
11	254
9	171
6	250
6	254
14	58
14	237
11	253
6	56
14	219
6	1
13	1
13	1
14	254
9	166
14	81
6	8
13	255
13	254
13	254
13	253
13	253
14	199
13	182
9	67
13	186
6	254
13	227
13	1
13	255
9	1
13	254
13	254
13	1
15	197
10	1
13	251
13	253
13	63
13	1
10	255
13	121
14	1
13	109
6	255
9	1
9	1
9	1
13	173
13	235
9	254
13	1
13	1
13	255
13	254
9	241
13	254
6	239
15	206
9	1
9	1
6	255
6	254
13	1
15	23
13	254
14	168
13	254
14	254
13	253
13	254
14	244
9	1
6	1
6	182
13	95
13	252
13	1
13	11
10	255
13	1
13	253
13	227
13	1
13	1
13	1
13	91
10	244
14	254
13	252
9	1
5	255
6	254
14	1
13	1
9	5
9	9
13	1
14	254
14	6
6	1
14	248
11	254
9	255
9	235
14	7
9	1
6	256
9	254
13	1
13	8
13	253
13	139
9	1
13	1
14	1
13	1
13	184
13	1
14	33
14	254
13	1
9	1
9	1
13	1
14	255
13	1
6	254
14	255
14	162
13	162
14	40
6	254
13	237
14	254
9	191
13	1
13	1
13	222
13	1
13	254
9	122
13	254
9	1
14	184
6	1
6	67
13	253
14	1
9	1
14	91
6	1
13	132
9	27
13	255
13	254
6	142
13	146
13	128
6	256
14	255
13	1
13	254
9	254
13	231
13	1
14	256
14	44
9	255
6	253
13	255
13	255
13	170
9	219
14	225
9	254
9	97
10	147
9	254
13	146
14	253
9	238
13	1
9	129
13	254
13	255
13	225
14	74
14	39
13	57
6	253
13	82
9	80
14	148
13	254
14	254
9	1
6	254
13	1
13	1
14	1
13	129
6	256
14	254
14	180
9	254
14	226
13	1
9	254
11	1
14	1
13	134
9	1
10	128
13	254
9	254
13	1
6	1
6	1
13	255
13	254
13	255
13	254
13	1
6	1
9	1
13	155
9	252
9	168
13	255
13	253
6	1
13	253
13	158
14	254
13	254
10	242
9	1
9	253
13	1
13	1
13	144
13	144
9	27
12	253
13	256
14	255
13	253
9	256
13	254
9	254
16	254
14	97
14	253
9	177
13	98
9	22
6	253
14	182
13	1
13	96
9	255
9	30
9	57
9	1
9	1
14	1
9	201
9	254
13	146
9	231
14	254
14	241
6	254
13	86
9	256
13	254
6	31
9	1
10	254
14	192
13	6
9	254
9	227
13	254
9	254
10	1
14	7
13	207
9	1
9	1
13	51
15	164
9	172
9	222
9	25
13	255
14	173
14	148
13	253
14	1
15	17
14	1
13	57
13	109
9	1
13	254
6	1
13	1
14	41
13	169
13	254
13	1
9	1
13	1
9	166
13	144
14	1
13	252
14	1
9	1
15	246
13	11
14	1
13	99
13	1
9	141
13	254
14	1
13	136
13	3
9	254
14	1
9	244
9	255
13	254
9	255
10	1
9	188
14	1
6	1
13	255
13	253
13	1
9	206
9	1
13	253
14	253
13	229
13	49
9	254
13	254
9	1
14	102
13	254
13	59
6	254
9	1
9	1
9	200
14	254
13	1
13	56
13	123
14	136
13	1
13	253
13	256
9	154
13	109
13	1
13	254
14	127
9	194
14	70
6	254
9	1
14	1
9	171
13	1
6	16
9	1
13	254
9	73
13	175
13	7
6	10
9	252
9	48
13	1
13	254
13	67
13	1
13	253
14	136
9	254
9	1
9	254
6	58
9	46
6	85
13	1
13	1
13	145
6	142
9	1
14	13
13	216
9	153
13	181
14	1
13	253
13	1
13	254
13	179
13	253
9	254
13	253
13	253
9	253
9	67
14	254
14	1
13	255
6	67
15	247
13	1
13	25
13	192
13	187
9	132
9	1
9	1
13	1
14	255
9	1
10	256
9	239
6	254
14	253
9	226
13	252
6	1
14	1
9	109
13	254
9	254
10	193
14	254
6	39
13	1
6	254
9	254
15	163
13	232
9	215
14	131
13	211
9	253
9	165
9	216
9	192
13	119
14	92
13	1
9	179
13	150
13	253
13	255
9	1
13	213
14	249
13	1
13	140
13	255
9	255
13	1
9	1
14	248
9	254
13	255
13	75
14	1
10	254
9	255
13	1
13	1
10	255
9	239
13	1
6	1
13	26
13	1
13	254
13	1
14	112
13	254
6	1
14	1
9	1
9	254
15	102
6	93
9	1
10	256
13	255
15	1
9	1
9	253
9	130
13	256
9	223
13	255
13	35
10	254
13	254
13	254
9	253
13	66
14	1
9	254
9	1
9	252
13	245
13	255
6	160
9	172
13	255
14	256
9	195
13	1
6	252
13	1
13	254
13	252
13	12
13	126
1	255
13	84
14	224
13	1
13	252
9	228
13	74
13	254
14	230
13	12
10	49
13	103
9	223
13	1
10	39
14	1
9	1
6	191
9	232
14	44
13	253
9	1
9	25
14	184
14	26
13	1
14	256
13	189
6	1
10	181
9	255
10	254
13	103
9	22
13	1
13	162
13	254
14	256
13	47
9	1
13	1
13	1
6	1
6	255
6	1
13	254
9	103
9	142
13	140
13	254
9	254
14	234
14	5
14	254
13	106
14	107
9	1
9	97
13	254
14	204
13	1
13	231
10	254
9	157
13	152
13	255
6	255
13	155
9	253
13	43
13	254
13	1
9	149
9	254
14	1
6	254
13	254
9	234
9	255
9	254
13	253
13	255
14	255
13	150
15	1
13	254
13	1
14	253
14	255
9	254
9	26
13	255
6	74
14	241
13	186
10	38
6	42
6	1
9	1
13	1
9	1
13	1
6	255
14	214
9	254
13	11
9	1
9	254
14	253
6	1
14	173
9	192
18	1
14	1
13	1
9	140
13	254
13	253
13	255
13	254
14	1
13	219
14	4
13	1
14	135
13	142
10	129
13	150
9	26
13	8
14	253
13	1
13	1
10	1
9	255
9	93
9	1
14	115
13	62
14	98
14	256
14	164
9	1
13	1
9	234
13	188
13	89
13	64
6	1
13	85
13	159
9	235
9	254
9	1
13	1
13	256
13	255
13	138
13	1
10	1
6	150
14	1
13	1
13	253
9	1
13	175
13	254
9	253
13	1
13	256
13	255
13	21
15	1
13	231
13	63
14	254
9	25
13	255
13	47
13	229
13	1
14	254
10	1
13	239
14	1
9	254
13	1
9	73
9	1
9	255
14	83
13	1
13	255
9	1
13	2
6	164
9	34
13	254
14	1
13	27
13	1
6	1
13	255
14	254
13	2
9	1
14	253
13	256
15	46
13	53
15	222
9	1
9	254
9	150
14	1
13	1
13	232
13	254
9	1
9	144
9	1
13	1
13	234
9	234
14	253
9	51
15	1
14	1
13	1
13	40
13	255
9	253
10	134
9	1
13	1
9	68
6	1
9	1
14	1
9	22
6	70
13	255
9	256
13	1
13	1
13	1
9	29
13	1
13	219
13	255
9	242
9	1
9	1
13	129
14	233
13	1
14	197
9	172
13	254
9	1
10	27
9	18
13	256
14	229
14	1
14	1
13	1
9	57
6	1
13	1
13	1
6	216
13	127
13	1
14	233
9	1
9	1
10	135
14	255
9	252
14	2
9	218
6	254
13	143
14	249
9	161
14	245
14	34
14	253
14	254
13	254
13	252
10	255
9	1
6	214
14	254
13	247
13	254
14	1
14	95
13	253
13	254
13	20
9	60
9	241
13	1
14	254
13	1
14	1
13	240
13	255
14	255
9	204
9	255
9	230
9	146
9	252
13	251
9	12
13	1
15	254
9	1
14	1
14	134
13	155
13	253
9	1
13	253
13	211
13	1
6	254
14	1
9	160
9	111
9	50
9	3
10	254
13	166
13	22
13	1
9	230
9	1
13	255
13	1
13	17
9	1
14	1
13	250
6	219
15	111
13	256
13	1
9	208
9	129
9	1
13	106
9	255
6	10
9	1
13	62
13	253
15	254
9	32
13	1
9	255
10	254
13	255
13	255
9	1
13	1
6	253
13	255
13	254
9	1
13	256
10	45
13	253
9	253
13	255
14	254
9	1
9	253
13	160
9	255
14	1
14	246
13	3
9	1
14	256
14	202
13	94
13	1
9	255
9	1
6	253
13	235
13	230
14	1
6	1
13	253
9	254
15	254
14	1
13	206
9	239
13	1
13	255
13	254
9	1
9	1
13	255
13	121
10	213
11	30
14	1
9	1
15	202
14	1
14	185
6	255
13	254
9	119
14	254
13	254
13	253
13	207
13	254
15	120
9	215
9	1
13	89
13	1
14	1
9	1
6	253
13	170
13	254
10	1
13	1
13	251
11	111
9	101
6	255
10	155
13	127
14	255
13	1
13	1
10	29
9	158
14	1
13	1
14	144
14	254
13	254
13	1
14	1
13	177
14	254
6	253
13	254
13	1
9	1
9	130
14	255
14	253
13	255
6	250
10	1
14	255
1	255
15	51
13	1
9	1
14	253
13	253
13	15
13	174
13	255
13	255
14	86
13	1
14	254
13	1
13	51
13	253
14	119
13	1
14	254
9	1
9	255
13	254
11	1
6	75
13	249
9	23
13	253
13	83
14	254
14	1
13	1
14	223
10	239
14	46
9	1
14	256
13	148
9	1
13	253
6	1
6	230
9	118
9	255
14	22
9	1
14	254
9	250
14	254
13	255
15	255
9	175
13	131
13	237
10	255
14	255
6	1
6	150
14	115
14	254
9	254
9	254
9	25
13	253
6	115
9	1
9	255
14	1
14	254
13	8
14	254
9	1
6	214
10	56
9	172
13	48
13	1
14	190
9	24
9	1
14	250
13	252
13	230
6	187
13	1
9	255
14	14
9	254
9	1
14	255
9	253
13	255
6	1
14	3
13	254
9	1
6	109
9	253
13	106
13	237
15	1
13	1
9	251
13	1
9	110
9	255
9	255
13	9
10	253
10	254
9	254
13	1
9	76
13	70
13	256
14	1
13	1
14	139
9	252
14	104
13	69
9	162
13	227
9	241
9	1
13	207
13	1
13	254
6	253
6	254
13	1
6	253
13	213
13	1
14	57
14	243
9	1
9	129
9	1
13	254
13	1
14	253
13	1
13	254
13	102
6	255
6	255
13	1
9	89
6	135
9	31
6	201
14	256
14	254
13	253
14	254
13	181
6	1
13	1
9	1
13	253
13	254
10	1
14	1
13	1
9	214
9	255
9	218
6	255
13	255
14	39
13	1
15	254
9	1
13	156
14	239
9	251
17	253
13	1
13	196
13	1
14	255
13	1
9	33
9	1
13	1
13	255
14	254
13	251
9	165
9	255
13	198
9	253
9	254
9	254
13	51
13	254
6	239
13	1
13	86
13	254
13	253
13	184
14	252
9	241
13	254
6	254
13	256
13	1
15	1
13	252
13	114
13	253
13	1
13	1
13	226
9	1
13	1
9	207
14	77
6	1
14	174
6	225
14	206
14	254
6	223
14	1
13	161
9	181
9	226
6	255
14	157
13	1
6	209
9	1
13	196
13	167
13	253
14	255
13	1
9	1
13	1
14	1
13	244
9	242
13	23
9	1
10	39
13	255
13	253
13	253
9	208
13	219
13	4
14	248
14	1
9	1
6	1
14	253
9	255
14	7
13	256
14	39
13	1
13	254
13	1
13	1
14	175
10	217
9	212
9	163
13	234
6	1
14	56
14	237
15	1
9	254
13	106
9	255
13	1
9	1
14	108
10	184
9	254
6	123
13	254
14	30
13	65
9	1
14	254
14	125
14	1
10	256
13	2
13	15
13	252
13	163
6	162
13	123
13	254
13	1
9	253
13	1
13	253
13	243
9	256
13	256
13	112
14	254
6	37
14	254
14	2
9	127
13	1
13	1
10	255
13	246
9	1
13	1
6	1
9	1
14	99
9	20
13	255
10	254
9	217
13	59
14	141
14	256
13	145
13	1
9	160
13	1
13	177
13	1
14	100
14	70
13	69
9	205
15	245
9	242
9	7
13	207
6	255
9	1
9	164
13	1
9	192
13	254
10	221
13	1
6	253
15	255
9	235
9	1
9	254
14	203
13	1
13	253
9	1
9	1
13	1
14	252
9	254
14	253
9	238
9	1
18	99
13	112
9	237
9	1
14	255
13	172
10	90
6	203
13	1
9	253
13	254
6	253
14	255
13	254
6	226
14	255
14	253
6	40
9	254
13	1
13	254
13	1
9	256
13	1
13	65
9	157
13	1
13	1
9	1
14	204
13	209
13	254
9	1
6	1
13	255
13	254
9	1
13	187
9	244
6	251
9	54
9	25
9	255
13	1
14	1
13	254
11	1
13	81
9	79
10	1
13	15
9	20
9	42
6	254
14	228
14	111
9	253
15	1
7	206
9	1
13	67
13	148
14	255
13	1
9	248
9	254
14	1
13	1
13	200
13	234
13	255
14	156
15	254
9	18
13	1
13	58
6	255
6	256
14	256
13	193
6	1
13	255
9	1
14	1
9	253
13	79
14	151
11	7
13	255
10	56
13	1
9	93
9	254
13	199
9	1
13	1
13	109
10	253
10	1
6	179
13	1
14	100
13	247
14	1
2	1
6	254
13	256
13	254
9	253
13	1
13	253
9	1
14	254
14	178
13	1
13	1
10	255
13	1
13	255
13	1
6	184
14	256
9	254
14	1
13	1
14	256
6	1
13	214
13	1
6	1
14	251
9	255
13	255
14	1
9	232
13	255
13	254
13	115
14	1
13	169
9	53
9	64
13	211
14	21
9	255
6	244
13	255
9	1
9	39
14	27
9	1
13	1
9	1
9	254
9	255
13	1
6	30
14	1
13	27
16	1
9	1
10	254
13	33
6	253
9	1
9	1
9	255
13	255
14	149
13	210
13	255
9	242
6	254
13	255
9	1
14	255
9	255
9	119
13	254
9	236
14	255
9	1
13	1
13	1
13	3
11	1
14	1
3	256
9	172
13	17
14	120
6	253
14	10
9	1
13	249
13	1
9	115
6	1
9	1
14	1
13	254
13	243
9	1
13	1
9	94
14	186
13	255
13	251
9	20
9	1
13	193
13	254
14	1
13	206
14	6
9	237
13	1
9	1
6	1
13	1
9	1
13	254
6	1
13	254
14	1
13	255
13	227
1	52
14	1
13	1
14	256
9	250
14	254
14	1
13	1
13	107
9	234
13	253
9	253
13	253
14	92
13	1
9	120
9	14
9	131
6	255
13	1
9	1
13	1
13	71
13	53
13	253
13	1
13	245
9	253
14	256
13	1
13	94
6	129
13	50
6	253
13	1
14	255
13	77
18	1
14	253
9	145
13	150
6	1
9	148
13	1
6	115
14	253
13	254
13	255
14	254
14	1
14	256
13	253
13	1
10	255
13	1
10	145
13	1
13	171
9	113
14	68
6	77
13	150
6	1
14	218
14	144
6	1
13	47
13	173
6	52
13	252
9	79
9	218
13	1
9	36
13	1
13	254
14	1
13	1
9	255
9	1
13	65
9	1
13	254
9	1
13	233
13	255
6	1
13	1
13	1
6	1
9	103
13	162
13	220
13	199
13	1
9	1
13	254
13	1
9	87
13	1
13	256
13	1
13	85
9	254
6	254
9	1
9	211
13	1
13	254
14	163
13	1
9	156
9	254
13	1
13	1
9	253
13	199
13	255
14	255
14	1
10	1
14	254
13	1
14	230
13	254
6	90
13	250
14	2
13	1
9	253
13	252
6	81
13	256
15	174
9	81
6	254
13	253
13	1
6	1
13	199
14	1
13	230
14	1
13	254
9	254
13	1
9	1
13	99
13	244
9	229
13	1
14	170
9	1
14	189
9	254
14	160
6	253
6	140
6	1
13	20
13	254
14	1
9	1
9	1
17	1
13	1
13	252
10	1
9	211
14	171
13	148
10	255
14	214
6	253
13	248
9	256
14	233
15	1
13	1
6	170
9	35
13	254
13	254
9	255
13	1
13	253
9	253
13	1
6	1
14	12
13	231
6	219
9	1
9	1
14	254
9	1
10	254
9	111
9	1
10	255
6	1
14	1
9	254
9	116
13	1
13	3
6	1
13	255
13	1
13	1
13	253
14	253
18	184
9	1
6	1
9	58
9	254
13	1
6	159
13	180
9	254
13	101
9	254
14	35
6	223
6	254
13	254
14	90
13	27
13	1
14	161
6	253
9	1
13	1
6	171
9	1
10	138
13	254
6	151
9	254
9	37
14	135
18	55
9	1
13	255
13	1
9	200
9	1
13	135
13	1
6	1
13	1
13	218
13	1
13	42
9	254
13	106
13	133
9	103
13	8
13	255
13	254
14	1
9	255
14	1
10	255
13	1
13	253
14	242
13	1
9	131
6	255
13	224
13	256
13	1
14	1
14	254
14	253
14	1
9	233
13	255
6	1
13	1
9	71
13	219
9	254
14	1
14	133
6	1
9	230
13	14
13	160
13	1
10	254
6	255
10	1
6	38
13	254
9	163
9	234
14	254
6	159
6	11
14	6
13	254
9	1
9	101
14	1
13	1
13	200
13	1
10	256
13	254
13	254
13	254
9	193
13	138
14	1
14	256
14	141
6	1
9	256
13	255
14	1
14	254
13	143
13	1
6	227
6	225
9	25
13	10
10	245
9	255
13	113
9	1
14	254
13	1
14	1
13	1
14	1
14	1
13	253
13	1
13	1
6	215
6	1
13	254
13	69
9	1
13	256
13	1
6	1
9	1
13	1
6	254
15	255
6	1
14	254
14	1
14	24
10	164
13	255
13	214
6	188
13	30
9	1
11	255
13	226
9	1
13	205
14	169
9	253
6	1
6	251
9	1
14	212
13	254
14	1
10	1
9	22
6	256
15	46
13	68
14	255
13	253
9	254
13	192
13	196
14	248
14	253
14	255
13	1
13	1
13	255
13	250
13	192
9	1
9	152
9	1
13	171
13	253
9	111
13	254
13	254
6	1
13	254
11	1
14	254
13	163
13	254
13	199
9	1
9	88
13	255
9	1
14	1
6	1
13	254
14	13
13	255
14	62
13	231
13	1
9	255
9	255
9	254
6	254
9	68
13	253
13	195
14	1
6	199
14	191
9	1
10	255
13	1
9	254
9	254
9	1
6	235
13	83
13	192
10	255
6	251
6	1
9	1
13	255
9	254
14	10
9	1
9	20
13	1
14	1
9	252
13	5
15	88
6	3
9	121
15	96
6	224
13	254
18	254
13	255
9	253
9	1
13	39
13	69
13	50
9	254
15	255
14	113
14	1
9	254
13	255
13	253
13	1
13	215
13	235
9	1
13	1
14	209
9	1
14	253
14	156
13	85
13	253
6	15
6	1
14	252
5	1
9	251
10	248
14	1
9	1
14	254
13	254
13	254
13	181
14	254
13	147
14	157
13	69
9	1
14	165
13	252
13	178
9	1
9	218
14	203
9	1
9	208
13	68
9	121
13	242
14	1
14	249
14	1
6	1
13	1
13	162
9	1
6	253
13	255
6	1
13	45
15	1
13	1
10	253
14	1
6	174
14	253
6	12
9	254
14	1
13	1
13	52
13	253
13	194
13	1
13	255
6	1
13	218
13	179
13	228
13	253
13	254
13	254
6	41
13	38
13	1
6	234
9	203
13	41
13	33
14	1
14	254
13	107
13	1
6	232
9	1
13	252
9	253
14	253
9	148
13	1
13	255
13	193
13	1
13	1
14	224
13	254
9	239
13	255
13	74
13	244
14	1
14	145
6	136
13	254
9	121
9	1
9	255
13	1
13	255
6	1
15	1
9	255
13	255
10	1
13	255
9	128
9	1
14	213
9	66
13	115
13	255
6	1
6	253
13	1
11	1
9	1
13	119
13	1
13	251
13	207
9	226
14	251
13	1
14	1
9	192
9	122
13	254
13	251
13	153
13	256
13	252
13	253
15	29
13	243
13	1
13	182
13	71
13	255
14	255
13	253
14	169
13	70
9	93
13	256
9	1
13	218
9	1
13	1
14	1
13	1
6	1
9	61
10	256
6	173
13	1
14	254
13	1
9	1
13	138
13	254
13	223
14	254
9	255
14	1
13	253
14	254
13	205
13	217
9	1
13	1
9	254
10	254
13	1
13	253
13	255
13	254
13	243
13	56
13	1
13	1
13	170
13	254
9	1
14	1
13	248
13	255
14	198
14	1
9	1
13	9
13	1
14	252
13	254
10	219
10	145
9	6
13	253
13	60
13	1
6	187
9	1
6	1
9	123
13	220
13	134
10	231
15	1
9	254
13	1
13	204
14	254
11	253
14	1
5	254
13	1
13	1
9	100
13	1
9	1
13	115
14	140
11	1
13	219
13	1
13	254
13	103
14	68
14	255
13	254
13	198
13	255
13	63
9	1
9	1
9	255
13	1
9	256
9	1
9	254
9	253
13	254
9	254
13	38
