19	1859
465	1013
1756	4582
15	3411
43	2518
77	4001
45	4048
47	2853
408	6827
16	3213
64	3934
35	3659
5	2242
284	2899
21	4159
49	5429
17	2786
192	6159
64	3088
35	6298
170	3318
22	753
283	5279
67	7703
1534	3094
124	3775
500	1721
103	1985
127	1022
57	1935
765	3656
15	5052
498	2184
29	3916
124	2277
75	5994
34	2965
73	2522
70	1131
69	1662
350	2500
133	3580
135	4691
37	3692
1	4927
9	3200
132	3588
87	4997
428	2646
123	2927
307	4229
80	5307
173	5091
307	4624
89	3340
61	2737
30	4489
63	7214
40	3362
208	6652
163	2055
17	4323
52	2256
58	3284
165	4243
21	3065
325	5471
385	983
851	7742
71	3327
20	3529
31	2337
50	4342
20	2364
268	2054
324	3872
33	2408
279	964
23	4445
26	3605
37	3988
176	2787
857	4119
56	4056
38	3324
27	3902
16	1133
401	1737
34	3347
30	1388
167	1896
41	1325
39	4764
41	1870
18	2953
14	4977
232	4308
27	1155
118	490
75	2205
8	4489
83	3506
250	4547
521	4953
824	5291
50	5900
27	4784
116	4214
657	4790
42	2088
129	5208
343	5909
57	5923
45	3425
58	3960
93	1799
95	4969
745	3819
105	7272
22	3949
2338	1634
71	1058
62	5365
605	5298
616	3883
514	5514
44	4871
569	2116
249	1798
49	1919
636	3796
1454	1606
631	4077
149	4958
28	2579
110	3132
38	2818
755	2447
570	5547
164	4080
26	6463
27	4489
107	3203
122	2706
128	5061
5946	5281
5350	145
43	3889
2827	832
339	3154
38	1550
66	1165
48	2272
866	987
177	4071
23	2542
17	3546
23	4379
192	6489
41	5377
300	4111
317	6195
107	7215
46	3714
18	7099
1967	4990
42	4250
135	2299
51	4248
33	7267
20	3880
125	2301
153	652
17	2001
41	6959
136	3513
546	3716
24	6155
20	3763
57	2505
122	6407
264	3397
320	3764
41	5215
129	3768
35	6826
47	2479
1092	2937
2133	1531
152	1483
95	3306
1009	4476
376	4026
235	4643
81	1821
29	1711
345	2464
37	1137
31	5143
133	2021
108	5836
149	3393
346	3896
342	1854
118	3234
84	1905
74	5691
144	2724
299	2137
46	1137
344	6615
20	2669
104	6723
101	2784
185	4442
411	7040
30	6188
3140	4278
166	3878
3484	5140
442	2977
247	2494
99	2320
79	5223
42	2423
3049	3346
342	5458
187	4614
67	7036
36	1824
354	5009
35	1711
152	2407
142	6521
60	3192
44	2698
65	5189
38	7461
302	5460
65	3694
238	2899
51	3515
330	6522
165	4257
83	2214
32	3384
25	845
130	2254
22	2715
241	2157
192	2759
96	4355
35	2717
16	3850
505	6050
21	6441
224	7134
39	2152
57	5334
43	6844
139	8261
73	3801
21	6834
242	1107
120	2253
22	1322
205	2917
693	5590
219	4950
69	6028
245	2319
24	2354
46	7246
157	2337
75	5604
61	4038
17	3604
27	3437
7	2058
333	4753
60	2364
27	535
106	2526
45	3568
13	5813
47	4473
37	2051
25	3177
77	2100
160	5754
103	6662
93	3259
1626	4199
54	2153
27	2108
69	0
347	421
67	3706
223	3823
19	3046
126	2794
33	3414
34	2744
87	4625
475	1131
366	6035
66	2537
129	4215
29	5961
210	1228
100	4967
122	5788
21	4121
63	2830
46	3602
353	2499
419	400
38	1418
90	1771
88	3078
587	2766
58	3305
26	2482
50	3507
453	1840
2	5794
120	5049
303	1049
34	6946
376	2013
121	2298
58	1613
159	3411
3677	3004
286	4043
1795	4479
245	1212
226	4151
180	1804
23	2798
263	4124
16	3098
154	3857
261	5156
54	5672
24	2151
9	5728
8550	2291
13	4341
127	2859
318	3771
17	2635
29	1329
135	3348
14	5673
31	4632
31	4747
215	5273
23	3572
85	3604
725	4457
956	3081
172	4180
42	4330
109	4804
39	5710
916	3219
1474	2885
55	1808
444	3016
486	2464
47	3804
345	4796
15	3079
15	2208
152	3253
360	7529
61	4986
108	6133
207	5070
118	4310
115	4480
2148	3016
175	3464
17	2292
25	3038
190	3530
29	4082
650	3745
79	5422
83	5324
246	2095
69	3713
15	2836
80	1696
103	7577
18	4937
99	2354
412	1221
49	2305
345	5495
209	2776
90	4512
436	2532
2704	2495
239	1927
31	1834
170	287
12	1344
101	1366
173	1567
27	807
24	2026
153	1805
214	4403
761	5421
9999	5001
169	3836
222	5475
69	4353
32	3000
24	4074
175	1124
208	5125
20	3955
62	1880
70	3963
45	4890
105	3436
21	3310
41	4155
60	1742
932	1843
71	2958
154	3522
70	3279
83	5398
6	5394
339	1530
72	3076
66	3859
73	3239
65	2282
68	3681
38	3257
36	2987
89	2410
17	3161
176	5495
177	2673
51	7453
43	3650
273	6295
0	4440
1099	8109
89	1297
29	5434
4570	1782
599	1783
129	3625
56	5672
32	4386
437	6157
260	1529
275	5635
111	3606
3694	2925
35	7474
3764	3650
21	3296
81	3313
38	807
171	4838
2	9999
36	5212
135	7096
123	4139
258	2151
40	2804
247	4523
99	4378
23	2282
346	5805
22	2094
21	4070
75	2230
29	5148
55	4218
457	4663
399	3674
57	991
66	5464
25	304
52	4639
126	4032
39	5950
47	4088
37	1994
122	2685
347	1101
69	3538
237	2403
139	1514
103	7511
15	3674
114	2152
117	1180
69	6767
23	1100
498	7797
29	3523
256	2211
21	2659
38	4197
66	5275
560	2892
46	4452
285	3746
97	5933
185	3135
49	3421
24	2934
37	2637
641	4281
40	2975
174	2222
42	5073
64	3846
121	3498
86	3433
153	5626
65	2372
1241	3186
42	2616
271	1169
406	2028
67	5894
111	6052
47	1789
96	1224
3216	6513
857	3414
1272	3101
41	2763
31	2406
55	5038
13	3234
107	3249
91	5556
99	2437
210	5701
173	3571
224	4776
41	4421
83	3814
55	4029
15	2812
82	2847
54	4896
40	3126
10	1853
13	4398
74	4980
65	2647
79	2308
17	5698
270	419
215	3195
166	1524
686	3736
20	1953
119	5417
93	6841
29	2697
190	5305
29	4810
36	6587
36	4599
80	1291
48	4617
14	6838
25	4427
12	3492
2495	511
18	5376
115	4299
41	6717
120	5373
113	2942
77	647
58	2684
618	3551
155	2423
455	1379
77	3143
18	2480
188	5276
844	2577
83	2536
197	5470
14	4287
37	6562
102	7729
35	3496
17	3473
57	2194
52	3304
40	3863
45	3226
31	1291
695	3455
18	4190
44	6389
34	4600
81	979
20	3500
155	3171
46	6649
79	5880
27	5238
245	8033
200	2987
59	1863
127	1958
98	1082
417	1505
104	2683
70	2702
94	1979
136	3895
59	5494
24	3800
542	1474
51	3483
67	4913
1576	2984
17	7716
8	2022
27	5199
21	3270
43	2796
1280	1830
126	6009
125	6752
125	4864
57	4132
52	214
176	3036
67	7080
68	613
18	3253
7854	4656
470	3314
37	3130
24	5011
20	3600
4904	3925
52	2940
25	6393
375	4454
20	3492
152	4051
250	2348
47	3132
36	7037
105	2500
32	3702
26	5951
639	2304
16	2190
32	5783
152	3686
37	4953
29	2857
14	4144
46	2216
169	806
2763	4461
33	2242
79	1702
135	3632
14	5103
33	3793
31	6500
349	1123
47	5255
84	4108
242	4036
14	4258
47	1012
125	4968
22	3412
88	4566
27	4034
69	4296
34	4758
84	2638
25	8062
37	5764
485	3274
152	2329
161	2899
20	6078
25	670
129	6490
