8531	7046
5445	6501
8322	6461
8838	8407
9046	6828
9357	1384
5995	7251
8074	4265
9891	4192
9819	7198
4876	2109
9833	5356
7336	6016
9489	6420
4534	5
9985	5940
7291	4467
7596	6399
7881	5539
9573	7008
9976	4569
9754	6119
6014	1991
7882	70
9940	702
9408	4
9999	3516
7112	1348
8995	7236
8	8909
7899	461
6610	7083
9336	6409
7300	729
9595	6302
8808	6240
9826	7250
9985	7036
6988	7072
8526	3447
6484	4009
7977	3086
9099	1539
8689	714
6895	7242
8026	7061
9998	5177
8223	384
9445	6904
8337	6327
2045	9216
6144	7082
6528	6989
5941	4687
9412	4921
8431	7252
9190	7187
7372	2
7818	5046
9655	2619
6960	186
9702	3880
9279	3438
8327	5650
8853	4068
5767	8820
2868	8859
8540	7210
9328	5228
9316	3585
8500	6709
9905	5328
5131	7471
9283	4322
6047	1128
9665	5619
9239	1304
8730	6976
8166	7190
9613	7187
8968	0
9196	3885
7009	7005
8667	4204
8930	6637
8379	136
9989	7221
2911	9113
9496	398
7180	6063
9974	581
7353	6942
9772	5658
9722	7249
8928	7055
6411	6961
8353	7248
7124	4156
9906	4818
9998	5679
6803	3463
6074	5473
9547	6599
9166	7231
9802	6735
9986	3986
8673	5478
8254	16
9585	4938
9098	5454
7317	6221
9714	1927
9551	9
8828	7200
7448	75
9025	5811
9887	637
7491	3361
7442	5630
8722	4722
9976	5073
8103	7157
9999	5923
9924	7033
8299	5415
9493	5814
7256	2846
9628	6414
8591	6349
9874	1316
9289	6581
8028	6963
9853	4544
7770	768
9728	7190
9594	2038
5850	5
7380	1393
7015	6398
8338	5611
9801	7072
9939	6573
8314	1188
7497	3247
5174	9507
8166	584
9044	6761
8145	5078
7645	6675
7034	3174
9789	6279
7862	304
9809	9170
6348	5045
8761	7081
6355	1702
9099	4075
8355	7013
8868	5064
7315	91
7203	7192
6402	8
9462	7012
9376	4891
4593	530
6455	7125
9220	6900
8509	1804
9342	3508
8126	5911
9793	5636
9532	4362
9515	6791
9114	6451
6208	3037
5034	6298
8584	113
9854	5476
8032	5450
9644	3824
4974	258
9884	2331
7759	5770
7694	207
9999	6376
8375	3496
7707	4437
2748	0
8770	4847
9237	7189
4679	1570
6534	8876
8965	4658
6108	6136
9589	1945
4958	7093
8511	7156
8187	3053
9210	5735
6549	5305
9507	6699
593	9186
9100	2405
5956	516
9847	3479
2350	3129
9344	4033
6626	7019
6685	2602
8576	6940
4683	7251
9443	6702
6504	6
9840	1154
7917	4529
5698	3351
4729	6635
8810	5145
4496	5342
7564	1129
7885	127
8680	4975
8910	5741
9996	3039
0	8300
1439	4683
8551	9188
6205	0
9530	4464
9332	6047
7919	4531
8703	6915
9484	7245
9552	7116
9828	6548
8638	7137
9952	1957
9966	5499
281	8732
9253	7194
8807	2707
8714	894
7117	4825
9994	5014
6597	4219
8357	951
5566	1902
3817	5894
9587	5918
9955	167
8621	3850
9715	5656
9919	5422
9669	7133
7372	6183
9881	6165
9550	6649
9951	5922
9812	7249
7057	990
9128	7159
9344	117
7893	6237
7890	6520
2082	330
8893	3993
2135	9064
5995	1346
9583	2655
8922	6545
9978	105
9987	342
4795	3690
7268	6250
9479	1573
9781	5665
8499	4382
9628	492
8297	7192
9767	6994
9341	6308
9523	4863
9559	4111
9166	173
5032	9007
8582	3217
9121	7252
7779	6472
1342	9188
9768	2848
9998	6900
9995	26
8540	3793
8584	2198
9754	5424
9814	683
9583	87
9692	5036
9054	173
8274	7249
8400	2062
7919	7083
7899	7167
9977	7115
7988	7114
9414	1156
9275	6576
9181	5443
7229	41
8897	1081
6518	5649
9729	6215
8229	6969
8481	7049
8277	506
8647	6553
9944	4006
7696	5959
9898	2285
8568	2914
5625	1660
9717	7149
9508	844
7916	5438
8912	1032
9988	6596
7957	1447
4178	7174
9657	6758
6279	2937
9546	7237
8434	7061
8374	6635
8045	19
7429	4590
8228	7163
9406	6808
7544	7151
7016	3823
4058	4444
8622	1355
9960	5298
8093	3740
9897	1115
8380	5757
9693	408
9806	6176
9744	7185
3856	5325
8201	6388
8134	7026
8340	7060
6346	7893
7901	6414
9984	5666
8140	412
9717	2948
9156	4068
8874	5590
6595	8475
8615	5840
8051	6014
6906	5630
6948	5824
9512	6722
9644	529
9628	7225
4715	9184
7758	4687
7676	2102
9910	5652
9585	7193
9108	1490
9690	5947
8175	6854
8767	7099
8839	6922
9488	3733
8701	3345
8995	2809
9884	7222
9903	3002
8330	4590
5366	3656
8901	157
9873	5663
9823	6951
9518	6822
7788	366
7321	2425
9188	5929
8506	881
8511	9
8356	96
6173	594
6820	5319
8024	7100
3083	9171
3444	301
9307	5050
7477	6009
9208	4246
9502	5490
1366	1160
2532	2932
8945	2552
7080	5764
7758	1516
8241	493
897	9795
9994	6102
9537	6886
9831	5743
9255	7241
5802	2071
9996	4285
8279	4260
9593	6530
5696	6776
7728	8625
9168	82
8723	4004
9006	6765
6106	4731
7742	612
9999	233
4840	820
8231	3694
9089	7193
8649	6897
9807	6751
8280	1841
7834	3608
8118	7252
7452	6061
9332	5076
9924	7248
9886	6872
9281	2074
8986	7228
8408	3208
9661	3716
4991	1464
8385	2283
9997	4535
9586	4749
9236	6815
8467	5907
9287	7006
7885	7251
9819	4588
5372	2935
3133	7965
9508	753
8581	3723
9744	5638
9914	7095
9012	5592
9590	5846
5259	2404
4044	2320
8362	5808
8042	6613
9144	2463
8863	1147
9973	7190
9291	1262
9348	6347
8979	3233
9939	7163
9612	7037
9317	5462
9722	7226
9660	774
8642	2887
8488	7139
9495	7231
9093	5910
7887	6866
9991	2031
8245	398
8062	6939
9989	5936
5674	6710
8531	596
8251	7248
9324	6284
9353	6578
8797	4802
6973	5958
9849	7234
9687	4897
6697	3271
9908	934
9567	7249
8800	7145
6229	4181
9689	7121
8632	5424
4696	2526
7962	6549
9620	7132
7589	6867
1328	88
9332	6930
6489	6003
9438	4048
8657	6758
8081	2581
5580	5986
9670	7023
8625	6117
9652	7247
9546	2924
9920	2707
9905	5811
7420	6992
9900	3008
9957	7203
9181	6792
9651	5416
9670	215
7837	6280
9433	6396
8410	4924
7825	6772
5657	8417
9141	7243
4710	5358
9185	6944
8973	7147
8768	6798
9667	5457
8166	8421
6948	7035
7844	7190
9399	4628
8705	598
2232	5075
7931	5293
8107	6419
9268	1435
8191	6091
5955	5094
9065	6265
9781	1967
8543	5042
8278	7201
6958	6728
5883	2654
8176	537
9778	6933
9067	2768
3642	4002
8891	102
9829	1112
9953	5449
9464	3
937	5337
8491	1692
6756	2195
500	6669
6968	7008
9693	5603
6672	4937
9729	6120
9990	6759
9839	7021
9295	6197
9659	3074
9968	7252
9024	2689
9553	6588
8109	6880
7758	2968
8734	168
210	267
6940	2012
7570	1425
8670	120
9998	7084
7852	7221
8866	5196
8895	5143
9297	3204
6379	516
5975	2520
4297	7252
8832	7206
8491	675
7185	3
9917	7148
8121	861
7965	6854
9686	6740
9641	7205
9566	7201
9432	6147
8454	4835
9568	2364
9340	571
8391	2203
9528	1795
9004	2247
8157	4179
9840	1864
9931	6522
8674	8279
5222	4424
6443	7135
8730	5209
8980	1346
7061	2453
8332	5686
8656	3181
9372	6589
9462	6626
9234	1204
9024	633
9956	7251
8581	149
9817	6883
5435	2422
9949	4705
8715	315
9909	832
9366	4947
6928	1472
7341	6521
4940	232
6508	129
9776	6561
7711	7198
9338	2526
2745	6554
9572	3486
9038	4387
8291	6876
7742	4962
8850	690
2117	1530
9399	7135
9611	6434
9047	5248
9979	6759
8499	7013
8213	6662
9583	7192
6401	5214
8488	7249
7373	1643
4941	5862
9995	6256
3468	217
2120	4988
9797	6429
8925	6806
9743	6643
9379	7226
7509	7167
9845	3003
7879	924
6723	4276
2913	9036
4499	5844
9895	2384
9038	7153
9387	6103
9548	698
8860	286
7663	6279
9052	775
9284	7150
7634	4686
9921	2279
7396	7205
9977	5416
8597	6810
5623	877
3894	3694
9716	6843
8882	7181
9284	4270
6767	6570
3906	7245
9042	254
9958	1720
9576	6922
7492	8373
8297	6899
9903	6744
8804	5574
9487	6862
9767	5351
8157	7110
9335	6739
5241	5320
9600	14
8892	2490
9634	494
9998	6403
9421	5274
7173	3428
9908	6369
9576	2242
9346	4577
8481	6215
8774	6713
4758	5196
8897	7250
7285	7151
9921	91
9381	27
5439	5642
7430	7190
9978	7017
9071	6280
9628	4144
7615	3250
4533	6382
8008	5301
7789	7168
9968	5906
9695	1094
7657	1597
7916	5733
9163	7246
9630	3538
8809	7066
9500	941
7502	3603
6775	7216
6664	7104
9784	6947
9868	2919
9892	4963
9118	6933
9439	4229
9242	5322
9345	2587
9380	401
9508	7177
9456	31
8630	5840
4363	1210
9214	6769
9750	4210
9357	3635
9109	5097
9123	41
8399	1103
7688	7238
5004	1659
9988	7194
8944	7212
9128	7210
8575	2776
9711	6952
9487	143
4300	3823
5367	7176
8894	6463
8300	6764
9279	269
9929	6439
9192	7212
9215	4236
5655	3287
8738	1164
9420	7037
8941	7073
9980	4997
6581	8049
8520	2407
9347	5677
8252	5904
7942	2055
6446	5520
9617	3173
9858	7194
9250	7207
8504	7179
9726	4780
9431	0
6356	4814
9970	6370
9228	4301
9988	6582
8630	3804
9972	1996
5904	604
9106	4913
76	4994
7620	7234
8253	6921
7976	5671
9512	1637
9842	6798
9149	7230
2493	2130
9013	47
9844	6202
9690	6611
8794	139
9791	5453
9985	7183
8222	3929
9980	1652
9852	3452
5612	7064
8734	3710
9355	6648
6507	6914
8805	3728
9369	5419
8111	6601
9513	3778
9090	7170
9598	4195
9919	905
4267	1766
9251	7156
8065	230
7739	7207
8073	6563
4988	5567
9340	5129
8750	7251
9632	6186
8040	6309
9029	5596
8569	6890
9207	5221
8450	3607
8953	6396
9603	1
7655	1040
8219	6977
9420	3012
8707	2439
3756	1377
5183	6246
9245	7129
9898	1898
8027	6798
9491	6344
9315	3335
9496	1353
9644	5822
9532	6250
668	3813
9000	5789
8028	7252
7963	6087
7649	6118
9980	4870
9765	3614
9546	6246
5822	2288
9639	7228
9963	2565
8765	261
8593	2009
8153	4678
624	9751
9992	2479
8001	1337
9875	2775
9875	6709
9999	7252
6477	7441
8743	6603
9646	5374
9320	1240
9288	7212
9974	3244
8099	5777
8260	6501
8679	3391
8318	5435
8832	4286
6611	7039
9949	5950
9281	2951
9732	6579
6205	8958
8088	6141
6821	25
9403	3745
7809	97
9999	5147
9947	1410
9690	1577
7766	3573
8398	6906
6547	3753
9782	8949
6686	5151
5222	7844
9392	4967
6700	5283
4551	8307
7399	2787
9997	4862
3994	7677
5923	4200
7528	3934
8371	70
9075	6288
9827	7217
5955	3258
8516	2763
9798	5949
8783	6984
3273	6794
8586	196
8169	855
8826	0
7918	7170
9583	5803
7396	7241
8765	4475
8104	399
9467	3990
7651	4680
9556	7252
9438	3470
7296	5716
6488	2717
8033	5044
9923	5979
7173	2986
8321	5143
9967	7021
8720	6326
8671	4896
7898	7128
9151	6720
9475	6896
8861	3032
9384	6878
9976	4128
9197	7150
9507	68
7092	2194
9691	6196
9991	3633
8207	3501
9520	6556
7836	200
9999	7067
9514	2278
3973	8960
6578	4061
9934	4164
9064	4132
6943	6467
8573	7143
6989	715
8526	7205
8093	4848
4411	3220
5672	1969
9757	6908
6453	6541
9999	2706
9422	7004
8335	4967
6594	3442
8015	123
9994	2129
9892	5567
8905	1759
8849	2470
8911	3422
9685	1548
9864	7081
9841	5507
8275	6534
8926	6738
8243	102
7149	7078
9999	6614
7686	5806
8526	5615
8264	4267
9964	7178
9874	2759
8002	6728
2310	2486
6078	8367
9637	6680
9028	6913
9629	7033
9075	184
9320	6777
8495	7252
4869	8858
5336	5265
9577	1080
9042	5125
7648	6336
9995	6982
5411	8446
9935	80
9793	6251
7719	8327
8010	241
8320	6816
9995	7237
5456	5885
7552	8705
9724	6735
7650	3630
1280	8124
5073	6010
4081	2246
8801	7245
8713	3369
9774	7186
7686	6131
9695	5444
9265	5625
2897	2705
6527	527
9804	8231
7199	5523
9359	5131
7844	1542
9034	6637
9075	7213
9604	3730
8623	5913
7388	8894
7351	54
6639	6544
9954	3705
8587	2420
9033	6967
8134	2240
1394	6509
7438	7206
7578	7197
9395	298
1516	6066
5573	662
9756	7232
8181	7712
7820	653
9219	6653
7880	36
8554	2301
9694	4791
8367	5737
9437	5267
8603	3243
9909	850
9091	618
8530	1248
6767	474
9866	5348
8111	7152
7939	3265
4860	6716
9650	3846
7972	136
8941	5495
466	8525
6421	7206
9905	4442
6711	7250
8384	6195
9339	175
8621	4683
8250	5705
7633	7188
8386	3584
9579	6381
8113	1178
9056	5901
8870	3821
9833	6949
9655	0
9267	6185
4401	1330
7935	7122
9862	6469
7888	7209
7482	7105
6955	5798
9999	7246
9122	4445
8974	4044
4061	7203
8796	4242
7188	4713
8390	6869
9319	5554
3241	6068
9470	7099
9707	6657
9999	7162
9582	6433
4278	8615
4370	8403
9976	7248
9694	5763
3923	7930
6524	981
9259	1172
8206	7247
9064	7807
9491	1002
9412	1340
8243	1398
9973	4825
4847	4043
9621	3776
6411	7217
8240	7087
8022	6371
3544	8392
9794	1453
8776	65
6308	6467
9917	7172
8574	5299
8879	7111
8294	6966
8732	7211
8801	3752
5306	6091
8603	1585
9488	7127
9986	7176
7175	5194
9998	3355
9924	3740
9908	7249
8124	4972
9075	6143
8395	6739
9565	146
9655	7178
7788	7119
6118	7109
9022	7068
9465	0
8928	7159
8633	6870
9820	6144
6871	6584
5435	5604
7930	1944
9948	3648
9317	3307
8196	2710
7974	4389
7231	1027
9938	7220
8884	2373
8547	7249
8552	2618
8839	7074
9064	3693
9599	5939
6963	7093
9877	5706
9193	6440
7588	6601
8297	500
9694	5808
9672	5374
9726	304
8009	6829
8896	7032
8198	4489
9625	3215
9877	12
5621	3729
1636	6982
9920	5769
9288	4293
9467	6852
7347	4246
8607	7173
7363	6883
9997	3509
522	2505
8413	7252
9845	5301
9287	5234
9493	6553
8688	7156
9908	20
2427	219
8589	3227
7800	4095
9431	4424
7046	1916
9633	525
5868	7230
9260	5829
9986	7145
7314	134
5108	383
9884	5181
6418	5897
8904	2150
9922	6817
9402	6797
9890	6757
7742	6142
9285	5167
9475	3344
9862	7244
9867	7234
8434	670
7596	2847
9618	5840
9523	6698
7739	5144
9794	7248
9985	0
7980	7077
6738	4368
9955	4820
7429	888
7593	390
8547	1962
9139	2897
9999	6494
9977	5054
9930	7165
9982	6836
7059	6872
9962	63
8458	7244
8848	1507
9613	3734
7226	7232
7355	4753
9844	2669
9058	2440
9998	6266
4722	163
9818	3300
9284	6381
9160	4926
7487	272
8989	6807
8493	1359
8699	4136
9395	7125
9991	94
8977	5560
7345	530
9760	7234
8699	3844
9589	5439
8515	6077
8822	3606
9999	4501
9277	6932
6487	2772
6929	3872
9800	7216
8880	769
9216	6058
9257	7251
9328	6854
9148	7235
9992	6847
9914	2119
3506	102
9076	6265
9839	3542
9923	3264
7994	3048
9712	7244
9580	478
9516	587
9986	5809
9961	7236
1465	3402
8231	587
9150	6383
9686	6799
7098	1218
8741	5159
9709	4797
9544	801
9651	7243
9987	7251
6137	3905
6554	7251
6888	4408
7374	6729
9932	6945
5340	6288
8453	85
9510	7248
6077	9155
9591	1851
9963	6935
9198	7248
9550	7248
8351	142
6437	5630
6437	7212
5993	4280
3904	745
9699	5981
7050	7247
9797	7026
9326	1530
7374	2049
9135	6671
9126	4886
7580	7242
9993	27
8839	2927
9706	5742
9994	6779
8936	5064
3515	4
3743	7
7716	8175
8486	5675
9100	4786
9595	6937
9456	5048
8228	3688
9780	5523
8626	3925
8991	302
9555	2911
9020	6336
8268	6972
7936	1635
9513	5590
7899	6825
8327	6900
8105	6294
251	7948
7158	994
9999	79
8960	6590
9787	6905
5614	7186
9746	3363
8822	7245
9471	6704
6470	1259
9973	7245
9098	6983
9704	3571
9507	5827
8275	7165
9535	7159
9715	5280
4150	746
9094	3668
8822	7203
9503	4148
9925	3249
7890	5944
6792	1646
9950	1037
7569	7036
9089	7102
9720	4775
9622	6072
9951	1730
8340	5658
8336	5398
9992	74
8100	255
9301	7047
9058	6892
7258	6357
9999	6581
9572	5960
8089	1063
7436	137
9522	1863
9966	5667
9070	7062
9490	115
5768	7109
9752	1520
9793	6264
8263	532
8287	170
8617	7219
8909	8314
9707	3159
8430	7220
9167	9620
9646	6614
9638	7111
9247	4544
7943	7204
8725	3826
8744	4086
8306	1614
9476	4550
8989	6322
7543	4664
8717	1230
7470	6706
6853	5027
9974	7250
4889	1337
9706	7158
9008	6782
9759	433
8822	5702
8452	6666
9317	7210
9717	1746
9989	3609
8991	2148
9709	590
7004	4209
9418	2996
5747	6599
9689	7252
9609	7235
8408	4004
9677	7073
9859	6498
7522	5134
8095	9654
9723	1459
5325	4332
9280	7245
9469	6543
8911	6469
8806	139
7922	1867
8459	127
9449	6107
7167	2976
9243	5266
9939	1578
7218	7092
9432	3090
9980	963
7697	992
9751	6462
7847	6452
8670	7072
9361	6426
8938	7154
8525	7160
8645	7101
9918	1849
7688	5957
4815	2478
9828	1380
8764	547
9092	6817
7824	4051
9809	6547
7653	2553
9979	5019
7974	6885
1801	8844
6022	266
8062	5473
8874	3030
8129	6594
9486	7244
7893	4
9425	7242
9924	6542
8129	4474
8964	7016
8578	5333
8186	379
9634	3223
3383	3131
9762	6063
9799	6199
7698	417
3397	4368
9515	4824
8075	7178
9108	5442
8570	9009
9086	5471
5478	4209
8331	5940
6138	5893
7618	6805
9127	165
9593	948
6544	5057
9706	3442
8985	2443
7926	7088
9109	5962
9896	1769
9256	7142
9259	6926
9860	2557
8013	1129
9169	7198
9836	6889
9216	2228
8290	6649
1247	5703
9564	3664
9643	6140
2763	8582
8662	227
8127	7069
4789	3565
8523	7198
9854	7179
9692	5188
3437	8599
9775	21
9188	6364
9996	5952
9989	6128
9817	6060
9914	6135
9959	1758
9843	6566
9876	3787
4015	0
5717	3233
8507	7252
8270	2464
8866	6983
9758	5316
9451	6631
6904	5551
9050	6041
8583	1880
5476	4007
6391	3861
9091	5602
9572	3193
8577	4809
7982	5056
9332	18
6611	7060
9825	6336
6820	5602
8833	1294
7399	7185
479	8733
7419	3834
8880	602
9998	3483
3176	6585
8589	5693
9534	7010
9518	6880
9354	5802
9123	7164
9954	1414
9512	2021
8894	501
8767	1150
9133	5538
8619	6643
7483	7113
7573	6108
152	3801
5280	4786
7034	7205
9418	1300
8443	7080
9680	4965
9886	6283
7980	1428
9874	6260
6353	289
8679	6629
3738	2630
9998	5808
9177	7237
8272	7249
8865	1317
9768	3900
9971	3858
9027	3139
9157	473
8246	3
9878	2741
9608	6902
9998	5785
9650	5037
9796	6165
7862	6164
3458	5906
9496	4469
9946	29
8798	6727
1289	5412
9920	6619
9999	4563
7682	7097
7397	4013
8164	7240
7131	2832
8959	383
9760	4942
6796	3598
8162	2204
9754	2128
6604	7091
9376	7148
4342	7076
9909	6365
9159	9111
8747	9117
7028	6636
8738	2412
4421	6113
9757	3571
3245	6274
9998	6634
5281	6880
9973	6363
8906	6799
9957	4796
9972	5581
9764	605
4774	7247
8861	7144
8185	1014
8573	7252
7359	7971
4680	7180
5748	1
3551	3877
9509	7252
3856	4854
8402	6440
5879	1529
9943	7239
6726	6695
9971	7138
9963	2138
6974	255
7703	5
9564	6890
6788	5549
9975	6831
9870	1529
8989	26
9168	7249
9603	1742
6423	6440
9880	7234
8409	6751
9903	3415
7732	3424
4706	5245
9467	7067
9923	3980
9643	3392
3976	7180
7416	6260
9739	3116
8627	7115
8244	6114
7971	4010
7785	6922
8226	7079
9595	7225
7168	7161
9863	324
7394	1340
9984	3332
6473	4203
8664	2779
9547	7242
3005	4838
9612	6235
7301	3981
9466	2241
9696	5167
7323	1315
9922	5823
1820	8
7597	7132
7968	5607
8613	6995
8357	752
8933	904
8751	3732
8832	6221
9952	450
9990	6109
9481	7202
8604	2642
9302	5539
8668	2217
7357	1914
6816	582
7415	7246
9403	3578
9865	3571
9843	6317
9753	5178
9212	6467
8235	6956
7342	2964
7454	4873
8145	7019
8510	5450
9903	6810
9664	73
8688	4638
4576	5239
9864	5567
9077	5498
8968	4312
8603	2769
9581	5469
9741	2433
8658	6797
8119	6171
9397	3117
5682	5
5273	1510
6625	7250
9035	7252
9937	479
9629	2763
9768	5936
8037	3485
1194	0
9969	6132
7338	6611
5859	7164
956	5088
9947	3255
3266	6113
9278	6480
8338	7252
8907	4763
8720	3047
9207	6125
9656	6576
8002	783
9590	357
9975	1461
6932	7213
8260	3816
9503	6170
8944	233
9796	7252
6252	738
5627	321
9436	6876
9491	5150
9301	7249
8651	5917
9721	7252
7771	0
8960	7088
8915	5306
9875	5496
8199	6518
9552	2246
8211	6795
9851	5043
5176	63
9853	543
5521	5567
9850	7101
9589	2451
9297	6802
8677	4334
9808	7225
9017	5775
9374	2318
8709	4446
4950	2629
9954	5680
8952	4942
9502	4778
9756	3203
9243	7212
7663	1513
7058	6161
7446	6896
5734	275
8885	6690
5930	8874
8910	6640
5957	5128
5999	7182
8648	1752
6683	8442
7955	7234
2077	1399
7317	6724
9912	0
8716	5784
8287	6643
8396	0
9536	6640
9998	6932
8826	5499
9949	6497
8378	7207
8103	2149
6138	4061
9480	5288
5434	4943
7652	2566
9971	1648
9787	4624
9692	3421
9704	2948
9829	7186
9988	7151
9995	6255
8501	6983
8403	7197
9670	2171
9718	1375
8818	8537
9725	1637
7937	8825
2418	6350
5973	8008
2617	311
8459	2298
9179	7248
8771	4921
6500	6840
9893	6352
9810	3851
8954	7217
9179	5242
9720	1420
8930	4833
8835	8354
7495	6954
9980	7243
8044	6403
9994	7162
2244	2296
8972	7207
8741	989
9664	4920
9846	4022
9981	7166
6337	5449
8190	6852
9211	1866
5153	5361
9919	973
9570	4421
5353	7062
9440	7246
7387	4673
7980	3077
9409	7230
9627	6639
6515	29
7674	1830
7708	1104
9099	2589
7877	7195
8475	6750
8450	7200
7438	11
4323	8
8747	6678
9998	3976
8298	6952
8379	1772
9754	4999
1656	3665
9520	5924
9978	7222
8104	2510
7559	1690
8590	5937
8807	494
9505	3571
9514	6795
6852	7528
9416	7199
9076	7199
6037	5497
9028	250
7760	6500
9418	7215
8977	5257
9653	5002
9609	1443
8912	7223
6564	229
6090	5516
8381	7249
7166	7247
9940	7752
5606	7019
8778	6274
8953	2967
9211	6770
8461	6767
7250	3549
9951	7130
9925	6843
9995	6314
9301	5067
1559	3796
7650	3928
9977	430
9545	5182
9426	15
8078	5217
8938	6924
8785	4848
9818	4740
6235	1714
6941	9128
9200	7091
8843	5358
3468	3617
9941	3606
9414	6942
8556	412
7651	6771
970	1
9730	4867
9041	2966
5956	682
6517	5203
5984	7158
6983	6111
6177	7039
9391	4432
7678	6240
9501	4923
9296	4774
8331	6454
9203	5018
7726	6886
9588	6773
8744	4117
6890	878
4525	2316
7939	6852
9379	4325
7174	5199
9483	5895
8574	1303
7781	5848
9960	6679
7471	6850
8576	3718
9978	5360
9588	679
7424	6901
7489	7214
9395	7251
5836	6390
9181	3992
8385	7119
1472	9135
9026	6110
9813	4891
5726	1332
8560	5617
9610	4474
9427	6099
7069	6920
9999	3624
8978	8607
9299	7193
5998	6422
9978	5331
6224	5529
7414	7252
9623	2368
9068	5239
9552	2628
7975	1867
8059	6282
9601	5375
9706	7021
8986	0
8587	6924
1949	8944
9544	5733
8433	4768
9188	4059
9741	2145
7801	3504
8431	6179
9744	6262
8586	6216
9990	5505
9930	6321
8765	6299
9841	5098
9772	1651
7878	6861
9870	6211
8541	7221
191	3896
9177	6803
9216	103
8545	7249
7972	7121
9771	7234
7480	6375
9781	7236
9450	7237
8602	6104
9920	4378
7248	1634
5746	1823
9439	13
5910	3323
9520	7095
9481	3683
1513	1733
6563	7104
9949	3726
7441	893
8502	7043
9220	7180
7887	6006
9822	2263
1500	9999
9353	6154
9887	6120
7882	6312
8874	2789
9648	5082
7501	7150
9561	5775
7965	1981
8344	1950
9353	6333
9004	6523
7583	226
9746	1724
7741	6263
8498	6764
3605	3910
7366	7188
8887	7251
9138	7252
8813	7028
8120	3813
9789	6069
6434	8512
8172	7160
9996	5097
6725	7205
9329	7236
8338	7251
9757	6800
6200	5532
2144	2341
8925	5336
9755	1350
7562	4645
8040	152
8014	6741
9175	4950
7096	60
8555	6401
8686	5717
7392	3741
7517	4127
9501	1190
9392	7156
8819	222
9866	7114
9699	6396
9601	7252
7553	314
9904	3490
4626	7167
6828	2348
7604	6897
9810	1930
8214	7094
9983	6730
9991	1934
9933	3721
7694	5338
9167	2248
5463	7230
8986	5457
7564	2667
8038	5790
9480	6882
7416	0
9738	7252
8893	2
9268	7059
8708	2602
9752	6128
8667	6912
7262	4254
6898	3554
7994	2037
7724	3379
9998	4989
8948	7252
9998	2344
8154	6555
8363	1734
2255	9960
9122	4771
9333	6601
8304	6163
8370	7019
9741	1404
9359	5117
4082	7029
9845	4751
9926	6402
9610	343
9724	457
9158	4671
8619	5016
3900	342
8620	2526
9835	5434
9203	3688
9102	7221
9494	7073
8428	76
9253	27
7637	676
6603	3876
9982	8810
4009	2021
9930	1349
9994	2892
9986	7223
7837	3839
8349	5404
9901	1017
9897	6764
8823	5620
3996	876
7993	144
9886	7248
9042	7142
9037	4
7835	5956
6996	7171
9386	1876
6037	436
8250	1611
5525	389
9978	5746
9851	6829
9875	4216
9582	6765
8724	1690
9981	5903
9820	5996
8290	6520
7037	3724
9209	7122
9974	6146
6054	1531
4198	1
1071	7713
9486	400
9904	4845
9902	847
9536	3820
8939	1788
9900	7122
8871	3345
9379	7080
9955	968
3694	10
9951	2487
9921	6531
8423	7251
7302	7032
9765	3436
7289	7244
4924	943
9537	7077
9995	336
8244	6994
7462	5926
8525	15
8639	7198
9684	5536
9675	7252
9940	6710
9479	3383
8122	5006
6980	248
9352	6168
9475	1730
7546	7095
9201	1870
9949	6924
9288	1264
6899	7153
7639	2887
9939	7237
4703	3866
8626	284
8396	6236
8551	4292
9489	5681
9101	2050
9572	5876
9431	1
4927	6728
7490	2933
9755	4731
9124	5917
9944	7027
9790	4115
9916	6008
5469	901
7465	286
9013	7192
4553	8928
7242	2623
9232	3268
6052	7057
5764	7987
9670	7153
9843	3399
8745	5298
9130	6038
8888	482
9718	965
47	8889
9901	7229
7995	3243
5039	7215
9744	5108
7519	6549
9283	3432
7022	4293
9977	2950
8973	5662
8773	5742
9993	4430
9417	4749
6286	27
9039	115
8295	5609
9113	1496
9688	4277
8382	1831
7809	4512
9557	288
9504	7110
9939	6999
8904	2543
7848	228
1136	667
8166	764
8823	5097
8048	884
9042	329
8369	6725
8026	6708
9779	4298
9635	1783
6895	1271
7465	8247
5756	7187
9353	5219
9907	913
8762	6361
9485	6910
9386	798
8194	292
7549	7168
2660	6451
9962	6893
8062	6420
7704	6044
8877	7247
8419	7235
7130	1920
6447	7061
9732	7081
8123	6610
8539	4095
9383	2232
9400	2598
9997	4891
9451	4390
7565	1800
7971	3725
9999	4080
8735	6596
9157	7244
9536	1732
5765	2676
8041	345
9255	7215
4300	4431
6460	5987
8153	3465
7095	291
5634	8450
8590	41
9188	5746
9763	3891
7851	7226
7100	6185
9973	4799
8121	1276
6976	8335
8713	6697
7602	6975
8916	2209
9593	6675
4557	41
8942	7080
9236	72
9854	685
9965	6317
9861	175
3624	6794
9804	443
9733	6994
4482	5960
9500	6870
9421	5623
9594	9165
1858	5452
8341	6398
8781	2424
4371	1751
6915	1512
7727	7230
8661	2504
8700	5975
9342	489
9884	6754
9261	5435
9984	4263
4443	6213
6825	7004
9502	284
9024	3902
8820	1280
8314	4858
8993	6557
7172	1262
8335	4856
8924	4339
8149	15
8178	4345
9842	1341
9936	2110
8247	7116
7335	3180
9784	6832
3353	7999
9995	1728
9159	4376
4078	3817
9516	1814
9656	5091
8628	6857
9938	6520
9322	8280
8321	6420
9861	7220
6467	4683
9111	492
8657	1497
9202	5624
7965	6966
9634	396
9012	565
9686	7251
9656	7241
8534	2413
5220	6567
8989	5580
9953	5116
8896	7232
9858	3514
6514	1584
9137	5146
9426	6681
7028	6333
9080	6248
9642	7129
8818	2411
9915	7227
8480	3740
8496	6523
7859	3928
9003	7231
9847	3316
9662	7041
9088	3877
9743	6936
8645	5706
9347	4709
9661	6306
7739	5989
9775	5166
9769	5305
8763	6943
9862	6073
9231	9065
9778	7142
8050	4466
4979	5705
9437	7243
8056	7034
9486	691
9824	7252
9716	4988
7940	6924
25	6864
9349	6154
9855	7183
8822	7188
3018	5769
7600	3295
8871	4688
8328	6897
9240	6435
9434	7167
8461	6714
9701	4300
9674	7246
7705	6275
7821	7058
8349	6423
9626	4962
9447	6873
9461	2301
5746	737
6630	1075
8625	2382
4070	1732
9969	7192
7775	5571
8079	6752
9967	445
9723	5133
9959	7239
7222	6024
7775	4616
9905	4553
9509	7229
7124	5345
8821	9095
9930	2809
7518	1822
6705	6988
9105	6368
6874	6374
9589	31
9198	7107
9035	5773
5348	1903
7249	5996
9540	5302
9213	7205
9465	4617
9346	6459
6847	3811
8993	675
8236	8467
8584	419
8287	1219
8199	1244
7223	223
8911	7189
7128	0
8797	3957
9807	6309
7677	4911
9991	4404
7977	725
8625	5884
9995	7244
9568	6568
9130	4162
9731	1517
9311	6640
8096	3090
8708	6582
9375	2482
8752	3005
9689	7232
9035	4280
9792	3970
8713	261
9382	4281
9599	4846
9707	6625
9089	7103
6328	6415
5903	4217
8825	922
8670	6470
4780	6409
9668	5652
6123	1
8179	6519
