1393	4928
961	5527
1505	4407
95	6010
944	6009
1790	4317
123	8865
1512	4104
2614	4351
1829	5593
1843	4145
1663	3758
1777	4191
1667	5435
2606	4321
592	7282
577	3910
1684	4402
1545	4262
1610	3521
2474	4339
1441	5134
210	3949
1226	4502
1151	6647
1787	4776
114	8841
2155	4227
913	3009
1027	2349
480	8602
2259	3027
384	6805
1857	4265
1738	2906
879	7724
152	5870
2037	5216
136	6106
681	6638
286	6771
932	4878
1630	4561
2848	3914
1488	4065
2353	4614
1647	2857
87	5412
1512	3685
3000	3948
2761	2085
624	8203
1498	3435
1314	5516
1339	4953
114	7115
1125	4717
996	3619
1389	3630
2068	5349
2337	2445
85	9916
2270	4162
1422	4513
4099	2113
687	6454
944	6356
109	3788
791	7351
1709	4534
1828	4082
192	8918
924	4917
1224	5957
2350	3576
2089	2770
2146	4312
569	5672
2069	4225
2327	2771
970	6091
1999	4235
442	7821
1640	4906
1623	4993
1398	4768
900	6030
757	4158
1989	4036
962	4459
144	5820
1175	6786
3337	1884
2318	3035
1519	5024
296	7962
1575	4600
1983	5763
2513	3918
1744	4196
718	6168
81	8922
1424	5707
3170	3232
1113	7045
2327	3750
1415	3895
1354	5959
383	5732
336	5289
598	5662
404	4257
1959	4062
1903	5514
539	6176
3322	3832
1633	5647
2250	4705
876	7299
1482	6075
1260	4974
323	8485
941	6859
1129	2836
2004	5263
122	9284
1659	2983
2396	1482
268	8837
969	5794
1794	4004
1731	3333
185	5202
2681	3514
1465	5925
146	8638
2102	4093
3740	2282
1573	5141
1437	3530
705	7739
121	7970
1637	5005
463	8400
1371	4466
1561	6313
685	5669
134	8550
521	7616
271	9491
1582	3368
1034	6967
3775	2986
1133	5976
816	3139
1746	3502
2087	5483
3198	3931
1497	3566
172	9172
956	7119
2072	5109
250	4486
663	7586
3246	3309
1065	5190
148	7667
1000	6740
619	6943
995	6628
3775	1588
2390	4673
1560	4717
2331	3478
1390	3815
1823	5306
2146	4212
2091	1886
2688	2698
1473	5170
1321	4014
978	6280
845	5988
1027	4833
4688	2610
2287	4735
1882	4985
2335	4568
662	3276
1392	2261
1142	5078
1629	5310
1017	7426
1505	4192
1575	3062
2462	4599
587	6455
517	4938
1469	5557
712	5490
1446	3789
3061	4495
575	4640
1726	3670
1701	5158
2946	1073
2787	3540
960	5972
58	6778
2049	4617
438	7203
1259	6548
895	7697
1664	4352
1193	4858
1513	5127
796	8062
2473	3965
884	6709
974	6481
2287	4247
2034	5562
1348	5476
1257	3737
1695	3276
1479	4982
2174	4261
2003	3666
1571	6143
1393	4234
157	8188
2250	2470
1598	5811
1725	5768
825	7306
1223	6025
580	6100
2781	4109
2703	4827
1713	5761
829	2908
1682	5621
2943	3217
841	6363
1551	5219
1934	4239
994	4305
962	1923
1048	6795
1722	5539
1584	3740
823	6221
130	5897
792	6474
1647	4622
1475	6517
1887	4747
1506	5252
4027	3316
1358	5798
557	5468
1332	5205
1446	4383
2045	4431
3671	2818
709	7376
2241	2595
796	5051
85	8102
1639	4888
2713	3603
950	6926
1613	5280
1534	3990
1505	5514
242	8113
3013	3199
2223	4283
694	4647
1453	4175
787	6647
2225	3759
1355	4208
2839	3238
294	6426
1401	4174
2578	3679
3259	3308
374	8935
3876	934
1720	3346
2727	3656
1827	4408
422	6722
969	6668
1536	5105
1597	3312
1535	3661
1550	5904
1264	5453
2962	3812
695	5369
1782	3681
1479	4115
1034	4560
723	6151
731	4194
1283	5179
2743	3443
2546	4557
144	2964
876	6825
587	7669
2674	4285
1193	4000
1412	3725
1402	3352
2410	3233
1773	4535
1957	3521
1381	6419
2354	3096
1106	4614
122	8961
804	7034
310	6593
3258	1896
742	6813
1265	5803
1591	4365
2029	3769
3090	4402
1856	4579
2761	1881
1200	6937
3574	3137
1490	5684
3230	3521
171	7276
1636	5074
4486	3514
703	3392
1550	5042
1119	5378
1189	3515
1635	5080
1117	7000
281	7620
1956	4551
1323	5106
3881	3396
497	7155
1697	2292
589	6220
966	5804
584	7132
1521	3643
1069	6054
1533	3489
714	7997
1628	5089
1363	3597
1869	4351
1117	6286
1184	5833
526	7306
100	5810
2127	3602
3089	2339
1635	3168
261	7079
1649	3707
3776	3681
850	7554
891	6210
103	7392
1393	2984
2491	3746
3494	1830
297	7663
866	7167
136	4667
2279	4464
2253	4299
78	7924
1743	2114
1486	5494
1257	5858
1233	4984
1934	4951
826	4226
83	7869
971	5428
924	6478
760	6178
1635	5629
1568	3859
1404	2485
1492	5031
292	6629
1109	4841
2856	2211
1624	4982
2522	4002
1160	5599
553	6164
1104	5900
1509	3785
906	5642
3021	4473
1238	3693
2714	4093
764	7050
1904	5339
711	6676
1492	4573
747	5521
227	6128
821	6884
1078	5994
528	5462
185	7406
3360	4341
1371	4374
1658	4882
2471	2148
30	7765
1370	3152
1559	5230
157	6136
2796	1324
1579	4569
291	8232
396	8684
3568	3064
269	5244
1371	5664
2407	3865
1486	4821
916	4468
1461	4961
2838	3313
873	6224
2293	3043
2834	2776
1687	5860
4091	1503
1283	6745
1560	2984
1683	5438
1214	4392
721	4621
6570	714
801	5518
1249	6156
1710	5608
931	5037
203	9214
1475	5487
604	6458
28	6258
1980	4122
2620	3737
1684	4492
164	8949
3033	3425
1541	5472
252	8825
18	7116
1075	5809
1576	4987
1469	5563
1710	5655
3296	1838
2591	3865
771	6580
1794	5381
55	9705
647	4686
2781	2590
2954	4636
1305	4309
772	7564
2012	5291
110	9528
1347	6208
1529	5167
1314	6117
1294	6634
78	8245
1583	5849
201	7673
872	6478
3582	1756
742	6076
1194	4996
726	4052
1944	4552
1457	5977
2967	3586
3299	2850
3350	3150
1720	4451
1684	4373
1466	4369
2481	3343
4675	3355
142	7865
1089	3550
941	3067
3704	3040
1243	4743
1428	5057
830	5024
667	7012
885	6244
1544	3798
896	4835
1489	4136
125	9007
312	7357
1591	5002
1902	4234
1979	4136
1570	5099
2669	3627
1698	5252
2014	3725
91	4846
1244	6903
1118	5039
2428	4498
489	7176
51	9413
1088	4596
1625	5079
1271	5989
4178	2724
1985	4768
1821	5036
179	6076
3533	4203
1805	4165
1372	6584
594	4441
2239	4558
1496	5030
2598	4203
2420	3915
423	8562
3528	2715
120	8982
1644	4761
577	7189
3165	3450
624	6873
812	7731
2796	4159
1854	5928
1393	6158
3631	3315
1866	2835
780	4932
248	8231
2125	1909
353	8459
166	4117
1093	5299
1164	5821
1379	5019
953	5973
1049	3218
1773	5441
3440	4227
5588	3208
1486	5438
454	5710
203	7909
2973	2275
1285	4895
1100	1710
1904	4819
3160	4165
406	4343
1559	5505
1792	4407
1618	3646
1541	5516
1614	5343
966	6202
1209	7084
1583	4747
1601	5314
997	3713
682	6740
686	7178
1734	5174
277	7668
237	7467
297	5643
686	6119
2221	4346
1392	5247
1902	4731
2352	4512
2467	3851
87	8743
1996	5023
1329	5575
565	7064
3193	2924
1518	3273
1643	4704
4144	2655
1480	6267
1252	3410
173	4286
1166	6204
1448	1955
1265	5153
1129	5416
876	6849
171	4631
2035	5106
1552	5487
3154	3434
2008	2141
71	9113
976	4706
121	5848
787	7590
1527	4287
1640	5255
1820	5539
2333	3507
915	6121
23	6174
1596	3601
2135	4453
526	4211
29	6229
1187	5983
1469	4205
3361	3853
1723	4999
1784	5291
1048	5714
2712	3660
2087	2225
85	9999
1967	5015
1374	6448
1561	5986
2303	3996
417	4710
1634	5176
2458	2401
1146	6084
1486	2429
1286	6396
530	7537
812	5673
1448	6008
1401	4684
1929	2552
1424	3472
148	5931
481	7784
1556	4831
1539	5240
46	8172
1648	5752
3252	3517
3565	3906
1310	6022
65	5039
1080	5901
60	6326
1297	3607
739	5132
1396	3516
243	7339
1764	5810
2511	4000
1545	5604
340	5370
1684	4543
2686	3466
1945	3373
1259	3505
1987	4478
1595	3407
137	9935
974	6357
557	8553
1638	5521
1190	5406
1772	5532
97	8674
31	3862
5155	2316
1966	5588
1876	4147
1523	5148
903	7176
3805	3319
1044	5747
1466	4343
1555	4974
796	6499
1327	3756
1034	4131
1583	5085
1334	5514
1737	4276
97	6560
1409	5372
760	5037
242	7234
724	7552
3635	3101
2561	4068
1538	5479
1470	5005
2800	4749
424	7537
3019	4098
476	6373
1487	5027
991	6166
2387	3897
1538	4343
692	6222
124	9273
1422	5294
753	7475
2274	4708
2727	4820
1357	5562
2225	3803
3323	3707
1285	4862
2582	3817
1440	6161
93	8170
2342	5000
1509	6000
2114	4066
122	7268
1392	5966
1868	3655
1493	3403
954	4839
2547	3764
1666	4166
2260	4100
519	7356
2814	3311
944	6246
1957	4402
1343	5490
1465	4850
98	8471
2125	3863
252	6162
1513	2573
1410	5533
842	6087
68	8607
2069	4405
3935	3105
937	6250
1967	3614
3888	3871
5168	3019
48	8423
1852	5199
1523	5177
2882	3807
179	9764
1250	6498
963	6973
626	6167
1323	5557
1569	5640
1369	5161
244	6131
2839	4140
518	6541
2576	3292
1741	6074
3196	2812
3215	4079
1784	4470
555	7864
1396	4462
864	6826
2657	2580
1428	5028
1532	5551
1385	5493
1330	5841
1476	5775
1724	3772
1565	5978
1420	4819
2146	4881
973	3920
3086	4047
385	8379
1296	4765
857	6044
1458	4218
1348	5778
2932	1924
877	6009
749	7333
2930	1766
996	4788
1933	3752
1075	3585
658	6255
1236	3911
2895	4517
887	5228
245	5916
1561	4847
1486	6014
2376	3292
1632	1727
1551	4242
1559	3089
78	9200
1990	4575
2235	4287
1681	5523
1652	4380
3030	3366
5182	2204
1759	5077
746	5911
1295	3631
1363	3692
1358	5421
809	7324
1919	3906
535	7175
2189	3350
1416	3351
3208	2463
1979	4412
1584	5675
942	5428
18	7710
2915	4091
1333	6106
1757	4543
485	6325
1350	3947
1704	5833
508	8109
2537	3650
1546	4722
923	6846
1060	5995
463	8860
1538	3413
1148	4505
1647	4127
2071	3823
1268	4720
704	7502
1274	5108
3155	1367
824	7009
2959	2445
4424	3282
2495	3537
2416	5064
1298	5971
1844	2527
1499	4226
1634	5480
93	8733
2744	3826
1690	4146
112	9374
1699	5454
670	5456
1558	5032
544	7456
732	5014
6536	3101
1353	4524
2973	3664
562	8210
1067	4859
122	8857
997	4639
1240	5900
1390	5827
1560	6084
1945	5509
1360	6564
1270	6796
794	4967
978	7104
2940	1174
797	5903
1480	5019
2325	4753
1789	5584
1577	3584
2147	3473
2886	2759
1593	5819
1222	4762
1955	1426
1745	3269
829	5766
1131	5199
1415	6076
725	5566
945	6303
3036	2799
1509	5841
4772	2722
1066	4449
2253	3817
1607	5700
3843	2983
2785	2874
302	6749
1248	5216
1197	5141
2321	4364
1727	5681
1781	3952
1417	6059
515	7322
6769	2354
1670	5267
1467	4940
1325	5131
1695	5580
1890	5423
712	5622
1683	4749
1834	5102
1538	4353
307	9284
1113	5270
1555	6018
1171	6217
1524	5475
1234	3193
2544	4295
908	4378
944	6836
2939	4483
2680	4368
1512	6564
782	6381
1274	5583
685	6090
1602	5130
655	6040
3	6382
1096	6029
1847	5024
1987	1660
1118	5519
562	4884
1750	4461
779	5735
2609	3595
1889	1464
1169	5745
2462	4804
2409	4422
1037	6805
644	5732
1218	6519
1269	5621
1622	5963
1409	3847
704	7112
894	5512
1518	5133
1401	5358
2394	4444
607	6725
1503	5352
2849	3461
626	7006
1421	3853
2113	4401
1056	5795
95	9154
1639	5408
2337	4226
1479	4739
819	6835
2751	4285
1501	3019
1608	4765
476	8246
513	6725
1060	6378
267	7001
1746	3581
1612	2613
2739	2667
1621	4783
1690	4400
4862	2431
2311	4007
868	4731
2517	2433
941	6930
3062	2537
1781	5324
536	7475
734	2403
1564	4979
924	6590
839	6727
3032	3207
1560	4235
910	6866
156	8371
37	9683
863	5835
2022	3636
1114	4418
824	6714
1982	3643
1683	3619
895	6568
1148	4991
2198	4952
567	7916
1652	5881
3438	3103
1615	3864
432	5972
1344	4033
2785	4111
2019	4057
901	6081
1180	7013
2138	3132
2346	4662
1895	4573
3980	2206
1918	5572
928	6216
937	4536
1395	3921
2515	3830
898	4554
1054	5357
1060	5945
2053	3060
2005	4752
5888	2418
2653	1747
1494	4118
1722	4747
837	6482
708	8108
162	7045
765	6085
1150	4288
1128	6678
1068	3892
64	6742
547	6233
1373	4817
954	6494
1343	5283
2805	2783
1140	4816
3337	3661
2931	2435
1560	4717
879	6921
1380	5958
1650	5695
131	4978
803	5716
1905	3443
4917	3228
1652	5525
2332	4024
80	7604
1303	5434
2115	5170
605	5809
658	6844
170	7532
1559	5261
1608	5010
794	7555
134	5813
2378	3721
1286	5020
1436	5255
691	5643
941	6855
2094	3214
1342	5000
1591	4619
2262	1827
2727	2915
2074	5386
859	3376
777	4344
2435	4914
3000	2656
2182	3855
1535	5041
281	6113
1892	5034
1546	4152
1988	4192
1132	3398
1677	5232
95	6254
512	6769
2771	2946
1444	4699
2249	4594
626	5791
161	8071
3359	3606
872	6015
1915	4704
1764	5759
2158	5132
3215	4082
1725	5087
262	7868
2976	3894
1467	4610
5579	2404
1469	5051
791	5012
2317	5234
2720	3724
903	4390
1135	5012
2454	3360
2127	5286
1486	5043
1446	3858
2945	4313
2376	2695
1428	5770
809	6822
1540	4078
973	5926
1389	6309
1988	4501
2017	5003
264	6000
2308	4427
1099	4133
1678	3688
1829	5233
931	5964
2295	2671
689	8287
1363	6000
1196	5160
820	6134
2074	3686
207	6082
1439	2579
819	5028
5414	3280
919	2533
1745	3371
803	6113
1963	3899
3901	2663
1095	4688
2905	1871
793	7828
1494	4780
562	7230
1864	1302
573	6639
822	4898
1802	5445
2662	4335
890	7359
829	7410
2370	5010
873	6609
904	5659
1145	4076
1862	5488
1137	4760
1681	4253
827	6409
1149	4966
1623	2549
1869	3887
1880	3539
3024	2726
1844	3675
1255	4617
860	6389
2422	3982
1049	5218
1617	3152
4466	3132
1250	3414
547	3310
2023	5241
491	5634
2719	3399
1737	5744
3533	2620
1157	4146
1769	4431
172	8071
2902	3790
2242	5207
1281	6143
2663	1738
1923	4475
1598	4097
292	7699
628	3969
1489	6171
1736	5091
1310	5264
1463	4841
2784	3321
1932	4271
1585	5137
58	9744
1860	4295
1629	3812
288	8091
2933	4504
1216	4226
404	7908
1884	5008
116	9700
549	7059
707	7360
3525	3703
1129	6575
1709	2070
736	7823
532	6586
2062	2670
4637	2109
76	8883
2527	3909
610	7932
1543	4072
1092	4497
1998	1493
3046	2957
270	7539
1429	5947
1839	4742
1387	3270
1282	3345
1870	5267
2822	2371
3158	3711
699	5733
1429	5951
2237	3937
1729	5498
1658	3959
541	7326
2438	1732
1572	5262
925	6687
991	6618
3946	2597
1334	5604
1149	7028
2031	4238
1382	4960
150	8110
1957	3760
1545	4461
2520	4579
1500	5123
109	6082
738	6276
821	6514
1260	5879
1722	4321
1190	2620
2503	4245
728	6486
1364	3692
1247	4392
21	6086
1731	5064
1108	4848
2553	3594
1881	2437
1189	5633
1499	5152
259	7032
116	8675
986	3111
2055	4551
1264	5897
1761	3889
279	8463
2023	3310
754	6505
1542	6046
2269	4674
81	7118
948	7624
699	5888
2053	5598
1162	6658
2033	4212
1060	6694
2502	4645
1340	6005
3019	2993
1086	3563
508	6488
589	5354
1626	6139
1499	4372
2957	3403
2463	3343
1882	4872
1292	5533
1320	6230
1202	6846
2133	4590
1522	5077
814	7057
1207	6124
2798	3117
4776	2767
1510	4525
1452	4916
1710	3448
944	6415
1444	5054
3207	3673
1193	4264
1225	4854
2571	4807
193	8752
1279	6387
1559	4375
1336	5968
1648	3204
998	6714
1696	2755
1699	5819
1424	4878
901	4291
2425	4028
776	4565
1659	4282
1325	6318
1789	4704
831	4093
1199	5742
215	7460
831	6204
1201	4332
1513	4440
2554	3972
1752	4469
1226	4856
1836	4975
1389	2568
2591	4086
1333	5829
106	5354
1332	5816
1666	3544
3727	1665
985	5608
2196	4318
1123	4221
1133	4792
1399	6602
1183	5758
734	7917
338	8894
922	4925
1559	4180
1622	4370
1331	3413
409	8156
1233	3283
1827	3236
1339	2719
887	7682
1718	3771
674	6583
1581	4919
2037	5099
2030	3627
1405	5867
1999	4577
642	4774
1619	6279
1591	4955
259	8937
1057	4602
1964	1402
1157	6206
1132	4992
1488	5969
3945	3835
838	6387
712	7022
839	5137
1109	6850
1934	2469
1834	5461
506	5255
712	5066
752	6462
797	5550
1521	3652
3828	3207
1608	4966
954	4910
677	5266
2390	4286
1347	6013
1250	3744
1685	1369
1475	5088
2802	2444
2434	4502
1311	4392
3142	3337
1531	4587
175	6635
582	6510
879	2914
1694	4092
1608	4602
740	4708
201	7566
1570	4455
2896	3775
4025	2692
129	7310
950	4671
730	5495
1561	5628
1432	5924
361	6158
2788	3940
548	8211
1505	5564
2127	5021
647	6773
912	3403
1752	3762
190	7651
1732	4576
1800	5481
391	7671
39	7160
2266	3747
1175	5988
2074	4741
686	6845
2003	5572
549	7591
2747	3791
2889	4274
1007	4239
2298	4471
557	6940
547	6236
1007	6237
1039	6355
2387	1734
1350	4423
801	6824
3269	3526
194	7453
1590	4271
854	4172
1679	4462
1346	5969
1373	5726
5535	3300
690	6301
1864	5316
1620	5284
2111	3593
976	7080
795	7098
94	7672
179	7896
1538	3265
1048	6309
100	9127
1642	3694
1580	5691
3624	3858
2629	3419
764	4613
1213	5209
4444	2766
1481	4687
1349	6468
1452	4596
1505	4989
869	3835
860	6317
1428	4948
770	4544
1542	4482
1407	2990
602	5759
3598	1428
243	7550
1091	5769
1387	6432
2140	5241
4690	3271
60	4608
1590	4888
1484	5455
2034	2951
1312	5074
1570	3308
1100	4316
1772	5309
2152	3104
1264	4686
1117	4688
1694	4683
1388	6501
242	8938
1982	3884
2127	4097
826	6726
1058	6806
5032	3252
751	7268
1505	3292
729	8037
2031	4561
859	5843
961	6797
1952	964
822	2404
2655	1911
1518	3906
745	5786
3121	2714
1214	5627
1739	4380
1675	4417
826	6272
1066	1545
910	4078
2249	4465
1457	5805
1089	5256
1151	2891
673	4091
3935	1174
2004	3745
359	7831
1242	6261
1522	1889
1811	4473
780	6180
1351	5214
1413	3802
2279	4398
1283	5259
4726	3014
299	5766
8114	1287
3622	2737
1264	3601
1497	5066
796	4844
2036	3788
2612	4536
1285	5411
438	6856
1449	5805
886	7015
1657	5398
1552	6379
1494	5845
1804	5183
1131	7151
2631	2563
2376	4577
1103	6765
1766	3220
702	4468
1550	3933
776	4528
944	5382
1477	6294
1437	5587
1709	4711
295	7277
1621	5672
616	6802
1719	3642
1394	4044
1096	4668
951	3962
2467	4748
2418	4416
3468	2641
184	5632
1471	2521
1942	5174
2734	4769
327	5895
2198	4956
1605	4014
598	6664
2034	4874
242	6935
88	6384
2424	5040
1947	5352
1289	4699
2485	2795
318	5833
1346	5498
555	8086
1432	4515
2737	3270
1536	4151
1114	7182
1428	5850
444	7261
1225	3709
2237	3824
1468	5606
2902	1707
1517	6102
1527	5207
1664	5644
755	7129
699	7506
2094	4494
1444	3015
1511	5995
1286	4800
507	6530
41	7879
1033	2866
1234	5601
1330	4293
1630	4675
1868	2597
1561	4601
1181	3829
2588	4218
1279	5313
1471	2138
120	6243
9999	2740
1528	5571
1132	4045
104	7700
1296	3294
3517	4158
306	7567
1806	5167
1391	5167
710	7698
918	5003
1101	6556
1806	3330
712	4952
797	6224
1319	4615
744	6352
1512	5356
1435	2807
950	7174
2129	5138
902	5961
1253	3672
2451	5049
1984	4204
1392	5118
2517	4527
1614	5529
945	4725
853	6624
70	9692
4366	3181
1570	1695
123	9217
903	6383
80	7633
1035	5778
695	5371
640	8015
501	7727
2073	4961
199	7300
1125	5111
1111	4746
1578	3052
1051	4191
769	4115
785	4867
1344	5947
962	6770
1836	4361
880	6682
1079	4652
1541	4760
2573	2680
907	6376
2022	2856
5809	2406
3247	4072
1282	3680
1006	6820
268	7675
1546	3024
1146	5049
370	6644
1463	5116
1631	2578
1309	3225
773	6232
2096	3679
330	5205
2609	3755
117	8017
1954	3371
1966	3938
1470	5254
121	9156
1629	3737
2050	4049
1604	5039
2519	3993
1391	4154
735	7182
1778	2729
2548	4181
1041	7443
1260	5447
825	4281
2855	3485
1870	3728
1601	5898
1352	4888
1015	4303
2399	4231
2879	3987
2044	4490
121	8560
2522	4484
1407	3493
100	8998
1094	5689
1658	4803
585	4678
2680	3926
2128	5433
1056	7027
1975	3180
2654	3293
2241	2377
1297	4523
1513	4374
1652	5083
757	5717
1933	4399
1756	3716
1836	4863
1332	6741
2107	4476
810	6278
1394	6193
1051	5812
2449	3590
747	6873
420	7761
1471	5163
1516	5991
63	8574
336	8840
599	8317
1482	6129
1647	3635
1791	5510
3017	2697
1203	5131
523	8143
1976	4829
1199	5567
1394	2832
1312	2211
772	3922
1430	4513
748	7370
1663	4998
988	6107
2368	3629
967	5735
672	5576
623	5809
882	5333
2158	4129
1519	5042
738	6510
733	5708
2418	4736
960	7547
788	6145
2370	2361
2741	2955
836	6490
2291	2745
2868	1913
49	9129
2117	5345
120	9228
934	4389
1453	5722
1026	6626
523	6045
1141	4320
3291	2574
673	7388
1283	4908
2615	3692
1303	4448
1236	6490
759	5958
1330	6442
3502	2793
765	5887
1535	5522
1413	1596
2226	4198
2176	2394
912	6869
2364	4202
1552	3930
2907	2037
1464	6016
1095	5876
3236	2884
2237	5284
1364	4955
1210	5241
3345	2070
2009	4750
1047	6024
1793	4088
1109	4914
1156	5946
2543	4802
1415	4696
2458	1952
1125	7051
2860	1901
1628	5508
2327	4684
2033	5273
1766	808
1415	4173
688	6361
438	7972
1871	5357
1150	6222
1441	6134
2501	2696
1311	5977
2872	3982
2776	2509
1623	4754
223	7881
3168	2387
888	6573
1127	5594
1310	5454
1230	2254
1013	7238
2588	4073
1725	5608
1261	5677
1726	5725
1116	5108
1922	4688
236	7371
0	7064
1540	4531
1154	6697
1563	2544
185	3807
1320	5367
731	6735
433	8462
1355	6198
3053	4574
4343	2126
1511	4867
1359	4810
1687	5531
1715	4286
136	8062
6095	3246
550	5666
587	4616
874	5300
1694	5978
1789	3437
1768	5543
1538	5125
1906	5041
33	7682
593	6091
1618	3691
2144	3626
1610	4185
1705	4400
1493	5855
2654	2807
1956	2820
1501	5818
98	8839
1935	4494
1239	5133
810	7282
2325	4729
1984	3456
1964	3810
2009	3603
2056	3500
1383	6514
80	7188
2109	4548
2159	5215
1701	5508
686	7835
587	6220
2591	4152
92	6161
1773	4643
2700	3435
749	6520
679	5024
1308	5030
1828	2970
1014	5387
1690	4037
266	7933
104	7405
1273	6678
938	6409
2441	3201
816	7303
1564	5541
1594	5210
740	5684
1011	4783
138	6895
1595	2470
116	7709
899	6008
2553	3767
879	4219
3240	2810
958	3237
1326	3508
517	6158
970	4774
2353	3700
1741	4661
2004	4569
1708	4293
1265	5400
3158	2686
326	7822
2475	3574
1184	5621
314	7009
2143	4970
954	2277
1685	2752
4328	842
2727	2732
3377	2516
929	4491
743	7738
1035	6365
1053	6309
103	5285
296	6636
2036	2896
1532	5963
1986	4347
1595	3955
1776	4027
2164	2504
2092	3944
1973	3764
1264	4947
1866	5397
1257	4329
1577	5856
1011	7207
1272	5661
2019	3871
857	5013
1065	6141
2817	4374
2311	4909
802	7052
317	8421
1065	5443
1656	6071
2546	2943
2371	4306
163	9374
2554	3912
1781	4295
1764	5466
1648	6196
1292	4811
2648	4174
1846	3502
1699	4475
3004	4545
1550	3644
2370	2359
1179	4633
562	5234
1619	5586
2249	2109
1505	5526
1994	3715
423	8643
2264	2661
796	6649
1209	5654
2186	4528
3946	2887
125	7372
1511	6112
1380	5965
1860	5327
2583	3922
104	8796
1455	4223
769	6947
2292	3748
1715	5464
2084	5109
1537	4179
173	9038
1455	5243
166	6722
60	4946
1621	5137
1416	4975
685	5787
2178	4334
2321	5057
918	7639
810	6022
1441	4799
1337	4387
2625	3312
1283	6370
1360	4874
655	6367
4101	2499
3459	3401
1212	5085
1584	5074
39	8024
1787	3927
2050	4672
685	6647
836	6163
1587	5458
1797	4573
680	5527
805	7231
1156	2857
2071	4572
929	5766
1576	5770
1687	5365
1388	4554
288	9522
675	7261
1784	5468
882	6949
3342	3867
1842	5141
93	4531
1279	5455
1775	4086
1324	3485
250	7817
708	3623
152	4983
2225	4817
2889	1971
707	6516
1514	6348
1079	5776
1514	4096
822	5299
1345	6028
2141	5496
3828	3537
250	6628
1665	1903
4332	2642
1538	5426
617	8258
1605	3869
1520	6046
2962	2665
1439	6439
484	8784
5305	2983
1507	4175
1441	4989
1189	5463
2325	4347
231	7016
888	7188
1533	4775
507	8348
3018	2176
525	5444
1582	3526
4381	1753
537	7148
381	6314
1611	3428
1598	4494
922	3572
1510	5237
1251	6108
271	7483
109	5949
1785	4261
3328	3304
3206	4444
2129	4330
3628	3411
1277	5493
1035	7481
1569	4042
4062	3594
2114	3607
744	6153
829	5256
802	6289
865	5621
2666	3432
604	6696
1649	6210
1519	4669
1626	5701
631	4817
2015	4600
5299	3003
861	6385
2690	4015
1378	4926
3036	4083
1071	6672
480	7900
1665	4244
1494	5017
1773	4650
838	7432
3560	3143
1107	5105
2192	4142
1720	3476
938	5868
424	7954
892	5043
676	5026
2465	4976
919	7637
316	6994
1106	6474
2090	5276
1289	5472
1091	4218
1504	6479
2886	1162
1874	3850
1316	4252
507	7997
2544	3562
1911	4144
3211	2532
1301	4778
1184	6212
2263	1596
775	5620
1529	4047
870	6193
2224	4169
1515	3057
641	6427
1595	5113
1524	4299
1313	5259
1424	4799
1507	4701
1842	5471
1724	2532
173	5652
1884	5325
2053	4273
2551	2429
1733	3940
2432	3854
1158	6367
1874	2072
1151	5970
216	5432
1029	6405
77	9542
1748	3615
1365	2351
1829	4455
1337	3254
2555	4249
2401	4569
3063	2790
966	5109
1076	7014
1718	3221
1446	4425
977	4817
1584	4544
1825	4301
1155	5402
278	5322
286	3696
1509	3729
812	3888
932	5911
186	6245
1270	4177
2390	3524
811	7167
1457	5491
1299	4798
1866	2627
2784	3907
448	7654
1081	4674
913	4011
48	8593
1652	5456
1886	4703
158	7975
1140	5533
1251	6183
1812	5054
1558	4056
1550	5259
1284	4067
942	5960
302	7648
982	6860
1351	5444
1547	4597
1407	4712
2461	3239
508	6736
4776	3324
327	5724
963	6406
1147	5368
1709	5734
1748	5208
906	7330
1541	4409
1198	5678
454	6995
2155	4963
2604	3774
395	6470
1250	2629
807	5418
185	6903
590	5961
1876	4414
2596	2075
1601	5599
936	5785
1264	4168
1132	6427
714	7287
1689	5684
1707	5381
1547	4829
1811	4320
2929	4008
1497	4075
1829	5538
1561	4866
117	7440
1486	5268
3061	3381
2133	4667
1397	5818
1584	5160
2401	2999
1766	4151
936	6084
1521	3667
2231	2588
1114	6483
232	7971
822	4717
1391	6190
1341	5253
137	7837
784	7567
1689	5618
734	1981
2952	2320
2373	4447
1146	4533
1609	3778
2672	4628
2528	3394
627	7019
1376	5222
916	5891
899	7493
1988	4404
751	6770
85	8825
1276	5946
1057	5230
1492	4989
1550	4585
1584	3297
999	4142
2012	5014
1467	4802
713	7239
2853	3585
2179	5067
1200	5852
1649	6181
126	6794
559	4724
2610	4471
1605	4863
744	4961
460	6410
1477	4664
150	8917
137	6663
118	7393
1633	4152
1749	2670
1090	3169
548	1830
680	6267
2640	4005
1463	6389
1912	3426
2943	3550
1701	4050
1430	4850
1648	3267
796	4175
1371	1419
3354	3600
2544	2171
735	5811
641	6902
3886	3512
1008	4638
1586	3812
727	7315
2633	2685
1503	3966
1472	3308
769	5879
3570	3636
1741	4009
1105	6156
1342	3341
1305	4319
1290	5595
1559	4963
933	4415
1576	2373
1448	4339
824	6225
1508	4587
2899	3724
1006	4381
2481	4247
776	6717
833	7873
1744	3862
1758	2975
266	5758
1748	6033
1502	3930
3098	3465
1384	4604
1764	6061
2175	4870
2608	4324
2676	3597
2036	4469
3078	3107
98	7187
859	5828
2161	4161
874	6362
1963	3767
1799	2944
850	6054
2760	2877
2863	3545
790	5451
1309	4340
1775	5078
188	3106
1140	4586
1464	4644
2841	3184
1511	4646
1308	4517
1287	4832
784	4993
1726	3713
93	7436
3100	2962
882	6403
1442	4312
966	6578
1043	5138
694	7288
2603	3355
797	5631
3465	2457
1942	3940
1922	2570
678	5045
2151	5006
1434	4655
602	6188
2745	3122
123	9341
1566	4861
1712	4467
855	4780
3286	1861
1852	2750
1456	4759
2120	4045
3012	2148
2849	3124
1335	4375
1324	5581
858	6266
1163	4142
2156	3518
744	4928
3574	1809
537	4809
1557	5977
1914	5130
561	7458
1831	4288
1166	7227
875	4215
1869	4663
912	6186
141	6078
703	5239
2152	4024
1169	5048
1629	5820
1049	6964
1073	4070
786	4724
1876	5678
899	7587
1422	5689
1652	3940
510	7240
891	7220
320	8772
2199	4495
136	7286
610	5378
783	5317
400	6362
1561	1166
1659	3898
3162	3466
916	7519
3425	2427
2642	3760
2214	3389
605	6139
1636	4694
61	7120
693	7709
1283	6185
1624	4112
1255	5039
2004	3672
560	7677
501	8483
1361	4016
1679	5474
1826	3620
664	5950
1686	3653
1212	5448
881	6183
1448	6477
2100	4562
2116	5086
504	6876
922	6356
3283	3248
1633	4333
1748	5307
1240	4776
2070	4044
2917	4506
1354	5776
1580	5405
1649	4291
1472	5314
1233	4413
1043	2083
1003	2850
877	6632
2065	1685
848	4383
2168	3487
686	7133
0	4924
1842	4538
856	6423
1260	5345
1162	5654
1283	5060
1544	4281
844	4483
1495	5199
183	6872
2431	3382
1079	4517
1718	3157
2557	4562
85	7635
1439	4597
870	5062
919	5339
1404	6496
58	8936
2628	4553
455	5798
1423	5306
1708	3744
1575	3027
547	8319
3193	4051
2698	3932
169	8878
1098	7322
93	9873
55	7428
2555	3460
1260	5683
2128	5048
2116	5393
1649	3898
133	7497
1398	5114
4092	1924
276	8960
1073	5596
3251	2356
85	9418
1857	4826
958	6298
3828	3190
1940	2846
573	6375
1895	4247
1428	5922
2370	4149
1584	5265
1380	3302
1490	3329
1609	5008
1117	5163
1300	6295
2149	5488
1486	3004
1437	6141
2022	4611
2479	3441
1953	4777
790	7401
2523	4481
1331	3062
1455	5076
1102	3219
2677	2414
1800	5130
688	6388
997	6120
361	6750
1726	5511
1722	4798
1924	4847
1067	7408
3810	3300
1457	5016
1756	5550
3370	2980
793	5486
3134	4004
3206	2736
227	9011
5004	0
1942	4648
3073	3138
2851	3796
2891	3249
1261	6207
2855	3635
2266	3623
2898	3322
1447	5755
733	3951
2743	4471
304	5657
4535	2911
1555	2842
1572	4657
1026	6620
1435	4326
1708	5858
1297	5521
2663	2972
856	6835
564	6480
1464	4828
1555	4816
887	5496
1698	3785
1743	5729
1148	6843
1605	4102
1718	4475
974	5267
1954	2549
1615	4419
1745	4555
932	7395
1659	4612
1812	4072
1057	5782
2760	2404
2489	3146
829	5628
124	6769
714	5733
1104	5025
1634	4154
905	5493
1427	5416
1942	3696
1241	5841
2375	4829
2160	3780
1583	4087
1268	4427
2492	4366
1984	1706
1199	5326
128	8127
217	3201
2030	2751
4396	3001
2003	3284
1714	5608
1098	5770
3131	2694
2424	3511
923	7106
1989	4469
1535	4669
824	6837
765	4943
2392	3980
1833	4768
1492	4761
607	7468
1294	3812
1587	4897
1218	7114
668	5252
1933	2722
2599	4962
2852	4236
1794	5847
329	4328
2619	2696
712	7662
324	5592
2002	5354
1239	4239
696	6658
2129	4806
319	5970
1048	6489
2149	5017
687	7713
2313	3480
3114	2786
1133	4449
1532	1970
2037	4921
2840	3991
1487	4472
3232	3289
2240	3985
3324	3590
3033	3453
801	8023
1491	4868
3465	3052
806	7031
454	6307
732	4864
4421	3756
4775	3340
953	5627
1404	4645
1992	4142
1553	3399
3800	2474
1558	5630
1211	5185
684	7081
3394	2177
802	4879
633	5922
1034	7000
1068	5307
1095	4835
2074	3818
2271	4202
316	7206
430	6610
716	6697
1750	4125
786	7647
632	7258
1389	5560
1566	5734
2115	3804
3484	3017
2115	4362
1210	5745
499	6417
1714	4301
1210	5198
1896	3880
1529	5147
1603	4520
1617	4387
99	7176
1904	3930
2944	1963
886	3875
1650	3851
2156	3981
1056	3993
1256	4209
1744	5784
724	5163
1306	4129
207	9310
1290	6017
230	6971
827	6890
808	4501
1950	4345
3063	4258
846	7684
772	4628
797	5825
300	8568
257	8182
1898	4278
1463	5354
968	5054
3415	3962
4064	2715
1121	6586
1724	4942
1836	5371
73	5721
190	8510
1514	4770
1776	4045
1851	3715
1039	7077
605	7335
207	6829
2632	3747
1301	4468
1572	4622
751	5529
2701	3713
512	7623
985	7026
64	9519
1869	4958
87	5848
2032	3879
2869	4468
773	6831
1405	5449
1355	5951
1612	4453
1552	1951
2331	4804
3008	3798
2560	3071
1415	4764
2117	2233
2207	3717
1769	4990
701	6711
1635	1933
1011	7255
1073	4459
2342	3804
752	7890
1779	4025
1131	5672
1354	4587
1064	5867
1537	4369
3570	3367
379	7218
3252	3240
758	4520
390	7622
1436	5012
1540	5071
1375	6308
2235	2642
1393	1318
1832	4879
1126	4692
1687	2589
2616	4583
113	8197
1242	5100
723	7380
1838	5445
1392	4536
1203	4369
1906	4613
2245	4356
70	9865
1352	5674
1416	5657
1649	4750
1563	2948
1184	6875
823	5427
2091	5282
1738	3813
1510	4260
2597	1827
2224	4736
787	6813
3410	3619
960	6815
1458	5020
1442	3388
454	7927
943	5111
1349	5041
1619	4886
2565	3996
1165	1511
1741	5064
1098	5704
1353	6142
1785	5222
261	8316
1125	4777
2003	3980
1355	5152
4364	2145
2123	3581
1177	5559
1514	5769
1613	5542
151	9161
835	5093
2127	2998
950	6241
1174	2356
708	7334
836	3997
910	5903
4573	3093
2467	5030
173	6149
386	6776
1483	5087
1954	4049
1726	4840
1561	4214
1338	3075
802	5666
869	5603
1816	4768
1622	4154
495	5403
3797	3558
1789	3469
1703	4295
1506	6216
2354	5160
2023	2762
2597	3869
2759	2605
2738	4466
2264	4218
1172	5064
1755	3032
687	6075
3606	1391
2161	3365
1506	6140
3052	3559
1786	5521
100	5873
1313	3311
1603	5855
78	3339
1521	5613
1063	2343
1616	5642
3856	2493
582	5723
2578	3881
834	3764
523	7687
1166	5695
1176	6715
1349	3584
1484	3206
1286	6272
1773	3772
406	6023
3424	4098
725	5784
683	6996
1482	6153
277	7890
1643	4361
1603	4774
2373	3708
944	6120
3046	4079
1768	3156
1206	3398
3315	1769
1575	1949
1649	3589
1670	4710
2292	5230
1305	5891
275	7944
2589	3827
910	6178
2332	4043
4282	1652
1633	5712
2140	4919
416	6598
1480	5199
1292	6689
902	7584
824	6441
1592	3158
172	5399
3366	3859
245	6662
1760	3028
582	7697
280	7878
4282	3248
1663	2243
3913	2352
1309	4611
321	8662
3353	4059
333	8251
845	5982
3643	2189
1332	6802
1744	4179
1663	3932
2606	3791
2843	4097
