5232	0
1165	0
3224	1
3213	0
4535	0
4941	0
3402	0
3133	0
4644	0
3358	0
3104	0
4675	0
8285	0
2105	0
4185	0
3680	0
4622	0
3196	0
5057	1
6377	0
7748	0
2826	1
4768	0
5970	0
5557	0
3294	0
4733	0
5644	0
5626	0
3529	0
4065	0
3939	1
3649	0
3916	0
2170	0
4212	0
4678	0
3252	0
5798	0
4275	0
5561	0
7123	0
5243	0
6261	1
5494	0
3710	0
4559	0
6236	0
5786	0
2496	0
4328	0
4919	0
3332	0
3324	0
2405	0
5522	0
3736	0
6122	0
2158	0
3960	0
4348	0
3461	0
4091	0
3142	0
3439	0
5611	0
4347	0
4688	0
3307	0
4243	0
4689	0
2812	1
3369	0
6197	0
5109	0
3840	0
5195	0
5215	0
3361	0
2883	0
5673	0
4954	0
5400	0
4964	0
6467	0
3003	0
5116	0
4499	0
4816	0
3690	0
3089	0
3993	0
4620	0
4840	0
4274	0
5127	0
2101	0
3772	0
4205	0
2880	1
2816	0
4432	0
8822	0
1653	0
523	0
6076	0
4257	0
3993	0
3655	0
2886	0
2658	0
5252	0
3855	1
4532	0
4021	0
6571	0
3241	0
4036	0
3698	1
6534	0
807	0
4001	1
4755	1
2453	0
3342	0
5021	0
4087	0
4762	1
5904	0
3372	0
3288	0
3611	0
6833	0
4307	0
4488	0
3324	0
6126	0
4978	0
5964	0
4889	0
3893	0
7431	0
4917	0
4799	0
5454	0
6912	0
6188	0
4202	0
4997	0
3802	0
5026	0
4671	0
4642	1
6512	0
3570	0
3238	0
3466	0
4546	0
3734	0
4377	0
5565	1
3408	0
3223	0
3842	1
4032	0
3927	0
6190	0
5439	0
3828	0
5509	0
4905	0
3491	1
2548	0
4873	0
4526	0
5079	0
4619	1
6519	0
4434	0
2582	0
3190	0
4787	0
5149	0
4081	0
4902	0
5333	0
6338	0
1885	0
2627	1
5557	0
5692	0
3639	0
5443	0
4688	0
4675	0
4037	0
2709	0
3299	0
3410	0
2417	0
2769	0
4403	0
987	0
5674	0
6695	0
1743	0
4151	1
2865	0
6074	0
4066	0
4689	0
1927	0
4971	0
5932	0
5877	0
3491	0
3269	0
4716	0
3584	0
1612	0
5964	0
6343	1
5312	0
4390	0
989	0
9454	0
6191	0
2614	0
3471	0
5959	0
3329	0
4093	0
6891	0
3448	0
3824	0
3733	0
3443	0
5749	0
4461	0
5956	0
4652	0
2869	0
6131	0
3382	0
8711	0
2170	0
5737	0
7825	0
4870	0
4289	0
5042	0
2079	0
4434	0
5727	0
4909	0
3595	0
3636	0
4855	0
3451	1
4385	0
4845	0
4510	0
3200	0
8085	0
5550	0
4201	0
4348	0
1706	1
2417	0
4010	0
3762	0
3379	0
2431	1
4170	0
3384	0
8010	0
5223	0
5073	0
4947	0
6320	0
4279	0
3659	0
4991	0
4837	0
3527	0
2908	0
3227	0
5078	0
6967	0
6052	0
3605	0
6749	0
3335	0
6140	0
3920	0
5883	1
2118	0
2683	0
3427	0
1870	0
4266	0
5366	0
3161	0
3255	0
3637	1
4362	0
4901	0
2541	1
5419	0
5350	0
3485	0
3360	0
3785	0
8058	0
2850	0
6649	0
5148	0
5032	0
4997	0
5940	0
2084	0
3523	0
3413	0
3438	0
3843	0
6141	0
5479	0
6059	0
5925	0
3132	0
6231	0
3343	0
6864	0
5503	0
1221	0
5002	0
5284	0
1335	0
4571	0
4410	0
2888	0
3632	0
4666	0
5786	0
5065	0
1754	0
4116	1
5247	0
7454	0
5620	0
3957	0
3508	0
4174	1
3139	0
4430	0
7688	0
3242	0
2626	0
4311	1
4640	0
6881	0
3095	0
6467	0
7345	0
5923	0
3257	0
4900	0
3936	0
4651	0
4552	0
4573	0
3772	0
2190	0
2314	0
4840	0
2950	0
5552	0
5533	0
2445	0
3348	0
5610	0
5535	0
3914	0
3857	0
4641	0
4579	0
2803	0
3362	0
5570	0
5025	0
4660	0
5081	0
4315	0
4514	0
4027	0
4102	0
2935	0
4149	0
2143	0
8081	1
6376	0
7410	0
3038	0
5527	0
7824	0
7197	0
5690	0
4155	0
4473	1
4026	0
3039	0
4459	0
3955	0
6103	0
2985	0
5102	0
2365	0
5721	0
5506	0
0	0
5096	0
4837	0
5225	0
6080	0
5773	1
5817	0
6139	0
4857	0
4402	0
2679	0
3032	0
5699	0
3619	0
4115	0
3534	0
4903	0
4144	0
4021	0
2235	0
4311	0
6571	0
3504	0
2763	0
5658	0
3942	0
2793	0
2127	0
4592	0
5187	0
7630	0
3476	1
5573	1
3916	0
6051	1
3439	0
3643	0
5378	1
2262	0
4767	0
5996	0
4129	0
8495	0
5225	0
7229	0
5566	1
4546	0
3268	0
4668	0
2144	0
3380	0
4734	0
5411	0
3113	1
2603	0
6387	0
2957	0
2018	0
3528	0
5426	0
4637	0
2774	0
7249	0
6682	1
3597	0
5828	0
4920	0
1442	0
3342	0
4480	0
3027	0
4798	0
5681	0
5136	0
5662	0
5434	0
7364	0
6429	0
4244	0
3964	0
1523	0
5432	0
4177	0
3531	0
1333	0
5361	0
3753	0
5353	0
3369	0
4227	0
5273	0
3843	0
3964	0
4965	0
5942	0
4684	0
4944	0
3669	0
4775	0
4194	0
5295	0
1817	0
4411	0
6856	0
5095	0
4897	0
3811	0
2410	0
5113	0
1738	0
6647	0
6615	0
6280	0
4664	1
2814	0
2687	0
3440	0
5527	0
5006	0
131	0
4996	0
2391	0
7497	0
4138	0
5924	0
4876	0
701	0
4420	0
3452	1
3354	0
4835	0
3446	0
3813	0
3657	1
3836	0
6597	0
3205	0
3330	1
2740	0
4837	0
4533	0
4563	0
2194	0
4182	0
4426	0
3949	0
2704	0
5352	0
4625	0
5901	0
5502	0
5009	0
8681	0
8360	0
1415	0
7044	0
5207	0
3935	0
2703	0
3726	0
2220	0
3692	0
3078	0
6458	0
6797	0
6626	0
4517	0
5095	0
3532	0
4162	0
5192	0
5575	0
3467	0
7176	0
5232	0
4710	0
2253	0
5980	0
2563	0
5178	0
772	0
7392	0
2629	0
3828	0
5059	0
5853	0
5068	0
3615	0
3462	0
4315	0
5542	0
5037	0
5347	1
5371	0
5997	0
5166	0
4955	1
5379	0
4901	0
4522	0
4284	0
5828	0
4329	0
3964	0
4886	0
5500	0
6847	1
5147	0
4282	0
4173	0
2955	0
5423	0
5901	0
5419	0
3663	0
5293	0
2695	0
4011	0
8007	0
3004	0
2517	0
2947	0
3993	0
8464	0
4835	0
4093	0
4276	0
4257	0
4957	0
5252	1
5279	0
4264	0
4228	0
4367	0
3178	0
3108	0
4241	0
7474	0
3707	0
3469	1
2728	0
6110	0
4468	0
5126	0
2818	1
3473	1
4069	0
5527	0
3739	0
4251	0
3558	0
4536	0
5088	0
3946	0
3463	0
4010	0
4419	0
2183	0
4742	0
7044	0
4007	0
3596	0
4120	0
4017	0
6671	0
4945	0
3621	0
5044	0
3549	0
4503	0
5392	0
3007	0
3968	1
3937	0
4374	0
3703	1
5177	1
2829	0
6046	0
5650	1
5257	0
3298	0
5272	0
5609	0
7061	0
3711	0
3978	0
7647	0
4952	0
2403	0
7399	0
4844	0
5225	0
3979	0
6811	1
4977	0
5685	0
5251	0
1686	0
5548	0
4255	0
5393	0
4502	0
6912	0
3090	0
3162	0
5790	0
2328	0
4842	0
6125	0
3696	0
3945	0
3423	0
4480	0
6369	0
5128	1
3452	0
3510	0
2034	0
7534	0
6257	0
2534	0
4932	0
2431	0
4208	1
6647	1
4007	0
4403	0
1958	0
4847	0
3892	0
2210	0
1619	0
3818	0
3054	0
1392	0
4666	0
4591	0
4581	0
5264	0
4811	0
3807	0
5379	0
5331	0
4192	1
6776	1
2648	1
5575	0
7051	0
4027	0
5310	0
993	0
3479	0
5799	0
5827	0
4290	0
4152	0
6028	0
6143	0
4180	0
4959	0
4703	0
4345	0
4407	0
8396	0
3861	0
3818	0
5344	0
3235	0
2933	1
4774	0
6362	0
6850	0
6972	0
5757	0
3177	0
2929	0
2999	1
2995	0
1800	1
6888	0
4029	0
5508	0
6178	0
2969	0
4954	0
5351	0
4835	0
3201	0
6613	0
3091	0
4237	0
4262	0
4447	0
4905	0
5776	0
6980	0
5851	0
5410	0
2218	0
3274	0
8862	0
6819	0
1001	0
5785	0
2805	0
3732	0
2811	0
5285	1
4713	0
5800	0
3506	0
3380	0
4009	0
3186	0
6703	0
2456	0
2679	0
2719	0
6349	0
3576	0
5148	0
3363	0
4643	0
2783	0
4058	0
5677	0
3525	0
5415	0
5073	0
4751	0
5130	0
8088	0
4268	0
7621	0
4087	0
4387	1
5448	0
1716	0
4827	0
4325	0
5881	0
4060	0
6065	0
3634	0
7788	0
5902	0
3186	1
2771	0
5491	0
5333	0
2971	0
3187	0
5777	0
4894	0
3267	0
5153	0
5767	1
4495	0
8642	1
4444	0
4391	0
2456	0
4742	0
5155	0
6991	0
5275	0
5561	0
4558	0
5222	0
3167	1
2336	0
7458	0
4301	0
6218	1
2945	0
5636	0
5477	0
5726	0
6043	0
5889	0
4171	0
3794	0
5369	0
2015	0
3628	0
3441	0
4808	0
4743	0
1733	1
7080	0
4434	0
5052	0
4348	0
5033	0
6997	0
3217	0
3568	0
6033	0
3624	0
3352	0
3632	0
3885	0
5201	1
5740	0
4924	0
4679	0
5095	1
6279	0
4300	0
4374	0
5029	0
4195	0
5789	0
6458	0
4409	0
6518	0
4956	0
2543	0
3053	0
4404	0
5246	0
3365	0
1898	0
4738	0
3190	0
4227	0
2561	0
2422	0
5890	0
3714	0
4219	0
5326	0
2868	0
2586	0
3904	0
6955	0
5875	0
3798	0
3808	0
5506	0
2284	0
5290	1
2540	0
2166	0
3884	0
2956	0
5530	0
5417	0
5008	0
3471	0
3909	1
4972	0
6090	1
4647	0
3602	0
5391	0
4601	0
9365	0
3122	0
5996	0
4142	0
5405	0
6319	0
4564	0
3601	0
3502	1
2747	0
3136	0
5266	0
5958	1
5842	0
5672	0
6753	0
4997	0
5318	0
3875	0
3768	0
5484	0
4859	0
5106	0
4894	1
4038	0
5751	0
6006	0
3045	0
2119	0
3958	0
3822	0
2702	0
4587	0
5704	0
5670	0
2365	0
5512	0
2597	0
5069	0
4935	0
5654	0
2731	0
4298	0
5573	0
5173	0
4761	0
564	0
4647	0
1774	0
5717	0
2375	0
8242	0
3902	0
2196	0
3690	0
1916	0
3998	0
5013	0
5481	0
5197	0
5018	0
3988	0
1943	0
6731	0
4447	0
2129	1
4153	0
3031	0
4458	1
4435	1
4329	0
5822	0
4343	0
3120	0
5105	0
6085	0
4064	0
5712	1
1680	1
6054	0
3913	0
3791	0
2368	0
6637	0
5266	0
2269	0
3895	0
5478	0
2376	0
6082	0
4943	0
5861	0
5504	0
3883	0
3639	0
6228	0
3993	0
2071	0
3998	0
3019	0
4207	1
6140	0
6297	0
4882	0
3868	0
5820	0
5094	0
3893	0
3260	0
2709	0
2461	0
4758	0
1613	0
3962	0
2854	0
5296	0
1666	0
4439	1
5010	0
5513	0
4245	0
2942	0
4444	0
4981	1
3037	0
2608	0
4674	0
5909	0
4420	0
5055	0
2845	0
6257	0
3939	0
4002	0
4651	0
3356	0
3688	0
2728	0
5722	0
5225	0
6654	0
1890	0
3164	0
4132	0
4018	0
6224	0
5223	0
4003	0
4246	0
4778	0
4858	0
5514	1
5643	0
2530	0
3869	0
4752	1
1769	0
5519	0
5316	0
2621	0
3484	0
3258	0
2788	0
4231	0
2959	0
4693	0
4969	0
4176	0
3319	0
3847	1
1759	0
6819	0
3732	0
3262	1
4706	0
5064	0
4934	0
3567	0
3024	0
5071	0
4609	0
2406	0
3948	0
8181	0
5207	0
6594	0
3171	0
3957	0
3999	1
6602	0
5631	0
4280	0
3859	0
2482	0
3837	0
6278	0
6018	0
3608	0
8442	0
3055	0
3921	0
2555	0
2841	0
4397	0
4871	0
4444	0
3761	1
4715	0
4558	0
3491	0
3588	0
3736	0
4346	0
3927	1
4217	0
4357	0
4279	0
5599	0
3252	0
5145	0
5739	0
4323	0
914	0
6334	0
5160	0
4502	0
2629	0
1807	0
6610	0
3461	0
3933	0
7210	0
2371	1
3666	0
6004	0
4464	1
2387	0
6163	0
4316	0
4313	0
2687	0
5095	0
2773	0
5129	0
4971	0
5065	0
2109	0
4503	0
3783	0
6007	0
3861	0
4186	0
1994	0
2585	0
3689	0
4749	0
5324	0
4726	0
4964	0
4454	0
4600	0
2895	0
4068	0
6118	0
3978	0
2321	0
5025	0
4838	0
3726	0
2747	0
6019	0
2528	0
3306	0
3753	0
4934	0
5273	0
5234	0
2513	0
3338	0
4285	0
4539	0
4549	0
5417	0
5916	0
4893	0
6518	0
8881	0
1841	0
1824	0
2253	0
4345	0
2302	0
4168	0
3495	0
5623	0
5062	1
6755	0
5394	0
4844	0
4891	1
5199	0
3365	0
4527	0
5312	0
3733	0
5405	0
4074	0
5351	0
3279	0
3983	0
4676	0
3228	0
4542	0
2846	0
2648	0
3818	0
3591	0
4050	1
4859	0
3561	0
1675	0
5089	0
6064	0
3342	0
2703	0
4396	0
4308	0
4198	0
2771	0
3077	0
1313	0
6614	0
5587	0
9375	0
3493	0
3457	0
3118	0
4098	0
3373	0
3369	0
5173	0
3256	0
3655	0
4900	0
4775	0
3593	0
5816	0
3764	0
2693	0
1992	0
6728	0
6922	0
4379	0
7216	0
4683	0
2763	0
3184	1
3598	0
1957	0
6679	1
3872	0
3865	0
2906	0
4687	0
4347	0
4647	0
4373	0
3901	0
4496	0
556	0
4475	0
2562	0
3858	0
4747	1
4346	0
3944	0
3641	0
5627	0
5756	0
7815	0
6007	0
1617	0
6134	0
4043	0
4203	0
3090	0
3867	1
3614	0
6910	0
5583	0
5562	0
5381	0
2716	0
5388	1
7231	0
3647	0
2322	0
1900	0
3406	0
4062	0
4607	0
3863	1
4166	0
3674	0
4250	0
4906	0
6934	1
4813	0
6068	0
3849	1
5348	0
5113	0
5336	0
3035	0
5454	0
5178	0
3783	0
4222	0
4257	0
4949	0
3315	0
3295	0
2806	0
4495	1
4839	0
5308	0
4963	0
3320	0
2830	0
3791	0
4726	0
6947	0
3679	0
4488	0
3746	0
3702	0
2365	0
2920	0
3497	0
5678	0
3975	0
3962	0
5906	0
3185	0
5089	0
5268	0
2588	0
3492	0
2235	0
6347	0
3140	0
4111	0
4734	0
3582	0
5315	0
5555	0
6137	0
4375	0
3184	0
3908	0
4630	0
4203	0
3295	0
3519	0
4953	0
6735	1
4174	0
5148	0
7231	0
3577	0
5101	0
5477	0
4473	0
5244	0
6414	0
3318	0
5914	0
6336	0
3796	1
3285	0
4260	0
4723	0
4792	0
3984	0
7529	0
3250	1
4490	0
5593	0
4704	0
6250	0
3527	0
3000	0
4695	0
2804	0
6358	0
3211	0
2815	0
5550	0
4509	0
5386	0
4294	1
5070	0
4012	0
4525	0
6729	0
4626	0
4969	0
3845	1
5338	0
4973	0
4662	0
5364	0
3777	0
4363	0
5104	0
4023	0
3473	0
4648	0
4439	0
5120	0
5141	1
2473	0
3380	1
4807	0
5772	0
6200	0
2234	0
6280	1
4412	0
5615	0
6462	0
8343	0
4354	0
2690	0
6610	0
4399	0
2841	1
5604	0
6670	0
5289	0
1488	0
2762	0
4080	0
2818	0
6799	0
5433	0
4005	0
2781	0
5397	0
7259	0
4510	0
1385	0
2550	0
5360	1
3568	0
5943	0
6811	0
5419	0
5315	0
2717	0
2662	0
5039	0
4630	0
4540	0
4927	0
5069	0
4302	0
6708	0
3060	0
5067	0
6087	0
5456	0
7518	1
3080	0
5952	1
2759	0
3025	0
5085	0
2572	0
2039	0
1619	1
5115	0
5895	0
1810	0
2615	0
4800	0
2850	0
4738	0
3398	0
4894	0
5848	0
4779	0
5600	0
4883	0
1825	0
4979	0
3327	0
5799	1
5095	0
4662	0
6267	0
2712	0
4977	0
3558	0
3225	1
2632	0
4436	0
3719	0
3789	0
3041	0
4631	0
5662	0
5762	0
5963	0
6396	0
7494	1
5536	0
6829	0
3252	0
3565	0
2797	0
4160	1
6419	1
4385	1
4676	0
4910	0
4446	0
3298	0
3588	0
5396	0
4723	0
3416	0
4629	1
2467	0
2662	0
1783	0
4767	0
4324	0
4074	0
4108	1
7243	0
5573	0
4505	0
9083	0
4846	0
1851	0
2240	0
4075	0
3001	0
4662	0
4594	0
2735	1
2724	0
1960	0
3845	0
4076	0
5154	0
4526	0
4335	0
4242	1
5261	0
3613	0
4790	1
5323	0
1801	1
6744	1
2661	0
7045	0
1952	1
3339	0
3733	0
2371	0
2261	1
4808	1
1427	0
6005	0
5489	0
6742	1
2687	0
4066	0
4541	1
6481	1
3749	1
3176	1
4407	0
5309	0
4085	0
6202	0
6348	0
7818	0
3040	0
4097	0
4814	0
3035	0
3759	0
3185	0
4247	0
3058	0
5876	1
5879	0
3654	0
6008	0
4569	0
4217	0
3166	0
6336	0
4472	0
3750	0
2501	0
6152	0
7898	0
5479	0
2212	0
4325	0
5872	0
2208	0
4081	0
2333	0
4967	0
3108	0
2926	0
1807	0
6097	0
4056	0
4346	0
3990	0
5956	0
5608	0
5272	0
4419	0
7586	0
4039	0
5980	0
5338	0
5293	0
2819	1
7313	0
7595	0
1278	0
2617	0
2673	0
4558	0
7074	0
4172	0
9461	0
5833	0
2537	0
2510	0
3503	0
4640	0
5201	0
5821	0
4148	0
3028	0
2617	1
3351	0
3894	0
4833	0
4820	0
5823	0
6903	0
4954	0
4214	0
5327	0
4118	0
4878	0
5042	0
3420	0
2687	0
5403	0
5478	0
4368	0
4965	0
2278	0
6649	0
3085	0
4123	0
5756	0
3644	0
7224	0
5270	0
4730	0
3459	0
5697	1
3797	0
7985	0
1333	0
2810	0
5390	0
5873	0
4711	0
2848	0
4285	0
4939	0
4265	0
1948	0
4682	0
2535	0
3759	0
4625	0
5233	0
5197	0
5090	0
4054	0
3797	0
5083	0
4284	0
2292	0
5352	0
5145	0
5650	0
4098	0
4889	0
6646	1
2589	0
6740	0
4312	0
3748	0
3728	1
2941	0
2942	0
4748	1
4143	0
2696	0
4069	0
3361	0
2001	0
7520	0
5569	0
1968	0
5824	1
5463	1
5426	0
3542	0
5934	0
3808	0
4381	0
3554	0
4053	0
3997	0
3721	0
4295	0
5913	1
3144	0
7712	0
5147	0
4476	0
1103	0
1748	0
2014	0
4581	0
3275	0
4250	0
5570	0
4502	0
1494	0
6915	0
5775	0
4531	0
2715	0
4173	0
5239	0
5570	0
6299	0
5491	0
3842	0
4697	0
4241	1
4215	0
5112	0
3381	0
3292	0
3567	0
4482	0
4148	0
5632	0
4058	0
496	0
3874	0
4584	0
4182	0
4086	0
6481	0
4033	0
4635	0
1750	0
233	0
5185	0
3585	0
5134	0
2717	0
5149	0
2431	0
2271	0
5502	0
7223	0
4444	1
5668	0
3709	1
2350	0
6616	1
5002	0
5237	1
3122	0
5215	0
6671	0
2070	0
3913	0
3757	0
6008	0
3087	0
3654	1
5392	0
3513	0
6088	0
1532	0
3025	0
3782	0
3826	0
5062	0
3196	0
5728	0
2053	0
5404	0
2952	0
3475	0
2609	1
5403	0
2830	0
6903	1
3992	0
5348	0
3927	0
4818	0
8673	0
3596	0
1650	0
7722	0
2831	0
5611	1
4189	0
2716	0
4943	0
5091	0
4086	0
2283	0
5574	0
1653	0
3978	0
3977	0
4166	0
6954	0
4208	0
4943	0
3071	0
4004	0
3878	0
9474	1
1641	0
2901	0
907	0
2166	0
5919	0
3522	0
4889	0
5655	0
8063	0
5113	0
6313	0
5240	1
3603	0
1179	0
6298	0
4739	0
4932	1
5640	0
3971	0
5004	0
2424	0
4472	0
2989	0
5750	0
3436	0
4353	0
2920	0
4610	0
4652	0
3910	0
4464	0
4270	0
5632	0
4720	0
5698	0
5794	0
3076	0
4443	0
3472	0
4418	0
5010	0
4469	1
5674	0
4494	0
4234	1
3216	0
5004	0
5325	0
5176	0
5835	0
7219	1
4593	0
6227	0
2417	0
4999	0
5262	0
5184	0
3695	0
6439	0
5814	0
5666	0
3682	0
5522	1
4744	1
4426	0
3512	0
7840	0
3082	0
3841	0
3842	0
3239	0
3586	0
1199	0
2686	0
2558	0
6256	0
1975	0
3388	0
3783	1
3687	0
4629	0
2834	0
2334	0
7700	0
5029	0
5539	0
2808	0
3953	0
3531	1
6227	0
4783	0
4900	0
3702	0
6752	0
6870	0
4593	1
3783	0
4756	0
5086	0
5780	0
3225	0
2674	0
1942	0
5638	0
4741	0
2281	0
6663	0
2478	0
4637	0
5314	0
3504	0
5096	0
7459	0
5120	0
3936	0
8820	0
6399	0
2900	0
3596	0
5486	0
4464	1
5578	0
3133	0
4040	1
4092	0
6779	0
3005	0
4106	0
5515	0
6783	1
4690	0
5125	0
6376	0
3362	1
6774	0
6232	1
5865	0
5728	1
4201	0
2920	0
6713	1
5827	0
3585	0
792	0
3146	0
5197	0
3320	0
4754	1
1988	0
3750	0
1797	0
3458	1
2734	0
5313	0
2555	0
3251	0
5064	0
4290	0
5093	0
1070	0
3586	0
6044	0
2949	0
3796	0
5129	0
2847	0
7474	0
2884	0
7486	0
2265	0
3931	0
4286	0
2788	0
2954	0
5754	0
4462	0
4199	0
5044	0
5165	0
3073	0
4953	0
5260	0
5411	0
4509	0
2258	0
3830	0
2210	0
8285	0
3566	0
4452	0
4662	0
4279	1
4017	0
3032	1
4759	1
239	0
3672	0
2656	0
4212	0
4790	0
5509	0
3462	1
1	0
2338	0
2295	0
8219	0
2994	0
6080	0
5787	0
6298	0
1670	0
5212	0
7634	0
4309	0
4789	0
3273	0
2538	0
4159	1
4929	0
5489	0
4854	0
8266	0
4935	0
4874	1
4735	0
3624	0
2418	0
1519	0
6793	1
4669	0
3285	0
3679	1
7514	0
3397	0
2932	0
4513	0
5703	0
6606	0
4276	1
3464	0
5567	0
4689	0
4268	0
6812	0
5099	0
4321	0
6092	0
4010	0
3635	0
3496	0
4392	0
3716	0
3956	1
2582	0
4713	1
5734	0
2620	0
2479	0
4661	0
5309	1
2788	0
5753	0
2149	0
3670	0
4294	0
2493	0
4957	0
1533	0
6097	0
3203	0
3952	0
3910	0
4851	0
4106	0
4085	0
4532	1
4013	0
4963	0
6862	0
2828	0
5140	0
6510	1
5768	0
2776	0
7937	0
5575	0
5114	0
6108	0
3078	0
993	0
4164	0
2689	0
6451	0
4765	0
4363	1
5525	0
5227	0
6755	0
5182	0
2585	1
3640	0
4728	0
4945	0
1973	0
5833	0
4842	0
5833	0
4397	0
2851	0
4854	0
2937	0
4763	0
2354	0
4674	0
1399	0
5793	0
4843	0
3449	0
2000	0
2104	0
3897	0
4585	0
229	0
6026	0
2936	0
2599	0
5186	0
7626	0
3585	0
2626	0
3218	0
2181	0
2920	0
3881	0
5043	0
7762	0
3579	0
6029	0
1899	0
5109	0
1804	1
5253	0
6190	0
6404	0
5119	0
3691	0
4059	0
2187	0
3855	0
3364	0
5685	0
6051	1
6068	0
5829	0
2531	0
5104	0
4015	0
2593	0
6074	0
5397	0
5298	0
4738	0
5387	0
3725	0
1099	0
3168	0
2727	0
3229	0
1992	0
3440	0
4266	0
5783	0
4886	0
3001	0
3226	0
4600	0
3947	0
4543	0
4257	0
3633	1
3843	0
3211	0
4871	0
6482	0
1428	0
3210	0
2908	0
5539	0
5469	0
4431	0
5810	1
3466	0
3761	0
4614	0
6260	0
2332	0
7687	0
5425	0
5436	0
4322	0
5886	1
5464	1
3771	0
3801	0
7236	0
3666	1
5420	0
3147	0
1771	0
5149	0
3191	0
3632	0
3848	0
5312	0
4280	0
4068	0
3749	0
3665	0
2713	0
5500	0
5480	0
3238	0
3860	0
2939	0
4321	0
6565	0
2342	0
3668	0
5573	0
3593	1
2911	0
4197	0
6458	0
2088	0
4655	0
1651	0
5693	0
3414	0
5600	0
5916	0
4499	0
7185	0
3718	0
5134	0
2224	0
5131	0
6289	0
4736	1
4019	0
5953	0
1312	0
6153	0
3150	0
5501	1
5658	0
3765	0
8145	0
4799	0
5902	0
6432	0
5593	0
7147	0
5343	0
3795	0
4898	0
6095	0
2751	0
4588	0
4817	0
4011	0
4627	0
5847	1
2466	0
7804	0
5417	0
6023	0
4567	0
5065	0
4048	0
3655	0
4751	0
3295	0
3543	0
2734	0
4316	0
2866	0
3082	0
2321	0
6504	0
3431	0
5023	0
4271	0
2839	0
3278	0
5079	0
5225	0
3843	0
2390	0
4462	0
4527	0
5479	0
3405	0
2989	0
7971	0
5879	0
4058	0
4001	0
5262	0
674	0
5166	0
4252	0
3363	0
3404	0
4022	1
5231	1
682	0
2981	0
3953	0
3058	0
2567	0
7405	0
3168	0
2473	0
5098	0
5712	1
4387	0
4933	0
3911	0
5713	0
6727	0
4445	0
5507	0
4460	0
4325	0
6022	0
3448	0
6528	0
8368	1
3021	0
2981	0
3401	0
3829	0
3313	0
5176	0
2968	0
3343	0
565	0
3524	0
4310	0
5806	0
1773	0
4246	0
4385	0
4780	1
4099	0
3341	0
3609	0
4481	0
5277	0
3037	0
4489	0
4756	0
4398	0
1946	0
5433	0
6945	0
4594	0
3880	1
5760	0
3557	0
3671	0
3424	0
4237	0
4280	0
3319	0
4864	0
5892	0
4175	0
7541	0
3806	1
4352	0
5723	0
4489	0
3792	0
5675	0
5384	0
5118	0
3809	0
4320	0
4643	1
2601	0
5037	0
4097	0
3601	0
5038	0
3334	0
4132	0
6686	0
5058	0
5568	0
4178	0
3851	0
4371	0
4209	0
5953	0
4336	0
4462	0
5111	0
4624	0
2914	0
6276	0
5261	0
4932	0
2912	0
4729	1
4572	0
4842	0
3145	0
3304	0
3228	0
5106	0
3132	0
1560	0
3584	0
5145	0
5525	0
4157	0
5444	0
1923	0
6509	0
6212	0
3729	0
4546	0
6105	1
4690	0
4567	0
4219	0
3591	0
6195	0
3199	0
984	1
3215	0
4089	0
3766	0
5069	0
2859	0
6468	0
4291	0
4334	0
4615	0
4824	0
5130	0
6250	0
6426	0
3454	0
5755	0
2999	0
2377	0
7270	0
6941	0
3500	0
4929	1
4383	0
2593	0
4414	0
4150	0
3339	0
3578	1
3993	0
5429	0
3724	0
6563	0
3483	0
5532	0
2423	0
4111	0
4572	0
3347	0
4848	0
7616	0
3878	0
6100	0
3015	0
4506	0
4705	0
3282	0
4643	0
6357	1
3184	0
4918	0
7111	0
4436	0
3922	0
6164	0
4138	0
2917	0
3693	0
3964	0
3810	0
5431	0
4220	0
3387	0
3643	0
5738	0
3496	0
4249	1
3134	0
5828	0
2567	0
4099	0
3755	0
2062	0
4843	1
6648	0
7821	0
5137	1
3932	0
4302	0
3341	1
1194	0
4795	0
7787	0
3462	0
4966	0
714	0
4843	0
5672	1
468	0
5631	0
3999	0
5866	0
4659	0
3676	0
4687	0
7273	0
5032	0
7136	0
4483	0
7279	1
1261	1
4852	0
5949	0
4120	0
6683	0
6026	0
5040	0
2905	0
5195	0
6378	0
5329	1
5642	0
4236	0
3571	0
8031	0
3089	0
3133	0
5385	0
3337	0
3952	1
4877	0
5074	0
6260	0
5830	0
5776	0
5859	1
1124	0
4014	0
4320	0
5326	0
8013	0
3880	0
6689	0
7056	0
3565	0
5789	0
5064	0
3668	0
4437	0
2357	0
3350	0
5462	0
5415	0
2935	0
4354	0
5397	1
5324	1
3824	0
4816	0
2821	0
5816	0
2668	0
7104	0
4666	0
4853	0
8037	0
1607	1
5339	1
4789	0
4995	0
4243	0
3420	0
4403	0
2678	0
2652	0
5235	0
1766	0
4174	0
5467	1
6522	0
2790	0
4035	1
4747	1
3103	0
5476	0
4751	0
2870	0
3347	0
5781	0
3397	1
5259	0
3489	0
4523	0
4184	0
3096	0
3298	0
3567	0
3458	0
4077	0
3661	0
3006	0
4466	0
3943	0
4498	0
4112	0
4837	0
4355	0
7717	0
6022	0
1198	0
5013	0
7976	0
4000	1
5203	1
1615	0
6582	0
6535	0
3950	0
6439	0
4479	1
5963	0
5903	0
6545	0
4357	0
6616	0
4478	0
3155	0
4872	0
2993	0
6922	0
5762	0
3978	0
3410	0
4767	0
4875	0
2158	0
6916	0
3272	0
7214	1
5238	0
6221	1
3166	0
4697	0
5330	0
1278	0
3860	0
2741	0
3294	0
4467	0
5231	1
3614	0
5092	0
3931	0
3821	0
5241	0
3628	0
5064	1
4001	0
6461	0
2102	0
8963	0
9414	0
5677	0
7914	0
4851	0
2998	0
4377	0
4188	0
3048	0
4892	0
5326	0
2910	0
4940	1
4491	0
4922	0
5173	0
3549	0
5843	0
4090	0
3860	0
7298	0
4235	0
4166	0
4509	1
5097	0
4470	0
4486	0
5216	0
1943	0
3684	0
5089	0
5093	1
4691	0
5633	0
3767	0
4763	0
6900	0
1629	0
1666	0
4671	0
4441	0
4913	0
6591	1
2482	1
2869	1
4923	0
4939	0
566	0
5023	0
5067	0
3012	0
3105	0
3372	0
2836	1
8273	1
5812	0
4459	0
6090	0
3246	0
5717	0
5282	0
4898	0
5969	0
5306	0
2973	0
5867	0
3709	0
2616	0
3911	0
2932	0
5321	0
3988	0
2266	0
4449	0
5904	0
5166	0
8096	0
3567	0
3452	0
3129	0
2839	0
4773	0
4882	0
4169	1
5733	0
4167	0
4217	0
4261	0
3980	0
3022	0
7495	0
3913	0
3959	0
4227	0
3239	1
2882	0
3944	0
5472	0
6546	0
3419	0
4022	1
3418	0
6274	0
3852	0
3726	0
5948	0
4261	0
5485	0
3387	0
4104	0
4671	0
6526	0
4157	0
3893	0
6030	0
4969	0
753	0
3444	0
3580	0
3293	0
5101	0
5017	0
5299	0
4943	0
3281	0
3546	0
6614	0
5725	0
4169	0
8811	0
4522	1
3637	0
6035	1
8590	0
4097	0
5569	1
2669	0
4262	0
4722	0
3894	0
2065	0
5153	0
5094	0
2542	0
6979	0
2749	0
7543	0
8632	0
5272	0
5643	1
4262	0
5144	0
4751	0
3503	0
2916	0
4888	0
3454	0
7448	0
2784	0
6379	0
6067	0
4197	0
4852	0
6562	0
4647	0
4895	0
4970	0
3541	0
4969	0
4198	0
7448	0
4248	0
5655	1
5242	0
3718	0
3301	1
1328	0
5717	0
4006	0
4465	1
4153	0
3560	1
3582	0
3000	0
3785	0
5586	0
5091	0
5333	0
5790	0
5655	0
3416	0
6463	0
4377	0
2293	0
4499	0
4667	0
3288	0
7441	0
5017	0
2882	0
3675	0
4945	0
4270	0
3672	0
5277	0
4544	0
2103	0
4445	0
4370	1
4988	0
5607	0
3941	0
6990	0
6350	0
4021	0
5552	0
4481	0
5296	0
3220	1
3819	0
3515	0
5366	0
3433	0
5851	0
6663	0
1970	0
2369	0
4319	0
2511	0
3559	1
4078	0
6318	0
4941	0
5725	0
6620	0
3735	0
4512	0
6132	0
1990	0
4652	0
2199	0
4391	0
5398	0
6135	0
3140	0
2605	0
4395	0
4855	0
5857	0
5154	0
4570	0
7724	0
6102	0
6152	1
3686	1
5307	0
5042	0
3364	1
4904	0
5359	0
5631	0
2961	0
2384	0
4625	0
6430	1
2348	0
5870	0
3691	0
2750	0
5271	0
5353	0
3819	0
3662	1
5348	0
4037	1
5859	0
5040	0
4362	0
2155	0
3188	0
4737	0
3034	0
6437	0
6296	0
5061	0
2768	0
4888	0
3359	0
4386	0
8037	0
5574	0
3015	0
3964	0
5024	0
4854	0
5241	0
3090	0
6325	0
5106	0
5382	0
4240	0
7093	0
3025	0
4381	0
6016	0
1708	0
3078	0
2674	0
4951	0
3728	0
4193	0
4808	0
5197	0
4966	0
4045	0
5864	1
5589	0
4372	0
4390	0
5507	0
3272	0
6247	0
5464	0
4483	0
4889	0
4704	0
4219	0
6841	0
5054	0
4654	1
3270	0
4967	0
5055	0
3526	0
4524	1
3000	0
3998	0
3681	0
5138	0
4591	0
2948	0
7276	0
3657	0
4727	0
5886	0
3212	0
4128	0
4367	0
4795	0
4509	0
5090	0
4483	0
7054	0
4652	0
5425	0
4700	1
4716	0
3527	0
2791	0
5405	1
2930	0
3917	1
5868	0
6276	0
5513	0
2280	0
3167	0
2180	0
3641	0
5621	0
5233	0
5739	0
5509	0
6290	0
3289	0
3614	0
5598	0
2391	0
3562	0
4431	0
4074	0
3357	0
5218	1
5878	0
4606	0
5035	0
3859	0
4430	0
4150	1
5027	0
3889	0
3546	0
6255	1
5594	0
4675	0
5389	0
2436	0
4698	0
5022	0
5879	1
6475	0
4077	0
4871	0
3554	0
3962	1
5064	0
5256	0
1616	0
7299	0
5211	1
4053	0
4181	0
4800	0
4551	0
3442	0
6208	1
5749	0
3925	0
5655	0
4103	0
5188	0
3961	1
4697	1
2759	0
2750	0
4832	0
6527	0
2361	0
3663	0
5162	0
8764	0
4148	0
2586	0
4165	0
4904	0
5060	0
4576	0
4014	0
4078	0
2625	0
2857	0
5520	0
5776	0
4711	0
4188	0
2681	0
3876	0
3272	0
5777	0
6376	0
3013	0
6676	0
2489	0
4375	0
4201	0
4274	0
2746	0
7028	0
6236	0
7284	0
5403	0
3600	0
4796	0
3337	0
4327	0
4772	0
5991	1
4416	0
2664	0
3686	0
4680	0
3413	0
4461	0
3337	0
2389	0
3017	0
1689	0
2010	0
5758	0
2781	0
5112	0
3860	0
4141	0
4458	0
4153	0
5208	0
4384	0
5551	0
2858	0
3963	0
5376	0
3042	0
2260	0
3163	0
4912	1
4460	0
1200	0
2705	0
3030	0
5861	0
5292	0
6067	0
6754	0
3402	0
2692	0
4052	0
3051	0
5234	1
4460	0
3509	0
8076	0
3180	0
3182	0
4545	0
5617	0
3732	0
3352	0
2046	0
6578	0
6467	1
5986	0
5016	0
1050	0
5101	0
2455	0
5366	0
2700	0
5746	0
3841	0
5106	0
5592	0
4234	0
6726	0
4969	0
2241	0
4868	0
4858	0
7775	0
6470	0
4822	0
3981	0
3049	0
2051	0
4413	0
1287	0
3192	0
3375	0
5329	0
2595	0
2615	0
4049	0
1630	0
3759	0
3439	0
7741	0
7674	0
4520	0
3672	0
6598	0
5221	0
3642	0
3355	0
3964	1
6142	0
1691	0
3672	0
2818	0
3458	0
6716	0
6585	0
5795	0
4106	0
3948	0
4421	1
8549	1
2579	0
6102	0
3450	0
2391	0
2679	1
6375	0
7667	0
2495	0
5753	0
4995	0
3636	0
4227	0
5383	0
3348	0
3079	0
5308	0
6544	1
4831	0
4087	0
4566	0
2858	0
1087	0
6889	0
3920	0
4371	0
6824	0
4058	1
5536	0
5481	0
4553	1
4700	0
3666	0
7255	0
3108	0
5014	0
4189	0
6806	0
2664	0
4437	0
5058	0
4227	0
3956	0
4689	0
4727	0
5909	0
2496	0
3041	0
4260	0
4244	0
6665	1
4048	0
2680	1
2325	0
8173	0
5504	0
5226	1
4460	0
3153	0
3280	0
3268	0
4346	0
2499	0
4369	0
3835	0
6019	0
5210	0
1996	0
2603	0
2368	0
6378	0
5343	0
5708	0
3173	0
6547	0
3590	0
3608	0
3185	0
4007	0
4116	0
3924	0
5518	0
3685	0
3529	0
3553	0
2977	0
5619	1
4952	0
5676	0
2826	0
5528	0
5034	0
4510	0
4154	0
5111	0
3787	0
3046	0
4448	0
5254	1
5128	0
2463	0
3188	0
5796	0
6340	0
5289	0
2530	0
4295	0
5520	0
3905	0
6274	0
5024	0
4213	1
5729	0
3549	1
4812	0
1713	0
4238	0
5713	1
3535	0
6885	0
3216	0
2425	0
3059	0
4696	1
3303	0
4554	0
983	0
6210	0
6421	0
6242	0
3502	0
4267	0
2387	0
4630	0
6199	0
5814	1
6105	0
1945	0
5425	0
5433	0
4548	0
4194	0
5383	0
46	0
6220	0
5332	0
2579	0
5111	0
4890	0
3340	0
2685	0
5864	0
2373	1
3259	0
7057	0
4019	1
4622	0
2507	0
5044	0
6915	0
4420	0
2278	0
3127	0
4204	0
3314	0
4066	0
6385	0
2291	0
4220	0
3775	1
2647	0
4620	1
4437	0
6000	0
5692	0
4539	0
3041	0
4639	0
5949	0
2500	0
4160	0
7074	0
4088	1
5561	0
4066	1
3757	0
6287	0
6490	1
4299	0
5334	0
3531	0
5076	0
3309	0
4592	0
6011	0
3819	0
1232	0
5665	1
4205	0
6834	1
4851	0
7352	0
4288	0
2948	0
4037	1
5892	0
3734	0
3423	0
3506	0
5067	0
3576	0
5958	0
3704	0
7226	0
4548	1
4655	0
5095	0
3370	0
2596	0
6370	0
6388	0
4282	0
6846	0
5142	0
5560	0
3711	0
3933	0
2752	1
3193	1
3377	0
4700	0
5706	0
3366	0
4635	0
5297	0
5042	0
4611	0
4054	0
3854	0
3750	0
6075	0
4602	0
5629	0
5812	0
4056	0
5098	0
2919	0
6293	0
4477	1
5147	0
4473	0
4289	0
8289	0
4392	0
8348	0
4671	0
4662	0
2858	0
5242	0
5045	1
4535	0
2174	0
2132	0
5053	0
3678	0
6358	0
8323	0
3259	0
4127	0
3239	1
5111	0
2858	0
5468	0
4967	1
3493	0
7588	0
4443	0
2710	0
1903	0
5984	0
4380	0
4689	0
1783	0
2941	1
3965	0
672	0
4028	0
4263	0
3294	0
5874	0
2033	0
4687	0
2680	0
6809	0
4803	0
2356	1
2794	0
4285	0
2484	0
5306	0
5729	1
4588	0
4351	0
2915	0
4613	0
5330	0
2066	0
3335	0
4758	0
6370	0
5099	0
5123	0
3625	0
7767	0
3099	0
2939	0
2781	0
6127	0
4304	0
3139	0
4989	0
4376	0
1724	0
1889	0
6215	0
5236	0
3840	0
7171	0
3659	1
4947	0
3195	0
5383	0
3473	0
1515	0
5272	1
4302	0
3779	0
5472	0
5025	0
6873	0
5876	0
2922	0
3419	0
5449	0
6654	0
6406	0
3278	0
4998	0
884	0
3122	1
2971	0
2383	0
3929	0
4152	0
2451	1
5546	0
2966	0
7956	0
3403	0
5207	0
4358	0
5967	0
4649	0
5331	0
4249	0
8810	0
7403	0
2757	0
3426	0
3890	0
1730	0
3021	1
4163	1
4846	0
4381	0
4961	0
6801	0
4745	0
5299	0
4083	0
3102	0
5821	0
4620	0
2670	0
5475	0
3902	0
4259	0
4042	0
2685	0
5288	0
1975	0
4241	0
4784	0
3560	0
3273	0
4995	0
5174	0
4431	0
6356	0
7473	0
4659	0
5181	0
3212	0
3886	0
6759	0
4450	0
2870	1
3005	0
3777	0
4566	0
1899	0
5904	0
4986	0
2899	0
1255	0
3008	0
799	0
4781	1
3431	0
4417	1
4046	0
5432	1
2964	0
5184	1
2671	0
4199	0
6107	1
3774	0
4161	0
3871	0
1348	0
4344	0
3974	0
7735	0
5142	0
4192	0
4042	0
3764	0
4323	0
3204	0
4140	0
3846	0
5164	0
4826	0
4519	0
2685	1
3124	0
2208	0
2922	0
6163	0
3282	0
4668	0
2413	0
4334	0
8037	0
5083	0
4674	0
2223	0
4821	0
4412	1
5646	0
1294	0
3264	0
4586	0
1694	0
5635	0
4430	0
2109	0
3685	0
4280	0
5506	1
4829	0
2800	0
4135	0
2007	0
2998	0
5373	0
5002	0
5030	0
4732	0
5532	0
2622	0
2946	0
3333	0
4469	0
3081	0
4273	0
6155	0
5146	0
3283	0
1594	0
4061	0
3753	0
4163	0
1087	0
2327	0
3313	0
3441	0
2555	0
4195	0
1581	0
6403	0
6080	0
1716	0
2775	0
2247	0
3863	0
2880	0
1777	0
2571	0
5489	0
4764	0
4701	1
2594	0
6966	0
3022	0
3314	0
3337	0
3215	0
2829	0
3482	0
2832	0
7146	0
4044	0
4180	0
5391	1
5547	0
3352	0
4112	0
5075	0
5443	0
6147	0
4905	0
4642	0
4780	0
5213	0
4623	0
6107	0
4293	1
6862	0
3727	0
5459	1
4015	0
5555	0
2588	0
4625	1
2814	0
3395	0
1315	0
4559	0
4536	0
4454	0
3437	0
3986	0
3753	0
4983	1
4301	0
2934	0
5048	0
5205	0
3389	0
5899	0
5473	0
5090	0
2710	0
2848	0
4921	0
4391	0
5438	0
3618	0
2947	0
4866	0
816	0
4683	0
5320	0
6675	0
3908	0
1977	0
3523	0
3679	0
1955	0
4386	0
4503	1
4765	0
4367	0
2788	0
4993	0
6177	0
3280	0
5485	1
5398	0
3048	0
4459	0
4803	0
4776	0
1659	0
3698	0
2874	0
4448	0
5022	0
3998	1
3934	0
5212	0
3767	0
3187	0
5138	0
3974	0
3204	0
4581	0
6360	0
6248	0
4154	0
3198	0
5466	0
5500	0
5647	0
3916	0
3045	0
3335	0
3306	0
3647	0
5228	0
5936	0
3720	0
4227	0
4314	0
3418	0
5615	0
4622	0
3729	0
4269	0
7054	0
4744	0
4690	0
5321	0
4976	0
1987	0
5284	0
3155	0
4157	1
4362	0
4522	0
2595	0
3766	0
2990	0
3727	0
7443	0
5126	0
3983	0
6107	0
3362	0
6685	0
3658	0
2394	0
2617	0
2938	0
5069	0
2964	0
4170	0
4651	0
7079	0
1024	0
6765	0
2606	1
6075	0
3865	0
2573	0
3684	0
3642	0
5249	0
8057	0
3591	1
3544	0
3611	0
3972	0
1682	0
4417	0
4016	0
4567	0
4295	0
4891	0
2765	0
6613	0
4167	0
4041	0
5086	0
3033	0
4025	0
4472	0
5509	0
4300	0
2378	0
3238	0
4301	0
7169	0
5796	1
5554	0
3987	0
4987	0
3213	0
3851	0
3454	0
5969	0
5152	0
3257	0
5728	0
2384	0
1657	0
3618	0
6440	0
6529	0
2638	0
4600	0
6378	0
3677	0
4698	0
3259	0
2704	0
5120	0
7146	0
5251	0
3376	0
7913	0
4161	0
2818	1
7785	0
5281	1
4397	0
5951	1
5390	0
4839	1
3078	0
6162	0
6748	0
2488	0
5965	0
5229	0
5289	0
2078	1
3542	0
5358	0
5610	0
5457	0
4533	0
4961	0
2796	0
4808	0
6451	0
5228	0
7030	0
5967	0
6116	0
744	0
3122	0
8667	0
2523	0
3242	0
6077	0
2650	0
2167	0
4640	1
3313	0
4149	1
6193	0
2457	0
7361	0
4599	0
3350	0
3747	0
2933	1
4914	0
2941	0
4464	0
4404	0
5672	0
5114	0
2054	0
3688	0
5292	0
4941	0
3819	0
4664	0
4205	0
3414	0
5755	1
4635	1
2692	0
6433	0
5017	0
5669	0
4380	0
5270	0
5845	1
4435	0
3832	0
4464	0
4156	1
3705	0
3407	0
4269	0
4134	0
7547	0
2886	1
1695	0
5172	0
3298	0
3531	0
6073	0
4197	0
2821	0
3816	0
4674	0
5017	1
9336	0
4634	0
3787	0
4580	1
5116	1
5107	0
5177	0
3681	0
4246	0
6018	0
4325	0
5122	1
4310	1
4110	0
4546	0
4809	0
4143	0
3162	0
2277	0
6430	0
7937	0
3796	0
4553	0
4611	0
6011	0
4390	0
7170	0
2992	0
4261	1
4982	0
5052	0
6982	0
2833	1
4831	0
2432	0
6818	0
3360	0
5947	0
5526	0
7983	0
5875	0
6538	1
3311	0
4776	0
4838	0
2528	0
5151	0
6002	0
5840	0
6229	0
2495	0
3921	0
3219	0
4999	0
3602	0
4843	0
6481	0
4333	0
5127	0
4495	0
2853	0
2534	0
7258	0
715	0
2447	0
4940	0
4544	0
5144	0
5216	0
6001	0
2075	0
2477	0
7164	0
3899	0
6393	0
4273	0
3615	0
3989	0
4027	0
4131	0
3492	0
6642	0
2594	0
3894	0
3534	0
7851	0
9305	0
1696	0
5319	0
4749	1
2408	0
6660	0
4358	0
5761	0
4895	0
6330	0
4682	0
4768	0
4747	0
4207	1
6175	0
5007	0
3689	0
3992	0
2306	0
3847	0
4101	0
5459	0
9101	0
4122	0
4714	0
4375	0
3866	0
5650	0
4028	0
5144	0
5694	0
5892	0
4315	0
4743	0
2463	0
5706	0
5468	0
3846	0
4379	0
3258	0
4000	0
6703	0
5529	0
2464	0
4735	0
6907	0
5213	0
4366	0
4592	0
4468	0
3815	0
5093	0
5828	0
4747	1
3979	0
2558	0
4758	0
5394	0
3643	0
4860	1
1923	0
3796	0
1337	0
3223	0
5054	1
5108	0
3857	0
4973	0
5801	0
2722	0
8536	0
6525	0
6190	0
4089	1
4547	0
4160	0
3559	0
6883	0
5533	0
2114	0
5056	0
4047	0
7245	0
5052	0
8180	0
2719	1
2775	0
2369	1
3569	1
6022	0
2667	0
5054	0
5479	1
4055	0
4434	0
4949	0
4990	0
2763	0
4989	1
3444	0
8818	0
2256	0
5370	0
6472	0
3887	0
6482	0
1706	0
5840	0
4026	1
4807	0
2547	0
3675	0
4461	0
5426	0
7080	1
4326	0
4922	0
5826	0
4710	1
2759	0
4645	0
4527	0
4637	0
4623	0
3565	0
3091	0
4955	1
5615	0
3125	0
5145	0
7222	0
5560	0
4728	0
2445	0
5527	0
3208	0
4345	0
3261	0
6317	0
5387	0
3966	0
3151	1
8128	0
4482	0
5645	0
2509	0
6866	0
5187	0
5551	0
3615	0
5259	0
4493	0
6032	0
4443	0
3091	0
6234	0
4184	0
3783	0
3374	0
3451	0
4893	0
2468	0
9815	0
3140	1
3840	0
3573	0
2243	0
3004	0
5128	0
4588	0
4632	0
4233	0
4814	0
1515	0
5484	0
4765	0
5328	0
5981	0
3275	0
3039	0
4805	0
5559	0
2935	0
3520	1
4523	0
2278	0
4371	0
5298	0
4594	0
5850	0
5290	0
2214	0
2949	0
5535	0
6245	0
5561	0
5290	0
4450	0
8710	0
5295	0
2391	0
4201	0
2719	0
4968	0
3582	0
3909	0
3717	0
3945	0
5365	0
4483	0
5261	1
1891	0
2625	0
3237	0
3959	0
2395	0
1775	0
5811	0
3500	0
4294	0
5179	0
2652	0
3934	0
5450	0
2301	0
8775	0
3999	0
4068	0
6263	0
5783	0
6521	0
4818	0
2469	0
5266	0
2273	0
3884	0
1196	0
4430	0
3142	0
5555	0
5158	0
5304	0
2069	0
3599	0
3299	0
6863	1
3667	0
4382	0
5317	0
4212	0
5567	0
5760	0
4406	0
3277	0
8569	0
3223	0
4988	0
3301	0
3918	0
4345	0
2249	0
3602	0
2691	0
3216	0
3763	0
5603	0
3513	0
5657	0
5796	0
2351	0
3643	0
3291	0
7727	0
2478	0
5314	0
5551	0
3278	0
8163	0
4217	1
2864	0
6347	0
3560	0
3556	0
3853	0
3609	1
3784	0
4130	0
4498	0
4695	0
3143	0
2775	1
6610	0
5372	1
5384	0
5482	0
4637	0
3555	0
3164	0
5193	0
2341	0
4217	0
5523	0
5176	1
5188	0
7582	0
5080	0
4368	0
5659	0
4021	0
5662	0
3013	0
5033	0
4303	0
4884	0
4453	0
3042	0
6968	0
2611	0
4795	0
4443	0
3379	0
6476	0
3000	0
6513	0
3955	0
5018	0
4363	0
4152	0
3874	0
4411	0
4186	0
3449	0
2030	0
4878	0
6312	0
4431	0
691	0
4913	0
1081	0
3693	0
2620	0
3435	0
3824	0
4653	0
2850	0
5131	0
5141	1
4095	0
5682	0
2731	0
4925	0
3038	0
4260	0
3807	0
5438	0
4793	0
4663	0
1259	0
6717	0
5685	0
6029	0
4360	0
4129	0
3765	0
4106	0
3482	0
5757	0
5686	0
4721	0
4184	0
4657	0
4560	0
4877	0
5738	0
4854	0
5378	0
3298	0
3813	0
6045	0
3516	0
3169	0
4550	0
5188	0
5060	0
5192	0
4346	0
7488	0
2842	0
4400	0
3946	0
5423	0
5194	0
7272	0
4934	0
3279	0
5419	0
5344	0
4314	0
5111	0
4327	0
3027	0
7026	0
4051	0
5251	0
4586	0
4256	0
6066	0
6180	0
4824	0
2874	0
2913	0
3251	0
3991	0
3129	0
5984	0
5348	0
5712	0
4130	1
4743	0
3681	0
3441	0
3943	1
5116	0
6518	0
8025	0
3018	0
3129	0
5415	0
5113	0
4563	0
4080	0
9303	0
3613	0
4756	0
4134	0
4496	0
3027	0
5116	0
4706	1
2520	0
5394	0
5141	0
3617	0
5521	0
5564	0
5690	0
4823	1
4506	0
4275	0
3444	0
2998	0
2539	0
6245	0
3724	0
2616	0
3208	1
1296	0
4288	0
3603	0
4042	0
2939	0
3564	1
6704	0
2787	0
6852	0
3291	0
4703	0
5281	1
2915	0
6443	0
2299	0
3058	0
6110	0
5143	0
969	0
6638	0
4070	0
4701	0
5623	1
5328	0
4838	1
1936	0
4797	0
4416	0
7320	1
5061	0
3067	0
4433	0
5166	0
6803	0
5641	0
4569	0
4463	1
3743	1
5328	0
3894	0
2640	0
3145	0
6547	0
2673	1
7440	0
4530	1
2602	0
3664	0
4765	0
2710	0
2249	0
4245	0
2324	0
5053	0
4154	0
2989	1
2163	0
7046	0
3050	0
2695	0
4376	1
5615	0
5014	0
4274	0
3422	1
3921	0
4054	0
4875	0
2472	0
6210	0
6081	0
3327	0
3261	0
7745	0
3708	1
5818	1
4196	0
3968	0
5130	0
3174	0
3582	0
3236	0
3538	0
4015	0
5290	0
2514	0
2399	0
4456	0
3068	0
2321	0
2662	0
6884	0
5747	0
4860	0
3508	0
4482	0
7421	0
3396	0
3104	0
3469	0
2660	0
2165	0
5625	1
5229	0
6427	1
5606	0
5813	0
4824	0
5816	0
5824	0
7054	0
4966	1
1290	0
6142	0
5159	0
3434	0
2691	0
1476	0
3907	1
4988	0
4147	0
4290	0
4694	0
5619	0
5682	0
4096	0
2573	0
3298	0
5721	0
1889	0
5539	0
5915	0
3055	0
5154	0
3067	0
5293	0
4573	0
3988	0
3725	1
3811	0
4241	0
3682	0
6405	0
5995	0
5943	0
4989	0
7202	0
4230	0
3662	0
4563	0
2845	0
3216	0
4504	0
4889	0
4667	0
5605	0
6298	0
4477	0
3043	0
4549	0
4935	0
4180	0
4456	0
4622	0
3429	0
1810	0
4904	0
5558	0
5247	0
3479	0
5003	0
5303	0
4363	0
4752	0
2841	0
3639	0
9264	0
3208	0
3417	0
5034	0
3127	0
6509	0
3526	0
3582	0
4501	0
3333	0
5044	0
3243	0
4290	0
5303	0
5028	0
8330	1
4425	1
3059	0
5154	0
6058	0
4366	1
6084	0
4051	0
4135	0
5647	1
5377	0
6134	0
2452	0
5464	1
5554	0
3243	0
6502	0
5555	0
6447	0
4888	0
4629	0
5752	0
3404	0
2963	0
6241	0
3891	0
2925	0
3423	0
4392	0
2031	0
4460	0
6223	0
5951	0
4643	0
4801	1
5917	0
4373	0
5577	0
3635	0
5246	0
5490	1
6115	0
5058	0
4003	1
4735	0
3987	0
2879	0
5928	0
4850	0
3071	0
5084	0
4211	0
4857	0
4061	0
2539	0
3023	0
5465	1
1454	0
3222	0
3440	0
2396	0
4245	0
5146	0
4289	0
5943	0
6162	0
3735	0
6274	0
3366	0
4590	0
2646	0
4400	0
8133	1
3915	0
5519	0
7687	0
5689	0
3701	0
5028	0
2411	0
3887	0
8216	0
2451	0
6942	0
1068	0
3021	1
6199	0
2129	0
4511	0
4632	0
6348	0
5023	0
5101	0
3269	0
9058	1
4691	0
4986	0
8311	0
3520	0
6267	0
2792	0
3831	0
3692	0
3266	0
839	0
4384	0
4244	0
5109	0
6571	0
3000	0
3133	0
5107	0
3093	0
4383	0
5169	0
4737	1
4529	0
7521	0
5866	1
3728	0
3464	0
4219	0
6251	0
5728	0
3808	0
3070	0
4556	1
3952	0
4452	0
3056	0
4745	0
2564	0
4550	0
1683	0
6311	0
3722	0
2377	0
5204	0
5264	0
3020	0
2736	0
4256	0
5607	0
5978	1
4995	0
4910	0
4850	0
4028	0
3574	1
4339	0
3737	0
1597	0
4162	0
3748	0
3495	0
7037	0
4229	0
3829	0
2305	0
4626	0
3236	0
3321	1
4178	0
2984	0
5245	0
5123	0
4677	0
2598	0
4896	0
3734	0
3420	0
7789	1
3479	0
5665	0
5987	0
3117	1
4539	0
7509	0
3722	0
2804	0
4128	0
4374	0
5118	0
2971	0
5316	0
6053	0
3655	0
2499	0
3126	0
3737	0
4936	0
3511	0
6907	0
6345	0
6065	0
4564	0
4660	0
4758	0
2011	0
5249	0
2438	0
6068	1
5050	0
4730	0
2383	0
2626	0
6422	0
4608	0
5961	0
3945	0
3199	0
3857	1
3942	0
4253	0
4661	0
8671	0
5580	0
2526	0
3702	0
7733	0
5019	0
4663	1
4566	0
8171	0
5203	0
3824	0
7923	0
3403	0
3292	0
2665	0
2930	0
5117	0
4192	0
4763	0
2923	0
2511	0
4725	0
1268	0
6125	0
2982	1
7388	0
5319	0
3654	0
3119	0
4534	0
3001	0
4818	0
4090	0
3998	0
4476	0
3975	0
1681	1
3765	0
6203	0
7721	0
4079	0
3150	0
2851	0
4722	0
5394	0
5507	0
6185	0
5528	0
5931	0
5733	0
3982	0
1786	0
4726	0
4347	0
6807	0
4318	0
7475	0
5887	0
4847	0
3561	0
3842	0
4222	0
3921	0
4267	0
5062	0
6483	0
5278	0
5487	0
4908	0
3441	0
2222	0
2802	0
8216	1
5564	0
9999	0
3893	1
1428	0
2680	0
4697	0
4603	0
6199	0
1998	0
5626	0
5922	1
4618	0
5358	0
3761	0
4484	0
4061	0
2823	0
7279	0
5479	1
1897	0
2217	0
2681	0
5332	0
4397	0
3693	0
3832	0
5339	1
7659	0
5044	0
2140	0
5013	0
5315	0
3875	0
1198	0
2969	0
6202	0
2666	0
4236	0
4111	0
6723	0
7161	0
5665	0
2518	0
5523	0
2911	0
4887	0
6178	0
3509	0
2579	0
6402	0
5294	1
2437	0
5480	0
2722	0
4122	0
5052	1
4752	0
4373	0
5194	0
5544	0
3936	0
3090	0
4063	1
6075	0
2800	0
5380	0
5505	1
6642	1
3894	0
5571	0
5044	0
4025	1
7118	0
5335	0
5259	0
1448	0
2801	0
4369	0
4935	0
6340	0
6400	0
4418	0
3146	0
4505	0
3137	0
5234	0
7741	0
9088	0
5399	0
5186	0
3633	0
7152	0
4750	0
3553	0
4868	0
4475	0
4104	0
3445	0
6607	0
3859	0
5595	0
5094	0
4985	0
5136	0
5432	0
3750	0
4261	0
4233	0
3182	0
5799	0
2899	0
4735	0
3205	0
5019	0
4228	0
3471	0
4672	0
7902	0
4713	0
5400	0
6521	0
4336	0
4265	0
2793	0
4679	0
3693	0
3804	0
3545	0
4932	0
5263	0
5852	0
4553	0
5907	0
3111	0
377	0
2762	0
4131	0
6063	0
3824	0
7691	0
4345	0
1422	0
3956	0
6422	0
5212	0
4655	0
3397	0
6511	0
3924	0
897	0
5563	0
3787	0
3839	0
2616	0
4316	0
6542	0
2315	0
2560	0
4461	0
3828	0
3648	0
4883	0
3018	0
560	0
6497	0
3923	0
6136	0
3260	0
6335	1
3569	0
5438	0
4134	0
3140	0
1161	0
4197	0
5607	0
4044	0
3525	0
3064	0
3941	1
3054	0
5798	1
5458	0
3142	0
4568	0
6605	0
3659	0
6708	0
5768	0
2699	0
2557	0
1482	0
4026	0
3317	0
5305	0
4100	0
3066	0
5564	1
2740	0
5058	0
3550	0
3343	0
3390	0
8118	0
6433	0
4651	0
4120	0
5485	0
3451	0
4020	0
4159	0
6209	0
5571	0
6174	0
4877	0
5909	0
2935	1
2848	0
6103	0
5915	0
4619	0
1674	0
4521	0
1793	0
5369	0
4247	0
8559	0
5461	0
5392	0
3148	0
3580	0
5113	0
5878	0
2849	0
5072	0
3235	0
7300	0
2979	0
5657	0
5493	0
3949	0
1796	0
4961	0
1766	0
5280	0
5304	0
3337	0
4294	0
8036	0
4661	0
4562	0
5462	0
4302	0
2724	1
3985	0
4617	0
4128	0
5959	1
4052	0
3147	0
3325	0
4699	0
4889	0
5503	0
5252	0
2950	0
2267	0
6481	1
4543	0
3422	0
3697	0
5644	0
3383	0
5526	0
3124	0
3958	0
3984	0
2912	0
2762	0
3211	0
5941	0
4411	0
4206	0
5074	0
5076	0
1736	0
3955	0
5599	0
5101	0
3258	0
2593	0
