6275	0
5089	0
7358	0
5970	0
5708	1
5703	0
7237	0
7046	1
6227	0
7027	0
5615	0
6461	0
7034	0
5661	0
6640	0
6178	0
6095	0
5410	0
6948	1
5666	0
5679	0
5421	0
6838	1
6997	0
4748	0
6222	0
6361	1
5214	0
5873	0
4614	0
8847	1
5572	0
5249	0
5596	0
6359	0
5079	0
5356	0
6713	0
5342	0
6028	0
6762	1
6852	0
6444	0
5589	0
6827	0
6699	0
4927	0
8794	1
5084	0
5912	1
8476	0
5619	0
6543	0
6146	0
6944	0
8465	0
5855	0
5682	0
5966	0
6118	0
6588	0
5876	0
5668	0
7976	0
8294	1
6451	0
6457	0
8735	0
7170	0
5441	0
5643	0
5921	0
7816	0
5937	1
6906	1
7643	0
6161	0
5464	0
4630	0
5628	0
8366	1
6312	0
5905	0
4704	0
8049	0
9272	1
4547	0
7778	0
6124	0
4637	0
6853	0
5652	0
5571	0
4840	0
5826	0
6219	0
7291	0
5911	0
6050	1
5833	0
5329	0
5387	0
5530	0
6550	0
6029	0
6464	1
8795	0
4975	0
5538	1
5594	0
5062	0
5657	0
6161	0
5851	0
4524	0
6505	0
5728	0
6530	0
9172	0
3987	0
5853	0
6768	0
5958	0
6347	0
6370	0
5273	0
7692	1
7702	1
6688	0
6316	1
7974	1
5478	0
5869	0
6357	0
6371	0
5610	0
5546	0
5684	0
5060	0
6964	0
5288	0
5976	0
6229	0
5890	0
6731	1
5700	0
5401	0
6897	1
6334	0
4933	0
6967	0
5743	0
7580	0
5482	0
5636	0
6653	0
5860	0
6134	0
7410	0
6434	0
7038	0
6514	0
6446	0
6636	0
5794	0
4563	0
6475	0
8377	0
5505	0
6599	0
4716	0
5665	0
5802	0
8585	1
5988	0
5761	1
7390	0
6407	0
8156	0
6309	0
5207	0
5511	0
4878	0
7938	0
5930	0
8165	0
6501	0
5488	0
6271	0
6432	0
4907	0
6889	0
5456	1
5523	0
5637	0
5001	0
7129	1
8620	1
7573	0
6638	1
6243	0
5112	0
6153	0
6734	1
7739	1
5355	0
7493	0
6127	0
6854	0
4686	0
7151	0
5830	0
5768	0
4964	0
4174	0
5394	0
6550	0
4577	0
6039	0
4022	1
6007	0
6308	0
7257	1
6790	0
6624	1
6438	0
6542	0
6703	0
7107	0
7350	0
4889	0
8888	0
5967	0
5888	0
7083	0
4952	0
5846	0
5529	0
7130	0
5035	0
5657	0
8006	0
4540	0
6656	0
4433	0
6305	0
5147	0
6269	0
6047	0
5468	0
6499	0
6348	0
7447	0
5289	0
6291	0
6139	0
5292	0
7403	1
6248	1
6748	0
6223	0
6643	1
7534	0
6827	0
7096	0
5564	0
6224	0
6840	0
7379	1
6779	0
6535	0
5924	0
7013	1
5784	0
6677	0
4641	0
5873	1
5312	0
7090	0
6848	0
6344	0
8263	0
5079	0
6695	0
6289	0
6716	0
6434	0
8157	0
4994	0
4165	0
6709	0
6158	0
4487	0
6563	0
6248	0
5664	0
5939	0
5304	0
7181	0
7654	0
7152	0
3050	0
6094	0
4206	0
8747	1
9180	0
8145	0
6733	0
5847	0
6502	1
7110	0
6865	0
5198	0
5710	0
5496	0
6568	0
6749	1
4765	0
8037	0
5725	0
6288	0
7057	0
8276	0
7752	0
7807	1
6505	1
6534	0
6971	0
5633	0
5747	0
6934	0
7724	0
7528	0
4853	0
5773	0
6251	0
6489	0
7896	0
7392	0
5010	0
6181	0
7045	0
7093	1
7200	0
6249	0
6641	0
5822	0
6108	0
5652	0
5740	0
6068	0
4351	0
5805	0
6254	0
4551	0
6400	0
6355	0
5385	0
5916	0
5604	1
5182	0
5765	0
5937	0
5688	0
4916	0
5061	0
5341	1
5852	0
7191	0
6073	0
5994	0
6987	0
5058	0
7041	0
6348	0
6485	0
6581	1
7018	0
7162	1
5379	0
6963	0
5587	0
5482	0
6652	0
6645	1
4613	0
5781	0
6006	0
5811	0
5793	0
5598	0
8385	1
6663	0
5008	0
6792	0
5551	0
6046	0
5974	0
5517	0
5800	0
4530	0
5309	0
5920	0
6941	0
6699	1
5663	0
5461	0
8293	0
6342	0
5970	0
5551	0
4704	0
5715	1
6757	1
7829	1
7532	0
7017	1
5727	0
3714	0
6872	0
8999	0
4307	0
6850	0
6499	0
5912	0
5375	0
8132	1
4900	0
6387	0
4716	0
7164	1
5397	1
6282	0
6252	0
6014	0
3958	0
6787	0
8844	0
6927	0
6797	0
6366	0
7925	0
7276	0
8245	0
5086	0
5291	0
6725	1
7303	0
7124	0
5211	0
6210	0
6163	0
5759	0
6647	0
7516	1
7167	0
7316	0
6473	0
5856	0
6365	0
5384	1
6398	0
6784	1
5349	0
5320	0
7824	1
4709	0
5966	0
5470	0
7757	1
8713	0
6562	0
6250	0
5786	0
6172	0
6192	0
6654	0
8104	0
5688	0
5522	0
7574	1
5078	0
9999	1
6112	0
4928	0
6843	1
6326	0
5273	0
9242	0
6805	0
5663	0
5045	0
6299	0
6481	0
6589	0
7143	0
7554	0
6529	0
5281	0
8351	0
6667	0
6686	0
6555	0
7324	0
4790	0
6908	0
5392	0
4999	0
6122	1
5559	0
6260	0
6783	1
6913	0
6897	0
7376	1
6634	0
4450	0
6218	0
6067	0
7249	1
5292	0
6887	0
6228	0
7536	0
6311	1
7418	1
6273	0
5539	0
0	0
6139	0
6741	0
8733	0
5942	0
4346	0
5663	0
8323	0
6920	0
6402	0
6044	0
6854	1
6143	0
5059	0
6663	1
5878	0
6935	0
5323	0
6011	0
6519	1
5168	0
4808	0
5933	0
9376	0
7425	1
6771	0
4609	0
5792	0
6393	0
2936	0
6636	0
6479	0
5662	0
7127	1
3973	0
7869	1
5996	0
4727	0
4772	0
4732	0
5953	0
5725	1
7541	0
6478	1
6294	0
6313	0
6489	0
5114	0
6584	0
8342	1
5820	0
6261	0
6284	0
7951	0
6789	0
7146	0
7208	1
6414	1
7358	1
7955	1
4766	0
5079	0
6419	0
8854	1
5236	0
4774	0
6333	0
7115	1
6027	0
5512	0
6695	0
5054	0
6274	1
5452	0
5133	0
6229	0
5508	0
6759	1
6413	0
5654	1
3771	0
5559	0
8965	1
5995	0
6028	0
4810	0
5363	0
8266	1
8184	1
6266	0
6898	0
6462	1
5773	0
8348	0
8731	0
5514	0
7720	0
6379	0
7740	1
3898	0
5498	0
7468	1
5744	0
6630	0
6356	0
7442	0
6258	0
4808	0
6757	0
4719	0
5918	0
7428	0
6460	0
5742	0
7428	0
6128	0
6779	0
5230	1
6052	0
6088	0
4884	0
5358	0
6261	0
6128	0
7170	0
6023	0
6264	1
4954	0
6870	0
6304	1
6347	0
6678	0
5140	0
6532	0
6852	1
6060	0
6032	0
4773	0
5518	0
5630	0
6851	0
6394	0
7357	0
6004	0
6604	0
6209	0
6344	0
6881	1
7019	0
7418	0
6993	0
7036	1
4531	0
6323	1
7080	0
6413	0
8069	0
6743	0
6933	0
5309	0
7661	0
5495	0
7154	0
7997	0
5304	0
4165	0
4616	0
6923	1
4943	0
5534	0
6620	0
5814	0
5164	0
5393	0
4699	0
5712	0
7082	0
6312	0
7072	0
8121	0
6734	1
6177	0
8604	0
6072	0
5410	0
5653	0
6437	0
6066	0
5070	0
4151	0
6204	0
6238	1
7641	0
5733	0
6653	0
6203	0
6938	0
6009	1
8884	1
6178	0
5002	0
6326	0
7007	1
6924	1
6615	0
2693	0
6054	0
7471	0
4933	0
4421	0
5984	0
5622	0
6388	0
5918	0
7471	1
7083	0
6140	0
5497	0
6305	0
5127	0
6404	0
6780	0
4220	0
6826	0
5769	0
4413	0
7799	0
6002	0
6736	0
6989	0
8207	1
5457	0
6065	0
5871	0
6395	0
7042	0
5929	0
6741	0
7145	1
5941	0
6556	0
4248	0
4748	0
6903	0
6968	0
5414	0
6808	0
5740	0
3886	0
6285	0
7190	1
5036	0
7379	0
2962	0
7132	0
7487	0
5226	0
5840	0
6017	0
7011	0
7581	0
6874	0
6593	0
6689	0
5686	0
5421	0
6572	0
7101	0
6626	0
7020	0
6496	0
4364	0
6014	0
4425	0
6721	0
4308	0
5259	0
4053	0
8187	1
7724	0
5794	0
6450	0
5160	0
6622	0
6437	1
4453	0
5709	0
6385	1
5374	0
6729	0
5252	0
6568	0
5597	0
5625	0
6312	0
6407	1
6253	0
5693	0
6440	1
4739	0
5031	0
5778	0
5798	0
5306	0
4218	0
6058	0
6282	0
6295	0
7006	1
6524	0
5605	0
6385	1
6635	0
6498	0
5245	0
6748	1
5702	0
6366	0
5631	0
5272	0
6605	1
5232	0
5897	0
5274	0
5792	0
6648	0
5324	0
4915	0
5462	0
7094	1
6542	1
7449	0
7114	1
5041	0
5855	0
6035	0
5673	0
8762	1
6189	0
6515	1
4601	0
4077	0
5634	0
6399	0
6989	0
7253	1
7729	0
7954	0
5468	0
6348	0
4859	0
5339	0
5744	0
5492	0
6768	0
7107	0
5175	0
6850	1
6094	0
4889	0
5496	0
6711	0
5651	0
6118	0
6123	0
6889	0
6077	0
5843	0
6050	0
6357	0
6013	0
6462	1
6403	0
5992	0
4992	0
6871	0
4642	0
5602	0
4407	0
5258	0
6332	0
5535	0
5687	0
5959	0
6289	0
5942	0
7557	1
6856	0
5697	0
5714	0
8148	0
7083	1
4680	0
6295	0
5342	0
6647	0
8438	0
6012	0
6976	0
6449	0
5216	0
5031	0
4092	1
6994	0
4971	0
6245	0
6380	0
5918	0
5442	0
5917	0
8255	0
5806	0
6314	0
6294	0
4968	0
6708	1
5416	0
5084	0
7007	1
7061	0
7165	1
6435	0
6792	0
6161	0
4942	1
7860	0
6353	0
5105	0
8134	0
4724	0
9022	1
9339	1
6902	1
6604	0
5293	0
6230	0
6312	0
5727	0
5517	0
8071	1
7874	0
5690	0
4980	0
5848	0
5724	0
6870	0
5786	0
7187	1
5204	0
5466	0
5619	0
6082	0
8544	0
6068	0
6319	0
4647	0
6543	1
5674	0
6678	1
7323	0
4161	1
5993	0
6431	0
5556	0
6166	0
6190	1
6658	0
4670	0
6146	0
6217	0
7197	0
4591	0
6162	0
7356	0
5792	1
6484	0
6646	0
6238	0
5957	0
5181	0
6827	0
6098	0
6688	0
5541	0
5194	0
7744	0
6621	0
5475	0
5301	0
6044	0
6879	0
5936	0
5948	0
7599	0
6444	0
4520	0
7160	1
7594	0
7169	0
7438	0
7329	0
6141	0
5979	0
6326	0
7686	1
5660	0
6604	0
8822	0
6087	0
6719	1
6776	0
7648	1
8629	0
6372	0
5998	0
6948	0
4502	0
7487	0
6873	0
6333	0
5570	0
6190	1
6262	0
6787	0
8207	0
8092	0
6802	0
7851	0
5936	0
6181	0
4546	0
6059	0
5537	0
7397	0
6983	0
5941	0
5960	0
7972	0
5195	0
6062	1
6925	0
6445	0
5847	0
7425	0
6844	0
6904	0
7068	1
7023	0
5079	0
5354	0
6323	0
5384	0
5735	0
6130	0
7006	1
5940	1
5850	0
5717	0
6878	0
6942	0
5447	0
4462	0
7141	0
6582	0
8291	0
6516	0
5813	0
5027	0
9211	0
8934	0
5370	0
5173	0
5819	0
5422	0
7992	1
4875	0
6097	0
7304	1
5287	0
5212	0
4635	0
6577	1
6015	0
6787	1
6334	0
5992	0
5979	1
7147	0
6173	0
6817	0
6915	0
5432	0
5965	0
6263	1
6645	0
5190	0
6694	0
6973	0
7526	1
5609	0
6500	0
6410	0
6224	0
5869	0
5466	1
5795	0
6409	0
5456	0
8716	0
4872	0
5282	0
5991	0
5606	0
6485	0
5102	0
5949	0
7707	1
6008	0
5522	0
6173	0
5911	0
7064	0
4848	0
5837	1
4932	0
4452	1
5934	0
6398	1
5843	0
6743	0
6570	0
7020	0
7716	0
5616	0
7426	0
6017	0
5429	0
5180	0
5180	0
6180	0
3713	0
5241	0
7618	0
5311	1
5684	0
6245	1
6713	1
5944	0
5391	0
6608	1
5403	1
5734	0
6844	0
5845	0
5466	0
9236	1
5999	0
2543	0
5062	0
5144	0
5561	0
5629	0
5553	0
6178	0
4560	0
4897	0
7434	0
8101	0
5289	0
5904	0
5938	0
6362	1
6267	0
4651	0
6354	1
6115	0
6598	0
6868	0
5174	0
4799	0
6005	0
5405	0
5141	0
8222	0
6765	0
6282	0
6476	1
6776	0
5595	0
7044	1
5278	0
5314	0
6525	0
6145	1
8093	1
5898	0
7773	0
6484	0
5694	0
5317	0
6338	0
4876	0
5792	0
6260	0
5721	1
6478	1
7254	0
5563	0
5531	0
5646	0
6842	0
6812	0
7299	1
6486	0
6599	0
5696	0
5677	0
6654	0
7593	0
5621	0
6958	0
5628	0
5328	0
6467	0
6180	0
6010	0
5175	0
6935	1
5959	0
7277	1
5990	0
7316	0
7866	1
5461	0
6366	0
8295	0
6939	0
6004	0
5206	0
5518	0
7238	0
5236	0
6883	0
5791	0
4951	0
6355	0
5858	0
6936	1
7585	1
5704	0
4973	0
6043	0
6779	0
5965	0
4664	0
5888	0
5526	0
6890	0
5657	0
5957	0
5903	0
6654	0
5578	0
7052	0
6331	0
6534	0
4487	0
4461	0
5205	0
6496	0
5855	0
8491	1
5942	0
5882	0
5778	0
6964	0
6252	0
5592	1
4856	1
5287	0
5393	0
5843	1
6439	0
5836	0
4747	0
5881	1
6651	0
6208	0
6913	1
5741	0
5552	0
7469	0
6574	0
6011	0
6860	0
6426	0
6470	0
7019	0
7369	0
6545	0
5518	0
7790	1
6695	0
6104	0
5880	1
7591	0
6700	0
6457	1
5646	1
6534	0
5820	0
5753	0
6200	1
7275	1
8893	0
6113	0
7255	1
7308	0
6044	0
4047	1
4641	0
5656	0
6769	0
5305	0
5437	0
5743	0
5644	0
5650	0
5875	0
7017	1
5884	1
5812	0
7578	1
5649	0
5715	0
5945	1
6348	0
4473	0
6688	0
3278	0
8743	0
5050	0
6268	0
6006	0
6636	0
5258	0
5199	0
5637	0
5804	0
5737	0
6893	0
6862	1
5663	0
6550	0
7422	1
7922	0
4942	0
6092	1
6883	0
4946	0
5997	0
8308	0
4019	0
7035	1
5534	0
5651	0
6267	0
6564	0
5994	0
5288	1
6562	0
6628	0
6132	1
5308	0
4612	0
7105	0
5106	0
4523	0
5259	0
6727	0
5156	0
5499	0
6213	0
6185	0
6262	0
5872	0
6489	0
6372	1
6548	0
6465	1
6614	0
7321	1
6431	0
5029	0
5145	0
5594	0
6367	1
7618	1
5749	0
5053	0
5282	0
5533	0
6155	0
6608	0
6623	0
5406	0
4432	0
5437	0
6392	0
8810	1
6626	0
6816	0
6931	1
6087	0
6727	0
5123	0
5913	0
6541	0
7352	1
5964	0
6612	1
5503	0
6511	0
6547	0
6403	0
4769	0
4766	0
4645	0
6965	0
5552	0
8592	0
6231	0
6029	0
5365	0
6288	0
6439	0
6858	0
6184	0
5168	0
6441	1
5442	0
5607	0
7065	1
5765	0
7481	1
7183	1
6244	0
6430	0
5282	0
5541	0
6255	0
9098	0
7257	1
6711	0
7604	1
6162	0
5706	0
8583	0
5028	0
5910	0
5862	0
6216	0
7217	0
6891	1
4640	0
5992	0
5775	0
6716	1
6520	0
5587	0
5029	0
6717	0
7052	0
6908	0
6709	0
6368	1
8352	0
6100	0
6156	1
5539	0
7192	0
7443	0
7209	0
7276	1
6705	0
6867	0
5377	0
4896	0
7416	1
5424	0
7479	0
5594	0
8305	0
4834	0
6729	0
6202	0
6214	0
5782	0
6423	0
7352	1
6015	0
5034	1
5814	0
5787	0
6937	0
7043	0
4923	0
7415	1
4861	0
5169	0
6697	0
5579	0
5893	0
6269	0
4894	0
5676	0
7139	0
4940	0
6242	0
6969	1
5840	1
5389	0
5374	0
6225	0
5866	0
4317	0
5675	0
5870	0
5931	0
7395	0
7484	1
6383	0
6286	0
5733	0
6298	0
6132	0
6165	0
8417	1
4998	0
6179	0
6426	0
6531	1
5249	0
5515	0
5057	0
5199	0
6436	0
6406	0
5728	0
5699	0
5841	0
6418	0
5938	0
6319	0
5954	0
6805	0
5819	0
5522	1
6859	0
6764	0
5830	1
7001	0
6551	1
8737	0
5670	0
6325	0
7273	1
5858	0
5991	0
7257	0
5970	0
5870	1
6150	0
6123	1
6006	0
6660	1
8008	1
6402	0
6671	0
6193	0
4881	0
6282	1
5755	0
7061	0
5213	0
6135	0
4980	0
8068	0
5934	0
6796	0
5793	0
3843	0
5884	0
7199	0
6349	0
6421	0
7875	1
5721	0
5809	0
4758	0
5959	0
5977	0
5894	0
7763	1
7411	1
6786	1
6947	0
5036	0
7187	1
6010	0
6631	0
5972	0
7015	0
5767	0
6307	0
7228	0
6004	0
6349	0
6946	0
6718	0
4900	0
6691	0
6325	0
6322	0
6602	0
6290	0
8456	1
6773	0
6564	0
5982	1
6214	0
6413	0
5853	0
6049	0
6290	1
5941	0
6069	0
4089	0
7186	0
6998	0
6388	0
6166	0
4448	0
2886	0
5567	0
6241	1
5141	0
5419	0
6845	0
6384	0
6989	0
4930	0
7335	1
4049	0
6571	0
5975	0
6763	0
6363	1
5668	0
6287	0
5541	1
6499	0
6160	0
6102	0
6387	0
8433	0
6975	0
7145	0
7044	0
6590	0
6271	0
7536	1
5966	0
6127	0
6622	0
6681	0
5425	1
6532	0
5658	1
7383	1
6458	0
5527	0
5543	0
6001	0
5945	0
6754	0
6979	0
7067	0
7779	0
6083	0
7191	0
5528	0
6730	0
6431	1
5927	0
7112	0
6223	0
5732	1
7163	0
5800	1
6398	0
5806	0
5272	0
5929	0
5345	0
4709	0
6261	0
5605	1
6246	0
9024	0
5836	0
6520	0
8005	1
6515	1
7726	0
6788	0
5230	0
6451	0
8175	0
4697	0
5707	0
8017	0
7175	0
7207	0
5531	0
6427	0
5486	0
5680	0
6147	1
5272	0
7466	0
7351	1
5401	0
4985	0
6255	1
5892	0
5128	0
6784	0
6031	0
8401	0
6028	0
9091	1
6038	0
5824	0
6076	0
5564	0
6894	1
6608	1
5230	0
7487	1
4521	0
7359	1
6675	0
5625	0
8386	1
6262	0
8016	0
5999	0
6568	0
6574	0
7908	0
7123	0
5410	0
5906	0
4621	0
6162	0
5780	0
4810	0
5123	0
4695	0
6106	1
5466	0
6569	1
6140	0
5531	0
4848	0
5417	0
6680	1
5551	0
5729	0
6079	0
5415	0
6861	0
4046	0
8649	0
8062	0
5562	0
4420	0
5071	1
5799	0
5405	0
6104	0
6209	0
6611	1
6841	0
5780	0
5947	0
5769	0
6549	0
6479	0
5772	0
7318	0
6845	0
5953	0
5134	0
7047	1
7132	0
6733	1
6341	0
6045	0
6247	0
6812	0
6023	0
7486	0
6613	0
6807	0
6566	0
6117	0
5868	1
6666	0
7888	1
6462	0
6162	0
6346	0
9016	1
6902	1
4790	0
5379	0
5189	0
6443	0
6435	0
6874	0
6280	0
6905	0
5758	0
6997	0
6519	0
7999	0
7380	0
4569	0
7561	0
6316	0
5744	0
6221	0
5548	0
6726	0
5262	0
6792	0
6057	0
7697	0
4069	0
5872	0
5125	0
5322	0
5906	0
6147	0
7916	0
6819	1
4738	0
5917	0
6792	0
5953	0
5985	0
8317	1
4247	0
6423	0
5791	0
5578	0
7916	0
6505	0
6698	0
8013	0
6259	0
6079	1
4914	0
6461	0
5947	0
5670	0
5966	0
6482	0
6814	0
6095	0
6538	0
5973	0
6989	0
5519	0
6762	1
4728	0
5577	0
6068	0
6957	0
7857	0
6212	0
8674	1
7264	0
