12	1905
1	9047
1	3333
1	1428
1	3333
1	5714
30	0
112	7142
258	7618
12	9523
1	6190
1	6666
26	6190
1	476
98	6190
214	2857
31	6666
1	6190
9	7142
1	7618
455	8094
190	7618
1	476
17	5714
1	4761
63	4761
8	1428
1	3333
51	5714
1	6190
24	5714
138	476
1	5714
65	4761
286	5714
1	476
1	0
69	5238
26	6666
131	5238
15	0
1	1428
1	0
32	6666
1	2857
1	1905
1	6190
1	2381
1	6666
19	5238
101	5238
168	6190
1	6190
24	6666
1	6190
202	5714
424	9523
1	5238
38	5238
1	5714
1	5238
1	5714
1	4761
1	6190
19	6190
1	3333
115	4761
72	8094
1	0
1	5238
189	7618
1	4761
1	7618
93	7142
43	6666
59	5238
1	6190
1	6190
8	7618
1	4761
488	9047
34	5238
1	4761
1	0
10	476
67	7618
17	6190
12	6666
55	5238
80	4761
1	952
1	2381
1	5238
1	476
1	4761
66	6666
25	0
1	952
48	5238
86	7142
1	5238
473	2857
1	4761
40	7618
1	6190
41	0
47	9047
315	7618
27	6190
1	7618
1	5714
69	7618
63	4761
1	6666
1	1905
1	5714
55	1905
166	5238
487	8094
196	7618
1	5714
21	7142
3	7618
1	5714
33	4761
1	3333
1	4761
107	4761
42	5238
1	6666
97	6666
1	9523
1	6666
1	4761
52	6190
34	6190
1	1428
24	5714
1	952
26	2857
1	3809
533	9523
285	5714
325	476
1	6190
1	5238
223	5238
446	7618
74	6190
1	6666
1	7618
1	2857
1	2381
1	7142
97	7618
97	6666
1	6666
1	476
7	5714
64	5238
1	6190
1	952
40	7142
141	6666
1	7618
1	5238
52	2857
21	3809
5	3809
1	6666
20	5714
1	9523
26	4761
64	7142
1	6666
254	3333
1	4285
1	7142
282	476
53	5714
1	0
1	952
519	8094
530	4285
1	4761
255	4761
1	4761
66	4761
1	2381
1	5238
1	9999
1	5238
87	7142
6	4761
1	4761
1	6666
1	6666
1	5238
1	5238
1	5714
41	4761
29	5238
36	6666
1	5714
1	5238
271	2381
292	952
24	1905
1	6190
1	6190
293	9047
1	952
1	7618
1	476
29	5714
1	5714
1	1905
44	7618
91	5714
19	6666
67	2857
1	1428
1	5238
1	7618
1	9523
286	7618
1	1428
32	6190
1	6666
442	9523
36	6190
88	6666
70	4761
22	5238
1	5238
430	9999
1	2381
1	2857
1	8571
1	5714
78	4761
77	7618
1	2857
1	5238
54	4761
172	476
1	476
4	6190
31	5714
1	6190
8	4761
1	476
316	9999
2	5714
7	1905
36	2381
3	476
60	6666
45	9047
95	5238
32	1428
1	3809
103	5238
16	1428
1	6666
6	4285
1	6190
1	3333
1	476
9	6666
1	7142
32	9523
1	5238
139	8094
1	1905
1	6190
1	6666
1	5714
134	6190
20	5714
8	6666
1	476
116	7142
1	6190
1	5714
1	6190
1	5714
76	9523
27	9047
32	6190
1	4761
1	8094
1	5238
80	5714
21	1905
279	476
76	6190
1	952
61	4761
107	2857
383	3809
1	4761
444	9523
1	6190
1	6190
1	6666
32	476
77	7618
311	4761
425	9523
1	2381
1	6190
1	476
141	6666
100	5714
149	7618
1	6190
1	6190
1	5714
1	4761
68	1905
1	0
1	7618
1	5238
33	5238
1	6190
1	5238
1	9999
30	4761
1	2857
124	6666
18	3809
1	3809
31	6190
1	2381
1	0
72	5238
1	6666
45	6666
164	5238
1	5238
1	9047
24	5714
62	7618
13	1428
290	6666
1	476
16	5714
45	6190
61	6666
1	7618
122	1428
1	6190
1	9523
1	4761
1	6666
12	6666
71	4761
1	3333
147	6666
1	1428
110	4761
15	5714
1	5714
18	952
1	9999
14	5238
1	6190
389	7618
484	7142
10	7618
1	7618
15	5714
151	7618
1	5238
146	6666
297	1428
30	6666
176	5238
1	6666
1	6190
1	7142
1	6666
1	7618
1	2381
35	4761
201	952
5	5238
2	6190
7	476
467	4761
124	7142
1	3333
15	7142
52	6190
1	3809
1	7618
1	9047
1	1905
296	6190
164	4761
1	0
35	6190
1	5714
94	9523
30	1428
87	5238
1	6190
9	3809
30	5238
74	6666
450	3333
38	7618
53	6666
53	6666
1	8571
1	1428
140	7618
20	5238
1	7142
10	5714
309	5238
1	1428
306	5714
17	6666
1	1905
1	476
1	6190
82	7142
1	6666
19	5238
71	6190
94	6666
1	5714
1	6190
61	7618
10	7618
5	7618
1	6666
1	6666
136	7618
44	0
11	4761
1	2381
626	6190
1	5238
1	3809
24	5238
66	952
21	2381
46	4761
1	6190
1	5238
1	7618
66	4761
37	2857
279	7618
1	4761
2	0
1	3333
592	5714
1	4761
233	5238
2	3333
1	0
24	8571
8	6190
1	8571
77	4761
1	6666
19	4285
1	6190
75	5238
1	7142
13	5714
1	3333
1	6666
1	3333
1	5238
65	6666
35	4761
1	5238
1	0
1	4761
1	6666
4	5238
1	4285
307	7142
211	5238
1	4285
138	6190
272	6666
88	7618
16	5238
263	9047
1	5714
22	3333
2	4761
1	6190
193	7142
69	4761
1	4761
1	6666
56	7618
35	1905
22	6190
20	3809
75	6190
34	6666
1	5714
1	952
155	6190
208	8571
17	5238
45	9523
1	2381
63	4761
1	0
461	4285
1	6190
1	5238
1	5238
1	6190
57	7142
35	4761
1	1428
18	2381
1	952
38	6666
1	5238
81	7142
125	5238
61	6190
1	6190
1	4761
1	7618
1	952
1	7618
123	6190
1	6666
288	8094
1	7618
1	4761
1	1905
1	5238
48	0
1	6666
178	2381
15	9523
1	6666
419	3809
1	8094
118	6190
18	0
1	3809
114	5238
1	4761
11	5238
20	6190
1	6666
1	6190
1	7618
1	5238
308	7618
97	6190
9	7142
1	4761
52	7142
1	6190
304	5714
446	2381
1	5238
1	0
42	5238
46	6666
14	9047
69	1905
1	5714
109	5714
1	6666
16	0
1	5238
491	9999
1	4761
21	5238
312	7142
7	4761
1	5714
44	6666
39	952
1	1428
32	4761
4	2857
1	0
1	4761
1	2381
95	7142
77	6666
1	6666
9	5238
1	3333
1	952
1	6190
9	2857
1	1905
1	2381
239	9523
1	6190
193	3333
1	6666
47	5238
303	3809
1	5238
67	5238
1	6666
1	476
23	4285
1	5238
1	6666
81	4761
1	4761
213	7618
8	7618
7	5238
1	476
1	6666
1	0
455	9523
1	476
1	5238
8	6190
1	5714
92	6190
50	6190
25	5714
1	9047
1	2857
102	7618
19	4285
1	2381
1	4761
185	7618
138	9047
282	6666
79	6190
1	8094
1	5238
1	6666
1	0
1	5238
43	5238
1	1905
1	6666
1	6666
49	7618
1	1905
1	6666
77	8571
69	5238
1	4761
18	5714
223	7618
1	952
18	5238
64	5238
2	6666
18	0
1	6666
61	5714
38	0
326	7142
1	1905
368	2857
1	4761
1	2381
1	5714
1	5238
1	6190
1	6190
55	952
1	5714
96	952
109	7618
1	6666
1	6666
1	3333
445	1905
5	7142
1	6666
26	5238
181	4761
315	6666
1	0
58	7618
287	6666
11	6190
1	476
91	5238
1	5238
1	9523
74	5714
1	5238
8	3333
1	4761
597	9999
45	5714
1	6190
540	9523
131	5238
36	6190
32	2857
488	3809
1	476
69	5714
63	6190
1	6666
1	4761
13	9999
21	1905
1	0
152	476
113	6666
1	6190
1	6666
1	4761
1	1905
19	6666
1	5714
274	6190
1	1428
7	476
1	0
85	7618
1	6666
1	6666
64	5238
1	6190
1	4761
86	6190
4	5238
1	952
1	2857
1	7618
44	6666
60	4285
36	7618
5	7618
1	6666
1	6190
3	4761
344	5714
8	6666
1	6190
1	1905
1	5714
30	2857
1	0
1	6190
91	6190
1	6666
606	5238
106	6666
1	5238
24	6666
297	4761
1	6190
1	5238
1	476
1	6666
12	6190
4	5714
24	6666
2	6190
112	5238
5	5238
1	4761
1	5238
1	6190
1	7618
1	5238
1	4285
131	7142
1	7142
1	5238
1	6666
1	476
506	6666
63	476
297	3809
17	5238
65	5238
82	3333
1	5714
1	9523
6	5238
1	7142
1	5238
1	6190
1	1905
21	1905
1	6190
9	4761
411	8571
140	6190
1	1905
86	5238
103	6190
1	476
20	4285
303	7618
511	7618
28	9999
66	5238
2	5714
10	6190
1	7142
1	5714
156	6190
23	7618
12	6190
1	6666
1	4761
1	2381
1	6190
1	6666
1	0
325	9999
87	6190
1	4761
1	7618
44	3809
1	0
1	6190
1	7618
1	6190
1	4761
6	4761
530	9047
49	5238
1	7618
255	7142
22	5238
1	7618
1	6190
1	5238
580	6190
1	4285
139	6666
1	5238
41	952
1	5714
16	5238
321	7142
454	1428
1	5238
100	5714
1	3809
1	4285
34	0
1	4761
1	6190
1	9523
11	476
339	476
1	6190
9	1428
1	952
1	6190
1	3333
1	4761
27	476
3	5238
1	4761
1	1905
1	476
3	0
1	4761
82	6190
221	9523
74	6666
1	6666
33	3809
25	0
1	5714
1	4761
1	4761
283	4761
1	0
1	6190
1	4761
1	952
3	6190
1	5714
139	1905
23	2381
1	7618
16	4761
1	0
1	4761
1	7618
44	4761
1	7142
94	6666
30	6190
1	5238
59	9523
119	9047
12	476
1	6190
40	5714
1	6190
22	6666
171	6666
1	4761
1	4761
26	5714
1	5714
1	0
69	9999
38	4761
1	476
107	952
109	6190
64	6666
1	0
1	5714
43	6666
44	8571
1	6666
4	6190
1	952
1	4285
59	2857
313	6190
1	7618
1	2381
1	6190
27	4761
249	7142
1	7142
185	6190
1	6190
114	5714
16	952
1	0
1	2857
1	5714
138	5714
427	476
7	4285
184	5238
297	3809
25	6666
1	2857
333	5238
1	6666
48	4761
24	476
77	6190
124	7618
24	7618
1	5238
7	4761
268	4761
1	7618
1	7618
25	4761
1	6666
1	5714
54	4761
113	6666
1	6190
385	9523
175	1428
9	6666
9	3333
87	5238
1	5238
1	952
1	0
305	476
1	9523
218	7618
5	9523
52	5714
1	1905
1	476
434	6666
1	4761
1	5238
1	952
2	6190
89	9523
427	8094
1	1905
1	6666
319	4761
98	5238
1	476
32	6190
618	4761
1	5714
1	9523
26	6190
1	6190
1	5238
1	5714
185	2381
25	6666
1	1428
19	4761
1	5714
1	1905
1	1428
304	6190
288	9999
69	5714
1	5238
379	5238
18	5714
95	7142
251	5238
1	4761
1	0
256	1428
80	5238
17	5238
23	6666
1	9999
16	1428
86	6666
1	7142
55	6666
1	0
150	6666
67	4761
174	9047
30	6666
98	8094
1	2381
568	9047
55	6666
12	4761
1	6666
1	5714
260	6666
178	476
1	4761
147	4761
1	5238
1	1428
15	7142
1	5238
1	0
1	1428
1	5714
1	6666
60	6666
34	2857
1	6190
1	476
1	3333
487	7618
1	5238
57	5238
96	4761
8	9523
84	6190
246	7618
1	0
1	6666
1	5714
12	5714
78	5238
123	6190
1	5714
21	0
1	0
1	6190
1	4761
1	4761
310	7142
438	2857
51	6190
1	5238
52	6666
166	5238
1	1428
1	6190
27	9523
59	5714
33	8094
26	952
4	5714
3	6666
2	3333
19	6666
1	0
1	5714
30	6666
26	5238
1	4761
276	5238
51	5238
1	952
1	1905
1	5714
1	6666
22	6666
1	952
1	4761
1	7618
1	2381
205	7142
34	2381
2	0
46	6666
1	0
14	5238
1	4761
13	7618
463	7618
1	6666
277	9047
43	5238
1	6190
148	1428
1	6190
1	2381
26	7618
1	5238
5	1428
187	7618
105	5238
1	6190
12	0
47	4761
1	4285
561	8094
1	2857
1	6666
1	3809
12	3333
13	7142
1	0
1	6190
1	6666
1	7618
46	6190
15	2857
1	5238
255	4761
20	6666
1	4761
86	4761
23	6190
1	6666
23	6666
1	9523
595	3809
1	6666
75	7142
291	4761
1	4761
1	5714
108	7618
1	4761
1	5714
1	6666
42	6190
1	5238
1	5714
1	6666
1	1428
1	1905
204	6666
1	0
1	5238
173	6190
1	3809
182	9523
5	0
127	6190
40	4761
19	4285
1	6666
1	5238
1	6190
74	6666
1	5238
1	7142
1	5238
1	4761
1	5714
34	6190
1	4761
1	3809
1	6190
29	4761
1	2381
1	6190
1	5238
1	4761
1	5238
38	4761
1	6190
242	7618
84	5238
89	4761
1	5238
1	5714
18	6666
65	7618
1	6190
37	5714
37	6666
1	7618
17	3809
503	7618
95	6666
1	1905
1	6190
1	6666
1	5238
47	6190
4	6666
1	4285
18	952
376	8094
27	7618
6	6666
1	6190
1	6666
1	952
1	4761
1	952
70	5714
1	3333
1	0
79	476
57	5238
1	6666
16	3333
21	7618
1	5238
66	5238
2	6666
1	952
1	1905
1	6190
59	7618
1	7142
1	5714
1	5238
14	7618
1	5714
1	8094
32	7618
4	7142
1	4285
35	7618
1	7618
1	476
102	5714
138	7618
1	5714
364	952
1	6190
1	4761
157	5238
1	6666
72	6190
1	2857
63	0
1	6666
1	476
1	7618
1	4285
264	4761
591	9999
246	5238
1	5238
1	6666
17	3809
1	6190
1	6666
1	1428
1	9999
26	5714
80	5714
32	6666
453	7142
132	6190
64	2857
1	7618
20	7618
463	476
1	5714
106	7618
222	6190
26	9523
1	4761
315	6190
33	4761
29	5238
10	5714
78	5238
1	2857
197	476
50	3809
1	7618
1	7142
1	9999
1	9523
1	6190
1	6190
1	7618
1	9523
1	9523
1	9999
25	5238
1	5238
1	952
1	3809
34	6190
57	6190
1	2381
10	9999
1	7618
9	4761
1	5238
41	5238
25	3809
1	5238
13	6190
108	6190
116	6666
26	5238
1	9523
315	1428
6	6666
1	5714
1	5714
9	6666
1	6666
41	6666
140	6666
1	6190
1	4761
1	5238
1	6666
1	6666
162	7618
1	5238
1	3333
149	5238
56	5238
1	6666
1	476
1	4761
1	0
1	5714
1	5714
1	6666
1	1905
70	6190
16	5714
1	2381
1	5238
1	6666
1	5238
1	7142
1	6190
11	5714
81	7618
1	7618
1	5238
4	952
304	8094
1	2857
356	7618
65	7618
621	6666
91	7618
1	9999
163	5714
2	6666
259	7142
404	7142
1	6190
38	6190
1	7142
157	7618
1	0
99	6190
182	7618
1	952
43	6666
1	0
1	5714
26	5238
1	7618
1	3809
1	0
1	7618
1	2857
1	5238
1	3809
48	6666
1	952
83	4761
1	7142
50	6666
1	7618
1	0
1	1905
264	4761
319	6666
290	7618
1	5238
146	6190
1	4761
1	5714
23	1428
8	5714
1	6666
1	0
62	952
1	4761
1	0
1	1905
1	4761
168	7618
204	5238
1	476
54	4761
29	6190
78	6666
34	6666
37	3809
299	7618
1	4761
1	4761
1	7142
1	6666
522	8571
1	7142
34	952
1	6666
1	2381
395	7618
96	9999
1	1905
34	6190
68	7142
52	7618
1	3333
148	7618
19	5238
1	5238
3	5714
432	5238
48	6666
1	9999
113	6666
73	4761
7	7618
127	2857
37	5714
1	6190
52	5238
64	6666
26	6666
46	6190
1	952
1	952
173	4761
40	9999
1	4761
89	5714
9	4761
15	476
33	7618
1	1428
1	4761
1	6190
1	476
1	6666
292	476
47	1428
1	6190
1	4761
1	7618
36	4761
1	1428
1	4285
1	9523
1	1428
1	1428
1	6190
19	4285
1	952
22	7618
1	5714
1	6666
1	6190
5	1905
1	4761
1	3333
1	5238
1	5714
334	476
1	476
70	476
1	4761
457	952
1	0
21	5238
531	5238
3	2381
1	476
1	6190
452	2381
1	6190
1	6666
15	5714
1	6190
1	4285
15	5714
1	5714
165	9523
1	5238
20	6190
1	6190
1	6190
22	3333
1	6666
1	0
1	0
18	9523
1	4761
40	5238
1	4761
1	7618
247	6666
1	952
78	5238
126	5238
30	7142
5	6666
1	6190
1	6666
113	6190
74	8094
1	1905
2	5238
5	7618
11	0
530	8571
216	7618
1	3333
1	6190
1	4761
29	7618
1	6190
1	2857
1	0
1	5238
1	5714
49	6190
1	5238
8	6190
112	4761
1	5714
9	3809
38	5714
1	6666
1	476
221	476
379	7618
1	952
1	1428
32	8094
21	4761
1	6190
1	2857
10	6666
1	7618
88	7618
1	4761
1	6666
1	4761
23	5238
14	7618
1	6190
1	4761
47	5714
536	7618
1	3809
1	7618
248	7618
1	6666
39	7142
473	9999
512	1428
1	5238
1	7618
36	2857
10	5714
1	4285
49	5238
1	0
25	5714
567	5238
10	4761
20	4761
1	4761
1	7142
1	6666
1	6190
1	476
19	7618
1	7142
1	9999
40	5238
224	6666
34	4761
94	5714
412	9999
37	6666
1	4761
25	5714
1	4761
1	2381
1	1428
1	3809
1	5714
128	2381
14	6666
3	4761
2	9047
6	6666
1	2857
11	476
16	5238
1	6666
52	5238
1	952
1	7618
1	6190
1	6666
1	0
174	6190
31	3333
1	6666
266	5238
57	6190
10	6666
46	7618
1	7618
1	4285
119	7142
108	6190
1	9523
1	5238
28	5238
15	7142
78	5714
39	5238
19	6190
99	5238
1	476
1	5714
1	7142
25	2381
59	5238
111	3809
1	6666
63	476
44	476
75	5714
1	1428
3	4761
157	6666
1	6666
2	2857
119	6666
452	5714
1	6666
1	6190
145	9047
1	7618
52	9523
451	9999
446	7618
1	476
57	6190
1	4761
1	6666
95	5714
7	5238
201	5238
83	6190
1	2381
1	7618
147	6190
1	2857
51	6190
1	7618
1	6666
121	5238
1	3809
140	2381
2	476
2	6666
37	4761
70	6190
1	1905
1	3809
26	6666
61	7618
43	8571
13	4761
401	7142
228	4761
33	5714
1	7142
12	6666
1	7142
1	3809
1	7142
1	6190
485	9999
42	6666
1	6666
3	6666
1	4285
63	3809
1	2381
20	476
15	7618
517	8094
232	4761
33	4761
14	5714
26	7618
1	5714
46	6190
23	1905
11	6666
1	5238
35	3809
29	4761
65	3809
102	5238
23	7618
1	5714
1	4761
71	9999
18	5714
1	6666
1	5714
1	4285
1	5714
471	9999
1	5238
67	6190
13	5714
1	6190
1	4761
1	8571
46	476
1	6666
1	2857
20	4761
216	952
46	6666
1	4761
35	5714
26	7618
1	6666
332	7618
125	6190
81	4761
38	6666
1	5714
330	7618
1	6666
1	7142
32	6666
1	0
1	3809
1	5238
66	4285
20	6190
12	4285
238	7618
465	9999
1	9999
1	4761
1	5714
1	6190
1	3333
1	3809
1	476
1	7142
19	5714
1	5714
533	8571
2	5238
19	5238
502	8571
591	6666
46	3809
1	5714
244	1905
44	5238
39	5238
44	1905
1	5714
1	2857
1	5714
74	6666
1	6666
1	4761
1	7618
32	6666
1	6666
214	9999
24	6190
1	476
291	476
1	6190
1	5238
1	5238
1	9999
1	476
56	4761
280	5238
1	6190
78	6666
1	6666
310	1905
1	5714
1	6190
14	6666
39	6666
1	5714
1	5714
1	5714
1	5238
1	9999
49	5714
319	5714
392	7142
1	6190
1	3809
1	1428
1	4761
1	6666
137	6666
45	5238
1	6666
580	6666
1	6666
32	9523
327	8094
1	1428
23	9523
16	5238
1	6666
19	3333
63	952
25	6190
1	5238
1	7618
22	5714
26	2381
1	6666
38	1905
1	6190
8	952
3	5714
21	6666
201	1905
32	4761
7	952
1	6666
1	5238
1	5714
1	3809
1	5714
56	9999
143	5238
1	5714
1	4761
294	7618
1	5714
1	476
1	7142
1	6666
1	7618
1	2381
35	6666
1	5238
588	5714
21	6666
1	6666
22	5714
106	6190
1	6666
49	6666
2	4761
102	9523
81	5714
68	6666
4	6190
21	5714
194	3809
1	952
76	5238
70	5238
1	952
1	6190
131	9999
23	7618
225	6666
1	6190
292	6666
1	6190
34	7142
233	6190
1	952
375	8094
1	3809
1	7142
44	7142
1	5238
12	5714
1	6666
1	7142
74	5714
603	4285
134	5238
1	6666
48	4761
1	476
1	2381
48	4285
1	1905
162	5238
19	7142
1	5238
11	6190
276	1428
14	6190
1	476
6	6666
1	7618
14	9999
22	4761
22	7618
67	5238
16	476
1	2381
5	1905
15	5714
12	952
33	5238
1	5238
60	6190
324	5238
1	2381
1	5238
20	7142
1	5238
282	2381
1	952
449	476
1	2381
1	6190
1	7618
534	4285
420	9999
48	6666
76	5714
44	6666
1	0
1	7142
17	9523
258	6666
1	4761
27	2857
1	6666
1	4761
109	6666
1	4761
1	2857
1	7142
3	0
2	6666
6	7618
8	3809
131	5238
1	5238
80	5714
38	5238
1	5238
1	3809
283	5714
40	4761
1	4761
34	476
12	5714
1	7618
1	4285
1	476
18	4761
20	6666
296	7618
1	4761
1	4761
23	6190
1	4285
1	0
1	6666
20	7618
166	5714
1	4761
1	6190
1	5238
1	952
1	6666
476	3809
1	1905
1	4761
26	476
1	7618
87	9047
66	0
1	476
185	1905
1	2381
7	6190
1	5238
1	7142
69	2381
59	5238
8	9047
102	7142
1	6190
125	7618
34	7618
92	5238
151	1905
1	5238
1	0
1	4761
5	5714
1	476
514	9047
1	1428
1	4761
30	4285
107	4761
89	4761
3	7618
1	6666
1	4761
1	5714
90	2857
17	1905
37	6666
13	7142
108	4761
1	6666
279	2857
1	4761
274	4761
62	9999
52	5238
83	5714
168	6190
118	6666
1	4761
1	476
1	952
3	476
1	5238
1	1428
1	6190
1	4761
1	5238
49	7618
180	9999
1	2857
1	6190
1	2381
1	5714
111	5238
452	7618
1	5238
1	5238
1	4761
29	5238
1	2857
92	4761
1	5714
81	3333
307	5238
147	7142
1	5714
47	6190
1	9047
425	9523
1	6190
51	6190
61	5714
138	5714
1	5238
1	7618
71	5714
54	9523
176	5714
1	952
64	5238
7	952
1	4761
1	5714
1	9523
141	7618
1	7142
277	476
1	7618
1	1428
1	5238
30	4285
1	6190
22	6666
27	6190
1	5238
1	6666
1	5238
1	9999
22	4761
1	6666
1	3809
1	4761
21	5714
63	476
16	3809
1	6190
68	1905
91	6666
10	7618
37	7618
1	1905
1	5714
90	7618
1	476
9	4761
54	4761
5	4761
8	5238
17	6666
43	6666
98	6666
236	952
18	2857
1	4761
1	0
136	6190
1	6666
1	4761
1	8571
1	5238
1	2381
37	6190
11	4761
1	6666
1	6666
71	6666
1	4285
1	1905
12	1905
1	476
77	4761
49	6190
1	4761
1	6190
60	6190
62	5238
1	7618
1	6666
58	5238
1	5238
1	476
39	4285
1	5238
1	5238
69	6666
6	7618
1	952
1	9999
2	7618
1	2381
63	5238
309	6190
98	5714
1	4761
1	6190
137	6190
101	6190
12	5714
1	4761
61	9047
1	6190
1	6190
79	4285
30	4761
457	9999
47	0
16	5238
1	4761
1	6190
1	1428
94	6666
1	6666
1	7142
1	476
1	6190
1	3333
1	5238
388	1428
46	6190
1	7618
346	1428
1	6666
1	2381
1	6666
82	4761
78	8094
76	5238
1	0
227	2381
2	952
13	6666
12	6666
1	5238
1	8571
38	7618
31	3809
1	9999
441	2381
21	6190
15	952
17	0
24	7142
1	2857
1	7142
1	5714
1	9999
19	5238
1	5238
23	6666
1	4761
32	6666
1	6666
1	6190
1	6190
20	6666
58	5238
43	952
1	6190
1	952
1	5238
209	1428
53	9047
1	6666
2	5238
1	5714
58	6666
42	6190
69	6190
1	6666
1	8571
110	9047
1	1905
1	476
1	6190
79	7142
215	5238
1	4285
1	9999
1	5714
1	7618
1	6666
1	6190
79	5714
1	4761
1	476
1	4761
1	6666
46	8094
20	6666
146	1905
286	4285
20	5714
1	7618
1	1428
1	7618
47	4761
1	2381
37	4761
1	7618
1	8571
15	7618
1	5238
434	7142
5	6190
2	4761
1	5238
11	6190
1	5238
19	6666
67	4761
1	4761
48	1428
1	4761
1	3333
1	1905
575	6190
9	2381
8	5238
102	6666
286	7142
1	476
512	5714
1	1428
1	5238
13	6190
81	5714
1	4761
1	1428
1	2381
73	7618
1	0
243	5714
21	7618
77	6666
125	7142
1	3809
1	4761
1	0
1	7618
1	0
1	6190
34	7618
69	7618
186	7618
235	4761
58	1428
1	6666
1	4761
4	7618
1	5238
1	6666
1	4761
1	5714
1	6666
8	1905
23	7618
3	5238
1	6666
38	5238
1	1428
200	7142
1	4761
37	952
31	7142
1	6190
6	952
18	4761
1	6666
1	6666
16	3333
49	8094
23	5238
1	9523
1	6190
349	9523
1	2381
1	5238
1	5238
1	2857
1	7618
70	6666
23	4761
40	3333
7	7142
19	7618
1	7618
1	6666
485	9999
1	4761
51	5238
1	5238
283	2381
89	4761
1	1905
46	476
1	9999
77	5714
1	6666
2	1428
1	5238
1	5714
17	6190
223	4285
1	6190
1	6666
6	5238
1	4761
287	6190
2	8571
1	0
264	9047
41	6190
11	4285
64	2381
1	5238
1	7618
31	6190
5	6666
1	5714
1	5714
13	5714
1	4761
592	9999
134	7142
1	6190
93	6190
11	476
39	7618
59	6190
639	6190
1	0
1	4761
70	5714
1	6666
51	5238
129	7618
1	5238
312	7618
1	5238
78	5714
36	5238
50	7618
1	3809
91	7142
1	6666
73	5714
1	6190
13	6666
1	7142
23	6666
1	7618
38	1428
1	6666
1	5238
40	4761
1	1428
18	9047
259	4285
1	6190
1	476
19	7618
52	0
1	7618
1	4761
1	6666
1	3809
1	5238
318	7618
21	6666
156	4761
1	5714
12	6190
1	5238
1	3809
273	5714
1	6666
3	3809
1	3333
477	4285
19	6666
1	4285
1	6190
1	5238
1	4761
1	3333
1	6190
1	4761
144	3809
131	5714
37	7142
1	6666
178	6666
23	6666
1	3333
1	6666
25	7618
1	7618
287	6190
3	476
128	4285
1	6190
1	952
94	6666
15	6190
42	952
19	7142
1	1428
143	7618
1	7618
1	952
184	5238
114	7618
51	952
2	4285
79	4761
605	6666
29	7618
76	5238
1	4761
49	5714
1	7618
7	6190
87	1905
1	5238
35	3333
1	5714
1	3809
35	6666
1	4761
522	9999
1	6190
1	2381
1	6190
1	6666
324	4761
1	4761
1	5714
416	476
83	4285
1	7142
50	4761
88	5714
1	6190
82	4761
13	7618
168	6190
95	9999
1	5238
1	9047
1	2381
28	7618
24	476
1	9523
1	6666
214	4761
20	6666
27	476
39	4761
4	5238
1	5238
1	8094
1	952
1	7618
20	6666
22	5714
1	9523
32	5714
1	3333
1	6666
87	7142
1	2857
1	6190
1	4761
1	0
1	0
1	2381
1	6666
1	1905
18	3809
92	9523
1	6190
299	5238
23	7618
296	7142
1	7618
1	0
15	952
23	6666
17	6666
1	1905
1	7618
1	5238
33	7618
281	3333
1	476
136	4761
1	7618
8	5238
1	0
1	6666
1	6666
26	5238
1	5714
607	6190
9	6190
1	6190
52	0
1	6190
1	5238
126	7142
1	6666
18	3333
28	3333
136	3809
30	6666
88	7142
65	476
1	2381
1	476
420	9523
1	5238
22	5238
52	6190
1	1428
565	476
219	9523
1	7618
52	7618
1	5714
20	2857
22	6190
1	5714
1	5238
266	5238
1	6666
1	6190
1	6190
12	5238
6	4285
376	5714
1	4761
23	5714
6	0
1	1428
1	5714
1	5714
3	6190
1	1905
42	5714
110	6190
56	4761
39	952
161	5714
1	6666
2	3333
17	8094
267	476
12	5714
38	9047
9	6666
1	6666
1	6190
9	6666
157	6190
58	7142
1	7618
56	5714
55	5238
69	5238
1	5238
1	2381
1	1905
17	6190
280	1428
40	3333
223	7618
1	5238
1	476
1	5714
4	6666
1	0
36	5714
366	7618
1	4285
48	6666
95	6190
92	4761
1	6666
1	476
21	4761
66	6190
388	2381
1	5238
1	5238
9	2857
1	4761
440	9523
1	1428
1	5238
130	952
19	6190
1	4761
1	4761
1	952
1	6666
1	952
1	0
31	5238
1	4761
19	7618
1	4285
1	6666
169	476
1	3809
411	476
42	7618
1	9047
1	3809
1	7618
91	6666
56	5714
1	0
102	1428
249	5238
41	952
196	4761
479	3809
1	6666
30	0
1	6666
139	5238
35	476
18	5714
148	5714
1	7142
75	6666
1	2857
142	1905
143	7618
1	6190
1	4761
1	6190
19	3809
439	7618
62	6666
15	6190
532	6666
1	5238
66	4761
266	952
1	4285
1	476
1	1905
1	1428
54	3333
17	4761
20	3809
13	6190
22	2381
164	6190
1	2857
90	5714
216	5238
1	2857
9	952
298	476
246	7142
22	7142
83	952
1	4761
4	2381
36	5238
1	5238
60	6666
86	4761
1	6190
1	476
1	3333
342	7618
1	5238
1	476
1	4761
10	6190
6	7142
1	3333
1	7142
6	0
1	5714
533	6666
468	3333
1	5714
1	2857
28	7618
1	6190
58	5714
27	8094
1	6666
1	5714
1	5238
1	6190
215	4761
1	3333
59	7618
1	4285
1	5238
1	5238
1	6190
127	6190
1	1905
1	6666
78	3333
40	6666
12	6666
78	6190
1	5238
161	4761
118	5238
24	4761
1	4761
1	7618
1	6666
1	3809
206	7142
55	2381
303	952
63	7618
1	5238
346	9999
18	476
103	5714
18	4761
75	7618
1	6190
1	6666
101	2857
1	1905
2	7142
1	6666
34	7618
273	5238
374	7142
5	4761
11	6666
1	0
29	2857
9	6190
20	6190
270	1905
460	1428
1	6666
12	5238
21	6190
1	476
226	7618
1	1905
69	6190
1	5238
1	6190
80	5714
1	8571
60	7618
150	6666
29	4761
1	6190
1	7618
1	6666
464	6190
38	5238
4	7142
360	6666
9	4761
1	5238
1	1905
6	6666
33	7618
278	9523
137	7618
563	5714
18	7142
74	9999
1	4761
1	6666
1	4761
78	7142
1	6190
26	6190
1	6190
1	5714
1	5238
118	5714
88	2857
13	5714
86	2381
1	5238
1	3333
1	5714
44	6666
86	4761
271	7618
1	3809
315	7618
8	5238
44	1428
1	3809
1	4761
1	2857
324	5714
180	7618
1	6190
5	952
595	5238
173	6666
1	5714
21	6666
1	5238
44	952
16	0
1	5238
1	4761
1	3809
45	7142
1	6666
22	4761
69	3809
1	7618
264	476
1	6666
19	6666
1	6666
317	5238
1	6666
41	1428
1	6190
1	6190
1	7618
1	1905
1	1428
1	7618
1	4761
1	4761
55	5238
1	0
1	8571
44	5238
80	6190
48	5238
9	476
2	6666
1	6666
59	6666
1	7142
467	4285
2	5238
1	6190
266	476
47	6190
1	2381
1	0
1	476
1	7618
56	6666
1	5238
27	952
5	6190
73	952
1	9047
1	6666
146	4761
1	6666
12	476
1	4761
433	8094
44	3333
7	9047
1	5238
29	4761
1	1428
1	6666
131	6666
1	952
15	7142
372	7142
38	5238
1	3809
1	5714
316	3809
30	7618
1	1905
1	6190
1	0
42	476
7	6666
1	6666
34	1428
635	7618
1	6190
1	952
131	7618
124	7618
1	0
1	7142
452	1428
1	2381
1	5714
1	5714
317	8094
1	6190
1	476
1	6190
486	8571
1	5238
1	476
49	6666
1	1905
1	5238
1	7618
1	7618
65	7142
13	0
257	7618
1	6666
30	5238
61	4761
221	7618
140	4761
1	5714
1	0
264	5238
1	4761
50	4761
1	2857
8	9999
39	6666
17	4761
1	7618
1	952
15	5714
19	0
1	6666
129	6190
276	2381
1	5238
531	3809
18	2381
30	7618
478	476
1	6666
1	0
1	5714
213	5714
1	5238
1	5714
1	7142
47	1905
1	9999
42	0
1	9523
1	6666
1	7142
1	5238
82	2857
4	6666
5	5714
337	7618
1	952
279	5238
1	6666
232	4761
1	6190
1	6666
213	5238
1	476
1	7142
192	952
1	9047
1	4285
292	7618
241	6666
1	7618
1	4761
591	9999
20	6666
30	5238
1	5238
1	6666
25	7142
1	0
1	4761
1	5238
1	6666
85	6190
1	6666
1	4761
37	0
18	4761
449	2857
1	4761
1	5238
95	4761
1	6666
1	5238
1	5238
1	7618
141	5238
21	4761
308	7618
12	1428
7	952
1	6190
1	6666
636	8094
1	9999
1	6666
3	5714
28	5238
18	7618
100	952
1	1428
1	1428
17	1428
21	0
262	7142
1	5238
135	9047
177	5714
1	5714
1	6666
138	7618
1	4761
11	3333
106	9047
1	7142
1	476
1	9999
1	4761
71	4285
1	7142
1	0
1	4761
12	7618
1	7618
1	4761
8	5238
305	6666
13	5238
1	7142
1	7618
1	952
1	6190
439	476
1	5238
14	4761
1	8571
1	4285
1	4285
1	9523
1	6190
1	4761
1	6666
1	2381
35	6666
1	1905
16	6666
36	6666
7	5238
14	7142
1	1428
122	1428
8	5714
1	5238
461	9999
1	5238
16	5238
28	6666
104	952
19	6666
1	6666
116	2381
5	7142
1	5238
1	3333
1	5238
1	9523
504	8571
1	6190
243	6190
1	7618
1	476
595	7142
155	6666
1	5238
196	5238
211	7142
1	6190
1	9523
1	5238
1	6666
137	6666
1	7618
1	4761
20	5714
1	1905
1	6190
14	952
312	6666
1	6190
1	3333
248	5238
1	6190
1	7618
1	476
1	6190
1	5238
1	952
1	6666
19	6190
80	7142
13	7618
75	6190
184	7618
484	5714
31	7142
1	952
202	9999
1	1428
63	4761
1	6666
1	7618
348	7618
539	3333
1	2857
1	6666
235	7618
280	7142
1	4761
1	4285
331	4761
1	6666
1	6666
1	3809
1	6666
27	5238
1	4761
5	5238
1	476
1	5238
1	7142
213	5238
1	6666
52	4761
20	7618
1	476
149	7618
4	6666
1	4761
10	5238
16	7142
1	5238
6	4761
172	476
1	1428
1	8571
1	952
1	7142
17	7618
409	1428
1	6666
94	2381
1	5714
1	6190
3	5714
1	4761
356	4761
68	7142
33	3809
28	952
439	4761
14	6190
62	6190
84	1428
1	7142
136	2381
1	7618
16	3333
33	6190
1	2857
1	5238
34	6190
8	6666
186	1428
1	7142
22	2381
1	4285
44	0
23	6666
1	0
1	0
1	5714
13	0
18	5714
1	0
1	6190
473	9999
77	6666
1	5714
1	6666
44	7618
43	6190
14	7142
1	5714
30	6190
7	5238
281	4761
17	6666
1	5238
120	7142
1	952
18	7618
1	6190
1	476
1	0
119	6190
281	9047
1	2857
1	6666
1	5714
1	5238
26	7142
1	4761
15	6666
70	6190
1	4761
25	476
1	1905
24	5238
1	6666
1	0
1	6190
1	6666
163	6666
20	6666
1	4761
1	9523
108	4761
1	6190
26	7618
1	6666
290	7618
1	6666
156	952
1	6666
1	476
22	6666
188	6666
42	6190
53	7618
106	7142
1	6190
10	6190
1	1905
1	6666
1	4761
1	6666
1	2857
1	952
2	0
233	7618
1	5714
269	2857
1	6190
40	5238
78	4761
34	7618
30	4761
77	4761
1	952
1	6190
14	5238
1	0
42	476
45	7618
93	476
1	4761
86	5238
56	7142
73	7142
1	4285
11	5238
68	2857
92	5238
3	1428
1	6190
1	476
251	2857
1	6666
25	4761
280	4285
287	5238
16	8094
7	6666
1	1905
336	4761
8	4761
1	476
1	476
269	6666
264	7142
77	6190
1	7618
1	8094
137	6190
10	7618
314	7618
40	7618
9	5714
1	5714
2	7142
1	3809
8	952
66	6666
43	6666
10	476
1	1428
21	6666
1	4761
16	4761
1	5238
152	6666
1	5238
26	4761
19	6666
1	7618
38	7142
1	7618
73	952
1	4761
23	6190
1	5238
14	2857
1	4285
13	6190
1	0
294	7142
1	7142
57	1428
1	6666
275	7618
57	4761
1	7618
81	6190
9	4761
1	4761
1	6666
36	6190
1	1905
1	6666
1	6666
1	6190
1	5714
58	5714
113	2381
33	7618
1	3809
1	8094
1	952
194	7142
71	6666
1	6666
1	6190
71	5714
520	9999
1	5238
1	952
1	0
19	6666
51	9047
1	5714
288	9523
25	9999
125	7618
2	5714
61	9047
1	4761
1	5714
1	6666
12	6666
1	3809
1	0
210	7618
1	952
1	6190
1	5238
85	6190
1	6666
88	5238
1	5238
5	4761
1	2857
1	6666
107	9523
1	4761
1	6666
120	4761
44	4285
79	8094
36	1428
1	7142
1	0
1	4761
118	4761
1	7618
1	4761
24	3809
1	6666
30	7142
81	4761
311	476
35	2857
18	8094
1	6190
51	5714
121	1905
55	6190
18	6190
1	0
1	1905
1	476
1	6190
11	8571
1	6666
20	476
8	7618
1	5714
1	0
1	6666
290	7142
1	7142
1	0
30	7142
1	5714
19	952
171	4761
126	4761
1	2381
1	5238
1	0
174	4761
313	8094
1	7618
220	6190
1	6666
21	9523
1	5714
144	7142
1	7142
19	4761
1	5238
1	0
67	9999
117	4761
24	6190
1	4761
1	6190
1	0
282	7618
1	6190
242	476
65	7618
15	5238
7	5714
1	7618
62	3333
152	7618
1	5238
344	7142
1	4285
1	1428
1	476
1	6666
79	476
20	1905
1	9999
1	7618
21	9999
1	0
1	5238
120	5238
1	4761
1	6190
2	7618
1	5238
1	4761
43	0
1	3809
1	5238
189	6666
1	6190
179	7142
1	5238
44	4761
1	4761
243	7142
10	3333
25	5714
110	6666
43	5238
18	6666
1	7618
455	3809
1	6190
6	4761
148	5238
1	476
322	476
1	9999
35	8094
1	6190
1	5238
1	7618
1	5714
31	476
16	5238
2	4761
1	1905
1	6190
1	476
1	6190
260	6190
1	952
1	0
264	476
24	5238
1	3809
1	6666
9	5238
142	7618
1	3333
311	9999
1	4761
1	5714
1	4285
92	4761
1	2857
78	4761
211	6666
1	6666
12	5714
42	7618
1	1428
1	4761
1	4761
1	5714
1	5714
194	5714
1	1428
318	2857
73	5714
17	6666
1	5238
1	4761
10	7142
198	3333
1	0
1	4761
223	7618
443	1428
1	6666
1	952
64	5714
1	6666
1	1905
79	1428
1	9047
1	0
1	5714
1	476
294	7142
75	4761
1	2857
10	6190
7	4761
21	4761
1	6190
30	476
47	6666
1	7618
41	7618
1	6666
2	5714
85	5714
1	3809
208	7618
155	3809
13	7618
1	5714
7	6666
1	5238
59	8094
218	6190
296	9999
1	3333
90	6666
7	6190
1	6190
193	5714
11	7618
1	0
1	6666
198	5714
48	6666
1	7618
50	9999
1	5714
1	2381
1	6666
1	6666
8	6190
1	3809
1	952
1	5714
74	7618
1	6190
1	6666
51	3333
201	7618
415	476
89	4761
1	3809
47	4761
1	5714
1	476
1	1905
1	6190
1	5238
1	5238
1	5714
1	952
94	5714
1	4761
1	6190
328	2381
1	476
1	3809
1	5714
1	6190
1	6666
391	9999
20	6666
1	6666
2	6666
119	6666
1	5238
1	6190
406	476
1	0
309	1905
1	6666
26	4761
1	5238
1	5714
1	5238
38	6666
1	6666
275	3809
108	5238
1	2857
1	2381
1	7618
23	1428
1	5238
19	6666
29	6666
1	4285
1	4761
32	476
