1260	4782
1240	5545
2339	5767
2174	2528
2611	2475
2068	7331
1536	9347
1205	3112
1895	7416
2321	8748
1614	5370
1642	7215
2071	8017
1314	4676
1811	4928
1671	4342
1864	4525
1486	4903
2142	6012
1718	3761
1589	6234
1321	4112
1767	8821
1792	6905
1690	4010
2241	8466
1945	6247
1766	5636
1899	7108
1705	5403
7213	6670
2146	3517
1546	3735
2601	8884
1331	8648
1187	8244
2127	6504
2173	7345
2680	3968
1753	2736
1414	6992
1275	2613
1805	2972
1769	5316
1627	5271
2137	7276
1439	7850
2266	5724
1619	5666
1161	5352
1369	4226
1574	3519
1499	0
2120	3695
1427	8589
1485	8225
1386	7834
1615	4727
1814	7247
1503	2964
2087	5420
1901	5304
2484	6554
1335	3278
2552	4210
1698	4418
1561	5248
2327	7601
890	7737
1929	7418
1467	4747
1778	6892
1699	5643
1442	5142
1926	6918
1474	5454
1878	3953
1621	4406
1292	3733
1599	7770
1579	5476
1256	4758
1012	8163
1302	3875
1923	4941
1677	8582
2294	2600
2382	8795
1452	7333
1066	3237
1936	5209
1739	4469
1874	8041
2243	6435
1167	3758
1713	5544
2273	7233
1964	2583
1193	3670
1818	7027
1972	4498
1372	3709
1551	3462
1569	4513
1754	8706
2686	6983
1441	7321
2634	8611
1540	2005
1305	3527
1908	5217
1695	3849
1128	3364
1603	7732
2508	6299
1172	3715
2352	5797
1272	4351
1567	3113
430	4172
1482	4626
1741	4488
1977	5341
1718	4972
1235	2478
2110	4121
2069	5606
1898	5644
1799	2744
1413	2303
1846	9483
1779	2008
1547	4668
2129	5274
1732	8427
1448	4175
1583	3058
1059	5535
1329	3045
1749	4410
2509	8090
1677	4710
2024	7847
1449	2820
1137	3021
1728	8456
1139	3452
765	3127
1011	5192
1640	6289
2146	4585
1605	3322
1474	2657
1676	3744
2064	7280
2213	5476
1448	8151
1023	4229
644	8136
951	5553
2026	7145
2108	7648
5503	7331
1219	8169
2051	9261
1038	4194
2039	8015
1193	4636
906	5425
1021	3675
940	3350
1131	2632
1648	7885
1770	8082
1629	7418
1845	6248
1574	4558
1435	4771
1015	3260
1150	3964
1524	4404
1367	7020
1562	4649
1098	1824
1254	3221
2663	4853
2305	4825
1754	8429
1961	7291
1683	9448
1716	7455
2690	7876
1883	6233
998	3859
2139	5875
1171	8073
2242	7726
1226	5355
850	3029
1940	7545
941	6052
1457	9404
1463	4571
1552	6390
2030	4295
1419	9700
1465	4779
1733	9451
1722	7668
1841	7339
1937	4993
1584	3531
1541	3533
1733	7658
1420	4022
2234	3282
1469	4475
1821	4944
2336	7041
1891	5120
947	4547
2742	4478
1949	7586
1234	4842
2303	6727
1120	3297
1411	3575
1695	4756
1655	4425
2436	1889
2380	9021
1840	8077
1541	6819
1223	4386
952	4844
1899	7244
1933	9252
1410	4117
2267	5668
2319	8892
2089	4485
1805	6860
2317	4128
663	2873
1936	8282
1958	8595
1306	4688
1226	3816
1745	7945
1621	4323
1838	5217
1046	8399
1146	5120
1204	3055
1577	8210
1937	7549
1921	5548
1785	2874
1668	7345
2057	5190
2241	2394
1778	4342
1998	3555
1489	4788
1675	7127
1852	6518
801	2480
918	5691
1358	3834
1622	3746
2077	7731
2290	8573
2156	7201
2167	5675
1054	6190
1661	7715
1987	7844
2137	8629
1285	4404
2173	2935
1679	4611
1068	4458
1815	7476
2125	660
2035	7319
1935	9182
1255	6123
891	5677
1663	5131
2012	7738
2369	9042
1662	6104
1926	8441
2156	8744
1647	7501
1184	7112
2829	5677
1713	8310
1770	3287
2557	6425
2122	5025
1462	2113
2175	8853
4567	6618
1598	7568
1773	5621
1251	4183
1421	3109
1585	3797
1787	5885
1167	3127
1590	4745
2185	7320
1998	7048
2564	2953
1564	6083
2530	2275
1303	6750
2342	6415
5590	3619
1914	3217
1768	7472
1260	5887
1358	3139
1068	4332
1997	5224
1875	5130
750	4080
1422	8617
2489	4525
1565	3953
2478	2778
1314	3532
2336	6806
1616	7783
2230	3214
1695	8485
2362	7742
890	4968
1455	8106
1718	5654
1619	6540
1165	5796
1953	4201
1659	3757
2034	8529
1876	2776
2017	6208
892	4534
1864	5398
1518	3842
1141	4776
1931	7476
1599	2725
1039	5048
2141	3723
1623	5815
1573	3393
1182	6160
1880	4941
2412	7911
1797	7322
2011	5831
1767	4283
1309	4926
1780	4293
1376	4392
1442	6006
990	3038
1850	4898
2657	3106
1353	2543
1878	5793
1586	3562
2121	5800
1907	4066
1879	8625
1359	3635
1261	8041
906	8407
1266	8218
2005	3852
1392	4356
856	5745
1300	4158
1450	7384
2471	6129
1481	7353
1196	4141
1215	5125
1826	7336
2244	7426
2053	3577
993	5063
1471	3953
1096	5210
1514	3170
1235	4378
2428	4206
702	4872
1566	6427
1582	4436
1750	7858
2004	8032
1794	7504
1644	6145
1934	7260
1318	6330
1673	3961
1394	2997
1617	2922
1444	4574
1581	5736
2275	4223
1497	2963
599	8436
2098	8233
790	2863
1927	6989
1950	5201
981	3783
1875	5361
1254	6024
1501	6929
1417	3754
1532	4606
577	4077
1182	2261
1793	8000
1867	4798
1595	3129
1320	4121
1901	8715
2042	6951
1539	3296
2639	7771
2200	2925
1395	5527
2015	6841
1533	3396
2012	7686
1482	4470
1718	8094
1826	4096
1876	3732
710	4728
1510	6844
1162	4054
2289	7959
1406	4404
1679	3947
1346	4022
2069	4961
2395	8781
1324	3641
1714	4856
1627	6571
1569	5432
1666	2124
2000	6801
1705	5131
2504	6709
1334	2356
1246	6870
1566	3663
1840	4670
1795	6857
1698	4250
1764	4635
1284	5211
1502	3427
1916	7949
2468	6441
2207	5323
2198	5688
1933	8728
1988	4958
1657	3742
1757	4624
1811	8383
1563	4890
1365	8585
1399	4350
1911	5436
1411	4790
1049	3617
2321	2687
1616	9050
1239	6074
1266	4871
1989	3846
1910	5312
1752	6305
940	3457
1372	9187
1388	3843
2686	2309
2440	5466
1329	3322
1752	7412
2193	5712
1775	8092
2231	4543
1357	5810
2212	5059
1633	5238
2409	8344
1511	4076
2057	7636
1476	6227
1981	6448
2016	6162
1382	4741
1615	4296
1556	4315
1938	4711
1909	9043
1271	4987
1655	3448
1697	5222
2691	7620
1498	5355
1306	2707
1701	7977
2632	7502
1940	8995
1148	5841
1533	2352
1373	2322
2055	4181
1874	8864
1228	3323
1759	7687
1755	8284
2711	2701
1225	5013
1273	7068
2108	7916
1511	3143
1535	7296
1163	4164
1535	1580
1116	7743
1063	5369
1427	2488
1448	7059
1958	8078
1690	6202
2185	3013
1602	5614
1539	6278
2036	4853
2265	3804
2039	4694
1413	5524
1884	7693
918	5866
1637	6719
2069	9557
1794	7491
1194	4213
1076	4805
1379	4291
1424	4298
2271	6456
1190	4005
1886	5066
1204	5109
2160	4643
1354	7864
1976	8979
1293	4898
2127	4601
1757	6078
1583	6041
1213	6831
1673	3624
1988	8855
925	4779
1877	8836
1182	3072
1933	7862
2178	4817
1624	4916
1707	7428
1740	2783
1942	7454
1051	4572
1210	8403
1580	4617
1639	6862
1444	6237
1644	5455
2628	6536
2338	8373
625	3379
2617	1862
1396	2782
1644	5382
2205	5569
1643	3581
1384	3903
1908	4433
2656	6034
992	8222
2113	5477
992	4597
1695	4752
1055	5895
1990	6238
1258	7688
1913	6978
2152	5893
2313	7204
1826	6351
2044	5145
1447	3876
1944	5636
1367	3943
1768	6222
1649	4033
1794	5466
905	4629
1751	5667
2194	2500
1747	6396
1998	4836
1250	6394
2077	7274
1253	6329
1537	5713
1736	8970
1485	3776
1595	4843
1786	8915
1684	4981
1703	3484
1606	7490
1645	2106
1473	5564
1068	5670
684	3034
1838	3321
1712	6258
1981	8393
1609	8399
2281	9031
1304	5447
2357	6655
2419	8619
1691	6515
1805	6455
2336	5391
2707	2714
1295	5990
2522	7848
3338	6038
1322	6085
1373	2191
2152	8252
1999	8027
1801	4681
1010	4985
1717	6569
1653	2980
1638	9093
1020	5117
1744	3839
1532	3407
2217	8010
1579	7807
2072	4135
1710	6949
2112	6857
1440	2495
1342	2200
1873	2512
1731	6888
1427	9080
2341	5823
2087	5808
1455	6191
1090	4185
1477	3738
1867	7990
1583	6415
2027	4641
5406	2510
1063	4223
1869	6872
1672	5565
1303	5197
1646	6735
2038	4760
1645	8104
2019	3474
1603	8481
769	6228
1108	4547
2342	7932
1298	3885
2143	7617
1262	5888
1332	6244
2184	3450
2627	5589
2466	3207
2050	6664
2332	6911
1133	5689
1031	4064
2998	7279
1771	6677
1708	3783
1260	5276
2048	4159
1304	5622
1314	4634
842	5451
2103	5783
1286	3673
1194	8501
2305	6705
1342	5306
2489	5497
2746	7872
1514	4457
1871	5999
2182	4754
2472	8226
1018	2867
1775	4204
1290	4900
2289	8425
1519	7896
1131	3490
1118	5226
2556	4926
1335	3662
1189	4945
1969	5878
1368	5626
1228	6915
2270	3101
1843	7760
1523	6617
1514	8296
1269	5814
869	3526
1229	4704
1483	4598
2207	8385
1674	4252
1422	5374
1645	5871
1956	5313
1718	7500
1008	4992
2260	3865
951	5032
1248	4406
901	3728
0	3381
1256	4330
1886	2581
1871	6279
1472	5069
1454	5120
1636	5136
1089	4145
1585	5137
1374	5138
2359	7324
1541	6126
1864	8236
2023	8376
1782	5354
1907	3459
1317	4062
2207	4664
2860	8111
2023	4567
2191	7122
1047	4683
2398	4820
1399	3523
1773	4366
1424	3247
1449	2713
1080	4662
2052	7603
1014	4598
1546	3077
1838	7032
2067	4000
1912	8018
2104	7174
1522	7625
1525	5382
2149	7600
1800	5143
1397	4724
918	4877
1761	5562
1968	5963
1692	5500
632	6516
1528	5332
945	2377
1686	6342
1972	7271
2162	5926
1360	3277
1746	3996
1098	5301
1534	7799
1468	8112
1713	7069
1670	7523
1096	7034
1830	6180
1074	3083
1640	6620
1902	4645
2174	7107
2230	3290
2086	4136
1096	7350
2214	7652
2479	7159
1766	6858
1629	2906
1678	3604
1723	4273
1572	5799
1871	6419
1862	3509
1410	3441
1625	4702
2224	7247
1135	5386
1273	9115
2106	8300
1351	5281
1916	6882
1566	5215
2391	4219
1624	2592
1937	6286
1057	1471
1969	5683
1508	5567
1935	4938
2281	7964
1451	4587
1664	7893
1269	4298
1709	5164
2350	7112
1740	6091
1299	3358
1605	5589
1710	3894
2056	5113
2348	8243
2127	4512
3215	7378
1757	4925
1390	5095
1565	2660
1086	3853
2007	7902
2291	6806
1568	3962
1752	3033
1922	2945
1023	3337
1718	4384
1788	7786
1931	7085
1228	5758
1347	6132
1889	5601
1871	4770
2055	4872
1831	4526
1784	8839
1086	4865
2114	7474
1390	3937
2036	5052
2580	2711
1883	4983
2152	5412
1662	7653
972	5142
1817	8505
2119	8047
1671	4865
1715	3994
1188	3929
2017	3129
1317	3713
535	5231
1592	7112
2129	6094
1722	6197
2095	3942
1805	5217
1498	7011
1827	8131
831	4389
1911	5705
1635	7050
1559	4732
1638	7867
2163	5807
1188	2361
2313	4176
1659	3263
1839	6233
1974	7604
1599	2732
1514	984
1308	4044
2131	9122
2099	6950
2285	3274
2049	6992
1756	5987
1530	6492
1512	5209
1612	9206
2279	6045
1746	5405
1433	2404
2294	6091
1981	5872
1835	7395
1903	9564
2019	4212
1271	3984
923	5129
1371	3545
1504	3141
1292	4631
1876	6534
1187	7469
1762	5710
2252	7286
1689	6372
2031	8503
1683	2695
3010	7861
1977	6533
2068	8444
1457	5526
2113	7442
1179	4997
1556	4907
1844	5634
1032	7642
1615	6911
1460	3988
1817	4190
1798	5032
1732	3122
1619	4650
2199	6778
1268	6759
2462	5446
1535	4060
2207	2866
2225	2626
823	4017
1616	3256
1126	4091
1445	4597
1991	2497
2571	7441
1146	3174
360	4821
2065	6642
988	4217
2498	5591
2363	6548
1303	4933
1701	4463
2121	7880
2294	7363
1452	6861
1995	9029
1878	5868
1781	3856
1587	4079
1842	5198
1720	6007
1229	4820
1765	9246
1850	8803
1331	4985
1458	3879
2200	4298
1259	4657
1552	4902
1846	4306
1046	4373
1552	1903
2458	2151
964	4410
1613	7529
2767	5091
2181	6733
1364	4926
2289	7175
1508	4026
1330	5700
1940	5195
1219	2860
2008	7533
1966	7481
1272	6013
1684	8964
1686	6851
1385	7612
2485	2766
2431	4342
1479	5482
1664	4400
1773	8440
1145	3700
1716	7467
1987	4129
1863	6678
2406	8082
1812	6306
1867	8402
1739	6936
1469	5589
767	5450
1740	4707
1260	3991
871	4086
1067	3419
953	5727
1495	5043
1549	6742
1001	5800
1198	8550
2119	5354
1639	3513
1915	5466
1406	2357
2453	6695
1139	4851
2418	3171
1077	5220
2061	5117
1946	8681
1568	7707
2104	7881
2050	7977
2355	8931
1359	6342
1424	8855
1816	4272
1444	4266
1661	7504
1515	2343
1186	6092
1108	5931
1496	8983
1531	4090
2186	5637
1540	6753
1001	3315
2468	4266
1567	3667
1676	4605
1541	8049
1734	6677
1508	3919
1807	9175
1413	5564
1444	3136
1910	8212
2287	7830
898	4685
1796	2570
1828	4938
2123	8471
2155	8747
1538	3859
2259	6011
1347	5662
1603	4891
1196	4859
1555	4611
1183	5761
720	5398
2082	8767
1569	3053
1862	6221
1730	8595
1571	6641
2747	5556
1470	4602
1774	7478
2357	5385
2143	6606
1960	6055
1396	5051
2017	3979
1675	7276
1695	3439
2448	6532
2206	7597
1877	7399
2523	6924
2453	6906
2190	4612
2037	4197
1687	5749
2030	8736
1419	4392
1390	5058
1649	6892
1905	2315
1712	8396
2359	3803
2238	5372
2159	8918
690	4696
1474	6203
1670	4904
2430	8831
1524	4390
1139	5534
2320	8124
1890	5767
2244	4524
2490	3110
1584	4978
2604	5517
995	5576
1517	5552
1076	3049
2374	3423
1240	5276
2227	9661
1111	4533
2127	3553
2010	8315
1925	8628
1124	4867
1950	7166
1794	2207
1297	8107
2521	7680
1230	4369
1930	4570
1805	8036
1713	4786
2083	6649
2867	5535
485	7144
1528	4230
2202	3270
1999	5892
1533	7015
1504	4559
1598	7575
1412	3393
2363	8952
1699	4434
2101	7109
1443	4511
1436	8513
2069	8564
1711	5178
840	3987
1547	6066
2010	2702
1816	5630
1496	5604
1882	3494
1308	5036
1572	2427
1819	6711
1456	6288
1740	6870
2170	7051
2149	7847
1539	5459
2146	4322
1324	5687
1454	6938
1344	5354
1599	4662
2249	4348
1627	5969
1570	7877
1667	8278
2441	4142
2086	5705
1526	7222
1320	4388
1849	7313
1505	5301
1573	8195
3019	2213
1708	5260
1365	6349
2059	6169
520	5198
2191	5830
1360	4345
1479	3989
1839	5223
1305	4157
2152	5464
1749	6549
1703	2730
1654	3196
1416	4899
2421	8378
1537	4396
1231	4276
2300	5286
1709	7807
2410	6185
1701	4309
1725	4326
1348	5785
1804	7477
1927	5944
1689	3617
1366	4380
1057	3671
2398	7444
2373	7686
1275	3768
1278	3482
1923	5851
944	2780
1778	3493
2478	7526
1594	3748
1939	6114
2123	6139
1154	5371
1078	7909
2079	4757
1600	4334
2443	8357
1482	3160
2076	6080
2045	6313
1564	5711
1782	5903
1656	4970
2017	3144
1918	3357
1974	8552
2189	8806
1130	7089
2064	6046
1453	5979
1809	5017
1764	5285
2017	6371
2067	6988
1771	4924
2207	6712
2655	6899
1631	5902
803	4861
1197	4809
1394	6662
1251	7650
1243	3825
1635	3139
1560	3046
1135	3417
1529	4987
1258	5722
1724	7885
1573	2532
1257	4230
2138	2593
1734	3830
1601	5295
1449	3789
1553	4428
1563	3642
1812	5979
2476	4548
1156	4777
1987	6495
1152	6300
1842	5934
1932	6360
1838	6572
1792	5246
2006	8213
1307	4246
2373	4449
1754	5155
2453	7306
2034	5531
1382	4728
1755	7082
1592	4843
1730	3670
1591	4454
1476	6324
1649	7131
2256	8588
1591	8298
1678	7073
327	3443
1854	3823
2267	7504
2200	7059
2022	4707
1637	6967
1790	6274
2049	4409
1815	5538
1725	6430
2335	1903
2259	4482
4615	5273
1317	7843
2416	4565
935	6399
1249	4035
2440	8602
1928	3484
2252	6957
1946	7396
1404	6311
2571	7389
1912	7050
1604	5662
3910	7374
1896	6212
2329	4347
1262	9464
2078	7526
1393	4098
1344	4502
1619	6275
1614	3650
1832	5352
2028	6721
1192	4712
1837	3557
1576	5451
1875	7206
1862	6250
2537	7817
1430	5094
1910	6399
1589	7828
1373	2630
1809	5925
1216	4696
1519	2919
1631	5458
1540	3708
1869	4060
2004	4652
2489	8823
1623	5061
1764	7399
2060	4101
1293	6105
957	3582
1012	4955
1399	2953
1693	4347
1861	8028
1906	7471
1475	7728
1970	4143
1783	2296
1321	4903
1741	5080
1245	4689
1311	6173
2340	9393
1472	4946
1511	3142
2019	4269
1719	4725
1818	8169
1890	8026
2254	7579
1641	4543
2398	7467
1562	6071
1456	7194
1038	4342
2918	3632
1790	5894
1720	6258
1940	3416
1565	2411
1342	8938
1871	5145
1939	7650
1709	3905
1987	4006
1336	3271
2495	6023
1341	5089
1453	6084
1107	5252
1585	5838
1810	7245
1788	3464
1779	4228
1458	4824
1186	3200
1720	5041
1774	4463
1710	6425
1891	1134
2677	7330
2233	6707
2298	4564
1819	7635
2445	5629
2051	7015
1639	4686
2475	6097
1885	7699
1916	7877
1421	5855
2152	2716
2127	7980
2140	3521
1524	6323
2200	8034
1215	4943
1539	3871
1820	5850
1507	7502
2026	8004
2153	8882
1352	5467
1616	3521
1136	6787
1675	7623
1836	6858
1781	4704
1390	7787
2206	8098
1797	3555
1891	8338
1307	2941
2102	4317
799	4869
1569	4019
1774	6158
2217	6590
1123	6115
2404	7872
1854	5886
2276	4468
2013	8834
2176	8132
1974	7709
1317	3252
2174	6757
1501	3796
1801	7306
1703	4892
1905	6178
2202	6299
1300	3903
2169	6367
1230	4133
1461	4160
1176	4578
1127	4070
829	3377
1414	1395
996	4962
901	4596
1843	7622
1497	3899
1133	4055
1853	4886
2311	4907
1189	6217
3496	5575
1616	4829
2297	5013
1715	7468
1852	6458
906	3426
1766	5160
1314	6487
2529	7136
1792	7519
1271	7290
1703	6734
1219	3872
1839	3981
1646	6078
2098	1548
1910	6309
1320	6507
1721	9831
1753	4910
1151	3992
1614	7452
1542	4573
2177	3196
1886	5555
2552	3680
1243	4436
768	3944
712	4342
1710	4248
3197	1969
1720	5389
1063	3630
1614	8223
1673	3924
1523	6880
1324	4713
1618	3555
1715	3068
1670	5008
2208	8102
1689	3516
1236	3946
1312	4090
1358	4699
2110	8400
1419	6070
880	4270
1631	7547
1729	7369
1975	6848
1335	4313
1210	3841
1604	6107
1881	3792
2252	9328
1073	3665
1685	4751
2463	6210
2253	8008
2296	6756
1962	9159
1460	5532
2147	6266
1454	2896
2253	7897
1392	5722
1720	7113
1394	3749
1171	4098
1401	6460
1870	7100
1855	5748
1295	3580
1368	3929
2121	7904
2379	7491
2073	5085
1451	5229
1898	2927
2276	5507
2084	6621
1951	5296
2471	3800
2014	7558
1320	5666
1819	3255
2061	689
1810	8853
1782	6068
2138	7841
1545	7797
1368	4671
1643	4896
1354	3049
1228	5431
1176	3929
1122	3150
749	2048
1843	7827
2121	5925
2159	7578
1442	3048
1465	4855
1659	7784
2358	8831
2011	5343
1754	7210
1853	7778
1442	9041
1753	7314
2158	8957
2394	8692
1751	4900
1672	3558
1086	4141
1421	4942
2273	5701
2690	6551
2025	5598
1748	4520
1610	3820
1828	1929
1839	8139
2146	4427
2187	5830
1949	7641
1304	3516
1709	4065
1286	5409
1884	3513
1311	3880
2215	9032
1680	4937
1806	2354
1444	6764
1727	9203
904	4230
1263	7383
2321	6604
1653	2808
1636	6604
2687	8099
2310	5103
931	4495
2088	7315
1465	2761
1858	5669
1244	4610
1588	8980
2124	5414
941	3780
1023	4748
1822	6427
1360	8049
1551	7238
2163	9480
1482	3261
2349	6279
2218	6936
1545	6449
1928	2862
824	1569
712	7533
2418	7548
2180	6610
2382	5951
2140	3766
1545	3770
1705	4092
1407	4817
1580	4554
1225	4961
1654	4831
1445	3093
997	5352
1674	3243
2448	3283
2166	8616
1770	5873
1965	5643
2494	7341
1436	5777
2004	4694
1836	7241
2051	5696
2040	3902
2419	6229
2031	6860
941	4386
1934	5412
619	7951
1314	4502
2214	5983
1367	3462
1199	4825
2106	3617
1716	4674
1547	2591
2322	7055
2313	5786
1315	5327
2339	7206
2652	7089
1985	8812
1541	5223
1727	9032
2302	7990
1493	1714
1688	8534
2324	4312
1861	1901
1461	5403
1729	7937
1843	5983
1067	4051
2334	4784
2153	6060
1723	8542
2175	5642
1574	6419
1391	3328
984	2882
1197	4411
1362	8222
2266	2675
1393	4641
2294	5267
1470	4757
1200	5765
1916	7021
2047	7305
1560	8682
1734	7513
2098	7280
1810	5422
2312	7438
1342	6932
2520	6346
2339	8948
2106	4700
1713	8104
2298	6542
1564	6750
1693	3167
1560	4464
1489	5909
1197	3993
1296	4273
1828	7514
1107	6075
1960	7946
1848	5958
1599	5749
1443	4393
1393	2803
2264	6126
1603	8031
1189	3330
1386	5737
1317	7152
1243	2406
2249	3556
1276	5020
1687	7572
1473	4544
1880	4577
1559	4240
1781	3833
1105	4414
1919	3352
1289	4400
1596	3548
2096	9055
1155	3470
2381	4089
1707	5904
1768	343
1759	7480
1598	6279
1449	7611
2668	6651
2063	6076
1643	9090
1312	5645
1662	5495
1905	4951
1341	5895
1581	3377
1124	5952
866	3954
2255	4782
1458	2536
1856	4761
1613	5621
2416	6091
1675	3089
2392	2864
1180	4437
1086	2769
1815	6954
1867	3703
1794	4633
1646	8856
2623	6299
1851	3311
1661	4947
569	3896
2119	6883
1702	4332
1764	6972
1070	5410
2579	6742
2052	6957
763	2602
1283	3165
1719	7891
1589	7179
2036	4025
1635	8994
2508	7039
1061	5545
1818	4291
1605	3994
2229	5970
1944	7311
1769	5812
1926	8637
1669	4636
1322	3492
1306	5732
1777	3663
1861	5729
1363	3710
1812	5280
1307	4365
1818	4531
985	5397
1483	6294
619	5317
1431	4313
1717	8425
2002	5855
1569	5690
1083	5624
2325	5598
1442	3984
1704	4616
1331	4536
1314	5041
1622	4713
1346	9323
654	6310
2397	8620
1444	3649
1751	4791
1327	5252
1735	3424
2214	6698
1581	4852
1851	8590
2136	3807
1432	5673
1338	4209
1319	3755
1980	1997
1615	7298
1486	3026
1927	4764
1769	6181
1554	4535
1451	6990
1284	3943
1621	3712
1820	3838
2163	7485
2283	8228
2598	6217
1393	6033
1641	5352
1849	6719
2289	8469
1746	8329
1008	5366
2425	6723
704	3486
2019	7575
1656	622
1827	5759
1261	5201
1453	5748
733	4094
2040	5232
2105	4399
1497	6848
1053	3353
1732	5450
1178	3019
1837	8056
1537	7056
1399	5145
2225	7753
1260	3318
2054	8490
1766	6319
2064	2059
1953	7681
2164	8781
2465	2759
1979	7915
1496	4683
1297	4480
1678	4175
1743	5343
2082	3927
2417	7147
2078	6041
2009	6683
2156	5596
2787	4352
1364	2681
2187	7030
1730	4122
1139	4777
1861	5787
2291	7360
1138	4252
1475	2087
1360	5312
1527	2306
1891	7036
1777	9083
1886	6820
2077	2986
1506	5203
1273	5705
1598	4990
1473	3956
2179	8972
1566	5283
1292	5182
1434	3627
1676	4975
1827	5082
1742	8973
1952	6432
1565	4423
1919	4401
1308	5177
1885	3736
1886	5298
1548	4152
1637	3305
1407	6796
1938	6997
2045	8939
1874	6846
1596	5088
1168	6174
1775	4080
2228	7684
1600	8288
1352	4026
1633	5694
915	4362
1315	3768
1480	9265
2300	4349
1333	3830
1398	5189
2273	7375
2171	8824
2296	6810
994	3265
1019	8049
1152	4747
1445	988
1686	5589
2010	8698
1048	6745
1380	7838
1758	7036
1079	4033
1993	8835
2230	6902
1709	4462
1485	4601
1707	7659
2220	8098
1918	4960
1216	2713
2072	3415
1043	3010
2018	7156
1638	3879
2357	4390
1378	8443
370	5427
697	7282
1676	7214
1868	5374
1851	5087
1363	4331
1905	4513
1357	3903
1412	7891
2015	8536
1340	1652
1299	4287
1873	6088
1090	4476
1532	3453
1812	8677
1964	3667
1351	3661
1376	4005
2148	6417
1019	4432
1570	8924
1270	3634
2142	3253
1465	2609
1867	5200
1815	3846
2281	6612
1400	3188
2236	5344
2032	6234
1863	5798
1786	7291
1230	5699
1768	9999
1223	4616
1255	2511
2044	4566
1217	8162
2336	6510
1502	3457
1165	3555
2005	6168
1896	4605
1644	4931
1695	7057
1304	5268
1789	6822
1667	4716
2108	7321
1681	5857
1274	2955
1820	3284
1885	6267
1658	2903
1458	6636
1689	5009
2377	5227
1886	5823
1216	3807
1499	2419
1135	3761
1812	5627
2280	8743
2180	6962
2166	6110
2549	5490
1833	3321
1501	3957
1686	6145
1299	7749
1776	9298
1543	7319
2113	5447
1446	3535
1384	5245
1859	4473
1825	6367
1741	3559
1153	4212
1982	6751
1827	4385
1348	4751
1040	7715
1720	7287
2222	6299
1632	8014
2109	5891
1808	4091
1294	4197
2108	7028
994	5539
2076	7730
1754	5337
726	5076
962	5664
2156	9084
2095	4985
1491	3516
1784	4751
1364	3845
1154	4558
1457	2411
2145	5468
1877	8588
2181	8145
1988	2951
779	5634
1509	6413
2525	6852
893	4057
1662	7617
944	4435
1157	4817
1688	2257
1664	2804
949	4574
987	3239
1981	3854
1206	3138
1913	6190
1648	4009
1549	4279
1476	6449
1932	6434
1834	4678
1301	4976
1361	5212
1492	5540
1588	4319
927	4535
1938	4751
1873	4500
1735	2971
1687	4169
1896	3002
2140	2588
2423	2646
2150	6949
1274	3746
1887	8131
2383	7123
1207	5650
1603	3746
1872	8259
2150	5815
1507	4607
901	3787
1250	6672
1176	2997
1411	5367
1484	7539
1375	3867
1221	3972
1523	4793
1934	9219
1654	5502
2007	7775
2175	7148
1503	4579
1728	6802
2040	5230
1075	5225
1521	4048
2757	1851
2048	3150
1319	3249
1244	3081
1324	4992
1014	4705
2215	8062
1483	8492
1718	5750
2248	9603
1344	6700
1237	3443
1364	4018
1643	6162
824	8872
1681	5304
1473	7429
1546	4452
2273	7073
1680	6780
2035	9102
1924	5125
1951	5985
1483	3320
1511	6406
1618	5208
1691	4492
2331	2806
1414	2052
1725	3273
1675	3158
2850	6995
1095	3014
1367	4521
1789	7712
1230	4694
2419	7247
1756	2094
1141	4757
2395	8196
1374	4462
2167	4973
1901	8391
1485	7578
1551	4575
1846	3326
2059	5016
1480	7219
1768	5756
2642	7642
1557	4376
1829	8343
1192	7359
1144	5513
1377	3866
1300	4077
1993	7230
1702	4383
1089	3665
1315	5738
1835	8181
1652	8077
2666	3410
1804	5430
1644	3802
1818	4781
1417	4778
897	4010
1279	4483
1106	4631
1514	3226
1922	5178
1386	7242
2043	5781
1620	4640
1414	5312
1852	4149
2322	4798
1281	3866
1284	3996
2961	6316
1632	3568
1294	3264
1431	6055
2005	6021
2444	8751
1444	4696
1859	5344
1923	6337
1359	4954
1978	4511
2744	2045
1259	5509
2128	6912
2209	7289
1004	5753
1921	5856
2162	7416
1320	4654
1604	4217
2293	8149
2661	3791
2099	6639
1142	2997
1436	3952
1948	8006
2042	4579
1659	3404
1409	4289
1507	3912
2034	7275
1621	7738
1548	2039
1185	5809
911	6938
2095	2657
1806	6615
1427	8587
1672	1687
2000	6451
1845	6074
1344	3618
1677	7956
1420	4446
1509	6545
1500	5280
2055	5797
2077	4996
1916	6941
1855	6916
1913	3879
1502	4533
2132	6263
2232	2803
1626	7509
1578	6208
1739	6159
1205	3086
2257	6797
1666	8419
858	5231
2264	2179
1360	6057
1121	5771
1596	4257
1483	1935
1131	1972
1764	6948
2157	4638
2723	8378
915	5429
2030	5522
1613	6234
1414	4589
1861	5827
2074	6400
1110	4454
1399	4003
2037	8140
1172	4375
670	4220
1689	3289
2271	2789
2323	4926
1580	5531
1771	4957
2076	7165
1468	4073
2039	4246
1475	3519
2021	6459
2042	6318
1305	3122
1985	4415
1967	6843
1424	2598
943	3836
2282	3055
1886	4393
1271	2857
1772	5069
1972	7849
1541	3845
1184	2787
2170	4279
1507	7061
2118	3245
1516	4030
1806	6888
1988	2889
2013	7705
1748	6976
1563	5162
1969	7057
1871	7410
1786	3147
1101	4420
1926	6150
1946	8632
1314	6407
1513	3048
1468	2741
1112	4282
1782	7684
877	816
1357	4789
1481	5000
1883	2602
2148	3974
2245	6633
1662	5821
1697	6220
1876	5802
1239	3349
1263	3415
1627	5149
1601	7441
2205	5412
1859	4614
1392	4249
1282	4991
1399	7798
1265	7297
1312	3510
2341	7543
1771	6084
1134	2670
2205	8067
2484	8193
1821	3300
1620	6174
1927	7813
1754	5329
1718	4487
1516	7384
1315	8749
1965	5691
1313	5929
2002	7060
1680	4780
1981	5561
2297	8566
2458	7009
1264	5617
1878	3244
2049	7818
2250	9038
1964	3845
1029	6228
1582	7245
1189	6253
1667	4692
1697	6173
1133	4843
1409	3237
2026	3791
2270	8525
2102	5347
2197	1979
2010	4764
1294	4330
1512	4402
2009	4693
1908	7948
1096	8154
1468	4369
1177	5852
1386	3849
2040	7145
1388	7688
2070	4328
1408	7477
1348	3327
1823	4617
1707	4712
1980	5319
1828	4954
1693	6533
1828	4810
2523	6290
948	2861
1966	8723
2385	8509
9999	4259
1519	5463
1885	5302
1139	4463
1266	3007
1400	5290
1227	4274
1958	7402
1998	5926
2122	2527
1976	6721
922	3351
1583	8086
1212	4731
1705	2363
1327	5783
1564	3227
1477	3802
1438	2686
1769	6039
1657	8768
2165	6908
1362	4456
2076	8596
1950	5899
1760	3843
1465	5182
1941	3026
1679	4771
1486	2781
1488	3509
1106	6389
1879	4796
2276	7741
1045	3830
1886	4486
1412	3796
1907	7059
2065	8826
2161	2970
1696	2822
1369	4990
2863	7842
2014	6807
1883	8327
2207	8541
1294	7580
1523	2595
2591	7745
1924	6958
1032	3805
1327	1953
1551	6953
1964	5147
2134	7553
1222	5353
1943	6281
2139	6880
2167	2462
1379	2833
2562	1833
1838	4017
986	4106
1252	7656
1203	5315
1728	4116
1125	3759
2527	7931
996	5945
2594	7566
1382	5920
1865	3901
2133	4786
1057	5728
1380	6375
1958	6617
2094	7471
1651	3145
2439	6823
1889	3562
1458	5367
1545	4682
1503	7346
1867	8472
2138	4488
2033	6436
1689	4103
2352	5138
2204	5913
2545	7837
1422	3502
1720	7245
2163	7069
1570	6031
2187	8891
1664	5573
804	5987
1756	4638
1538	4462
1576	4917
1372	2486
1217	5370
2515	3233
2111	6411
2163	9006
1365	4783
1473	5469
2204	8571
2345	5779
1277	7802
2235	8351
1347	4964
1066	2523
1701	7938
1749	8159
2308	7942
1661	7320
1517	8020
1963	6064
1976	6798
2550	8571
1870	4462
942	6512
1093	3096
1845	5007
1780	6678
1647	6862
1354	3638
1504	4475
1147	4745
1993	3014
2230	5870
1568	4453
1925	8141
1944	5504
1714	5094
1963	7348
1562	3972
2093	3918
848	5766
862	3316
2460	8550
1434	4784
2309	7557
1831	2493
1692	4767
1754	5228
1677	2979
2293	7470
2031	9264
1710	8009
1134	3999
1359	8207
1594	4444
2531	6344
1479	3423
868	3921
1929	7944
1388	2941
2655	3202
1377	3338
865	4464
1094	4486
1960	4476
1543	7684
1073	5530
1615	3668
1859	6418
2067	6279
2105	7798
2627	3821
1246	4552
2397	3976
1673	8593
1716	3782
1627	4617
1156	5304
1669	7403
1281	4504
2529	6568
1779	8203
1516	4347
1349	3804
1557	4986
1927	6657
1959	7637
1204	3682
2087	7963
1959	3774
1539	5426
1735	7721
1173	4223
2515	9392
1882	2756
2085	3404
1746	5264
1855	6197
1638	5022
792	2334
1141	6256
1525	7002
1881	8868
2403	5675
1406	3598
2097	5196
1846	3106
2200	8798
2573	3389
1901	4998
2210	7792
1892	6708
1071	3559
1563	7893
2542	4853
1360	5532
2199	6912
2212	7803
2363	4618
1615	7937
1638	4573
2458	6176
1798	6671
1763	3697
1277	5828
2421	3331
2106	9497
1964	7863
1800	4574
1114	5679
1836	2806
1028	4413
1036	2161
1168	4201
1489	6156
1988	4891
2093	9350
1554	3938
1807	4468
1531	3253
1773	6457
1704	2687
1063	4966
2118	7506
1418	7726
1517	7704
1733	3686
1686	8269
1836	3674
1279	4337
1624	9005
2481	7819
1553	5496
1411	4778
2023	8058
2018	3738
1528	5239
1386	2128
2097	7082
1776	7329
751	2360
2186	8289
2702	7155
1798	4337
1028	2820
1588	6227
1181	5124
2255	2937
1883	1955
2423	7533
2163	7151
1823	7549
1399	3269
1126	3363
2049	4180
1503	5639
1379	4716
1750	9207
1387	6031
1657	8501
955	5877
1575	3975
1567	3652
1422	9120
1683	3647
1435	3907
2642	5573
1805	3383
1111	4963
1417	2864
