120	69
169	83
121	115
223	83
331	106
208	125
133	74
136	53
128	114
139	109
137	117
149	99
153	93
138	65
173	100
128	58
91	103
120	88
107	113
121	103
130	119
109	99
84	112
191	105
127	87
285	85
143	52
121	99
190	104
374	100
157	74
128	66
114	95
172	65
126	49
134	106
137	101
120	119
193	101
107	126
133	113
222	54
120	105
161	35
120	80
129	101
180	107
140	95
257	91
145	110
149	83
132	90
120	78
127	107
160	103
124	117
122	101
106	111
181	141
163	82
250	87
120	68
287	68
219	112
125	92
192	101
115	95
158	84
131	74
173	91
135	75
263	81
220	77
172	84
151	114
215	99
120	58
123	48
277	64
139	89
151	89
114	92
297	68
142	103
118	53
141	66
133	93
104	87
170	90
144	61
127	123
120	120
282	131
426	16
244	98
163	69
120	119
144	103
141	125
165	87
232	87
143	111
246	51
120	105
154	83
155	98
178	110
235	91
128	58
232	37
140	118
153	53
157	33
156	95
156	89
123	105
125	89
212	61
149	66
185	101
131	92
199	119
200	122
185	90
120	66
126	109
148	89
145	81
123	92
84	109
277	117
140	103
158	61
120	95
126	73
166	111
205	80
117	75
145	65
128	123
163	114
328	63
106	83
168	75
120	89
154	95
188	120
120	89
247	93
137	65
384	111
324	89
116	84
146	70
128	79
138	84
297	110
150	55
184	109
223	100
119	36
127	113
85	134
153	31
148	55
138	61
120	106
290	116
94	112
146	73
137	91
217	112
124	87
132	57
153	73
120	82
127	81
120	81
231	107
214	96
136	89
152	87
140	69
139	77
171	126
137	115
268	78
159	106
120	125
146	113
188	62
383	84
125	99
255	116
120	122
124	114
139	119
219	77
116	85
196	75
151	95
140	108
196	122
140	98
169	115
200	145
169	95
181	77
169	68
117	110
398	112
178	76
159	69
170	84
136	46
124	49
196	110
154	118
179	85
215	96
125	109
127	109
149	102
120	111
127	95
143	61
157	89
135	86
138	110
155	64
188	97
222	83
106	34
143	75
134	115
205	44
216	110
205	85
120	126
268	121
209	27
316	97
147	48
137	70
120	91
129	73
118	61
195	111
192	92
183	97
131	101
132	74
209	119
509	107
166	85
33	118
121	91
134	133
157	119
143	118
147	77
204	90
255	94
140	73
120	66
128	94
258	102
85	99
162	98
127	72
138	86
311	104
166	114
155	94
237	114
160	111
406	96
168	102
159	103
173	138
120	89
227	88
135	145
116	128
235	107
155	104
149	105
120	92
149	104
154	112
107	88
144	109
187	81
163	72
177	85
156	91
120	81
135	98
167	117
141	44
178	107
120	94
120	77
191	125
243	102
136	67
164	112
120	146
107	82
120	63
169	1
163	76
120	107
156	100
135	112
156	95
144	92
169	90
127	39
126	84
130	81
210	85
120	95
116	112
252	78
133	119
265	78
180	101
133	88
142	50
162	110
120	119
121	100
151	123
105	121
1	51
150	87
208	108
141	94
120	124
198	102
120	100
125	18
116	90
164	48
254	75
281	124
181	129
189	76
124	34
350	91
171	107
204	98
155	89
192	80
147	125
193	117
202	41
168	110
122	83
136	47
317	88
177	97
172	120
126	94
156	46
148	95
187	70
158	38
162	70
121	42
105	111
221	32
181	81
226	128
228	11
165	89
120	112
162	112
182	92
188	102
164	106
171	113
121	83
125	73
126	118
129	32
235	97
279	78
145	70
104	88
169	33
197	114
114	41
165	62
160	73
277	86
167	120
228	78
171	104
166	90
136	86
146	116
114	102
137	110
159	61
167	95
123	77
195	79
238	94
273	33
248	53
214	75
266	59
133	94
164	131
354	93
341	82
239	84
146	99
227	103
127	119
207	92
161	88
179	68
142	117
123	70
214	77
102	13
136	100
138	99
281	116
120	92
183	66
124	96
120	106
317	113
177	76
116	117
148	128
172	98
123	98
214	95
124	110
155	115
114	69
195	50
105	64
120	92
280	111
113	89
120	49
140	105
137	39
60	97
120	109
179	34
133	64
147	118
120	48
190	42
133	64
214	87
120	92
126	118
207	80
163	77
231	113
136	113
148	106
252	106
210	112
188	125
140	66
147	72
103	93
160	109
113	40
124	62
342	115
137	49
233	90
125	126
258	86
276	79
224	124
140	105
125	96
247	109
475	79
126	48
162	21
131	51
179	116
153	84
171	101
115	108
103	112
95	100
151	24
309	86
174	55
178	34
119	139
120	78
200	116
174	102
195	116
140	112
130	91
195	61
126	53
162	44
123	60
128	143
164	68
109	65
136	60
156	91
146	48
127	96
81	114
231	137
120	119
120	91
245	64
121	113
189	87
127	137
121	74
140	57
180	72
122	116
153	128
137	78
167	72
102	119
228	116
130	79
122	99
216	106
140	58
182	73
142	86
118	112
196	133
216	73
120	130
158	147
184	111
162	48
128	162
307	52
118	110
151	34
182	129
124	97
145	132
206	75
120	113
140	56
136	82
264	90
130	117
222	105
129	47
164	105
171	86
133	39
313	108
121	94
245	59
224	104
144	113
122	113
261	61
133	89
136	62
270	96
112	108
153	94
198	114
189	77
143	101
148	80
130	75
192	91
127	87
178	56
120	68
