29	3119
35	2700
100	3137
33	3850
112	3283
45	2375
54	2403
55	2695
61	3691
203	3165
204	3446
178	3785
137	2998
191	3268
34	1743
26	5434
53	2274
176	2279
61	3184
62	1869
36	2803
50	3371
61	2190
26	2582
43	1363
63	5470
47	3409
50	2440
35	1610
46	2668
44	2197
33	4596
170	2515
46	4299
87	1404
41	3488
95	2735
94	635
54	2219
108	1768
92	1609
34	1574
33	3524
200	5038
47	4390
25	3426
44	643
44	2544
44	4429
184	3757
203	5655
22	1584
39	3429
40	2808
37	2057
58	2687
56	1144
204	4099
37	3752
26	2550
94	5502
25	3578
59	3115
185	2661
81	2966
37	6587
56	2070
28	1932
38	3719
33	2168
36	4154
114	1975
28	2622
43	7734
189	6113
185	3377
21	1797
21	3952
144	3867
32	1921
21	3644
113	2403
61	2974
43	3330
75	3329
33	874
42	1781
45	2904
47	1837
176	2343
114	5375
33	1626
36	3131
51	2863
35	2724
204	824
35	3600
121	3043
59	2869
40	3289
31	73
34	4102
168	1662
70	1985
41	1229
200	2144
50	2394
113	1764
49	2680
25	4559
37	2451
89	4306
69	2400
49	2257
134	3366
58	1860
45	3028
12	4094
127	3416
69	1881
19	2571
62	750
54	3669
22	1771
48	3287
27	3033
44	2203
44	2821
156	5457
28	2285
43	4577
40	3038
184	2577
46	3144
23	2710
201	2177
117	2368
29	3926
33	1506
187	4154
203	5920
39	3824
169	2655
38	1388
37	2443
29	3314
164	2494
36	2709
35	4705
21	2978
201	3748
174	3998
49	2796
51	5273
33	3671
30	6085
58	3007
32	3535
31	2477
62	4479
35	3167
40	2547
46	3903
43	2343
139	3824
27	2189
167	2150
30	3552
32	4449
29	1888
51	3592
41	3075
168	5401
57	4809
59	2505
203	3290
70	2262
43	1889
117	2798
18	3190
94	7407
40	2914
35	4714
28	2155
197	428
142	3536
41	2218
197	5781
25	2711
27	3646
31	3833
47	6972
59	5719
198	2100
21	1349
38	5617
51	1772
26	4326
144	4020
55	2005
69	3016
61	2360
39	2593
19	2032
34	4200
19	2623
38	2796
82	2311
37	3880
65	2211
172	1791
139	3200
66	4366
70	4341
26	4444
26	1743
40	2314
32	3785
112	2603
196	3085
39	2013
33	2420
203	2774
23	2081
30	6131
37	4337
127	2018
110	1925
47	3567
120	2069
40	1395
28	3444
39	2457
33	3063
25	2655
193	5254
29	3998
24	2630
171	4930
53	1635
196	3994
198	1919
197	4225
111	2647
34	4252
103	1009
46	4072
50	1826
48	2289
121	3214
57	2760
27	1661
201	2652
42	2666
49	2193
61	3158
55	3588
46	3245
30	1791
200	3022
204	2694
77	4122
58	2194
12	3556
39	2534
64	3053
202	1919
36	1739
32	3830
32	2420
33	2961
28	4618
159	4326
37	1063
50	1687
36	3312
54	3835
82	3422
203	2595
52	3436
32	3848
44	2505
45	1658
46	1072
65	2582
45	4024
56	2658
49	3408
28	3728
34	4236
70	1396
124	3336
50	4418
68	1432
67	3356
74	3714
37	2480
192	2505
49	1350
52	2707
87	2443
45	4932
24	2600
32	2388
68	2941
39	3993
63	3708
53	4946
51	2619
22	3479
47	4102
31	3154
81	2752
54	2780
26	2283
31	1863
101	3537
66	3046
203	3633
33	3207
198	3044
37	1307
18	2109
40	3326
29	4119
80	3341
41	2348
30	5332
29	1426
40	1955
60	3492
175	2290
28	2177
39	2052
157	2187
51	2748
81	236
26	1714
36	1347
87	1325
22	1946
92	3118
33	1878
25	2966
80	627
41	4084
33	2179
26	3579
28	3378
36	3729
32	2683
61	2937
152	4224
48	3722
45	3078
28	2489
28	2419
21	5718
68	2101
33	1948
153	2108
69	2000
42	3202
62	2374
54	2484
29	2337
56	4010
32	3781
22	3268
53	3129
32	3526
36	3208
35	3588
44	1835
181	3165
48	1837
32	1779
60	1907
110	2067
20	3036
37	3461
39	2995
28	4223
23	2758
58	2130
50	4364
53	3218
43	3673
47	1592
44	2507
68	3211
56	3146
41	2400
58	4119
55	2483
44	5938
46	3491
32	3273
106	3398
56	4644
51	5724
54	4933
33	2472
153	2135
145	2606
28	2221
60	4818
91	2293
43	3658
30	3826
32	2660
57	4029
34	4099
190	5231
60	6104
23	3919
71	5179
34	2646
46	3645
43	2128
29	2055
25	3429
203	3205
39	2392
173	4904
42	2902
203	2825
202	4408
56	2535
25	3177
190	2074
159	4943
49	2748
61	1455
34	2397
32	1284
42	2177
26	3538
26	2661
41	1912
22	3024
41	4669
35	5241
130	5085
19	3635
47	1937
80	3721
29	2429
53	3621
129	1627
84	2341
201	2722
167	2721
35	3212
30	2234
39	1859
22	3105
35	2305
41	2311
110	2309
31	5911
32	1892
45	2330
46	1986
204	3446
49	1899
44	2349
35	5128
103	3629
26	2300
202	1617
19	2958
124	2108
43	3561
81	2123
72	2770
83	4236
42	3914
40	3754
38	2966
39	3642
82	1179
197	1134
199	2800
44	2341
164	4712
197	2429
36	6173
38	3298
28	3101
202	3028
39	3235
195	2017
113	7000
28	2749
42	2097
109	2896
180	3605
45	3488
43	2664
52	1892
25	3124
34	5166
37	3600
99	1383
31	5238
143	2776
12	4117
14	3216
60	2920
172	1952
37	3835
35	1599
46	2247
44	2870
22	2221
142	3709
74	3149
22	2993
19	2299
41	1988
192	2804
174	3823
91	4086
27	2594
76	3739
44	2549
20	1815
69	3782
45	4680
56	4763
53	3066
61	4917
179	2174
39	2027
31	2752
43	2904
110	2381
14	3771
21	4449
34	4561
26	3174
203	2949
113	3325
199	2581
36	1197
27	1292
51	1988
175	3114
34	4106
61	5716
23	3192
28	3862
31	1854
34	5878
49	1982
28	1776
45	2169
118	3569
32	1926
111	2680
29	2097
32	2152
34	1963
52	2845
61	1707
46	1644
44	1673
152	3607
26	3622
34	2519
38	3051
192	3200
34	2533
204	1105
48	4354
149	4847
22	4218
26	2476
37	3662
28	2515
36	2613
93	3540
115	2860
201	6066
48	3549
36	2539
204	3197
195	1932
198	1222
31	2960
76	3623
35	2020
86	2581
62	2466
97	3658
57	1825
32	2158
36	3981
182	4273
20	3713
24	2036
19	3973
80	1667
199	2751
27	1864
69	3921
194	3089
34	3074
46	1884
46	2357
78	2581
75	3010
202	4322
49	3481
201	2950
28	3576
125	2763
203	6349
81	3772
115	1454
190	5648
41	4448
19	2248
178	2832
32	3671
177	2909
51	2154
35	3992
58	4798
37	2158
203	1912
47	998
32	4435
201	4865
35	3475
40	1272
18	2938
18	4153
204	1350
24	2575
145	2282
55	2088
53	2849
164	1585
78	2834
203	1314
19	1573
23	1675
202	2659
82	2153
198	4107
24	2814
39	2047
184	3285
20	4191
42	2167
36	1824
50	740
107	3255
20	1794
40	3226
31	5142
46	2399
33	1689
21	3253
43	2510
49	4095
39	1880
182	2946
20	5278
38	3600
109	1959
34	2565
27	2182
20	2886
40	3659
70	2182
21	4830
28	3813
29	1598
202	1820
183	2164
28	2758
21	2351
29	1739
129	2086
21	4782
50	3283
83	2815
69	2508
21	4623
67	1795
15	3133
111	3033
188	5395
40	839
18	1958
77	2403
43	3789
124	5245
31	2286
32	2342
39	6469
55	2614
156	2453
29	3432
176	2081
29	2541
204	6310
31	2122
198	1510
39	2681
38	3360
25	3357
178	2591
55	1984
50	3343
36	2817
28	2289
69	2956
122	3419
25	3999
20	5730
179	1915
97	5952
196	2635
35	1737
29	6675
44	4784
22	2445
26	2365
45	3623
48	3054
85	2867
127	3137
30	2195
50	3121
29	3332
30	2960
34	1656
42	3605
37	5159
29	3838
34	3141
182	4382
24	5190
45	2233
33	2623
47	5223
163	266
112	3307
22	7384
43	1845
33	3289
141	3311
40	4469
34	3289
73	2197
102	3365
31	7562
27	2259
142	5545
34	5389
30	4875
200	3061
134	2558
203	3340
72	2924
39	2722
109	3360
68	3813
50	6902
40	5335
53	2200
49	2716
114	2642
33	2472
67	3702
29	3102
159	3001
57	2877
32	1290
103	1740
64	3774
49	3575
32	3423
106	1933
16	3459
160	2622
38	2581
135	3306
62	2436
36	1164
28	1873
179	3718
50	3102
41	4628
34	3977
39	1465
66	4088
50	4106
40	3870
21	2937
37	1744
203	1937
180	5313
201	1183
38	3390
36	5370
57	1346
33	1845
106	999
20	3094
42	3988
130	3068
194	3567
33	3007
92	3633
32	2603
140	3353
46	3198
31	2533
130	3252
27	1706
74	3898
27	2479
52	2018
31	3251
47	2444
39	3674
26	4337
57	1614
60	2654
154	2956
41	4152
141	2300
36	2375
200	3766
200	3214
172	4239
107	3098
46	2835
37	1445
130	2189
130	2120
60	1943
19	1788
27	5330
102	3020
24	3836
36	2055
35	4701
140	2717
122	2692
50	4783
19	2762
29	3081
42	2281
91	1919
28	6265
162	3156
203	2240
40	1286
38	3559
37	649
29	217
88	3219
125	4748
65	4595
71	2584
34	1366
51	3470
145	6207
29	3975
49	3797
26	3158
22	6576
14	1722
44	2296
37	3287
197	2003
31	1904
36	3487
50	1977
43	3305
31	1954
35	3148
148	1898
62	4399
124	5045
62	3396
24	2811
33	1785
36	5213
153	2748
141	6800
63	4845
202	2202
126	3705
45	4324
69	2735
38	3308
74	5386
125	2289
77	3565
29	3850
90	2966
89	5069
48	1980
46	2315
175	3373
31	2309
19	1620
58	3632
53	4032
30	2952
56	3337
33	2388
130	2535
32	2180
38	3329
203	2180
20	2763
54	5051
42	2816
40	4568
126	2605
43	3084
35	2771
28	2956
56	1571
33	2412
103	1893
48	781
130	2576
41	2798
127	2503
27	2412
38	2536
38	2638
17	2831
40	3053
73	4531
57	2532
67	2013
29	4153
18	3481
51	5383
41	3326
133	2725
25	2932
26	3286
157	2687
17	6365
35	1829
28	2736
56	4823
68	5526
29	1050
41	3830
32	5618
162	4439
41	3326
33	3724
32	2113
190	2080
57	3406
37	2482
39	2470
30	3967
127	3388
195	6859
46	3639
89	4302
80	3540
39	4316
24	3889
68	1574
33	2895
66	1978
68	2321
76	2994
33	1268
39	2062
119	1528
189	1832
168	3183
32	2969
68	3630
114	3112
59	1011
74	1486
115	5734
40	1534
36	3375
167	2564
63	3611
198	2228
156	4577
35	1196
67	4527
82	2211
77	3982
200	2587
26	1567
38	3717
25	3803
30	2897
195	2536
100	3287
203	6150
42	4026
147	2786
39	2238
76	4907
51	3416
31	2587
51	2693
42	3620
115	2530
130	2749
49	2127
74	3295
47	3861
31	1026
191	5310
93	4019
15	2570
37	2540
67	1127
24	2316
40	3487
48	5819
76	372
104	4899
49	2283
40	2444
107	3759
35	2361
61	1561
23	4233
37	1810
39	2459
18	1821
27	4334
133	2975
34	1619
160	3199
56	2220
34	2615
50	322
53	4126
29	5072
45	3580
31	4927
34	2138
26	3733
51	2009
61	1462
69	2222
131	2798
63	5141
202	4238
40	1975
37	4142
103	3352
50	2970
73	4160
26	4445
36	2522
55	1993
46	1480
41	2452
38	3891
175	3510
43	1694
71	2700
15	3891
48	1778
23	2921
60	2883
50	4149
37	4450
35	3508
44	2464
41	4105
103	2133
34	2504
48	3924
45	3410
42	3153
34	2166
31	4535
199	2634
38	1854
119	1638
45	3420
41	1557
50	1131
193	3536
48	2336
127	3629
55	4690
23	2554
61	3680
42	4615
63	3609
103	4082
203	1461
177	4186
25	3070
34	2069
114	5202
107	949
30	2884
139	7572
184	1734
31	2406
35	2446
38	6921
202	2744
48	2092
40	2594
27	2607
32	4275
184	3004
39	2360
30	2424
125	2239
26	3683
35	4153
32	2103
124	3743
36	3483
34	3280
30	3364
69	3425
25	3278
62	4862
82	2787
57	2694
34	1912
64	5710
14	3707
105	3358
45	3299
57	3118
49	3430
34	1441
32	4320
22	3891
204	3666
72	3890
32	3184
35	3181
46	4711
51	4887
29	1700
52	2861
42	2758
34	4039
73	5088
14	2315
40	4229
44	2760
104	1662
26	2547
44	4246
167	3151
34	3635
35	5071
109	4087
202	2331
53	3315
54	3959
53	1872
21	1029
85	3214
35	3518
41	4352
191	2888
204	4672
31	3163
43	3185
123	4474
20	2424
66	3609
161	1134
37	2556
50	2255
30	5390
22	2001
113	2728
38	2551
20	2413
52	3339
26	3037
30	2722
31	3662
201	2308
27	3248
78	2567
52	3414
43	6265
23	510
123	3089
175	3213
39	1936
113	2781
53	2636
45	2399
39	4868
32	3407
27	3392
42	2036
177	2218
117	3765
61	5247
34	1222
63	2802
30	2723
47	3004
85	2063
33	4548
45	4428
155	4094
80	1492
41	1704
71	1410
28	3131
76	927
22	4817
26	1986
128	2931
51	3166
28	2417
184	3778
155	2440
34	6441
61	2888
134	2101
21	4418
27	2078
44	1801
61	5616
31	3020
25	2168
187	828
30	1678
50	2383
100	4125
41	4821
189	4528
29	2856
38	7261
53	1754
25	3282
36	4721
39	3263
27	2242
48	2144
31	3553
39	1789
194	2338
176	1503
53	2865
31	2456
44	2641
31	2690
78	3603
184	2986
38	2385
178	2976
24	5247
38	3713
47	1816
29	2320
173	2256
26	1195
32	1274
47	1271
37	3101
44	2532
24	2505
45	2936
192	2415
112	3442
90	4064
189	3740
47	2633
42	3746
85	6782
29	2240
175	1465
8	5454
39	4747
97	3860
33	4023
34	2872
25	1521
38	1580
42	3601
70	2409
33	3991
51	3138
37	2762
37	2969
47	1815
40	2123
46	2054
34	2371
183	5376
36	3009
37	2540
59	1567
36	3242
45	2913
149	2868
55	4472
25	3292
134	6047
60	2371
78	5677
129	3686
37	3085
59	2384
56	2707
36	3238
24	2064
20	4206
34	5093
26	2229
40	3066
18	2266
204	5208
129	2971
43	2078
30	2156
29	3010
36	4357
40	4413
57	4082
32	2583
38	2753
79	3473
78	2312
29	1339
28	3586
169	6717
56	1703
25	3410
47	4880
44	1673
44	2394
21	2204
56	4167
39	850
203	4107
43	3429
88	4318
131	3259
203	3968
46	2627
30	1889
29	2740
29	2709
65	1058
55	3502
94	3620
58	2055
126	1340
51	2818
56	4379
57	2535
65	4520
23	3163
134	1576
31	4322
41	3200
31	2415
203	1131
55	4644
30	5610
108	5946
33	2509
33	4357
204	1710
39	4082
128	5009
41	2392
32	2706
29	3387
38	4239
76	2476
71	2464
29	2183
26	3936
107	4174
27	2269
54	4189
29	2374
59	3291
70	1531
47	2309
168	2941
29	3747
32	1923
20	1707
37	3287
201	1895
15	3263
58	3257
50	2450
37	2218
18	2700
32	2513
39	2177
145	2429
39	1508
175	3226
39	2538
202	2898
24	1132
57	1880
39	4509
26	3937
44	3612
51	3905
183	2003
37	2165
34	2147
31	3124
48	5240
25	2188
202	2069
41	3378
57	1047
33	2408
41	3393
45	3093
37	4707
48	1383
30	1660
27	2398
33	2839
32	3619
39	1351
24	2473
53	1949
46	2343
41	1999
37	5755
111	3297
50	4398
36	2029
43	4260
20	5874
101	3625
54	3332
175	3110
56	6481
22	3030
42	4821
30	3374
44	3647
36	896
43	2026
58	2417
30	1737
43	1197
31	2511
45	2695
204	2987
22	2046
59	3347
109	3231
74	3446
85	1993
158	4155
40	5428
38	3583
195	2783
94	3451
40	2968
203	2946
108	3316
28	6124
30	2530
27	2915
136	2550
31	2678
36	3029
39	2870
32	1645
33	4634
36	2467
27	2947
21	3624
24	1936
40	5400
36	2550
55	4398
115	2100
42	2129
37	1408
41	4669
22	3100
39	2799
36	4683
31	1808
19	1342
38	2481
38	2693
203	3713
27	3365
112	2870
196	3054
36	948
45	3205
36	4664
126	1218
26	2880
38	3870
40	3853
50	2393
39	1915
29	9116
43	4204
71	2094
60	3472
45	1961
184	1596
39	1980
197	2465
122	3866
38	2806
41	3517
193	4142
183	2939
92	2705
159	3408
23	4008
91	4371
102	2031
28	2028
50	2173
51	3868
80	3180
46	1231
44	2125
174	1136
39	3265
117	1841
51	4303
39	2845
28	4369
39	3872
38	1344
41	3233
36	4800
35	2743
39	4390
55	3733
53	2394
30	3384
34	1940
46	3247
60	2436
37	2181
32	1641
143	3023
200	2861
41	2780
19	3697
150	4713
38	5115
41	3394
204	4173
40	516
35	3047
30	1084
34	1904
166	2972
43	2165
99	2401
114	1727
32	2929
147	1793
178	347
62	1886
31	3961
34	1273
68	4490
102	3223
23	1730
41	3423
24	2067
54	2726
45	2084
31	3898
154	6217
49	4358
34	1279
26	1846
33	3225
29	2956
41	1193
23	1440
67	5409
28	2458
54	2093
45	2717
204	4658
31	2097
57	4915
54	2534
63	3104
60	4819
132	4274
52	2556
54	3162
203	3095
39	2492
199	2265
42	4060
177	2285
144	3124
94	4766
54	5477
38	2732
29	4317
22	2699
37	2183
28	1585
25	4917
26	917
44	2384
84	2499
50	4096
41	5208
41	2654
51	1721
54	3308
33	4103
41	4284
188	3665
33	3461
107	2268
60	2970
54	2656
45	3837
141	3704
33	1732
67	2440
48	2874
40	3054
103	2775
32	3139
37	307
35	3937
36	2428
190	3669
171	8873
34	1308
34	5137
202	2509
35	3546
77	3066
107	2770
76	1497
191	2369
29	4466
44	2372
36	4836
26	2821
97	3963
23	3061
43	2233
47	2617
103	2293
17	6698
200	2868
149	3391
33	1634
50	7147
41	4004
87	2341
49	2443
36	3506
137	2489
165	2214
32	2692
130	1595
128	2690
60	2008
32	3344
36	2806
46	3035
15	4310
28	2962
51	3408
183	2870
37	4426
160	3208
85	4671
54	4249
203	1894
22	2038
42	3687
84	2400
66	2094
40	3038
51	2883
29	3814
23	2711
53	2426
72	1956
35	3310
80	2951
47	3264
21	2963
137	3234
29	2889
25	2911
31	2780
37	4241
42	2781
39	2629
30	5542
31	1582
82	2433
149	3853
26	2876
26	1881
39	2299
35	2742
47	2326
193	3359
188	3212
36	3840
59	2257
27	4664
202	2302
51	6241
192	1670
29	2450
31	2843
45	2032
45	3227
177	2114
55	2155
62	2432
74	2392
51	2813
56	1538
24	2656
37	3741
35	5312
36	2383
86	2849
36	2319
26	2166
86	3108
30	1735
20	1522
46	4484
25	2985
29	2326
198	2609
72	2145
30	2013
46	3855
98	3417
55	3742
83	2507
55	3341
147	4436
20	3214
86	865
46	2095
199	2139
61	5513
103	3408
203	1906
15	3159
69	4024
40	2535
34	1407
48	2342
122	4540
16	5920
43	3240
61	1538
35	2984
41	3223
24	2023
84	3150
50	1983
54	2360
100	4877
26	2965
52	2281
204	3015
26	1599
188	4092
41	726
26	2317
94	3047
166	3257
35	3802
80	1922
22	2842
56	2528
67	5540
50	2987
21	3598
31	3569
36	1050
56	3120
52	6421
190	2677
22	3060
95	1801
46	2858
43	1510
184	2582
18	4617
61	3731
33	1413
203	3990
36	2221
45	4665
33	1514
111	4333
55	2497
19	3229
37	3130
111	4439
32	2663
27	3688
141	5387
33	3375
54	4558
204	2104
102	4004
192	1290
36	1523
192	3441
68	3241
115	2581
63	2692
66	3426
46	2817
43	4169
61	2011
37	3796
36	2894
32	2987
38	9999
29	1763
47	5698
37	2122
55	2605
32	3155
47	4826
36	3743
27	3242
52	3689
21	3902
29	2380
189	2098
104	1208
41	2705
34	3379
24	1159
57	298
204	3240
49	3490
57	2691
28	3317
39	2941
41	4092
44	2618
31	2930
38	3141
116	2785
196	2711
58	4028
79	5365
55	2505
15	1829
39	1501
45	2690
104	2753
168	2075
24	2031
137	2813
50	2785
60	2159
30	2657
201	2578
62	6792
49	7098
41	1665
30	1700
19	4735
33	1659
43	1767
167	2864
44	1638
151	2872
49	4491
40	2639
26	3593
75	3408
41	3766
171	3823
114	4444
56	4085
28	585
31	1344
67	2840
204	1875
42	3200
49	1639
159	1782
159	3173
57	2320
104	2304
39	3539
26	1643
34	2755
67	4343
57	1270
35	3669
35	1194
61	3120
22	2521
41	5720
33	3742
151	2392
28	4244
190	3534
103	1671
33	2772
140	3151
68	3698
47	3259
47	2731
63	7620
204	2230
133	3403
22	2879
45	2297
33	3629
36	984
200	3959
51	1695
30	2333
46	3727
79	2085
52	2701
197	3606
32	6653
165	2759
67	3057
4	3735
37	2183
151	3653
84	3507
18	3655
36	1115
41	2781
133	2819
60	2865
198	2853
34	3077
39	2840
165	2693
31	2849
46	3955
63	1917
34	4487
53	5864
24	2935
203	6442
30	3119
203	4098
161	1247
43	1975
50	688
193	4375
62	1544
48	1474
39	1428
24	3830
63	2610
36	1848
32	4011
33	1102
34	2213
40	3999
190	2796
41	2224
39	2601
33	3021
160	5044
61	5025
33	2725
28	2889
49	3402
145	3908
25	626
201	2872
33	1491
204	1347
186	4355
77	1924
37	2058
45	3920
37	1713
47	3492
51	2397
92	3207
201	4239
28	4197
66	2635
54	2978
50	3578
52	6185
29	3691
200	2709
28	3133
19	1903
48	1576
32	2342
46	2467
80	2499
39	6619
63	3927
33	2500
181	3811
35	1720
199	3779
53	4265
204	3652
162	3754
66	5094
100	4418
48	2768
45	2054
49	2445
28	5551
49	2503
53	1545
32	5316
39	5092
183	5489
147	1304
46	1464
204	3121
92	2475
31	4025
40	2753
56	2205
63	2498
202	3584
115	2066
28	3490
32	2899
204	1968
185	3009
111	1507
33	1417
45	2967
13	3286
45	4145
38	3173
40	1852
77	2994
126	3572
71	2730
45	2400
36	2234
26	3097
38	2519
42	4254
203	2775
44	4343
52	3100
77	2412
25	1584
34	2623
61	5114
53	1110
146	3092
76	5217
61	2107
203	1950
33	6152
60	3396
130	4788
31	3290
145	1510
39	4913
36	4951
163	3645
39	3741
33	4667
87	4350
8	1680
51	4135
9	4794
38	2279
53	1851
60	3572
23	3655
25	3508
63	2279
34	3293
58	2610
46	2982
125	2343
51	2954
25	1468
105	2532
49	1111
61	4169
41	2616
63	926
38	4108
34	1015
70	1844
195	6370
44	2521
73	3189
50	2512
204	2511
17	3631
86	4218
198	2238
34	5365
92	2266
37	3755
54	2095
178	3375
43	1709
37	1928
32	2251
94	5871
44	4149
14	3439
23	770
72	1368
38	3018
44	1825
201	2448
37	4106
43	2561
29	4054
64	4054
68	4615
32	3573
37	2721
33	3126
45	1975
31	1683
59	2008
189	2454
26	4145
146	4759
59	3301
60	3716
26	1603
43	2981
154	1296
72	2118
24	2506
161	1918
202	2298
91	4747
93	3591
177	2538
204	4369
33	1062
46	2459
48	4708
63	2952
55	2677
39	3355
69	1863
42	4334
203	933
28	3431
66	3556
112	2058
21	4160
40	3407
188	5049
50	1409
62	4111
203	2690
26	3092
23	4096
102	2812
41	4053
44	3058
32	2522
81	3412
50	2045
40	2337
39	2168
111	2634
38	1129
31	3208
41	2749
40	2382
29	2401
21	2400
195	940
42	1493
59	4225
173	2744
28	6150
19	6724
30	2917
53	2832
45	4147
38	2304
49	3441
114	2975
36	2405
61	3369
42	3228
120	2306
38	1604
185	3551
39	2524
52	5653
21	2271
38	3760
36	1063
38	4885
202	3644
36	3244
46	2468
61	4308
38	4358
33	2927
62	5266
120	4700
29	1439
43	6189
180	2483
15	3080
39	6179
42	2602
32	2572
203	3977
202	2661
85	3713
74	3552
158	3228
48	4153
31	3475
53	2031
56	4621
33	4558
45	4406
20	4780
77	2617
195	2211
104	4300
37	2222
20	3023
74	6349
44	3143
75	4092
50	2920
14	3995
21	2554
22	2671
40	3132
46	2960
29	2430
41	2812
166	4203
96	3074
172	4188
162	2252
49	3811
25	4276
146	4453
53	2548
203	2960
41	1793
95	3155
177	2958
31	3265
57	3765
43	1898
191	1576
121	3838
50	2549
104	3468
25	3346
47	3323
34	5123
24	4205
33	4261
34	4205
56	1428
147	4973
133	2357
32	3034
30	3108
194	3390
94	3014
5	4102
43	3925
39	5598
90	3424
55	2887
54	3248
168	3903
56	4025
179	4048
41	2551
80	3799
155	1460
35	5111
35	1978
114	1980
32	4874
40	1902
25	3877
39	4250
25	4236
204	3197
79	4751
19	1724
33	3337
44	3465
24	3951
29	1677
96	3736
186	2097
204	3023
44	1459
33	2374
204	2140
46	4202
32	3676
33	2432
63	5549
168	4886
39	1902
31	3438
15	2421
76	4030
48	2881
75	3308
26	3672
41	5313
17	5874
52	1964
203	2896
40	2759
36	3128
16	2523
40	2945
191	4020
181	4030
34	3911
16	4709
204	2422
27	4155
24	2293
23	3031
36	3322
42	838
40	5498
38	2811
72	2952
29	2466
158	2521
38	2496
35	4382
142	2625
24	1474
34	2183
40	5629
32	3240
30	3916
33	4696
33	1735
41	3618
61	4108
38	2745
29	2161
172	2524
37	1163
44	1039
43	2565
46	2287
190	3267
46	4969
20	3801
78	2085
69	3847
204	4285
131	5614
46	4328
95	2318
36	3778
202	3446
202	2810
35	2862
23	1555
16	2851
27	2202
91	2810
188	2122
155	6878
201	1762
69	3057
24	3465
26	4697
200	1431
167	2107
52	5962
34	4920
30	708
58	1814
59	3332
25	2689
149	3077
120	2865
24	2424
36	2696
204	2516
56	3919
23	2552
187	5095
28	2000
58	2307
47	1871
32	2172
48	5433
37	4458
19	2134
28	3613
101	2899
35	4084
198	2746
114	1728
40	2971
31	1666
65	5784
86	3068
40	3415
36	2293
37	3207
37	3525
18	4003
194	2238
202	4169
149	2634
86	3735
52	4483
130	2249
46	2900
81	4352
43	5962
38	2748
118	2764
50	2380
31	3305
47	4229
21	3975
26	3321
72	2358
204	3245
187	4033
203	5705
32	3361
39	3918
173	2760
45	1944
45	2202
51	4611
34	2021
57	3536
33	2918
32	3722
196	4669
37	3178
63	4491
30	3284
28	691
34	1209
34	3299
72	1782
148	3763
23	3715
203	3036
25	2547
36	5548
42	2926
33	4149
21	3360
61	2664
38	1920
25	4072
37	2319
198	3071
41	2941
54	3964
36	5475
27	2616
158	2527
80	5883
37	3886
24	7013
35	4137
192	3112
40	2865
26	3029
27	3280
43	4029
31	3930
49	2089
27	5117
42	3767
55	4412
154	1390
43	2625
17	3189
42	843
51	2435
202	0
36	2409
36	2105
37	5458
56	1793
22	3676
175	940
94	775
35	2900
63	3837
30	2933
172	2730
22	774
41	1799
202	2279
40	1940
29	1627
145	2414
183	4184
32	910
37	3282
38	2523
48	2194
25	3253
44	2014
96	2541
59	1574
48	3324
27	2173
87	2078
35	2395
37	2382
47	3648
25	2436
204	4457
37	2364
49	4415
31	2799
86	1898
53	2879
29	2862
74	3478
14	2532
31	4516
19	2922
204	1912
40	2661
190	3996
37	2963
33	2660
194	2393
39	2622
48	3036
50	3266
71	3589
45	4727
201	4936
127	2477
57	2828
43	2821
43	4762
25	3653
80	2439
166	2119
30	3099
196	1956
203	1271
35	2614
28	3438
46	3247
29	6100
21	3750
59	2925
28	3103
29	2452
79	4504
186	3336
109	2383
42	679
46	1379
40	3293
198	2079
50	1691
195	2977
52	2148
39	4630
48	2497
52	2048
39	1936
84	2381
36	1565
64	2389
38	4060
30	2753
104	2198
55	3671
45	4456
145	1884
38	2347
203	3235
37	2684
98	6035
43	2469
17	2463
123	2913
122	5105
19	3467
38	2174
156	2933
55	2298
54	1260
68	3597
102	2141
20	1913
29	3473
40	2298
51	2152
91	6586
39	1815
24	2207
36	4209
57	1405
204	2685
25	5262
50	1369
25	2470
31	4449
61	1473
37	3160
115	4164
60	4039
20	910
18	3079
49	3231
35	3058
96	5328
29	3602
33	2833
61	3398
48	2835
37	2172
111	3364
50	3718
47	4427
33	2108
44	3820
35	2218
26	8131
51	3143
52	1772
15	5147
39	3335
29	4967
31	2941
53	3230
37	3107
32	3893
44	2680
13	2446
36	2466
19	2110
36	2524
56	1656
194	1707
105	3136
203	3727
203	5285
39	5324
45	3683
74	2973
94	2199
43	3034
38	4625
28	793
164	2476
64	3042
28	2607
150	2124
46	4334
57	3991
46	2944
28	3329
28	2420
22	2515
49	3695
47	2916
183	3000
101	985
41	2695
203	2897
28	4809
31	4401
127	2978
72	1826
50	2238
57	7878
64	5756
27	2242
12	2389
72	2974
28	3520
27	2199
151	2438
200	3418
42	2356
51	4159
23	1029
24	2813
38	2206
30	3931
29	3773
103	2760
34	1468
25	3973
81	4231
44	3760
22	1822
101	4603
53	2816
77	6609
41	2462
27	1767
35	3298
43	2883
36	2999
22	3391
51	3840
40	2513
73	2539
26	3194
43	3058
156	1817
40	1415
31	5027
42	2176
54	2876
50	2060
43	4380
193	1640
26	2377
202	2212
33	1944
70	5393
68	4123
24	2775
45	1832
76	3738
34	3006
58	4660
23	3776
104	2984
59	2688
199	1264
204	2105
36	1758
24	3030
100	3725
175	3088
33	2398
82	4081
184	4340
39	2064
92	2267
134	3756
57	3879
26	5684
21	3454
152	3292
42	5869
31	4456
84	3209
45	2814
81	2396
105	2506
106	1644
48	2956
45	4742
29	3675
28	2660
26	5748
82	3119
181	3795
28	2153
57	2652
39	4300
31	2001
49	1588
32	5031
36	3090
32	3624
21	3827
33	2237
129	1905
98	2524
44	3305
49	2649
117	4175
40	2023
114	3479
58	2279
45	5972
33	983
26	4968
30	2345
137	4313
33	2357
35	3159
25	3226
146	2354
27	2943
34	2821
32	2179
144	2395
91	6081
35	1934
197	3569
26	1861
112	4319
137	4005
40	3954
20	3743
74	4329
90	5101
37	4322
35	3572
21	3652
19	3878
188	3192
172	2467
24	2916
50	2407
75	2928
201	2815
26	3328
132	2757
40	1814
81	1741
58	1998
35	2732
40	1375
38	3410
42	2139
119	2116
28	2474
31	2176
31	3832
30	4313
53	2370
19	6822
40	2443
36	3136
31	3413
27	1876
34	4370
26	3838
32	2476
33	4446
34	3591
146	4968
134	2212
58	2034
41	5976
203	4730
27	4155
143	2380
37	1673
39	7490
201	1859
50	1513
44	1452
42	2155
45	4768
203	3241
33	1943
191	3289
32	3104
29	2199
53	1332
173	3028
64	1227
46	4751
53	1238
20	5578
149	2337
35	3713
75	2777
61	1436
36	3903
42	2848
26	4946
27	2706
65	4565
15	3203
26	1680
40	2566
30	2528
22	2755
35	4730
31	4648
46	2214
53	3421
38	3343
88	3273
15	2715
23	3690
165	2384
65	4931
132	5837
57	1966
49	3797
167	2345
44	982
33	4624
55	3819
26	4419
40	2413
27	3267
58	2595
42	4310
82	2756
171	2417
39	3623
96	6151
186	2556
53	3213
31	4903
24	3815
81	2561
28	2809
22	1955
42	2668
45	2692
85	1639
27	2749
204	2117
15	3541
116	3547
190	4960
37	4974
29	2807
39	2273
172	2861
53	3934
34	2949
37	2150
46	3515
191	2586
28	5627
16	4748
204	2002
34	4405
52	2776
37	3423
35	3079
188	1448
30	2839
104	4938
30	1313
192	4956
30	1995
44	2256
43	2986
53	4799
39	3475
33	328
124	4759
52	2377
23	3483
42	2361
203	3325
50	2770
77	3033
22	4713
32	4184
164	3091
80	5971
97	3536
46	4582
171	2075
27	4462
38	3055
157	1182
168	4159
47	2667
65	2020
50	3084
46	2752
137	2734
42	3114
14	4139
79	3824
33	1912
32	1295
19	1833
34	1147
62	3112
49	2005
31	2746
176	5471
44	2213
150	2772
54	2828
48	2648
81	3689
192	2061
36	2813
49	2743
21	3595
62	2919
25	5308
91	1961
87	2844
46	2747
52	3125
44	2331
80	2197
42	4115
201	3074
39	2298
46	3775
30	5349
36	2494
192	2251
27	4862
155	1250
37	3539
48	2843
32	5620
128	4688
53	2697
18	2126
50	3603
29	3304
67	1144
26	2146
194	2814
44	1227
31	5076
24	2315
53	4033
36	4910
40	3225
43	7273
37	1867
99	1911
33	1552
92	2248
196	3476
49	5105
37	3918
37	4951
30	2346
47	3473
30	2760
36	1444
39	1694
36	2532
57	3101
45	3555
124	3090
37	3842
77	4728
136	4966
34	2545
28	6630
103	4468
107	2333
150	2986
67	3690
31	1830
203	3311
184	5980
54	3296
17	4660
58	3413
80	1441
39	856
192	2830
19	2503
32	2642
114	3964
33	5785
23	2496
41	2185
22	2327
55	5249
80	3811
26	3443
51	2422
28	3903
45	2993
41	2489
45	2330
156	3500
18	4820
87	3934
18	2538
84	2326
22	2027
110	5242
45	3752
55	2814
39	1345
25	2030
47	3657
30	3581
39	3418
50	3095
36	2830
45	3156
40	1080
47	4790
33	3347
53	3758
156	5824
97	2899
24	2104
41	5849
105	3816
24	4020
127	1614
22	4339
25	2750
42	3088
150	2779
153	2343
49	2737
30	5532
202	3221
30	4080
199	4489
36	2936
186	4464
55	2574
134	3628
17	5134
33	4831
127	5073
33	2738
109	1492
26	5632
156	2499
66	2155
70	2462
100	3189
179	2464
14	2214
49	3081
48	3172
65	2533
45	2090
44	1687
50	2097
193	1758
41	3752
60	4196
19	4745
27	4555
119	4302
85	2202
96	1828
58	3204
46	3514
28	1868
55	2277
33	3570
46	3975
20	2661
80	2373
64	2159
31	2910
203	5462
197	2345
38	1635
104	2340
122	3591
20	2892
66	2779
204	2772
153	2289
74	2056
32	2999
50	2774
99	5404
30	2810
50	2706
63	3437
76	3269
30	2656
56	2236
39	1313
34	2104
39	4221
27	1646
43	2220
35	4619
29	1260
31	2924
50	1880
87	5520
104	4691
29	2836
135	2772
41	2320
40	6740
37	1528
53	3971
28	2126
24	2565
186	2039
33	3543
61	2403
32	2402
34	2409
54	4968
34	3360
48	2644
45	2095
28	2555
201	2954
203	412
41	3312
40	1851
94	4637
33	2753
15	1878
31	2634
32	2267
25	2289
31	2935
43	2496
132	3027
38	1361
29	2582
41	2856
199	3190
81	2258
60	2827
204	3003
152	4643
24	2412
29	2614
38	4791
124	1497
38	3316
121	4575
164	5469
204	2267
34	2381
56	2142
203	3532
40	1703
35	6978
35	2081
34	3961
26	4295
38	2162
45	1617
34	4101
17	2545
41	4862
85	2277
38	5092
185	1991
29	3403
56	4483
202	3735
68	4145
200	1137
61	1793
19	1938
21	3182
32	3489
22	2520
76	3350
196	3658
134	2284
24	4645
32	2767
23	2652
54	811
26	3041
138	3485
30	1358
203	3568
28	4333
36	2401
105	2836
49	5041
54	5008
30	2712
45	3722
50	4481
197	1639
43	4394
203	7004
76	4015
30	2542
37	3320
43	2497
126	3705
170	2766
76	3929
67	3250
40	1746
65	6049
27	3312
203	4055
26	3605
44	4135
46	3212
39	3958
96	3363
56	1374
35	2414
58	8483
137	2309
173	3356
106	4793
70	2567
15	2752
159	2859
26	3452
43	1960
51	4276
38	3127
78	2301
69	2710
50	4778
145	2515
33	2358
37	3149
164	4841
34	3191
204	3878
91	3162
192	4449
186	2371
105	2272
198	4918
204	1286
48	2139
60	1521
53	2297
22	1789
29	2038
46	3669
46	4406
32	1705
90	2173
200	2809
19	3716
153	2048
120	4662
40	2058
49	5355
38	3687
94	4735
34	2225
80	4545
85	2304
181	3314
57	3461
32	6737
190	2625
42	2308
59	2526
27	2435
32	3216
121	3755
26	5093
49	2561
28	3795
53	1945
85	4133
70	2651
28	4257
32	1935
50	3245
40	3404
25	4294
48	2731
29	1490
113	2476
87	2881
204	5648
49	3314
74	4411
50	2864
27	1894
178	2607
75	3160
191	2617
37	3669
54	1616
55	2711
26	2009
34	2086
38	2683
198	1613
126	2011
195	1658
34	2671
46	2325
27	5111
25	3329
68	3931
162	2814
67	1982
28	5036
37	3490
203	2362
203	3160
107	2139
180	4528
33	1702
108	2524
45	3188
73	2476
68	2818
46	3403
65	5596
63	2591
24	3962
68	3987
192	1859
33	4848
49	1772
44	3961
47	1873
50	1595
201	4748
27	2639
36	3842
36	2442
13	3202
31	2461
194	2336
46	3616
50	6930
51	5117
106	4451
48	4021
200	3332
43	2599
36	1488
195	1992
92	1894
31	2509
28	2817
33	6907
198	2848
30	4262
54	2552
42	3423
71	2206
199	2448
32	3085
31	4053
28	2613
197	3224
43	2476
154	2774
140	2336
32	4261
49	3258
39	4639
44	2649
26	2080
44	3863
43	6416
25	3686
163	3669
107	1914
32	3508
28	1891
85	2307
87	3500
131	2502
84	1747
25	2460
40	1871
55	1401
195	1767
39	2333
57	2413
41	3508
159	3405
31	2159
57	3715
39	2800
24	2465
36	7174
17	2899
46	2851
201	1609
35	4757
200	3819
24	2107
43	4007
57	1786
48	970
155	5012
35	2015
106	3315
59	2918
37	5000
49	3237
71	4423
16	3236
16	2559
26	2746
35	2699
59	5490
54	3919
32	3772
41	1829
49	3182
28	2856
59	3096
135	3619
203	1644
34	4815
36	2228
33	2791
35	2049
17	3558
36	2760
62	2787
145	3899
41	2263
57	3550
31	1322
51	3408
148	3254
44	2917
26	6057
22	3537
107	3108
28	3100
48	2408
34	3625
47	4612
36	2316
43	2141
44	1486
65	2393
196	2946
26	5752
41	2933
32	2276
35	2914
26	4737
203	1375
45	1470
32	2498
85	3511
72	4927
94	2549
38	2291
28	2453
77	2708
52	2005
23	2007
204	2687
94	2744
74	2107
33	5261
39	3687
145	3079
45	2597
32	2693
43	2514
35	3866
190	3068
27	3096
201	3908
31	2625
30	5282
28	4755
37	2993
21	3921
43	3981
26	3135
72	1229
129	2666
16	4258
43	4857
42	2101
28	2746
32	2177
27	3192
143	3425
85	2959
52	3980
25	3309
27	1887
29	6908
89	5627
21	3382
34	3271
173	4373
105	2484
55	2198
19	1865
53	2495
196	3026
171	6645
22	1601
70	3333
57	1993
57	2920
20	2031
48	3885
43	3287
18	1707
29	2133
49	6500
113	4146
33	3129
136	3086
188	3386
39	4012
180	675
17	3593
51	2288
41	6625
35	3196
155	2927
51	3810
181	4131
25	2315
24	3425
194	3272
43	2730
31	2408
51	3935
33	3674
32	6052
123	3090
45	3720
151	2079
56	2518
36	2767
91	2539
179	2632
61	2984
60	1496
31	2178
203	2729
183	2696
203	2220
79	4014
44	3259
57	4065
50	5170
34	6188
87	2013
197	2333
43	3990
160	2564
113	3177
76	1356
152	2944
32	1955
122	2042
155	3947
204	3762
93	2117
63	675
41	5506
28	6242
39	2597
39	3874
32	2197
200	1685
181	2398
36	4008
39	2730
66	2401
204	2499
35	2864
44	2712
51	3675
74	4069
29	2800
46	4613
37	3723
26	4923
146	1325
49	1775
26	2328
43	3366
33	1772
48	6391
40	3393
46	1814
33	2477
59	4526
46	5139
86	4587
39	2256
28	3583
46	2605
204	3343
128	4052
48	2798
179	2881
32	2994
199	5647
165	2455
203	5133
43	3300
39	2128
95	3890
26	2793
50	2728
87	2487
58	2103
200	4127
103	3800
184	3294
35	3609
42	3099
26	2175
41	3799
47	3113
204	3702
66	4773
41	2911
184	2189
204	2099
74	2039
42	1657
38	2713
98	2456
45	2624
27	3900
115	4686
36	2837
45	2316
204	1717
69	1889
32	3677
42	3293
44	5521
23	4064
48	2949
82	1868
52	3989
38	6047
45	1943
45	2409
61	2358
34	2222
190	1952
44	2030
125	3485
47	5366
41	1989
115	5395
52	3495
28	3284
134	5464
76	4366
47	1519
137	3401
91	2326
12	4672
23	2965
41	2468
32	2083
32	3267
32	4623
201	3056
32	2785
26	3213
112	5668
204	2948
25	3082
43	1387
47	2333
24	3132
42	5875
33	3300
64	4153
198	2978
66	4429
25	3173
65	1869
40	2739
204	4180
49	3055
36	5074
185	3557
36	3562
109	4254
38	4524
47	740
65	3446
33	2544
19	3854
83	3113
30	2914
28	2338
31	2222
38	4905
49	4440
45	1594
41	2918
39	3429
80	3255
37	4254
18	1900
202	2608
42	2523
22	3404
27	3036
156	6406
42	2087
29	1673
26	2114
31	4123
29	2525
31	2361
37	2810
50	2727
36	4275
32	2449
33	3909
20	3400
29	3788
42	2959
28	2825
169	4701
32	2987
135	2060
38	3030
115	3881
27	5899
30	1602
37	1236
31	2950
34	4382
19	3301
198	3168
34	2404
47	1883
36	1635
36	1446
133	2541
40	2726
40	4105
145	2920
24	6361
183	3307
23	1314
192	3509
181	1698
63	2575
69	2920
168	2872
49	1135
52	2334
43	2814
36	2269
39	5085
52	4119
38	5318
51	2343
21	6838
166	1793
38	1973
25	3295
47	2529
87	1569
27	2536
34	3434
33	3540
29	1662
37	3062
45	2264
92	4684
55	3091
40	3038
35	5632
151	4178
49	2130
70	2436
87	2145
20	3949
15	2609
22	1689
164	3390
34	3426
36	1338
40	4511
30	2399
163	5215
29	3199
25	2154
87	2921
22	2299
48	1939
32	3350
22	1235
30	3569
28	4728
204	3871
118	1237
25	2890
66	7088
18	2113
202	3712
76	3758
71	5551
198	1677
28	2578
47	1954
21	1360
51	2790
61	3092
17	2179
83	2714
90	3460
44	5691
142	2567
15	2706
80	5151
36	3967
50	1327
204	2631
44	2223
33	3963
33	2964
33	1935
39	2075
29	3314
201	4834
42	2017
149	918
42	3561
50	3278
57	3737
36	2540
25	3361
45	2220
48	3216
150	4270
45	3929
64	2651
31	5090
43	2939
53	6278
171	2630
27	2376
127	1890
39	2747
42	2436
30	3900
22	3079
17	2613
31	3626
175	673
203	4197
49	2927
71	2916
30	3303
35	1743
56	2622
203	2867
31	1972
39	3304
29	3595
75	1416
157	2040
82	3302
45	2343
96	2233
40	3631
63	2291
50	3879
41	2155
93	2929
45	4180
199	4957
32	4623
17	4077
167	4033
197	2297
47	2255
45	2283
39	3665
28	6198
15	2806
90	2629
47	1813
50	5741
30	2383
122	3629
48	2206
198	6213
179	3151
38	2534
201	2206
29	3430
48	3425
36	2208
24	2367
28	2288
63	4286
46	5152
45	3867
36	4014
62	3773
42	2534
43	3623
63	1222
161	5081
75	1686
202	2171
172	3324
52	2868
28	4116
44	2877
29	2371
63	4275
31	2907
34	2785
22	2345
26	1749
29	3011
94	2629
65	4313
25	6203
28	2684
204	4491
86	2560
136	2222
47	2504
44	1624
39	1775
20	3341
129	2002
58	3414
79	1716
38	2234
86	1235
42	5014
53	3114
43	3113
68	797
31	3514
44	1320
153	2543
32	912
42	3664
15	3438
43	2670
44	3518
27	1538
14	2821
30	3745
87	3005
164	2086
203	6242
125	4756
33	4029
98	2766
95	4484
41	1895
61	2650
44	2766
44	2688
196	1109
37	2436
14	3684
34	2285
48	1442
31	2163
23	3532
203	2205
14	2409
37	2555
15	1866
38	2217
100	2531
27	5689
201	804
48	2981
25	2530
17	3377
42	2433
46	4747
40	2112
49	6638
66	2367
56	3169
56	3714
42	2915
20	3952
201	3853
55	3833
201	2387
147	3814
51	1339
39	4074
36	1940
66	4697
22	3645
46	1856
79	3225
27	2826
23	3290
26	2094
34	2730
200	2460
131	2554
46	2748
203	2164
50	2087
170	2025
52	2270
56	2239
39	3006
64	3200
36	3379
31	3655
32	3726
33	1997
35	6544
120	3477
196	561
73	3320
46	5256
49	6761
60	3623
34	5265
50	5855
32	3458
129	3186
38	1926
44	1803
49	4950
52	2445
38	1962
43	4936
203	2359
76	2986
16	5712
30	3396
122	4069
51	4885
30	4930
55	1552
77	3048
101	1524
80	3255
41	2340
60	2295
42	4590
143	2820
195	1987
50	2664
42	3601
54	3655
201	5380
82	2944
18	4646
39	1665
86	2735
177	5719
186	5209
40	2052
56	3083
60	6508
128	2996
72	2295
75	2308
31	4423
203	7854
49	2411
45	2102
60	4063
99	3487
40	2659
27	2522
40	2463
50	3214
174	3517
73	5182
27	4052
31	1814
32	3451
37	1864
154	1568
39	5803
33	2519
63	2826
60	3270
52	3770
20	4275
61	1927
49	997
43	2280
33	3963
46	2989
33	990
45	2635
47	2927
50	3154
29	2539
37	1972
15	4444
36	4311
38	3928
68	1175
25	2452
27	4038
46	1245
19	3123
147	2330
202	3011
37	6492
135	3076
38	2834
46	2386
40	3861
156	4219
91	1053
54	3139
26	1737
29	3442
36	3142
49	2150
56	2308
32	3506
24	2804
64	5291
70	4737
28	2067
41	3351
38	4547
200	1314
16	4031
29	3501
197	3177
28	5483
28	2519
37	5206
59	3161
38	1966
40	5600
109	4416
50	4436
144	3682
47	5235
45	4048
184	3299
34	2099
188	3495
44	3015
34	3949
81	3060
53	2811
39	1553
203	2796
204	4787
45	2512
124	3571
23	2645
40	3181
113	8287
28	3497
75	2328
58	1347
203	1703
32	2522
42	2954
78	3342
53	5320
63	2752
44	3511
185	4774
31	2795
41	5346
59	3037
43	4069
26	4953
56	3338
65	4594
31	2302
36	4147
25	2401
37	1684
36	2105
33	2382
143	3694
187	1874
37	2849
22	4853
40	2410
76	3466
35	3393
165	4615
88	2753
66	2940
32	1941
26	3247
67	2410
31	3227
61	3845
80	6145
153	2496
39	4370
26	1992
202	4183
28	2762
80	3365
94	2055
70	1420
55	2653
136	2069
38	3032
33	2440
41	8245
77	4718
35	5038
37	3034
44	4697
25	2333
98	4362
43	3958
103	3654
180	3977
36	2565
47	3354
26	5355
29	3643
65	3843
178	2316
104	2468
150	3116
36	2590
57	2998
65	801
143	3395
43	2754
30	2290
17	2679
168	2530
48	1282
47	2152
69	4383
41	3741
32	2986
21	4734
45	2044
41	1166
30	2512
78	3923
185	3903
49	3191
49	4254
61	3023
38	2613
75	4051
48	989
125	1933
36	2780
29	2868
23	1690
57	2672
29	4105
199	3077
32	3997
56	4666
128	2120
37	2352
60	4778
32	4387
26	4221
44	1499
30	1304
44	3255
31	3193
45	2409
203	5408
37	2308
67	947
197	4723
94	1907
78	654
73	2845
44	3409
28	4179
151	4205
20	1832
134	2632
25	5917
24	3201
38	4200
61	2005
40	1409
33	2289
35	2438
29	2721
52	2596
132	2675
122	3249
50	4319
31	3057
114	1280
35	5322
86	1305
70	4057
33	1832
89	2947
27	4517
73	3939
48	1053
119	1569
60	4109
49	4713
148	3420
13	2520
66	2606
34	3958
28	2036
89	2851
42	3224
42	4173
28	5165
37	1828
31	2685
75	3457
82	4111
161	2671
126	3346
33	6975
38	3081
45	3730
67	1857
30	1617
39	2442
38	4152
26	5523
56	2095
33	1007
72	2610
195	3342
39	5963
34	2317
151	2670
96	1130
46	3224
33	4084
35	3540
106	4860
27	2708
32	2019
30	1546
128	4860
200	3194
72	2507
22	2614
39	3380
68	2097
45	1645
73	4692
51	3949
179	2486
38	2064
21	6158
30	1837
38	2168
37	4949
46	3570
29	5709
28	4651
112	2426
71	2710
39	2050
123	2613
40	3634
31	4089
29	3419
107	2190
79	3281
36	1673
73	2253
45	2791
39	1860
48	2045
140	2010
36	2082
34	3975
129	2024
204	4900
194	4772
29	1659
55	1751
26	1093
48	2744
32	3202
116	2206
100	3325
40	3372
56	943
202	2955
149	1232
191	3036
49	673
33	2798
30	868
32	9172
20	3463
21	2518
40	1210
39	3651
107	5126
138	4460
42	3870
176	4173
24	3299
37	3857
29	3020
196	2619
203	2131
35	3999
54	2335
204	2723
30	4150
44	2522
46	1125
43	5709
28	3914
31	3356
151	832
28	3029
45	1414
93	4823
56	2175
39	3117
183	2020
56	4051
69	398
91	4857
75	3092
48	7729
47	6832
64	1636
41	3632
50	7524
203	2563
152	4788
27	4621
21	4270
22	3296
203	3658
183	4294
158	1389
33	3366
18	4018
45	5462
74	5092
32	2997
45	3386
152	3653
62	2790
38	2483
195	3984
56	3828
154	3708
27	5394
56	3594
28	1576
54	1523
143	3199
41	4756
86	3854
93	5585
47	657
192	2809
141	1214
58	2233
40	8215
16	2099
36	2719
38	3265
159	1626
34	3021
59	2823
37	1910
78	3065
30	1309
84	4910
192	6366
99	3537
36	3784
53	5828
48	2242
43	2062
28	1763
29	3675
45	6671
42	2433
29	7657
17	3114
25	4452
172	2496
188	3778
147	3202
51	2410
161	2092
164	3323
54	2096
122	3481
20	3229
36	3228
37	3147
44	1355
34	6671
202	3693
49	3186
76	5098
131	5025
87	2342
106	2491
40	2104
32	5203
24	4493
202	3807
202	2286
105	2799
44	2375
17	3606
23	2218
19	2986
26	4065
46	2589
42	4441
28	2152
115	2417
61	3992
204	1116
45	1981
37	2855
72	2304
44	3508
30	4830
32	1964
166	3639
40	2241
36	3713
132	3750
66	4732
45	2139
25	3142
90	2656
113	3835
24	3126
41	2937
22	821
54	4476
26	1478
43	2481
21	4779
40	1872
32	3724
51	2561
36	2034
49	1933
95	2646
57	2663
36	2328
28	3240
204	1953
54	3449
48	4155
32	4420
32	3783
202	1893
38	2403
40	4620
14	1263
29	3339
121	1901
186	2102
200	1120
169	3178
32	4861
19	3864
136	2366
195	6223
145	2454
102	3048
48	2972
34	2386
20	2489
41	5060
41	2129
97	6627
42	8595
26	3435
28	3825
30	3631
37	3709
37	1187
204	3867
59	2361
174	3370
21	5054
158	2070
198	2046
44	3017
51	2053
204	2147
179	1984
204	3753
39	4059
33	2518
41	7323
14	2886
32	828
34	2684
35	2252
42	3753
31	2222
26	2358
73	3324
33	2498
56	4390
67	3571
47	1966
43	1250
93	4217
89	3311
47	3042
46	3573
72	2551
121	3264
31	3533
195	1972
66	2469
42	1944
45	3702
162	3911
171	2810
31	2414
41	2748
158	2883
75	2634
55	2151
49	3021
28	1248
194	3808
170	4855
53	3545
36	2511
199	4414
81	2679
41	4025
51	4288
28	3612
26	2399
93	2225
19	2591
38	2453
28	3918
36	2364
82	2022
183	6773
90	3936
35	2367
38	3122
46	2235
32	4138
32	3164
33	5156
71	2285
145	4563
139	5498
50	1860
33	3488
45	5176
36	2465
24	3478
44	2619
53	4517
42	2223
109	3018
65	4267
34	1183
42	2980
37	3252
49	3613
132	2873
60	2420
195	2465
101	4267
56	3833
113	4038
200	2354
70	1930
42	3437
46	5259
54	4833
53	3962
52	2342
37	4691
115	2757
40	2840
35	3603
105	5203
70	2921
17	4652
64	4306
30	2791
45	3392
64	1582
27	6244
28	1571
28	1898
37	3702
204	3236
146	2657
201	2713
36	1611
43	5230
39	3616
42	2119
37	2641
31	5571
23	3441
25	1799
17	2788
25	4304
55	1033
39	4268
93	3327
80	4625
62	2554
29	2720
65	1694
44	3488
36	2604
176	3838
40	3579
137	3082
164	2150
42	3619
44	2918
42	2495
102	1921
46	1873
31	2089
44	2955
41	5279
146	5196
161	2057
64	3889
43	2780
52	3100
177	817
10	1687
35	2421
191	3384
200	1604
11	1459
188	3308
43	2171
37	6139
37	2817
34	7339
103	3996
116	2935
39	4343
47	2891
44	1751
197	3301
57	3347
45	2864
30	3527
118	6007
23	4106
107	2478
33	3750
171	1379
134	4218
28	2293
143	3066
43	1689
46	2069
12	2897
39	681
29	3336
203	2929
27	3095
34	2541
30	3099
130	1934
58	3156
101	2082
48	3398
109	4437
38	1889
177	2117
24	2503
80	3358
27	2355
142	3021
57	2572
32	2514
36	3651
36	3142
43	2596
42	3079
57	5025
56	2648
24	1596
177	2198
38	1385
194	1179
13	3646
22	3266
35	2160
31	3315
38	3760
14	1754
67	5715
19	2509
32	5422
30	1228
104	5398
46	2368
42	3362
41	3292
33	3046
22	1988
174	4135
24	4985
47	2622
87	2614
18	4693
36	2208
188	2937
29	5409
36	3842
183	2601
56	6843
28	2096
204	3121
178	5055
95	3778
39	3426
35	4889
67	3194
30	3826
44	1208
204	2244
50	5194
135	2283
52	1040
47	2842
25	3126
49	1825
49	2593
35	4599
64	2522
33	3721
106	4550
41	1933
42	4235
42	3544
204	3440
149	4825
34	2068
20	1868
202	2707
66	2665
42	3527
46	3349
38	6512
31	3879
155	4454
78	3466
119	1375
51	5472
26	2920
125	4077
39	1188
44	2246
48	2112
52	1353
20	2405
33	2745
41	3256
43	4665
34	3088
194	4821
38	5419
32	3329
204	2216
54	2588
57	1812
65	1403
34	2489
36	4712
21	3154
66	4006
41	4347
117	3503
112	5355
30	2480
201	1993
38	4889
58	3724
112	1877
69	2181
70	2871
126	7183
25	1758
56	1866
80	2428
31	2455
59	3598
24	2222
47	2933
112	1497
46	2048
38	4965
64	3349
36	1861
44	4561
59	937
45	2809
169	3698
28	4625
31	2299
45	3419
48	1336
28	1610
30	2701
36	2600
111	2697
46	3544
183	2898
27	984
44	4773
39	4507
43	2768
42	2470
56	1435
84	2812
169	2903
54	1628
62	3063
52	6243
140	3060
39	2531
72	2981
25	4534
62	2953
131	4490
36	4417
45	2165
44	2897
122	3006
82	3153
69	2213
50	2848
45	2686
22	2520
57	3239
15	7348
30	2126
30	2012
204	4120
51	5383
29	2033
20	7185
153	3878
41	4683
83	1828
194	2959
36	3451
165	3727
44	1962
111	4076
39	3907
46	4514
65	2729
102	2188
24	3619
174	2991
43	3753
33	1905
37	4438
42	2519
119	4966
20	3767
202	3622
66	2832
28	2346
14	3128
62	1930
53	2912
151	3004
60	3104
178	3347
29	2415
98	2927
32	2060
35	2386
36	2718
55	5644
37	1550
30	1343
156	1527
49	3028
15	1105
36	2678
29	5118
29	4302
46	3625
30	2043
45	3466
89	4211
42	4609
60	2990
27	2186
31	3292
90	2830
195	1487
200	3030
54	3142
23	4939
120	2961
45	3014
70	3769
42	3025
36	2270
204	3386
170	2004
46	3703
156	3739
84	6526
36	2520
50	5810
52	2567
30	3428
173	3871
177	2243
41	6080
41	1921
33	1467
30	2124
26	5305
20	4715
27	2001
195	1584
31	1862
42	1876
202	3318
199	3101
169	2875
99	3628
62	2752
57	2707
69	3082
68	1716
37	3316
57	2289
36	3584
27	3463
31	2554
104	3472
32	1937
39	4060
153	1022
31	4764
28	3090
162	3398
141	6238
107	2840
16	1556
67	2728
33	4032
31	2567
34	5332
24	2440
57	2229
46	2338
37	2548
22	2715
28	3731
33	3650
42	2791
80	2089
182	3319
69	3359
36	2762
40	3556
40	3030
37	4488
120	2484
33	4471
61	2622
181	2226
52	3879
177	4238
203	2673
17	3307
60	7672
48	2710
67	304
196	2343
73	2999
36	4030
38	1733
49	3347
75	4926
23	1152
203	2406
34	3788
34	5295
31	2281
29	3908
57	2162
63	3476
187	2059
29	1913
45	3884
134	3088
144	3155
24	2646
202	732
26	3883
193	2444
26	6946
44	2168
188	1626
31	2097
62	887
62	1313
35	3212
40	1950
39	3568
26	4650
25	7337
61	3920
35	1759
18	3647
79	2907
51	1591
41	3106
27	2175
26	1998
18	1354
44	1920
89	3118
41	3031
33	1623
134	1641
52	3428
25	2846
42	2906
123	1995
29	2679
71	4727
31	1918
50	2030
32	2474
76	3304
39	5819
25	3742
38	2861
46	1855
201	2234
114	1665
82	3216
35	3142
20	1640
181	3470
98	2590
191	4289
79	3323
34	3913
23	4941
26	3461
46	1664
44	4761
37	4837
82	1629
32	2344
85	100
178	1296
168	4957
20	3634
65	2193
36	1737
159	2979
37	2205
34	2015
174	3474
39	4152
36	2271
16	2999
204	1905
44	3443
40	1578
54	2832
21	3715
47	2192
41	2352
65	3768
102	1987
26	3707
20	1970
99	3976
30	2288
143	3121
50	4157
66	5375
47	2302
92	2135
84	1074
101	4548
63	2666
31	2314
27	1764
69	1893
55	1738
37	4154
191	2128
39	2709
28	2435
102	2680
47	2526
175	3460
37	3534
53	4960
44	3450
126	2229
18	3056
61	3962
76	2540
39	2111
34	6895
38	1807
35	2399
29	2424
36	957
40	2581
200	2111
18	2765
35	4421
73	1972
126	4303
60	1274
57	2359
84	2686
40	3678
31	3104
53	5457
192	2233
204	4240
39	3519
28	3242
67	1459
43	2961
53	1573
78	4716
15	3840
37	4059
177	4206
57	2064
29	3106
88	3536
55	2281
49	2320
32	3118
16	3114
56	2650
199	5392
86	1268
156	4008
137	4072
54	3648
92	2589
181	3587
19	4278
136	2910
124	2405
203	4244
28	2018
33	1672
196	1644
31	3135
71	2774
58	3733
44	1979
40	4092
20	4140
34	2664
55	4755
38	2788
46	3305
82	2519
36	1902
15	4072
123	3094
25	1953
24	2291
31	1649
52	1754
44	2558
204	3488
35	4295
146	3080
34	2846
43	3602
27	5478
111	2447
78	4358
45	2778
102	3005
193	4506
173	2006
174	2798
49	2072
96	1872
62	3683
63	5765
195	2886
44	5014
30	6518
204	1266
201	2087
38	5916
198	2336
46	2400
93	2276
63	4028
28	694
167	3611
45	2974
101	4251
31	648
63	1056
32	2993
85	1336
176	1576
38	2265
34	1569
29	3334
58	3024
32	2814
23	2125
62	2611
70	5204
56	5580
202	3653
54	3039
28	2083
159	914
200	2263
40	1374
26	3820
110	2761
33	1198
45	5975
34	1453
69	3364
48	3525
41	3859
201	2968
43	4199
33	2435
62	2660
25	5754
40	4243
91	2985
90	2161
43	3583
53	3832
18	1815
87	6813
33	3151
204	3947
34	4402
37	3104
177	4833
151	2121
202	3397
21	2829
47	2103
80	3457
85	2289
38	3118
84	3140
47	6537
33	2686
56	4603
200	4613
36	3154
24	3949
43	2821
165	3401
34	2036
38	2266
80	2915
23	3335
39	619
27	2677
57	1149
37	2547
52	2463
33	2656
27	3184
92	1973
21	3396
38	1655
99	3188
35	2641
67	3458
111	2605
75	3384
203	3366
33	3482
42	1338
98	2560
26	3665
27	2827
28	4088
90	4720
49	2288
43	1413
13	4810
34	3409
30	1551
25	2555
131	2724
31	3930
68	2560
198	3897
51	3582
59	6655
47	1664
30	2667
31	1604
159	5137
26	1568
28	3500
155	4252
48	885
144	3842
27	4485
35	1446
41	2174
99	3005
161	4349
80	4578
44	2735
46	2074
91	2185
75	2416
23	2761
60	3571
42	1875
31	3378
41	2983
43	1848
114	3978
25	1867
53	2018
46	3791
136	2725
48	2693
36	6432
200	1942
203	2965
175	3274
63	2589
32	3836
168	3090
82	3137
32	6004
45	2096
75	1642
39	1347
89	1868
56	2478
36	5058
50	3516
24	3508
31	4785
38	3518
43	1987
56	2738
37	5050
45	2106
33	3690
90	5573
144	4244
29	2435
49	4216
45	2831
203	1833
23	5225
198	3962
30	1845
33	1615
45	1841
46	2733
40	3379
28	3263
31	3354
202	2776
39	3166
31	4277
26	2785
38	3726
38	3861
111	2145
21	1892
169	3661
34	2252
30	3947
62	3473
31	1934
36	170
29	3921
76	1548
176	2589
157	2650
104	2087
92	3653
82	4370
46	2149
32	1726
34	1137
44	2457
203	4804
28	4737
41	3755
48	3410
59	5159
39	2079
56	4243
21	1992
192	4317
35	2264
183	2646
31	921
196	4391
66	3037
40	1918
52	2297
85	4910
32	3332
179	871
62	1414
39	3965
84	2560
26	3987
73	1895
65	1912
29	2126
49	1731
40	1671
179	434
171	2231
20	2356
135	2608
51	3082
173	2903
41	2718
54	4350
41	2713
53	4068
60	1498
125	2421
17	893
40	3006
24	3708
30	2554
27	2139
41	3760
31	2720
55	2351
59	1525
62	2533
126	2625
86	3686
105	5384
179	2033
30	2477
188	2740
84	1911
176	2564
37	4209
50	3379
53	3331
25	973
27	4114
167	2294
40	3436
119	4714
48	2747
93	2771
182	2082
26	1509
149	2170
99	3830
47	2825
40	2371
54	3785
70	3887
78	3672
40	879
23	2492
201	2035
47	3006
41	4162
139	4831
19	2710
19	4381
129	4042
65	4561
111	2319
88	2870
84	2001
87	2409
37	6043
51	2414
104	2849
62	3374
41	2185
175	2156
48	5163
35	2306
78	4262
162	3435
136	3849
86	2292
203	3097
52	4449
106	2800
33	2606
40	4385
26	2727
41	5777
157	2763
87	2123
35	2929
38	2043
80	5359
46	3047
43	432
26	3292
46	2333
42	3073
38	3088
80	3369
169	2048
33	8724
32	2558
42	3283
42	1955
38	3102
174	2480
22	4639
124	2660
122	4993
29	2282
23	6513
160	2392
118	4391
35	2318
44	3769
32	4031
32	2000
51	1471
23	4429
46	2079
71	3393
33	2242
119	3715
67	4988
80	4289
20	4535
47	3289
97	4077
41	2280
53	1847
44	3816
27	3164
198	2679
35	2182
127	3059
39	2871
51	2361
24	3079
200	1911
39	3948
88	2870
44	2648
185	2434
34	2835
48	4583
32	2990
40	2339
191	2009
47	2396
25	3063
37	4782
34	2855
69	2262
49	1164
32	3361
28	1891
66	3243
32	5143
102	2593
32	2593
33	6521
201	3174
36	4921
40	2429
1	5982
29	2819
65	1868
34	4570
29	2884
70	2444
65	2412
28	3997
158	3082
41	1014
204	922
38	1353
50	3428
84	4565
58	1671
32	3842
57	1385
45	2202
25	4458
106	2464
203	2606
115	2640
31	2574
86	2418
102	4085
128	2064
20	3655
64	2637
45	2208
28	3388
30	1912
55	2426
30	5254
32	2660
88	2935
39	3125
33	2849
162	2729
33	2433
55	2654
43	3164
111	3342
88	2260
17	1912
124	3835
188	3883
200	4451
24	1285
50	1970
20	3793
84	4664
41	2817
200	4568
77	3699
49	3605
60	2423
58	2498
63	3084
105	2342
47	1843
148	3874
46	4260
201	2087
199	2636
60	1899
53	2859
65	2172
59	3399
20	4211
150	3354
35	3839
30	5370
30	2608
35	3638
53	2157
202	3358
31	3169
189	1406
104	5574
39	2892
56	4001
39	5354
27	2615
185	3190
21	6458
24	1888
47	2845
25	2793
61	2845
72	4561
203	4010
46	831
19	3635
28	6385
142	3059
56	3991
37	4071
98	3378
126	3742
55	3166
18	6196
204	6885
33	4635
38	3704
25	4399
160	2414
125	3318
49	2395
45	2912
48	1838
204	3160
121	2760
38	2966
25	4258
175	3891
204	4248
46	1688
126	3526
38	1755
36	1777
57	3211
128	3931
27	2264
80	4439
203	1961
28	3595
113	4201
41	1310
93	2109
86	2639
33	3656
30	1981
197	3483
194	3294
28	3395
115	2684
41	2277
33	4643
51	2792
203	3590
196	3516
28	3519
76	4320
37	5352
179	4385
204	2511
203	3768
22	1441
27	4461
75	3002
37	3075
31	3000
152	2156
39	3664
204	4470
42	4313
99	1840
103	2989
30	4325
92	1759
67	1454
39	2813
28	5221
19	1111
45	1943
74	2726
89	3306
198	3485
26	1119
51	2150
25	2708
44	4359
32	2420
54	2143
203	2298
36	3709
115	4807
38	3998
30	4749
19	1722
20	3435
55	3704
63	5169
49	1542
33	2649
37	4756
45	2076
33	2146
167	3088
41	1992
40	3199
75	2899
89	2070
37	3899
38	2520
16	2887
61	3313
47	3074
50	3232
67	2842
104	1982
23	2023
115	1857
154	4445
39	4323
31	6121
66	5006
36	4368
43	1352
37	2548
36	2180
155	2451
43	2585
35	2202
32	2296
40	3794
43	2964
53	2235
46	2382
204	2937
50	2551
72	2050
60	3535
37	2163
40	3730
70	1683
40	3934
135	4134
114	3260
79	4789
104	2722
28	753
31	3004
39	3568
204	2674
35	4589
51	2495
34	4561
135	6731
36	5697
28	2578
74	4927
18	3206
35	2957
36	3869
55	2597
52	2576
116	3686
42	3421
186	2391
41	2492
144	4014
18	2853
44	3277
61	4995
45	3994
38	3349
34	2118
115	2674
42	5311
160	641
44	2850
140	2314
82	2732
51	4116
13	4254
27	2434
53	4082
79	4470
78	3376
45	1339
72	2524
126	2111
55	4615
201	2936
58	5233
26	1947
53	3276
38	2805
143	2136
43	1115
42	3355
121	4073
30	2500
41	2956
116	3537
38	540
23	4893
39	2625
101	2875
91	2365
41	1096
41	1578
45	3447
51	2847
15	2483
200	4138
46	3726
203	1805
127	2053
68	2894
69	3641
35	3070
153	2297
53	3245
43	3309
150	2849
156	3916
103	2329
38	5116
27	2079
28	2624
29	1852
29	2593
33	3695
55	1895
38	1567
203	3442
135	4529
50	4092
43	2055
80	1492
44	3324
29	2780
54	2516
96	3416
30	4692
36	3133
37	2535
109	3244
23	2559
19	3751
31	4079
39	3262
43	4127
40	1579
84	4617
51	3546
79	2322
13	3006
56	1173
77	1943
46	2615
107	1899
121	6321
37	3880
204	1069
21	5290
36	3115
52	3163
53	1600
33	3739
34	5800
202	1536
67	2161
43	2282
87	5657
165	6141
20	2449
53	4788
27	2323
35	3015
101	6910
37	2458
118	1688
25	3868
41	3012
55	3272
31	6952
19	1906
44	6816
23	3781
140	4550
37	3529
34	4300
43	3213
95	5589
202	2468
190	2162
148	2979
197	2774
109	6059
40	4639
137	3129
49	2499
38	1609
118	1980
143	2935
39	1666
26	2531
31	1086
96	5519
203	3539
22	5644
180	4865
36	4598
29	4948
32	1671
61	2598
48	1832
39	1537
22	4703
38	5001
84	1718
84	2487
199	2661
29	2811
37	2625
43	3980
25	2551
194	2105
39	4394
97	2237
60	2534
22	2048
43	2284
35	3804
65	2723
37	3063
187	2830
28	2463
44	1617
30	3026
44	3512
94	2015
39	1699
43	2923
31	2895
147	2835
45	4197
203	2702
104	2607
181	876
26	3663
46	2334
12	1607
28	2380
51	2781
56	4013
46	4569
40	2721
40	1989
46	4306
29	3977
45	3360
47	2337
197	4191
43	2639
154	1561
153	4112
41	5812
28	2269
34	3235
182	4750
102	4783
40	2982
73	5117
38	2539
52	968
41	3785
39	3366
58	3379
21	3370
57	2311
170	5164
59	2254
34	3624
32	2441
56	4751
49	2339
70	3592
195	1282
30	1687
67	2069
46	2849
48	2664
89	3387
37	2363
17	1907
27	4574
165	4958
182	4474
38	4970
202	1249
57	996
34	1877
39	2656
51	3758
26	2622
34	6590
138	3050
50	4657
46	3324
67	2026
43	3627
34	3313
94	4165
137	4715
185	4336
69	1446
38	6462
122	4055
22	3814
146	4327
121	2218
109	5648
39	2534
84	2174
68	6479
85	1559
28	2656
92	2593
59	2532
164	2702
28	2784
21	2238
182	3105
18	2239
126	3439
72	3140
198	2997
55	3274
99	3305
42	1219
38	4877
27	1834
30	3044
29	8566
53	2989
34	1978
48	2586
49	1336
141	2606
30	3759
102	2449
96	1907
19	2855
97	1732
114	5581
32	5820
46	2578
204	4517
34	5325
42	3543
118	6128
32	3105
50	3304
200	4858
154	1646
29	2064
40	2016
24	4291
33	2888
34	3017
46	3435
40	3410
30	4553
45	2792
47	3607
177	4882
42	2144
46	5054
44	5153
40	3721
38	1947
34	1752
26	4444
93	2259
41	2189
119	2574
26	1834
32	3919
66	1038
48	2305
35	2309
28	3162
86	2799
34	3955
49	2287
50	1594
130	3446
86	4937
29	5475
39	2912
42	3431
116	3172
19	2035
34	6018
104	1754
25	3317
43	2722
78	2223
41	4041
105	3484
84	2847
23	3459
68	1948
43	3016
31	4443
33	3065
29	5188
169	3564
36	3299
56	3048
91	3728
30	3652
44	3313
189	4344
188	2293
164	610
43	1088
40	3462
160	4271
17	2191
38	2091
203	2849
21	2687
67	5743
112	2704
45	2649
109	2828
59	2174
40	5624
16	1841
18	3206
51	5063
31	2941
200	3576
63	3215
44	2083
119	3943
24	5562
48	3471
33	2292
39	2329
27	4833
44	3628
11	2054
42	2169
36	2646
31	2426
27	2426
171	8357
28	2791
124	1566
37	3739
201	1910
203	4051
35	2435
32	4251
204	2923
36	749
36	4066
64	5420
25	4868
168	5609
44	1967
32	3527
35	2606
55	2259
28	2556
33	4391
46	3876
199	2255
23	1278
24	2682
43	1258
45	4248
37	2033
73	4268
133	3227
200	2631
46	895
28	3412
27	3021
170	2585
