7037	1930
7037	34
6269	13
6914	119
6745	435
7700	24
8120	122
5401	85
5620	323
6908	2072
7136	4356
8216	144
6182	981
7054	55
4763	3044
5778	577
7253	85
6785	171
7521	401
8273	1214
5851	3
7760	109
6215	1656
7687	62
8126	642
5708	479
6018	27
7442	863
7873	162
6866	82
5125	37
7926	87
7460	513
7504	617
7776	466
8189	861
5721	2687
7510	19
8070	1463
6207	2370
7802	335
6929	576
5354	1700
8087	126
8098	615
6632	414
5760	111
6760	235
7170	176
7834	45
7136	2
5796	358
6484	2266
7895	662
7636	93
7593	440
7389	251
6435	288
6895	2707
5724	365
7131	1225
7292	2495
6913	145
6885	324
4949	0
7466	19
7195	95
5329	2494
4988	151
7143	48
7453	445
7089	1269
6975	242
5403	373
7307	173
7167	66
7629	85
7704	9
7055	225
8667	161
7677	23
7434	71
4732	3583
4873	2758
7412	2126
7253	16
7986	585
5516	588
8044	161
7471	226
5325	371
7665	6
7336	159
7580	129
5122	4928
7132	142
5524	69
5666	54
7947	66
6970	1150
7436	316
7220	239
6692	61
7721	4
6795	2545
8485	414
8865	313
6479	5
9042	143
7114	255
7967	61
7725	37
7903	111
7027	635
7518	721
6416	3361
6596	35
7046	220
7614	6
7417	6
6015	632
8574	135
6829	74
7208	471
5670	36
7459	716
7318	1859
7705	8
4960	5
7370	172
6146	217
7513	271
6147	22
7476	291
7725	3
7734	0
7516	20
8008	1254
7597	22
6944	237
6356	3
5175	562
7714	59
5446	1599
7733	0
5803	829
7250	17
7421	382
8054	11
7326	186
7148	7
6204	1318
5422	552
7827	436
7811	4
7228	167
7507	238
6816	471
8194	375
7453	259
7637	192
5071	596
6568	814
7140	1
5518	251
6757	421
7485	10
7181	45
8401	538
7306	1
9314	1081
7409	369
6241	2101
7146	232
7442	367
7135	665
7392	606
8127	185
7820	683
8330	841
6734	1405
5498	411
8454	123
7689	125
6134	2103
8076	68
7733	891
6836	2981
7936	421
7222	817
8240	790
7607	252
7774	0
7414	360
8141	197
6387	18
7476	101
7365	454
7532	216
7503	19
6885	1499
6455	3861
7145	358
6186	2227
5630	378
6605	215
8166	22
8230	193
6292	196
7949	197
7283	0
7399	197
7835	184
7188	225
7843	146
7276	2112
6084	56
8238	1
7550	105
5475	137
7241	14
6672	75
7809	19
7764	157
7349	58
7723	59
8569	172
7301	411
8133	6
6776	508
7409	466
7262	218
8056	156
8237	421
8451	340
6867	46
7794	3
7219	95
6989	110
5845	586
7147	95
7328	32
7687	72
6874	697
7401	1239
7287	108
7460	621
6984	35
7319	214
8309	144
7579	290
8033	942
5401	2804
7320	171
7424	549
7765	46
6745	5
7581	0
7229	353
5319	239
7658	226
7233	28
7512	125
7757	29
7496	118
7438	183
8219	36
7343	940
5559	251
8220	35
6789	79
5451	84
6217	493
5926	140
7129	1123
6357	4107
6481	3
7218	29
7109	8
8023	944
5830	56
7922	0
7309	20
7885	0
7839	5
7264	478
8065	254
6751	1887
8263	185
7958	1773
6742	1069
5345	798
7035	202
7044	686
6979	60
7395	88
7413	330
7099	1811
6905	3036
8000	76
5760	442
5267	758
7438	296
7504	368
6693	670
7465	141
7353	723
7087	4
7068	3774
7058	1465
7029	176
8166	7
6696	3200
7052	940
5486	45
7273	224
5524	100
6285	2
6482	2630
7361	683
7260	558
8085	154
5625	30
6853	112
7456	875
7195	315
7299	775
7343	5
6268	217
7797	45
4753	2319
7262	236
7309	48
7137	14
8268	566
8233	112
5765	194
7230	247
7452	170
7531	148
6644	488
6052	9
6147	57
7583	225
7486	1673
7418	159
4061	2071
7464	1
5333	230
7931	491
7662	237
7654	402
6871	491
7992	290
7219	143
7235	231
7288	62
7102	1000
7882	103
7489	6
6703	320
7662	17
7238	394
5471	40
7445	18
7758	56
7159	3
7068	74
7423	163
8204	368
6381	2263
5713	209
5680	156
8113	176
7188	102
5903	73
7909	62
5923	248
7136	1864
7170	4
4866	3
7242	170
7804	59
8119	385
7552	48
6398	53
6850	182
7051	12
7570	31
7543	124
5612	9
6548	115
5332	1105
7565	289
7844	93
6916	1061
7296	43
7781	0
7865	555
5630	45
7406	169
7408	124
5076	2823
7958	53
7802	233
7961	703
5868	103
6203	285
8000	11
7793	254
5026	68
5730	288
7165	95
5487	539
5571	226
7140	3
7484	33
7834	0
7792	415
7185	514
6198	575
7004	1584
7318	430
7220	38
7504	6
7436	42
6749	2386
7692	0
6618	53
7572	15
5685	430
7755	539
7439	101
7446	93
7180	654
7630	239
7430	844
6097	905
7415	133
8147	575
6918	5373
7472	141
7450	458
7874	349
7447	134
7752	76
6953	542
7828	63
7998	2
7496	422
4682	1801
5423	1509
7719	49
7775	0
6918	834
6070	403
6529	54
7615	39
6547	174
6862	1158
7746	1540
7216	340
6936	1397
7459	3
4913	1241
7657	259
7622	776
7984	317
7234	80
6664	2535
7180	264
6719	152
7741	532
7972	161
5904	108
7850	71
5953	309
7129	0
5948	370
7426	1908
6629	3060
5456	141
6655	2646
7280	123
7170	165
5695	314
7214	1550
6850	51
6755	85
7050	420
7539	196
7940	22
7276	2248
5439	142
7481	2
7922	177
8067	223
6820	699
7030	1624
8326	91
7839	49
7483	57
8619	13
5152	102
8367	22
7580	20
5965	44
7187	556
8698	249
8030	773
5557	181
8008	16
7370	347
6666	31
5184	4
8134	104
7080	190
7231	527
7751	125
7510	336
5547	389
6582	158
7079	39
7567	612
7885	88
7652	576
7353	21
5746	110
7561	92
7527	319
7324	178
7518	175
8244	288
7879	211
6948	145
7447	8
7916	670
7117	1
7341	310
7919	43
7197	229
5670	2495
8548	210
5984	27
7772	113
7002	663
5600	947
6670	209
6704	228
5697	1617
6190	117
7284	587
7443	86
7643	29
8017	176
7566	662
7183	419
7782	87
6316	61
7427	60
7831	270
7794	29
7550	446
7448	15
7076	351
5992	208
7501	172
7562	59
7379	1785
7286	4
7383	15
5959	213
7160	183
5674	5
8128	182
6960	1986
7548	0
5623	757
6851	1967
7592	127
5283	211
7707	78
6682	2847
4680	0
7112	2238
5105	1506
6974	45
7893	164
7642	2
7207	844
7156	100
5214	85
8176	633
8292	335
7094	51
7376	14
7080	1106
8122	295
8602	499
7178	47
5282	1442
5537	474
7936	309
5750	79
7595	727
7700	135
7756	93
7522	102
7202	681
7501	135
5964	7
6079	0
7191	136
6974	2625
7158	36
8002	28
7632	152
6051	10
7873	111
7174	23
7353	648
7726	555
8347	21
7207	57
6074	2
7758	346
7511	108
7375	69
7894	352
3085	2426
7453	69
5898	1985
0	1798
7880	89
6391	2339
6700	162
6267	386
7121	59
6240	136
7344	607
8374	300
5878	14
7497	6
7340	8
8345	152
7621	458
5480	576
7089	358
7494	157
8250	300
7746	3
7710	15
7726	0
7640	212
6802	1567
7405	25
6513	10
6366	2738
7284	31
8190	40
7745	44
7837	138
7680	58
7763	31
7600	243
7219	38
7731	110
7129	147
7709	55
7235	812
6581	1104
7802	1126
6891	9999
6849	866
6794	2218
7217	144
7101	1539
6838	368
6915	161
7682	284
7428	180
5867	431
6872	305
6794	1944
7274	304
7387	35
6760	2046
7435	19
5518	333
5555	4
6635	2116
7296	207
8281	1
7349	175
6856	248
7220	3263
5833	27
7122	546
7354	3
5802	282
7192	391
7336	390
7732	23
8434	1222
7550	434
7273	457
6268	380
7743	60
7271	82
5635	134
7294	355
8058	796
8058	430
6761	1249
7369	276
7256	221
7753	819
8040	165
6651	24
6059	29
8020	9
7866	197
5543	86
7559	134
6499	356
6388	691
4081	1021
8275	48
7618	810
7341	13
5726	21
8072	23
7037	128
5582	47
6802	2761
7748	52
6695	3240
5979	28
8156	0
7777	523
7344	72
7218	1977
7607	176
7364	170
7631	201
6777	230
4641	121
7326	862
6662	881
8396	421
4563	1123
6841	389
6845	12
7681	102
7211	326
7113	51
7090	83
7682	396
7432	2122
7130	3613
7892	147
6970	29
6569	1290
6715	2383
7133	108
7521	1100
7304	78
7890	215
6969	36
7567	29
6767	9
7421	24
7650	182
7585	437
7891	503
7880	102
5285	596
7395	137
7924	76
7390	210
7298	277
7636	144
7289	492
7426	155
7336	271
7438	5
6679	1343
7862	7
5231	53
7476	0
7077	665
7306	661
8310	10
7417	552
6629	389
7414	320
7048	356
6945	624
7589	29
7241	53
7840	7
7112	218
7079	744
7977	260
6852	92
7543	557
8223	120
6286	175
6564	1955
7388	124
6251	150
7358	195
7017	536
7187	435
6170	57
7062	337
7540	306
8651	945
7353	208
7092	121
6415	1861
9163	11
8253	266
6322	579
7937	332
7447	275
7481	72
7324	187
7476	460
7110	1
5740	313
6662	2053
5679	30
6610	1327
7409	226
6649	383
7560	76
6539	669
7231	24
6943	271
7690	758
6886	2840
5986	5
6975	46
5594	182
6412	2754
6078	565
7240	38
6665	2029
7394	387
7843	73
7733	378
7274	197
8054	167
5749	393
6866	6
8048	164
7171	2
5592	367
7281	3
7232	3972
7510	70
7847	52
7523	2
7086	98
5984	2
6774	19
7560	505
5491	76
6160	475
6365	1858
7557	53
7370	541
7416	2257
6881	263
6848	415
7732	70
7448	22
8961	63
7667	118
5994	89
7394	5
7345	162
7496	155
7148	74
7232	1476
7095	129
5389	147
4917	53
7283	37
5808	484
7863	215
7553	220
5987	6
7503	383
6912	11
7575	368
7203	1
7220	3058
5869	46
7391	81
6832	43
5046	2584
4551	3211
7699	978
4793	2676
9282	350
6772	552
7573	5
6502	2545
8389	0
6772	246
7099	51
4329	153
5894	276
6933	617
7274	3
5275	286
5401	22
7580	297
6542	168
7968	19
7419	612
6912	411
7592	22
7127	145
7358	41
7910	52
7207	1354
5318	49
5762	126
7448	748
6931	1937
6876	606
5585	111
6846	3029
6254	126
5791	1620
6518	47
7519	476
7305	152
7621	511
5958	12
6897	28
8166	79
7802	548
7781	176
7536	283
7548	408
8760	302
7216	5
7260	1999
7460	167
7474	755
6598	2033
7400	289
6980	587
7216	444
8225	1018
7264	130
5288	69
5004	198
8258	259
7304	887
8171	307
8248	52
6572	1
5591	89
6528	904
7183	217
7078	593
7996	672
6993	389
7019	225
8938	30
5410	15
7405	77
6153	802
7197	2361
7680	65
5603	47
7391	232
6878	2524
6927	899
7171	72
7327	181
5536	107
6955	0
7238	135
8230	395
7854	216
7933	122
7145	2478
7705	378
7480	3
8273	188
6426	137
7849	96
6917	415
5076	3755
6863	3224
7368	24
7685	154
7330	1154
7587	989
7085	26
7848	188
5572	356
8214	193
5404	256
6738	349
5381	30
7389	1121
6468	12
6743	38
7173	166
7906	465
8077	333
7771	11
6964	1375
7846	282
5086	38
6862	106
7326	1393
4971	1382
7472	35
7326	476
7400	245
7428	41
7187	638
6962	140
7950	1
5120	476
8011	319
7165	1744
7724	574
7666	124
7761	594
7258	8
7551	131
7645	175
7683	589
6754	1669
5874	495
8154	59
6187	289
7388	30
6326	7
5851	226
6910	629
7764	23
5342	2941
7465	0
5534	195
7575	0
8251	533
7794	247
5797	56
7696	37
7693	33
7167	2437
5804	576
7360	1132
4727	2895
5362	97
7426	257
7049	228
7895	81
6970	98
7824	82
6884	1808
8231	7
7428	402
7894	97
7093	25
6990	274
6903	61
7599	290
7265	112
7378	205
7195	18
6564	1649
5457	3934
8240	506
6454	124
6026	328
7689	15
7494	59
7348	13
8775	506
8450	0
7453	63
7755	739
6301	0
8020	273
7702	134
6794	81
5948	19
7772	585
7742	0
5954	556
7191	216
7797	438
7673	132
7366	1
7881	111
7860	292
5724	219
7619	201
7968	354
5953	633
6154	350
7222	92
7893	207
6194	136
6917	275
5480	159
7450	194
7639	566
7891	7
7338	120
5987	107
7788	153
7153	2076
7149	192
6578	1730
6082	130
6717	2072
7794	30
4768	1756
7994	103
5489	2469
7916	287
7474	1034
7386	361
7430	40
5567	1577
7047	499
6687	73
6739	278
7980	211
7123	32
6724	454
5462	66
5804	93
7747	84
4835	2446
8147	67
7705	77
7635	110
7491	297
8100	497
7436	528
7757	37
7733	158
7070	2077
8135	105
7150	1251
7698	185
7042	323
8039	6
7465	264
7321	200
7169	358
7694	232
7368	187
7607	2645
7615	139
5261	480
8193	24
5814	354
7423	52
6917	60
4440	4140
7110	244
7761	107
7474	261
6877	72
6312	866
7494	82
6472	2317
6960	740
7429	608
7029	425
6590	4336
8008	3
7653	826
6916	724
6085	306
7651	223
6739	53
7255	45
5580	790
7795	113
5904	78
7753	2
6549	2869
7875	498
6467	187
7472	68
7432	2
5593	15
7486	491
7449	704
7784	521
6382	1880
7530	79
7867	4
5717	386
7747	108
9348	86
5955	237
6925	271
6654	15
5577	605
7895	1
7158	129
6966	91
7350	124
7320	71
7539	2
5578	421
7421	36
8079	881
7506	35
7039	359
8386	53
7846	22
8157	354
7024	1298
5860	1586
5892	1071
7075	895
7469	10
7201	8
9999	542
6095	2790
7809	285
8846	298
7489	181
7170	32
7344	35
7030	1
7720	587
6642	134
7147	236
6028	4
7366	461
5962	618
8160	611
6305	1490
7892	216
8098	855
5800	1229
6591	270
6493	198
7196	48
8035	54
6255	209
7802	1208
5290	158
7730	946
6900	2820
7813	95
8107	387
7338	383
5316	68
7210	48
7163	5
7275	199
7552	10
7076	0
8423	264
7477	662
7123	296
7398	183
7309	174
7727	229
6204	2696
6719	1592
6323	294
8094	160
7047	377
7616	611
8015	256
7650	11
7125	25
7895	476
8561	42
5656	335
6342	2930
7162	71
8053	626
5962	80
3449	1912
7227	1291
7609	110
7993	206
8317	388
7974	42
5637	176
6151	39
7363	561
6104	3325
7240	139
5850	1499
7844	1239
7004	148
6002	82
5811	2356
6809	1417
7837	558
6855	335
5927	41
6832	1984
7919	215
8109	527
6383	42
7988	45
6030	1607
6572	1918
6889	1197
6953	127
7198	20
7128	127
7616	629
7410	63
7173	1115
7061	12
7636	1034
7470	5
8049	24
4984	524
8015	42
5147	189
6482	7
6126	301
7931	249
6313	580
6046	1237
7239	44
4505	0
7264	1012
7270	0
6676	1134
7191	17
6898	632
4941	46
7328	223
7790	303
7445	2
7388	749
7724	17
7775	52
7780	204
7080	1684
6916	1231
7170	141
7752	866
5227	3
7212	291
6298	267
7960	45
8774	11
7386	46
7752	255
8937	144
7801	67
6299	5
7798	238
6893	90
5985	227
8927	35
7768	40
6237	853
7053	287
6899	86
6109	169
7543	111
7556	281
6520	38
5469	1245
6950	15
6825	414
7504	203
8087	127
5759	168
6639	2534
7734	3066
7535	13
8318	27
3876	1543
6165	2604
7737	150
6260	2409
6682	3962
7433	59
7940	19
8098	142
7132	26
7025	3623
7604	47
7730	9
6890	3049
5697	698
5328	249
7356	85
8167	812
7426	83
7435	3
7410	189
5941	494
6040	9
8704	561
6443	991
6823	1945
6792	156
7706	312
6711	1263
7953	10
5179	1782
5255	4234
5311	47
7652	17
7697	204
7833	32
6795	364
7136	73
7782	292
5326	1
6908	1502
7079	538
3952	3303
5633	401
7678	185
8202	65
7567	231
7428	116
4171	3312
7208	2476
6830	139
5613	135
8301	11
5808	1811
8337	279
7169	1370
5254	545
5970	204
6981	47
7768	61
6281	9
7282	1278
7429	7
7481	110
8382	441
6306	52
7502	332
7196	280
6844	370
8613	244
7884	145
5959	4
6727	1370
7469	8
7637	2877
7376	8
7025	3590
5144	303
7854	1128
7749	203
8070	142
7557	8
7801	342
6030	373
7308	1495
7766	32
6725	75
7629	761
7851	242
7305	237
6189	9
8283	1460
7343	80
6550	202
7476	56
5585	378
8002	233
6632	146
7798	103
7887	42
6983	12
7272	388
7039	2344
7704	129
7451	229
7106	26
6077	234
6674	2308
7319	0
6838	2154
6992	340
7246	84
6317	19
7717	2
5016	5
7700	94
7611	190
6399	202
7470	419
8017	140
7252	23
7615	150
7069	339
8862	48
6529	2236
5786	27
7096	12
7371	355
6129	90
7294	422
5739	1
8028	161
7621	3
7311	1615
6831	2523
8017	1054
7609	32
7635	47
5560	419
5811	310
7858	371
7258	3440
5659	619
5552	41
7891	45
7715	340
7567	1
5931	30
7933	180
5395	104
7805	1173
7725	4
7710	740
6445	285
7079	0
7297	10
6633	2123
8887	141
7892	144
7292	57
6418	116
6594	3362
7798	201
6999	238
8000	4
5683	201
7007	2152
6578	2294
7386	27
7027	1884
6141	51
7129	2157
5925	533
7763	224
7683	2
6232	360
7531	13
6493	2456
5114	0
7397	515
8184	283
7870	279
8141	207
7603	120
4358	61
7676	227
6210	301
7967	185
7530	164
7723	19
5466	233
6240	2064
7530	64
7532	22
7081	73
6812	101
6909	402
7426	1082
5497	86
7985	275
7056	84
6472	426
7985	133
7230	267
7688	930
7980	381
5979	587
7273	105
7569	168
5333	2032
7234	284
7756	82
6915	1749
6690	1216
7698	1050
8129	193
8612	46
7757	207
7681	302
7341	584
8017	218
6287	2055
7502	84
8121	422
7583	589
7388	2008
6874	332
7716	496
7474	294
7655	566
7544	94
6951	2087
7283	2226
4400	3047
7498	115
7011	254
6888	196
5129	211
6977	1727
6922	1260
6663	575
7224	67
5441	72
7168	63
7836	14
7271	228
5995	526
7872	81
6958	114
6672	1859
7165	2972
6332	459
8070	130
6926	516
7569	641
7791	1
7596	281
6784	1225
7371	343
5901	236
7397	101
6431	156
4529	158
7657	205
7854	272
7169	489
7452	63
7581	10
8456	913
7791	499
7216	288
7172	0
8222	505
7809	174
7198	145
6777	102
7091	22
7012	18
7316	9
4924	2437
7556	190
6812	1859
6894	309
7705	19
5830	597
7787	173
7122	422
7014	417
7630	412
7843	65
7369	298
7805	65
7063	122
7708	124
7436	15
7783	10
8306	286
8487	1
6646	195
5862	193
7666	7
7279	205
7344	5
6678	1621
7208	143
7059	110
8595	119
7161	932
7618	619
7060	127
5776	135
6601	278
6727	5394
7304	170
7755	53
7758	304
6797	2441
6430	239
7759	38
7481	226
7465	144
7236	319
7875	318
7897	72
7783	616
8261	22
6939	173
7587	176
7929	5
5661	233
6929	463
7673	500
6978	189
7322	204
7016	3982
6077	0
7598	145
7667	75
8173	210
7473	74
7514	20
7507	441
7468	185
6697	805
4319	1585
8323	34
7655	274
5661	279
7262	348
7693	675
7014	55
7516	56
6859	3177
7336	18
5613	37
7170	27
7655	419
6286	26
7512	320
6852	52
7483	3
5288	4
7557	35
5320	1531
7579	176
7521	37
5709	229
7981	157
7723	629
7790	11
7323	400
7864	539
7641	744
8707	437
5211	14
6624	3031
7000	40
7234	80
5745	317
7892	147
7013	29
5095	71
7508	7
7110	157
7135	0
7513	294
7193	893
7444	18
6051	21
4679	1186
5022	38
7978	67
7753	4
7608	138
7151	60
8103	33
8102	10
7067	11
5822	18
5555	368
7613	4
7167	217
6729	200
5447	50
5948	80
7304	3966
7892	332
7031	49
7495	119
7510	1425
5982	3902
6601	1849
7655	741
7144	366
8109	152
7452	6
6413	770
5215	992
7898	167
7870	221
8084	0
7703	665
7205	762
5701	102
7106	23
7540	490
7389	830
5541	11
7565	970
6909	91
8020	62
7773	452
7056	360
6639	64
7424	203
6302	186
8636	135
7784	211
8646	52
7399	510
7811	416
7181	38
7643	149
7626	194
7940	115
8160	121
7784	653
7068	4357
7023	101
5942	1566
6001	114
8259	234
7637	350
7382	303
7500	493
6654	1840
7372	44
8534	174
7616	687
6867	2459
6512	46
4969	139
6804	1714
7793	13
7690	1574
7471	39
7658	12
7670	40
7840	214
7024	3162
6446	4
7332	3
7605	701
7414	759
7552	211
7083	450
7438	237
7153	1
7589	37
5429	8
7112	452
7593	1427
7219	1
7124	61
7114	76
7588	856
6606	1334
7060	70
6499	1085
7941	88
6376	652
7500	77
6121	236
7416	495
7482	503
7293	471
7385	339
7928	344
7975	243
7938	237
7650	367
7371	58
6390	1
7743	146
5713	101
6010	0
6154	185
4325	931
7365	615
7739	192
7513	470
7407	509
7723	29
6525	493
8370	506
7006	317
7497	899
6465	2908
5997	265
8003	396
5828	847
7063	2696
6984	1036
7416	2
8172	90
7415	516
5912	2460
4908	2237
7693	29
7318	4
7346	611
8561	150
7172	236
6910	1536
7747	1295
6788	18
6463	255
5323	2007
7739	439
6471	319
7490	317
7833	7
6980	265
6333	3406
5765	2502
5578	186
7155	256
7248	1485
6896	2984
5984	1467
7812	17
7282	16
6694	2425
7692	12
6916	0
7746	12
6701	275
6102	174
8450	58
7408	131
8061	35
6695	2233
6586	2724
6390	46
7606	6
7726	559
7668	13
8119	42
7310	208
7322	218
7599	218
7304	63
8639	8
8385	636
7646	62
7359	428
7349	283
5291	386
5969	55
7051	23
7326	138
7373	0
7752	58
6506	4904
7891	23
7159	64
5867	1537
7872	245
7916	475
7517	90
7533	44
7590	478
6564	1547
7835	2
6663	977
7204	1501
7898	5
8254	69
5534	283
7940	217
7466	15
7864	281
5810	17
7209	400
7566	947
6849	13
8009	1173
7110	708
7171	729
7252	86
7541	196
7304	9
8144	2
7615	15
5689	193
7665	752
8086	159
5458	286
5915	92
5253	216
7455	252
7778	213
7213	24
7507	479
5988	148
7819	12
7696	45
7100	64
7355	101
7258	1062
7215	25
5990	87
6954	104
7391	298
7396	608
7951	181
7293	301
8298	722
7786	2
7073	56
7274	34
4835	706
6328	1823
7572	56
7723	99
7153	280
7643	137
7702	1222
6859	846
5094	2588
7506	2
7307	363
8210	98
5437	93
6688	1158
6663	1171
7542	115
7577	716
7019	1488
6633	612
7310	99
7897	191
5305	37
7355	333
6269	906
7016	295
6156	98
8229	58
7540	25
6990	2197
7535	122
6212	695
7740	66
7285	165
7041	295
7014	11
7408	392
7738	212
6851	2136
5808	72
8447	18
7818	12
7598	426
7061	710
7287	307
7701	37
5127	389
7590	39
6679	2032
7687	255
7368	422
7175	253
7411	141
7444	613
7115	275
7891	160
7653	124
7855	112
7702	111
6153	1838
7254	120
6225	168
7625	405
6957	2760
7933	44
7858	37
8351	151
7316	285
5703	139
6606	47
4849	2226
7307	573
6915	144
5478	8
7276	557
8405	162
7687	550
5247	1715
6358	308
5690	74
7653	31
6567	257
5922	442
5974	41
8287	18
7664	24
7673	74
7629	247
7587	322
5371	235
8002	399
7419	619
7346	346
7362	412
6745	1309
5500	1970
7454	217
6219	913
7628	176
7811	5
7751	0
5630	101
6995	0
7390	342
7611	17
7659	44
8100	1210
7273	69
5845	13
7739	116
6858	2112
5886	735
7563	10
7087	45
6776	3
6851	1889
7644	13
6276	3
6240	52
7228	116
8101	1758
6870	2015
7907	99
7884	877
8279	111
7641	11
5119	8
5034	14
7015	59
7515	403
5812	372
6249	103
6574	503
7749	33
6921	149
7714	289
7104	104
8037	116
7146	103
7616	99
6378	74
6476	1563
7366	98
5015	15
7667	275
5796	379
5142	7
7632	550
4452	2364
6793	1444
7543	87
8389	530
6075	24
8414	7
7423	969
7561	19
6018	13
7180	69
7312	278
5391	49
7280	5
6956	2092
6981	365
7597	469
7355	1
7425	239
5464	14
4735	36
7515	454
6651	36
7814	189
7293	26
7799	382
5151	1407
7262	27
5501	988
6997	6
7514	174
6755	487
7767	323
6985	0
5813	35
7708	4
7789	309
6291	4373
4819	2026
7015	269
8961	256
7317	265
5817	194
6166	9
7034	1
6938	183
6957	128
612	1621
7541	441
7830	159
5830	7
8285	54
8072	910
7382	251
7353	2399
8674	1014
5372	525
5274	0
7713	507
4991	491
7715	969
7342	8
8218	1
5076	1
7221	115
8366	7
6150	42
7620	98
7771	787
7108	587
7538	144
7917	104
7675	192
7077	7
7387	410
6190	125
7499	75
7415	866
8544	214
6529	13
7369	123
7467	98
7311	589
8779	925
4104	131
7865	190
8136	489
7553	9
5190	1848
7115	2
6980	1611
6546	139
6892	768
7517	84
7433	173
7944	2
6792	2629
6932	2233
7994	24
8462	191
5605	51
7291	395
7387	132
7915	40
5731	214
7107	328
7839	132
7925	703
5844	477
5346	361
7473	90
6479	1235
7225	149
7431	126
8685	141
6013	575
7190	1427
5262	75
7181	1088
5709	356
6271	1
5025	965
5892	1249
7428	1708
7552	713
5005	34
7237	121
7494	239
7281	135
7404	243
6227	1192
6228	3
6840	100
7171	37
6175	50
7558	40
7416	119
7028	1632
7341	742
5804	89
4465	2182
7175	361
7614	3582
6387	2051
8041	940
7720	40
6032	1412
5936	140
7532	148
6721	281
7460	3
4897	8186
6953	1714
8016	533
7120	1
7538	450
5867	571
6538	543
7215	67
6928	129
7540	1029
7194	394
5301	251
5372	2371
6533	343
6793	62
6606	3
7846	275
6995	672
7481	55
6604	16
7130	1
8098	1
7599	662
8095	176
7728	314
7116	47
7960	174
5532	76
6692	1594
7220	1462
6536	3835
8035	0
7079	223
6828	1533
7287	4007
6721	802
6105	843
7319	8
7681	273
7124	117
7696	956
7144	1
6929	155
7541	2
7145	209
6626	115
5497	1164
7606	806
7750	154
7528	52
7991	340
8291	94
7085	359
7597	322
7461	211
5833	128
6631	2628
7374	150
7762	39
7384	33
6566	340
6853	356
6784	233
6131	18
7329	706
7439	254
6619	2634
