1	473
0	361
0	174
1	1459
1	49
1	3189
1	14
1	4287
0	2689
0	1272
1	1001
1	591
0	313
1	528
0	0
1	2585
1	347
1	882
1	7
1	591
0	785
1	591
1	118
1	320
0	118
1	827
1	1119
0	14
1	188
0	1147
1	1654
1	35
1	799
0	361
0	1195
1	243
1	2071
1	250
1	160
0	1376
0	139
0	28
0	2147
1	549
1	611
0	56
0	104
1	1654
1	1626
0	556
0	174
1	848
1	785
1	104
1	132
1	327
1	243
1	354
0	340
0	2849
1	2022
1	563
0	90
1	153
0	1202
1	1584
1	591
1	584
1	1758
1	1890
1	97
0	3711
1	104
0	563
1	1209
1	556
1	625
1	764
1	2446
0	445
1	966
1	250
0	56
0	229
0	1390
1	396
1	146
1	21
1	208
1	486
1	28
1	1591
1	181
1	153
1	459
1	1508
0	340
0	49
0	611
0	327
1	63
0	493
1	1084
1	340
0	1966
1	2404
0	1195
1	2057
0	2356
1	452
0	424
1	987
1	285
1	1258
1	820
1	841
0	723
0	28
0	76
1	146
1	438
1	723
1	584
1	1501
1	2043
1	1313
0	320
1	118
1	792
1	160
1	1675
1	35
0	21
0	1536
1	257
1	271
0	243
1	83
0	69
0	952
0	507
0	202
1	368
1	479
0	591
0	750
0	834
1	473
0	174
1	834
1	1577
1	1723
0	229
1	1793
1	1167
0	49
0	500
1	327
0	625
0	375
0	410
1	431
1	188
1	14
0	403
0	271
0	83
0	49
1	56
1	1251
1	757
1	28
1	1633
0	3724
1	1515
0	1668
0	1285
1	521
1	0
1	2891
1	3982
1	750
1	35
0	473
0	76
1	389
1	1042
1	14
0	2307
0	2640
0	2383
0	1536
1	1299
0	1285
1	1584
1	750
0	521
1	76
1	2057
1	14
0	931
0	1258
1	556
1	882
1	1167
1	1445
0	1612
0	1195
1	1758
1	2606
1	1682
0	0
0	6643
1	14
1	250
1	2251
1	139
1	160
1	493
0	132
1	785
0	1126
1	445
1	431
1	792
1	591
1	952
1	570
0	1008
1	896
1	639
1	208
0	445
1	7463
1	28
1	827
0	278
0	264
1	1918
1	42
1	28
0	2342
0	785
0	257
0	799
0	688
1	1529
1	1577
0	49
1	535
1	0
1	1160
1	167
0	132
0	160
1	76
1	236
1	618
1	1334
1	1633
1	3308
1	63
1	327
1	285
0	1376
1	563
0	2995
0	486
1	264
1	1654
1	1800
0	174
1	354
0	250
1	375
1	2300
1	132
0	153
0	841
1	2800
0	1285
0	757
1	208
0	63
1	2863
0	139
0	2203
0	2224
0	7866
1	2265
0	28
0	598
1	354
0	264
1	618
1	5899
1	1786
0	716
1	118
1	382
1	5003
1	1431
0	1063
1	271
1	63
1	97
1	1716
1	1230
1	521
1	375
1	1612
1	1167
1	466
1	2675
1	737
1	528
0	1556
1	2501
1	4732
1	0
0	479
0	389
0	292
0	528
0	500
1	250
1	2432
1	674
0	417
0	889
0	42
1	1237
1	389
0	611
0	1299
0	556
0	542
1	632
1	4426
1	1411
1	667
0	2293
0	966
1	750
0	118
1	1897
0	1397
0	202
1	834
1	7
0	792
1	160
1	1035
0	1167
1	160
1	0
1	396
1	1737
1	320
1	306
0	2175
1	924
0	681
1	195
0	320
1	591
1	1362
0	771
1	118
1	500
1	1348
1	174
1	14
1	167
0	347
1	910
1	7
0	1272
1	681
1	1014
0	1397
0	139
0	243
1	42
1	542
1	139
1	382
1	2376
1	507
0	549
0	389
1	709
1	987
1	1133
0	14
1	646
1	111
1	1126
1	445
1	896
1	813
1	6726
1	2647
1	3349
1	827
1	549
1	966
0	2863
1	42
1	855
0	174
1	83
1	577
1	1160
0	271
1	660
1	2237
1	1404
1	69
0	702
1	42
1	21
1	771
0	35
1	1939
1	250
1	2147
0	56
1	271
1	208
0	7
0	1862
0	486
1	271
0	570
1	570
1	2515
1	445
0	28
1	1605
1	716
1	375
0	264
0	2085
1	1126
1	104
0	1056
1	966
1	250
1	90
0	549
1	7
0	1800
0	1119
0	340
1	410
0	97
1	931
1	1730
0	0
0	2578
0	424
0	334
0	97
1	188
1	1028
1	2425
1	1251
0	959
0	278
0	709
1	14
1	14
0	174
1	195
1	459
0	285
1	618
1	5934
1	3245
0	1424
0	146
0	90
0	49
0	320
0	1049
1	389
1	229
1	1049
0	2356
1	514
1	111
1	229
1	132
1	1216
1	445
1	514
0	1598
1	195
0	459
0	500
1	354
0	521
1	1821
1	132
0	42
1	1459
0	1522
1	799
0	514
0	1626
1	347
1	153
1	1327
0	5225
0	3238
1	2404
0	1035
0	306
1	1695
1	2376
1	146
1	118
0	869
1	354
1	292
1	1049
1	452
1	1695
1	1306
1	188
0	931
0	1313
1	660
1	2620
0	2376
1	167
1	2224
1	646
0	1063
0	63
1	271
0	1779
0	466
1	63
1	3162
0	945
1	625
1	2807
0	3023
1	76
1	56
1	340
1	3106
1	271
0	361
1	3134
1	215
1	167
1	1550
1	7
0	299
1	83
1	1716
1	250
1	2036
0	1153
1	188
1	0
1	76
0	21
0	1800
1	1556
0	598
1	2015
1	1021
1	229
1	903
0	7
1	855
1	1105
1	42
1	0
0	1084
1	118
0	195
0	202
1	63
1	7
1	862
1	257
1	229
0	1473
1	473
1	181
0	90
1	104
0	63
0	0
1	417
0	125
1	2884
0	424
0	410
0	4204
0	1737
1	1188
1	1654
1	646
1	250
1	63
1	910
0	1001
1	952
1	69
1	49
0	896
1	2217
1	778
1	542
0	229
1	243
0	2793
0	2877
0	1181
1	49
1	1035
1	952
1	855
0	618
1	507
1	222
1	76
1	862
1	368
0	69
1	806
1	49
1	438
1	1987
0	229
0	681
1	1515
0	3419
1	97
1	306
1	1223
1	2133
1	903
1	181
1	56
1	7
1	1751
0	76
1	1299
1	1355
1	1014
0	76
1	7
0	83
1	1466
0	1980
1	5163
1	528
1	69
1	1946
1	35
1	500
1	250
1	1112
0	994
1	521
1	21
1	118
0	2939
0	49
1	473
1	403
1	229
1	1855
0	1091
1	2029
0	1251
1	250
1	292
1	1049
1	4148
1	2036
0	375
1	1195
1	188
0	2307
1	104
1	2043
1	813
1	7
0	1188
1	4378
1	1459
1	945
1	924
0	1181
0	188
1	3412
1	1550
1	347
1	3433
1	882
0	841
1	1411
0	841
1	584
1	7
1	1348
1	841
1	49
1	97
1	382
0	202
0	306
1	2501
1	2147
1	2453
0	236
1	1626
1	1939
1	841
0	21
1	208
0	917
1	1244
1	327
1	1042
1	174
1	167
0	1056
1	1084
1	3113
0	69
1	1626
1	2898
0	598
0	285
1	7
1	334
1	6149
1	35
0	5267
1	757
0	111
1	153
1	63
0	500
1	785
1	1730
0	340
0	1084
1	306
0	987
1	1716
0	1299
1	653
1	931
1	514
1	3606
1	250
0	5670
1	215
0	97
0	542
1	250
1	111
0	1445
1	632
1	118
1	2321
1	1744
1	848
0	466
1	1251
1	410
0	1209
0	1355
1	862
1	118
1	132
1	2349
1	104
0	42
1	90
1	1480
0	1369
1	605
0	354
0	820
0	889
0	1140
1	2779
0	63
1	3745
1	14
1	56
1	2133
0	1751
0	876
1	799
1	1133
0	56
0	417
1	2606
1	229
1	792
1	63
1	153
1	910
0	167
1	243
1	424
1	639
0	7
1	2627
1	848
1	181
0	667
0	327
0	486
1	139
0	2057
1	7
1	354
1	160
1	1786
1	1522
1	410
1	3217
0	737
1	243
1	111
1	1272
1	21
1	76
1	1702
0	514
1	264
1	2585
1	605
0	2939
0	3884
1	1181
1	250
1	354
1	1647
0	83
0	2460
1	35
0	876
1	1598
1	389
1	1515
0	1473
0	1028
1	1230
0	667
1	340
0	195
0	4704
0	181
0	507
1	1890
0	271
1	292
1	90
1	1584
0	90
1	1042
1	410
1	611
1	1404
0	500
1	2661
0	42
1	174
0	250
0	299
1	174
1	924
1	104
1	1682
1	334
0	403
0	69
1	14
1	257
1	5997
1	160
0	473
1	1438
1	7
0	118
1	438
0	1126
0	139
0	695
0	2481
1	3801
1	3009
0	1105
1	14
1	243
1	236
0	5010
0	2064
1	486
1	1862
0	1994
1	5017
0	125
1	1550
0	1327
1	215
1	2008
1	7
1	1612
0	243
1	111
1	382
0	2265
1	340
0	160
1	1091
1	1202
1	2703
0	299
1	2085
0	1723
0	188
1	1556
1	570
0	264
1	959
1	2557
1	83
0	799
1	347
0	952
1	486
1	862
1	549
1	1140
1	208
0	97
1	28
0	1202
0	7
1	104
1	1028
0	271
1	3565
0	584
1	2453
1	855
0	215
1	1174
1	1348
1	3280
1	236
0	354
1	14
0	2647
1	56
1	820
0	403
1	174
1	125
1	195
0	49
1	3711
1	1105
1	931
1	21
1	160
1	306
0	4635
0	1529
1	153
1	625
1	2738
0	257
1	535
0	1494
0	431
0	1049
0	278
1	1237
1	417
0	1459
1	340
1	188
1	236
1	605
1	605
1	174
1	1292
0	97
1	500
0	778
1	28
1	306
1	2321
1	69
0	549
1	1966
1	1397
1	466
0	848
0	4517
0	56
1	3085
0	1021
1	0
1	208
0	42
1	1709
1	215
0	396
1	21
1	354
1	104
1	577
1	730
1	1014
1	21
1	21
1	1411
0	1091
1	757
0	632
0	639
1	1682
1	3016
1	250
0	1939
0	7164
0	35
1	1862
0	139
0	299
1	757
1	1251
0	340
0	14
0	445
0	966
0	0
0	1939
1	7
1	160
1	208
1	2071
1	160
1	6476
1	139
1	514
1	146
1	1953
1	0
0	452
0	28
1	139
1	2564
0	2515
1	7
1	702
0	1411
0	7
0	771
1	264
1	139
1	3210
0	76
1	723
0	2779
0	1716
0	1404
1	42
1	1494
1	424
0	361
1	625
1	14
0	2682
1	28
1	1411
1	118
0	827
0	862
1	2140
0	452
0	69
1	118
1	410
0	7
1	4204
1	438
1	299
1	473
1	799
0	667
1	313
0	125
1	431
0	1119
1	1695
1	2515
1	313
1	486
1	188
1	125
1	1890
1	695
0	1279
1	7
1	118
0	7
0	542
1	208
1	334
1	2439
0	83
1	2571
0	681
1	7
1	49
1	785
0	313
1	1563
1	2467
1	271
1	750
1	90
1	174
0	28
1	2800
1	403
1	76
1	1195
1	1577
0	813
1	243
0	910
1	368
0	90
0	375
1	14
1	382
1	76
1	966
1	1105
1	987
1	2293
1	639
1	757
1	63
1	1119
0	1543
1	5218
0	639
1	215
1	521
1	222
0	424
1	2404
1	709
1	21
1	236
1	243
0	2425
1	153
1	2293
1	42
1	2182
1	507
1	1126
1	396
1	2022
0	632
1	2564
1	2258
1	1063
0	869
0	528
0	97
1	83
1	514
1	21
0	334
1	764
1	7
1	535
0	139
0	0
0	1237
1	1779
1	3627
0	792
0	28
1	3231
1	375
0	104
1	14
0	903
1	236
1	1473
1	855
1	709
1	4565
0	903
1	202
1	313
0	2703
1	771
0	2335
0	1508
0	737
1	445
1	174
0	4822
1	56
0	236
0	813
1	799
1	118
0	188
1	14
1	1376
1	139
1	1147
0	737
0	598
1	111
1	1049
0	966
1	1133
1	1188
1	229
1	4287
1	1209
0	723
0	452
0	215
1	2272
1	222
1	4134
0	243
1	1042
1	49
1	1188
0	778
0	438
1	3335
0	1695
1	327
1	0
0	2321
1	598
1	42
1	1258
1	424
1	584
0	681
1	236
1	681
1	507
1	195
1	778
0	646
1	208
0	285
1	1494
1	410
0	278
1	1397
1	0
0	361
1	1265
0	340
0	771
1	2224
1	2501
0	195
1	841
1	167
0	2981
0	139
1	542
0	1779
0	1689
0	2057
1	2057
1	792
1	2752
0	695
1	2279
1	327
1	76
1	278
1	1563
0	181
1	1147
1	257
1	514
1	21
1	417
0	1223
0	167
1	584
1	313
0	2842
1	598
1	236
1	3245
1	1042
0	1452
0	2147
1	479
1	4044
0	1925
1	14
0	0
0	7
1	424
1	35
0	681
0	42
0	1355
1	1904
0	2918
1	2175
0	6052
0	1098
0	278
0	1244
1	118
1	1494
1	681
1	7
1	1001
0	542
0	1807
0	208
0	2585
1	3016
0	570
1	1181
0	1299
0	848
0	945
1	49
1	1112
1	257
0	76
1	1077
1	660
0	35
1	966
1	2064
0	1008
1	1473
0	2154
0	3745
1	3933
1	0
1	160
0	90
1	188
1	7
1	0
1	889
1	466
1	347
1	14
1	104
1	1008
1	528
0	181
0	1028
0	2640
1	1105
1	69
1	1515
1	1730
1	514
1	667
0	208
1	14
1	271
1	299
1	83
1	639
1	639
0	1397
1	841
0	229
0	139
1	28
1	42
1	320
1	2543
0	195
1	139
1	195
0	889
0	28
1	375
1	1181
0	1695
1	3064
1	876
0	431
0	28
0	1654
1	757
0	2613
1	118
1	7
0	855
0	153
0	6045
1	4447
1	1980
1	903
1	813
1	625
1	2508
0	1890
0	2918
0	1827
1	896
1	605
0	361
1	21
1	3530
1	3801
1	3711
1	382
0	160
1	195
1	1709
0	14
1	5142
0	299
1	931
0	931
1	542
1	6073
1	229
0	1723
1	278
1	459
1	1959
1	49
0	966
1	486
1	1320
0	146
0	1320
1	354
1	396
1	1570
1	452
0	2279
1	69
1	160
1	56
1	167
0	2474
0	1605
1	813
0	2147
0	1126
0	4364
1	327
1	709
1	257
0	2175
0	570
1	347
0	1028
0	327
1	236
1	0
1	535
1	1181
0	83
0	4169
1	1112
1	257
0	1862
1	202
1	598
1	396
0	181
1	104
0	1216
1	354
1	375
0	1251
0	764
1	90
0	250
1	69
1	4280
1	250
0	215
1	598
0	882
1	21
1	1341
0	118
1	35
1	1091
1	1348
1	97
1	2015
1	14
0	1153
0	1584
1	1577
1	1327
1	570
0	841
0	1049
0	2592
1	778
0	1848
0	222
0	723
1	361
1	577
0	882
0	1209
1	2654
1	2613
0	111
0	959
0	882
1	445
1	2286
0	0
1	1494
1	688
0	1424
1	431
1	229
1	202
0	500
0	292
1	417
0	2425
0	445
1	195
1	2495
1	792
1	695
1	257
1	1292
1	21
1	4329
0	208
1	737
1	139
1	327
0	570
0	688
0	0
1	1529
1	174
1	862
1	1285
1	1744
1	21
1	250
1	299
1	2022
0	417
1	1355
1	7
0	56
1	7
1	174
1	973
0	1411
0	3829
1	278
0	563
0	146
0	139
1	3745
0	841
0	667
1	959
1	910
1	1028
0	7
0	202
1	285
0	132
1	528
0	69
1	1133
1	118
0	63
1	723
1	486
0	1160
1	1452
0	820
0	334
0	0
1	2057
1	1035
1	1445
1	1313
1	598
0	14
1	28
0	869
1	764
1	35
1	424
0	174
1	618
0	737
1	507
0	7
1	132
1	83
1	236
0	2328
1	4920
1	3780
0	438
1	83
0	104
0	5218
0	486
1	229
0	834
0	987
1	3203
1	876
0	452
1	1953
0	2793
0	1459
1	1466
1	660
1	0
0	1209
1	354
1	21
1	841
0	132
0	69
1	1209
1	125
0	2856
1	285
1	1140
0	236
0	188
0	320
1	28
0	1473
0	1834
1	76
1	14
0	4155
1	104
1	2036
1	188
1	973
0	1869
1	188
0	111
1	723
1	264
1	354
0	410
0	139
0	2300
0	1848
1	1911
1	202
1	188
1	473
0	118
1	118
0	5899
1	452
1	299
0	674
1	83
1	1744
1	493
0	3210
1	2786
1	4871
1	69
1	1028
0	354
1	639
0	347
0	3391
1	591
1	243
1	49
1	334
1	896
0	215
0	0
1	2627
1	1334
1	7
1	1647
1	2182
0	479
1	215
1	723
1	2175
1	1112
0	1362
1	1334
1	438
1	1008
0	236
0	813
1	118
1	2154
1	771
1	653
1	1390
0	2488
1	188
1	1181
0	0
1	250
0	869
0	1682
1	605
1	4572
1	945
0	146
1	959
1	42
0	299
0	167
1	299
1	243
1	1272
0	42
0	264
1	841
1	2766
1	980
0	1390
1	1147
0	1459
0	49
0	7
1	125
0	2446
0	1341
1	827
1	42
0	208
1	285
1	813
1	1626
1	1480
1	396
0	674
1	702
0	855
0	35
1	757
1	2675
1	924
1	1452
0	5726
0	466
0	4760
1	14
0	1376
0	76
1	208
1	174
0	570
1	403
1	1786
1	264
0	966
1	2175
1	368
1	889
0	7
0	445
1	855
1	876
1	0
1	139
0	1709
1	222
1	1445
0	0
1	21
0	14
1	14
1	1035
1	417
1	2640
0	452
0	764
0	1709
1	35
0	3127
0	222
1	521
1	42
0	1119
1	500
1	2008
1	723
1	3509
1	1459
0	28
0	1473
0	389
0	841
0	438
1	869
1	1035
1	160
1	2689
1	229
1	653
0	14
1	466
0	160
1	2550
1	285
1	1445
1	160
0	14
1	97
0	146
1	2008
0	28
1	2230
0	174
1	910
1	118
1	1001
0	389
0	764
1	28
0	396
1	1494
1	1112
0	737
0	188
1	577
0	4023
0	299
0	660
0	14
1	2682
0	167
1	236
0	438
1	1925
0	417
1	1987
1	97
1	556
0	424
1	208
1	876
1	528
1	876
1	250
0	1855
1	174
1	452
0	3106
1	1265
1	174
0	695
1	1320
1	354
1	1841
1	42
0	125
1	500
1	730
1	479
0	146
1	188
1	118
1	1675
1	83
0	69
0	2640
0	459
0	1654
0	1174
1	1869
1	1563
0	146
1	14
0	188
0	104
1	229
1	76
0	118
1	132
1	2078
0	2022
0	313
0	167
1	799
1	1223
1	292
1	14
0	146
0	605
1	49
1	389
1	1959
1	63
0	403
1	1021
0	1119
0	521
1	334
0	577
0	208
1	813
1	118
0	90
0	215
0	1744
1	1230
1	49
1	813
1	1744
1	139
0	702
0	208
1	521
1	1167
1	63
0	1890
1	841
1	1501
0	1445
0	2376
1	1188
1	2078
1	848
1	167
1	1494
1	2488
1	1723
1	1932
0	153
1	188
0	97
1	7
1	28
1	424
0	889
1	896
1	21
1	1279
1	1786
1	278
0	118
0	1285
1	146
1	1619
1	0
1	146
1	153
1	243
1	160
1	35
1	118
1	1334
1	2717
1	2363
1	1021
0	361
0	1098
0	76
1	466
1	160
1	271
1	146
1	1279
1	368
0	69
0	334
0	1244
1	417
1	445
1	2439
0	202
1	2703
1	653
0	646
0	737
1	3592
1	2105
1	361
1	1133
0	2098
1	4259
0	1605
0	507
1	486
0	549
0	3231
1	2501
1	4405
1	1362
1	236
0	2759
1	827
0	195
0	1911
1	264
1	1223
0	1042
0	160
0	49
1	945
1	1682
1	2474
0	104
1	83
1	361
0	334
0	1709
1	896
1	1369
0	7
1	403
1	1522
1	1008
1	125
0	160
0	0
1	980
1	889
1	2057
1	7
1	375
1	1070
0	1751
1	591
1	118
1	347
0	1445
1	862
1	2140
1	7
1	848
0	0
0	3669
0	445
1	229
1	862
1	125
0	5482
0	306
1	424
0	959
1	584
1	605
1	181
1	1737
1	632
1	1237
1	1612
1	167
0	431
1	403
1	681
0	83
0	2147
0	771
1	104
1	167
0	702
1	396
1	7
1	153
1	549
1	1014
1	104
1	5503
1	2036
0	292
0	1577
1	2522
1	202
1	514
1	28
0	375
1	514
1	56
0	1563
1	236
0	389
0	2342
1	21
1	299
0	1911
0	2307
1	1001
1	76
1	1730
0	3335
1	1167
0	2050
1	889
1	90
0	792
1	1501
0	1883
1	1181
0	848
0	1001
1	0
0	28
1	243
1	167
1	1042
1	188
1	959
1	202
1	3057
1	181
1	1174
1	1230
1	181
1	1508
1	1035
1	424
0	681
0	0
1	938
0	69
1	1953
1	1063
0	278
1	69
0	1063
0	347
1	153
1	1035
0	4767
1	674
1	834
1	1306
1	5059
0	278
1	49
0	7
0	730
0	215
0	382
1	2585
0	3231
1	347
1	188
1	605
1	1668
0	2508
1	334
1	1077
0	153
1	1793
1	1529
0	1765
1	271
1	438
0	42
1	306
1	1035
0	1369
0	35
1	2328
0	987
1	49
1	389
1	757
1	0
0	396
1	410
1	3085
1	174
1	7
0	292
1	1827
0	334
1	827
0	1612
1	973
1	340
1	1209
1	994
1	292
1	139
1	3655
1	285
1	1786
0	1133
1	69
1	1049
0	1035
1	598
1	681
0	334
1	403
1	910
0	236
1	424
0	987
1	2779
1	90
1	188
1	69
0	424
1	327
1	1438
0	1404
1	889
1	167
1	8123
1	528
1	1730
0	827
1	2495
0	1383
0	410
1	208
1	132
1	2571
0	486
1	56
1	611
0	917
0	257
1	556
0	271
1	83
1	1814
1	49
0	1258
0	236
1	716
1	1313
0	2606
1	1994
0	264
0	445
1	1661
1	153
1	1682
1	2189
0	7
0	1897
0	42
1	757
1	160
0	125
1	2550
0	396
1	2182
0	549
1	313
1	1522
1	910
1	139
1	695
1	903
1	528
0	3961
1	49
0	2432
1	674
0	174
1	1918
1	876
0	966
0	132
1	1445
1	507
1	959
0	271
1	563
1	1397
0	1709
0	83
0	1369
1	459
0	292
1	125
1	2939
0	222
1	1418
1	730
0	278
0	257
1	1515
1	577
0	945
1	174
1	730
1	1306
1	507
1	466
0	49
1	63
0	479
1	723
0	2960
1	2036
1	347
1	382
1	76
1	69
1	1793
0	14
1	42
0	174
0	1056
0	1821
1	181
0	1272
1	4489
0	632
0	1014
1	146
1	195
0	1911
1	1341
1	410
1	903
1	417
0	730
1	278
0	340
1	69
1	639
1	243
1	688
0	591
1	1001
1	5378
0	1188
0	3370
1	1556
0	507
1	2481
0	49
0	90
1	354
0	1765
1	229
1	410
1	222
0	28
1	2085
1	813
1	1119
0	7
1	35
1	396
1	7
1	292
0	111
1	292
1	76
1	1195
1	2675
1	76
1	83
1	410
0	56
1	730
1	139
1	76
1	1292
1	702
0	584
1	702
1	1112
1	160
1	139
1	202
1	1292
0	160
0	1112
1	1675
1	278
1	2682
0	181
0	21
1	2828
0	236
0	792
1	49
0	445
0	3106
1	368
0	1091
1	737
1	35
0	132
1	3412
1	1084
1	21
1	35
1	1153
0	320
0	1890
0	334
0	42
1	208
1	1244
1	1411
0	3301
1	584
1	882
0	2800
0	1647
1	375
1	56
1	361
1	0
1	987
1	271
1	215
1	2543
0	368
0	1105
1	3169
1	208
1	479
1	994
1	1008
1	1612
0	841
1	1404
1	3155
0	563
1	215
0	917
1	535
1	3210
1	146
0	452
0	646
1	63
0	202
1	827
1	2634
1	1223
1	2508
1	862
0	35
0	202
0	438
0	174
0	1508
1	2098
1	4225
1	1140
1	104
0	410
1	375
0	49
0	473
0	28
1	2599
1	598
0	1480
0	188
1	1251
1	174
1	111
1	896
0	1133
0	0
1	2620
1	306
0	21
1	306
1	1556
0	1028
1	28
1	42
1	910
1	306
1	202
0	21
0	3474
1	778
1	737
1	340
1	3516
0	6914
1	591
0	1008
1	674
1	910
1	917
1	146
1	570
0	737
1	69
0	1147
1	1480
0	1056
0	389
0	1251
0	1709
1	2508
1	2411
1	389
0	153
1	2300
1	160
1	1550
0	14
1	1320
1	69
1	500
0	632
1	118
1	56
1	702
0	35
1	1237
1	1654
1	827
0	292
1	3280
0	535
1	1369
1	4517
0	278
1	438
1	250
0	778
0	368
1	229
1	667
0	4308
0	42
1	2925
1	306
1	306
1	459
1	21
1	132
1	417
1	375
1	160
0	132
1	2029
1	438
1	83
1	1174
1	396
0	14
1	389
0	188
0	966
0	14
1	132
1	2043
1	250
1	104
1	5253
0	2738
0	153
0	28
1	76
1	257
1	910
0	1744
1	549
1	2098
1	1411
1	396
1	1890
0	3446
1	313
0	980
0	528
1	493
1	153
1	556
1	792
1	577
1	2168
0	1258
1	0
1	292
1	1522
0	1529
0	306
1	737
1	2230
0	709
0	111
0	292
1	35
1	653
0	285
1	49
1	4023
0	125
1	1334
1	973
0	403
1	229
1	160
0	146
1	285
0	3238
1	473
1	195
0	1716
1	730
0	723
1	667
1	83
1	702
1	813
0	1195
0	1723
1	410
0	2001
0	167
0	598
1	125
0	236
0	889
1	716
1	285
1	966
1	799
1	598
1	1056
0	271
1	528
1	202
1	236
0	1744
0	1285
0	1689
0	1744
1	389
0	340
0	132
1	396
0	834
1	0
1	2008
1	959
1	28
1	1397
1	21
0	4781
0	299
0	688
1	1973
1	389
0	139
0	7
1	21
1	4072
0	243
1	90
1	674
0	452
1	222
1	153
1	820
1	855
1	1216
0	382
1	146
0	1063
1	876
1	257
1	6115
0	1202
1	264
1	667
0	591
1	417
1	806
1	7
1	1404
1	28
1	14
1	0
0	1709
1	424
0	848
0	466
1	910
1	785
0	2203
1	1133
1	222
1	3711
0	132
1	271
0	514
1	862
1	285
1	69
0	1028
1	417
0	417
1	1827
1	327
0	21
1	556
1	5851
1	1827
1	507
0	174
1	1452
1	361
0	1272
0	361
1	2536
1	591
1	459
1	1070
1	354
0	862
1	1800
0	7
1	2606
1	1459
0	118
1	4468
1	49
1	195
0	743
1	9999
0	1598
1	63
1	625
1	882
1	924
1	97
1	1091
1	1668
0	35
0	980
1	4767
0	3363
1	1515
0	959
0	646
0	264
1	882
1	1404
1	3266
1	153
1	1126
1	2515
1	639
1	459
0	1925
0	195
1	104
1	1946
1	7
0	917
1	1098
1	56
0	1508
1	222
1	21
0	354
0	111
1	14
1	473
0	1285
0	771
1	28
1	160
0	327
1	0
1	222
1	104
1	764
1	0
1	889
0	896
0	1550
1	1167
0	313
0	1946
0	1279
0	3968
0	2905
0	1279
1	1883
1	347
1	4739
0	660
1	56
1	1063
0	3314
0	445
0	174
1	2793
0	542
1	1070
1	702
1	2932
1	1077
1	438
1	132
0	1251
0	83
1	1584
1	556
0	737
0	987
1	389
1	139
1	1431
1	584
0	841
1	56
1	945
1	334
1	959
0	375
0	14
1	973
0	827
1	493
1	1404
1	334
0	139
1	7
0	2515
0	862
1	299
1	63
1	1946
1	966
1	21
1	35
1	118
0	681
1	2098
1	229
0	257
0	1702
1	28
1	396
0	466
1	841
1	361
0	514
1	49
0	215
1	987
0	14
1	361
0	1362
1	1418
1	3648
1	841
1	153
1	146
0	466
0	1119
0	7
0	2196
0	1536
1	368
1	97
1	160
1	479
1	327
1	466
0	1515
0	375
0	855
0	1556
1	632
1	1821
1	980
1	257
0	625
1	1758
1	1049
0	14
0	966
1	1543
1	111
1	2272
1	1056
0	1126
1	167
1	111
0	1188
1	806
0	820
1	479
1	410
1	160
1	56
0	49
0	236
1	1084
1	667
1	181
0	486
1	2328
0	1285
0	514
0	1299
1	56
0	63
1	681
1	139
0	1515
1	97
0	1362
1	1598
0	146
0	7
0	702
1	69
1	980
0	681
0	1848
1	202
1	1438
1	903
0	431
1	2071
0	354
0	1167
0	97
1	14
1	334
0	841
0	445
1	389
0	28
0	681
1	2793
0	1028
0	83
0	222
1	139
1	556
1	3252
1	862
0	889
1	7
1	167
0	285
1	2856
1	5503
1	7
1	160
1	1668
1	695
1	1640
1	521
1	577
0	1550
1	292
0	2251
0	723
1	21
0	83
1	452
1	14
0	35
1	625
1	1265
0	938
1	3308
0	820
0	1279
0	577
1	2119
1	660
0	340
1	56
0	1702
0	1126
1	1668
0	14
1	14
1	1953
1	1904
1	361
1	139
0	42
0	236
0	479
0	3099
1	2807
0	535
1	945
1	632
1	778
1	542
0	1459
1	1140
1	236
0	660
1	125
1	2620
1	1424
0	3238
1	2168
1	347
0	1126
1	1091
0	764
1	1174
1	1230
1	584
1	473
1	2682
1	21
0	535
0	278
1	208
1	28
1	792
1	7
1	1035
0	3495
1	479
1	903
1	1543
0	181
0	14
1	111
0	1925
0	368
1	7
1	556
1	63
1	660
0	966
1	327
0	215
0	292
1	1223
0	361
1	737
1	771
1	792
1	3155
0	396
0	1070
1	327
1	1119
1	459
1	1077
0	340
1	2369
1	69
1	1883
1	111
0	827
1	361
1	49
1	104
1	931
0	862
1	1946
1	292
1	21
1	1550
1	0
0	563
1	14
0	2515
1	653
0	639
0	577
1	424
1	111
1	910
1	285
1	2224
1	195
1	1063
1	820
0	174
1	181
1	792
0	5760
0	1508
0	14
1	250
1	556
1	243
1	667
1	486
0	2529
1	2529
1	1167
1	1355
1	862
1	931
1	1167
1	625
1	1077
0	1223
0	56
1	208
0	1244
0	1167
0	63
1	340
0	7247
1	4676
1	618
1	1786
1	1105
1	382
1	1987
0	535
0	549
1	591
1	674
1	695
0	521
1	181
0	306
0	889
1	181
1	2675
1	479
1	1126
0	1473
1	285
1	438
1	7
0	35
1	97
1	653
1	514
0	1591
1	1084
1	2112
1	7
1	2786
1	2404
0	83
0	28
1	959
1	63
1	42
1	208
0	730
1	3224
0	987
1	396
1	924
1	917
0	917
1	473
0	2154
1	1119
1	3877
1	674
1	987
0	334
1	1487
0	2383
1	118
1	813
1	139
1	104
1	570
0	910
1	215
1	313
1	1209
0	876
0	174
1	1431
1	486
0	2453
1	1251
1	215
1	146
1	424
1	737
1	1772
0	2717
1	1126
1	528
1	1021
0	202
1	0
1	1682
1	3377
1	222
1	90
1	438
1	556
1	125
1	49
0	681
1	2828
1	479
0	1355
1	285
1	327
1	271
0	834
1	1932
1	104
1	1098
0	813
1	778
1	7
1	639
1	2279
1	806
1	466
1	1814
1	1438
0	2724
1	0
1	2654
0	876
1	28
1	21
1	702
1	1814
0	577
1	257
1	347
0	111
1	1577
1	292
0	3558
1	792
1	1153
1	69
0	1529
0	598
1	320
1	2578
1	2314
1	76
1	653
1	2390
1	688
1	521
0	375
1	250
1	681
0	535
1	493
0	202
0	1126
0	438
1	132
1	2877
1	327
0	493
0	2995
0	1654
1	195
1	63
0	250
1	42
1	563
1	2119
1	674
1	334
1	139
1	104
0	486
1	5795
1	382
0	125
1	1028
0	250
1	167
1	354
1	1119
0	785
1	1140
1	236
1	577
1	855
1	2182
1	459
0	702
0	3592
1	591
1	63
0	876
1	3356
1	2196
0	1028
1	938
1	118
0	375
1	285
1	4885
1	396
1	2001
0	1418
1	146
0	97
1	702
1	1237
1	243
1	994
1	0
0	750
0	611
0	917
1	111
0	910
1	285
0	222
1	0
1	0
1	2321
1	3106
1	2057
1	167
1	83
1	1202
0	3905
1	97
1	21
0	299
0	299
0	1793
0	3057
1	1209
1	2279
0	215
0	514
1	63
1	35
1	1355
1	69
1	737
1	3064
1	188
1	111
0	104
1	0
0	202
1	431
0	681
1	2092
1	153
1	493
1	69
0	56
1	1786
1	188
1	160
0	368
1	229
1	1612
0	49
0	1202
1	639
1	1140
0	375
1	521
1	577
1	264
0	1834
0	3613
0	1987
1	778
1	799
0	2050
1	76
1	695
0	952
0	917
0	479
1	42
1	236
0	1105
1	806
1	514
1	1751
1	181
0	1612
0	417
0	28
0	202
1	778
0	2592
1	1188
1	195
1	535
1	139
1	1098
1	924
0	389
1	1070
1	5323
1	236
1	1313
0	56
0	215
1	473
1	1119
1	1084
1	243
0	56
0	1695
0	737
1	834
0	7
1	21
0	535
1	1320
0	243
1	97
0	208
1	2126
1	667
1	1091
0	1021
0	1515
1	236
0	500
1	118
1	63
1	35
0	174
0	243
1	1821
1	167
1	0
0	639
1	56
0	2043
1	167
1	896
0	973
1	486
1	396
0	236
1	2036
0	104
0	862
0	83
0	1167
1	202
1	56
1	2939
0	83
1	1126
1	479
1	42
1	1459
1	1814
1	1084
0	21
1	1536
0	1272
1	2668
1	313
1	2133
1	3968
1	174
1	21
1	674
0	598
0	924
1	695
0	1536
0	2001
1	21
1	146
0	28
0	347
1	3467
1	459
1	2376
0	3877
1	695
0	76
1	1536
1	417
1	591
0	139
1	222
0	306
0	118
1	750
0	1174
0	876
0	598
0	1445
1	757
1	709
1	1786
1	389
1	222
1	1494
1	389
0	76
1	3975
1	7
1	584
1	500
1	229
0	97
1	389
1	2036
1	132
1	2772
0	778
1	646
1	660
0	1424
1	174
1	1001
1	63
1	1751
0	243
0	479
1	535
1	132
1	2022
0	90
1	1160
1	76
1	459
0	42
1	334
1	2905
1	153
1	153
0	1049
0	486
0	2696
0	1411
0	709
1	1584
1	104
1	417
1	3530
1	104
1	49
1	709
0	2286
1	3266
1	69
1	285
1	1008
1	3238
0	320
0	2710
1	1709
0	278
0	76
0	618
0	730
1	63
0	195
1	208
0	250
1	771
1	2501
1	7
0	1959
1	132
0	1876
0	1577
0	0
0	431
1	42
1	966
0	452
1	3711
1	7
1	556
1	320
1	2606
1	49
1	361
1	1841
1	1939
1	382
1	327
1	764
1	76
0	535
1	1466
1	1327
0	1987
1	375
1	347
1	188
0	313
0	2161
1	1299
0	917
0	7
1	139
1	14
0	2842
1	730
0	1049
0	493
0	14
1	750
1	1160
1	195
1	994
1	83
1	584
1	167
1	938
0	2564
1	181
1	473
1	403
0	49
1	1987
0	1675
1	1904
1	1536
1	563
1	21
1	966
1	980
1	473
1	1091
1	514
1	4107
0	987
1	459
1	69
0	667
1	479
1	556
1	2856
1	3856
1	410
1	21
0	2543
1	473
1	445
1	2203
1	563
1	2460
1	1348
1	63
1	806
0	466
0	1056
0	104
1	5330
1	132
1	521
0	368
1	514
1	3433
0	528
1	229
0	653
1	1014
1	1390
0	132
1	987
1	2321
0	646
0	160
1	2668
1	42
1	653
1	667
1	3189
1	500
1	3572
1	3968
1	507
1	2043
1	1883
1	42
1	56
1	368
1	4350
0	834
1	1591
0	625
1	1431
1	2376
1	132
1	1348
1	104
0	813
0	153
0	257
1	202
1	1529
0	1265
1	146
1	2168
1	424
0	1181
0	737
1	500
1	1306
0	945
1	1431
1	188
0	570
1	723
1	215
0	1334
0	1584
1	737
0	403
0	1279
0	3592
0	1550
1	396
1	2224
1	250
0	104
0	132
1	820
1	1306
0	195
1	486
0	507
0	0
0	2814
1	584
1	1014
1	535
0	306
1	208
1	1223
1	334
0	257
0	222
1	83
0	236
1	0
0	2105
1	1390
1	111
0	778
1	521
1	646
1	97
0	542
0	827
0	1042
1	889
1	681
0	2939
0	1195
1	132
1	750
1	7
1	2224
1	2272
1	2974
1	222
1	7
1	132
0	778
1	7
0	181
1	174
1	528
1	1014
1	264
1	806
0	5191
1	202
0	1932
1	35
1	5823
1	327
0	1550
0	466
0	1758
1	1077
1	1487
1	320
1	139
1	1800
1	1890
0	160
1	785
1	1424
0	1501
0	153
1	716
1	1042
0	5552
1	764
1	139
1	3412
1	889
1	605
1	2210
0	1793
0	3363
1	862
0	340
1	2071
0	292
1	257
1	2050
0	174
1	535
1	299
1	403
1	257
0	153
1	549
1	876
1	118
1	1195
1	598
1	7
1	681
0	4440
0	2356
1	118
1	76
1	97
1	2536
1	188
1	188
1	49
1	28
0	1973
1	1244
1	577
1	1188
1	14
0	0
1	674
1	473
1	1105
1	1153
1	222
0	1063
1	7
1	959
0	792
1	243
1	2168
1	1730
0	76
1	486
1	14
0	924
0	49
1	2814
1	1188
1	215
1	278
1	806
0	1473
1	855
0	7
0	0
0	7
1	14
1	2863
0	63
0	42
1	188
1	806
1	1404
0	1272
0	188
0	146
1	785
1	139
0	368
1	14
1	403
0	49
1	1209
1	21
1	306
0	1737
1	479
1	243
1	737
1	764
1	354
1	83
0	139
1	931
0	806
0	2752
0	396
0	2766
0	431
1	3509
0	202
1	1174
0	243
1	181
1	1299
1	417
0	2092
1	987
0	1237
0	375
1	1223
0	500
0	229
0	28
1	14
1	639
0	459
0	938
1	1689
1	153
1	952
1	97
0	396
1	104
1	42
1	3169
0	1501
1	591
1	271
1	0
1	952
1	855
1	243
1	118
1	1647
1	90
0	410
1	688
1	0
0	973
1	1063
0	618
1	188
1	1480
0	285
1	1473
1	1730
0	21
0	695
1	959
1	1028
1	1369
0	90
0	56
1	1063
1	3335
1	3982
1	2064
1	382
1	1855
1	507
0	257
0	632
1	1334
0	1911
1	806
1	903
0	591
1	737
0	1181
0	764
1	1181
1	764
0	2564
0	7
0	1640
1	118
1	1661
1	598
1	63
0	598
1	2189
1	42
0	1084
1	3585
0	1140
0	215
1	320
0	14
1	104
1	973
0	3815
1	153
1	452
1	660
1	208
1	702
1	2550
1	4482
1	76
1	660
0	313
1	2849
1	181
1	445
0	285
1	792
1	132
0	917
1	3961
1	1536
0	1876
1	605
0	1341
1	639
1	146
0	313
0	882
0	542
1	1411
0	1292
0	3009
1	938
1	188
0	1584
1	528
0	3690
1	570
1	0
0	236
1	486
0	431
0	681
1	1744
1	1091
1	896
0	1563
0	14
1	584
1	1605
1	1049
0	855
0	723
0	104
0	174
1	1814
0	466
0	1411
0	208
1	375
1	667
0	528
0	132
1	28
1	208
1	403
1	667
1	42
0	2668
0	375
1	1487
0	97
0	35
1	473
1	764
1	104
1	21
0	208
0	903
0	257
1	521
0	146
0	264
1	466
1	1793
1	208
0	28
1	14
1	785
0	535
1	2001
1	750
1	479
1	313
1	931
1	493
1	368
1	76
1	1285
1	160
1	35
1	445
1	0
1	1543
1	1466
1	208
1	445
1	542
1	688
0	973
1	181
1	1195
0	695
0	243
0	1661
1	1765
0	2481
0	76
1	1570
1	591
1	2147
1	320
0	118
0	174
1	1383
0	674
0	1313
1	959
1	535
1	208
1	153
0	452
1	153
1	5705
0	1265
1	737
1	382
1	584
0	0
0	486
1	1543
1	876
1	340
1	354
1	1285
1	924
1	1445
0	104
1	118
1	757
1	327
1	42
1	118
1	382
0	153
1	90
0	250
1	3884
1	514
1	0
0	681
0	375
0	3961
1	2085
1	938
1	1543
0	452
0	313
1	2078
0	674
1	49
1	1654
1	174
0	2015
1	2439
0	1779
1	1063
1	1418
0	827
1	4259
1	2376
0	1251
1	1508
1	104
1	431
0	2661
0	994
1	1744
0	90
0	14
1	243
1	21
1	188
0	299
1	361
1	174
1	1056
0	49
1	882
0	2884
1	208
0	0
0	257
1	292
0	0
1	709
1	76
1	1932
1	125
0	563
1	848
1	271
1	3940
1	1946
1	3189
0	153
1	56
1	1661
0	278
1	49
1	1563
1	1285
1	1049
0	1258
1	278
1	528
1	2071
0	361
1	2550
0	1452
1	827
0	7
0	896
1	167
0	63
1	229
1	2647
0	188
0	855
1	931
1	340
1	2349
1	0
0	90
0	222
0	195
1	771
0	382
1	632
0	410
1	146
0	1793
1	347
1	591
0	653
1	292
0	49
1	764
1	1147
0	243
1	56
0	118
1	1404
1	1890
1	28
1	792
1	14
0	3321
1	2133
1	2126
0	1695
0	507
0	1035
0	403
1	3238
0	2133
1	1188
1	2724
0	716
1	848
1	195
1	1515
1	83
1	4315
1	2161
0	535
1	1230
1	2265
1	806
1	1362
0	1543
1	76
1	521
0	570
1	139
0	35
0	1883
0	125
0	2244
1	910
1	827
1	584
0	14
1	1584
0	466
1	514
0	42
0	0
1	76
1	1049
0	229
1	56
0	2300
0	63
1	577
1	69
1	2397
1	229
1	1973
0	111
1	2779
0	2856
1	1702
1	1237
1	2092
1	889
0	570
1	417
1	56
0	743
1	111
0	320
0	0
0	167
0	375
1	514
1	1661
0	431
1	2175
1	125
0	1418
1	452
1	660
1	313
0	4364
1	132
1	1140
1	0
0	750
1	21
0	452
0	334
0	327
1	306
1	646
1	862
0	3342
1	2036
1	570
1	0
0	445
0	7
0	1661
1	848
0	1466
0	695
1	1251
1	1730
0	208
1	0
1	5038
1	1390
0	389
0	410
0	1230
1	0
0	174
0	737
1	28
1	535
1	1404
0	2363
1	14
1	208
0	28
1	549
0	1216
0	632
1	257
1	42
0	382
1	646
1	1174
0	306
0	3516
1	1320
1	76
1	1522
0	7894
1	556
1	42
0	76
1	146
0	945
1	83
1	757
0	334
1	2960
0	1105
0	688
1	56
1	7331
0	639
0	556
1	1008
1	737
1	320
1	2432
0	813
0	2300
0	2175
1	14
1	49
1	83
1	104
1	3419
1	625
1	1654
1	264
0	2376
1	3641
1	7
1	3189
1	2779
1	417
0	3745
1	2300
1	2279
1	1473
1	1174
1	466
1	354
1	1480
1	4503
1	4364
0	250
1	63
1	452
1	639
1	653
1	1084
0	1202
1	1028
1	792
1	403
1	28
1	1021
1	549
1	716
1	354
0	1744
1	813
1	521
1	1008
1	577
1	14
1	556
1	49
0	2613
0	570
1	181
1	35
0	611
0	459
1	1529
1	466
1	69
1	1348
1	243
1	1001
1	229
1	1001
0	2001
1	2529
0	549
0	3127
1	222
1	2592
1	1369
1	1369
1	424
0	980
1	1348
0	1869
0	764
1	1591
0	3016
1	28
1	3509
1	347
0	76
1	1689
1	49
1	3460
0	0
1	625
1	2592
1	1515
1	28
0	97
1	2446
1	28
1	473
1	243
1	35
0	3301
1	3266
0	7
0	556
1	250
0	903
1	1765
1	361
0	2085
1	1320
1	2147
1	1195
1	521
0	250
0	132
1	862
0	0
1	83
1	0
0	931
1	1383
1	375
0	229
1	320
1	2599
1	1070
0	1285
0	424
0	1230
1	2203
0	111
1	1570
1	49
1	681
0	695
1	361
0	2043
1	56
1	1404
1	14
1	1925
0	737
1	2328
1	215
1	3370
1	417
1	382
0	924
0	1223
0	6712
1	347
1	646
1	340
0	493
1	1313
1	611
1	1042
0	2105
1	1411
1	2682
1	174
1	653
0	625
1	90
0	97
1	361
0	334
1	160
1	1626
1	1390
1	799
1	1244
1	313
1	208
1	382
0	646
1	222
1	76
1	202
1	688
1	528
1	1320
0	236
1	83
1	146
0	3537
1	49
1	375
1	202
1	2696
1	750
1	771
1	591
0	215
0	354
1	869
1	111
0	4016
1	313
1	702
1	743
1	681
1	403
1	750
1	202
0	4273
1	1508
1	3558
1	104
0	3516
1	632
1	799
1	625
0	806
1	7
0	35
1	313
0	125
1	97
1	1112
0	1355
1	1098
1	111
1	2849
1	1028
1	21
0	215
0	1709
1	1195
1	125
1	792
0	1918
1	792
0	8512
1	702
1	1904
1	3891
1	76
1	452
1	702
0	1049
1	792
1	570
1	195
1	5892
1	2182
0	3294
0	14
1	208
1	1459
1	76
0	778
0	3085
1	63
1	222
1	924
1	7
0	49
0	917
1	834
0	653
0	632
1	208
1	2974
1	889
0	4391
1	806
1	118
0	1411
1	848
0	1855
1	132
0	69
1	2849
1	1869
0	1014
1	1452
0	632
1	118
1	563
1	452
1	1105
1	0
1	1035
1	577
1	632
1	639
1	1675
1	69
0	577
0	278
1	2335
1	479
0	2786
1	500
0	7
0	1077
0	2404
0	695
0	42
0	104
1	0
0	1779
1	1008
0	625
1	605
1	28
1	181
1	493
1	1001
1	2634
1	3238
1	8519
1	327
1	340
1	563
1	49
1	431
0	493
1	1223
0	625
1	0
1	424
1	7
0	2550
1	111
1	69
1	431
1	1473
1	97
1	382
1	382
1	7
1	716
1	3141
0	1814
1	125
0	7
1	111
1	2196
1	97
0	340
0	1251
1	28
0	195
0	938
1	340
0	292
1	1230
0	7
1	49
1	876
1	1550
1	125
1	195
1	417
1	994
1	841
1	42
1	3023
1	3092
1	466
1	3308
0	313
0	3453
1	820
1	611
1	327
0	1800
1	63
1	340
1	410
1	1001
1	1028
1	0
1	799
1	97
1	28
0	778
1	2244
1	584
1	167
1	202
1	1049
1	1084
1	3676
1	938
0	118
1	2112
1	111
1	285
1	1355
1	2307
1	924
0	2001
1	521
0	2251
1	584
1	577
0	2689
0	271
0	709
1	410
0	1251
1	111
1	320
1	577
1	2529
1	3037
1	347
0	236
1	69
0	49
1	466
1	1098
1	1709
1	97
0	104
1	340
0	21
0	250
0	605
0	2043
1	3134
0	1105
1	132
1	1292
0	368
0	653
0	1265
0	104
0	0
1	625
0	2119
1	403
1	417
0	431
0	924
1	660
1	1445
1	35
1	2022
0	2230
1	0
1	42
1	7
0	2599
0	285
0	174
1	542
1	792
1	21
1	2800
1	813
1	0
1	3766
1	1209
1	3280
1	49
1	459
0	306
1	1695
1	757
0	493
1	83
1	1292
1	6414
0	1341
0	83
0	208
1	632
1	97
0	56
1	21
0	63
1	507
0	1668
0	2953
0	625
1	1424
0	6205
0	229
0	688
1	889
0	1021
1	139
0	1487
0	1285
1	452
1	285
1	1160
1	1098
1	63
1	63
0	473
0	1633
0	5434
1	49
1	90
1	952
1	21
1	1883
1	466
0	417
0	139
0	306
1	737
0	264
1	806
1	2272
1	111
1	403
1	1522
0	1591
1	3419
0	368
0	591
0	625
1	111
1	2251
0	3850
1	1084
1	2321
1	1946
1	264
1	598
1	118
1	598
0	653
1	83
1	181
0	49
0	215
0	994
1	493
1	799
1	3141
1	382
1	625
0	0
0	1772
1	910
1	820
0	952
1	7
0	1202
0	473
1	459
0	1682
1	424
0	445
1	21
1	4114
1	1070
1	313
0	1320
1	1987
1	1098
1	97
1	549
1	167
1	987
1	97
1	1056
0	2738
0	4016
1	577
1	76
1	584
1	1105
1	493
1	139
0	63
1	1084
0	382
0	83
1	229
1	63
1	63
0	674
1	1056
1	750
1	924
1	368
1	1272
1	952
1	535
0	403
1	549
0	229
0	945
1	2147
1	229
1	695
1	69
1	271
1	855
1	69
1	396
1	681
1	528
1	3572
0	0
1	1285
0	403
1	855
1	1821
1	104
1	1925
1	2905
0	195
0	2390
1	63
1	869
1	743
1	1369
1	1515
1	1529
0	542
0	292
1	834
0	236
1	257
1	1793
1	375
1	104
1	320
1	7
1	848
1	327
0	3537
1	340
1	2578
1	639
1	1028
1	882
1	688
1	750
1	709
0	97
1	917
1	139
1	688
1	396
0	2043
1	639
1	542
1	49
1	132
0	473
1	361
1	639
0	7296
0	2168
1	3565
1	3488
1	1953
0	368
1	410
1	618
1	1279
0	104
0	1098
0	375
1	577
0	1973
1	0
1	403
1	7
0	2015
0	806
1	2383
0	215
0	202
1	90
0	730
1	591
1	347
1	90
0	528
1	514
0	160
1	222
1	285
0	125
0	570
1	285
1	104
1	605
1	1306
1	820
0	2668
1	730
0	3009
0	452
0	1619
1	1834
1	987
1	410
1	313
1	417
1	340
0	730
1	528
1	931
1	208
0	486
1	375
1	118
1	382
0	271
1	1237
1	7
0	153
0	896
1	257
1	4468
1	257
1	1716
0	236
1	42
1	396
1	2196
1	584
1	466
0	1452
1	2592
0	813
1	486
0	104
1	1675
1	76
0	361
1	542
1	3009
1	139
1	83
0	1682
0	56
0	507
1	778
0	466
1	285
1	1279
1	320
1	542
0	2376
0	750
1	208
1	702
1	153
0	500
0	42
1	737
1	306
0	368
0	632
1	806
1	125
1	174
0	264
0	938
0	2418
0	1619
0	3085
1	28
1	1619
0	625
0	7
1	611
1	250
1	785
0	466
1	111
0	396
1	132
1	2564
1	3634
1	1035
1	1230
1	750
1	1626
1	83
0	1876
1	313
0	167
0	431
1	111
1	236
1	521
1	1272
1	1862
1	63
1	3773
0	334
0	1035
0	334
1	1654
0	2015
1	473
1	76
0	514
1	42
1	368
0	97
1	3961
0	389
1	69
0	688
1	507
0	257
1	813
1	521
1	97
1	431
1	1313
0	1001
1	63
1	1793
1	375
1	2300
1	452
0	243
0	716
0	1042
0	1265
0	994
1	3384
0	1591
1	723
1	7
0	410
0	938
1	452
0	3599
0	215
1	292
1	709
0	737
1	500
1	1237
1	737
1	285
1	841
1	167
1	667
1	563
1	2467
1	250
1	528
1	1153
0	2189
0	2404
0	2960
1	709
0	2571
1	1126
0	174
1	0
1	14
1	35
1	570
1	1126
1	591
1	1848
1	528
0	3175
1	1883
1	1779
0	542
1	431
0	250
1	528
1	3544
1	667
0	188
1	1008
0	723
1	83
1	7
1	14
1	174
1	2043
1	1014
1	1285
1	188
1	792
1	2474
1	90
1	1966
1	299
0	389
1	354
0	2828
1	618
1	646
0	2147
1	4593
1	229
0	3314
1	431
0	21
0	1285
0	431
1	160
0	278
1	299
1	1758
1	264
1	452
0	3321
1	431
1	14
1	611
0	778
1	653
0	195
1	1793
1	1612
1	452
1	938
1	327
1	1279
0	125
1	556
0	431
1	1223
1	1320
0	56
1	202
1	2453
1	1285
0	1237
1	215
1	1348
0	1550
0	195
1	931
1	2974
1	938
1	76
1	1369
0	229
0	2328
0	327
0	1147
0	104
1	1251
1	3356
1	459
1	195
1	327
1	653
0	493
1	215
0	702
1	1508
1	1702
0	445
1	445
0	3585
0	723
0	1265
0	1779
0	903
1	1591
1	757
0	730
1	542
0	1737
1	778
0	716
1	195
0	0
1	361
1	493
1	2126
1	160
1	1105
1	118
1	3676
1	757
1	1668
1	49
1	493
1	3467
0	1584
1	1001
1	577
1	271
1	264
1	1049
1	924
1	49
1	188
0	994
1	2335
1	243
1	862
1	2835
0	1946
1	0
1	799
0	542
1	174
1	4579
1	42
1	90
1	7
0	2272
1	542
1	1494
1	56
0	994
1	403
1	2779
1	104
1	306
0	681
1	3446
1	0
1	49
0	473
1	327
0	750
0	493
1	1383
1	924
0	5260
1	195
1	528
1	243
1	584
1	1959
1	354
1	69
1	2133
1	1056
1	382
1	28
1	1675
1	104
0	188
1	2321
1	1028
1	215
1	750
0	146
0	674
1	264
1	709
0	208
1	1348
0	111
1	556
0	42
1	1181
1	181
1	757
1	1807
0	507
1	0
1	2877
1	2550
1	445
1	188
1	1133
1	160
0	104
1	855
1	222
1	3474
1	1008
0	660
1	215
1	2675
0	438
0	340
1	1418
0	278
0	306
0	591
1	146
1	2613
0	83
0	556
1	702
0	1855
1	2064
1	695
1	83
1	410
1	21
1	438
1	702
0	723
0	347
1	1209
1	1841
1	250
0	389
1	695
1	2105
0	466
0	598
1	757
0	229
1	1883
1	208
1	1466
0	0
0	2779
1	882
1	125
1	598
1	479
0	945
0	771
0	438
1	125
0	229
0	2640
0	208
1	493
1	243
0	1035
1	876
0	542
1	1973
0	35
0	2501
1	2995
1	63
1	229
1	792
1	591
1	14
1	1021
0	743
1	76
1	521
1	653
1	0
0	181
0	125
1	0
0	424
1	778
1	69
1	646
0	1133
1	876
0	2300
0	903
1	1814
1	2946
1	285
1	3099
1	63
1	354
1	681
1	1105
1	431
0	35
1	104
1	1584
1	1543
1	598
1	688
0	952
1	0
1	2112
0	1285
1	987
1	0
1	903
0	21
1	1765
0	146
1	257
1	1098
1	1814
0	340
0	1181
0	7
1	188
1	750
1	959
1	236
0	1501
0	7
1	764
1	139
1	0
1	994
1	1070
1	3592
0	1174
1	2147
1	271
1	327
0	2529
1	4482
0	994
0	188
1	375
1	347
0	2112
1	1021
0	354
1	1869
1	1334
1	1042
0	69
1	834
1	2668
0	1348
0	403
1	361
1	1306
0	1397
0	778
1	757
1	118
1	4162
0	771
1	69
1	181
1	2675
0	1070
1	521
0	1827
1	1411
0	7
1	1994
1	695
1	695
0	153
1	347
1	410
0	1800
0	493
0	1001
1	334
1	153
1	292
1	3794
1	702
1	632
1	1327
1	486
0	1695
0	146
0	0
1	653
1	264
0	1411
1	869
1	167
1	215
0	1265
0	4190
1	1821
1	146
1	1550
0	202
1	389
1	160
1	2147
1	966
1	3697
0	160
1	153
0	841
1	577
1	799
1	695
0	208
0	125
1	2071
0	167
1	514
1	42
0	2821
0	42
1	2189
1	21
0	764
0	195
0	0
0	375
0	118
1	1209
1	924
1	507
1	945
1	104
0	1285
1	257
0	792
1	869
1	618
0	1404
1	1014
1	813
0	1174
0	1834
0	2939
1	76
1	855
0	21
1	570
1	56
0	243
0	42
0	3995
1	1272
0	688
0	410
0	994
1	1112
1	1626
0	1536
1	2237
0	174
0	591
1	646
0	1397
1	1494
1	1216
1	959
1	896
1	132
0	243
0	111
1	952
1	1793
1	215
1	76
0	292
1	188
0	7
0	69
1	1001
1	674
0	966
0	2210
0	973
1	764
0	4892
1	97
1	410
1	327
0	2467
0	549
0	646
1	320
1	63
1	1251
1	716
0	1244
0	403
0	834
1	709
1	1953
0	90
1	549
1	111
0	1584
1	695
1	90
1	76
1	528
1	1077
0	952
1	42
0	4030
1	368
1	4273
0	1313
0	570
1	0
1	1536
1	139
0	340
0	4690
0	118
0	195
1	3620
1	188
1	577
1	69
1	500
1	764
1	195
1	750
0	1827
0	104
1	90
1	723
1	1063
1	1730
1	723
0	403
0	1251
1	28
0	1119
1	848
1	848
1	278
0	869
0	1292
1	1056
1	257
1	278
1	535
1	167
1	160
0	2620
1	1821
1	1105
1	639
0	2057
0	556
1	1202
0	1841
0	299
1	4134
0	1181
1	1424
1	674
0	2453
1	1028
1	389
1	250
1	938
1	5170
0	278
0	1251
0	1772
0	695
1	2383
0	320
1	1035
1	667
1	3558
1	28
1	153
0	222
1	396
1	229
0	208
1	153
1	1237
1	153
1	1480
0	0
0	2592
1	459
0	3134
1	716
1	104
1	945
1	1424
1	354
0	21
1	2022
1	750
1	855
1	167
1	320
0	14
0	320
0	42
1	431
0	1452
1	945
1	403
1	764
1	340
0	118
1	389
0	1445
1	1181
1	1959
0	417
0	431
0	7
0	104
1	250
1	1716
1	1279
1	862
1	7
1	42
1	2265
0	202
0	2571
1	1980
1	4176
1	5003
1	639
0	278
0	83
0	327
1	1841
0	1216
0	452
0	903
0	63
1	264
1	167
0	1126
1	153
1	605
0	820
0	459
1	410
1	1543
0	195
0	28
1	2870
1	4002
1	118
1	125
1	49
1	250
1	243
0	410
1	1014
1	611
0	4565
0	639
1	5121
1	709
0	486
1	167
0	368
0	1091
1	76
1	90
0	827
1	111
1	4906
0	459
0	1042
1	334
0	771
0	132
1	278
1	1028
0	1202
1	1126
1	153
1	3064
0	375
1	2349
0	278
1	56
0	1807
1	160
1	195
0	716
1	1522
1	514
1	556
1	69
1	1244
0	188
1	7
1	2522
0	56
1	28
0	5663
1	76
1	146
0	347
1	2383
0	757
1	1348
1	431
1	1619
0	340
0	42
0	1195
0	1362
1	424
0	63
1	2939
0	21
1	952
1	139
0	83
1	667
1	215
0	910
0	215
1	792
1	132
1	1376
0	2293
0	507
1	1848
0	1550
1	486
1	917
1	375
0	0
0	188
1	1438
1	167
0	605
1	1411
0	0
0	702
1	208
0	723
1	104
0	1188
0	1056
1	445
1	1730
0	139
1	195
1	1001
1	903
1	146
1	222
1	1299
0	966
1	605
1	2328
1	7
0	4906
1	570
1	3843
0	56
1	2939
1	271
1	1793
0	3426
1	320
1	111
1	3169
1	49
1	563
1	21
1	49
1	834
0	688
0	208
1	1355
0	306
0	445
1	202
1	389
1	0
1	792
0	1737
1	361
0	2237
1	292
1	855
1	3238
0	35
0	257
1	945
0	445
1	118
1	250
1	222
0	14
1	931
1	820
1	681
1	1313
1	160
1	202
1	292
0	785
0	1563
1	445
0	21
1	28
1	90
1	4426
1	63
0	1028
1	730
1	424
0	1834
1	417
0	90
1	63
0	646
1	4016
0	69
1	834
0	1237
1	3711
1	473
0	0
1	76
1	306
0	1786
0	1862
0	549
0	702
1	417
0	778
1	49
1	340
1	202
1	2078
1	1181
0	104
0	4343
1	466
1	618
1	618
1	56
1	188
1	1063
1	1181
0	646
1	327
1	667
1	111
1	1188
0	410
1	743
1	556
1	417
0	76
1	410
1	1508
1	1174
0	1751
1	2495
1	42
0	1431
0	702
1	188
0	2390
1	340
1	0
0	1404
0	570
1	69
1	1841
0	334
1	1077
1	208
1	438
1	181
0	737
0	2634
0	542
0	195
1	208
1	3509
1	28
1	1091
1	1091
1	931
1	160
1	208
1	139
1	35
0	6969
0	1147
1	813
1	591
1	2613
0	1675
1	264
1	1160
0	21
0	500
1	500
0	528
0	2119
1	486
0	2995
1	618
1	556
1	486
1	63
0	146
1	354
0	549
1	271
1	521
0	605
1	0
0	21
1	2404
0	14
0	292
1	910
1	2668
0	188
1	375
1	452
1	4114
0	757
0	750
1	1966
0	0
0	1973
0	577
0	195
1	486
0	938
1	2411
1	63
1	7
1	528
1	591
1	764
1	1265
0	69
1	1536
1	215
1	625
1	118
0	827
1	1855
0	97
0	69
0	1021
1	431
1	236
1	459
1	2717
1	785
0	35
0	681
0	1355
1	1598
0	764
1	181
0	160
1	528
1	174
1	63
0	618
0	264
1	83
0	202
1	7
0	306
1	188
0	1153
1	980
1	167
1	0
1	445
1	3815
0	320
0	299
1	688
1	952
0	452
0	1494
0	431
1	42
1	473
0	3752
0	2286
1	167
0	243
0	1682
0	479
1	83
1	306
0	1424
1	125
1	257
0	188
0	577
1	111
1	591
1	653
0	1209
1	438
0	785
0	347
1	2738
1	507
1	813
1	21
1	278
0	611
1	382
1	90
1	618
0	2522
1	549
0	167
1	125
1	556
0	799
1	167
0	542
1	4301
1	931
0	2488
1	438
1	292
0	5990
1	542
1	1438
1	1508
0	535
1	202
1	611
1	500
1	306
0	104
1	340
1	21
1	2543
1	632
0	827
1	1306
1	1709
0	584
0	56
0	188
1	737
0	42
0	466
0	702
1	3592
1	160
1	584
1	320
0	1668
1	1918
0	2613
1	889
0	903
1	750
1	1487
0	354
1	3648
0	507
1	716
0	271
0	1223
0	375
1	83
1	994
0	952
1	327
1	125
1	2404
1	1292
1	257
1	4496
1	2015
1	549
0	660
1	473
1	111
0	6184
1	167
0	160
0	49
0	479
1	1918
1	702
1	1230
1	2293
1	1647
1	146
1	42
0	63
1	347
0	4086
0	903
1	681
1	438
1	1668
1	473
1	1709
1	1758
1	1209
1	361
0	994
1	438
1	1341
1	2078
1	83
1	1077
1	188
1	2112
1	90
1	535
0	6087
1	1014
1	14
0	292
1	56
1	229
1	361
0	327
1	1091
1	889
1	118
1	236
1	21
1	1779
1	132
1	21
0	56
0	111
0	1862
1	452
0	2258
1	834
1	1306
1	340
0	834
1	28
0	76
0	493
1	208
1	1133
0	1800
0	3433
0	542
0	507
0	125
1	1327
0	125
1	1473
1	0
0	2001
1	139
1	2043
1	966
1	257
1	104
1	2856
1	1953
1	3002
1	1084
1	2328
0	104
0	0
1	514
1	340
1	1404
1	1049
0	313
0	3321
1	1167
1	76
0	1654
1	660
1	160
0	327
0	973
0	403
1	28
0	229
1	438
1	132
1	146
1	827
1	361
1	42
0	2981
1	118
1	1042
1	848
1	910
0	1862
0	49
1	674
1	424
1	14
1	486
1	257
1	1612
1	146
0	611
1	931
1	299
0	1341
1	1084
1	577
0	313
1	549
1	278
1	521
1	945
1	125
0	2474
1	69
0	681
0	0
0	841
1	479
1	417
1	3585
1	1438
1	1654
0	243
1	2154
1	1522
0	382
0	5698
1	4628
1	1543
0	2272
1	56
1	334
1	250
1	188
1	716
1	146
1	28
0	876
0	76
0	6323
1	820
1	2522
1	2314
1	841
1	222
1	764
1	278
1	6247
0	215
0	327
0	83
1	771
0	382
1	278
0	611
1	250
0	97
0	1126
1	236
1	452
1	132
1	1932
1	1800
1	2508
1	2175
1	862
1	222
1	63
0	2105
1	1084
1	1369
1	56
0	473
0	7
1	49
1	1362
1	7
0	466
0	5135
0	1577
0	49
1	132
1	250
0	3356
1	1230
1	7
1	660
0	591
1	195
1	1619
1	396
1	889
1	42
1	2911
1	42
1	1098
0	56
1	278
0	306
1	1452
0	139
0	1626
0	208
1	146
1	160
1	695
1	1320
1	361
1	97
1	778
1	153
0	1605
1	236
1	243
1	42
1	743
1	486
0	104
1	42
1	591
1	1480
0	139
1	250
1	160
1	500
0	743
1	188
1	4336
1	320
1	49
1	2661
1	500
0	368
0	63
1	278
0	28
0	83
0	63
1	466
0	257
1	14
0	97
1	4857
1	215
0	417
1	396
1	90
0	792
1	1466
1	1244
0	1209
0	3794
0	549
1	653
1	4913
0	139
1	361
1	1348
0	778
1	1390
0	3245
1	1362
0	3314
1	42
0	361
0	7
1	49
0	1049
0	493
1	417
0	7
0	153
1	1869
0	229
1	63
0	466
0	306
1	479
1	21
0	146
1	104
1	903
0	90
0	945
0	320
1	1411
1	521
1	1397
1	250
1	611
0	125
0	28
1	49
0	4385
0	111
1	757
1	910
0	681
1	1487
0	1772
1	1285
1	2634
1	1355
1	7
1	1126
1	208
0	250
1	28
1	215
1	674
1	1021
0	618
1	889
1	35
1	1195
0	3009
1	14
0	730
0	167
0	4336
0	3530
1	368
1	215
1	111
1	459
1	1390
1	292
0	320
1	1577
1	222
1	202
1	896
0	674
1	49
0	389
1	306
0	35
1	681
1	611
0	681
0	264
1	104
1	521
1	973
0	56
1	1014
0	1522
1	361
1	56
0	549
1	271
0	313
1	556
1	347
1	931
1	1577
1	3245
1	4044
0	806
1	980
1	7
0	354
0	1418
0	382
1	973
1	827
1	507
1	83
0	424
0	563
1	0
1	271
1	473
1	514
1	1126
1	56
0	5211
1	292
0	7
1	278
1	1890
1	813
1	90
1	7
1	445
1	2418
1	236
1	0
0	431
1	1473
0	327
1	1334
0	618
1	42
1	1397
1	549
0	49
1	2265
0	174
1	584
1	236
1	1202
0	7
0	598
1	632
1	1306
1	63
1	292
1	716
1	1077
1	1348
1	799
0	146
1	139
1	2189
1	667
0	563
1	2349
0	153
1	1014
1	549
1	2446
1	1153
1	1501
1	2237
0	250
1	250
1	181
1	674
0	0
1	750
1	35
1	2835
1	611
1	2092
1	1251
0	1077
1	49
1	500
0	299
1	1661
1	889
1	83
1	723
1	2439
0	1397
1	1272
0	4426
1	63
1	236
1	403
1	2342
1	750
1	632
1	862
1	438
1	1848
0	1112
1	452
1	660
0	285
1	2244
1	4287
0	327
0	716
0	445
1	2981
0	945
1	750
1	1487
0	118
0	424
0	848
1	125
0	862
1	49
1	2668
1	493
1	125
0	1452
0	813
0	681
1	737
0	118
0	1195
0	320
1	215
1	97
0	63
0	3426
0	493
1	730
0	598
1	417
0	188
0	674
1	834
0	90
1	111
0	21
0	1028
0	2640
1	417
0	181
1	125
1	431
1	1661
1	410
0	334
0	2578
0	1306
0	1327
0	771
0	49
1	3530
0	7
1	1619
1	195
0	104
0	917
1	556
1	577
1	882
1	35
1	299
0	76
1	966
1	723
1	104
0	2196
1	1008
1	146
0	1765
1	4649
1	2140
1	215
1	2071
1	382
0	1167
1	14
1	3405
1	1584
1	90
0	250
1	1265
1	146
1	723
0	1397
1	1355
1	2022
0	278
0	195
0	292
1	424
0	306
1	1480
1	1383
1	4114
1	4801
0	889
1	1133
1	417
1	500
1	202
1	403
1	28
1	49
1	521
1	2376
1	910
0	556
0	347
1	542
1	792
0	264
1	320
1	215
1	931
0	347
1	570
1	21
1	111
1	3690
1	3287
0	1918
1	2036
0	69
1	2001
0	3252
1	2529
0	424
1	208
0	473
0	208
1	973
1	750
1	375
1	931
1	14
0	563
0	632
1	250
1	7
0	1487
1	195
1	0
0	56
0	202
0	1209
1	382
1	500
1	271
1	132
0	250
1	2634
1	56
0	681
1	2230
1	646
1	570
0	21
0	4732
1	605
0	1994
1	1209
0	188
1	591
1	3224
0	132
1	771
1	90
0	63
0	0
1	521
1	90
1	1355
1	334
0	945
1	69
1	2272
1	2203
0	827
1	1591
1	167
0	6004
1	188
0	2224
0	3266
0	6156
1	931
0	382
1	63
1	382
0	49
1	1494
1	153
0	1153
1	459
0	507
1	1098
1	535
1	542
0	8394
1	1035
1	792
1	35
0	90
0	4030
1	535
1	118
0	813
1	1049
1	0
1	737
0	340
1	625
1	361
0	1723
1	104
0	2849
0	3509
1	222
0	285
1	1758
0	730
1	1279
1	160
0	354
0	292
1	1181
1	2071
0	14
0	1744
0	160
1	646
1	174
1	76
1	563
1	466
1	104
1	285
1	987
1	493
0	14
1	459
0	3023
0	327
0	28
1	90
0	570
0	132
0	243
0	2627
0	153
1	153
1	14
0	76
1	2939
0	876
0	646
0	2154
1	2071
1	396
1	535
1	459
1	966
1	570
0	3551
1	1292
0	97
0	771
0	987
0	382
0	243
0	882
0	1973
1	236
0	1327
1	2974
1	473
0	945
1	882
1	146
0	702
0	1042
0	445
1	28
1	208
0	1126
1	403
1	2772
1	174
0	1292
1	625
1	1480
1	2425
1	340
0	63
0	334
0	1153
1	827
1	1181
1	56
0	1327
0	479
1	14
1	14
0	1008
1	493
1	76
1	459
1	438
1	646
1	2932
0	1939
1	0
1	208
0	1494
0	723
0	35
1	160
1	236
0	723
0	7
1	1522
0	959
1	3419
1	327
0	702
1	97
1	3405
1	1848
0	21
0	264
0	3711
1	35
1	76
0	757
1	167
1	347
1	1334
0	35
1	334
1	598
1	250
0	1056
0	63
1	49
1	452
1	855
0	778
0	69
0	195
1	1619
1	7192
0	195
1	14
0	3773
0	3801
0	97
1	56
1	0
0	2133
0	466
1	313
1	632
0	375
1	361
1	577
1	4259
1	21
1	167
1	63
1	2856
1	479
0	5225
0	820
1	813
1	28
1	618
1	320
0	987
1	584
0	250
1	35
1	771
0	1466
1	910
1	792
1	896
0	813
1	153
0	945
0	167
0	1119
0	160
1	653
1	4558
1	1765
1	459
0	42
0	646
1	792
0	876
0	1140
0	222
0	479
1	1480
0	167
0	28
1	903
0	2369
1	876
0	792
1	1869
1	361
1	389
0	556
1	104
1	500
1	1480
1	570
0	639
1	243
1	375
0	834
1	1195
0	514
0	215
1	7
1	111
0	2585
1	132
0	514
1	389
0	1529
1	21
0	69
1	896
0	1744
0	702
1	764
0	1452
0	1195
1	771
1	347
0	3947
1	63
0	702
1	1362
1	1140
0	0
1	1994
1	2085
1	750
1	959
1	3662
0	28
1	1834
1	3599
1	521
1	285
1	1174
1	2766
1	1056
1	730
1	1021
1	577
1	1918
1	174
0	7
1	514
1	1049
0	292
1	3822
1	14
0	76
1	195
1	417
1	924
0	1258
1	785
1	340
1	681
0	1501
1	1668
0	667
1	208
1	2453
1	584
1	820
1	820
1	1473
1	792
1	97
1	952
1	35
0	285
1	1258
1	2210
1	438
0	2071
1	320
1	605
1	229
1	611
1	994
0	188
1	2098
1	243
1	7
1	2036
1	14
1	257
0	2495
0	2189
1	1925
0	1397
0	118
1	167
1	653
0	528
0	375
0	618
1	299
1	2800
1	4114
1	417
1	959
1	785
1	160
0	528
1	1605
1	118
0	806
0	292
0	63
0	132
0	4079
1	327
1	1105
0	118
0	813
1	1404
0	132
1	1209
0	382
0	917
1	0
1	1140
0	264
1	1821
1	1591
0	431
1	174
0	994
0	0
0	1966
0	1793
1	28
0	215
1	49
0	688
1	5489
1	1181
0	653
1	153
1	410
1	3308
1	2217
1	195
0	118
1	702
1	3579
1	702
1	340
0	403
1	49
1	1098
1	848
1	347
1	2085
1	514
1	222
1	56
0	104
1	160
0	869
1	1028
0	257
0	42
0	3127
0	910
0	181
1	730
0	1626
1	0
1	1223
1	799
1	3328
1	139
0	7
1	570
1	35
0	799
0	243
1	361
0	743
0	1042
1	28
1	354
0	1390
1	1244
1	938
0	118
0	1195
0	1786
1	1077
1	507
1	28
0	271
1	69
1	181
1	320
0	542
1	83
0	202
0	1362
0	146
1	208
1	174
1	1932
1	2314
1	42
1	49
0	1897
1	438
1	2314
0	570
0	2182
1	924
1	69
1	549
1	889
1	313
1	146
1	3467
0	202
1	111
1	118
1	1056
1	215
1	1452
1	2196
1	438
0	76
1	473
1	1890
1	764
1	778
1	0
1	1237
0	49
0	1223
0	5552
1	35
0	2578
0	486
1	660
1	90
1	1904
1	334
1	862
1	132
0	5955
1	1376
0	2800
1	14
1	1028
1	2043
0	69
0	2133
0	49
1	264
1	56
1	167
1	278
1	1119
1	7
0	6233
1	2168
1	2272
1	834
1	2363
0	28
0	354
1	257
0	2105
1	903
0	0
1	382
1	1014
1	1126
0	785
1	76
0	3363
1	97
1	347
0	299
1	3759
1	42
0	132
1	21
1	188
1	848
0	632
1	514
1	42
1	250
1	3752
0	35
0	271
1	591
1	1973
0	7
1	42
0	688
1	35
1	299
1	257
1	2043
0	730
1	1827
0	0
1	1292
1	49
1	8540
1	1202
1	7
0	577
1	1126
0	681
0	848
0	1167
1	667
0	1605
0	389
1	459
1	1661
1	4002
1	396
1	153
1	1973
1	591
0	49
0	2244
1	417
0	3426
1	521
0	4273
1	584
1	1494
0	361
1	174
1	1723
1	313
1	90
0	0
1	208
1	97
1	208
0	3287
1	222
1	2488
1	292
1	313
0	347
1	417
1	2397
0	97
0	1876
1	195
1	14
1	410
1	375
1	104
1	1376
0	611
1	5663
1	334
1	1105
1	56
1	1716
1	1077
1	709
0	6691
0	889
1	5746
1	215
1	1445
1	674
1	1306
0	2404
1	1126
1	3037
1	2050
1	118
1	160
0	869
0	83
1	83
1	1091
1	146
1	2689
1	903
0	917
1	2807
1	493
1	2397
0	14
0	876
1	21
1	4134
1	167
0	2467
1	591
0	125
0	3488
0	1716
1	361
1	4454
1	299
1	1480
0	1675
0	63
1	521
1	806
1	507
1	63
1	306
1	4218
0	1390
1	382
0	334
0	35
1	896
1	1918
0	202
1	709
1	354
0	125
0	243
1	1932
1	49
1	1598
1	257
1	396
1	750
1	792
1	2182
1	35
1	493
0	340
0	195
0	181
0	3412
1	7
1	3676
0	3856
0	69
1	528
1	618
1	1431
1	681
1	1070
0	222
0	1911
0	2314
1	188
0	667
1	1494
0	3169
0	14
0	42
0	660
1	396
1	674
1	63
1	1953
