6824	5135
6511	4062
7815	3869
9151	3583
6199	3815
5803	4066
8564	4362
6719	3740
7458	3641
8570	3800
7368	3938
9139	3579
9308	3951
6514	5102
7905	4232
8440	3549
9294	3980
8875	3578
7126	3559
7542	3943
7614	3791
4314	3686
8391	4196
8917	4054
5118	3617
7538	3633
8520	4177
4937	3635
6552	3997
5923	3710
8294	3691
8781	3766
8137	3622
7225	4533
6915	3661
8040	4150
6237	3919
6981	3589
3748	3679
6007	3661
6639	3751
8205	4631
5954	3520
7180	3619
7191	4061
8485	3603
8024	3909
6198	3590
7586	4494
6633	3584
9448	4370
8189	3919
6775	3768
4812	4126
7126	4023
7974	4895
5712	3923
6590	3532
8162	3790
7306	4589
7432	3858
7990	3583
7292	3902
7461	4204
7420	3570
6732	3584
5396	4278
8170	4579
9526	3978
6449	3832
6570	3772
8225	3540
8138	3578
6453	3836
6456	4215
3981	3579
6309	3631
8470	3883
7281	3912
8171	3592
6063	3573
8158	3833
5917	3674
8069	3547
7977	4737
9315	3589
9238	3969
8948	4064
5687	3579
7696	4336
7493	3742
6421	3674
8349	4140
6217	3725
7340	3597
6554	3787
7081	3868
6232	3602
8527	3576
7076	3720
7183	3949
7960	3678
7239	3584
2925	3578
9601	3907
8244	3579
8110	3989
6408	3681
8025	3601
9329	3611
6768	3964
5306	3824
8346	5166
6089	3578
7495	3877
8191	4212
8791	4384
7744	3621
8831	3718
5124	3677
7931	4165
6975	3775
8296	3685
5838	3682
7393	3941
6581	3675
6675	3784
7584	3599
8940	4029
7510	3774
8310	3694
7716	3578
9154	4190
8007	4053
5997	3586
8332	3999
7930	4428
7739	3575
7457	4213
6882	3698
8798	3831
4935	4369
9177	4129
8901	3588
7327	3579
7858	3609
8776	3914
7493	4728
7975	3578
4524	3720
7756	3884
6906	3568
6857	3619
7868	3614
4413	3642
7409	3582
7867	3612
7927	3679
8884	4415
7356	3851
4284	3816
7588	3808
6749	3931
8166	3578
7438	4084
8961	3579
8638	3821
6750	3293
5161	4222
9326	3595
5909	3696
8280	4277
5297	3857
8508	3777
3347	4215
6358	3803
1957	3579
6031	4129
8999	4402
5082	3647
7587	4319
6787	3707
4189	3864
9744	4307
7829	3578
8883	4173
6001	3775
6518	3573
6248	3981
6640	4011
7567	3646
4856	3579
7725	4235
6115	3651
8232	3596
8631	3701
6676	3595
8308	4542
4505	4090
7147	4086
7036	4279
6625	3579
6065	3856
8127	3583
6271	4902
6167	3933
9445	3655
8931	4435
5605	3861
3196	3531
4520	3592
8859	3894
8015	3937
6153	4275
7242	3909
9448	3671
7566	3675
7200	3979
8179	3635
8304	3658
8089	3548
6863	3635
5699	3727
7332	3648
7015	4820
8409	5196
7777	3746
6779	3889
7300	3647
6216	4230
7985	3690
7818	3757
7914	3663
6563	3850
8479	4351
7999	4521
4668	3730
8020	3759
8189	3710
7746	4199
8126	3881
4855	4015
8794	3727
7628	3942
6494	4186
6770	3922
8045	5108
9143	3590
6421	9999
8233	3733
7055	3757
7578	3890
6006	3702
8183	3963
8389	4681
5455	4094
7424	3813
8936	4699
5136	3850
5478	3656
8196	4231
6070	3776
6069	3829
7499	3631
6465	3572
6052	3578
6983	4228
6733	4570
6249	4012
5390	3628
6430	3587
9063	3578
7694	3655
6563	3621
6563	4029
5170	3845
8192	3766
7433	3667
8129	3643
8263	3575
6625	3858
8421	3611
7281	3968
6329	3887
7094	3610
7871	3592
7780	3976
6224	3606
4259	3604
5698	3589
8688	3643
7652	4121
5836	4426
8165	3906
7075	3668
7485	3572
6348	4357
7143	3769
7265	3636
5164	3612
4745	3496
6652	3565
6746	3730
5889	3607
5220	4333
8241	4262
6812	4003
8403	3622
9227	3572
6025	4014
7498	3862
7421	3945
7287	4074
7487	3907
8756	4197
9410	3824
8161	3674
7569	3670
8397	4197
5609	3659
6998	4002
8293	3801
8007	3739
8630	4339
6955	3752
7551	4851
6164	4945
8181	3990
5994	4293
6950	3686
5357	4006
5804	4242
6532	3590
9129	4659
8161	3596
4815	3675
7375	3698
8586	3736
6012	3827
8701	3580
6030	3840
7164	3567
6622	3748
7642	3913
7209	3782
5666	3655
8110	3865
6851	3589
7910	3579
4800	3841
8194	3644
5411	3583
8170	4296
4653	3937
7549	3600
6718	3826
6951	3618
8510	3574
7443	3674
8827	4345
6275	3976
6999	3580
8215	3578
8516	3579
6784	3568
6946	3584
5825	3581
5748	3901
7059	4370
9593	3630
8528	4701
5714	3667
6438	3758
7318	3708
7604	4360
7420	3952
7929	3751
7615	4541
8823	3962
7944	3557
5373	3691
5580	4088
7871	3591
9187	3980
3577	3847
6749	3551
5268	3622
8794	3603
8799	3647
8603	3725
7021	4158
8055	3650
7452	3671
6862	3707
7842	3597
8627	3805
6892	4002
7814	3662
6846	3704
6521	3881
4898	3578
9315	3738
6905	4353
8493	3584
8490	4631
7063	3696
7590	3977
8603	3594
6591	3634
7729	4745
5947	4073
6607	4210
6983	4150
7352	3956
7857	3675
7834	4250
8564	3614
3680	3652
8353	3550
8749	4731
7881	3913
8030	3593
9090	4395
7991	3564
7865	4117
8022	3789
6301	3588
5698	3391
5669	3592
9128	4546
7976	3591
5092	3578
7378	3816
7851	3885
7977	5482
7993	3608
8413	3923
5951	3580
7039	3597
4945	3583
9041	3581
9055	3930
7193	4018
7799	4864
6151	3886
8436	3880
7776	3941
8562	3580
6809	4279
7116	3880
7785	3739
5491	3201
5975	3659
9851	3622
8029	4130
8795	3916
8024	3666
7618	4232
5684	3897
9506	4269
2634	3673
8136	3889
1195	3574
7450	3694
6147	3612
5494	3681
6602	3578
9026	3619
7489	4240
8052	3547
9548	3866
9401	3578
7926	3653
7190	3579
6607	3847
8610	3650
8398	3590
7400	4057
7736	4379
9471	3676
6488	3580
6450	3407
8533	3732
6823	3624
8346	3578
6035	3619
6777	3669
8792	3987
6280	3811
6301	3889
6300	3595
8610	4243
7703	4278
6429	3561
5903	3979
9266	4181
8639	4000
7570	4004
8797	3978
8528	4364
7912	3658
7007	3590
7254	4121
9695	3578
5621	3700
8833	4826
8835	3687
2443	3812
6861	3727
8321	3586
8958	4584
8997	3703
6667	3578
6531	3607
5804	3685
6335	3742
5741	3509
8427	3986
8117	3786
8673	3932
8153	5630
7788	3623
6674	3578
6901	3758
5674	3796
6527	3580
6057	3681
7008	3611
7224	3578
8814	5475
6563	3738
4888	3827
8631	3566
5674	3581
8271	3919
7492	3942
8856	4190
5713	3698
5758	3848
9490	4071
7152	3682
6975	3578
8553	4247
6767	3576
6133	3981
8657	3774
7637	4025
7542	3689
7310	3637
7070	3577
7554	4237
6428	3852
8598	3863
6083	3817
6715	3627
6521	4057
8391	3685
5881	3596
6311	3941
7721	4143
9185	3861
5924	3926
7721	3815
7484	3842
8533	3909
5014	3882
5740	3593
6950	3596
5176	3603
7192	3584
5652	3581
5522	3599
8244	4356
6286	3774
4583	3922
7106	3691
7234	4037
5633	3912
7342	3634
6155	3587
4330	3802
8980	3814
6630	3772
3210	3613
5685	3578
7116	3706
5310	4299
6389	3580
9080	4311
8652	3856
7491	3753
8431	4202
8253	4096
7935	4387
7614	3913
7056	3699
8080	3579
7791	3584
3770	3734
7785	3624
7687	4173
6802	4480
5991	4023
7147	3711
5973	3980
8183	4223
7401	3709
8614	3885
5946	4199
8690	4221
8576	3652
4114	3605
5636	3589
6383	3578
5913	3700
7455	4275
5936	3977
7854	4378
5969	3761
7858	4304
7716	3913
9558	4003
8971	3593
8967	4742
6626	4218
5991	3578
8768	4286
6788	3939
6589	3622
7100	3945
6934	3795
8297	3578
8443	3578
8282	4172
7696	4464
5856	4021
7658	3578
5501	3584
6754	3997
8628	4060
7425	3578
8978	3635
6973	3755
5239	3631
9348	3613
8624	4020
6241	4619
7728	3823
9176	3805
8872	4089
7422	3728
5173	4003
2164	3578
6479	3584
6010	3854
6289	3734
8646	3841
5433	3600
8039	4074
8876	3659
5765	4042
8555	3765
6776	3608
9739	4507
4859	3996
7733	3742
8134	3920
5932	3568
7471	3679
8306	3700
6833	3965
7976	3644
7581	3856
7392	3648
5025	3625
7670	4036
7582	4441
7885	3870
8689	4720
6705	4089
7315	4125
8422	3702
7124	3778
7528	3601
6743	3879
8577	3627
4845	3644
8601	4064
8704	4299
5472	4071
6855	4351
8043	4386
8724	4333
7333	3805
8863	3837
6516	3952
6770	3908
7042	3765
8947	3726
8653	3891
9197	3630
7426	3692
7669	3664
7599	4088
8267	3703
7821	3925
9026	3642
7426	4009
7009	3601
4616	4074
7165	3658
8519	3821
8080	3754
6307	4530
6191	3100
6670	3545
5575	3725
8884	3655
7552	4252
7527	4238
7559	3789
4013	3996
4158	3578
5127	3627
8063	3693
8076	4040
7294	3693
6544	3623
8754	3621
8437	3800
7321	3838
8214	3614
8941	3609
9310	4348
7977	3916
7680	3586
6858	3598
6348	3840
8020	4018
7365	3866
7826	3677
7648	3756
6491	3587
7787	4695
4209	3623
7467	4019
6815	4451
6934	3497
8311	3948
7322	3578
8231	3833
6856	3873
4596	3685
7627	3544
9484	4372
5705	3582
9375	3578
6587	3871
7244	3710
6373	3579
4074	3820
7193	3693
6792	3637
8564	4499
8799	3860
5075	4249
7114	3721
8783	3985
5687	3700
6957	4614
7951	3576
8429	4701
6790	3581
7785	4159
5792	3861
6479	3588
6748	4198
8025	3842
7486	3590
8192	3820
5479	3803
8445	3680
4520	3585
8116	3578
4738	4023
6437	3675
6471	3591
8766	4580
6856	3748
3361	3583
6491	3578
8196	3945
6485	4022
7351	3578
8579	3583
8635	3893
6951	4201
6666	3706
7530	3593
8099	3868
9139	3606
7543	3630
8476	3994
6550	3840
6469	4083
6461	3590
7025	3798
8125	3784
8562	3883
6276	3596
7269	3649
7706	4085
7430	3763
6371	3604
7717	3593
4528	3958
7322	4090
7293	3578
5702	3735
7296	3621
8604	3588
7824	3591
7992	3686
9378	3984
7076	3833
7064	3578
8736	3695
6586	3580
3535	3575
8787	3751
6505	3647
9110	3875
5517	3675
6715	3827
9422	6124
8208	3721
7712	3311
2572	3671
7053	3841
6530	3870
7798	3985
7638	4009
7748	3687
7517	3750
8246	3571
7623	3619
8454	3730
6822	3941
6093	3633
7615	3864
8680	3600
7922	3723
7750	3628
6703	3579
7165	4561
9054	4435
5803	3613
6538	3967
8024	3608
6351	3599
8850	4026
6907	3791
2640	3747
3979	4003
7827	3825
8587	4405
9040	4365
8135	4142
4244	3745
6962	3588
6594	3649
7530	3913
8517	3585
6882	4518
7240	4000
7631	4078
8920	5255
6958	3905
8864	3578
7164	4016
7118	3799
5679	3789
8774	4442
7822	3913
8450	3506
7464	3584
6410	3585
7245	5150
6566	4180
7686	3579
6424	3629
9001	5429
6247	3657
5665	3752
8842	3878
7577	4604
5674	3177
8568	3962
8319	3651
6130	4689
8067	4514
7438	3921
9131	3865
4943	3586
7208	3794
8310	4340
7134	4755
7560	3582
7520	3579
7419	3786
8088	4063
8237	3627
8408	4393
7691	3572
6042	4201
8724	3663
7263	3982
6759	3835
8132	4139
8637	3916
8610	3969
6982	3615
9050	3935
8187	3582
9179	4235
3685	3588
8058	4810
7037	4576
8632	3902
4998	3577
7339	4039
6688	3654
6732	4194
8184	3724
5287	4557
5525	3608
8105	3578
8936	2688
8456	3897
7603	4412
6538	3603
9308	4402
8314	4668
8971	4468
6601	3711
8639	3581
5571	3580
8759	4211
8229	3581
6639	4037
6331	4139
7094	4278
7769	4932
8962	3677
9068	3695
8859	4021
6674	3815
6365	3697
7889	3615
5904	3593
8157	3976
4558	3672
8833	4036
6982	3576
6426	3784
7425	3800
7218	3751
8400	3679
9183	3582
9350	4046
6025	3588
8742	4041
5578	3748
8325	3861
6622	4052
7753	3579
6822	4033
5934	3591
8059	3931
8162	3595
6510	4800
7419	3695
7576	3578
7706	4203
7958	4151
8199	3688
8458	3710
6717	3752
9888	3597
5324	3579
8111	3897
8719	3590
6104	3584
4256	3564
5639	3580
7725	3848
7268	3578
7481	3686
6384	3703
8676	4181
7496	3578
6358	3864
6397	3819
5976	4103
8250	3596
7262	3627
7885	4336
8007	4989
6151	3814
5993	3582
6059	4447
6298	4080
6434	3703
7004	3584
7045	3579
4661	3675
8477	3737
6696	3578
9315	3890
6775	4223
6509	3579
7443	4065
9138	3776
8853	3808
7444	3579
8334	3764
8995	4090
6837	3688
4786	4171
6678	3144
7223	3592
5930	3578
4696	5124
6322	3913
5285	3746
7537	3628
7358	3734
6833	3993
9645	3768
8805	3600
8822	4552
9212	3808
7337	3838
5072	3988
8965	4454
6733	3962
4092	3640
6497	3660
7932	4064
6859	3813
7119	3579
7867	4037
6608	3633
9189	4934
7247	4730
4323	3582
8654	4945
6978	3906
9415	3576
7865	4156
7818	3784
8420	3575
8249	3650
7048	3775
8292	3578
7223	3626
8769	4735
7744	3590
5657	3881
6507	3713
6295	3964
7574	3660
7817	3606
8012	3714
4888	3620
7929	3615
6721	3664
8086	4049
6481	3948
8013	3763
6707	4105
8679	3581
6475	3677
8039	4569
7991	3887
8679	3692
6154	3737
6704	4021
7387	3696
7303	3581
7225	3903
6215	4452
8986	4148
6858	3659
8602	4618
8612	3747
6431	3709
7288	3624
8539	4723
8286	4183
7487	3695
7366	3702
4251	3583
2693	3602
8376	3680
8773	3741
6346	3775
9113	3633
8012	4266
7404	3585
7325	3581
5553	3590
7062	3635
7781	3712
7134	3687
6667	4047
7694	3600
9515	3700
7139	3744
8842	4075
9020	4982
8600	3981
7166	3583
8778	3840
6767	3403
7866	3577
5611	4080
6358	3709
6683	3676
8262	2697
6311	3951
8042	3582
6839	3766
7892	4459
7713	3582
8104	3848
4729	3686
4881	3683
2418	3588
4876	3758
7167	3817
7533	4196
6621	3602
7626	4614
8119	4148
6408	3818
7669	4093
7469	3578
7113	3730
8139	3702
8922	4496
8833	4023
6534	3584
9860	4251
7079	3614
8442	3566
8632	4129
8704	3787
8305	4098
7126	3598
7789	3787
5295	4201
7971	3652
7971	4365
8738	4275
7515	3578
6785	3578
8151	3668
6729	3588
6014	3923
4927	3578
7004	3789
4014	3624
5403	3927
8908	3581
5585	3721
8785	4361
6794	3586
6915	3893
6634	3599
8364	3878
5849	3596
7568	3939
7364	3578
8201	3971
4319	3603
7074	3705
5287	3614
7415	4274
7492	4121
9201	4085
6673	3579
6404	3594
8060	3855
5232	3615
8968	4264
7918	3578
7707	3982
6979	3716
7836	3776
7682	4228
6437	3624
7102	3744
7980	3594
7510	4002
6777	3580
8803	3617
6872	3528
8920	3582
8409	4028
7187	3589
4348	3678
8540	3458
8752	3898
6534	4007
6920	3644
6999	3916
5028	3723
6809	3871
7921	3744
8976	3578
7343	3575
8305	4089
7354	3600
7058	3656
8051	4772
7965	3753
7136	3966
6982	3540
9046	3776
6488	3648
7676	3581
7570	3688
6034	3660
7683	4471
7859	3593
9083	3886
9375	4214
7434	4296
3975	3975
4559	3613
7572	3692
7720	3581
5576	3572
8058	3779
4939	3586
8198	3992
6279	4069
7027	3821
7883	3831
6808	3900
6402	3580
8795	3682
6577	3656
8432	4247
9640	3578
6433	3973
8340	4714
8511	3822
5801	3578
7043	3834
7184	3972
9310	3625
5869	4740
8188	3737
4297	3581
4675	3584
4773	3594
7095	4153
7193	3578
7866	4637
6645	3750
4757	3930
7651	3683
8115	3623
7484	3617
6758	3582
6119	3868
9019	3614
7834	3578
7903	4000
7920	3778
7062	4066
6822	3845
7938	3698
8410	3933
4340	3580
7581	3632
7169	3957
6425	3667
3965	3495
2886	4459
9156	3581
8231	5141
5877	3645
8354	3886
6974	4158
5469	3626
5048	3936
7281	3583
5866	4061
7449	3634
8787	3860
8576	3714
7884	3966
7414	3747
7863	3607
7885	3768
6628	3581
7290	3582
7484	3876
8356	3684
5627	3578
6931	5357
6867	4413
7112	3766
5891	3578
8020	3620
7092	3673
7270	3837
8891	4045
6138	3734
6501	3581
7269	3840
4467	3424
6138	3829
7826	3838
7067	3772
7074	3747
7837	3682
7807	4246
9673	3901
7996	4154
7837	4518
9141	3609
5581	3626
9310	3969
7746	3582
6755	3584
6524	3585
5216	3960
6611	3667
8341	3984
7331	3970
8267	3573
8971	3874
6384	3598
7369	3579
8301	3890
5335	3579
7236	3750
6521	3648
7371	3908
5316	3571
7683	3842
9191	4419
7596	3581
8600	4800
8255	3600
6082	3576
5243	3641
4985	4184
8812	3767
7093	3932
7083	3578
8576	3787
8559	3871
8376	3585
7372	3559
7685	3637
7185	3748
8097	4140
5886	3579
8896	4763
7968	4527
4763	3584
7179	3626
3753	3280
7354	3577
8435	3669
4814	4743
6302	3707
9014	4733
7569	4441
8454	4342
7816	3677
8233	3578
6094	3607
7080	3578
9019	4662
5614	4280
7630	3772
7686	3817
7833	3578
7863	3694
8426	4115
8709	3579
6678	3755
7143	3752
2569	3848
6415	3854
7488	3727
7900	3580
7938	4180
8325	3640
8540	3956
8178	3915
5190	4265
3816	3579
8692	3880
7646	4413
9823	3880
6404	3581
5144	3592
5481	3609
6239	3537
7773	3996
8671	4302
8675	3613
5531	3685
6873	4774
5997	3598
6578	3577
7955	3633
5270	3630
8420	3628
6943	3583
6854	4125
8398	4131
7019	3885
6059	3280
7367	4431
8490	3667
6735	3715
4918	3642
6152	3873
7081	3623
7485	4015
6567	3857
8391	4293
7760	3600
6301	3568
7628	3584
6766	4029
8529	3776
6746	4478
5296	3638
8054	3865
9026	4109
8491	3948
8883	3686
8630	3651
5366	3780
8129	3921
7024	3593
7157	3659
8443	4020
9128	3930
8747	3601
7488	3621
9123	4076
5729	4027
8348	3880
5737	5506
6887	3775
7507	3968
7171	3749
5838	3739
7981	4460
8115	3579
8368	3656
9298	3686
6264	4398
6256	3861
5459	3586
8750	4288
9150	3598
6755	3920
7432	3922
9013	4637
8003	3760
7892	4157
4060	3862
7338	3749
7201	4016
7269	3578
5467	3742
7182	3754
6730	3710
6014	3551
7726	3602
6172	3583
7370	3750
8433	3774
7947	4217
7635	4217
8407	3845
7124	3579
7294	4082
8502	3641
7420	4127
6036	3989
8285	3930
7952	3580
6341	4172
7085	3645
7617	3656
6806	3576
8391	3642
9594	3612
7058	3848
7384	4266
8488	3715
7422	3868
8278	3725
8157	3894
8438	3714
7418	3814
5449	3798
8086	3697
8317	3920
6288	3569
6271	4435
8610	4178
8460	3701
6223	4890
7916	3980
5437	3738
5491	3654
5416	3626
8763	3885
5992	3515
7771	3596
5929	3580
8234	4134
7275	3909
6783	3835
8318	4071
7748	3760
8477	3562
8541	4228
8294	4485
8321	3575
7640	3574
6807	3729
8412	3873
6123	4038
7289	3061
8252	3636
8133	3829
6721	3675
6659	3577
3230	3922
5291	3606
6410	3585
8490	3649
8192	3579
8123	4869
5204	3651
3618	3752
7891	3753
5514	3578
6484	3729
8948	4405
9435	3973
8519	4744
3764	3578
5542	3751
7788	3829
9076	3608
7185	4297
7919	4153
8354	3784
7280	3578
9184	4077
7171	3968
7749	4418
4866	3584
8902	4166
8852	3672
6020	3731
8271	3660
7393	3709
6746	3579
4397	3783
7241	3732
7188	3579
6698	3793
8721	3901
7368	4415
8359	3900
8569	3596
6147	3594
9267	3702
8420	3849
4649	3752
7773	3877
8767	4675
5882	3685
7196	4190
8277	3578
8674	4509
7756	3640
7912	3657
7433	3759
5500	3820
7632	3999
8563	3579
7671	3968
6208	3626
8998	3880
7961	3652
7019	3582
7442	3943
8256	3776
8108	4044
5980	3904
5751	4368
4376	3580
8474	3638
7360	4181
8333	3845
7108	3796
7446	3773
4062	3633
7680	3890
8030	4147
6220	3579
7352	3586
6771	3663
8834	3625
7473	3776
7223	4190
7905	3718
8009	4731
6360	4049
6712	3696
7236	3690
7061	4014
7380	3593
6046	3700
6145	3578
6509	3695
6429	3664
6668	3668
7901	3711
8184	3613
9099	4153
7551	3630
8340	4064
7864	7559
8050	4501
8594	3911
8815	3740
7732	3619
8670	4948
6195	3577
9169	4815
5709	3770
7504	3588
4247	3809
6871	3580
6097	3570
3072	3620
7255	3866
4754	3600
8558	4323
9406	4069
7965	3632
4202	3579
7651	4146
7546	4210
6016	3446
6405	4004
8599	3644
6708	3709
6500	3647
6048	3755
5348	3587
6773	3723
8197	4160
5593	3584
5219	3608
7226	4291
7123	4499
5784	3642
9911	3578
7141	3627
8587	3810
7730	3589
7280	3919
7012	3847
8382	3672
7353	3674
7138	4110
7890	3987
9139	3722
7735	4079
7199	4104
8776	3808
6207	3739
7061	4045
6969	3578
5437	3696
7289	3870
8884	3958
7438	4818
6896	3578
8014	3776
6584	3951
5354	3620
5919	3731
3967	3620
5021	3587
7314	3578
7965	4184
7626	3579
9344	3968
7259	4589
6673	3720
6395	3585
8986	3891
6169	3833
7443	3868
5523	3591
8917	3783
8126	3738
6204	3588
4617	3575
8255	3600
5074	3957
8486	4304
7132	3716
7253	3577
7828	4244
6504	3585
6235	3997
8868	4004
6754	3912
7915	3656
8607	3936
8436	3877
7497	5484
5430	3626
8324	3654
7068	3690
8475	3883
8478	3599
7518	3752
7569	3728
9701	3812
8156	3790
6468	3593
7127	3666
7981	3680
4906	3708
8578	4762
7818	4714
6554	3578
6218	3578
5844	3930
7585	4819
8467	3578
9181	3581
7422	3601
8548	3903
6125	3814
8515	3690
8386	4260
8357	3931
8285	3595
8320	3766
6211	3665
7566	3819
9276	4010
8422	4119
6493	3778
4922	3702
6358	3811
6865	3709
6671	4234
8350	3578
7937	3766
8196	4905
8210	3636
8348	3586
8577	7131
5314	3623
7831	3637
9175	4069
6050	3809
8559	4192
6966	4669
8201	3747
4582	3613
8219	3724
8038	3853
5765	3651
7176	3576
5846	4196
8726	3779
7900	3579
4884	4217
8334	3820
5168	3790
8607	4294
7357	3814
3839	3929
6155	3746
6298	3640
7674	3581
3861	3616
8565	4094
7011	3770
8523	4219
4707	3580
8062	3837
6579	3910
9616	5062
6693	4006
8461	5354
8245	3597
8036	3600
7088	3810
6301	2891
9116	3973
7102	3741
6638	3636
7420	3783
6194	3710
8631	3611
7045	3725
5277	3564
5177	3792
8597	3742
8674	4698
8679	3577
5755	3734
6512	4140
8531	3622
8042	3664
4671	3574
7706	4310
6706	3929
5767	3835
8162	3590
6057	3797
7625	4357
6163	3814
8796	3736
7329	3580
7253	4695
8373	3587
7339	3692
9103	3821
5338	3728
5839	3578
7446	3668
7090	3839
7093	3578
6524	3578
8173	4106
7377	3827
7158	4566
8524	4677
8252	3779
6562	3585
6473	3608
8990	3658
7911	3592
9368	3986
7866	3781
5738	3692
8445	3613
6414	4459
7306	3744
8525	3889
5886	3616
9529	3700
2496	3668
7269	3583
7665	3929
5984	3880
6471	3748
6315	3902
6969	3968
7282	6181
7961	4440
8180	3969
6454	4234
8638	3661
7475	3578
5438	4237
7205	4569
7284	3669
7871	3578
4974	3620
4255	3578
8266	3569
9173	4434
8774	3578
6385	3569
7171	3974
6568	3601
8886	4115
5916	3578
5962	3571
8474	4282
8193	4009
8488	4242
6802	3625
8848	4480
7774	3727
8069	4324
6002	3578
6016	3882
8113	3805
4602	4097
7114	3578
9633	5076
6658	3755
7012	3706
7873	3809
7508	3707
7997	3606
6000	3620
8243	3745
7744	3750
8674	4036
8171	3621
8365	4909
7395	4071
7905	3638
5273	3604
7289	3581
7103	3707
5796	3649
6234	3590
8289	3794
6816	3595
5404	3884
8394	3578
7232	3497
7849	3557
7649	3846
7426	3922
8022	3723
6984	3611
8424	3578
7077	3587
6426	3842
5893	4241
8689	3844
8480	3752
9373	3849
7645	3576
7604	3811
8016	3777
6697	3763
6660	3578
8054	4223
8027	3698
7273	3732
5497	3628
6656	4567
7062	3876
6512	4063
7928	3604
9417	3578
6542	3594
8396	4318
5818	3873
8093	3625
7816	3739
8165	3848
7901	3789
7780	4075
7414	4550
5470	3932
6612	3584
7995	3876
9195	3860
7848	3589
7830	4201
9836	3653
9391	3598
7916	4060
4757	3578
7916	3648
8477	3556
6500	3593
5780	3666
5864	3578
8167	4089
7649	5021
9351	4081
9494	4536
6110	3578
9346	4243
6736	3854
5819	3695
7572	4038
7768	3615
7043	3929
7749	4203
6785	3867
8083	4270
6485	3619
9528	3600
6106	4190
7248	3709
7356	3697
7416	3577
5908	3756
9163	4025
6513	3818
6100	3839
9002	4232
7525	3988
5729	3586
7327	3613
8618	3594
8045	3688
7550	3949
5645	3755
6819	3716
8265	3746
8287	3781
6991	3663
8459	3693
5269	4075
7416	3921
7049	4487
8899	4157
8133	3578
8727	4045
8778	3687
6740	3648
6785	4798
6201	3733
4866	3880
5100	3759
6380	3864
7049	3870
8208	3866
7591	3580
8400	4378
8624	4081
7237	3980
5335	3879
6331	3583
8193	3699
7727	4549
7255	3642
8127	3612
8947	3737
6681	3789
7092	4055
5040	3600
8246	3688
7347	3909
3934	3578
4597	3577
7678	3585
7450	4317
7490	4153
6294	3585
6617	3997
8079	3836
6819	3909
8696	3605
7547	3828
8605	3921
7792	3871
9106	4445
8215	4322
6100	3585
7589	3657
9686	3578
8840	4364
7805	3755
5318	3890
6703	3582
6918	3700
8286	3550
7995	5121
8866	3963
6675	3589
6881	4149
7884	3841
4914	3611
8222	3954
9117	3981
7910	3605
6952	3670
5634	3689
6697	3591
7491	3741
7840	3911
8645	3731
8169	4596
3447	3606
7559	4053
7341	3747
7213	4569
6093	3682
7731	3936
7560	4058
4785	3585
6255	3703
3595	3593
5961	3873
5498	3714
8457	3602
7152	3540
6197	3678
7950	3739
7113	4649
6685	4176
7943	3911
6701	3578
7164	4498
8717	4237
7178	3802
8449	4726
7268	3625
7977	4528
6337	4081
6057	3739
8030	3787
6609	3862
6685	3585
6393	3587
7114	3579
8003	3611
6575	4144
5619	4040
7713	3868
8005	4741
7021	4259
6917	3971
8627	4334
7235	3720
8500	3664
6669	3742
6544	4016
8603	4018
5434	3955
6387	3830
8573	3658
5579	3524
8687	3636
7794	3853
8870	4120
8276	3863
6311	3851
4821	3588
6336	3611
7343	3810
9666	3967
7093	3747
5882	3994
7303	3771
3349	3597
8115	3806
8154	4919
8496	3832
7738	3884
7873	3844
7411	3625
5984	3690
7665	4690
4061	3694
8504	3580
4585	3634
8981	3613
7420	3905
8101	3801
8029	3713
5585	3693
6897	3774
7502	3639
8626	3757
8317	3677
6989	3621
7107	3762
6362	4207
6257	3578
8697	3579
8670	4228
7919	4182
8310	3738
7360	4168
8729	3657
7615	3962
7438	3643
8462	3886
6935	3677
5972	3734
7971	3861
6973	3683
7425	3184
7203	3530
8512	3729
8303	4852
5307	3579
7423	3729
7722	3653
8553	3581
4974	3668
8638	3847
8219	4638
7657	3676
8175	4302
7508	3688
8578	4842
5441	3792
7191	3659
7298	3714
6322	3581
7828	3647
7176	3635
7603	3581
8774	3578
7874	3804
7102	3843
7186	3834
7392	3732
6772	4415
7294	3846
6124	3579
7000	3601
8085	5122
8057	3671
7560	3628
7986	3583
8431	3914
4252	4613
8564	3966
6763	4212
6639	3559
8298	4278
7244	4159
8306	3884
8471	4601
7257	3860
8194	3657
8398	5067
6957	3727
9115	3692
6979	3769
4049	3638
7558	4429
8384	4149
9349	4267
8521	3745
8285	3781
6268	3781
7577	4092
6305	3911
5563	3583
6615	3578
7661	3675
7695	3895
5385	3577
7042	3899
8425	3583
7140	3957
6932	4151
8329	3579
6418	3585
8436	3668
7300	3835
6691	3578
7153	3589
8189	4239
5337	3937
5395	3633
7834	4804
8228	3849
5558	3578
7649	3766
7210	4535
8482	3580
6927	4158
8278	3621
9535	4187
4501	3793
6706	3984
6896	3578
2836	3688
6486	3620
6659	3636
8936	4012
6601	3603
7471	4133
6950	3859
8447	4131
4034	3812
6189	3593
8089	4379
5585	3579
8061	3578
7992	3901
9125	3709
6456	3584
7200	4533
9005	4001
8862	3652
2831	3658
7826	3570
7272	3635
7752	3685
8203	3771
3250	4299
6969	3579
8251	3582
6488	3806
7214	3628
4741	3907
6547	3578
7960	3606
6939	3942
8240	4362
8271	3962
7609	4013
5226	3575
6242	3870
6990	3661
7100	4045
6905	3601
5462	3578
6878	3773
5853	4008
7962	4142
5626	3636
8435	3753
7847	3607
6132	3966
8337	3576
6539	3765
4222	4228
4598	4036
7214	3584
7988	3855
6449	3911
807	3628
7051	3952
6204	3709
6196	3605
8127	4143
6511	3879
7722	3723
7505	3619
7645	4133
6930	3571
8796	3642
9146	4025
6612	3566
6300	3736
7385	3976
6065	3646
6684	4075
9172	3581
8363	3874
8144	4176
7796	3834
2735	4218
5830	3799
8096	4015
8082	3574
8327	3886
7189	3629
5698	3925
7938	4887
5352	3752
6532	4521
5709	3603
6724	3979
8196	4225
6745	4211
5698	3703
4699	3872
8265	3969
6891	3845
7101	3719
8456	3578
8775	3662
6989	3578
5974	4679
7038	3506
5445	3621
8665	4216
5871	3663
6946	4104
9441	3880
8644	3590
8128	3662
9025	4594
9460	4298
6578	4926
7827	3755
7370	3637
6242	3582
5357	4166
7652	3768
3986	3687
7622	3929
8343	3579
4619	3576
8489	3593
8771	3577
6835	3581
7420	3585
7532	3580
8772	4930
6341	3947
7787	4764
4206	3565
7730	3581
5135	3756
6967	3902
7471	3796
6066	3580
6816	3693
8320	3785
7281	3590
6609	4357
8414	3865
4052	3818
8292	3600
8097	4254
8402	3650
5928	3536
6599	3865
6772	4176
9044	3691
5893	3599
8811	3953
7637	4237
7785	3875
5673	4479
6890	3692
8110	3607
4920	3714
5233	4153
8874	3670
8558	3659
2987	3643
8435	3677
7575	3594
9590	3666
6244	3807
8548	4319
4296	3579
7740	3806
6897	3586
4731	4298
7289	3589
7930	4191
6772	3683
7608	3745
8127	3626
4401	3821
8137	3835
4642	3603
6903	4126
8108	3592
7652	4584
7719	3595
7336	3944
5382	3583
9013	3592
7443	3578
5807	3590
5049	3603
5167	3760
5277	3583
7003	3582
6374	3580
6696	3868
7739	4430
8375	5147
8123	3717
6814	3578
7963	4008
8204	3579
7791	3629
5884	4163
7787	3578
4858	3615
5780	3740
9248	4048
7798	3534
3556	3785
7535	3766
7411	3899
9021	3569
6960	3917
6445	3006
8387	3672
7196	4040
5829	3873
5404	3578
4850	3693
5164	3660
7756	3639
7215	3802
5546	3872
4606	3778
7643	4488
6341	5780
7146	4647
8585	3842
8825	3722
8269	3944
6927	3658
7245	3741
8729	5079
6371	3999
7226	3574
5447	4000
5563	3854
7039	3588
4787	3578
9393	3983
7032	3650
9088	3580
6281	4235
9089	3833
7610	3860
6975	3913
6237	3819
6150	3535
9057	3771
8854	3612
5325	3649
8455	3590
8742	4650
7787	3656
5337	3381
4031	3583
7046	3717
6862	3857
6525	3571
8883	3551
7224	3578
7438	3891
6265	3933
7673	3684
7917	3581
6647	3827
5782	3962
9053	3652
7206	4056
8780	3876
6372	3611
8814	3963
7565	3956
9279	3633
5774	3563
8566	4087
9186	4560
8223	3738
8771	3916
3798	3667
8581	3409
7580	4474
3609	3581
7657	4005
7888	3578
5915	3629
6506	3602
6368	3857
4688	3567
7639	3579
8515	4940
5621	3824
4719	3618
8464	3790
6771	3923
7943	3578
8149	4156
6806	3562
7852	4114
6598	3618
3609	3581
7363	3261
7107	4040
7913	3663
7930	3923
4901	3650
7548	3587
8894	4081
8887	3679
4451	3601
8586	3580
8348	5354
7768	3627
8365	3794
7652	3633
5650	3977
6790	4053
5622	3581
7515	3805
8306	3579
9378	4066
8305	4021
5320	3599
8477	3578
7430	3874
5157	3704
4499	3599
6994	3854
8571	3466
8042	3808
6703	3620
9598	4569
8154	3578
7320	3822
3495	3578
7732	3761
7501	3693
6704	4248
5006	3804
6527	3626
6303	3684
8360	3588
8109	3689
6219	3575
5003	3818
8396	3652
9374	3669
7310	3704
8460	3706
8622	3845
6299	3578
4014	3589
7842	3578
6381	3889
8196	4413
6848	3572
8588	3983
7638	3951
8041	3926
8099	4032
8617	4082
8755	3578
7975	4291
8591	4161
7154	4001
4186	3629
8619	3790
8601	3948
9092	3976
6549	4225
7801	4222
7825	4446
4056	3664
4832	4453
5485	4114
7426	3589
8059	4865
6894	3578
6867	3821
2538	3647
7515	3878
5779	3578
8815	3971
7600	3581
8709	3949
8002	3579
7624	4101
8633	5030
7016	4348
6163	3578
9040	3763
7104	3505
8312	4340
8565	4017
5458	3822
7905	4488
6720	4064
8174	3788
7333	4861
6500	3737
8676	3633
8964	4209
9034	3669
5820	3341
6751	3700
7589	3555
5558	3583
8852	4123
8543	3799
7996	4890
8692	3796
8422	4460
8102	4191
8811	3690
9169	3578
5739	3578
8405	3827
8327	3580
9087	3596
8312	3806
7898	3851
6398	3587
8028	3684
8468	3938
7415	5859
5361	3615
6033	4115
7765	3828
6304	3796
9254	4869
7362	3629
5306	3734
5756	3822
8908	3675
8597	5008
7877	3739
7551	3756
6437	3778
7225	3656
4842	4014
6892	4242
7874	3790
8229	5433
7619	4193
8581	4093
7413	3608
5051	4110
6134	3600
7730	3585
7560	3681
4889	4379
6899	3594
8919	3554
9552	3578
6788	3641
5785	3818
8627	3587
7664	3578
6670	4542
6906	3578
7424	4584
6364	3674
7445	3784
6881	3798
6808	3801
7806	4019
7969	3733
7380	3598
6582	3980
9782	4127
8743	3643
5526	3968
3965	3576
6924	4040
7834	3579
8170	3855
9483	3575
7581	5114
8912	3847
7476	3918
7335	4267
6964	3727
8453	4185
8041	3617
9122	3677
7077	3585
6879	3762
6947	3935
7697	3986
8406	3668
7937	3629
7785	3573
9183	4624
7220	3627
6149	3936
8629	3781
7572	4169
8280	3603
6529	3583
8840	3704
6611	4948
6478	3673
7087	3502
4022	3643
4630	3702
7069	3565
8732	3815
7930	3680
7750	3657
8360	3586
9220	4310
5755	3743
7951	3938
8162	3588
6260	3786
7063	4142
7196	3716
8272	4536
8410	3580
8542	3593
4065	3722
4994	3893
5921	3578
8293	4342
6178	3720
7829	4316
7395	3851
8021	3849
6080	3704
9188	3645
3963	3574
3786	3656
8103	4286
7889	4065
6472	3633
7899	4161
6872	3701
7585	3633
5595	3803
7848	3783
6308	4270
5177	3746
8730	4243
6130	3748
5155	4780
4933	3674
7802	3653
8784	3581
5828	3596
5967	3632
5846	3657
5729	3578
8234	3781
7249	3891
5965	3661
7594	3582
8031	4090
8982	4011
6541	3705
7838	4993
6234	3955
6665	3619
7546	3820
7755	3734
6779	3618
8029	4232
4741	3035
6838	4309
4669	3723
7278	4165
5537	3464
8068	4064
7483	3601
8958	3792
5735	3592
8875	3606
5944	3823
7029	3830
3142	4004
4648	3916
6275	3699
6547	4033
9353	3578
7958	4054
7840	3596
7714	3620
5944	3660
8265	3648
9006	3582
8722	3949
6565	3712
7007	4157
8037	3692
7806	3837
9097	3763
9004	3909
8352	3719
6451	3882
7623	3587
6091	3543
4748	3669
6057	3579
6300	3788
5965	3616
8253	4493
6239	3840
8567	4654
7000	3578
9265	4731
7233	3561
7983	3582
5509	3885
6176	4219
8277	3580
5823	3907
4954	3581
7509	4388
7403	3796
6616	4848
4589	4721
7662	3941
7325	4408
8993	3940
7848	4213
8115	3899
8762	4055
6777	3678
5392	3538
8944	4542
8466	3794
7306	3955
6770	4389
6588	4282
6739	3710
8789	3936
6958	3911
4381	4299
6784	4713
9046	3569
8025	4146
9063	3762
7567	3830
8697	3617
4709	4249
6827	3866
5859	3565
6450	3930
6898	3873
4861	3999
8605	3635
6925	3881
8752	3841
7561	3835
2036	3598
7575	3648
7620	4897
7611	3580
8464	3600
5164	3637
5738	3746
9340	3681
9431	3784
8396	4158
8814	3963
8127	3597
8052	3578
9273	3703
7023	4202
7675	3664
8011	4738
8051	4448
8470	3579
6353	3574
7311	3965
9238	3839
8894	4512
9132	4150
6909	3757
8530	3601
4604	3656
8617	3662
9999	3794
6469	3794
8117	3637
6432	4505
7077	4119
7403	3579
3410	3582
7720	3582
9177	3689
6847	3712
7044	3764
7229	3542
7381	3752
6241	3995
7229	4182
7105	3364
7870	3609
8760	3897
8635	3654
7188	3566
4648	3692
4381	3632
7307	3927
7110	3789
6866	4942
4495	3799
6662	3579
9631	3620
8238	3725
5775	4518
5481	3882
9092	4254
5710	3557
7194	3888
8230	4081
7035	3578
8859	4364
8441	3621
8422	4791
9816	4675
5834	3721
8525	3591
8637	4327
6715	4235
5289	3592
6000	3720
7595	3580
7087	3581
6066	3586
6423	3696
5923	4159
4706	3838
8413	4625
8149	3581
5156	3832
6246	3607
7334	5149
6074	3678
6452	4772
8454	4229
4753	3695
7268	3578
7976	3797
8501	4554
6345	4184
8589	3613
7471	3666
7895	3580
4564	3610
7439	3579
7911	4459
6718	3967
9289	3583
4310	3568
7779	3902
8094	3582
8465	3755
5980	3625
6541	3668
7337	3734
7434	3668
5883	3856
8595	4355
7379	3870
8177	3612
6646	3784
6912	3609
6225	3881
8441	4152
6790	5066
8520	3580
7373	3550
8398	3593
9181	4061
7013	3744
8138	3607
0	3668
6721	4523
5365	3872
5919	3930
8319	3793
8473	3715
4449	4051
4927	3768
6856	4094
6817	3705
6732	4171
7935	3603
7128	3672
6354	3915
6918	3705
6305	3587
7051	4049
7763	3693
7971	3662
8492	4913
8228	3878
8299	3842
4756	3588
5452	3626
9081	3532
9193	3552
8612	6075
7379	3578
9439	3578
8812	3863
6976	3624
8412	3586
6467	3814
6258	3758
6220	3703
6495	4474
7876	3834
6903	3712
5900	4396
8572	3822
5748	3918
6006	3579
5816	3722
7116	3545
3994	3578
7207	3939
5865	3802
5112	3574
8726	4183
7070	3601
6964	3620
5079	3700
5949	3663
6100	4333
5423	3637
8811	3678
6019	3581
8845	3807
7115	3751
4444	3676
9292	4899
5932	3668
7258	3579
6871	3605
4751	3643
7641	3572
7074	3745
9556	4090
6551	3569
8452	4392
9878	3584
6834	3598
7367	3696
8533	4145
7362	3734
6550	3880
8299	3655
8209	3587
9090	4974
7754	3599
6781	3511
6856	3579
6620	3802
4280	3691
8808	4337
8061	4282
5293	3638
6198	3906
7409	4140
6666	3714
6908	3602
8359	3658
7238	4813
7070	3632
6587	3645
9458	3749
6138	4151
7925	3582
7931	3579
5421	4123
6999	4088
3484	3711
6653	3598
8108	3660
5774	3781
6863	3578
7504	4660
6557	3810
5902	3600
6945	3805
9097	4314
6624	3577
5467	3686
7187	3606
7540	3303
7566	3744
5834	3615
7806	3821
6682	3597
8524	3580
5768	3578
7174	3856
6162	3582
5047	3769
4763	3736
8812	3588
5434	3542
7663	3799
8885	3797
5664	3851
6790	3690
7292	4029
6282	3579
8148	4064
6568	3573
7017	3895
8004	3803
6707	3751
6870	3672
7397	3583
7468	4004
7390	4128
5465	3705
5954	3949
9003	4001
7229	4132
6619	4158
8133	4174
7800	4168
7699	3619
8704	5193
7447	4028
5213	3577
8813	3390
6703	3579
7628	3578
7870	4033
7875	4116
8467	3858
6322	4404
4717	3751
6458	4375
5344	3559
6862	3622
6121	3677
7855	4583
9890	4397
5326	3578
8314	3805
7504	3979
6955	3752
5407	3620
7958	3620
4993	3578
6825	3578
8270	4571
8546	5057
8179	3893
8644	3603
7573	4061
5812	3579
6501	3870
7446	3579
7569	3986
8161	3836
8248	3639
8471	3771
7368	3753
8385	3361
8188	3578
4880	3577
4879	3926
7502	3609
6925	3998
8846	4023
7513	3962
5869	3578
8607	3585
8260	3825
6019	3606
7492	3965
8205	3945
5921	3982
7702	3747
8152	3624
7865	3578
7482	4069
8796	4281
5592	3578
9650	3579
9071	3617
6393	3869
7720	3592
7158	4523
7460	3580
8553	3578
8121	3874
6661	3835
6662	3524
5675	4173
7714	3579
7315	3909
4961	3583
7645	3580
8594	3656
6906	3786
8074	3589
6748	4350
6580	3583
6049	3732
7141	4310
7496	3856
7200	3580
7425	3546
7897	3579
4282	3600
2737	3599
7205	3885
5466	3649
8992	3578
5339	3593
8141	3743
8329	3755
6825	4508
4321	3578
8856	5140
6139	3578
5956	4914
6759	3786
6864	4412
7142	3787
4960	3579
7806	3919
8209	4315
5655	3638
8383	3778
6497	3699
8492	3578
5025	3583
8503	4261
6052	3702
8252	3911
7225	3582
5815	3598
7702	3777
8435	4197
7001	3616
4770	3508
7742	4566
8370	4743
8707	3677
3258	3656
7718	3578
6206	3581
8660	4781
8607	3880
5866	3985
7425	3609
6278	3680
5759	3610
5797	3730
8161	3588
8189	3778
7116	4138
7964	3615
6083	3578
7551	3768
9052	4254
6695	3991
2432	3600
8924	3615
8189	3589
8057	3652
7425	3622
8104	3921
5279	3903
3983	3577
7775	3700
6710	3656
6357	3574
8417	3663
9026	3616
6792	3912
4347	3731
6153	3694
8318	3639
8180	4346
8501	3688
7733	3579
8622	3744
7182	3583
6815	3595
7897	3595
7492	3760
9166	4012
6098	3618
6158	3618
8902	3578
6989	3821
6571	3580
8282	3855
8570	3628
7740	3468
7726	3869
8916	3720
7618	3929
7625	3963
7001	3722
6473	3586
7666	3594
8536	3599
8172	4296
8593	4007
5340	3680
8215	4552
7984	3645
8693	3763
8186	3959
9184	3851
8705	3666
8661	4274
5088	3919
9154	4118
7040	3701
4625	3944
7991	5087
4133	3608
6902	3957
7194	4000
5924	4279
8304	3797
9739	5185
7483	3735
8989	3940
6857	3742
5196	3578
9049	3654
9162	4294
7313	3765
8146	3844
8426	4079
6266	3728
8546	3900
7535	3575
7555	3588
2929	3726
9043	3866
8943	3719
5130	3970
8723	4563
7058	3612
5197	3590
6428	4438
5299	3592
1915	3689
6403	3645
8108	4085
7331	4106
3739	3683
6483	3620
8006	3646
7011	4108
4418	3614
7583	3620
8902	4095
4725	3588
9041	3731
8310	4127
7294	3646
4293	3576
9320	4033
4986	4203
6057	3687
7398	3580
6262	3585
5812	3828
6759	4462
3909	3722
8423	4244
6627	3578
8323	3880
8443	3652
4169	3779
6591	3856
7253	3641
9006	4231
8142	3804
5391	3588
5354	3663
8614	3650
8855	3820
8326	4020
6908	3696
5764	3728
7131	3617
6632	3654
6952	3627
8119	3738
5892	3716
7252	3603
8895	5038
7078	3566
8259	3803
8399	3650
7077	4158
6462	4099
8213	4714
4769	3945
6946	3592
7605	4358
7815	3779
7427	3692
8317	3837
8728	4604
8130	3699
9663	3923
5567	3877
9660	3788
7832	3589
6265	3575
6799	3627
5601	3567
7707	4388
8834	3648
6604	4158
7982	4133
7583	3910
7303	4237
7885	3746
8431	3783
6740	3792
7313	3618
5632	3941
8547	3577
6684	3867
6830	3568
6980	4362
6676	3685
9414	3998
8227	3580
7864	4022
7377	3602
9335	4151
3102	3608
7081	3585
7239	3935
5255	3736
8429	3906
9052	3799
6955	4406
7675	3617
7528	3695
7868	3589
7265	3731
5424	3979
6948	3579
6843	4021
8079	4300
8922	3860
7055	3578
7343	3721
7731	3800
7210	4530
7436	4083
9461	3579
7759	3634
7105	3928
9350	3725
9004	3660
7863	3893
9041	3909
6043	3578
7522	4760
4827	3545
6780	3700
7284	3761
7999	5002
7196	3577
8435	3840
3978	3615
6056	3566
8614	3579
8401	3726
6808	4374
8230	4328
4971	3898
7782	3586
6791	3702
8752	4139
7647	3805
6662	3793
7339	3982
8243	3578
5713	3578
9189	4048
8808	3850
6939	3902
9068	3861
9144	3590
9066	3584
6638	4056
7629	3604
6963	3229
6651	3901
6932	3810
4401	3568
6010	3578
7375	3876
6908	3605
7904	3590
7200	4600
7231	3799
7088	3775
8988	3644
4849	3547
8292	3578
5355	3807
7129	4097
6904	3636
7383	4028
5211	3817
5505	3525
7936	3668
6345	4242
7530	3606
7928	3809
9285	4170
5958	3578
8358	3578
7817	4051
5685	4959
8356	3694
8039	4799
6733	3803
8548	3584
7654	3577
7185	3557
8456	3583
8295	4071
6488	3627
6483	3793
9317	3649
6939	3823
7883	3621
6659	3907
7963	3578
6651	3368
8259	4455
5116	4181
5680	3594
8187	3866
6863	3626
5484	3593
7562	3578
6875	3782
7489	3929
8435	3925
8218	3625
7777	3763
8233	3653
5920	3585
5234	3604
7428	4140
6685	3708
8589	3597
6177	3617
7967	3838
9419	3779
6395	3578
7167	3736
8034	3799
8018	3579
7370	3883
9059	4233
6159	3938
7329	3576
7377	3783
7942	3618
7976	3630
7670	5138
7862	4032
6879	4373
7477	3578
8876	4140
5498	3578
7742	3824
7719	3708
9852	3857
6336	3915
6656	3657
7447	3889
7430	4279
8328	3843
5815	3709
8377	3795
7760	3578
7994	3931
9178	3819
9221	3579
6729	0
8569	3929
3725	3726
8661	4754
6704	3576
6275	3581
6323	3693
7290	3911
8148	4089
7547	4023
