6768	1
5890	3908
4946	16
6839	3283
6988	574
4938	63
7673	6970
6659	9620
5941	1083
7203	9579
6103	3316
6175	411
6217	1854
7311	4588
5410	1297
7780	1304
7491	3344
3929	1129
5670	9677
4241	1596
6146	8721
5200	8123
5486	15
6736	9493
3075	5
6279	6221
8165	6101
7959	3581
5222	7296
5682	6
5675	49
7254	2311
3941	15
6006	6290
5763	9767
5842	20
6997	9441
6231	9460
8231	9992
5274	1498
6690	9994
5300	1201
5820	9389
3960	60
6519	9530
4704	7840
4131	233
6727	8458
6722	8689
5867	496
6275	9329
4405	105
7062	9957
6891	8869
5266	8159
7850	9635
7348	5297
8152	9603
6727	9987
3156	4364
9843	9997
6302	5395
4835	9884
7117	8183
6398	224
7089	9038
8385	7910
5455	4842
8218	8728
5668	8826
5400	3024
8812	9796
7329	9011
6922	253
5680	172
3835	156
5689	9372
4837	9030
6021	305
5759	2342
8692	9892
3292	12
4555	407
7614	8534
6418	561
7907	302
7542	3249
7578	8484
5761	734
7099	9796
7513	8291
8121	1419
5707	6308
6349	9004
7255	4601
8108	6493
4982	222
6018	9711
8802	9817
6092	610
5476	9964
7780	9782
6190	0
6950	1487
7619	1290
6064	67
3954	9446
5468	120
6493	26
6145	8621
7870	9997
7516	9998
8227	8309
6077	9708
5608	7282
7321	968
4124	4975
7028	7586
6884	7991
4064	10
6859	6162
6293	7653
6541	9842
7660	9733
6372	9854
4191	13
5064	7660
6994	7457
6145	9960
6248	7347
8211	9575
3395	5499
5214	2726
7062	4518
6050	5592
5941	5275
5990	9083
7282	5112
7099	4609
7126	1661
6866	7199
6839	753
7910	9950
7354	9986
6491	2517
5551	420
5202	40
6231	1831
5320	305
5411	1043
7114	9921
7142	9954
6514	536
3567	103
6620	9991
6448	80
7060	7897
7386	9386
6674	5688
6976	9464
6263	4512
7089	3814
7246	3785
6224	1668
8153	9790
6432	9159
8827	9939
5445	71
7055	9492
5179	671
6473	1564
5819	28
7400	9940
8399	7940
6160	6154
5900	3335
3731	20
6591	117
5345	47
7354	6539
5072	3573
6223	5
6192	5482
7334	2766
4603	391
6886	6182
6237	9872
7863	973
6759	1340
5702	6185
6837	8757
7584	8933
7456	9596
6786	8171
7123	50
7167	7678
5881	22
6986	8982
3711	11
4996	149
8814	7016
4902	9895
5059	716
5044	936
6577	8381
8217	1193
7900	8833
6784	9900
5847	840
7601	9977
6905	1245
5722	7846
7045	4048
4877	9617
6380	9950
7644	8304
4715	1480
7488	8308
6492	775
6575	205
6949	496
7846	9836
6605	394
6788	886
5795	8622
5026	1349
3342	24
6801	9585
8916	2004
7196	3653
5667	245
5477	3642
6290	9166
5632	9816
4197	4504
7332	9942
4173	62
3732	58
7629	9756
5865	0
5786	2333
8122	1484
6670	4695
6361	7808
5642	65
8547	8119
6418	0
6357	4002
6524	7417
5767	9753
7878	9521
5522	8287
4951	8619
7191	9937
7235	9806
8056	6845
6183	2942
7138	467
6051	155
6016	1310
5609	0
7296	1274
8386	2607
6117	769
5870	3382
5440	6083
7695	7909
9471	7468
4571	278
4820	4556
4990	1891
7303	568
6742	9936
5937	171
8510	9995
8007	9995
4990	1253
5201	857
6373	5087
6355	1223
6144	801
7426	9872
6575	9996
6588	4817
5214	864
5303	9936
7813	9741
4870	1060
5202	773
4869	2336
7724	9997
5938	9686
6272	5557
7466	5034
5968	3921
4495	3
4898	123
4590	170
7706	8119
7655	9954
7511	8624
7400	9604
5480	4726
7530	4417
6405	342
6017	4398
5152	2
5957	2233
6536	9998
8969	9780
6639	9314
3468	12
6718	9786
6777	8322
5425	9733
5350	9877
6800	2546
5784	8479
7138	9096
5335	2852
5190	560
6102	9185
6907	9999
3230	2131
4076	1493
6014	9488
6630	9951
6210	1952
3430	526
7286	9716
4636	1066
6345	9899
6185	7951
6415	8131
6928	6332
6302	8882
7681	4598
6859	8081
7759	4840
5947	54
6484	73
2366	0
7086	645
4617	7287
5560	9648
7028	3054
6143	2009
6828	2644
5707	2647
3185	2
6317	9556
7313	9349
5421	916
5955	2743
9221	9984
5627	4
8389	9740
6436	1253
5898	7435
6926	7801
5738	8441
7264	1
5240	2
7831	8956
8549	9991
6388	9395
6634	3343
4067	17
4664	187
4649	18
7962	8320
7920	9791
6476	3258
5703	28
8949	280
8885	4993
5613	9971
5509	9167
6749	6495
6808	1353
6440	8915
8681	7
7885	9761
5717	1696
6101	9853
8860	9879
8186	3981
7001	8435
5955	1463
6490	5664
7081	9805
6789	6017
5972	161
8266	8153
5499	3
6133	3206
6452	9858
7376	7354
6696	2123
6766	3832
7033	9945
3524	3
7350	437
5229	7502
7805	4634
6553	6
5773	205
6830	9979
7420	7707
5302	2346
1270	1603
7407	9997
5358	140
8332	1833
6199	7876
3372	75
6891	5507
7442	7244
5686	7
7223	513
7498	12
6347	9933
8424	6144
6070	298
6183	4526
5340	230
6935	9381
3044	2931
6418	5805
6754	217
5548	6480
9729	7723
6228	119
4039	497
6571	8984
7882	9982
4293	518
7118	9986
6661	9357
6159	18
4306	2
6207	857
5898	9007
7385	9882
6083	7420
5598	4095
5749	9797
9330	9360
7050	2092
3558	6306
8266	9993
6266	5098
8375	9665
6704	60
8177	116
5532	4779
6950	9729
4029	6717
7374	4281
6402	1979
4036	89
6437	3437
6982	3196
7872	8418
5824	5905
8069	2407
6987	9928
5681	2126
5354	596
7476	9882
7392	13
5983	38
7178	9763
7286	8942
5003	228
8589	8251
5566	15
7052	3735
7099	7238
5284	31
6033	7691
5788	8849
2354	1070
6485	380
8114	7449
7619	6468
8913	9924
4761	9666
6722	9974
4214	0
4682	379
5528	9193
5456	8499
6187	3216
6627	3576
4758	3008
6811	4608
4213	8722
6964	4723
7323	0
6442	9978
6201	63
5545	796
8061	5784
7860	9761
4693	92
5569	0
4539	320
6349	9938
6904	7643
5728	58
7858	14
5640	8070
5378	6
8992	5188
6192	8595
5357	2
6809	896
6271	8873
5415	1040
5009	643
4160	4511
6998	7241
5880	9207
5549	6439
5415	5819
6504	9710
4284	8433
4834	3042
4928	1749
7788	9979
6525	501
7657	9998
6528	2384
6162	209
6083	9830
5591	9
7359	9811
5702	7533
6997	47
6542	277
6079	7642
6542	858
5213	58
6318	9324
6150	808
7145	1431
5357	25
7103	9028
2990	61
9781	9981
6814	913
7139	61
5679	6973
7749	24
6814	743
7074	9597
4967	104
8392	9948
4747	143
9723	9960
5595	1606
9212	9997
6936	9974
5079	4
7335	9976
7456	1894
6109	16
3954	122
6218	3765
6503	9795
8278	9992
7200	7118
6475	7332
5524	785
5235	1749
5945	1866
6979	3367
7055	9727
9184	9139
8588	6514
7257	9999
9255	1514
7913	9996
6983	1575
6206	1
8062	9198
7077	9216
6872	5652
4902	9749
6093	5530
8213	8163
5337	5434
5514	1373
8476	9658
6010	8834
6313	4248
7088	3901
4538	65
6893	46
7347	1698
5795	9388
6955	1358
7667	543
8424	8863
5703	628
7697	9716
6385	446
6134	9895
2114	2109
6747	6412
5319	4329
5751	9890
5280	9807
7755	8609
8688	9910
7684	9776
6983	5560
6126	0
7218	4729
7413	3261
5780	8246
6604	9983
4342	71
3935	83
6486	9698
4942	6476
5210	92
7837	618
6449	7713
7852	74
6464	9095
4848	192
2594	5
6012	9860
5980	9720
4802	315
6662	894
4295	1608
7150	6539
7371	4651
6931	105
6488	2001
8580	9880
2881	42
8310	9685
8186	9999
6075	880
6707	395
5532	7774
9014	9665
6814	8665
8107	9998
5531	1801
5829	74
6374	1903
5845	3499
6471	247
6137	9493
7191	9517
4820	3459
7078	3362
6652	9995
5077	362
7490	7146
5373	9837
6169	9515
6344	7783
7126	98
7240	9943
6844	4566
6272	2018
4606	34
7343	9970
4245	416
7614	9898
6677	9909
6310	9999
3679	6246
3461	0
6930	6640
5875	12
7637	1026
6086	1
5754	6772
6696	2842
4380	273
6663	806
6900	1
6550	6634
6790	7698
5468	264
6753	1155
6093	0
5649	1085
4016	1457
5713	2203
5381	816
5891	223
6005	24
4670	761
6752	9994
6176	269
6356	6172
6600	9992
8760	9996
4905	25
7610	679
5760	7310
6138	9764
7787	9899
5512	922
6330	1700
5117	0
5686	8716
5625	143
5936	8354
6475	9900
7520	9997
6330	1780
5358	1
7401	9998
7322	8869
7296	9970
7458	9991
4307	2
6050	6968
7705	62
2891	8
4209	9304
7038	891
6209	3296
4664	2122
8796	6571
5115	6979
5520	5579
5391	532
4899	625
6307	8661
6240	9844
6435	36
4423	8284
7034	486
7501	6291
5881	7735
6704	210
4361	230
5010	1162
7481	4
5531	189
6285	6197
3733	1303
6590	9986
6217	5763
4187	128
6506	1918
7787	8693
6040	8647
4430	1
5645	1709
6100	5763
7685	5370
6203	2226
5254	6546
8877	146
2288	171
5709	2
6906	9785
7329	9586
5594	26
6794	8075
6368	652
4533	0
5555	329
7279	5813
6646	3778
7868	9217
5990	9976
4526	12
7804	9921
5779	2
5600	7511
6625	1351
5845	9997
4551	180
6877	30
5435	4427
6961	6792
5592	252
6645	119
6863	32
5218	81
9545	840
6519	1330
6560	9319
6194	814
5501	9669
6303	6
6041	12
4909	582
6987	130
5054	1036
9279	7165
8900	7310
5727	5541
6450	1978
5980	2212
5876	839
6327	2423
7849	9995
6735	5493
1385	1
7700	3807
5862	7197
5435	621
6798	1327
5700	114
3479	16
6268	536
8725	9981
5263	3909
3942	416
6117	10
6905	3585
6959	180
6122	569
8432	8589
5330	9157
5556	4206
5853	2251
6930	4991
6483	244
8445	8904
6160	9610
6646	15
7121	9495
7793	4
7879	9300
5797	129
7943	7822
5919	9784
6710	34
6122	9989
6317	44
6411	2207
6440	9390
3213	1
6402	1638
7952	2986
6756	9883
7548	9160
5213	7481
4092	3564
6463	30
6199	9967
5723	8121
6516	3197
7729	6936
7316	3503
5412	8096
5489	20
6560	9225
5968	175
6251	26
9157	9862
7159	6584
6601	9565
6320	3960
6064	1453
6135	10
8284	9986
4095	25
7540	9916
6031	6279
6208	7827
7866	699
6349	9245
7559	9981
6620	9226
3541	4842
3957	1583
6531	2527
5233	109
7671	9989
4780	388
3671	8757
9034	9994
8302	9994
7071	9783
6881	9998
6685	522
4914	7750
5184	8707
5122	9779
7357	1063
6125	643
6575	302
7896	8183
5981	9491
7244	5149
8392	441
7670	9758
8733	2410
6318	57
7960	2926
5653	6000
8505	281
5743	418
5783	1605
5969	3328
6612	6450
7438	9937
7785	9976
6530	2432
7038	9899
6673	9979
5257	9908
7723	7963
6365	9928
5764	5
6501	1
6464	8174
6647	2477
8148	9999
9082	9832
7529	9323
4681	818
6168	4690
7771	7077
5509	6533
5076	3072
3767	9
5213	321
6931	9927
3639	29
5435	26
4930	554
3990	331
6461	280
6324	104
4767	4901
8309	2231
5861	377
6624	6747
7680	9800
7908	9996
6285	9980
6862	168
5740	7493
6686	9409
7711	6440
7766	9630
6966	2524
8194	9446
7583	1
5628	5811
6179	15
5808	6429
9158	560
6028	6224
5993	4222
7389	9696
7859	8783
6212	51
6859	4277
6468	2546
8331	8812
6182	982
5873	909
6862	145
4968	11
7122	8560
7774	3714
6233	28
6947	6191
6759	660
9245	9925
7075	9580
5218	138
6160	5523
7830	114
6671	4286
7390	2669
8158	9697
6783	9456
4433	10
5954	8271
4874	183
6042	640
4338	2678
6037	9859
5967	4291
9892	3738
7827	9987
9687	9963
6500	9736
6214	724
7208	1800
6104	6325
5547	20
5090	1439
4432	107
5960	7
7593	2424
6971	8609
6062	604
3099	77
7103	9976
6080	9980
8078	9948
3905	2035
7132	5747
8734	9419
8676	9984
4965	4249
7765	4195
6312	9134
4749	406
5836	1049
5207	8094
4643	4
5712	1258
8092	5561
6556	9211
6391	1467
9214	9989
6463	9351
6862	5485
5235	82
5999	9853
7334	9319
7562	9999
5834	3
7461	7838
7311	9236
5933	9497
4646	9492
5956	328
8186	8337
7137	617
5125	46
6923	9872
5884	330
3826	1962
8463	9454
6866	209
7307	7149
4408	140
7225	9989
5623	9715
7342	1825
4808	9681
5385	2150
6290	9070
3289	66
7466	9885
7380	782
5614	336
5626	1572
5006	307
8450	1805
9132	836
7845	7684
6877	2055
5897	5923
4759	775
5663	19
8047	9874
7817	9999
6645	1115
6449	1
2030	336
6435	9355
5968	9991
6303	71
6701	149
6300	7331
6088	8566
6826	9503
6418	1957
7419	9851
5368	3584
7407	9876
6476	3425
6086	8303
3165	1052
6716	436
4958	9965
8295	9204
6453	30
4412	9365
7572	387
7034	0
8688	9980
6922	7758
6810	9362
6420	2367
6710	9976
6345	70
8340	6618
3243	554
8378	9998
5492	1159
6423	6570
6262	8355
7634	8074
8020	214
7385	8
4903	71
6463	681
5336	9939
5421	1456
5270	68
6971	6435
7485	7178
6442	1661
6539	7596
5207	364
5371	1489
6680	9892
5526	9601
5340	9766
8421	7533
9672	3581
8528	8337
5582	7854
5695	3875
8045	9999
5596	669
5050	9349
5821	2680
6610	6376
5857	2411
6191	7936
6577	9990
7310	9997
5176	104
8481	9669
7208	9296
6014	7541
5709	576
5931	2942
6583	8468
6140	18
6331	9737
7261	1096
7856	1270
4557	866
8310	9429
7766	3599
4928	0
6750	1297
4244	4980
6458	23
7139	6154
7236	7817
7636	9843
6103	5212
6390	121
7991	0
7023	7276
8538	9422
3598	2131
6517	4993
7137	8449
7998	7938
6602	1101
4886	9621
8083	9968
6614	14
6009	9618
5157	6553
7049	117
2991	9
3765	5791
5646	9120
4609	19
6243	4810
5632	7961
5510	9815
6737	6395
4539	2
7493	8817
6693	9994
7024	562
7012	9772
6225	9353
8288	39
6730	7973
7529	951
7768	4031
9137	9983
5625	1495
5381	6699
5329	8369
7585	7532
8976	9918
7373	9187
2831	53
6050	7
6876	1045
5790	369
8141	1658
5427	2797
9442	8444
6249	1031
8101	56
5331	9606
5745	7202
5291	8761
8028	647
5467	3902
5057	4961
6467	16
7675	9600
6488	9874
4312	379
6598	6182
7249	9821
6196	9935
6199	81
6053	216
6426	15
5685	19
6600	5805
5971	351
7889	417
6336	880
6958	434
4055	6009
6583	18
6134	9949
5774	9965
7352	8448
5630	1621
6955	5973
3865	5532
5292	5252
6517	5834
8061	9941
6153	562
4598	1
4450	9557
6484	3472
6964	9899
4937	3200
7480	9087
7327	9709
8355	9143
8561	4610
7080	8017
6434	9980
5939	4665
6983	202
6275	9994
7159	1143
7009	6735
5952	5736
6412	7314
7454	9994
7828	58
6363	1452
6250	6202
5561	8809
7111	6630
6273	1705
4874	1
5061	118
8146	9987
7026	3492
6978	0
8174	9819
7108	9998
3796	9260
6526	25
5983	4271
7309	8409
8910	9899
5828	4478
7422	2870
5244	2070
5196	5760
4454	4012
8472	9723
7287	3314
6095	4282
7296	322
6222	8521
6659	9187
7899	9847
7038	1780
7898	9987
7565	1784
5966	9990
5557	5799
7791	9998
5844	9802
7840	118
8321	570
6691	9857
7522	8606
7088	9997
6775	9846
7169	2943
5396	8
7378	25
5018	446
5529	9288
4737	289
7636	7770
6799	9851
6500	8748
7469	6476
5250	6545
6596	1348
4345	3402
5360	61
4425	83
6500	1495
2518	100
5727	716
7529	23
6854	9416
9069	8913
9478	9837
6625	4626
7889	8205
8117	7827
6408	9883
7558	5022
5511	2186
6624	42
4742	9055
6391	98
4663	16
5923	768
5263	8
7067	740
7190	9863
7395	4900
4512	5340
5698	137
7417	9911
6342	5460
6357	217
7107	413
5722	5214
6941	9800
5540	9995
7602	9831
6338	9514
6121	9733
9616	9995
6347	8726
6488	6104
7563	9823
5317	9805
6890	9416
6993	9993
8354	17
7462	3557
5948	1528
4857	336
5605	9278
5694	9670
4970	28
4900	2569
7771	8203
5876	1
8435	2081
7709	9992
7029	601
7306	6100
5598	9590
6790	9962
5659	289
8406	9883
7371	9967
6090	9661
5798	1
4468	276
9035	9868
5092	7
7197	9490
9770	8537
6724	8659
5815	24
6387	9955
6349	9974
7592	9904
7132	7669
6138	9995
6197	94
6003	8
6495	199
5784	9983
7436	9823
7345	9372
5696	9995
5919	19
6074	8227
7338	9998
5705	3250
9529	9333
5717	81
4198	788
7859	5485
4546	211
6301	9894
5004	8
6171	9664
3855	3263
5852	2777
6316	1236
7436	102
6475	7990
6911	9273
4215	8
5040	4748
6993	9453
7910	9939
8260	8810
6888	0
7403	2957
4320	37
6865	1096
4912	8
7163	6812
5298	6224
6630	615
3972	0
5470	5878
7449	7601
5142	9714
5991	9928
6513	251
7680	399
5040	4894
8094	9997
5255	7984
6779	7367
5024	13
6268	196
5361	9223
5439	148
6999	6363
5295	7641
3859	9719
7353	8651
6787	19
8350	9999
6626	9586
6048	23
4927	9838
5158	2282
4311	602
2870	5972
7197	18
7261	4769
5464	4888
3963	13
6569	1661
6860	1218
7942	9017
4172	39
7528	0
7727	169
5933	1458
6211	23
7099	2008
5700	3129
4880	1802
5424	1272
6534	9951
6460	3786
5727	2383
5054	1561
8113	9659
5286	55
5954	8
8442	9160
3806	157
4594	397
7076	8987
5275	8545
6070	24
5826	9905
7668	8793
7696	40
7684	9366
4778	20
7239	2690
6990	92
5390	7489
6197	9641
6468	5935
6179	4947
4907	7829
5794	77
8053	9875
5484	2088
5559	1006
7711	9396
5875	5201
6458	9980
7928	2398
5174	1705
6768	168
4018	315
8110	3598
5299	28
6234	9536
6576	258
4799	2116
6871	8411
5942	875
5809	2716
7749	7442
6654	3475
5625	728
5812	8635
6550	9648
5802	476
3578	1
6961	8677
5605	9909
7056	9638
3112	9879
6343	9963
6683	6642
7202	9981
7277	3704
7364	7510
6215	5
5462	0
7815	9997
4290	4
5477	9301
7398	9716
3841	38
5907	570
5898	9628
6815	2790
5988	5941
7081	1134
7820	7399
5032	45
7210	9651
5374	9495
8847	9954
6230	9788
7745	9966
7352	6268
7714	9364
6433	246
5751	9268
5156	375
6768	5753
5441	496
5721	8019
4640	14
7687	587
8988	2037
3936	45
6722	6844
5845	1397
5870	1461
6042	6443
7829	7228
6947	849
7671	9926
7502	8948
6745	518
6409	7545
6069	8407
8015	358
5159	1425
6571	8770
5892	3669
5695	90
7396	7156
5205	603
7843	9522
4306	52
5160	133
7713	9922
8126	9929
5935	3106
4714	5023
6031	4495
5996	7037
5659	4398
6151	572
4215	160
7120	5151
4377	1101
6313	6
5492	5134
3968	291
4869	463
3600	688
6035	17
6498	9020
1914	33
6324	5671
5644	23
7696	9075
7068	5135
3976	78
7072	2412
8177	9494
3229	17
4559	5093
5834	2298
7734	9976
6440	8934
7306	9964
5215	8600
6098	2762
9338	9461
5665	9216
5670	6145
5938	17
5621	9369
5919	140
6294	1172
6110	3349
7108	4221
4745	2017
4080	32
6731	7658
6524	8472
7169	9816
6717	8155
7057	1
7262	9849
6854	6937
5917	6214
6446	2728
7093	1631
1425	0
8739	8382
7963	4022
7984	3636
6393	1189
7804	706
7956	9481
7025	8106
5114	77
5495	5942
7914	9926
7935	9635
6642	4839
5660	288
7194	8562
7301	8471
5376	9
6622	8955
7021	21
5255	1808
6023	280
6796	9930
5456	7891
9079	9321
4500	3516
6110	5905
4145	2
2450	1454
4339	8842
8114	138
6296	9950
6962	920
7603	9180
6321	9963
9291	1845
7643	708
3946	6
6363	9703
7682	4
6923	8714
4520	6
3475	1
5182	591
5573	54
6574	767
7789	3898
9293	8552
5175	257
6515	9996
5794	8481
6866	9456
4306	2205
6145	4349
5580	7824
8156	6564
6769	6432
4986	241
5871	4018
7198	9981
5862	9949
7289	2810
7234	1472
8180	9963
6981	268
7211	9994
9340	8341
7045	9916
4148	61
7195	9341
5490	9588
5303	172
6090	265
7320	9959
4187	126
7332	2708
7780	9708
4879	9584
5015	7542
8334	9887
5667	575
6545	10
5953	2726
6316	9858
6081	142
5980	3085
6334	9986
6700	7930
7250	9946
6478	7338
5709	3867
6822	293
6324	6087
7374	272
6410	1358
5132	7016
5271	2050
6266	1606
6265	1854
6966	949
4385	2923
9621	9852
7696	9998
8724	9999
7454	270
6834	878
7019	306
6591	9121
5763	611
8599	3558
6673	2128
7887	956
5829	85
7437	2881
7547	3483
3821	8268
6249	460
6316	6438
8318	9997
6906	2124
6027	9984
5445	222
6850	77
9092	9997
8436	9309
5631	2433
5607	8084
6972	322
4693	15
7048	146
4796	41
7669	67
0	0
6253	8878
4037	13
5579	7
6016	3823
5029	8199
7230	9987
6785	1681
5857	3416
6144	803
5696	8208
7847	9994
8368	6745
6153	7551
6194	9192
7046	7890
6672	110
6881	2124
6693	9357
6620	8208
6152	440
6074	53
6161	5
6027	7917
7106	9026
6610	5505
6591	5333
6802	5614
5617	9098
5524	860
5995	9910
5896	1909
6436	1910
9523	9997
6757	1610
4381	2855
6955	4253
8264	9996
7569	9651
4004	43
4782	17
6637	14
5167	6793
5581	1373
7541	9840
4145	1
7118	7984
6010	352
5216	4964
5837	8272
5548	9877
3546	378
6680	9981
7452	8222
7715	6738
6477	9240
6022	237
6525	8433
7319	6430
6975	9967
5396	222
6381	9840
6779	817
7633	9405
4747	3
6996	9970
5487	209
6803	9962
3807	128
5820	8576
6499	9995
6275	15
6054	9915
6279	9943
9029	9999
4312	47
6715	4101
5060	2
7394	6689
6417	7858
5848	203
8067	1897
5395	9649
7328	8
6363	13
6400	2603
6070	8390
7128	3934
8475	6776
9251	14
5186	2927
6777	6476
5216	917
5908	1144
3959	0
5043	832
7060	8319
6211	9365
6983	9834
6003	914
6552	8320
4197	136
7015	6998
6468	116
6065	9974
6310	9895
7540	6711
5201	4936
6703	1617
5497	9993
7932	9010
5312	1952
7182	9987
5205	8357
7466	4303
7704	7696
5538	1592
8040	8969
6070	9748
7533	449
8105	9996
6781	9989
6671	1813
6881	2072
6828	9959
6778	3363
5682	10
6215	91
5357	9924
7585	9939
7471	4666
4991	7359
7260	9381
7265	9378
6859	2159
7079	9955
6689	769
5241	0
8628	9133
6021	3851
6582	532
6176	9827
6573	0
5806	196
5568	38
5579	131
6022	2106
5693	2056
5089	55
6968	9710
3585	32
8153	9998
7079	9263
7351	9974
5851	9303
7470	6856
4718	56
5624	7974
3961	0
6092	6361
5605	7428
7476	9902
6898	6972
4014	318
5196	10
4871	327
7196	9
6020	1166
6185	9898
6475	221
8428	9198
5389	2767
5331	7302
6206	785
6176	9819
6694	2
6197	5205
9269	9996
7560	9213
5499	9481
4486	3009
5031	5960
5716	7265
7703	8897
6931	26
7240	7
7316	6603
5395	2852
7577	4081
6605	9672
6409	148
6504	482
6557	7956
7894	3099
6497	4655
4575	176
5587	5035
6644	9519
7198	54
9728	7140
4472	14
5936	1864
6389	8455
6257	9093
2821	1116
9101	9998
6983	7275
5855	3863
7119	462
6739	4740
4113	4074
6047	408
5335	62
8047	3316
3300	111
7075	2924
7282	9922
4719	9839
3400	45
7040	4791
6736	2
5318	57
5831	9536
8170	7750
6506	39
6471	6862
8352	9603
6490	9699
7686	8138
4463	7412
6318	9935
5732	3416
6929	8411
6971	6127
7564	745
7344	9999
4353	4606
6458	9030
5679	7542
5849	424
6999	8192
7817	9923
7455	9950
7532	6276
5077	506
7750	7868
6765	267
4871	3353
7896	8487
6285	453
2877	28
6897	9949
6357	4472
6257	4765
5389	5544
8091	9993
6209	7432
5213	3559
6627	7910
5804	135
5059	6506
6513	5902
6720	4693
6023	9568
6067	133
5309	35
6894	2729
4081	175
8373	9951
2710	629
5222	39
5512	563
7035	5255
6300	9923
7714	8188
6235	2388
6093	192
6710	7131
5562	4061
6045	50
4186	6585
6149	5934
6122	20
2450	47
7504	7739
4682	6998
7775	6300
4904	7221
7402	2192
7663	9969
6787	9586
6506	838
6409	215
6523	9727
5361	892
5649	9675
5675	479
4684	526
5218	1851
4256	3
6119	9776
6906	944
8895	1177
6570	5755
7633	9674
6752	9539
5470	219
7494	9516
5559	9980
7527	9823
4709	4955
6671	9969
5967	70
5480	4548
7896	9867
8490	9479
8109	9964
5731	474
7351	2746
6346	1974
8113	9973
5978	5610
3523	69
4833	406
7268	4606
5126	9
6625	4122
6257	271
6563	474
5750	9779
5370	41
5100	9655
5626	2165
6841	9826
5456	9864
9638	9922
7186	9382
7794	9939
6009	4226
5029	75
7939	9704
6160	9519
5085	9987
5856	8290
6670	673
6872	9798
8049	9958
4720	18
8777	9035
6274	9987
6143	9103
7540	9343
6213	2002
8581	9997
5856	45
7023	9976
6895	9409
7897	1070
7344	8980
7356	9917
8660	9842
7395	4729
4932	8582
6276	14
7616	1015
6405	406
6376	9898
7066	1505
6190	0
5277	1431
6702	4197
7565	179
7535	4910
7364	8105
7240	2825
7477	7625
9098	464
5789	336
4383	146
6980	2548
8037	6458
6179	1062
6533	6037
6119	718
7338	9929
6242	6921
6624	8658
6854	1201
3612	249
6194	2528
5268	9592
6597	418
6903	4921
6166	5
5826	3276
6353	9969
5668	904
5258	9689
7776	6230
6892	8515
5464	2046
5920	8142
5641	82
7564	3982
7465	9562
4244	39
5774	9764
6307	9721
3400	41
7132	52
3747	121
6641	8391
8066	8864
4180	266
5809	1
6385	1251
8713	7767
3808	17
4846	94
5609	9565
6987	3650
3346	90
6347	409
7267	9088
5405	608
7249	606
8033	11
7370	6202
8518	9287
6968	70
6746	9701
7150	9453
8011	1659
5841	9530
8365	9894
6936	9922
5391	104
9190	9995
6432	389
6621	0
5443	5628
4900	9695
6464	2
4795	86
6858	9980
5706	1273
6663	213
6965	2
5584	263
6176	627
7055	1392
8908	8995
6213	972
5196	24
5778	8111
8139	9970
6467	17
8128	9706
6123	9564
5633	829
3878	95
4853	34
7796	5250
7574	6993
5175	32
7170	4154
4537	5323
7408	1001
5358	3995
6770	9829
6295	1612
5854	1
5717	25
6897	4372
7350	5267
6953	2972
3937	6
6267	73
7996	8427
5690	791
6669	2751
6810	5983
7335	9995
8589	8066
6869	9991
4838	633
7445	7056
6389	8987
5371	39
7977	9440
7267	6619
5834	4996
6187	9961
3839	7
6766	9754
5171	21
5314	886
6901	9661
7005	6052
5087	6172
5679	88
7299	113
8067	9118
3985	35
8702	128
5516	549
5846	408
6111	2499
5699	4
7252	3226
8198	9506
8268	1008
7301	7387
5610	5676
8001	979
5199	22
7505	9901
4570	1082
7413	74
4606	3275
6208	8767
5538	1489
5970	9227
6419	9284
6656	9998
6277	9325
7314	9960
5028	1385
7209	500
7104	6683
7713	3561
5419	8627
7152	7636
5703	3207
6464	571
5150	9151
6943	1354
4802	76
4820	117
5260	8348
5875	9658
7390	9965
5912	9929
6867	8538
6009	122
5463	8196
4257	5
8165	525
6999	8789
7696	2604
7531	7473
8885	9995
6406	2184
6703	261
7244	781
9999	2337
5315	440
5407	8743
4628	826
7082	4382
8578	815
7818	9995
5508	585
7022	3
4536	2688
5186	419
4782	7
7770	6329
4474	3
5782	407
5210	8681
7494	9996
5876	8821
4972	831
5878	3421
6284	1810
7551	9986
6746	319
7194	9904
7661	9866
6389	3482
7415	8201
8080	961
4664	8978
7424	6801
5370	9985
7458	6966
4918	8565
7899	7276
7319	9106
7374	611
6177	142
4403	22
7463	3349
8633	9989
9095	4110
6513	23
7377	1218
6099	1068
4517	490
5415	95
9025	9993
4269	7705
6349	7568
6721	678
6742	3730
3004	1600
6291	9353
6046	477
5755	9916
7542	679
7108	207
9908	9605
6218	7767
4737	3617
5329	1382
7349	4322
6941	4431
7466	8632
7745	9976
7036	9543
6286	0
5120	0
3711	30
5151	2962
8162	9652
6711	1720
7045	276
6574	9951
6877	9926
7419	6312
5751	2340
5500	216
6595	8234
6764	9719
7088	7803
7371	9722
7374	4763
6131	24
6443	9685
5876	3157
6010	1897
4240	227
1052	0
5140	6
6400	164
4170	438
7449	5499
6936	7101
6628	164
6320	4969
7174	9997
7443	8811
6659	6531
5175	49
7600	4004
6541	9915
6673	1776
6179	4015
8416	9974
5274	3064
7184	8676
5833	283
6845	9959
7236	6782
4885	5
4126	453
5529	2186
2723	469
4974	2099
7382	90
5475	9997
4871	1175
6008	133
7561	17
5193	9787
8587	8695
8788	9720
7421	1
8255	8627
7817	9709
6975	6129
5965	9398
6603	9866
7511	3985
6286	904
9577	9157
7069	9728
7313	5947
6603	8796
9513	8277
6181	3257
5350	1118
6425	179
5162	178
7786	2042
6247	1
6323	9952
6515	9308
7257	500
6986	9995
3880	227
4035	1
5115	43
8261	9406
7836	9809
6348	7285
6488	3158
5490	31
7826	9935
7470	9025
7280	9449
4921	574
6432	6728
6735	9068
6647	22
3577	34
8058	2376
5024	8333
7001	9938
3158	4
8362	2195
7007	4986
6445	2914
6233	5868
3552	60
7262	8201
5780	693
6189	9551
5538	4715
8226	9938
7199	0
6490	6082
5647	9672
8205	5245
5050	15
7029	7093
7197	9998
4791	9920
7687	7821
7114	7245
6839	18
2728	6811
4949	3
6406	9883
7406	9801
2634	2
3678	511
3763	992
4072	7899
6478	71
8011	8081
5671	247
8150	8668
4356	2297
7705	5500
4967	176
6310	6841
6017	1652
6469	7527
6590	9187
5448	9236
6877	6
4433	5764
6719	1591
7325	9964
5659	1080
4890	133
