8752	188
274	67
5965	167
1041	102
7918	139
2975	106
4118	115
5521	101
8774	163
89	87
3015	108
6509	189
25	68
2787	129
6470	168
8410	107
4365	123
3444	191
8939	198
6529	179
5617	126
4132	143
8153	166
2689	119
4971	117
8890	199
3496	124
1829	125
8623	210
5897	114
8943	100
6451	191
3648	139
3904	169
4605	140
6439	240
2040	97
3987	44
2820	140
3362	111
6366	162
8841	132
5886	179
7104	190
7967	71
3968	163
8426	130
8972	156
8013	181
3052	120
6625	213
4570	135
6804	172
5426	146
7645	159
9574	116
4333	155
3591	116
7304	188
4323	195
8704	132
8822	153
1124	120
8933	82
5508	171
3024	155
4944	157
3495	155
3441	157
6298	143
1492	100
3462	113
2938	92
2204	113
1054	113
5569	137
5672	128
4260	123
4770	161
4403	176
6545	184
3950	132
2628	125
8011	176
3386	142
8262	158
8991	166
4009	161
6995	146
3950	122
7440	134
7665	118
8382	154
6798	169
3687	151
4089	135
3988	193
4755	156
144	49
3947	85
5357	183
9000	227
6724	171
4125	170
6548	142
8247	157
6267	158
6080	184
7717	189
9006	179
6157	143
2479	111
4515	119
4898	127
8962	217
8064	138
4339	157
4751	164
3834	129
6950	151
541	85
3713	129
3232	166
2114	127
8512	115
1338	154
7931	202
6503	188
1984	136
6109	149
1865	83
4427	193
8848	161
7241	142
819	111
3948	156
8752	192
3660	190
3935	173
9952	75
7973	174
4946	109
199	1
3884	92
1576	107
9392	160
8896	167
7603	177
8823	204
983	119
8231	105
3673	179
4559	68
7869	158
2111	101
8239	165
3898	137
3464	168
7432	116
4898	126
4438	166
7374	101
7291	147
6484	179
5369	156
2184	107
8902	206
8346	161
70	92
6118	101
5036	164
4616	164
4934	185
1358	142
1196	111
7307	161
3667	136
3059	141
5170	151
8121	166
8565	197
4725	157
1443	96
2	92
1431	138
5647	142
6554	187
4666	162
1629	140
4089	70
8853	229
8058	191
8996	114
7915	176
239	89
8140	183
5670	182
5648	146
2570	136
6496	140
4042	85
8517	152
7280	171
5283	141
1651	134
37	129
2270	118
3635	157
8483	174
8700	219
8226	180
4947	164
744	24
1983	110
7375	127
694	118
6256	203
8863	147
8978	154
321	117
8964	194
4774	133
1257	63
8839	192
576	32
5746	167
8	88
426	110
4124	176
2553	111
693	77
7517	191
5348	143
5399	173
6358	120
8978	186
3665	117
767	96
4963	145
4283	169
5001	156
2286	130
443	91
7365	192
11	31
2565	135
2596	129
8933	161
4393	150
6303	134
2483	129
7319	183
1964	121
1835	106
2936	119
3900	133
365	101
5934	136
1648	125
6981	164
651	77
55	60
7737	157
8937	160
4532	160
4883	122
8275	188
1966	115
8872	148
266	79
6889	163
4909	153
5836	144
8939	139
2469	128
7792	164
8848	152
488	111
7387	192
6966	136
6139	120
3974	141
9004	191
5881	180
3323	90
6402	156
7132	73
4326	126
7895	175
1228	87
4902	140
3449	120
3298	141
2535	92
2638	138
5330	173
5443	58
4851	100
8627	159
5179	131
1838	129
3335	131
6705	164
3554	164
3462	91
5769	148
3466	128
8706	181
7393	158
3981	193
6749	161
7617	167
8985	203
7509	187
1900	133
3731	155
1984	94
7386	177
7943	206
2107	158
3566	156
8640	186
3169	125
8997	177
4066	160
6955	201
1833	133
7280	172
4074	126
6943	161
8950	193
3446	168
5184	135
8610	188
2336	106
7840	194
7697	5
1318	108
8910	206
6386	219
5568	112
5882	153
5498	108
1312	114
5238	172
7700	156
8995	215
3915	120
7611	138
100	90
1665	87
9005	176
2135	103
1115	92
1401	76
4075	131
2857	132
5218	125
49	23
1212	87
531	54
2725	133
8091	171
204	96
751	107
3366	135
439	33
69	81
4082	127
4676	161
1245	117
6612	186
2831	143
5985	154
974	64
2414	103
3876	147
0	100
1936	126
5222	157
3505	118
3297	163
8982	97
89	76
5664	132
1658	98
6333	185
4556	151
8256	196
1867	109
5325	191
6939	157
6170	158
4865	176
4110	145
3644	147
6506	166
8953	203
6579	164
7994	117
8986	121
5795	193
7818	184
5649	150
1516	119
3495	138
6814	209
8066	199
6276	151
2082	108
2970	155
8932	176
6014	155
8889	196
8888	154
5356	141
8720	145
1713	122
4713	138
2594	112
7368	45
5770	164
9003	148
8121	116
6217	168
1244	133
4462	37
4253	147
5344	152
6949	174
8464	168
3460	198
8017	145
3630	121
8517	188
3920	218
1174	126
3716	132
928	78
6333	168
6788	143
9005	152
3634	150
5191	176
3927	122
4292	155
4999	237
7076	111
4167	115
4436	144
4190	173
1193	108
440	99
8033	183
8652	136
2718	163
8865	203
5818	165
8030	196
1538	122
7466	179
8133	107
8970	210
5722	141
8981	70
3374	113
8913	204
8636	150
4474	171
7755	97
6716	156
1034	89
6937	198
8995	187
3217	86
6266	155
538	130
3996	138
3666	144
8513	207
8968	170
5372	164
4648	141
4488	126
5761	170
8715	189
2476	120
6957	160
816	96
8722	178
7961	203
3441	203
3460	149
6364	144
8822	221
7	68
3875	203
3440	46
6446	178
3565	163
8398	113
7318	151
2834	125
721	86
8929	94
7175	160
8677	159
8993	149
5658	188
2583	122
3705	117
6104	167
3581	118
5010	150
5013	136
8553	118
6054	96
3976	142
5955	127
5241	131
1148	91
2647	157
3744	133
8451	199
8377	114
4317	130
1766	157
3578	87
2126	120
3584	139
3541	147
3561	145
430	27
734	90
5913	109
1971	112
4549	170
5996	154
9006	154
5414	170
7420	159
8143	187
2792	119
1204	75
992	101
8830	164
6674	156
8749	211
7884	125
756	124
3534	139
7895	133
7771	158
7286	103
8909	118
1741	135
4920	171
8417	192
4366	182
795	77
8997	195
6309	140
5132	127
8830	126
2081	125
3445	173
8808	196
6534	165
7268	86
2744	130
6350	176
5511	151
4239	110
7197	161
8137	168
3031	138
1083	104
8404	220
7956	190
4891	152
5658	177
2809	118
6077	156
8803	113
9007	91
3469	231
7967	196
6765	130
1806	133
1101	106
7870	215
6830	205
5474	155
1789	88
3599	104
3843	120
5925	180
9299	201
6150	145
293	115
5002	200
8178	214
6720	129
8990	171
6702	140
1800	119
6834	192
8949	161
22	59
8058	169
8912	217
861	91
8617	106
9001	157
8644	191
8122	177
5985	187
116	61
7013	152
7443	124
9938	164
3554	123
5411	161
3275	122
2257	118
5360	139
1239	74
4037	143
8740	156
8651	217
7174	142
489	23
5482	125
8026	190
848	94
3714	107
5425	136
1693	141
8813	210
1290	88
8905	171
2852	129
4486	114
8916	226
8056	165
775	104
3053	154
1602	117
5872	127
8858	166
8883	155
3543	131
8908	122
897	92
6660	181
1369	109
8884	183
7101	180
882	116
854	108
2181	169
4371	128
353	91
4347	149
6277	202
7367	142
2797	91
4449	156
7632	175
7453	191
598	87
5391	180
6091	207
8944	232
3746	150
6761	166
902	83
5733	148
1527	94
6139	152
8315	199
3054	87
1854	113
8435	147
2220	118
8952	177
2634	119
6319	145
5769	156
8685	172
4277	159
4304	101
6370	209
6407	130
6563	143
5217	169
3768	51
2128	137
813	90
8829	191
2763	109
7356	89
23	65
5206	157
8060	119
2621	116
1823	121
7881	143
3667	135
2844	154
8880	161
6772	168
7410	180
4318	132
1404	121
2767	104
6768	148
6651	180
2846	125
7027	170
8980	90
6730	167
8015	142
5227	164
4939	167
4408	144
8886	142
1790	110
4445	109
8230	177
8942	210
6758	151
3631	119
6590	118
79	32
1954	111
7509	174
2770	150
6290	178
6169	153
199	82
6559	149
5310	172
7515	175
8794	174
7898	107
4153	152
4546	148
4561	162
4690	142
6290	152
7429	213
5184	131
8492	131
7634	194
7890	185
1241	129
8383	193
784	16
3663	167
4316	111
6870	128
8911	78
3976	205
2100	118
8757	223
6586	184
4774	161
2734	122
5478	127
8885	137
5176	125
2493	124
8886	171
8311	181
8886	208
1019	72
3140	132
2786	121
5588	131
8997	143
1956	144
6843	148
5356	108
6296	199
5852	152
5473	133
8738	197
1363	105
6250	159
8062	168
8879	182
8536	199
8952	135
8721	145
5782	157
8964	201
14	61
5251	170
8162	183
7743	147
8741	160
2284	135
6448	101
7725	203
1063	109
385	114
2163	97
7719	170
6477	154
7289	182
6607	186
7718	197
7872	199
3166	126
7607	174
6478	180
20	72
8963	170
7932	139
2434	142
3305	133
7999	146
5274	124
3363	135
6467	124
7665	164
8585	134
5446	188
2974	127
4535	139
5670	156
6940	164
8392	119
3220	135
7636	139
3080	124
1132	128
4462	145
4826	157
5243	148
3887	155
6582	162
376	88
7667	144
7435	138
6425	183
3735	206
8597	181
3615	134
3179	110
8468	208
7697	147
5198	160
8965	150
5653	151
3139	125
5258	90
8044	184
8671	95
3144	122
4780	152
167	68
8998	143
6333	143
7070	169
3440	183
4297	145
1645	108
6237	149
8298	164
7357	180
2354	127
4188	138
8989	154
7550	113
5939	166
342	97
5661	160
6937	166
7300	169
5269	179
4662	197
418	66
5682	92
6598	177
1052	114
5196	145
7191	140
7776	177
8847	156
5972	52
4244	109
7858	118
2923	150
8791	120
6342	150
5565	149
8676	203
4585	142
2807	129
8954	137
7191	155
3971	171
8593	154
3817	138
7711	164
3512	149
6458	128
3579	98
2760	119
5733	169
7642	168
7744	132
6247	110
6054	175
4170	153
6135	201
1047	106
4963	151
6873	165
4156	114
5117	131
1533	97
7667	144
3978	162
6595	185
6658	163
5453	116
8646	207
3712	171
8990	151
5014	141
3677	130
7572	182
6142	157
7502	179
8926	216
2647	123
8529	206
9000	186
6870	128
558	98
3604	122
542	95
6262	161
5880	210
7898	159
8138	206
79	53
7378	180
1762	124
82	34
5946	117
8614	177
4523	137
7480	130
6454	150
7920	75
8845	146
2	57
3276	156
4604	158
3439	127
7688	141
7981	204
7785	94
8890	161
8118	156
467	110
2657	86
3514	160
3436	124
8608	187
6968	178
8738	229
3640	156
9003	142
845	78
8238	177
7243	145
3699	88
8757	204
5535	232
5309	162
6288	170
6211	127
8653	191
2	51
5266	143
8964	139
2460	108
387	114
9237	175
6429	149
5368	136
8992	152
6790	191
7421	188
125	83
2421	138
8854	155
6338	133
3432	160
1311	79
3396	118
4460	134
577	131
5205	155
5862	163
3767	126
6442	131
1578	70
6630	149
6931	167
4135	147
5912	153
8486	231
8526	129
3959	94
5559	167
6522	170
3769	125
8120	130
8050	138
6518	160
7160	167
1006	82
8778	162
7649	190
6305	191
5973	199
6301	142
7116	155
8930	84
5385	155
8325	190
22	34
8668	133
8493	204
4596	69
4241	127
8409	206
8864	191
8726	168
1917	145
4768	136
4136	167
3081	136
2793	129
6977	133
4539	144
3533	158
6337	163
4790	132
1444	107
2502	121
6425	167
5496	168
7952	142
8025	152
245	56
2867	122
2637	129
8514	204
9003	211
6938	181
6716	182
8395	133
5472	150
8817	174
3760	139
8133	160
7868	126
8844	144
3530	136
7334	127
8826	186
5575	161
7680	189
1603	89
7945	193
6292	90
8800	143
6436	193
2571	116
6332	168
6354	161
2022	118
5152	174
1105	100
9004	150
3140	142
5775	106
2510	167
8268	178
1608	115
209	79
32	29
3834	197
2633	95
3507	155
5263	147
4772	139
2623	141
3807	158
8443	150
275	79
1253	97
1154	130
3939	203
1005	100
1432	111
9007	146
4211	123
3284	133
4254	123
8136	139
8137	144
3655	135
6386	74
4749	158
1115	85
6938	180
4061	154
2013	124
1618	144
5891	161
8990	203
6871	162
5208	136
6038	136
3499	89
8784	222
7577	126
8706	203
4699	128
8963	157
2356	135
313	33
2555	141
7979	176
2060	126
8889	165
1230	114
4730	162
7619	191
8201	112
8126	197
5133	108
7868	144
8877	153
5127	137
3341	140
8971	154
2458	161
7886	134
1	69
7953	165
7328	167
8979	224
4306	173
5026	133
4886	178
4865	149
8824	141
8850	120
8388	165
5325	144
1484	96
7086	155
6421	185
3615	129
8860	176
9818	130
6268	212
7714	189
5312	146
2876	133
3359	122
5504	135
6175	160
7506	153
8807	228
3800	189
5558	166
7199	135
3124	153
7550	169
2301	110
8984	237
8101	136
7671	187
5591	143
8853	137
4350	149
4126	114
984	103
6649	132
5754	130
8917	196
6660	66
5644	160
5968	146
699	100
6280	122
8733	123
3654	111
7144	196
2191	115
4152	127
5867	87
3910	101
5421	196
8820	46
441	99
8239	140
3280	119
8793	177
6412	204
3759	153
6642	181
5301	143
268	65
208	104
5456	161
137	73
8630	200
7707	155
5122	147
7720	164
5234	129
4654	121
4736	147
8989	206
8953	155
1818	81
8256	188
6888	145
8152	135
7567	135
3834	118
6742	196
7600	175
7412	178
7634	124
4506	157
7439	178
4879	133
8736	124
8902	174
8743	140
967	131
8766	146
3124	75
6685	177
1572	120
8873	148
8167	198
3016	120
8095	161
5476	158
8627	197
3491	130
6010	139
6722	115
6413	141
5063	110
8827	236
7804	110
4843	117
8849	97
8498	154
2686	101
2872	116
4041	154
4290	174
8762	184
6907	155
2597	119
5077	217
5184	109
4419	145
8153	90
3487	142
4894	135
7570	168
6110	156
7407	176
7092	115
3180	144
7934	135
7146	128
7246	154
8545	41
8794	220
3877	175
8884	168
8913	145
7013	147
3006	155
3352	132
3725	108
7514	199
8897	133
8857	180
3514	128
6252	167
2752	148
0	54
8063	159
7581	151
2864	126
7920	186
3584	128
1562	92
7943	190
2707	131
8383	207
3449	112
7147	175
3451	129
9007	150
7013	149
1501	120
7313	196
4260	150
7756	165
266	107
6116	154
5812	182
2873	111
6669	187
7	54
2550	155
7013	108
2765	128
2041	119
8383	166
3731	117
2270	116
5243	129
7506	149
6928	159
3559	104
16	78
5979	142
1283	100
3539	171
841	116
534	118
4655	154
8017	166
7374	166
1263	121
8231	172
6868	142
7564	156
7488	178
7561	158
2045	108
7035	167
6818	174
6361	194
8160	187
5399	138
2228	120
6800	180
7578	205
8910	196
8940	166
6018	166
1891	121
4243	157
7498	139
3465	144
8521	193
4263	156
5868	174
5963	150
7133	132
3671	103
3945	148
5948	148
1085	92
5315	151
8546	113
3462	158
1223	89
1578	117
4268	114
210	77
5752	152
5036	101
8429	122
8208	155
4238	114
4766	142
3699	130
3521	107
731	70
962	94
6584	133
8395	174
4975	171
3983	60
539	90
412	83
8552	104
4270	213
8140	122
8756	204
3925	155
513	79
7915	146
7808	136
3480	210
5617	145
81	79
5609	141
5130	169
18	71
5820	176
1981	134
1229	99
7068	113
3550	108
18	73
4145	190
4158	152
4170	161
7389	155
4196	90
6175	188
5527	141
324	111
5770	163
5177	149
2200	145
5213	137
7549	172
9007	157
2477	144
8742	97
2498	135
1560	86
8728	181
8562	184
8295	173
9006	226
6883	151
1202	151
4195	137
1389	80
3768	117
9004	227
2948	132
8109	147
690	102
9007	208
4017	131
8289	197
6753	124
76	59
6751	124
8967	161
3673	145
2228	70
8601	205
6015	178
3520	129
2030	107
3777	131
3973	138
3887	142
2651	37
5201	141
2339	128
6357	111
1614	119
8695	217
3517	161
5294	174
1094	132
7097	186
5088	174
4385	87
4962	128
8915	105
5835	106
6994	154
8281	206
3890	137
3125	124
346	81
3367	55
8879	129
2688	92
8865	170
2293	118
7196	144
7037	206
4016	208
4328	119
5315	147
3462	171
6126	149
4286	122
4235	114
2454	137
3439	156
4954	129
3000	112
4675	150
9999	194
3988	153
5785	146
1046	75
4441	171
7942	113
8237	143
8635	107
2671	131
2515	139
5690	137
3217	127
801	120
8671	220
4863	115
1366	136
6176	185
4996	161
8375	166
870	100
8025	172
4383	159
336	133
4753	168
6213	190
4531	153
8891	144
2933	137
2262	119
2872	135
2349	131
8944	163
2084	125
1858	105
8843	152
3176	140
9007	144
6969	176
9951	125
8886	150
4768	132
8973	225
3834	108
4123	125
2196	121
7073	159
2145	126
3730	139
164	59
8332	180
3383	123
7979	202
4043	155
4614	145
1565	93
5702	146
8066	154
3986	127
479	44
8409	233
517	94
8643	151
8870	211
65	100
2662	119
8236	124
5034	173
5411	111
1216	1
2425	137
8998	115
7665	189
1835	112
6507	133
2008	86
8435	154
4588	135
8054	216
1801	147
74	63
8198	145
6054	150
4285	105
5109	151
8918	119
9017	208
8088	106
4082	171
8297	143
6381	164
7127	145
6725	183
8709	229
8996	145
9000	153
4607	138
2839	1
3612	138
8668	202
9467	187
1557	111
6298	148
9305	184
5848	151
4433	136
4100	142
8645	202
8564	183
3657	143
8171	94
1255	120
7332	82
4007	137
3963	63
6032	173
8785	210
6840	166
6305	161
4152	221
26	54
3622	164
1294	115
2830	135
2311	127
6436	170
8977	160
3921	163
4622	104
4100	165
7270	175
5638	148
1589	1
7085	177
4026	157
1224	89
6210	157
5185	142
7657	168
7358	170
6876	131
4161	150
7167	168
7752	142
8291	171
5242	163
8058	119
7606	140
6612	133
2880	112
4279	189
3469	146
2739	124
2662	145
7892	140
4883	148
4630	145
7292	154
5085	179
7868	82
8658	204
5636	157
4635	148
5914	183
3020	130
8611	205
1659	118
7668	189
7696	237
8252	192
6279	148
6051	181
7685	187
7802	176
2959	135
8025	184
3390	80
8245	166
4557	122
128	51
5889	180
212	70
2778	132
2708	102
8931	129
3438	133
7073	163
3689	104
8892	180
4149	154
8366	149
4162	227
5559	111
4704	128
8138	85
4677	159
3589	130
8534	174
8714	149
9981	148
5813	134
3196	139
7356	156
3102	174
5558	171
5095	136
5258	139
3284	149
7996	220
1195	125
34	32
7976	201
8882	71
1740	139
6492	182
7442	64
7045	153
8545	186
9951	127
8306	162
7881	194
6211	151
8928	78
1501	134
1011	127
6690	192
2084	127
7175	165
1732	117
6056	196
7922	149
7136	202
6899	151
7348	164
3751	148
8237	186
6280	114
5518	168
8374	179
5623	159
5559	159
8754	196
4969	130
5440	146
6867	113
8426	176
7876	147
5418	150
4466	141
6462	187
4438	167
277	95
4252	165
6484	46
755	92
4564	142
3803	90
7143	107
5809	156
7842	203
3862	191
6089	148
9004	168
5865	161
246	64
7196	104
61	52
6185	138
7400	155
3615	105
2251	106
8003	190
6404	177
8945	109
4782	133
8176	203
2966	160
4970	127
3786	135
349	82
8663	136
1285	121
2	57
3612	134
2876	153
3522	74
4881	128
9126	137
4265	148
9002	136
8719	188
8648	208
1642	101
8571	195
