3	8743
4	4297
3	2749
3	6225
2	5373
3	8808
3	7744
3	5341
2	6729
2	6407
4	7733
4	9014
3	2948
1	9139
3	8770
3	6329
4	3796
4	4084
1	9625
3	8120
3	8459
4	3554
3	8793
4	9239
3	2189
4	4110
3	8795
2	9607
2	5349
3	1971
3	6796
3	5752
1	6177
4	8554
2	5287
3	2187
4	9222
3	3858
2	9620
3	8326
3	2017
4	3982
4	3266
3	3034
2	8966
4	8741
3	8827
1	6014
3	3816
3	0
3	8962
4	9116
3	2212
4	9262
2	7435
3	1884
3	8912
3	2421
3	4786
2	6376
3	7839
1	6369
2	9153
3	8863
3	8750
3	6048
4	9280
1	9829
3	1352
3	6480
3	40
4	9198
1	9999
3	7618
3	8651
2	9601
3	8745
4	4251
4	3866
3	8640
2	9222
3	1639
3	8812
3	8786
3	8642
4	3220
3	1905
3	7665
4	7249
3	8909
2	8199
4	8999
3	8681
1	9936
4	9142
3	1564
4	6303
4	8934
3	4046
2	5341
4	8956
3	718
2	4503
4	3272
3	7838
4	3512
4	8414
3	2227
3	2285
3	1813
2	9590
3	2202
3	2383
4	3605
3	8675
3	9129
4	9094
3	8883
3	5362
4	7101
3	2749
4	3590
1	5513
3	1756
3	5039
2	5338
2	7289
4	8984
4	3508
3	6782
4	9205
3	3181
1	5949
3	2653
3	8619
4	3536
4	3545
3	8419
3	691
4	4334
4	3642
2	5905
4	4955
4	9378
4	9212
4	8686
3	8732
3	8957
3	8964
4	3729
2	9576
2	9436
3	2584
1	9543
4	9132
3	8787
2	8894
3	3185
4	8968
2	4760
4	3381
3	1746
4	3414
4	3255
2	6585
3	8757
4	9262
4	8096
2	9666
3	6599
1	8970
4	3145
4	3360
3	5742
3	2235
3	1257
4	9149
2	9653
3	8661
4	3426
3	8739
4	9313
4	5076
3	8604
1	5798
3	6764
3	8697
3	5681
3	2433
3	2156
4	6891
4	5391
4	3621
1	9830
3	6667
4	8130
2	4659
4	6306
3	8148
2	8872
3	4366
3	6157
1	9767
3	1491
4	3553
3	1609
4	9301
3	1429
4	4006
4	4619
3	1707
2	5738
3	1681
1	7987
3	7982
4	3842
4	6918
4	9231
3	8433
3	6357
4	3288
3	2130
3	7215
3	8836
1	6329
3	8805
4	4279
3	1443
3	1005
3	8684
3	8995
3	8779
3	1122
4	8026
1	9805
3	8854
3	2075
3	8901
4	9057
2	9536
1	6425
3	3180
3	5184
4	2646
4	9187
3	2391
3	8755
3	2079
4	9250
2	6412
3	2590
3	7975
3	8854
4	9261
3	8178
3	7003
3	6428
3	8714
3	8918
3	8482
2	9164
4	7616
3	8670
2	5676
2	9336
2	5186
3	3087
3	2498
3	8736
3	1320
3	8465
3	2484
3	2956
2	5325
4	3200
3	1356
3	1026
3	8809
4	9282
1	8192
4	9170
3	8712
4	3867
3	105
3	7049
4	9152
2	9414
3	8689
3	8741
4	3832
3	8713
3	8330
3	8606
4	9114
3	8960
3	2394
4	6006
4	7392
3	1636
3	8803
4	3406
3	2180
3	1690
3	2070
3	2351
4	3289
1	9779
2	9539
3	8741
3	8380
4	8973
2	8506
4	8992
3	8498
4	9114
4	3532
4	8286
2	9511
3	8761
3	5671
1	6118
3	8706
3	2677
3	3072
3	8745
4	6784
1	9868
4	9118
3	8938
1	9814
4	8471
3	643
3	7754
3	3926
4	9286
3	2276
3	5124
3	8709
3	1983
2	9602
4	7480
3	5998
4	4233
1	5708
3	1718
3	918
4	9129
2	9539
3	2670
3	8654
4	6969
3	7786
2	8402
4	8228
2	9435
4	9164
3	1513
4	6178
3	7631
4	3313
3	8942
3	1529
3	3268
4	2997
3	5870
3	8721
3	1081
3	3026
2	5535
2	8893
4	9154
1	9774
3	8635
3	1648
3	6005
2	9550
1	6246
1	8889
1	9850
4	8893
3	8550
4	5421
3	8800
4	9212
3	8845
3	1938
3	8000
4	8186
3	2371
4	3375
2	4859
4	4406
4	9251
3	8797
3	8501
3	7842
3	7647
4	3027
3	2243
3	8642
1	9635
3	2062
2	4487
3	5400
4	3866
3	4184
4	9095
2	7492
4	3545
3	2048
4	8852
4	4478
4	4168
2	9503
3	8425
2	9350
2	4953
4	3390
3	8568
3	3667
4	8291
3	9023
4	7906
4	6118
4	4178
3	8628
4	9231
4	7435
3	628
3	2338
3	8863
3	4739
4	7559
3	5851
4	3764
2	9497
3	8732
2	9580
2	7236
1	9981
3	8642
2	9542
4	9043
4	4001
4	4017
4	4093
4	9000
3	8539
3	8659
2	9546
2	8658
4	6031
3	8726
1	6473
3	8678
4	9154
4	9072
4	3966
4	8600
4	9077
2	8373
3	6808
4	3812
2	5344
3	1690
3	2190
3	2371
4	3435
2	9609
2	5088
3	8703
4	8664
3	8396
3	8910
3	8916
3	8851
2	9216
3	8796
1	9236
4	6904
4	8888
3	8654
2	4965
4	4158
1	9924
4	3309
4	8829
3	9068
4	4555
4	6632
3	8799
3	9029
3	2905
3	3609
4	3159
2	7177
1	9837
3	6856
3	8651
3	8960
2	9615
4	3732
4	9171
1	5670
3	8762
2	5326
4	9230
2	8449
3	2066
4	7125
3	6309
4	8990
2	6016
3	7952
3	7074
3	1925
3	1876
2	7898
3	2927
2	5305
4	8119
4	4137
4	4772
3	8704
3	6821
2	5083
3	1840
4	3721
2	9605
3	1769
1	6343
4	7312
2	9598
3	2257
3	8481
3	2870
4	8233
4	3554
4	3798
4	9110
3	7705
3	8915
4	6995
4	4040
3	1550
4	8818
4	3603
4	3699
2	9485
3	8675
4	9322
3	1911
4	3747
1	9880
3	7941
2	9433
3	8875
4	3670
4	9078
3	8795
4	4434
3	8381
1	9748
4	3479
3	6970
3	4142
3	5376
4	7212
2	5142
3	1426
3	3318
1	9720
3	2129
3	1072
3	3225
3	7459
3	1827
1	6087
3	1273
3	8606
3	1669
4	9092
4	9097
2	9454
3	6795
2	9198
3	1312
2	7898
1	8761
1	9810
4	8860
4	4172
4	9130
4	4229
2	4897
3	7273
3	2082
3	4104
3	8840
3	8076
3	2818
3	2379
4	4668
4	3583
4	9302
4	8997
3	3722
4	4108
4	9063
4	9195
1	9126
2	5188
3	6870
1	6393
3	6470
3	2124
3	8810
3	8943
3	1917
4	9268
4	4651
2	9344
4	5316
3	8779
3	5769
2	7513
3	8778
3	8692
4	8318
4	9093
3	8626
4	8239
2	7102
4	9210
3	8634
3	8772
4	8295
3	8156
3	7248
4	3574
3	8901
3	8919
2	9529
4	3734
4	6293
4	9119
3	8510
2	9442
4	3555
2	9487
3	8226
2	5534
4	5034
4	5591
3	2357
1	8525
4	3725
3	7546
1	9921
3	3427
3	2006
3	2591
4	9089
4	9283
3	8617
3	885
2	9475
3	6872
4	4044
1	5987
3	1537
3	7647
2	9438
3	8679
4	9054
1	6601
3	2416
4	7773
3	3150
2	7572
3	2619
4	3857
3	8826
2	7341
1	7497
3	3035
2	9600
3	2650
3	1886
4	3780
3	1856
2	7062
2	5286
3	2079
4	9070
3	7656
4	9118
1	5964
4	9118
3	1962
4	3323
3	2297
3	8211
3	6904
3	8681
3	8813
4	9027
3	2236
2	4903
1	9260
3	7358
4	3617
1	6209
3	8721
4	9186
3	7961
2	5398
3	8730
4	8910
1	9786
1	6088
3	6472
3	8550
3	3450
3	1511
4	9162
3	2614
4	6998
2	5652
3	8868
2	9484
3	2514
2	4732
4	4769
2	5195
3	8496
4	7717
1	8602
3	8927
3	8733
3	7940
4	3087
4	9129
4	8899
3	8370
3	1552
4	5390
4	9345
4	8809
3	2238
2	9432
4	3829
3	1414
3	2014
4	8356
1	8083
3	2140
4	4520
3	3240
3	7539
4	9154
3	2191
3	2244
3	8836
4	9180
3	897
2	9584
4	4033
4	9232
3	8920
2	5607
3	1818
3	1672
4	5632
3	1077
2	7638
3	1107
3	6371
3	1686
3	8759
3	8710
2	6054
2	5373
3	1178
3	8736
3	4001
4	8082
4	3318
3	2689
4	3741
3	1563
3	6915
3	5464
3	8703
1	9851
3	7476
4	4037
3	8965
4	7743
3	2042
1	6954
3	8941
3	1821
2	5344
1	9795
3	8648
3	1464
2	5686
3	2601
4	4223
3	8658
2	8689
4	4143
4	5378
1	5948
4	3626
2	9652
1	8384
2	7071
3	8883
4	9116
2	9417
3	8848
3	2011
4	9296
4	3845
3	2431
4	8912
4	9078
3	8675
4	3499
4	9112
2	5515
3	3892
4	5257
3	7432
3	2334
3	8823
1	9732
4	9097
3	5165
1	5958
3	2636
4	9159
3	7058
4	7431
4	3736
2	9246
4	6937
3	1625
4	5915
3	7613
1	5613
3	8735
3	8687
4	9075
4	3996
4	8367
3	1287
3	1585
2	9403
1	9860
3	1706
2	9541
1	9102
3	8794
2	9553
3	8918
3	1509
3	8744
3	8993
3	3590
4	8964
3	8962
4	6306
4	9001
3	8033
3	8765
1	9316
4	8669
4	7565
4	5231
4	9137
4	9210
3	1135
4	9088
4	9177
3	8719
2	9515
3	1453
4	8437
2	5207
4	4507
3	8894
4	9313
3	8244
1	6081
4	4154
4	9207
4	3689
4	9344
1	7087
3	8789
3	9003
2	9422
3	8909
3	7408
3	1891
1	9763
1	6200
3	1895
3	8360
3	1938
4	3664
4	3333
3	1686
4	8735
1	8468
4	9280
3	3370
3	8348
3	8918
3	8678
4	6453
2	9484
3	1760
3	7732
3	8681
3	8697
3	1272
4	4938
3	8803
3	793
3	3243
3	8543
4	9158
3	1872
4	4064
4	9138
4	3941
3	1886
3	2334
3	2670
3	8879
3	8740
3	1306
3	8706
2	9652
3	8828
1	5743
4	3188
3	1885
2	9514
3	1468
4	8081
3	1760
4	8281
4	9154
3	1567
1	6951
3	8791
3	7657
3	8766
4	3115
4	3500
3	8524
4	9178
3	8919
3	8918
2	9437
2	9442
4	3772
3	1992
4	9154
4	3423
3	8601
4	9043
4	3417
3	8725
3	1886
3	8695
4	5442
3	962
3	8602
2	9528
3	8394
1	9830
3	4539
3	8848
4	8426
2	9215
1	9124
3	8725
3	8787
2	5236
4	3621
3	8815
4	3419
2	5007
3	2793
3	3683
4	9073
3	8983
3	8683
3	2557
3	1132
3	8904
4	5252
3	1931
3	4566
3	2128
3	8653
3	7663
4	4594
3	2113
2	9520
3	6377
3	2272
3	2221
1	9789
3	2240
4	3202
3	4646
3	3254
3	8944
4	6846
1	9734
1	5807
2	4602
3	8508
3	2178
2	9617
4	9280
3	8858
3	2001
3	8844
4	9312
2	5634
2	5485
2	7729
2	5299
1	5749
1	5823
3	8695
4	3357
2	6824
3	2132
3	4689
4	3498
4	9267
4	7911
2	8695
4	9217
3	2183
3	1182
4	3527
3	6857
2	9444
3	8739
4	2680
3	735
3	1416
4	4068
4	9262
4	7819
3	8738
3	8610
2	9427
3	8814
3	2405
4	8681
3	8800
2	4691
3	3062
3	8753
3	8497
3	8243
4	3592
3	8548
3	8752
1	6398
3	5140
2	6832
3	8970
4	9284
3	1507
1	9778
3	8791
4	9313
2	5043
3	8922
1	6311
4	9232
3	158
3	1499
3	1532
3	699
3	2658
2	5040
4	3934
3	7265
3	2232
4	3343
3	6928
3	1179
4	9236
4	3750
4	5538
3	2707
3	8729
3	8664
4	3669
4	9163
4	9158
4	8364
4	9342
3	5664
3	5907
3	4316
4	6165
3	8332
3	1833
3	7965
3	6109
1	8448
3	8765
2	9455
4	4474
2	6825
1	6132
3	2126
4	4239
3	1750
4	9147
3	1898
3	3237
3	8993
2	9375
3	8719
4	3746
4	9254
3	6767
3	2129
2	9632
2	5736
3	8698
3	8574
3	5652
2	9430
3	8725
3	8675
3	1943
3	1921
3	8757
3	1733
2	5419
3	8364
3	8621
3	8728
4	9063
4	7711
2	8713
3	8758
3	8905
4	9259
4	9301
4	7274
3	2248
2	7202
3	1214
2	5128
4	8697
4	9100
3	8776
3	2798
3	2496
3	2065
2	5818
2	5233
2	9500
3	1986
2	4776
2	5126
2	5150
4	3669
3	8925
2	7830
2	9381
3	2293
3	8855
3	2106
4	9010
3	5109
4	8518
4	3777
4	3632
4	9283
1	7699
3	1511
3	8695
4	5633
4	8685
3	5404
4	8164
3	8731
3	7327
3	8825
2	8997
3	8718
1	5188
3	8532
3	2812
4	7767
1	9922
3	8602
3	8751
1	9695
3	8763
3	8875
3	8787
3	8939
3	1534
3	8464
4	3840
2	4861
4	5420
4	9232
4	3743
3	8055
3	1407
4	3114
3	8763
2	5269
4	3653
1	6011
3	6813
3	4283
1	8506
4	3868
2	9403
3	8510
1	9865
4	3046
4	8934
3	7649
4	9131
2	9505
4	9159
3	6849
3	2765
4	9203
4	8890
4	4105
3	8851
2	5102
3	8926
3	4985
3	7112
4	3750
3	8769
2	9192
3	8652
4	9280
2	5154
4	8296
3	8784
3	8759
3	8742
1	9923
3	3672
2	5378
4	3025
4	9226
1	6614
4	3488
3	8899
4	6207
3	1776
3	8233
1	6858
4	8933
1	9871
4	4154
3	1429
3	2082
4	9043
3	7600
4	9219
2	8026
2	5344
3	7585
3	2216
4	3063
2	4935
3	8754
4	8684
2	5123
4	4077
3	8785
4	6158
3	8769
1	6543
4	8945
2	9549
3	2389
3	1159
4	4200
4	8421
3	8930
3	8478
3	1999
2	6256
4	3328
3	6714
3	1418
4	3487
3	3583
3	5102
4	3229
2	9432
2	9491
4	3312
4	8366
3	8658
3	8751
1	9818
3	1073
4	9190
1	6816
3	2123
4	9037
4	9158
3	8679
4	3352
3	7629
3	4480
3	8674
3	7370
3	7958
3	8925
4	9036
4	6143
3	8756
3	8807
4	5075
2	9401
2	7086
4	8896
2	8384
4	5348
1	9850
3	8658
3	5638
2	9192
3	8751
3	1824
3	6266
4	3368
3	4025
4	3655
3	3397
4	3249
3	8750
3	7116
2	9331
3	3001
4	9093
3	8783
3	2426
3	6384
1	9892
2	9464
3	2285
4	9161
3	1726
3	7748
3	2078
4	9016
3	2978
3	8597
2	9264
3	8947
2	4844
3	8783
1	9992
3	2281
4	8626
4	9216
4	6818
3	8849
4	3643
3	8801
3	8750
1	9170
3	6875
1	8391
3	2330
3	2824
3	8949
4	8297
3	8945
2	5363
3	8658
2	4692
1	6436
4	9237
4	9222
4	3803
3	8945
3	8759
3	6530
3	3556
3	1588
3	2344
1	9808
4	9207
4	6401
4	3727
4	3473
3	7835
1	7888
1	9857
4	9155
4	3758
4	9279
4	8545
3	8946
3	1220
1	9676
3	3567
3	1065
2	4326
2	5370
2	6072
3	8508
4	4894
3	8703
3	8896
1	5990
3	5137
3	1707
3	1351
2	8821
3	2030
4	9154
4	9089
4	9188
2	9429
4	9126
3	1571
3	8572
3	8619
4	4859
4	9306
4	9337
4	4042
2	9548
3	1753
4	5324
4	7951
3	6990
3	2252
3	8729
3	2948
3	8855
3	5489
2	9260
3	1179
3	1352
1	7948
1	5829
2	7864
3	1878
4	6110
3	8901
1	9787
4	4098
4	9192
3	2682
4	9252
4	9037
3	8845
4	6548
3	8880
3	1845
3	8954
2	9054
3	2107
3	1701
3	8516
4	3487
4	3878
1	9767
4	3857
3	1763
3	2253
4	4618
4	9048
4	9327
4	4341
3	1786
3	2948
3	1818
4	9132
4	3652
3	1932
4	6360
3	8905
4	9141
2	4792
3	913
3	4939
3	1739
3	8542
3	2285
4	9157
3	1592
3	8859
3	8718
4	4098
2	7774
3	5016
4	9088
4	4101
3	8806
4	9140
2	5251
3	2244
3	8639
3	8853
4	3518
2	4777
1	5735
4	8916
1	9795
4	3861
4	9179
3	8461
3	1138
3	3187
2	9393
4	8931
2	9341
3	8411
2	4517
3	4156
3	8650
4	4295
3	1867
2	4907
3	5924
3	8914
3	8830
4	2952
3	841
2	6876
4	8319
4	4969
2	6004
2	5010
2	9278
4	8704
3	8194
4	4766
3	8874
3	8815
4	3008
3	8565
3	6128
3	2538
3	1870
2	8366
3	7858
2	4810
4	3523
3	1578
2	8234
3	8139
3	2072
2	9493
3	7738
3	3538
3	8797
3	1987
3	8914
3	7257
4	6946
3	8943
3	6525
3	7231
3	3184
3	2434
3	8691
4	5962
3	5230
3	2449
3	2930
3	2019
3	2147
3	1974
3	7586
2	4952
4	3201
4	9229
3	8691
2	5860
3	1209
4	9231
4	3822
3	1002
3	8267
4	3341
4	3277
4	4186
4	7365
1	9124
3	3175
3	3328
3	1683
4	6689
3	3613
4	7478
2	4304
3	4915
2	5250
3	7820
3	8625
2	9391
3	8817
3	7759
4	8063
3	8531
4	3800
3	1906
3	8825
3	8744
2	4911
4	9246
4	5788
4	7768
4	3709
3	8742
3	8604
2	9411
4	3052
3	1602
3	8561
2	4935
3	8765
3	1359
3	3291
2	7645
2	9511
3	2632
3	8774
4	3509
4	5498
3	2718
4	7588
3	8622
4	9217
3	8676
3	8773
4	3570
3	833
2	9458
3	8673
3	8564
4	9401
2	9092
4	9226
3	8812
2	8537
3	8749
4	3208
3	1744
4	3850
3	8209
2	4827
4	3738
2	4704
4	9334
3	8032
3	8722
2	8396
3	8687
1	5939
3	8917
3	5000
4	9180
4	6640
3	7399
3	1294
4	2709
4	3955
3	2868
3	6997
3	8695
3	6927
2	9508
4	7309
4	9156
4	9209
4	9321
3	8728
4	7707
4	8853
2	4812
3	2819
1	9691
3	3803
4	3533
3	2024
3	2746
3	7605
3	2744
3	1500
1	6085
4	5300
2	5858
3	8715
4	4550
1	9816
2	9728
1	6056
2	9560
4	4289
3	8706
2	7888
2	8599
3	2777
4	3644
2	4889
3	1160
2	5071
4	3778
3	4517
4	7447
4	9318
2	4868
3	2091
3	6304
3	8827
3	8709
4	9246
3	8390
3	2659
3	1814
4	3693
3	2303
3	1130
4	6721
2	9509
3	5056
3	8830
2	9471
4	4244
4	9186
3	8167
3	8617
3	2175
2	9515
4	9189
3	4610
3	8776
3	2384
3	8781
3	4561
4	9150
3	8092
3	7053
3	8817
4	3402
4	6711
1	6283
3	8786
1	9805
4	9283
3	2344
2	7555
2	5170
3	2443
3	5344
3	1153
3	6194
3	4893
3	8910
4	9212
3	8783
2	9115
4	9257
4	3743
4	8067
3	1816
3	1349
4	4024
3	1323
4	9153
3	4872
4	7282
3	8014
2	9447
3	8797
3	7364
4	7441
3	2870
3	6619
3	6947
3	2686
2	7327
4	8968
1	9929
2	9693
3	3926
3	1771
3	1728
4	4108
3	7241
3	7253
3	8749
4	9171
3	876
1	9854
3	4380
2	5525
4	3294
3	1792
3	5273
3	2393
3	8711
4	9143
4	9149
3	2277
3	8812
2	9731
2	9632
3	8958
3	2052
3	8875
3	8685
3	2309
2	5720
4	3944
4	4745
2	9584
4	3682
2	9396
3	2420
4	5855
3	8784
4	7381
3	8678
3	3628
3	1959
4	3291
3	5261
3	2141
2	4959
3	8337
3	4269
1	9865
4	8076
3	8679
4	3551
4	9090
3	1383
2	8311
3	8816
4	3382
3	1602
1	8663
3	8837
4	8971
3	2076
3	8634
3	8280
4	5187
2	7261
2	5278
4	4321
3	626
4	9201
4	4045
3	2100
3	5449
4	4995
3	2485
4	9429
3	8850
3	2583
4	9242
3	1901
3	6912
3	8563
4	8764
3	1049
2	8989
1	9752
4	9253
3	8955
2	5134
4	8720
4	9301
4	9225
3	6894
4	7009
4	8793
3	7397
3	5368
3	8619
4	5827
3	3571
3	1116
3	8211
2	9622
3	8530
4	9031
2	9430
4	3834
3	8941
3	5705
2	5427
3	8835
3	8829
3	2732
3	6916
3	7541
2	5166
4	8542
3	8843
3	5896
4	9156
4	5344
3	7311
2	9081
3	6466
3	4344
3	8980
2	8967
4	8994
3	1249
4	9208
3	8496
2	9611
3	1303
4	7375
3	8768
3	8402
4	3533
3	2127
4	3501
4	8957
3	7931
3	4257
2	9629
3	4522
4	9144
3	8651
1	6912
2	8777
3	8533
4	3585
3	8641
2	8064
4	6815
3	8584
3	8288
4	9087
1	5859
3	8066
3	4392
4	9342
2	9572
3	2828
4	3763
3	2234
4	5726
4	3347
3	8911
4	3602
2	6818
4	9111
4	9053
4	9300
4	8802
3	1615
3	8693
3	9088
3	7923
3	3665
4	9056
4	4014
3	8811
3	2075
3	6468
4	9107
3	8444
3	1631
3	9039
3	8573
3	8867
3	8702
3	1207
3	8720
1	9873
4	9144
4	9124
3	8668
3	8591
4	9350
4	9294
3	865
4	8556
1	9871
3	8277
3	8709
4	9393
2	7420
4	9158
3	410
4	9263
4	2947
3	8807
4	3917
4	9150
2	4731
3	8621
3	8832
3	8368
4	8764
4	9129
4	3973
1	6046
2	5173
4	8364
3	1913
3	8856
1	8946
3	7943
4	3990
3	5048
4	9333
4	2864
3	4942
4	8989
3	1656
1	6679
3	7707
3	1831
3	6726
4	3042
3	8742
2	5598
3	2312
3	8723
3	1546
1	9701
4	9126
4	8907
4	7471
4	9254
3	3365
4	6337
4	4639
4	9076
3	1661
3	8855
1	9717
4	9256
1	9600
3	8927
3	1302
3	8806
4	9170
3	8513
2	5394
2	5692
4	7753
3	8544
3	7918
3	8743
3	1758
2	7902
4	8066
3	8769
3	8769
2	5542
4	7838
4	4075
2	9609
3	8661
4	3956
3	7560
3	2455
2	9585
4	8915
3	8777
3	990
3	2608
4	8148
3	7370
3	8843
2	4787
3	8563
3	6540
3	8921
4	8957
4	3548
4	9107
3	1057
4	6809
4	9024
3	1939
3	2777
4	9170
3	5248
3	5667
4	7545
3	1121
2	4202
1	9652
3	8702
3	1834
3	8125
3	8813
3	9002
3	2290
3	7347
3	8025
3	6101
3	1065
4	3556
3	8879
1	6080
3	8360
3	2655
4	4103
3	8852
4	9208
4	3895
2	5183
2	7079
3	2029
3	7376
3	8715
3	7491
3	5369
3	1760
3	8924
3	8924
4	9155
4	3648
3	8650
3	7673
3	7107
3	1815
3	2142
3	7160
4	7367
3	8796
4	3164
3	2787
1	9722
4	3447
4	9376
3	9030
2	4857
2	8965
2	9032
3	8863
4	9166
3	8889
4	8093
2	9234
4	8879
3	8998
3	8781
3	8831
2	5024
3	8829
2	9435
1	9861
3	2098
3	3723
2	9485
3	2093
4	9028
2	7705
2	5057
3	2596
3	8812
4	3730
4	9309
2	6534
4	4723
4	9120
2	8641
1	9604
3	2295
2	5206
3	8572
3	2686
3	8847
4	4078
1	6338
4	8978
4	3639
2	9627
1	6157
4	3667
4	3522
3	1395
4	9282
3	2039
4	8886
2	4650
3	8777
3	8954
2	9440
4	5268
3	2517
3	5148
4	3415
2	9482
4	6171
4	9210
3	6762
4	3925
4	4472
4	5621
4	7974
4	8982
4	9176
4	9145
3	8670
3	7038
4	8544
2	7562
2	7604
4	9101
3	7859
4	8030
2	8872
3	2413
2	5417
3	8642
4	9247
2	4447
3	1220
4	3652
4	7674
3	8776
2	9385
3	5202
2	5658
2	5428
2	8929
4	4670
4	4299
3	8671
2	5117
4	9239
3	8996
3	8864
4	6288
1	9802
4	9075
3	1135
4	8801
2	4867
4	3855
3	1019
3	2328
4	9132
2	8044
4	4127
2	7713
3	8894
4	9159
2	7304
2	9250
3	2597
3	8878
4	3809
4	8813
1	7819
3	8694
2	8930
3	7997
3	7217
4	9167
3	2603
3	7869
3	8646
2	5233
3	1546
2	4799
3	7537
2	7215
3	8466
3	7521
4	7099
4	8177
4	8919
2	9618
4	9208
3	8661
3	1330
3	7834
3	1825
4	4984
3	8784
4	9164
3	8864
1	8436
3	8608
2	8502
4	4076
3	1342
2	5475
3	8603
2	9551
1	9761
3	1527
3	8714
4	9091
2	6710
3	2209
3	6394
2	8717
4	8695
2	4602
3	8980
4	9073
4	9199
3	6443
2	8910
4	8805
3	7631
3	2433
3	8948
3	1946
4	3568
4	4228
4	3623
3	1738
3	4892
3	7860
3	5063
2	9523
3	922
4	3618
3	8895
3	2778
3	1496
3	8765
3	3173
3	8450
3	6482
3	7663
3	1319
4	9150
4	3938
4	3933
3	8311
3	2107
2	5394
3	2258
3	6445
3	8307
3	3137
1	9786
3	3659
3	8602
3	8183
3	8934
3	1693
3	2899
2	9526
4	9070
3	1802
2	7062
2	6760
4	9306
4	9062
2	5239
3	8155
3	2886
2	5285
3	2350
2	4562
3	1751
4	8255
1	6578
4	9215
4	7452
3	8909
4	3617
3	6651
4	9101
3	2128
3	8727
3	3448
3	8596
2	4994
3	8961
3	1980
4	3115
2	9550
2	4393
4	5594
1	6537
3	4411
3	8883
4	4713
3	2093
1	9834
3	1565
2	9600
3	8753
3	8010
4	9364
3	8763
3	8680
4	8332
4	4157
4	9162
3	1673
3	7335
3	8511
4	8736
3	8875
4	4409
3	8785
3	6354
3	9118
4	8383
3	4104
4	4110
2	9491
2	5215
4	9247
2	7698
4	7084
3	3811
3	3280
3	8921
3	1856
3	2244
4	9277
3	5395
3	8797
3	8802
3	5793
4	4194
4	9244
2	9440
4	9307
3	8781
2	9499
3	2414
2	9406
4	4748
3	2204
1	5992
3	7745
2	7530
3	5860
3	2584
4	2775
1	9907
3	6647
3	7378
3	8433
2	9504
2	5531
3	5942
3	6972
3	2640
3	1780
2	9510
3	2160
2	8571
3	8839
3	8886
4	8712
1	6527
3	8373
4	9195
4	2938
2	4741
3	8675
4	3691
4	8122
3	8724
2	9509
3	8982
4	7941
2	5165
2	5368
3	8846
3	1042
3	8058
4	3768
3	8195
4	3948
4	3878
2	9611
4	9076
3	1245
3	6105
4	7238
4	9052
3	7347
3	8825
3	3559
3	9040
4	9166
3	8837
3	7036
4	9296
2	7156
4	3827
1	5898
2	5040
4	6015
4	8981
3	8759
2	4809
3	7691
2	9691
3	2398
3	8906
3	8797
4	9410
4	9099
4	3603
4	9176
3	1336
4	8992
3	2071
3	2081
4	7082
3	8071
4	4093
4	9112
4	9027
3	5338
3	3283
3	8754
4	3818
2	4234
2	8778
1	6149
3	7604
3	4834
2	6241
3	8913
3	8697
3	8730
4	9341
3	1726
3	2143
3	3157
3	2240
3	2692
3	8134
4	9254
1	9270
1	5939
4	3597
3	2028
3	8655
3	2941
3	8545
1	9089
3	8719
4	3898
3	8833
3	1981
3	8758
2	9428
3	8772
3	8274
3	8362
3	8862
2	9580
3	8749
4	9049
2	4951
3	8822
4	9216
3	8810
3	6338
3	1143
1	8707
4	3029
4	3424
4	9292
2	9394
3	8157
2	7756
3	1245
3	8570
3	2941
3	1944
3	2403
3	1774
2	7089
4	5690
4	6074
4	9210
2	5259
4	9081
3	8680
4	9103
3	4151
4	9254
4	4283
2	6250
3	7914
3	2537
4	8924
3	8880
4	3529
2	4736
4	4191
3	8777
3	2190
4	9008
4	3248
3	5337
3	8587
3	8057
3	1613
3	8834
2	4905
3	7689
3	8862
3	2416
4	3984
4	9325
3	4701
4	8969
1	6129
3	8779
1	9748
2	9441
4	9330
3	8811
3	2335
3	8674
3	8543
3	7460
3	9001
3	4888
3	1261
4	7453
3	2541
4	9322
3	2787
2	9261
4	4009
3	2427
4	3253
4	5655
3	2708
1	6204
3	2021
4	3614
3	7224
3	2764
3	1759
4	3975
2	4819
3	8851
1	6912
3	6513
4	7897
3	8697
2	9500
4	9142
3	8092
3	1615
2	9333
4	3856
3	7648
3	4836
4	8922
3	2434
3	8440
3	4936
2	9478
4	6375
3	8818
3	2092
2	9311
3	3665
3	2210
3	2894
2	5041
3	1948
4	8484
1	8861
2	9642
3	2899
3	2356
3	1064
4	3367
3	4456
4	3362
3	2639
4	4683
1	5973
4	9269
2	8869
4	9177
3	8134
3	8551
4	7273
4	4030
4	5910
4	4226
3	8953
3	1682
1	9875
4	9149
4	3531
3	8759
4	8955
4	6119
3	5054
2	9461
3	8732
3	2285
3	8583
4	3342
2	5926
1	9857
3	8896
1	9810
4	9339
3	1766
2	9535
4	6201
3	1999
3	1514
4	3709
4	3537
3	2123
4	9007
1	7392
2	9374
3	8851
4	3653
4	4068
3	8821
1	9903
2	9072
3	6375
3	5676
4	3190
3	1068
4	9511
4	5798
2	5672
3	6456
2	8185
1	6007
1	9802
4	3441
4	3979
4	3526
3	1538
3	8742
2	8775
3	8590
3	2295
1	9032
4	3728
3	2457
4	3706
4	8385
4	4526
3	2859
3	8782
4	4142
4	8986
3	8540
3	8640
2	9454
3	8560
2	4764
2	4933
1	9846
3	5391
3	7175
3	8663
2	5064
4	8806
2	9507
1	9763
4	9261
4	9198
3	8783
4	3242
4	9194
3	8704
3	53
4	3101
1	6432
2	9181
3	7548
3	1855
2	4718
3	2550
3	7385
3	8829
4	9171
3	319
4	5487
3	8735
4	9274
4	9055
1	9854
3	772
4	7708
4	3748
3	7437
3	2348
4	9167
3	1011
4	3720
3	2917
4	8537
4	9230
3	2939
3	6586
4	4458
2	5009
4	9166
4	6275
1	9911
3	8055
3	8913
3	4494
3	9066
2	9592
2	5209
4	3280
4	9217
2	5159
2	4493
2	9629
2	4960
1	9930
4	3734
2	4580
3	8669
3	7168
4	8605
4	5385
3	2945
3	5267
3	8545
1	5898
3	3624
2	9057
3	1951
2	9432
2	8510
3	8893
4	3507
4	8379
3	5007
3	8765
3	8542
1	6128
4	9092
4	9119
1	9817
4	5981
3	5662
2	8697
3	3107
3	2007
3	8692
1	9779
3	8722
1	6760
3	1709
1	9845
3	2603
3	6059
3	8708
4	8631
4	9261
3	5802
3	8595
3	8828
3	2453
4	8972
4	9226
3	8752
4	9109
3	5897
3	8839
2	4687
4	6109
4	4143
4	9341
3	2193
3	8352
4	3997
4	5038
2	6468
2	4320
3	8807
2	9668
3	7752
2	9459
3	1465
1	5678
4	2796
3	6622
2	9559
3	8802
2	9424
3	8579
2	9554
4	3748
3	6832
4	4967
3	7546
3	1994
2	9660
4	4540
3	3146
4	8639
4	3473
4	3586
3	8850
4	9007
3	8771
3	4567
3	2652
4	9133
4	8909
3	8908
4	4599
4	6699
4	8953
3	7858
3	5847
4	7303
3	8749
4	9135
3	2328
3	3919
2	9477
3	9097
3	8798
4	3716
3	3289
3	1291
3	8402
3	8807
3	7056
3	7624
4	8550
4	3867
3	8711
4	9182
3	8659
4	9201
2	9288
3	7719
1	9732
4	8354
3	6717
4	5577
3	1523
4	3600
3	2513
2	4942
3	8788
2	7182
4	9133
3	1748
3	9007
4	9240
3	6320
4	6090
3	1284
3	2630
4	9111
3	6869
3	8609
3	7371
3	1604
4	3822
3	8709
3	5767
3	2319
4	3993
4	9187
3	3585
3	7395
1	7494
4	3381
2	5272
4	8902
3	4575
3	8727
4	9133
4	9144
3	8763
4	3184
4	4282
3	7490
4	8971
3	8417
4	8997
3	2101
3	8834
4	7318
2	9578
3	8323
1	9819
3	5035
3	8923
3	8035
1	9855
3	2359
3	4008
4	3421
3	2551
3	5985
2	9463
1	9781
4	2582
3	8563
3	7863
3	8115
3	8455
4	6403
3	1947
3	4972
3	2706
2	5141
4	8192
4	3935
4	3709
4	3313
3	8818
1	6118
4	9093
1	9859
2	9271
3	7318
4	3705
3	2130
3	8835
3	2617
3	5770
4	9271
1	9862
3	5703
3	1372
3	1652
4	9425
3	8878
2	9437
2	5181
4	3287
2	8270
4	9063
3	8692
4	7709
3	4211
4	9043
2	9480
3	2281
3	1649
2	5163
4	9088
4	9267
4	9119
4	5662
3	2298
1	6038
4	6070
2	6960
3	8756
3	3355
4	9049
3	8777
3	8829
3	2237
3	6170
3	2326
2	7299
3	8251
1	9755
2	6933
4	3504
3	8622
4	9083
4	9217
3	2858
3	1861
3	2304
2	8896
4	9179
3	8880
4	9287
1	9360
3	8409
3	8773
4	9049
4	3816
4	9311
1	6379
3	8673
4	3929
3	1725
3	2162
2	7000
4	8035
3	4799
4	4084
3	8719
3	5603
4	9017
3	3985
3	8818
2	5085
3	7556
4	4762
3	1563
3	8874
3	1210
2	4745
2	9620
4	4457
3	8700
3	8916
3	7534
3	2682
3	7786
3	7641
4	4057
4	4109
1	6220
2	9509
3	7959
2	9516
3	3036
3	8875
3	2201
3	1872
3	8224
3	1283
2	5397
3	8127
4	6878
4	4045
3	4997
4	4496
1	9901
3	8692
1	8458
3	5241
3	2197
4	9367
4	4335
2	4935
4	3038
3	5614
3	8562
3	1485
2	9503
3	8967
3	2250
4	9051
3	2344
3	945
3	6506
3	6250
3	8848
4	3710
3	8015
3	1718
3	3233
4	9076
3	6780
2	9460
2	8734
3	1135
3	5677
3	1920
3	2030
4	3117
3	7395
4	4048
3	8724
2	9340
4	8724
4	7874
4	9172
3	5780
3	1925
2	5426
3	8859
1	6174
3	8989
4	4161
3	9013
3	1548
4	9125
3	2342
3	6978
4	9224
3	8681
4	7610
3	8167
3	8861
4	7500
2	9112
3	2973
3	8771
3	8779
3	1661
3	2730
3	8852
3	7581
4	3869
3	8889
2	7393
3	1322
3	2438
2	9386
4	3846
3	3230
4	3653
3	8774
3	2329
3	8631
3	8726
4	9340
4	5460
4	9176
4	4253
3	2090
3	4273
2	4944
4	9108
4	4632
3	7370
3	2360
3	4612
2	5337
4	3278
2	9210
4	9145
3	7689
2	4977
3	6156
3	8978
3	8915
2	9394
3	8849
3	8817
3	984
3	1613
4	3659
3	7980
3	2841
2	9500
4	9152
3	9064
3	9079
3	2004
3	8719
4	3410
1	9639
2	5356
2	9738
4	4428
3	1867
3	8111
4	6529
3	8547
4	3962
3	1099
1	9754
3	8856
2	4898
3	2305
3	8777
1	9673
3	8762
2	9486
2	9388
4	9300
3	9010
2	7174
4	9075
2	9585
3	8622
4	6566
3	7015
3	8602
4	3995
2	5129
1	9550
3	2332
4	8462
3	2669
4	4250
3	7286
3	2434
3	1887
3	2176
2	4787
4	8747
1	6759
3	2006
4	3800
3	4957
3	3475
2	9448
3	2131
3	8755
2	9550
4	9022
3	8865
3	2341
4	9271
3	2114
4	3734
2	9324
4	3323
3	1820
3	8691
4	9249
3	870
4	9063
3	8602
3	8753
3	8582
3	8689
3	6364
2	5508
4	7599
3	8739
1	9242
3	8836
2	4897
3	3405
3	8948
3	8898
4	3458
4	4309
4	7647
3	6608
4	4750
3	8378
3	1488
4	9185
3	8869
3	8631
3	1669
3	8835
2	4648
3	9056
3	8684
4	3391
4	4099
3	2758
3	7119
3	8204
4	8920
1	5841
1	9749
2	9544
4	9230
3	1903
3	1983
3	1659
2	9594
3	8457
3	8846
3	8661
4	7045
3	2443
3	1933
4	5618
3	8792
4	9012
1	9354
4	3786
3	1847
4	8613
3	8029
3	2608
4	4062
4	9174
3	1069
3	1960
4	7878
2	9513
3	2018
3	8673
4	9032
3	3704
2	4660
4	3713
2	8920
3	3090
3	8992
3	8976
4	9118
3	8716
3	2153
2	5089
3	8793
3	8207
3	8757
4	9247
4	3525
2	9639
3	8496
4	4063
4	3673
4	3934
3	2748
4	3669
3	1791
2	9526
2	5240
3	7357
4	9186
4	9390
4	3965
3	8764
4	7331
2	5134
3	8895
3	8714
2	5664
2	5207
4	9078
4	3405
4	9180
3	3796
3	7325
4	6122
4	8030
4	3840
1	9792
4	9074
3	4257
3	2263
3	8691
3	2200
3	8984
4	9096
3	2969
3	8658
3	8659
3	2641
4	3660
3	751
4	4163
4	3462
3	8809
4	9167
3	8741
3	1870
3	1791
3	4889
3	8718
4	9236
4	8218
4	8422
3	8633
3	8989
3	2552
2	9245
3	2428
3	2490
3	1025
4	9063
3	8910
2	9632
1	6138
4	4497
3	7220
4	3162
3	8979
3	6255
4	9196
4	3743
1	9848
3	6904
3	8754
1	9770
3	2497
3	4803
3	3937
3	2072
3	7966
3	1791
3	8901
4	9108
3	8885
4	9186
3	1284
3	2383
3	2334
2	8952
3	1480
2	8640
3	8800
3	8702
4	7423
3	6782
3	1796
3	8803
4	3333
3	8912
2	9585
3	1779
3	7431
3	5653
4	6611
3	6731
3	6780
4	3981
2	9603
3	8659
2	5071
3	8931
4	8179
3	8845
3	3329
4	3986
4	7243
3	3021
1	5848
2	9658
2	8431
2	8139
4	8875
4	9183
2	5426
2	8133
3	8814
3	6982
4	3997
3	2337
4	6617
3	8578
4	3347
3	8575
4	7333
4	3624
3	8834
2	9451
3	8736
1	5909
3	3136
4	9002
1	8371
4	7261
3	1657
3	1698
4	8966
3	7782
1	9766
3	8571
4	9195
4	3959
2	9537
2	9119
3	4033
3	2017
3	8828
3	1296
3	8428
4	3890
4	6663
4	3425
4	9111
3	7554
3	3733
4	9415
2	9699
3	8785
4	9116
3	8682
3	3095
1	9637
4	4138
3	1921
3	5162
3	8781
4	4433
2	9577
3	8938
3	2109
4	8552
3	1578
3	8854
2	9828
3	7898
2	9515
4	4343
2	4855
3	2099
3	8785
2	5154
3	2592
1	5907
3	8069
3	8642
4	3656
4	7215
3	5620
3	8767
3	1258
2	9566
3	8815
3	1819
3	1540
4	9153
4	3856
2	9455
3	8981
3	1693
3	3087
3	5785
1	9722
4	9019
1	5699
4	8921
2	4973
3	3563
3	8841
4	9278
4	7318
3	2114
3	8802
3	1111
3	8692
4	9048
3	2344
3	7767
3	8506
1	5875
2	4154
3	8785
3	2136
3	7352
4	3131
2	5714
3	8759
4	9052
4	8229
2	4812
3	4408
2	9485
2	5330
4	3793
3	2668
4	9119
4	7846
3	8576
4	9199
3	8273
3	8773
3	7255
3	8782
3	8714
3	2451
3	8893
2	4985
3	8930
3	2236
3	8530
2	9705
4	3182
3	1626
3	2218
3	8910
2	4578
4	9159
3	9084
4	3966
3	8032
3	8625
4	5456
3	2778
4	9077
2	5236
3	8809
3	8771
4	9051
3	2333
3	7442
3	8181
4	2888
4	3841
4	8971
3	8611
3	1139
2	9590
3	889
3	8678
2	6143
3	1056
2	9284
4	5198
3	1874
4	3882
3	1012
3	8620
4	3916
1	9745
4	8940
4	3451
4	3011
4	4779
2	4448
3	1110
1	9337
4	3756
3	8838
4	3655
2	8039
3	8670
3	8764
2	4863
2	5265
1	6063
3	6519
4	9195
2	9449
4	8475
3	8676
3	8785
4	5419
4	3403
4	8826
3	8746
3	6916
3	8858
4	9381
3	8371
3	8792
4	3647
1	9879
2	9486
2	9479
3	1885
2	8303
4	9040
3	479
4	8313
3	8844
2	9362
3	1299
3	8943
4	8927
3	3684
3	2311
1	9189
2	4616
3	8711
4	9106
3	8555
3	2549
2	4885
4	9261
3	8677
3	3324
3	8026
3	8571
2	5188
3	2335
3	1669
4	7381
3	8748
4	7158
3	8803
4	9109
4	3748
4	3519
3	861
4	8955
3	2631
4	3535
2	9592
3	8812
2	9651
4	9127
4	9320
2	5151
1	6051
3	8738
3	6733
2	9593
3	1225
3	1219
3	8770
2	5092
3	6192
2	6184
3	2358
3	8792
2	6182
3	8832
4	8924
3	8838
1	5934
2	5444
3	8862
3	3236
4	4218
1	9806
3	8753
3	4094
2	7241
4	8302
3	8233
1	6280
4	9375
3	3006
3	3914
4	9192
2	5543
2	9744
3	8668
3	908
4	3692
4	3442
4	8043
4	4447
3	6443
4	3671
4	3466
4	9191
1	6415
1	8486
4	9318
2	9432
3	8595
1	9621
3	2561
2	5925
1	9824
4	4069
3	8111
3	2265
4	7618
4	9318
2	9477
