7137	3958
6357	6573
5890	6393
2932	8610
8325	5994
4567	8301
3800	8199
7791	3862
3370	6696
5479	7120
5728	5470
3580	8101
3914	7172
5239	5879
3401	8577
5434	6193
6071	7279
7089	7641
6528	7052
8443	5646
3698	7315
8217	3239
3493	9054
4250	7939
6441	4576
6237	3210
8418	4460
4915	4244
2392	8463
6094	7380
3213	6732
3690	8160
1886	7626
4347	8220
3673	6507
4160	7516
4441	4924
6797	6776
9999	6362
5942	5809
4958	6197
6388	5456
7690	3180
5422	6379
6897	9199
6522	7965
3263	6756
3525	5617
5656	7190
7192	6034
9285	724
6948	5649
4625	7487
5890	1562
3774	8401
3219	7784
2546	9000
5823	5723
4215	5067
3686	7608
7005	4060
5729	6102
3452	8123
5454	7277
4943	6770
5625	7522
5834	7354
5645	4388
3978	6807
7730	4615
5710	4709
3291	7680
5145	6845
5325	6150
8039	6154
7315	7763
9074	5643
3794	6974
5856	8834
6817	5568
6837	2945
4175	8221
5112	7860
6315	7202
4123	7699
3372	5883
3996	8976
6296	7842
6221	7360
4221	7450
3490	7701
9204	5788
5982	7257
5643	6605
7003	6186
7497	5909
2269	6702
4659	6244
5758	9514
3427	9127
5919	5137
5927	7673
3021	7602
4620	8396
7127	6642
5999	5040
8604	5067
7377	4607
4507	7734
3662	7102
5961	7218
4273	6058
3539	7327
5134	8265
4336	7954
6626	3955
4903	6827
6987	8839
6980	7504
3605	6550
9650	5895
5785	7504
5392	7949
3452	8123
820	8825
6883	7095
5327	8214
7413	1568
5632	7404
4208	6447
9073	4934
3181	7915
5521	7768
7831	6057
8480	4066
3911	8635
5623	6069
4814	6515
3303	7602
2384	7371
4249	8338
4864	5137
9114	6363
7110	5648
3836	6542
8128	6020
7188	5082
5609	8728
6911	4011
6563	4687
8671	3758
8829	6625
6026	8718
5726	9038
7724	3538
6205	7222
3760	8366
9742	6417
8591	6009
5665	6810
4280	7597
5618	7288
7681	6358
6855	4585
8931	5580
6779	7411
6856	2350
2651	9888
3273	6887
5372	7714
4205	9288
6567	4265
7183	7307
6021	8008
2131	7984
4137	7538
4555	7808
4680	7429
5620	6623
8510	2990
8975	6339
8541	5505
3767	6655
5061	8473
8328	5043
5952	3418
8478	3909
2436	7564
2771	8541
1780	6367
3298	6771
7093	5011
5777	6981
4633	7884
6104	5178
3135	7531
9507	6215
2182	8208
4986	7294
7229	6380
8432	4039
5655	6244
7018	5604
8225	3999
9581	6380
2646	5950
5593	7733
3583	7867
7979	4481
2818	9664
6529	5451
2012	7968
2012	7556
7504	6385
3783	8138
5388	6208
3605	7680
4674	7353
6535	5445
3788	7951
9159	5377
3195	6572
901	7692
6855	4565
6380	5478
5892	3028
6833	6408
4862	6307
3296	8534
4337	7802
5501	8011
9501	6205
7750	3700
8750	5793
7072	4641
3868	7881
7169	6807
7459	5304
6006	6848
3337	7817
5983	4945
2704	6667
7497	3149
8475	3135
4866	5554
3862	5401
6958	8006
5080	7639
8267	6002
4957	8080
5966	8107
5847	7378
2961	8378
4585	6451
3790	8578
3935	5307
7543	6920
6840	5544
7099	5619
9200	6369
6558	4119
8456	6475
3621	7043
2848	6862
5149	7901
3799	7772
4523	8409
7214	5056
3995	6151
5951	6862
6840	4504
4577	7515
6111	6878
5722	7559
7234	4816
8480	6346
8395	3344
8390	4658
2367	6442
3562	6995
2163	8010
6702	6613
3238	7739
4728	5863
6560	5845
8901	3456
7282	6431
3719	7769
6873	7360
7346	5537
7257	5020
5880	7164
3827	7553
2207	8731
8971	2191
6959	6459
1903	6350
1611	6926
6035	8023
5645	7715
6670	5929
7734	2030
4480	6342
6871	5724
8133	5190
7274	0
9223	6665
8528	6037
5243	7989
9092	5546
4584	7949
4449	6695
6755	4252
5015	7401
8113	5467
6498	2789
3744	8572
3113	5501
3265	7925
6576	4727
4181	8315
5764	6135
3597	5495
5052	7225
3564	6797
3855	8410
5781	5753
2719	7286
5712	7013
2706	9309
8256	872
6168	7143
5946	4682
5311	8010
9309	6286
5760	6786
4955	8650
5574	5322
9032	5419
6323	9999
7672	6669
6957	4522
6101	6959
7332	4028
7746	2160
6275	8000
7170	3994
4177	7165
3411	5622
5913	7885
2530	6425
1734	7602
3864	6038
5831	7470
5505	7738
4517	5815
6183	7010
6320	8150
2634	6826
4247	8153
7030	3432
6332	4157
1821	8313
6986	3558
3975	7475
3878	8525
3040	8593
4638	6656
3575	7883
2465	7641
5603	8418
6277	8927
5894	6677
8013	4832
5600	7861
5187	7880
2708	6608
4046	7852
8807	6305
8219	3629
8014	2984
7152	7339
169	8424
5087	6878
4620	9451
4651	8549
3156	5873
6601	7165
4361	6502
3835	7423
4732	9014
5574	8311
6976	7569
5306	7864
3612	7317
8650	5644
4833	6401
4928	8281
5264	7207
6416	6569
8153	3042
7345	6115
9040	6801
3961	9472
6626	5183
5708	7032
8442	5565
4741	6453
8004	5485
4758	7137
5523	7792
4150	8625
8219	4728
5764	6721
7836	2141
1911	6465
6041	8825
6633	6006
8200	3910
5731	7464
3648	8525
4801	8075
4224	7617
5877	7534
6622	7497
8712	4404
6778	4042
6658	7875
5271	7409
7392	2976
6396	7081
6614	7286
6482	6810
6752	2854
3787	5661
2353	6828
827	6876
6326	4309
4054	9008
3158	7857
4925	7899
8033	3967
3968	7203
3897	9799
7016	3515
4601	8627
7624	6843
7750	3596
6705	3656
5529	7654
6344	5031
6346	7345
5476	7944
4412	7348
4951	7818
6257	6172
3185	7507
3606	8814
4197	8008
6208	4433
6844	5164
5725	6237
6739	4532
787	6985
5176	3658
8075	4923
6696	4944
6085	8091
4203	7754
7336	5674
3652	7604
5466	7703
7722	1716
5390	6455
2657	8871
5643	3877
6082	7654
8799	5672
1223	6579
6982	7282
6547	5902
3731	7197
3087	7306
5239	4510
3020	5658
1704	7061
9441	5966
4302	6106
6754	7040
5289	7773
8335	5105
4400	8213
7670	5900
8737	6103
7864	5656
5451	7202
5567	8505
8627	5513
6746	3937
2787	7916
3205	6950
3205	8061
6813	6388
2436	8582
5438	6275
9158	6240
6586	7068
6677	2127
5802	7682
5740	7553
6812	7555
3401	8577
4731	7382
6107	4424
5046	6856
0	6507
3774	7491
6804	4699
3870	8080
6429	8369
4165	6419
5444	6408
7304	3658
2199	9018
4874	7516
3504	7669
3718	7368
7314	1852
4223	8204
2336	6925
