255	9166
1	4166
254	7499
254	6666
1	2500
29	4999
1	3333
192	7499
1	1667
123	6666
1	0
1	2500
191	2500
131	4999
255	9999
171	6666
43	3333
212	6666
245	8332
249	7499
68	4999
255	8332
32	2500
74	5833
1	3333
1	2500
253	8332
1	2500
1	4166
1	4166
187	6666
254	7499
214	6666
1	2500
256	6666
254	7499
256	4999
1	4166
159	6666
1	4166
1	4166
1	3333
1	4999
255	4999
1	3333
60	4999
256	6666
122	7499
244	7499
1	2500
38	3333
1	3333
254	8332
255	7499
254	7499
255	7499
1	4999
148	6666
255	9999
255	8332
128	5833
1	3333
256	7499
256	8332
1	1667
216	6666
253	7499
33	4999
103	4166
6	3333
1	2500
254	7499
179	8332
1	0
163	5833
12	3333
253	8332
33	4166
251	8332
255	8332
17	2500
231	7499
254	7499
126	4999
254	8332
65	5833
1	3333
254	7499
254	7499
51	4999
1	0
253	7499
1	2500
1	1667
255	7499
1	4166
224	6666
255	8332
1	3333
56	4166
1	1667
251	7499
254	5833
254	6666
215	9166
252	7499
84	6666
1	4166
1	2500
141	6666
243	7499
1	3333
1	3333
256	6666
251	8332
255	8332
129	4999
255	9166
163	5833
250	8332
255	9166
1	1667
255	7499
249	7499
30	4999
1	2500
255	8332
226	7499
56	4999
97	4166
1	3333
193	6666
1	3333
242	6666
95	5833
1	4166
255	8332
255	8332
255	5833
254	6666
1	3333
150	5833
254	5833
187	8332
245	7499
255	8332
150	6666
254	7499
1	1667
1	1667
253	8332
160	7499
1	0
237	6666
1	2500
1	3333
249	6666
242	7499
1	2500
1	2500
1	5833
1	4166
254	5833
1	4999
255	8332
64	5833
255	7499
45	4166
254	8332
1	2500
14	4166
129	5833
131	6666
254	7499
147	4166
1	833
56	3333
21	1667
229	7499
255	6666
185	4999
256	8332
254	7499
1	3333
254	7499
156	5833
1	1667
249	7499
57	4166
188	7499
238	7499
6	4166
138	5833
14	3333
1	2500
256	9166
1	4166
52	4166
1	1667
255	7499
254	4999
254	8332
256	8332
60	4166
254	8332
232	7499
1	3333
1	3333
251	8332
254	7499
36	4166
1	4166
1	2500
36	2500
1	4166
1	4999
1	4166
216	7499
1	3333
253	6666
253	6666
16	4999
1	2500
131	4166
254	8332
214	6666
1	2500
1	4166
254	7499
245	8332
1	2500
255	7499
183	4999
1	2500
55	4166
1	4166
69	5833
64	5833
1	833
96	4166
253	7499
150	5833
159	4999
226	8332
254	7499
1	1667
44	3333
24	4999
1	1667
8	5833
187	7499
21	2500
255	7499
175	5833
254	8332
254	7499
254	5833
254	9166
1	3333
253	6666
256	7499
1	3333
1	3333
1	4166
254	8332
216	7499
137	4999
227	6666
196	6666
1	3333
122	4999
254	8332
242	6666
254	7499
253	7499
255	7499
232	6666
1	4166
1	3333
199	6666
255	1667
254	7499
236	8332
1	3333
256	8332
254	9166
130	5833
31	4166
228	6666
254	5833
1	3333
255	4166
1	3333
229	8332
254	8332
255	7499
256	7499
253	7499
177	6666
154	5833
1	4166
1	2500
1	2500
254	9166
254	9166
7	2500
1	3333
1	3333
135	7499
164	7499
210	6666
83	4999
1	3333
1	3333
1	2500
237	8332
255	7499
1	2500
171	6666
205	4999
1	2500
101	5833
160	5833
1	833
96	4999
254	5833
1	2500
253	6666
1	4166
92	5833
101	5833
254	6666
64	3333
251	7499
158	6666
253	7499
1	833
174	5833
1	3333
1	2500
42	3333
256	7499
253	7499
256	6666
1	3333
204	7499
1	3333
147	7499
247	6666
148	5833
1	2500
256	6666
1	1667
1	2500
1	2500
251	8332
1	3333
254	7499
247	5833
1	2500
256	7499
8	4166
96	4166
256	9166
1	2500
254	6666
1	2500
1	2500
245	8332
1	3333
1	3333
1	833
254	7499
216	5833
254	8332
247	6666
1	2500
1	4166
1	4166
254	6666
254	8332
1	3333
239	8332
254	7499
1	2500
254	7499
254	9166
1	3333
144	5833
1	2500
1	3333
1	3333
1	4999
1	4166
15	3333
1	2500
252	7499
1	2500
245	6666
256	6666
1	2500
90	4999
254	6666
41	4166
254	7499
254	7499
253	8332
254	7499
1	2500
1	2500
219	8332
1	3333
244	8332
254	6666
27	4166
254	6666
140	5833
226	7499
255	8332
231	7499
255	7499
253	5833
256	8332
44	3333
156	6666
1	3333
127	6666
1	3333
52	2500
167	6666
171	4999
237	7499
1	2500
188	5833
163	5833
254	8332
79	4999
141	4166
254	7499
256	7499
215	6666
202	5833
255	6666
55	4999
162	4999
1	3333
76	4166
255	8332
198	5833
255	8332
10	4166
114	6666
254	6666
1	3333
221	8332
210	6666
1	2500
255	8332
255	7499
208	4999
102	3333
1	2500
198	7499
105	7499
52	4166
1	3333
256	3333
5	3333
236	6666
89	4166
1	4166
1	4166
1	3333
120	5833
1	1667
129	6666
253	6666
1	3333
256	6666
1	4166
205	6666
1	3333
256	9166
17	4166
253	8332
14	4166
253	7499
189	8332
195	7499
51	2500
253	7499
129	5833
254	7499
254	4999
234	7499
254	6666
1	4166
254	8332
153	6666
254	8332
246	7499
180	6666
1	3333
126	5833
204	7499
231	7499
1	4166
2	2500
255	6666
187	5833
255	7499
256	7499
254	6666
63	4999
254	7499
253	8332
99	4999
256	7499
252	8332
1	4166
198	4999
251	8332
143	4999
157	7499
243	9999
1	2500
254	6666
254	7499
256	8332
256	6666
236	7499
1	833
253	6666
97	5833
254	6666
254	7499
253	7499
53	4166
48	3333
121	4166
239	7499
252	5833
84	4166
73	3333
247	7499
1	4999
67	4999
254	8332
255	6666
254	6666
1	3333
233	8332
254	7499
1	4166
252	8332
1	2500
1	1667
1	3333
1	4166
255	5833
256	7499
253	8332
1	1667
42	3333
254	7499
255	7499
156	6666
65	3333
36	4166
254	8332
255	7499
