12	146
13	303
45	1241
29	1241
183	2492
27	1241
7	146
40	928
61	1241
47	1241
111	1241
16	928
27	616
95	2492
16	616
24	616
11	303
67	1867
15	303
104	1241
910	9999
41	2492
1	70
19	1241
57	1241
69	2492
392	4994
45	1867
1139	9999
31	459
23	772
167	4994
60	2492
19	1241
400	4994
61	2492
128	2492
31	110
62	1241
133	2492
81	2492
138	2492
31	1241
272	4994
17	616
108	1867
133	2492
47	2492
22	459
95	2492
18	928
21	616
7	303
40	1241
11	1241
269	400
25	616
1	146
55	1241
21	616
20	616
66	1241
17	616
17	1241
33	2492
11	303
8	303
35	616
505	4994
17	616
65	1241
362	4994
9	616
40	616
193	928
65	2492
40	694
1145	9999
35	1241
35	616
45	1241
6	146
207	2492
25	616
48	1867
75	2492
57	1241
13	70
127	2492
127	2492
71	2492
72	772
61	1867
19	303
17	303
272	4994
66	1241
27	1241
27	303
209	2492
13	616
79	1867
41	1241
180	2492
505	4994
22	772
39	459
106	2492
56	960
30	616
115	772
363	400
9	1241
19	303
15	1241
71	960
27	616
12	616
109	4994
31	146
35	616
313	4994
35	2492
100	1241
40	2492
67	1241
25	616
30	2492
26	303
203	4994
53	1241
13	616
21	1241
44	1867
101	3270
45	2492
6	303
15	303
168	3743
55	2492
5	0
58	1629
21	303
125	2492
3	146
184	4994
25	975
61	2492
7	616
17	616
139	2492
2	225
631	9999
28	960
203	3270
29	616
11	1241
55	1241
15	772
57	1241
20	303
37	1867
19	616
460	4994
22	616
46	1241
131	2492
215	4994
321	4994
460	4994
49	2492
209	3743
35	537
31	1241
24	616
36	1241
28	928
264	4994
27	616
129	4994
33	616
7	1241
70	1867
64	303
59	1241
51	1241
365	4994
27	1629
135	3743
254	2492
136	4994
45	616
139	1241
243	4994
232	3743
484	4994
14	303
32	616
37	1241
33	616
33	459
302	4994
11	459
45	1241
87	1241
55	1867
88	2492
6	146
28	928
