634	1342
261	979
37	504
112	492
112	711
261	1335
784	1226
410	1445
560	1044
1530	1465
37	935
149	717
224	831
634	1304
0	712
224	1228
0	329
187	1126
187	1052
1865	1886
149	743
448	1226
0	171
821	1554
0	731
112	499
37	793
410	1383
261	906
1306	1500
858	1583
261	946
746	1206
746	2375
37	444
1082	1692
336	1266
37	484
672	1581
149	970
112	797
933	2618
37	902
522	1009
0	1177
597	1330
224	839
149	786
1865	1550
895	1050
112	703
187	935
187	1265
112	2379
224	1113
149	1169
373	1107
75	1145
634	1080
448	1317
75	674
112	638
37	476
1007	1199
37	613
336	1321
1045	1536
336	782
224	1152
37	472
224	826
37	3287
187	814
37	577
485	1002
0	629
112	647
1754	1546
522	1164
37	827
0	542
112	483
187	1086
37	1000
0	929
187	756
298	1005
37	359
37	73
1269	1562
336	974
187	1249
298	1066
597	733
224	1080
0	321
1903	1582
75	175
1492	1491
112	675
1045	2230
1119	1535
75	509
75	833
597	1280
112	1348
1157	1783
1567	1821
75	812
634	1188
75	995
75	5327
485	1494
75	694
37	1077
410	995
373	1317
37	135
75	820
933	1693
75	406
224	824
112	1242
522	1218
149	946
112	737
485	1523
2686	2173
3283	1670
75	678
1194	2194
187	689
672	1368
373	1468
149	660
560	1367
373	980
224	910
597	2384
634	1334
858	1860
187	868
784	1362
634	1284
149	617
1306	1409
1045	1383
149	547
224	737
37	584
1380	1800
37	891
1306	1681
1418	1686
37	700
1082	1496
1082	1451
336	1321
1380	1778
37	854
37	568
0	1174
784	1504
149	707
37	642
112	866
560	1341
933	1549
37	370
187	1087
560	1308
149	796
187	1096
187	574
75	1116
149	1206
75	3040
373	1989
112	614
224	974
261	984
149	766
261	858
37	604
75	550
895	1463
0	548
261	1143
75	618
448	1335
75	203
933	1262
149	908
112	631
261	1188
224	968
0	931
298	1460
75	1015
224	5025
298	640
37	1135
336	1063
485	1220
187	724
37	725
37	782
373	1070
298	1900
112	891
410	971
75	757
112	1033
709	1882
485	1201
298	1068
149	850
970	1775
37	469
149	1027
75	976
75	709
75	654
224	656
37	760
485	1592
112	888
37	404
187	1615
672	1166
75	505
298	1249
672	1259
112	750
112	848
1604	1779
1231	1552
75	584
485	1203
37	2000
37	735
112	955
75	650
187	1075
37	839
261	1077
149	977
560	1591
2239	1958
373	756
187	904
112	910
634	1409
522	3743
1231	1754
1380	1808
37	774
75	557
75	632
1045	1666
298	883
4141	1560
1418	4320
821	1728
75	1175
224	888
261	1202
1455	1587
522	1169
410	797
634	1325
1492	1776
187	947
784	4481
75	570
149	1053
746	1382
75	873
224	898
1306	1631
37	1075
75	1240
485	1302
373	1406
1269	1519
75	802
1791	1665
75	495
298	1171
634	1102
75	1077
187	774
224	1274
37	579
37	693
75	763
560	1208
336	1421
597	1256
784	1989
485	1182
448	781
75	651
0	761
0	844
410	921
261	813
410	1244
112	903
37	1427
37	468
112	868
821	1798
112	1019
298	845
149	750
224	882
261	927
0	644
821	1370
75	910
298	669
75	570
3694	2160
485	1914
448	1746
0	1093
410	1120
37	503
709	1359
112	890
187	768
224	619
0	1015
448	1323
0	332
933	1570
1455	1588
2089	1908
821	997
895	1396
112	1414
373	1673
149	997
37	544
560	1333
784	1156
0	487
37	723
746	1271
149	2281
187	882
37	0
0	808
112	684
224	744
1380	1761
187	819
261	1083
187	987
261	726
1492	2815
187	967
1045	1342
0	552
373	896
37	683
298	884
709	1325
634	1443
298	1004
37	785
522	1044
261	1200
1157	1396
522	1151
224	904
1194	1339
298	1115
112	865
37	406
37	615
149	1026
187	1065
448	1048
1418	1889
448	1221
261	993
1754	1774
112	1976
821	1491
597	1487
112	1145
1119	1372
634	1241
298	850
1007	1609
37	770
149	603
784	1280
1343	1564
37	941
75	358
75	1315
224	1094
149	1417
112	894
410	937
2910	1739
187	710
112	1922
485	1083
784	1841
2351	1595
112	516
1119	1838
895	1295
37	698
75	671
261	583
261	745
224	709
112	508
224	847
746	2059
0	734
485	873
112	990
37	871
0	649
37	632
410	1065
1231	1906
1157	1479
261	1281
0	735
75	1102
112	647
2351	1702
373	888
597	883
37	236
1455	2766
336	1087
373	950
634	1420
112	868
0	705
709	1756
298	1243
37	1037
112	898
895	1695
410	2575
1269	1642
112	468
821	1245
709	1213
75	732
112	3068
187	1025
112	1161
224	432
187	675
597	1584
187	711
187	779
373	792
224	831
75	462
37	1008
149	866
448	1305
261	1020
336	710
1007	1751
37	586
224	745
0	2931
187	832
112	2168
75	1018
597	1668
187	533
1642	9999
37	789
149	647
187	855
112	738
261	1043
597	1528
75	790
187	1018
37	562
672	1190
0	617
1604	1451
112	1152
373	980
410	760
37	443
448	739
784	1149
298	1325
0	368
597	1102
858	1250
37	906
149	1013
784	1508
821	1383
187	701
0	45
336	752
261	1257
1045	1519
784	991
261	2391
634	1821
1194	1539
37	1022
373	1201
895	1237
37	554
224	895
298	800
149	856
75	942
75	701
634	2366
336	1016
37	755
149	1090
224	1408
75	503
858	1092
75	839
1306	1344
112	658
410	1056
149	873
75	674
37	1105
2425	1516
746	1010
634	1580
112	687
112	755
112	1014
75	809
4888	1585
746	1300
112	1698
0	669
112	536
2089	1671
485	1965
112	768
2947	1678
0	782
970	1992
0	615
933	1348
1119	1761
37	546
112	1179
448	787
821	896
895	1416
1231	1731
112	569
37	2329
187	1100
75	528
261	815
75	778
187	1102
112	611
448	1155
298	1100
1269	1226
933	1576
75	956
1492	1444
224	714
336	785
37	357
0	763
112	767
1455	1456
0	713
298	1330
8880	1738
187	943
1679	1346
112	1268
37	699
336	1287
224	792
0	1079
485	1174
1269	1292
37	820
37	1160
410	1030
75	647
112	370
2612	1920
149	387
895	1644
0	929
672	1310
336	1370
1306	1723
1455	1586
1418	1413
373	987
410	2065
522	1393
895	1987
970	1695
224	1036
672	1062
75	838
187	830
410	1452
709	1800
410	836
560	1667
187	862
522	2657
485	971
149	1067
895	1838
485	1363
1231	1778
112	673
0	552
298	1376
149	921
0	879
112	643
37	895
448	921
597	1152
187	637
149	831
0	440
2276	1514
410	1181
485	1476
298	863
336	975
336	1388
187	695
112	367
261	654
2127	1653
0	1299
634	999
261	1548
261	1175
522	1347
597	1266
1231	2821
187	928
1231	1489
149	1132
187	668
75	920
1007	1556
2873	2065
75	977
37	890
970	1642
933	999
933	1599
75	160
485	1398
149	2433
261	875
597	1140
448	1416
187	1209
37	848
0	610
224	782
75	730
672	2217
0	560
1194	1809
821	1224
298	510
261	1055
298	1923
448	1089
37	517
373	1307
149	855
187	1273
448	1433
112	670
37	434
37	1106
522	1374
261	1078
709	1036
37	761
0	1020
522	1066
0	572
75	887
187	321
224	894
448	1126
1754	1635
112	1107
187	1019
410	715
261	940
597	1464
298	1069
634	1414
112	1032
821	1501
112	841
298	415
0	766
224	1241
261	1312
75	726
75	462
187	980
784	1441
672	1474
410	1110
634	1369
149	1005
410	816
187	1136
112	1087
1045	1407
149	436
2127	1627
336	904
410	2179
448	1069
75	357
112	522
37	739
448	982
298	817
112	1077
0	814
1045	1284
1343	1334
187	876
1007	1991
933	1567
634	1199
37	729
0	975
224	1151
187	3034
1642	1757
672	1092
224	1061
448	1336
224	1275
448	1230
634	724
37	1000
75	474
0	796
1157	1440
522	945
336	1156
224	1009
75	2461
1119	1607
37	979
970	1310
1791	1570
597	1467
709	1625
37	764
560	1269
0	341
261	979
448	1200
634	665
1567	1752
75	592
149	964
1679	1597
187	426
224	1184
149	818
373	1414
1045	1466
37	712
187	1356
187	1820
187	1326
560	1115
1865	1564
75	315
1082	1777
1231	1994
709	1402
336	509
187	958
187	1027
261	3073
485	1265
485	918
261	1146
149	768
634	1650
1306	2108
1716	1645
336	991
224	1094
373	1626
37	426
298	1101
75	895
112	785
821	1288
75	866
746	1511
112	1198
112	1013
448	1125
634	1333
149	1004
149	831
261	1130
821	980
75	691
224	812
37	1057
1791	2104
149	967
75	1021
112	820
0	827
224	808
0	241
298	1143
9999	1741
784	1249
672	1623
37	577
0	738
1903	1940
1380	1636
522	972
597	1020
75	604
410	423
37	948
298	1254
373	1102
224	1059
261	1134
37	867
75	697
75	962
37	748
410	1116
560	1293
709	1465
187	574
1642	1792
298	1288
2052	2313
560	903
112	1005
485	1130
37	600
895	1271
37	622
560	1014
261	1106
858	1606
149	669
224	887
336	1006
0	545
187	934
112	1027
2276	1835
933	1368
37	460
37	1005
298	1129
0	413
336	2491
373	1177
261	748
75	865
634	1567
75	1041
75	755
75	842
373	1234
1343	1979
373	1550
75	736
336	717
37	954
672	1189
149	1021
0	643
149	1134
37	905
37	750
37	778
75	955
1194	1624
448	1194
410	2147
895	1799
0	542
485	1179
112	1478
149	939
112	639
298	1067
112	2139
224	656
187	465
336	1317
373	1617
298	939
0	852
1530	1695
448	1340
37	295
746	1356
373	1199
298	698
2724	2426
75	969
0	774
336	993
112	758
485	1021
0	414
821	1578
37	953
597	1334
1045	1763
448	1844
933	1306
410	860
187	862
261	913
298	1102
187	1193
1492	1355
187	731
672	1179
187	681
336	926
298	1542
746	1633
709	1079
37	508
298	1078
1007	1348
261	965
410	917
1119	1737
261	672
37	348
187	939
75	888
410	1050
112	614
1754	1215
784	2020
448	1150
485	1208
1231	1557
0	502
485	1536
37	79
37	1035
0	747
485	1263
448	927
373	1211
672	1454
336	2363
0	628
709	1136
112	954
373	1054
112	857
1082	1843
187	516
560	2107
187	1022
0	533
149	1138
634	1101
37	480
2425	1531
373	2323
709	1250
149	748
149	970
37	775
37	781
187	752
261	1359
485	923
112	784
261	947
1231	1020
224	1009
336	1678
336	893
112	1076
112	959
0	942
709	1223
187	1356
112	515
37	406
0	693
1492	1521
37	900
298	1184
112	1171
336	820
37	701
37	927
224	2044
485	999
75	925
970	1700
485	922
634	1225
2015	1737
149	845
37	623
597	1706
560	1256
0	764
75	794
597	1180
149	1169
37	887
187	2883
261	1119
37	754
709	1295
112	547
709	1562
1940	1655
970	1409
410	915
187	756
448	1300
112	767
2388	1954
75	877
187	841
0	571
75	543
746	1119
298	956
112	654
261	883
560	1534
672	1233
784	1317
149	891
149	695
261	1162
597	1000
895	1433
224	857
112	925
298	847
37	1055
261	1084
373	1073
410	1369
37	1014
37	721
1007	1832
75	823
187	919
2425	1947
224	866
522	1432
1380	1797
37	371
112	618
560	1520
858	1521
634	1030
858	1782
75	628
187	846
410	1070
37	610
709	1281
261	6018
560	1428
187	1611
1231	1165
75	661
224	1200
37	1559
224	1261
37	1072
1007	1458
2873	2233
0	505
298	976
75	334
187	806
373	1044
112	1035
709	851
75	476
746	1409
336	830
410	795
2910	1715
1306	1971
373	630
37	678
895	1257
1604	1290
0	828
485	1312
1082	1514
1045	1379
522	1032
298	1123
224	1145
522	1769
1269	1813
0	418
75	3362
0	502
0	1009
933	1497
0	476
75	864
1007	1323
112	1038
112	985
112	775
37	250
149	1563
75	626
485	1291
1903	1688
149	630
634	2727
1455	1781
448	1741
448	804
149	435
709	2252
373	1107
298	611
112	900
1679	1426
560	1228
485	848
261	851
37	859
75	926
1082	1755
75	812
75	850
298	969
149	953
37	1142
75	365
261	804
261	1063
112	973
37	599
1007	1569
410	689
448	1076
1082	1578
37	791
0	546
75	1397
261	650
821	1424
373	1289
149	1122
448	1223
149	624
560	1382
634	1309
75	852
37	661
261	1244
187	1042
373	981
336	878
75	3512
112	522
112	911
112	1009
149	534
298	1021
112	676
522	1332
1082	1862
560	1200
298	1269
1119	1632
37	846
485	858
560	1420
709	1166
112	828
75	836
970	1697
1754	2089
37	995
37	776
112	389
149	770
933	1100
672	1268
933	1346
298	1339
75	859
634	773
373	1472
298	1072
1045	1050
672	1508
298	1117
149	938
75	727
37	807
1045	1567
709	1559
634	1466
37	681
933	1536
2649	2068
261	833
0	628
0	381
37	783
37	762
336	787
75	791
933	1505
336	944
75	640
112	829
2201	1470
37	881
149	776
75	649
187	745
149	866
0	995
522	1161
1940	2330
112	718
37	424
149	745
37	760
1604	1727
187	1160
1530	2057
149	1130
187	1222
37	1143
410	1698
149	625
1007	1325
1716	1558
149	849
0	679
224	1593
746	1299
298	1104
410	1389
187	1051
1679	1719
0	116
112	780
522	1372
560	1041
373	1181
112	718
75	576
634	1183
1082	1508
448	1325
410	1415
336	1147
149	833
1455	1245
149	981
37	903
75	1202
298	1116
224	936
224	769
709	1293
37	970
75	842
336	1096
37	741
0	859
112	977
224	802
298	974
448	915
261	605
522	1293
37	906
373	1212
485	668
75	973
112	796
149	800
0	769
970	1590
75	975
224	662
37	7777
37	376
75	1256
37	655
261	1085
1380	1634
895	1628
75	797
75	769
112	430
261	1239
0	745
37	1037
261	1229
112	999
224	1122
187	844
37	686
1380	1509
522	1264
1082	1536
410	735
373	719
410	1394
895	1780
37	672
261	778
37	605
1716	1544
746	1340
37	669
298	855
0	769
37	617
112	852
112	1426
1119	1732
112	1149
149	654
672	1561
522	982
970	1647
224	1060
37	785
298	1092
37	475
261	1114
224	496
75	885
187	1104
448	1517
75	1232
37	525
261	690
522	1665
187	2119
149	837
0	575
373	953
784	1670
709	1029
75	679
410	1137
1492	1560
1380	1661
37	550
149	1234
0	1230
373	1114
187	1234
187	772
2574	1686
187	4689
298	790
224	755
1567	1464
224	905
37	484
261	1004
1306	1919
970	1782
187	1204
298	1023
746	1358
37	721
261	837
298	1080
149	689
373	1461
37	629
75	481
0	387
75	1866
261	542
224	1259
37	1437
112	821
448	1777
75	702
373	938
261	1248
261	1140
187	1360
784	1522
522	760
37	603
560	1056
298	1051
597	1216
336	1132
37	469
1716	2050
410	922
149	1414
261	1367
112	228
187	1385
0	750
112	716
672	1700
0	767
1231	1817
75	900
1157	1384
560	1373
261	2333
3283	1546
112	857
2276	1766
187	1025
1194	2916
261	1197
522	1286
298	1198
261	1058
149	1019
1082	1797
2724	1516
2313	1733
1716	1602
112	648
261	919
75	281
37	758
37	609
0	601
0	346
336	755
112	1226
410	1149
224	1529
