2191	6368
4317	3105
1882	3428
3724	1899
4402	8089
3885	2359
5436	3006
3812	2832
3051	1968
2988	2019
3383	2855
2512	1855
4948	3126
2440	652
3924	3246
3227	4160
3886	2886
4580	5123
3183	1110
4708	1507
4618	3415
1694	3345
4266	3999
3122	1926
3522	2309
3239	1744
1939	887
5090	5921
2482	1419
2879	3588
4586	4054
3940	2567
4394	1711
3783	2840
1901	2795
3723	2514
2503	3450
2868	4293
5252	3410
5966	2920
5209	6269
2580	3937
2245	2359
2131	3755
3606	2644
3409	4444
4985	2156
1586	1131
2208	2132
5298	3054
2543	1413
2909	4072
3314	2659
3996	3320
2337	1326
3344	1774
2714	2163
5367	7308
2855	1676
4075	2261
3051	2509
3323	1405
4474	3023
2202	3482
3516	2510
2720	1821
5753	5788
1472	1201
3479	5981
3576	2470
4261	2882
4523	7873
3157	3983
3268	2417
4158	3085
3859	2077
4259	3093
3059	1722
2503	2189
1116	2628
3595	5259
1668	2820
2039	1407
3508	3231
6068	4332
3541	4649
4022	5712
4705	4111
4408	2283
3374	3613
1710	1380
3237	2953
5090	2286
6463	3168
4253	6073
1451	1107
4197	3075
3707	7441
4666	3619
3347	5236
5090	6694
4685	4130
4040	2346
1920	1010
2983	5374
3424	2906
3606	5058
5813	3337
3378	4679
1846	1268
3010	6849
6785	6674
2199	5333
2494	1019
3843	2550
1698	3628
5045	3222
2263	1567
5213	4107
4250	2609
4195	2929
3923	4327
3797	2470
4317	5836
2844	3860
3435	1532
1965	1848
3866	1653
3193	750
1899	1490
4766	4187
8366	5976
3151	1748
2645	6086
3394	2127
4534	3603
3563	2305
3769	4604
1469	915
5015	6734
3587	3510
4115	4328
4022	1620
4108	7178
6148	4317
3480	5448
6446	3942
3051	2804
3285	3658
2969	3313
3025	3639
4377	2604
3318	5145
2752	4943
2237	2708
3927	1581
6419	4670
4168	2989
4305	2588
3422	1502
2483	2379
3135	2781
5728	4875
4025	3663
2995	1622
5155	5998
0	2805
2876	4534
2910	5513
4827	3739
5362	2905
3964	2291
7382	3937
3063	2505
4557	4090
2634	1379
2050	1218
1932	4453
2296	2461
6352	4766
3130	3213
4822	3955
4145	2976
4390	2411
3384	1003
4092	2122
4327	2493
3648	1393
2210	4032
1748	3661
2727	2458
3429	6829
4324	3030
2757	5938
1836	362
2322	1735
4641	2043
4389	2966
1002	147
4196	1786
2688	1033
3461	3458
9970	9240
5886	4645
5029	2422
3154	1361
3766	3585
2609	1990
2661	2113
2921	2527
4539	3744
4873	2407
2767	1619
5166	2835
3414	1454
2976	1964
1978	1320
3216	7274
3968	1188
4553	3033
2360	1685
3775	2436
1889	967
3747	6681
4535	2826
3783	2271
4774	6451
4026	1310
5845	7926
4501	4945
3834	2473
3500	3051
6735	4954
4687	845
4122	1972
3070	3167
5432	8100
3386	1489
5063	3346
1964	1820
2913	2218
3539	6387
4626	2536
4360	2799
2411	1785
2396	2125
3043	3176
2573	987
4244	2862
3531	4679
3768	4357
3851	965
1480	693
4686	5663
3723	5862
5435	3293
4167	2909
2771	2402
5582	2807
5510	6275
3014	4088
3896	2157
3517	2037
4162	2077
2822	2301
1702	3175
3171	2792
1819	1526
3218	2347
3309	2279
5579	3590
3135	2611
4941	3707
6373	9999
2908	3152
2435	1734
1735	2808
5916	3262
1785	1429
4499	3053
5453	3869
5022	3605
4216	3955
4406	2861
4531	2263
2887	4426
2368	1172
5771	5824
2875	4891
2040	1752
2502	1702
3568	1845
2587	2547
3541	2697
5130	6061
2485	918
3432	1836
3403	6750
3713	2524
3349	1641
4227	2402
3641	1867
2574	3845
6428	4032
3158	1260
3356	2890
4216	3163
3561	2104
3946	7747
3394	981
5834	4777
5285	7492
2625	652
4450	4104
4839	4046
3987	1393
4737	3790
2376	2763
3478	2349
3218	4165
4879	6332
2313	924
4916	3337
5263	3779
4878	6093
2206	1631
1767	0
9999	5945
2047	1445
1471	2056
2472	1559
2780	986
6985	3762
4812	4060
5414	3139
3222	3274
2033	1991
4460	3467
5186	2005
3361	2430
3480	2288
3648	1727
3972	2569
2187	1230
2710	3351
2822	2224
5106	2615
5825	3277
3569	1848
4439	3541
3255	3157
2698	1894
6196	3551
2046	1627
1614	4187
4491	1296
2364	3150
5605	2520
3453	5222
1874	1337
3635	4093
3372	981
3545	3354
4841	3297
3334	2154
3801	2004
1470	1059
2154	2215
3418	1191
1813	1590
3151	4482
2477	2141
2594	2272
3665	2527
4163	4780
3929	2596
1239	1839
3859	2073
1650	629
4649	2000
4261	5005
5549	3520
5695	5294
3242	2451
4299	3090
2735	2138
2140	3728
3133	1597
1998	4731
3323	1013
3331	3352
2925	3086
4427	2449
3897	4821
3282	7603
3583	2299
4090	5477
7392	4292
5674	2837
4602	5608
2464	1725
3595	2350
3483	5977
3349	2431
2606	587
6472	3380
6039	5485
3609	861
3181	5602
4303	2390
3038	3779
5256	4600
3015	1726
3084	1286
4863	3091
3411	5136
3520	3392
3273	2226
4728	3453
3880	2669
2358	5208
3084	2935
1191	741
2925	1753
4242	2671
1647	674
3895	1990
3011	2042
4397	2111
5549	3113
4577	2953
3439	2418
3749	3309
3059	3089
2619	1718
3442	6001
4071	5195
1262	550
4140	2987
5522	4324
5106	2642
5585	5875
2324	2445
3403	1998
3591	2270
3890	2486
3955	2955
6286	8106
4664	5162
4888	4848
3316	5435
2422	4016
3485	2058
5034	7690
5139	5422
3473	1775
4195	3202
3688	2628
4790	3472
3865	4410
3868	3688
3537	3708
3111	2269
5232	5628
2060	587
2510	1670
5992	3617
3461	2712
3019	1938
926	3107
4524	2514
4385	5348
5828	3150
2578	3200
2004	3170
2831	4129
2685	1500
1976	1007
4566	2479
4194	3101
2950	3380
2484	2559
3511	2846
2873	4930
5216	3615
2426	3016
5483	2998
3147	5132
2003	836
3343	2089
4387	2534
3274	2588
3493	3259
3685	2374
2676	3915
5228	3357
3705	3971
7230	4844
3097	3182
4554	2930
4989	3117
3684	2590
1794	1353
2564	1865
3067	2776
4708	1381
3908	1857
927	814
4308	3797
3569	1427
3310	2796
3492	3106
2903	1453
3704	1608
3842	3028
2700	2469
2891	3747
3475	5391
3260	1363
2486	2827
4588	5026
1864	1597
4675	3048
3345	3691
2914	3385
2856	4490
4864	5476
3451	2231
4357	3247
2436	2061
5674	4876
3922	8516
3084	3115
2786	3735
2812	4317
6981	4386
3487	3582
4329	6396
1806	1576
2143	1255
3124	1343
2925	1876
2238	911
5175	3563
3864	3513
4229	2034
3666	2406
4401	2433
5073	5072
6774	3492
5635	4029
3627	4763
1867	1087
1967	2174
3886	2906
4541	7861
1695	1563
2424	3639
2325	2449
2615	2342
4939	5049
4215	6283
5494	3021
5816	3035
4188	3501
3633	1601
3673	2304
3812	2139
2907	1405
3479	2071
2283	2488
3222	3472
4093	2757
3538	7144
2970	3448
3576	1709
4324	4905
3964	3198
5434	3419
3139	1868
2756	2599
5732	2956
4671	3198
2164	1457
3805	4184
4078	2878
3895	7168
4758	4039
4491	1741
3789	2304
6806	4214
4300	1465
2476	2759
2591	3271
3588	2554
2220	1586
4041	4812
4179	4246
4364	2701
4537	3526
3620	3457
3135	2152
3035	1554
1429	891
3606	5762
1885	996
2310	5674
3470	2204
5407	7172
4592	2169
5196	4238
5530	2631
5312	2177
3164	2533
4990	6496
1464	2239
3073	5798
2423	2269
3713	2459
2218	1334
3091	2266
3998	2623
4371	3165
5032	4104
3285	2290
2815	2094
6402	6831
6334	4229
2529	2498
2641	980
2997	2280
4908	3340
2358	876
2860	1335
1881	2703
5805	3291
4361	5706
3962	1557
3655	5311
5190	3767
1793	4656
3560	2914
4502	9300
4728	5143
1811	2467
2978	2299
5572	6138
2498	2002
3890	4150
1676	1102
3207	4035
1738	679
2460	1618
2618	1904
4431	2339
2006	2063
3065	2341
3229	2862
3839	4988
4535	2275
4556	3293
4831	1738
4725	3272
3221	3113
4385	2842
3885	7869
3375	2384
4595	1989
2913	4439
3168	2385
3557	4009
5269	3135
3831	3612
5272	3203
2953	4472
4587	3281
2806	2093
3778	2911
3369	1642
4237	1654
3167	2895
3281	2516
4257	2333
3210	3991
2846	1822
4773	6584
1523	4414
2250	2640
3169	2686
4187	5262
1575	1519
3182	1992
3901	4117
4244	2473
3370	1647
4523	5007
4300	2758
4174	3256
1644	1804
1617	1208
2832	950
3825	2977
5195	3182
300	2117
3805	4402
3200	2407
5955	3802
3465	2205
2121	1929
3415	2457
4732	2836
3000	2026
2759	2300
3840	1552
2946	2836
4493	2733
3010	1576
5420	3332
4118	2068
4340	2472
3130	4899
4849	4123
2478	1670
2992	4276
3652	2036
4161	5376
3797	1987
4514	5630
4553	8710
5553	2898
3859	2655
3571	4647
5746	4042
4993	2879
2777	2432
2790	3514
4190	6623
