565	5199
961	5599
4679	3200
4603	4400
4694	0
161	5199
161	4400
7120	9599
903	5599
0	4000
0	4400
4694	400
482	5599
1439	5199
161	4800
161	5199
4797	1200
161	4400
285	4800
0	4400
390	5999
565	5599
161	5199
0	5599
161	4400
161	4800
161	4400
161	5199
565	7599
1218	5599
482	4800
4603	0
285	5599
0	5599
161	4800
2014	5999
4812	1600
0	4800
390	5199
161	5199
6430	800
161	4400
0	4800
0	5599
4942	1600
0	5199
565	6399
565	5599
4694	400
285	4400
161	4400
161	5599
843	5199
0	5199
161	4800
482	4800
285	5199
285	5199
285	6799
6430	3200
4870	2400
285	4800
0	4400
5138	4000
565	5599
0	4800
0	5199
482	5599
161	4800
565	5199
161	4800
161	5599
482	4400
482	5199
0	4800
0	7199
390	4400
4899	2800
161	4400
843	5599
4664	1200
0	4400
161	4800
482	4400
390	5999
4738	1200
482	5999
161	6799
161	4800
4573	2000
0	5199
161	4400
4464	0
482	5199
4826	4400
713	800
390	4400
843	5199
4738	400
0	4800
161	4400
161	5999
0	5999
565	5599
713	5599
161	5199
161	4400
390	7599
161	5599
1949	5199
4797	2000
1397	5599
161	5599
5419	4400
1264	5999
285	4400
482	5599
0	4800
161	5199
161	5199
0	6399
780	5599
482	5599
1850	5999
0	5599
4557	4400
161	4400
0	5599
780	5199
161	5199
565	5599
482	5199
4753	800
0	6799
161	2800
4557	0
161	4400
4738	0
161	5999
161	4000
482	5199
565	4800
390	4800
161	4400
1069	2000
0	4400
4738	0
161	4400
482	4800
713	5999
4913	400
0	5599
161	4400
8745	7199
5096	3200
0	7599
713	4400
482	4400
161	5599
285	4400
482	4800
6146	3600
565	5599
161	5199
161	5599
5179	2800
161	3200
390	4800
5612	4000
390	5199
4369	0
0	7199
4542	1200
482	4400
0	4400
1069	5999
4557	800
0	5199
482	5999
161	4800
390	5199
390	5199
780	4400
0	5999
390	4400
482	5999
161	4400
0	4800
4664	0
0	6399
161	4400
161	4800
0	4800
4913	3200
0	5599
390	4400
0	4400
903	5599
843	5599
4709	2000
482	4400
4633	0
161	7199
0	4400
390	4400
482	5199
0	4800
482	5599
4369	1600
482	5199
482	5999
161	5599
0	5199
161	4400
4738	1200
0	6399
161	5599
161	4400
161	7199
961	5199
1310	5599
482	4800
285	4400
0	5199
0	4800
390	5199
482	7199
161	5199
1069	4800
0	4400
4305	400
0	4400
285	4800
390	5599
903	5199
0	7599
0	5599
161	5999
3470	5199
161	4400
780	5199
161	5999
285	5999
4841	4400
4369	2800
4573	4400
161	4400
482	4400
0	4800
4694	400
4753	400
161	5999
482	4800
161	4400
4694	800
285	6799
4738	800
285	4800
780	5999
3605	800
4448	1600
0	4400
161	5599
4603	0
1710	5599
4557	4400
3917	3200
1069	5599
161	4400
2825	5999
5471	800
565	5199
161	7199
0	4400
843	4400
4694	2000
161	5599
0	5599
161	4400
285	5599
713	5599
4694	0
6475	3200
161	7599
390	5599
0	4800
1354	5999
0	7199
780	5599
0	7599
390	5199
4694	400
390	5599
161	5599
0	5999
390	5999
6250	4000
6563	3600
0	4800
0	4400
161	5599
161	5599
4970	3600
4856	4000
482	4400
482	4800
0	4800
0	4400
0	6799
5138	400
1264	5599
285	4400
0	5599
565	4800
161	800
482	5599
1850	4800
1218	5599
0	5999
390	5199
0	4400
7310	3600
482	4400
161	4800
390	4400
4927	1600
0	4400
4305	1600
4679	800
161	5199
161	7199
0	6799
161	5199
4557	1200
482	5599
0	4400
161	4400
713	5999
390	4400
4694	2800
565	5199
4812	4400
565	4800
390	5199
0	4800
390	5599
903	5599
0	5599
0	5999
4709	800
390	5599
390	5599
161	4400
161	4400
1598	5599
0	5199
4588	2800
0	5999
161	5199
4495	400
161	5999
482	5599
390	4400
161	5599
161	7599
161	5599
4618	0
161	5199
482	5199
161	4400
390	5199
565	5999
482	5199
0	5199
482	5199
4709	800
0	5199
0	5599
161	5199
0	4800
161	4400
161	5599
4495	400
0	5599
5247	2400
4664	400
4511	2000
4511	0
390	4800
482	7599
2107	5999
0	4400
390	5599
0	5599
482	5599
161	6799
0	4400
4679	2400
0	4400
4927	1200
1884	3200
780	5199
4970	800
482	4800
0	4400
161	5599
1264	5599
482	4400
0	5599
161	4800
1310	4800
0	4400
482	4400
4738	800
161	4400
285	5999
2226	5199
0	5599
482	7599
4694	4000
161	6799
713	5199
0	5199
161	4800
780	4400
4899	0
0	4400
5260	3600
5945	3600
0	5199
0	5599
0	4800
390	4400
161	4400
161	5199
390	4800
482	5999
161	4400
1850	1600
390	5199
482	4400
0	5999
161	4400
390	5599
1069	5999
161	5599
285	6399
0	7599
565	5199
161	4800
0	5199
0	5199
482	5599
5300	3600
390	4800
482	5199
161	5199
1069	4400
6284	4000
482	7599
0	4800
161	7599
390	6799
0	7599
285	5599
0	7599
565	5599
0	5199
4709	3200
4542	800
0	5999
161	5199
4709	4000
4694	800
4305	800
161	6799
3605	0
843	5599
565	4400
161	5199
482	5999
565	5999
780	4400
4812	0
4870	4400
4856	800
0	4800
390	5599
0	7599
0	4800
161	4800
3605	2800
0	6799
1560	5599
161	4800
390	5599
3773	0
0	5199
6318	4400
0	4400
1310	5199
285	5599
161	4800
390	5199
1264	5999
5484	0
161	4400
4709	800
0	5599
4448	400
161	5999
4738	2800
482	7599
161	4800
161	4400
390	6399
5762	3600
565	400
390	4400
843	4400
780	5199
0	4400
390	4800
161	4400
390	4800
565	5599
390	4800
0	4800
565	4400
390	4400
6087	3600
0	5199
285	4400
0	6799
390	5199
482	5199
161	4400
565	5599
1264	5599
161	5199
0	4800
161	5999
4812	1200
0	5199
0	4800
0	4400
482	4800
161	5199
4123	400
161	4800
161	5199
0	5599
4448	4400
161	5599
4679	0
0	4400
3586	0
390	5999
0	7599
161	4800
565	4400
5824	1200
0	7199
285	4400
0	4400
2339	1200
4970	3200
4709	0
0	4400
161	4400
4573	0
161	5999
0	7599
0	7599
4679	4400
0	5999
780	5599
0	4400
161	5199
0	4800
4812	2800
0	4800
713	4800
0	6399
0	6799
161	4800
285	4800
390	5199
961	5599
161	4800
482	5599
0	7199
1264	5199
285	5599
713	5599
482	5199
961	400
4970	4400
482	5599
390	5199
565	4400
1069	4400
4812	400
4738	400
0	4400
5041	4000
4984	400
161	4400
0	5599
4753	4000
4694	800
565	5599
6329	4400
565	5199
0	7199
5082	3200
4633	4000
482	5599
161	4400
7881	3600
0	4800
4870	2800
843	5599
565	4400
161	4400
0	7599
390	5599
0	4800
285	4800
161	5999
0	5599
0	5199
1069	5599
0	4800
1218	5999
0	5599
4305	400
843	5599
390	4400
0	4400
565	5999
161	4800
0	3600
780	4800
4694	4400
843	5199
565	5999
0	5599
5675	4400
0	6799
1982	2400
390	7599
482	4400
0	7599
7028	400
390	5199
0	4800
161	5599
0	5599
565	4800
161	4800
5055	2400
0	5599
4841	400
0	5199
161	5199
161	4400
565	5999
161	5999
1218	5599
161	4800
161	5999
0	5199
0	5199
0	7599
0	5999
0	5199
0	4400
0	5599
0	5599
285	7599
0	4800
903	5999
285	5599
285	5599
4826	4400
161	4800
390	5599
4542	400
390	5599
390	4400
390	4400
4679	4400
0	4800
4694	3600
0	5199
0	4800
0	6399
161	4800
0	4800
482	5199
4679	400
4970	800
390	5999
565	6799
0	5199
565	5599
0	5999
161	7599
0	4400
0	4400
0	5999
390	4400
4738	0
0	4400
4633	0
961	4800
0	5999
5775	4400
285	5999
565	5199
482	4400
5471	3600
161	4800
713	4800
0	6799
0	5599
1746	5599
0	5599
4542	400
161	5199
0	5199
4913	1600
565	5199
285	4800
161	5999
5041	3200
390	4400
5523	3200
713	4400
4738	0
0	5199
2367	5999
0	4400
1816	5199
0	6799
0	5599
0	4400
0	5999
482	4400
565	4400
0	4400
0	5199
482	4800
390	3200
4573	4000
285	5999
780	5599
0	7199
565	5199
0	5199
0	5599
390	4400
161	7599
390	5199
482	5999
0	4400
0	4400
0	5199
0	5199
0	5199
161	5599
161	5599
0	5199
482	4800
161	7199
1598	6399
161	5199
4709	3600
0	5199
161	4400
565	4000
161	5599
0	5999
0	4800
482	4400
0	5599
1170	5599
4679	800
161	4400
5206	3600
0	5599
0	5199
482	5199
161	5199
161	5199
390	4800
390	4400
0	4800
780	4400
903	1200
390	4000
161	4400
780	5199
4305	0
285	4800
161	4800
390	4400
843	5199
4913	800
0	4400
1310	4400
0	6799
0	7599
482	5599
4709	3200
2076	5199
0	4400
0	4800
780	5199
0	4400
0	4400
0	5599
4603	400
161	5199
843	5599
161	7599
161	4800
843	4400
4709	400
4913	800
161	5599
0	4400
161	6799
4417	3600
0	4400
161	4800
1264	5999
1264	5199
565	4800
285	4400
2987	4400
903	4800
565	4800
4694	0
4826	0
390	4400
482	4800
0	4400
1170	5199
4738	1200
713	4400
285	4400
161	5199
0	6399
4679	2400
903	5599
390	7599
390	5199
390	4400
5138	4400
482	5599
4557	1200
161	5199
0	4400
0	4800
780	2800
0	5199
0	4800
3509	4000
161	5199
0	6799
0	4800
4826	1200
0	4400
6442	4400
5041	3600
161	5599
161	5199
0	4400
285	4000
161	7599
161	4400
3489	5199
285	4400
5260	400
1069	5199
5406	4000
0	5199
0	4800
565	4400
0	4800
843	4800
482	4800
161	6399
1884	800
390	5199
2753	1600
161	4800
903	5999
0	7599
161	5999
482	4400
161	5999
1710	5599
161	4400
4542	2400
0	7599
0	5199
4694	4400
4633	0
390	5199
713	5599
161	5199
390	4400
161	7599
0	4800
0	5199
161	5199
390	1200
161	5199
0	4800
4305	0
0	5199
161	4800
161	4400
161	5199
4942	800
6261	4000
161	5199
565	4400
0	5199
285	4400
4913	4000
390	5999
161	5199
390	4800
4679	4000
5055	3200
482	5599
0	5599
161	4800
482	4800
161	5199
161	5599
0	5199
161	5599
0	5199
5041	0
3370	5999
1397	5599
4603	1200
285	5599
780	5599
482	4400
161	5199
285	7599
4321	400
4694	0
482	6799
0	5599
0	4400
5824	4400
1069	5599
0	4400
0	5599
0	4400
390	5599
161	4400
4664	3600
565	5599
161	4400
0	5599
4353	2000
161	4800
390	4400
482	4400
161	4400
0	4400
0	4800
390	4400
3054	1200
482	5599
0	4800
565	4400
161	4400
5041	4000
161	4800
4841	1200
4557	400
0	4800
5138	1200
4753	4400
8036	5599
161	6799
161	4400
565	5999
565	5199
4694	2000
285	5999
903	5599
5419	2400
4694	2000
780	4400
0	5199
161	4400
3370	1600
390	5999
5041	4000
0	5999
161	7199
843	5199
0	4800
1069	5599
2394	5599
285	4400
4870	0
565	2800
780	5599
161	5999
843	4400
285	4400
161	4800
161	5599
4694	4400
0	4400
482	4400
161	6799
0	6399
0	5199
161	5199
780	5999
161	5599
1560	5999
2849	2400
482	5999
0	5199
4123	3200
0	4400
161	4400
903	4400
285	4800
0	4400
161	5599
161	4400
5873	3200
4557	2800
0	5599
390	5999
4723	3200
0	5999
161	4400
4913	3600
285	4400
0	7599
390	4800
565	4800
161	4800
8886	4400
0	4400
5458	0
4305	0
0	5999
161	4400
0	4800
903	4000
3141	5599
161	4400
161	4400
4826	4400
2014	4800
285	5599
161	5199
843	4400
161	6399
1917	5999
843	5599
161	5599
0	4800
1069	4000
0	7599
390	5599
5260	4000
161	4800
0	6799
285	4400
4899	0
482	4400
482	4800
903	5599
2367	4000
161	4400
0	6799
390	5999
161	4800
780	5999
1884	5999
0	4400
4899	2000
5260	800
0	5199
1218	5199
1218	5599
4841	400
482	5599
161	4800
0	5599
285	6799
5812	3600
0	5599
285	5199
0	5999
565	4800
0	5999
5165	4000
0	4800
390	4400
0	4400
161	5999
161	5199
0	4400
285	4800
482	5199
285	5199
4495	400
161	5999
565	4800
390	5599
161	4800
482	4400
161	5599
161	5199
0	5999
0	4800
161	4800
4557	800
161	5999
161	4400
482	5599
161	5199
482	4800
1354	4800
0	4400
0	4800
161	4400
5419	3200
4738	1200
0	4400
1218	5599
0	7599
161	6799
161	5599
390	5199
3969	800
0	4800
161	5599
6639	3200
0	4400
843	7599
3268	0
1598	5599
0	5599
2449	5999
161	5599
161	5599
161	4800
4464	800
4870	800
0	7599
0	5599
161	5599
161	5599
285	6799
903	1200
843	5999
6005	2800
4709	400
0	5199
1170	5999
4694	400
0	5599
0	4400
161	4400
4927	2800
0	7599
285	6799
161	5199
4305	800
4913	1200
482	4400
565	5999
5406	4400
161	5199
161	4800
161	4800
7280	3200
4603	4000
161	5599
780	5599
903	5599
161	4800
4694	2400
4511	400
9168	9999
285	4400
390	5199
5300	0
4495	4400
0	4800
0	4400
285	4800
161	5199
0	4800
0	3600
0	5199
0	5199
390	7199
285	5999
843	4400
4174	4000
285	6799
285	4400
390	5199
4899	1600
1397	5999
3390	400
161	4400
285	5199
161	4400
161	5599
0	5199
285	6799
0	5599
0	4400
0	4400
565	4400
5138	0
285	5999
565	4400
285	5999
161	5199
390	4800
0	4400
161	5199
0	5199
390	4400
482	4400
161	4800
0	4800
0	4400
161	5199
161	5599
4694	3600
565	5599
0	4400
390	4800
0	4400
161	4800
390	5599
161	4400
565	5999
161	4400
285	5599
482	7599
390	5199
565	4400
4812	0
390	4400
482	4800
390	5199
161	5599
0	5199
0	5599
390	4800
1016	4800
565	4400
565	5599
285	5599
0	5599
565	4400
0	5199
0	4400
390	4400
4633	1600
1069	5599
161	4800
390	4400
161	5199
4753	2000
4557	3200
285	5199
161	5599
5700	4400
0	4800
4870	3600
0	4800
565	5199
285	4400
161	4400
390	5999
565	5999
161	5199
0	4400
780	4400
0	4400
0	4400
161	5199
482	5199
285	5599
0	4400
0	4800
4812	2800
4557	4400
4321	1200
285	7599
161	4800
4107	400
285	5999
0	5599
843	5999
1016	5599
0	7599
5406	2800
482	5599
161	4800
161	4800
390	4400
4557	400
0	4800
6052	3600
161	5999
0	5599
0	7599
0	5999
390	4400
285	6399
1397	5199
4573	3600
482	5599
161	4400
4448	0
5055	4000
4870	400
482	5199
285	4400
161	4800
5041	4400
5957	4400
0	4800
161	5199
285	5999
0	4400
390	4800
161	4800
0	5999
4679	400
843	6399
482	4800
0	4800
285	4800
390	4800
0	4800
161	4400
780	4400
285	4800
161	5599
0	5599
1069	5599
565	4400
0	4400
1264	5199
1560	5599
0	4400
4542	2800
0	5199
390	5599
5523	800
1598	5999
2137	5999
5179	4000
161	4400
843	4400
161	4800
161	5599
390	5199
161	4800
161	5199
0	4800
390	4400
0	5199
0	5199
565	5199
0	5199
0	5599
780	5999
0	5199
4433	400
482	5599
0	5599
161	5999
161	7599
843	4800
161	6799
4369	0
4738	800
161	5199
0	2800
5041	800
565	4800
482	5999
5041	3200
4970	800
1710	5599
285	4800
285	4800
0	7199
0	4400
390	4800
0	4400
285	4800
780	5199
161	5199
161	4400
161	5599
161	4800
482	4400
6639	3600
390	5199
4573	3600
0	5599
482	4400
0	4400
2605	0
780	5199
161	5999
285	4400
4694	400
285	7199
843	5599
4870	0
161	5599
161	4400
390	7199
4694	4400
713	5599
285	4400
5762	4400
161	5599
161	5599
482	5199
161	5199
0	4400
5082	0
161	5199
4694	400
565	4800
482	4400
390	5999
4495	4400
161	4400
0	5199
5247	1200
161	4800
565	4400
161	4400
903	5999
713	5599
161	5599
390	6399
0	4400
5247	400
161	5199
161	4400
0	4400
161	4400
161	5199
285	5599
390	5999
0	4400
0	5999
0	4800
161	5599
4738	0
0	4800
390	4400
565	4400
4753	400
4841	4400
161	4400
161	4400
5510	4000
161	4800
161	5199
961	5599
285	5999
903	4800
482	5199
0	7599
161	7199
0	5999
6204	4400
0	4400
0	5599
161	5199
161	4400
713	5599
161	7599
1520	5999
4913	0
390	5599
6563	3200
4679	3600
0	4800
4369	2400
4709	400
0	4800
482	5999
161	4400
161	5199
390	4400
390	5599
161	4800
161	4800
482	4400
0	5199
161	4400
161	5599
161	4400
0	4400
482	5999
0	5199
390	5599
161	5199
0	6399
161	5599
4618	4000
285	5999
2137	5999
161	7199
1397	4400
4694	1600
161	4400
285	4400
390	5599
285	4400
0	7599
161	4400
161	5199
0	4400
390	5599
0	7599
482	4400
0	5199
482	4800
4870	3200
161	5599
390	4800
161	4400
4709	1200
2778	1200
390	5199
780	5599
1560	5599
0	7599
5247	400
0	5999
0	5999
482	4800
482	4400
0	4400
0	6799
1310	5599
0	5599
0	5199
482	4400
6192	400
0	4400
285	5199
565	4400
161	7199
161	4400
161	4400
0	4400
0	4400
4369	0
565	5599
161	5999
0	5599
161	5599
713	5599
0	4400
390	4400
161	4400
161	5199
161	5199
0	5199
0	4800
161	4400
482	4800
161	5599
780	5599
0	5199
285	6399
161	4400
161	7199
390	4400
0	4800
161	4400
0	4400
161	7599
4738	0
161	6799
5041	800
0	5999
565	5599
285	4400
161	4400
4633	4400
161	5999
1710	5199
161	4400
0	5599
0	4400
390	4400
285	5999
1016	5599
285	4400
161	5999
1560	5599
161	4400
843	5999
5041	1600
161	5199
390	6799
482	5999
6295	4400
2422	5999
390	5199
161	4400
285	5999
0	4800
1218	5999
161	4400
161	4400
0	7599
390	4400
1884	5999
2367	1600
390	4400
161	5999
285	5599
161	4400
161	5599
161	5199
285	4400
4753	4000
0	5599
0	5199
390	5599
161	5599
5206	800
4913	1600
4633	400
0	6799
1397	5599
0	4400
4573	2000
0	7599
285	4400
161	4400
285	4800
780	4400
4694	1600
482	4800
0	5199
565	4800
390	4400
5027	4000
0	4400
161	7199
285	6799
161	5599
0	5599
161	4400
5260	4000
4664	2800
2339	5999
0	6399
0	4400
285	5599
482	4400
565	5599
4841	4400
482	4800
285	5599
0	4800
0	4800
285	4400
0	4400
8729	9999
482	5199
843	4400
565	5599
285	6799
4633	800
285	4800
161	4400
0	5599
161	7599
482	5599
2137	800
390	5599
161	5999
0	4400
285	4400
161	5599
4694	3200
5055	2800
390	5199
161	5199
161	7199
5587	4000
5096	4000
161	4800
161	4800
161	5199
843	5199
0	7599
0	6799
0	5599
4709	2800
0	4400
390	5599
390	5999
780	5199
161	5199
0	4800
1016	5599
161	4400
161	5999
161	7199
4753	2400
1310	7599
0	4800
4618	0
1218	5599
0	4800
0	5999
0	4400
0	6399
4557	2800
565	5199
1218	5199
161	4800
161	4800
565	5599
0	5199
482	5599
161	5999
4913	800
161	6799
161	5199
0	4800
1917	3200
0	4800
390	4800
161	5199
161	4400
285	5199
713	5999
161	5599
713	4800
0	7599
482	3200
1016	5599
482	5599
161	7199
780	7199
0	4400
0	4800
285	5599
390	4800
161	5199
161	5599
161	5199
1218	5599
161	4400
4753	400
4694	4000
4826	4400
161	7599
0	4800
0	5599
482	5599
0	4400
390	5199
390	5599
1069	5999
0	4800
4433	400
565	4800
5380	2800
713	5599
5082	2400
0	4400
285	5599
2964	400
161	5199
565	4800
285	4400
390	5199
0	5599
161	4400
0	5599
565	4400
482	5599
0	5599
1069	5999
0	5199
161	5599
161	4400
4448	4400
161	5599
161	4800
482	5599
0	4400
5082	3200
4433	3200
161	5999
285	7599
4511	800
161	4800
3205	400
0	7199
0	4400
161	5199
0	5599
0	4400
390	4400
0	4800
390	4400
1264	5599
1069	5199
565	5599
161	4400
5787	4400
0	5599
0	4800
0	4800
161	5599
4557	3200
4694	400
565	5599
6005	1200
713	4400
482	4800
0	4400
0	7199
4664	800
482	5599
0	5599
161	5599
0	4800
390	5599
285	4400
161	4400
565	4800
161	5599
4603	0
161	4400
161	5199
0	4400
4433	3200
482	4800
0	4800
390	4800
161	6799
161	5599
0	6799
482	4800
0	4400
161	4400
3119	5999
1310	4800
161	4400
482	4400
0	4400
0	5999
482	4800
565	4400
161	5599
161	5199
285	5199
0	5999
565	4800
903	5599
565	4400
482	7199
780	5599
161	5599
0	5599
565	5599
0	4800
161	4800
161	4800
0	4400
390	7599
161	4400
161	5599
161	5599
0	6799
5287	3600
5612	4400
161	6399
285	4400
285	5199
161	5599
161	7199
161	4400
390	4400
0	6799
843	5199
161	4400
1439	5199
390	4400
5055	800
285	4800
0	3600
482	4400
565	5599
161	4400
482	5599
4305	0
565	4800
2107	4400
0	4400
4369	400
4709	3600
0	4400
285	4400
4913	1600
161	5599
482	4400
4448	400
780	5599
482	5199
1397	5999
0	5199
0	4400
161	4800
0	5599
390	4400
4664	800
4633	0
0	4400
0	5199
0	5199
285	4400
285	5599
0	4400
4913	4000
5192	2800
482	4400
161	4800
4448	400
0	5199
390	5199
390	4400
4679	3600
1439	5599
4709	1600
1598	5199
565	5599
0	4400
4557	4800
2475	5999
161	5199
482	4400
565	4400
161	6799
4797	800
161	5599
161	5599
161	5599
4448	400
161	4400
285	5599
482	5599
4369	800
0	4400
4633	4400
482	5199
0	4400
161	4000
4694	0
161	7199
390	5599
0	4400
0	4400
0	4400
0	5599
0	6799
482	4800
5260	1200
161	4800
1069	5999
482	5999
482	5199
0	4400
0	4400
5206	1200
2987	5999
0	4800
161	4400
285	5599
4573	400
161	7599
2605	5999
5675	4400
0	5599
5027	400
4738	800
0	5199
0	5599
161	6799
161	5199
0	5599
161	5999
4738	3600
161	7599
4633	0
0	5199
161	4400
482	6799
161	4400
161	5199
0	4400
482	4400
1850	5599
903	5599
285	5199
4856	800
285	4800
161	4800
161	5599
4448	400
285	2000
1598	4800
5812	4400
780	5599
390	4800
390	5599
0	5199
565	5999
0	5199
4305	400
4812	3200
390	5199
390	4400
0	4800
161	4400
0	4400
780	4400
161	4400
0	4400
0	4400
1069	4400
4913	3600
5775	3600
161	5599
0	5999
1218	4400
4557	3600
0	4400
4694	1200
565	4400
161	7599
5069	0
0	7599
4633	0
1069	5199
390	5599
0	4400
0	4800
161	4800
285	5199
161	4800
161	7199
0	7199
0	5999
6799	4400
5041	400
0	5599
161	5199
161	5999
0	4400
0	5199
0	5199
0	4400
161	4800
390	6399
161	5199
780	5599
0	5599
390	5999
565	4400
390	4800
161	4800
482	4400
0	4800
161	4800
713	5599
482	4400
4495	3600
161	4400
0	5199
4927	4000
7600	5199
4970	2400
4385	4400
0	6799
0	7599
565	4400
0	5999
0	4800
713	4800
5419	800
161	5599
4927	4400
285	5599
5775	3200
285	4800
482	5199
285	5199
161	5199
390	5599
713	5599
285	5199
565	5199
4433	800
1016	4400
0	4800
0	4800
161	4400
4240	0
161	5599
482	5199
0	4800
7388	4400
161	4400
390	5199
565	5599
1746	400
161	5599
161	4400
161	5599
0	4400
390	5199
0	4800
4738	0
4573	4400
0	4400
4679	400
4495	3200
161	6799
0	5199
0	5599
780	5999
5096	1600
161	4800
161	5599
1069	5199
1069	5999
482	4800
6650	4000
5787	3600
5340	3600
4511	800
0	4400
4369	0
0	5199
0	4400
0	7199
0	4800
0	4800
482	5599
390	7599
0	7599
843	5999
161	5999
565	5599
285	5599
482	4400
843	4800
161	4800
0	6399
5013	3600
482	4400
482	4400
390	4800
4618	0
0	4400
0	5199
161	5999
390	4400
161	4800
390	5999
0	5599
161	4400
4321	2000
390	4400
4618	4000
0	7599
482	4400
161	5599
0	7599
1710	5599
0	4800
482	7199
0	5599
7427	7599
390	4800
5367	4400
0	7199
565	5199
4305	1200
0	4800
390	5999
0	4800
161	4800
161	4400
390	4400
482	5199
4557	1600
0	5599
161	4400
0	4800
161	4400
3162	0
482	6799
161	4800
0	4400
390	4800
4826	2400
161	4400
161	4800
161	5199
161	5999
565	5199
285	5199
0	5599
1264	5599
161	5199
161	4400
390	5199
5096	1200
1560	4400
4942	4000
161	5199
0	5199
0	5599
482	5999
4305	800
0	5599
6873	5999
482	5199
903	4800
4970	4400
4913	0
0	6399
4694	4400
482	4400
0	5199
0	5199
0	5199
5340	400
780	4400
161	7599
1069	5599
0	5199
161	5199
390	4400
0	4800
843	5999
0	5999
4511	2000
1069	4400
285	4400
0	5599
285	5599
713	4800
0	4800
903	4400
6169	3200
565	4800
1069	5599
565	5199
565	4400
482	5199
2107	5999
4573	0
961	5599
0	4400
1354	5999
0	4800
161	4800
1264	5599
0	7599
0	6799
285	4400
285	5199
161	4400
390	7599
482	5199
161	5599
0	7599
2778	0
0	5199
4038	0
903	5599
4970	4000
713	4400
482	7199
780	4800
0	4800
0	4400
390	4400
161	4400
4709	4000
0	4400
0	4400
1598	5999
285	5599
0	5599
161	4400
4694	4000
780	5599
482	5599
482	4400
1069	5599
0	5599
161	6799
0	5199
482	5999
6111	4400
161	5599
482	4400
285	4800
0	4400
161	4400
0	5599
161	4400
4694	800
4174	3600
482	4800
161	5199
0	4800
4753	2000
1397	5999
4090	400
390	5599
713	2400
4870	800
482	5199
161	4400
161	4400
780	5599
161	4400
482	4400
0	5599
161	4800
0	4800
0	5599
0	7599
565	4400
0	4400
5247	2000
0	5599
0	6799
3288	5999
161	7199
0	4400
0	5599
565	5999
390	5599
161	5199
0	4400
0	7199
843	5599
161	5599
565	5199
161	5599
0	5999
1264	4400
713	4800
161	4400
0	7199
390	5599
4694	2000
0	4800
482	4400
161	5599
1746	5599
0	7599
285	6399
0	5599
0	5199
0	4400
0	4400
0	4400
161	7199
0	5999
285	5599
161	4400
0	4400
1636	5599
0	4800
161	5199
0	4400
161	4800
0	5599
0	5199
0	4400
161	4800
161	4800
843	4800
0	4400
161	5999
0	5199
3470	0
0	4400
390	5199
1069	4800
482	5199
713	4400
1218	4400
161	2800
0	7199
161	5199
0	4400
390	4800
285	5599
0	4400
0	4400
161	4800
482	5999
161	4800
161	4800
3226	0
161	5599
161	5199
0	5199
4633	2800
161	4400
4841	400
161	5199
1069	5599
285	4400
0	4400
1069	4400
390	5199
0	5199
285	4400
1636	5599
2449	5199
0	7599
5055	2000
390	5599
482	4800
565	4800
390	4400
161	5999
4694	0
903	5199
161	5999
161	5599
5612	3600
1354	4800
0	5599
0	5199
4738	800
565	4800
482	5199
390	5599
285	5999
161	4400
161	4800
2137	5599
0	4400
161	4800
0	5199
4694	3600
161	4400
161	4800
2964	1200
780	4800
0	4400
161	4400
0	5999
390	5999
843	4400
482	5199
161	4800
1218	4800
0	5599
0	5999
843	5599
161	4400
4495	4000
161	4800
482	4800
161	5999
0	5199
0	5199
482	5599
713	5599
1439	5599
0	4800
161	5199
5041	0
161	4400
1069	5199
4913	3200
390	4400
0	5599
5206	2800
161	4800
0	3600
0	4400
2753	2400
4557	2400
390	4800
4856	1200
0	5199
0	4400
1397	4400
5471	4400
4557	0
5406	2000
161	4400
2778	2400
390	5599
0	4800
482	4800
843	5199
0	4400
0	5999
0	4400
0	5999
3141	5199
4448	400
0	5999
0	4800
4753	4400
565	5999
5247	4400
713	4400
390	5599
161	5199
1710	5199
161	4400
285	4400
285	4000
161	5599
161	4400
5096	800
0	5199
390	5599
161	5999
0	4800
482	4400
5041	0
0	5599
161	4400
4738	800
903	5599
161	4800
0	4800
161	4400
0	4400
1218	5999
161	5199
161	5199
0	4400
285	5999
285	4000
161	4400
390	5199
390	4400
482	5199
4812	400
4433	1200
285	5599
285	5599
780	4400
161	4400
285	4400
390	5999
4495	800
0	4400
285	6799
4870	2800
4927	0
161	5199
843	5999
0	4400
1397	5999
161	5199
161	5599
0	5199
161	5599
161	5199
0	7599
565	5599
161	4400
0	5199
4797	1600
780	5999
0	5199
161	4400
0	7599
903	4400
161	4800
161	6399
1069	5199
4694	2400
565	4800
161	5599
1636	5999
6935	3600
843	5599
1310	5999
0	4400
0	7599
390	4400
161	4800
1069	5999
482	5199
903	5199
161	4800
565	5599
4603	800
780	5599
0	4400
0	4800
0	5599
4464	400
0	7199
4694	0
4753	2800
0	6799
780	5999
482	4800
0	5599
2422	5999
161	5199
0	4800
482	5999
161	4800
161	5199
565	4400
0	7199
482	5999
161	4400
565	4800
4694	0
5055	4000
161	5599
161	4800
4694	2000
161	7599
0	4800
0	5199
161	5199
0	4400
482	4400
903	5599
0	4400
1218	0
1310	5599
0	5599
4618	4400
390	4800
0	4400
161	5599
4603	0
565	5199
0	4400
4557	0
161	4800
0	4800
0	5199
161	4800
0	4400
161	5599
161	7199
4603	0
4433	3200
482	2800
4709	4400
482	5199
161	5599
285	5999
285	4800
390	4400
4633	4400
161	4400
0	5199
4694	800
0	5599
0	4800
0	5199
1710	5599
482	5599
0	5199
0	5999
161	5599
161	4400
390	5199
0	4400
4709	800
0	4400
1310	5199
161	5199
1069	4800
482	5199
1218	5599
161	4400
482	4800
161	4800
0	5199
285	4400
4709	4400
161	7199
6682	4400
161	5599
161	4800
390	5599
4557	800
4970	3200
0	5199
0	4800
5151	0
0	7199
5027	3200
0	6399
390	5199
161	5999
390	4400
4694	400
161	5199
0	4800
161	5199
482	5999
4557	800
713	6799
161	6799
0	5199
482	4400
0	4400
0	5999
482	5599
0	6399
285	5199
780	5599
4694	4000
390	5199
482	5199
161	5199
1170	5999
565	5199
161	5999
713	5199
0	4400
161	5599
0	5199
0	6399
1710	5999
285	4400
0	5199
6757	4400
161	5199
0	5199
0	4800
0	6399
565	5599
4709	0
0	4800
2680	2800
0	4400
285	4400
843	4800
161	4400
285	7599
3370	0
4709	800
285	4400
390	5199
4305	400
0	5599
0	4800
565	4400
482	4400
0	7599
161	4400
161	4400
0	5999
2680	400
4123	0
0	5599
0	4400
161	7199
4709	0
565	4800
4679	0
285	5199
0	4400
5138	400
482	5999
161	5999
843	4800
1170	4400
482	5199
161	4400
161	4400
0	5599
161	4800
161	7599
0	7199
161	5199
0	4800
0	4800
161	7199
161	5199
482	5199
5600	3600
903	5599
0	5999
161	7199
161	4400
161	5199
161	5599
4709	3600
0	5999
0	4800
161	5199
0	4800
843	4400
161	4400
4289	4000
0	4800
161	4800
1264	4000
390	4800
0	6399
161	5599
1816	5199
565	4400
0	4800
713	5599
1170	4800
0	7199
0	4400
161	5199
1598	4800
843	5999
843	5199
780	5599
713	5999
3845	2400
0	5199
285	5599
390	4400
482	4400
1069	5999
0	5599
0	5599
0	4800
3643	1200
161	5999
285	4400
390	5599
0	5999
285	5199
161	5199
0	4400
0	6799
482	5599
0	4400
161	4400
0	5599
0	4800
285	5199
0	5199
1397	5199
482	5599
5041	2400
161	5999
390	5599
0	6799
4812	3200
5725	4400
0	5599
390	5199
161	5199
4417	3600
390	4400
780	4400
4618	1600
5497	6799
4417	800
161	4400
161	5999
5523	4400
0	5599
390	5599
390	5599
161	4400
843	7199
0	4800
390	4800
390	4400
482	4800
482	4400
0	6799
4369	0
3969	0
161	4400
161	4400
390	5199
5124	4400
390	5599
1560	5199
780	5199
390	5199
4694	1600
0	4800
5192	1600
5287	400
3031	400
0	5199
0	7199
390	4800
0	4400
0	6799
482	5599
161	5599
1218	4400
482	4400
161	5599
0	4400
565	5599
5824	3200
390	5999
0	5999
285	5999
3809	0
161	5599
482	4400
161	5199
0	4800
0	4800
1069	4800
0	7199
4557	4000
713	4400
5523	800
285	4400
482	5199
482	4800
161	4800
780	5199
843	4800
161	4800
161	5999
161	5599
482	5199
0	5599
161	5199
565	5999
4603	1200
4709	1600
482	4800
482	5599
4679	2000
161	4400
903	5599
0	5199
713	4400
285	5599
1560	5199
161	5199
4694	1200
4417	2800
161	4400
780	4400
161	4400
0	6399
390	4800
161	5599
482	4800
0	5599
4603	3600
0	5199
4633	400
161	5199
0	4400
780	4400
161	4400
903	5199
0	5999
0	4800
390	4400
780	5199
0	4400
0	4400
161	5199
161	4800
285	5199
4448	800
161	4400
285	4800
1218	5599
161	4400
5055	3200
390	4800
1069	5599
161	5199
161	5599
161	5999
161	4800
161	5599
5192	4400
161	4400
565	4400
4709	0
0	4400
0	4800
161	4800
0	5199
0	5599
0	4400
0	4400
0	5999
1016	5599
161	4400
1520	5599
843	5599
285	4400
0	4400
0	4400
0	5199
3031	5999
4694	800
390	5199
482	4800
482	4800
5179	4400
285	5999
482	6799
5096	3600
1598	4400
0	5199
2825	3600
482	5199
0	4400
161	4800
0	5599
0	5199
482	4400
0	4800
285	5199
0	5199
780	5999
390	5999
0	4800
565	5199
565	5199
843	4800
0	5599
482	4400
161	4800
285	7199
161	4400
0	4800
161	4400
482	5199
0	4800
4321	400
713	5999
285	4800
0	5599
0	5199
0	4400
5069	800
390	5599
4841	0
0	4400
5523	4400
713	5199
0	4800
4603	1200
161	4400
161	4400
161	6799
0	5599
161	5199
565	5199
161	4800
4433	0
5082	3200
0	4800
2076	5599
161	5599
5151	4400
1397	5999
565	5999
565	5999
4433	800
0	5599
0	5199
390	4800
0	5999
0	5199
713	5599
482	5199
390	4800
0	5199
6606	3200
161	5599
0	4400
0	4800
161	5599
0	7599
903	5999
285	5199
161	5199
0	4400
4856	4400
565	6799
161	7599
4618	0
5497	4000
285	5199
3031	5999
161	7199
0	4400
482	5599
0	5199
1264	3200
4826	400
6873	3200
161	5999
0	5199
390	4400
0	5199
0	4400
161	4400
161	7199
0	6399
0	5199
285	4400
161	4800
161	7599
0	5199
1016	4800
0	5199
482	4400
0	4800
0	5199
161	4400
780	4800
161	4400
161	5199
161	5599
5247	4000
390	5999
161	4400
565	5599
0	5199
390	5599
0	5599
4841	800
4557	0
161	4400
161	4400
0	5599
0	5199
161	4800
161	4800
5247	1600
0	5999
0	4800
161	5199
161	7199
5969	4400
161	5199
0	5599
565	4400
0	4400
1439	5599
161	5199
780	5599
390	5599
0	4800
161	5199
2137	5999
161	4800
390	4800
0	5599
285	5999
0	4800
6146	3600
3969	1600
2226	5599
5041	0
0	4800
780	5599
0	5999
1016	5999
390	5599
4321	2400
6052	3600
1560	5199
161	7599
285	4400
0	4800
285	5199
780	4800
1884	5599
482	5599
0	7199
285	5999
565	4400
1850	5599
4557	0
1170	5599
0	6799
0	4400
482	5599
0	5599
161	5599
161	4400
482	4800
4970	3600
0	4400
4603	2000
4738	3600
161	5199
0	5599
161	4400
1710	4000
1218	5599
0	5599
161	4400
161	4400
0	5999
780	5199
161	4800
161	5199
843	5199
390	4400
2680	5199
161	5999
390	5999
4679	0
390	4400
390	5199
4826	2400
4588	4000
0	5999
390	4400
0	4400
0	4800
285	6399
390	4400
482	5599
0	4400
390	4400
482	5599
161	4800
4694	400
285	4800
0	4400
780	4400
713	1200
5082	3600
0	6799
482	4800
565	4400
3162	0
4694	400
0	4800
161	4800
3309	800
161	4800
390	5599
843	4400
0	5199
5574	3200
0	5599
0	4800
0	5599
285	4400
161	4800
161	4800
565	5999
843	5999
4913	400
903	5199
4913	0
161	5599
161	4400
2987	5999
2655	4800
161	5199
5138	800
161	5199
285	6799
0	4400
390	5599
2107	5599
8337	7599
903	4800
2778	0
161	4400
0	5199
161	4400
565	4800
1397	5599
565	5199
4573	400
0	4800
390	5999
713	4800
0	4400
0	4800
161	5599
0	5999
0	6799
161	5599
713	4800
0	5199
161	4800
161	5999
0	4400
161	6799
0	5199
0	6799
4679	3200
285	5999
0	4400
161	5599
390	5199
3009	1200
482	5999
0	4400
0	5199
161	5199
390	5599
565	5599
0	4800
843	5599
1982	5999
161	4400
1016	5199
161	4400
482	4400
4573	2000
3548	2000
4753	2000
0	5199
4812	400
161	6399
6386	4400
482	4400
0	4400
161	5599
161	4800
285	5599
482	4400
161	5599
161	5199
390	5199
4190	800
161	5199
713	4400
161	4800
161	4400
4709	2800
390	6799
482	400
285	5199
161	5599
0	5599
3054	5999
390	5199
0	4800
390	5599
4694	1600
5860	4000
1264	5199
6295	4400
4464	0
1016	5599
5969	400
565	800
0	5599
0	5599
843	5199
161	5199
713	5199
3605	1200
161	5599
5055	2800
2254	5999
4369	1200
3054	5999
0	4400
4913	0
161	7599
903	5999
0	4800
161	5599
161	5199
780	4400
161	4400
0	4400
0	5599
161	5199
161	5199
0	4400
4433	1600
161	5599
780	5199
285	5199
0	4400
3934	1600
0	4800
161	5999
843	5599
4385	0
285	4400
4664	3600
0	6399
843	5599
482	4400
4240	400
0	4400
0	4400
0	4400
161	5199
0	4400
0	4400
4557	1600
0	5999
5206	3200
0	4400
565	4400
482	4400
285	6399
161	4400
4856	4000
482	4400
1850	5599
0	4400
6430	4000
0	5199
0	5599
161	5199
390	5199
285	5999
1016	5599
482	4800
161	4400
0	4400
3470	0
285	5599
780	5199
1264	5999
565	5199
0	4400
161	5199
0	4800
0	4800
565	4800
0	4800
0	5599
3528	400
780	5199
0	4800
161	4800
161	4400
4557	400
1170	4400
390	4800
0	4800
3917	4000
0	4800
285	4800
4369	800
0	6799
713	4400
0	4400
161	5999
0	5199
713	4800
4417	4400
161	5999
161	4400
843	5999
482	5199
3288	5599
4573	3200
0	4400
1310	5599
5233	0
780	5999
161	4800
0	4400
5027	400
0	5599
0	5599
0	5599
0	4400
285	4400
0	5199
2449	4800
161	7199
0	4400
0	5199
161	4800
161	4800
390	4400
285	7199
4694	2000
0	5599
4056	800
0	4400
482	5599
161	5599
0	4800
161	4800
0	4800
161	4400
0	4400
4738	3600
285	5599
1397	5999
2680	5599
0	5999
0	4400
0	5999
4812	3600
161	4400
482	4400
713	4800
0	5199
4495	400
0	4800
390	4800
0	4400
0	5199
4709	2400
482	5599
4694	1600
3699	4000
0	4400
0	4400
4305	4400
0	4800
161	5199
1397	2000
161	4400
161	5999
0	5199
4753	0
390	6399
713	5999
0	5599
161	4400
4694	400
285	6399
0	6799
0	4400
1069	5599
161	5199
390	4400
0	4400
482	4800
390	5199
4557	0
565	4800
5510	4400
0	4400
161	5199
4448	1200
161	4400
390	5199
0	5599
1218	5999
0	4400
4511	0
4709	400
0	5199
161	5599
161	5599
0	4400
713	4800
780	5599
713	4400
4321	2800
4753	3600
390	4400
482	5199
6430	4000
161	4800
565	5599
903	4800
780	4800
1746	5999
285	4400
0	5199
4679	4000
0	4400
0	5199
565	4800
4495	0
4679	4400
780	4400
0	5199
0	5599
161	5599
161	6799
2367	4400
390	5599
161	4400
390	7599
565	5199
5165	3200
0	5199
0	5999
482	4400
780	5599
161	5599
4694	4400
4679	1200
1520	5599
565	4800
0	5999
4679	4400
161	5199
161	4400
482	4400
1069	5199
482	4400
285	4400
0	6799
161	4400
4913	4000
3309	2400
482	6399
390	4400
5885	4000
0	5999
161	4400
565	4400
161	5199
4797	3200
1016	4800
713	5999
482	4400
0	7599
161	4800
482	4400
0	6399
0	5599
0	6399
285	4400
285	4800
4927	4400
285	5599
161	4400
565	5199
0	4400
161	4800
780	5599
0	6799
161	4400
0	5199
4495	2800
0	4400
4694	0
780	4400
161	4400
390	5199
285	5599
0	5199
390	4400
0	4400
5523	2000
565	4800
0	5199
161	5199
482	5599
0	5199
482	5999
4305	400
4709	3600
161	4400
285	5199
0	4800
0	5599
3390	1200
4353	0
0	4400
161	5199
3917	400
0	5199
161	5199
161	4400
390	5199
285	7599
0	5199
1598	5599
4709	400
482	4400
0	5199
0	4800
4694	3200
0	4800
4305	400
0	5999
1264	4400
482	5599
0	5199
161	4400
390	5599
161	7599
161	4800
4633	1600
0	4400
565	5199
390	5599
161	4400
1264	5999
161	5199
285	4400
390	4400
482	7599
0	4400
3009	1200
0	5599
482	4800
482	4400
0	4400
161	4400
4694	2000
482	4800
6810	4000
285	4400
0	4400
0	5199
843	5599
4305	0
390	5599
161	5599
0	4800
390	4400
482	4400
161	5599
390	5999
1310	5199
4603	4400
161	5199
161	4400
0	4800
161	3600
482	4400
4870	1200
161	5599
4797	2000
161	4400
1397	5999
161	4800
0	4400
4913	3200
161	7599
390	4400
0	5599
161	5599
161	5199
565	7599
1710	5999
565	4800
0	5999
161	5599
4899	4400
161	4400
7359	3200
0	5599
0	4400
903	5199
1598	4800
285	4400
390	5199
482	4800
161	6799
161	4400
0	5599
0	4400
285	5199
0	5599
0	4800
482	4800
0	4400
565	5999
285	4400
4385	1200
0	4800
161	4400
390	4400
565	5199
565	4800
0	7599
0	5599
285	4800
0	5599
0	4800
4633	3200
4495	0
0	5599
0	5599
0	4400
482	4400
161	4800
161	6799
161	5199
161	5599
565	4800
285	5599
0	5599
1982	5599
843	5999
0	4800
780	4400
0	4400
2014	5599
0	4400
161	4400
0	4800
565	4400
0	5199
0	5599
0	4400
0	5199
161	5599
4694	0
4709	3200
161	4400
390	5599
0	4400
390	5999
4664	0
161	5599
3827	400
0	5199
161	5599
390	5599
1218	4800
285	5999
0	4400
7723	5999
161	5199
0	4800
1636	4400
161	4400
161	4400
0	6799
0	4800
161	4800
4856	4400
0	4800
4557	0
390	5199
5471	4400
5523	2000
565	4800
6261	800
4738	2000
565	5999
0	4800
4618	3200
161	4400
5096	3200
0	5599
285	5599
161	7199
4448	2800
0	6399
482	5599
482	7199
161	5599
161	5599
0	7599
1439	4800
4353	0
161	5599
713	4400
5523	4400
565	5199
161	5599
2475	4000
565	4800
4783	400
0	5199
1949	5599
285	4400
4942	2000
2528	3200
482	5999
4913	800
4694	400
961	5599
1710	5599
161	4400
482	4400
565	4400
5247	4400
161	5999
161	4800
0	4800
565	3200
161	4400
843	5599
565	5199
482	7199
161	7599
390	4800
5367	4400
0	4400
161	5199
0	4400
161	4400
0	4800
0	7199
161	5599
565	5199
2778	3200
161	4400
4856	0
0	4400
4738	3600
0	4400
0	4400
161	4400
4694	1200
161	4400
565	4800
3987	5999
0	4400
0	5199
482	5999
0	7599
161	5999
4557	1200
1218	5599
161	4400
161	4400
0	4800
161	5599
161	5199
1560	4800
390	5199
1264	5999
390	4400
0	4400
780	4800
161	5999
161	4400
843	5999
4694	2400
482	4800
565	5999
482	4400
161	4800
713	5599
0	5999
285	5199
161	5599
161	4400
161	4400
161	5599
161	4400
0	7199
161	5599
1710	5999
6419	4400
565	7599
390	5599
713	5999
390	5999
390	4400
161	7599
1016	5199
161	4800
482	5999
482	4400
4694	0
565	4000
4433	400
4633	0
0	5599
780	5999
565	5199
903	4400
1016	5599
0	5999
161	5199
0	4800
161	4800
285	7599
565	4400
3528	1200
161	4800
161	4400
482	5199
0	4400
390	4400
390	5199
390	5599
4694	4400
4385	0
285	4400
482	5599
0	5199
390	4400
0	4400
0	5599
482	4800
161	4400
3917	0
0	5599
5497	400
161	5199
482	4400
285	5599
5523	4400
3309	1200
0	7599
0	5599
4694	400
285	5599
843	5199
0	5599
482	4400
1264	5999
482	4800
0	4400
5082	0
390	5199
0	4800
0	4800
843	5599
161	4400
161	7599
482	5999
0	4800
285	4800
390	5999
961	4800
390	5599
565	5599
780	5599
0	5599
161	4400
0	5599
161	4400
285	4400
1636	4400
161	4400
482	5999
0	4400
0	5199
7280	3600
161	7599
843	5599
161	4400
565	5199
0	5599
565	5599
161	5599
0	4800
0	5599
3773	4400
0	5999
0	5599
482	5599
4542	0
0	4800
5367	0
390	5999
4448	0
0	4800
482	7199
0	5999
390	4400
390	4400
390	6799
0	6399
4738	4400
5574	800
285	5199
482	4400
390	5599
390	3200
713	5599
565	5599
0	7599
0	4400
0	4800
482	4400
9999	5999
0	5599
4870	4400
161	4400
0	5599
285	4800
1218	5999
0	7199
565	4400
6704	4400
0	4400
0	5599
713	1200
390	5199
161	3600
0	7599
161	4400
1069	4800
161	4400
285	7199
482	4800
0	4800
482	5199
1354	5599
161	5599
565	4400
161	5199
0	4800
0	5599
482	5999
4305	400
390	4800
903	5599
390	5199
0	4800
161	5999
903	4400
4557	0
0	5199
0	5999
565	4400
390	4000
482	5199
1982	2800
4984	1600
2076	4800
565	5599
5041	1200
713	5599
5041	1200
0	4400
482	4400
482	5199
161	5599
1069	4800
565	4400
4723	2800
161	4400
4618	4000
780	4800
161	4400
482	5199
0	4400
161	4400
6352	3200
390	3600
390	4400
161	5199
0	4400
1069	5599
0	5999
482	4400
161	5199
161	4400
161	6799
843	5599
565	5999
0	4800
161	7599
161	7599
161	4800
4694	1200
390	4400
0	7599
1598	3200
0	4400
1746	5199
0	4800
4709	2000
285	4800
4433	400
161	5599
1016	5599
0	5599
6563	4400
5458	2800
390	5199
4709	4000
903	5599
390	4800
4738	400
4633	0
0	5999
0	5199
1560	5199
285	4800
0	5199
565	4800
843	5599
0	5599
4511	4000
565	5599
0	4400
0	4400
161	5999
843	4800
6386	4000
482	6799
390	5999
0	4800
285	5599
8943	5599
4573	0
0	4400
4573	0
161	4800
482	5999
161	4800
482	5199
0	4400
0	5599
0	5199
565	5599
0	4800
0	4800
0	5199
0	5999
1069	5199
161	4400
4573	0
161	4400
6284	4400
482	4400
0	5199
0	7599
3162	5999
390	5599
713	5999
6552	6799
780	4400
1264	4400
285	5199
390	5999
4694	0
390	5199
0	5999
0	5199
390	4800
161	4800
1069	5599
4694	4400
285	5999
0	4800
482	5599
1917	5999
161	4800
390	4400
285	4400
390	5199
0	5599
0	4400
0	4400
161	4800
0	5599
390	5199
161	5199
0	4400
1069	4800
161	5599
565	5199
0	6799
285	5999
780	5999
5096	400
482	4800
0	6399
161	4400
0	4800
4738	0
713	5199
0	5199
1016	4800
565	5199
161	5599
565	4800
6977	4400
285	6399
713	5599
482	4400
565	5199
161	5199
4603	3200
0	5599
390	5599
161	5999
4369	3600
0	4400
0	6799
4870	4400
482	4800
482	4400
0	5999
0	6799
390	4400
0	4800
0	4400
0	4400
285	5599
4797	400
0	4800
390	5599
161	4400
4557	400
161	4400
482	4400
4495	800
2778	5599
161	4800
5497	4400
390	4400
285	4400
161	5199
161	7199
482	4800
161	5199
565	4400
6725	3600
5625	5599
5873	4000
482	4800
4709	3200
161	5199
0	6799
1710	5599
4321	0
482	4400
161	4800
0	5199
482	4800
161	5599
1016	4800
4557	2800
161	4800
482	5599
0	4400
0	4400
4856	0
5082	3200
161	4800
1850	5599
5762	2400
390	4400
0	5599
161	4800
4826	1600
5762	5599
161	4400
0	4400
482	5599
161	5599
0	5599
843	5199
482	5599
4870	1200
390	5199
482	5199
285	4800
0	4800
161	4800
0	5999
390	5599
161	4400
0	5199
285	6399
161	5599
565	4400
390	4400
0	5999
161	4800
4738	4400
0	4400
161	4800
4927	0
161	5199
390	4800
161	4400
0	4400
390	4800
843	5199
0	4400
780	5199
0	7599
0	5199
0	4800
0	4400
390	5599
161	4800
4738	0
0	5199
390	4400
0	4800
482	5199
285	4400
0	6799
0	6799
0	4400
4588	1200
285	4800
0	4400
780	5199
482	5599
285	4800
161	4400
482	5199
0	5599
0	4800
161	4400
780	4400
1016	5599
565	4400
1560	5199
0	5199
4826	0
161	5599
4557	0
1560	5999
4495	1600
0	7599
0	4400
390	4800
1016	5199
482	5599
565	5199
0	5999
161	4400
5700	4400
0	4400
161	5999
4633	800
482	4800
390	6399
161	5599
390	4400
780	4800
390	4400
161	4400
161	5199
390	5199
0	5599
565	4800
4913	800
161	5599
161	4400
0	4800
0	6799
0	4400
0	5999
7890	4400
161	5199
0	7599
161	4400
161	4800
4557	400
390	4400
161	5199
0	4800
285	3200
0	4800
1218	5599
5041	800
4694	1600
4573	3600
390	5599
0	5999
161	7199
1917	3600
482	5599
390	4800
0	5199
0	4400
0	4800
3899	1600
390	4400
161	4400
3643	400
482	5599
0	4400
5082	1200
161	4400
843	4800
161	5199
0	5999
161	5199
1069	5999
780	6799
0	4400
390	4400
390	4800
161	4400
390	5999
5041	4400
161	5999
4870	4400
0	4800
780	5599
5247	3200
0	5599
4557	400
4573	4400
161	5599
4913	400
0	5999
0	4400
0	4800
4913	400
0	4800
0	5199
4256	400
0	7599
285	4800
0	5199
4694	3200
161	5199
390	4400
161	5199
285	4800
161	4400
565	5199
903	5599
0	6799
4694	0
7972	4400
161	4400
390	4400
0	4800
390	4800
4289	1600
161	5199
0	5599
161	7599
161	5199
2778	5999
390	4800
6596	2400
8267	5199
1397	5999
161	5599
390	5999
390	4400
161	4400
0	5999
0	4800
5165	1600
0	5199
0	4800
285	4800
482	5599
1218	4800
0	4400
0	7599
0	4800
390	4400
0	4800
161	4800
161	5999
161	5599
2778	3600
0	4800
780	5599
0	5199
161	5599
713	4800
161	5999
0	4400
161	5199
2196	5599
0	5999
4927	400
5165	0
5192	4000
1710	5599
161	4400
6925	4400
0	5599
0	5199
161	6399
390	5599
5165	1600
161	5599
4603	2800
4464	400
161	4400
1069	5999
0	4400
161	4400
0	6799
161	5199
903	3200
565	4800
1354	4800
390	5599
713	2000
0	4800
161	4400
482	5999
0	5999
482	5599
0	4800
565	4400
565	5999
161	4400
4870	4000
565	4800
780	5199
390	5199
390	5999
0	7199
390	7199
161	4400
5523	3200
0	5199
565	4400
390	5599
1016	5199
161	4800
0	4400
565	5599
285	4800
482	4400
0	5199
4256	3200
390	5199
5993	5199
390	5599
0	5599
390	5199
0	5199
482	5199
780	5999
0	5599
4369	400
0	4400
0	4400
161	5999
565	5599
161	5999
4385	1600
565	4800
161	4400
5206	400
0	5199
161	5599
565	4400
0	4800
4369	0
713	5599
161	5999
4841	3600
903	5599
390	5999
713	4800
5775	800
5041	0
4694	400
161	6399
0	4400
4289	4400
390	4800
161	5999
5206	800
0	5199
3528	400
0	4400
285	7599
780	5199
0	4800
161	5599
161	7599
161	4400
0	4800
161	4400
3097	2800
0	5199
390	5999
0	4800
161	5599
0	4400
0	4800
0	5999
713	4400
161	7599
5055	2800
161	4400
0	4400
0	4800
565	5199
903	4400
5340	4000
0	4800
0	5999
161	5199
0	5999
0	4400
0	5199
482	5599
0	4800
161	7599
565	4400
161	4400
482	4400
0	5199
285	5599
161	5199
903	5999
0	4400
0	6399
4709	2400
4557	1200
0	5199
1949	4400
0	4400
0	4800
0	7599
390	5599
2849	5999
903	5599
0	5199
285	6399
4305	4400
4633	0
390	4400
161	4400
1310	5999
4385	0
903	4800
4679	3600
0	4800
161	4400
0	7199
0	4800
161	7599
161	5199
0	7199
161	3600
390	5599
161	6799
285	5999
843	5999
161	5199
2987	2000
161	5599
161	4400
5192	4000
4679	0
0	5599
3309	800
0	4800
0	4800
285	5199
780	5599
2137	5999
0	5199
4694	1600
1746	5599
2554	4400
482	4400
161	4400
390	4800
0	5599
161	7599
4694	800
0	5199
0	5999
0	4800
0	4400
4694	0
903	4400
780	5599
161	4400
482	5599
4694	800
2107	5599
0	4400
161	4400
0	5599
285	6799
1016	4800
0	7599
0	4400
161	4400
5124	2800
4433	400
5138	0
0	4800
4511	3200
0	4400
4738	400
161	4400
0	4400
0	5599
3681	2400
482	5199
0	4400
3489	400
390	5199
1264	4400
565	5199
0	4800
4433	800
161	4800
285	4800
565	5999
0	4800
0	5999
390	5199
4694	1200
5206	4000
565	5599
161	5599
482	4400
161	5199
5274	3200
4694	4400
0	5599
161	5599
5909	3200
4433	0
713	5199
0	4800
161	4400
0	4400
482	4400
390	4400
285	5599
161	5599
0	4800
0	5599
843	5599
161	5199
0	5199
0	6799
390	4800
6530	3600
0	4800
5458	5199
161	4400
0	4400
285	6799
0	4400
0	4800
161	4800
161	6799
0	5199
0	4400
482	4400
0	5199
161	5599
1218	4400
161	4400
0	4800
3450	2800
482	5199
390	5199
161	4400
161	800
0	7599
482	5599
390	4400
0	4800
390	4400
903	5999
390	5199
4369	0
161	4400
161	5199
161	5999
4289	0
0	5599
161	4400
161	5599
161	4400
390	5599
6017	1200
161	5199
482	5199
482	5599
161	5599
4870	400
161	4800
0	4400
482	5199
4633	0
0	5199
0	6399
0	7599
0	5199
161	5199
0	5599
4385	400
161	5599
390	6399
161	5599
5041	2400
565	5999
390	4400
3470	1200
161	5199
285	5599
565	5599
161	4800
161	4800
390	1200
285	5599
161	4800
0	7599
0	5999
285	4800
161	5599
0	5199
0	4800
0	4400
0	4800
0	6799
0	5199
482	4400
565	4400
713	4400
161	6799
843	4800
161	4400
0	7599
843	5599
4970	3600
0	5599
0	5999
161	4800
565	5199
0	5599
4783	1600
161	5599
390	4400
0	4400
565	5599
0	5999
161	4800
390	5599
0	4400
390	7199
0	4000
0	7199
161	4400
0	4400
4738	3600
0	5999
161	5199
0	4400
482	5199
4927	400
285	4800
285	4400
5096	0
0	5999
0	7599
482	5999
0	4400
0	4800
161	7599
0	4400
0	4800
0	7199
0	4400
0	4800
482	7599
390	5599
0	6799
161	4400
4433	0
2394	2000
390	5599
390	5599
0	6399
161	4800
0	4800
4433	400
4870	0
0	7199
161	4800
5523	400
285	4400
4557	1200
5027	1200
3054	400
1439	5599
285	4400
161	5199
1354	800
390	4400
161	4400
482	5199
0	5999
390	4800
161	6399
161	5199
4856	4000
285	4800
161	7199
0	4400
285	4400
390	4800
843	5999
285	4000
161	7199
390	4400
0	4800
390	5199
161	4800
0	4400
0	5199
4694	0
390	6799
0	4800
0	6799
0	5599
161	5999
161	7599
780	5199
1016	5599
161	5199
390	4400
0	4400
161	4800
4694	0
5274	3200
5354	2800
161	5599
4679	3200
1069	5599
4495	4000
285	4800
0	4400
390	4400
482	7599
161	5199
482	4400
713	5599
0	5599
3934	2000
285	5199
482	4800
482	4800
0	4400
4603	2000
285	7599
161	5199
0	7199
161	4800
4557	0
5921	4400
4321	400
482	4800
5419	3200
482	5999
0	5199
0	5999
780	4400
0	5599
161	5599
0	5599
843	4400
1520	5999
4573	0
2367	0
161	7599
482	4800
0	4400
0	5199
390	4400
3643	400
1264	5999
780	5999
161	4800
390	6399
4709	0
0	4400
482	4800
5027	1200
0	6799
0	5199
2107	4400
2196	5599
4694	0
0	7199
161	4400
161	5999
390	2400
843	5599
161	4800
5969	4400
161	4800
161	5599
0	4400
0	4800
4783	4000
390	4400
843	4400
161	5599
161	4400
390	5999
0	5199
285	5599
161	5999
390	4400
4679	3600
903	4400
161	4800
713	4400
4305	4400
161	4800
0	4400
482	5999
1218	5599
5069	3200
0	4800
390	4800
285	5599
0	4800
161	5199
0	6799
4694	2000
161	5599
0	5199
390	4800
5860	3200
161	5599
161	4400
0	4400
161	4400
390	5199
843	7199
0	5199
285	5199
4573	0
390	4400
4870	0
4679	2400
2449	5599
0	5199
0	7199
390	5199
4783	4000
3141	2000
2339	5999
0	5999
161	4800
565	5199
4664	2000
482	5999
0	7599
161	7599
0	5199
161	5599
390	5199
482	5599
161	4400
0	6799
0	4400
161	4800
0	4400
161	5199
390	5199
161	5199
161	4400
0	5599
843	5999
482	5999
0	5199
565	5199
0	4400
161	4400
161	5199
713	5199
565	5599
0	4800
0	6799
1170	4800
3031	3200
390	5599
161	4800
1218	4800
285	1200
1710	5199
565	5999
5300	4000
285	5199
5069	3200
0	5599
161	5599
903	5199
285	4800
0	5999
161	5599
4448	1600
161	5199
6363	4000
565	4800
4433	5199
4603	800
161	6799
0	7199
0	5199
5124	4400
5055	3600
1636	5199
0	4400
482	7599
903	5199
4464	2000
0	4400
5206	4400
482	6799
161	5199
0	5599
482	4400
161	5199
0	4400
780	4400
161	5199
0	5599
161	4400
285	6799
6099	4000
0	5599
161	5999
780	4400
285	4400
0	5199
4709	400
0	5999
780	5199
4723	0
1016	5599
4542	0
482	5999
161	7199
4797	800
843	5199
390	5199
0	5999
2605	5599
161	5599
3987	400
0	4400
0	4800
0	5999
161	5599
0	4400
390	5599
0	5199
285	4400
843	5599
161	4400
1069	4400
565	5599
0	4800
0	4800
0	4800
1397	4800
161	5199
2367	5599
4870	0
0	4800
0	5599
0	4400
161	4400
161	4800
0	4400
0	4800
161	4800
482	4400
0	4400
713	7599
161	5999
0	4800
161	4400
161	5199
0	6799
161	4400
161	5199
161	5999
0	4400
285	5599
161	4800
0	4800
0	5599
390	4800
1598	4400
0	4400
903	5999
482	4400
0	5599
161	5599
4321	3200
0	7599
161	6799
2226	5599
482	4400
161	4400
843	4400
565	4400
0	5999
4694	400
0	5199
0	4400
0	7199
7890	3200
565	4800
161	5599
1218	4400
780	4400
3899	4800
0	5599
285	5599
161	3200
5041	1200
0	6399
780	5999
0	4800
482	4800
0	4400
0	5599
3329	0
0	4800
161	5999
713	5199
4694	2400
161	5599
161	5599
4694	800
0	4800
0	4400
4573	400
161	4400
161	7599
0	4400
0	6399
4618	0
161	4400
4369	400
1949	0
565	4400
4495	0
390	5199
2339	5999
390	5199
482	5199
565	5999
0	6399
0	5199
482	5199
0	7599
482	4800
565	5599
482	4400
161	4800
161	6399
4826	0
5725	3200
390	4800
161	4400
285	7599
161	5599
0	5999
4448	400
161	7199
713	4800
161	4800
161	5199
0	4400
0	4800
285	5599
565	4400
0	7599
0	4800
565	5599
0	5599
4694	1600
161	4800
0	5199
4603	400
161	5599
0	5199
0	5599
285	5199
390	3200
482	5599
4738	4400
0	5999
161	6399
390	4400
565	4800
4633	1600
285	4800
482	6799
1016	5599
5151	2400
390	5199
5179	400
1710	5599
4495	1200
482	4400
0	4800
285	5599
285	4800
161	4400
482	4400
390	4400
0	4800
4694	1600
0	4400
5274	1600
1016	5599
0	5199
0	5999
4738	1600
390	5199
565	5599
1710	4800
161	4800
4448	3200
565	4400
0	5999
482	4400
161	4400
161	3200
0	5199
0	4400
161	4800
0	4800
5354	1600
0	5199
565	4800
713	5599
390	4400
5367	3600
0	4400
5713	4000
482	4400
0	4800
285	5199
0	4800
482	4400
482	4800
161	4400
161	4800
285	5999
285	4800
390	4400
565	2400
2226	5999
161	4400
390	5999
482	5599
0	7199
0	5599
390	4400
0	5599
780	4400
161	4800
161	6799
0	6399
161	4800
0	4800
161	6399
0	5599
6925	7599
161	5199
482	5199
3390	800
1439	4400
0	6399
565	5999
161	7599
161	5199
161	4400
4321	0
0	7599
161	4400
0	4400
0	7599
0	4800
4913	800
4174	0
1598	5999
161	5599
0	5599
285	6399
0	4800
285	4400
4753	2400
161	5199
2339	4800
482	4800
161	4800
161	5199
0	4800
0	4400
161	4400
2014	3600
3917	4400
5151	400
5082	800
0	7599
161	5599
390	5199
565	5199
390	5599
780	4800
0	5999
780	5599
0	4800
161	4400
0	5199
0	5199
285	5599
0	4400
4157	1600
565	5599
482	5199
1520	5599
161	6399
2528	800
0	4400
0	7599
0	7199
0	7599
5471	400
565	4400
390	5599
565	5999
285	4800
780	5599
161	4400
4305	3600
161	4800
390	4800
4633	400
0	5599
1069	3600
482	5999
482	4800
482	5999
0	5199
4694	2800
482	7599
0	4400
482	5599
161	4400
2987	3600
4557	0
0	4400
1520	5599
0	4400
0	5199
161	4800
1354	5599
161	5599
482	5199
2107	1600
285	5999
161	4400
1218	5599
0	4400
161	5199
0	4400
390	5599
0	6399
0	4400
0	5999
0	4800
161	6399
4694	0
903	5599
161	5199
161	5999
482	4400
161	5999
285	5199
565	5599
1069	5999
4433	3600
161	4800
0	4400
780	4800
161	5599
2449	4000
5138	1600
390	6799
285	4400
161	4400
8449	3600
161	4800
161	5199
4495	800
0	4400
161	4800
0	4400
5497	0
285	5599
6064	2000
390	4400
4970	800
6134	1600
0	5199
482	7599
161	5599
482	4800
0	5199
0	4800
4927	4000
482	6399
390	5199
4753	400
161	5999
1069	5599
482	4800
0	4400
482	6799
713	5999
4190	0
4679	2000
390	4400
390	5599
390	4400
482	4800
0	5599
0	4400
0	7199
0	4800
0	4800
4618	0
4870	3600
161	4400
0	4400
390	5199
4826	2400
161	6799
6820	4800
161	5199
161	5599
285	4800
161	7599
390	4400
390	4400
0	4400
843	3600
161	4400
713	5199
482	4800
0	5599
565	5199
4495	400
4557	0
482	4400
2254	4000
0	5599
565	5599
0	4400
1636	5199
903	4400
0	4800
161	4800
161	7599
0	4400
285	5599
0	4400
565	5599
0	7599
161	7599
161	4400
4542	2000
0	5599
161	4800
482	4400
1069	5999
390	4400
390	7599
0	4400
390	4400
6192	4400
161	4400
482	4800
0	4800
161	4400
161	4800
4753	1200
482	5199
161	4800
565	6799
4369	2800
565	5199
4573	400
161	5199
4797	0
390	5599
482	4400
161	5599
161	4400
390	4800
780	4800
4913	4000
4694	4000
0	5599
285	4800
0	4400
0	5599
0	4800
780	5599
565	4800
0	4800
0	4800
0	4400
5082	400
0	5599
4603	2400
4511	400
161	4400
482	6399
0	5599
0	5999
4694	0
285	7599
0	4800
903	5599
0	4800
482	5599
285	5999
390	4800
482	5199
0	5199
4337	400
390	4400
0	6799
161	5599
161	4400
482	4800
4679	2400
0	6399
161	4800
4970	0
4305	0
390	5999
161	5999
4797	1600
161	5199
0	5199
0	5599
2475	5999
390	5999
2254	5999
0	5599
161	4800
713	5599
390	4800
1016	4400
482	5599
0	7599
161	4800
0	7199
390	2800
0	4800
903	4800
5406	2000
161	7599
4305	0
161	4800
780	4400
482	5599
1636	4800
482	4800
5484	400
161	5599
161	4400
713	4800
0	4800
565	5199
780	5599
0	4400
161	4800
161	5599
482	5199
161	4800
0	5199
0	5199
161	4400
565	4800
482	4800
161	4800
161	4800
285	5599
0	4400
0	6399
161	4800
482	5199
0	4400
0	4400
0	5199
161	4800
482	5599
285	4400
482	4800
161	4800
565	4800
5206	2400
161	4400
161	4400
0	5199
390	6799
161	5599
0	4400
161	5199
0	5599
390	4400
0	4400
285	5199
1397	5599
482	5199
161	4800
4856	3200
0	7199
161	5599
2394	5999
161	5599
482	4400
4694	1600
0	4800
1310	5999
0	4800
7349	3200
6419	3600
161	4400
482	5599
161	4400
0	7599
0	5999
482	5999
780	5199
4679	400
285	5599
7918	7199
161	5599
0	5599
161	4800
843	4400
285	4800
565	4400
