6741	27
7541	27
7683	27
7740	27
4300	14
7101	25
7367	25
8594	30
9121	35
7463	28
8440	29
6492	19
7724	27
7302	24
7978	29
7105	24
6629	22
7982	28
7606	26
7082	23
8151	30
6794	24
6088	20
7956	28
7688	28
7744	29
7528	25
7938	29
6413	21
6537	21
7988	29
7740	27
7267	24
7595	27
7558	27
5938	20
7710	27
7713	27
6943	24
8687	31
6981	22
8640	27
8012	30
7694	29
7222	24
6333	17
7370	22
7306	24
8411	29
8388	28
5773	21
8379	29
8355	31
8316	27
7221	27
7575	25
8081	28
7631	29
6537	23
7695	27
7537	25
7223	23
6523	19
8275	30
7892	30
7814	27
7567	25
7893	27
8353	32
3801	12
7915	29
8413	30
7781	29
7914	29
8047	26
7360	26
7122	27
8519	33
3496	9
7430	25
8054	27
6903	23
7612	26
7772	29
3331	10
7129	27
5927	19
7476	27
8072	27
7369	29
5780	19
7927	27
6498	25
8230	30
6397	20
8084	28
7853	28
6459	18
8679	33
5215	15
8026	26
5775	19
6618	21
6351	20
7941	28
8344	31
7873	25
7751	29
8375	28
7717	28
7528	25
8104	31
7685	25
7977	27
7433	25
7361	26
7599	27
7930	27
7425	30
5766	18
7993	29
7828	27
7487	29
8673	31
7704	29
7397	28
8053	26
8181	29
4804	15
8194	31
7629	25
8004	26
7775	29
8811	32
8238	30
7886	29
7291	27
5184	15
8134	29
7963	28
8257	29
8876	32
5773	23
7956	27
7677	28
7233	24
6873	23
8346	30
6448	26
7275	25
8261	29
8292	30
5292	18
7854	29
6374	21
8145	28
5698	16
6482	24
8812	32
8320	27
6298	19
8010	30
4370	10
7593	25
5240	14
6059	18
7933	28
7923	28
7117	24
7886	27
7918	31
7729	27
8071	29
8457	31
7510	27
4088	11
8096	31
8069	26
7244	24
8286	27
7619	28
7960	26
8788	33
6457	23
7503	26
8368	31
8758	31
8254	29
5083	15
8078	30
6747	24
8025	28
8272	27
7804	26
7789	29
7822	27
7909	28
5857	18
7209	28
8015	30
7268	26
7926	28
7514	29
8102	28
8370	29
5891	23
7630	26
7985	28
7837	27
8165	29
7694	28
7256	24
7519	27
4741	14
8153	31
6837	28
8561	32
7762	26
8298	29
7023	24
6559	22
7046	28
6895	26
8256	30
7686	27
9219	33
7852	25
7854	29
7407	27
8156	27
8264	31
7463	25
7618	25
8278	28
8063	27
6897	27
6836	24
7700	27
3641	14
7280	24
7646	26
8132	26
8022	28
8087	26
7894	29
5791	19
7191	21
8698	30
8311	27
8219	26
8183	29
4398	11
7942	26
7919	27
7996	28
7402	25
8352	28
8229	28
7619	26
6951	25
7946	27
7923	28
7124	26
7395	26
7932	27
7589	28
8351	28
8083	27
6307	25
8549	30
3719	10
7030	30
7158	22
8237	31
8814	34
4509	12
8417	29
7056	24
7778	27
7381	27
8368	29
7019	28
5541	22
5210	16
7550	28
7501	22
7061	26
7146	28
6643	21
7451	26
7549	25
7881	26
7655	26
8163	29
8604	30
8005	29
7916	25
7632	27
5500	13
8154	28
7816	27
7908	27
7818	25
8521	30
8025	29
7455	25
8096	30
8121	30
7987	30
8231	28
6889	25
7710	27
6505	23
6100	24
7864	27
8915	33
8750	32
7036	25
7824	30
8263	29
7864	29
4938	16
8160	26
8022	26
7194	23
7268	27
7560	26
4119	9
7686	26
8789	31
6573	21
8182	29
7653	27
8031	28
7713	24
8097	28
7580	25
7168	27
8098	30
7714	27
7246	28
8091	31
7486	27
8268	28
8612	34
6869	24
7495	27
8234	28
9061	33
7132	26
7053	23
8333	30
7293	24
7015	21
8099	26
7903	26
8062	28
8163	28
7509	25
7488	25
6305	20
7836	29
5659	21
8056	27
8573	29
8931	34
7852	30
7396	26
7314	26
7494	28
7592	29
8367	29
7483	23
8044	29
5100	19
8493	32
8041	29
6721	21
7938	27
4566	13
6375	27
7356	27
8455	29
7064	25
4942	12
8046	28
7508	26
7720	28
7258	24
4546	13
8195	29
7571	26
8811	31
7668	27
6869	24
6819	22
7499	27
7765	25
7793	27
7433	27
6462	19
7525	27
7434	28
7276	25
6729	26
7376	28
7884	29
7642	25
7790	28
7636	25
7309	28
8473	30
8129	28
7979	32
8029	29
7629	30
7677	26
8121	28
7153	22
7032	21
6625	21
8694	29
3805	12
7630	26
8305	28
7809	25
5854	18
8226	28
7157	23
7563	25
6769	23
4078	10
8106	28
7174	28
6900	24
8662	33
6061	24
6818	23
8267	29
8125	28
7112	26
7332	24
7705	27
9097	31
7966	28
8674	31
7782	28
8620	28
8180	27
7834	28
7573	27
7680	26
6604	20
7577	29
7804	28
8826	31
5998	17
8405	30
8307	30
8187	29
7792	28
5490	18
7557	25
7583	24
8111	29
7856	31
6873	22
7735	27
8283	29
8316	30
5567	20
7448	25
7258	24
8074	27
8558	31
6894	23
7827	28
7283	23
6370	21
5945	23
7313	25
8397	29
7618	29
4539	15
6245	22
7610	27
7315	25
7903	29
8034	27
7600	29
4469	11
7926	30
7303	25
7964	27
7679	30
4751	12
7289	27
4411	14
8535	31
6671	27
6554	25
8284	28
6894	24
6433	20
6826	21
4434	13
8105	29
7958	28
8185	29
6050	20
6713	25
8510	28
7825	29
7039	24
6483	20
8045	28
8142	28
6610	24
4032	12
8021	29
5129	19
8185	29
8066	26
7588	24
5365	17
6172	18
8181	28
6255	24
8127	29
6306	20
7422	25
8502	31
7722	26
7737	27
8181	28
8023	28
8224	28
7764	25
7025	28
8568	31
8050	28
8200	27
8063	29
8431	30
8113	28
8596	31
7911	27
7081	25
8563	29
8379	31
7748	29
8140	28
7506	24
9100	32
8061	26
7667	25
7983	27
8057	29
5101	13
7125	23
7720	26
7885	27
7995	29
6082	19
8422	29
7093	25
7724	28
8017	27
7849	27
8291	31
7495	26
6650	20
7575	24
8546	30
7059	24
7150	23
8698	30
7452	27
7591	26
7973	28
6150	18
7678	26
7774	25
7484	25
8189	26
7897	25
7435	27
7366	25
8612	27
7642	28
4416	12
7468	25
8324	29
7569	27
7771	28
7825	26
6811	27
6996	24
7505	28
8321	28
5257	13
8314	27
6951	22
7458	24
7465	25
8447	30
7580	26
6935	21
6611	26
8000	29
7629	26
7458	26
7022	24
6381	21
7603	24
7979	29
8237	28
7701	27
7614	26
8482	31
6670	22
7207	33
7894	26
6456	23
7763	27
7375	27
8316	29
7738	26
7326	28
7492	27
7132	30
7357	24
7799	27
7814	27
6730	25
8145	30
8164	32
8282	32
7908	28
7482	30
6426	18
7881	27
8660	32
7829	28
7350	28
6076	19
8393	28
7270	26
8265	31
7656	26
6616	26
7037	23
7859	28
7718	27
4185	14
7835	28
7667	27
5544	18
7863	26
7383	27
8031	27
7525	24
7903	28
7009	27
5847	19
8288	30
4463	10
7341	25
8371	29
8278	31
8061	29
6849	21
6871	26
7392	24
6742	24
7835	26
6917	23
7962	27
8366	29
7809	30
7417	24
7332	25
5601	21
7640	32
7463	23
5234	17
7240	20
7878	26
8511	28
8304	30
7743	27
7794	25
7707	27
6915	26
7206	24
7706	28
7653	27
7531	26
7970	29
7900	27
6245	22
5943	16
7093	28
7961	28
8192	32
7504	25
8385	28
7802	28
7445	27
6151	18
8425	29
7755	27
5739	21
6384	20
8001	28
8225	29
7447	29
8681	29
8339	28
8524	30
5447	20
6590	26
6445	25
7250	26
8065	28
8023	27
6324	20
7678	27
7529	25
8017	31
8116	29
6960	23
7371	26
7785	28
5967	19
5349	15
5956	22
8357	31
7328	23
6429	24
6305	19
8238	28
7564	26
7948	27
7542	24
7917	27
8254	29
5419	14
6714	22
5313	17
7247	23
8540	30
7708	25
7587	28
8115	28
7540	26
7492	28
7659	27
6199	18
7179	23
7473	23
7317	24
8041	28
7768	26
7687	24
8453	29
4975	12
7530	28
8156	28
7643	28
8147	28
7399	29
7650	27
7699	28
6865	27
7222	23
7668	28
7978	30
6843	25
8610	29
7762	26
8055	28
7585	25
7556	27
8019	29
7042	25
7574	27
8453	29
8112	29
8689	29
7485	24
7804	27
7436	25
8220	30
7974	28
6454	18
8063	30
5515	16
5700	22
7828	27
7232	23
8591	28
7885	27
8756	30
8047	26
6188	18
8090	28
7618	28
7140	28
7449	23
7751	26
7838	29
8547	28
5684	18
7162	23
8164	25
3654	13
8141	29
7943	28
7745	28
5755	17
8255	30
8251	27
7090	23
8382	28
6537	22
8608	31
7875	26
8503	28
3138	11
7791	26
7288	28
6783	23
7749	30
8368	26
7320	26
6978	25
4465	13
8604	30
7544	24
7817	27
7696	28
8790	30
6255	26
7982	31
8461	30
8663	30
8264	29
7058	23
4872	18
8060	28
8544	31
8391	28
7332	25
6939	26
7906	29
8101	28
9174	33
7581	30
8069	27
7631	26
8318	29
7126	27
6971	27
7531	27
7611	28
7224	24
8154	27
8006	29
7873	27
6523	24
7239	24
8286	29
7423	28
8408	28
8200	29
7668	28
7856	29
7875	31
6780	23
8237	32
8961	32
7731	26
7655	26
7753	27
8101	26
7017	26
8696	31
7843	25
8382	29
8095	27
7392	24
7631	26
6090	15
8361	29
6468	19
5584	18
7487	27
7608	26
7745	27
7419	27
7522	24
8087	28
8299	30
8057	27
7855	26
7348	27
6839	22
7913	26
7808	28
7344	24
6638	22
6211	21
7764	27
7240	25
6455	20
8110	27
5790	21
8351	29
8407	29
8332	29
7458	26
7436	27
8378	30
8290	29
7787	28
8562	30
0	1
6643	24
7600	28
8301	29
6973	27
8438	31
7969	28
7533	26
4485	11
7489	29
8473	28
8401	29
7885	27
7724	28
8477	30
7100	25
8057	30
8289	33
8061	27
8179	30
7224	24
8092	31
7719	28
7989	27
8042	31
9999	31
8035	30
7767	26
7627	26
7946	27
8393	31
4472	15
8039	26
7835	29
6341	21
7742	28
4824	15
7988	29
7634	27
7345	27
7741	28
6888	23
8185	25
9037	33
7956	27
8242	31
7657	29
6776	25
7868	26
7402	25
8240	28
8183	28
8095	30
6724	19
8319	30
8822	32
5394	15
6190	20
7908	26
6452	28
7866	24
3805	15
7832	28
5458	13
7610	26
4973	16
7051	24
7877	27
7000	24
7952	27
8047	28
8420	30
7041	24
6917	25
7913	28
6017	17
7575	26
8138	26
5259	18
8376	30
3889	13
8265	27
7923	30
7913	26
8229	28
7562	25
7002	23
8571	30
7677	26
7653	28
6749	29
6477	26
5445	17
7008	22
8546	29
9239	34
7572	25
7592	25
5727	18
6029	24
6278	25
3838	11
7867	26
6803	27
6961	29
7872	27
7376	27
5888	19
7741	26
6464	26
7019	26
6098	20
7637	28
7860	27
8229	29
6521	21
7195	24
8464	29
7191	22
7272	24
8491	31
6998	24
7724	27
4978	16
7819	27
8146	27
7604	23
7168	26
6573	21
8437	31
7612	27
8107	29
8181	28
8058	26
8470	30
8611	29
7915	28
7461	26
7706	28
8307	29
8134	31
8550	32
7236	23
7872	28
6491	18
8020	27
8187	29
8563	30
7691	25
7232	24
7921	28
8597	30
6836	25
7950	28
6603	28
7374	28
6729	24
7739	29
5278	16
7755	26
8211	29
7482	25
8679	32
7663	26
7428	26
7520	27
8173	29
8017	28
9078	31
7558	26
8114	28
8358	27
7958	26
7651	28
7865	26
5788	19
8261	28
8126	28
8082	27
8151	27
7992	26
7975	28
7521	23
7193	22
7320	25
8038	29
8595	30
8206	28
6296	28
7103	23
7458	26
7927	28
7404	27
7858	30
7873	31
7342	26
5479	16
7264	25
7504	26
7876	31
6712	20
8126	29
8426	27
5392	19
7357	24
4166	12
7326	24
8611	33
7009	25
8270	27
7119	22
8076	29
8135	28
8247	30
8183	28
8774	32
7545	28
6713	22
7708	29
7924	28
7959	27
8085	29
7168	22
8669	29
3958	8
7684	30
7741	27
7459	27
7530	27
7830	29
6303	25
7866	30
8422	29
8342	30
7942	25
7989	29
7920	25
8160	29
7042	24
8356	29
6690	19
8634	32
7869	27
7123	24
8619	30
7954	26
6609	21
7463	25
7505	26
7576	31
6507	24
7575	27
8125	29
7855	29
8256	28
6526	22
7963	25
8284	30
7683	29
6538	21
8382	30
6867	26
7802	29
8217	30
6978	25
7483	27
7906	27
7112	24
7208	25
8514	29
7622	28
8624	29
8496	30
7486	26
6801	20
7177	25
7534	23
7277	26
5671	24
7205	25
8241	28
8069	30
8076	28
8220	28
7954	28
7106	23
7445	26
7664	25
8347	29
7620	28
7073	26
6139	23
7910	27
6628	21
8336	30
7638	29
8073	28
8291	31
7532	26
6924	26
8135	29
7229	26
7441	23
7655	26
8344	29
8615	31
7513	25
7910	30
7707	28
6090	18
5849	19
7047	25
8243	28
7555	23
4054	14
6879	24
7572	26
6041	19
7575	27
8279	28
7858	26
8906	31
5463	14
8284	29
7410	27
7744	25
7890	26
5544	18
8445	31
7407	27
6410	16
7773	27
7914	28
4682	11
8821	33
8569	30
8069	28
7872	31
8098	31
8507	31
6306	19
7356	26
7850	28
7174	25
8423	31
8792	32
8677	31
8007	28
7398	26
8118	28
6334	22
7592	28
8168	28
8416	29
8638	30
5386	15
7838	25
8080	29
5969	18
7626	31
7823	27
8546	30
6146	26
8273	30
7330	25
7480	25
8823	33
8636	29
7246	25
7692	29
7979	27
7880	27
8379	31
8880	33
7612	27
8459	29
5149	15
8427	28
4883	12
8411	30
7881	32
7806	26
6610	21
7033	23
7634	30
7800	27
6648	24
7989	28
5998	21
8116	28
7637	25
8244	29
7929	26
8196	29
8623	31
8475	26
8317	30
8084	27
7747	26
8370	30
5543	19
7598	25
6874	25
7687	27
7720	25
8107	27
7520	25
7612	27
8400	29
7274	24
6273	20
7560	24
5254	18
7876	29
8434	29
6111	20
7700	24
7713	24
7307	25
8549	30
7948	28
7846	28
8071	29
7642	26
4426	13
3723	12
7626	29
8222	27
7032	24
5676	15
7533	26
8276	30
7901	28
7075	26
8294	30
8609	32
7022	23
6362	22
7843	26
4730	17
7368	25
6266	18
5828	20
7374	24
8682	30
8253	29
7545	26
7500	25
7754	26
7243	21
7319	23
7001	25
6000	16
8165	27
8441	31
7891	28
5416	17
6852	24
4982	14
7874	28
7165	26
7717	28
8960	33
8701	30
7898	27
8038	28
7223	27
7586	27
8070	29
8140	27
7170	24
7573	26
7286	25
7991	28
7451	26
7594	25
6293	22
7952	28
7692	26
7857	28
8358	28
5071	14
7670	26
5354	20
7406	26
7383	23
8490	29
6891	20
8088	28
8893	33
1200	6
8011	26
8117	29
7253	27
4883	18
7967	28
8444	29
8416	29
7686	27
8876	30
8295	28
7426	25
8212	27
8528	28
7930	29
7046	28
7594	26
8459	31
6863	24
6851	21
8152	28
7162	24
7202	24
7734	27
6411	23
7466	25
7790	29
7984	26
4019	13
7025	30
7936	28
7455	25
7831	29
7735	27
7882	27
6412	19
7985	27
7770	28
7781	27
5636	19
7513	30
7735	28
7605	28
7522	26
7643	28
6697	22
3880	12
7693	25
7277	32
7898	27
6736	19
7877	30
7795	28
7504	25
6989	25
8214	28
7916	27
8616	29
8146	30
7712	26
7769	26
7362	25
8448	32
7675	27
7199	26
7748	27
6644	23
7785	25
7224	26
8092	29
8097	31
8310	29
7446	25
7535	26
7704	28
7038	26
8760	30
8935	34
7621	27
8005	27
7536	29
8477	32
7272	25
8259	29
8528	29
7205	23
7744	27
5064	16
8003	27
8083	28
8069	28
6757	22
5525	18
7665	26
7673	26
7611	24
7571	26
7749	26
5667	15
6226	25
5980	19
6804	25
8001	27
7810	27
7911	28
7846	28
6827	22
7656	26
4610	14
6169	23
8737	30
7847	27
7972	27
7763	27
7407	25
7973	26
7475	25
7952	26
7052	25
7796	26
7330	24
6067	18
7466	26
6781	26
8387	30
8021	29
8790	32
8510	31
4973	15
8458	29
7953	30
7584	26
8143	27
8367	34
6882	27
5395	21
8066	26
8083	27
7961	26
8022	30
7162	25
7626	25
8121	27
7609	26
5852	17
7381	28
7449	25
4382	10
8442	30
7506	26
7616	28
6842	22
8134	28
8772	30
8295	30
7279	27
8286	28
7606	29
6947	23
7426	21
7940	27
6836	26
6128	26
6954	25
7963	29
8119	31
7717	29
5998	16
7057	24
6909	23
8477	28
7714	28
7976	29
7828	27
5855	19
6073	20
4951	12
6415	21
8241	30
7047	24
7430	27
8401	30
8374	31
8063	28
4612	9
7913	27
5554	18
8719	31
7768	28
7199	25
7775	27
8042	30
4642	15
5048	16
4175	12
7840	27
7998	28
7904	32
8076	29
8234	30
7978	27
7935	28
7785	28
8844	31
6910	27
7937	29
7835	26
6553	19
7541	25
8056	28
8011	27
8030	28
6246	17
8537	32
8234	28
8310	30
7990	26
8574	30
7609	27
8334	29
8092	26
7483	28
7984	29
7783	26
7850	27
8566	29
7760	28
7970	27
7442	25
7996	27
7879	28
6103	23
7179	26
7157	27
5023	13
7600	30
8406	29
7176	25
4567	15
7908	27
7022	27
7557	26
7832	28
7387	28
7539	28
7007	24
6941	22
5925	19
7501	27
7751	25
8059	26
7788	29
5783	19
8011	28
7537	28
8048	28
8095	28
8868	34
5744	19
7922	27
7491	28
7074	26
7457	23
8259	28
8156	28
7222	24
7783	31
7952	28
7139	24
6978	25
7798	27
7050	27
6636	24
5575	16
7447	28
7949	28
