200	1
16	2
0	2
0	1
0	4
0	2
0	4
0	2
0	7
0	2
0	8
27	2
0	2
0	1
0	2
0	1
0	2
0	2
0	5
662	2
44	1
0	2
29	6
0	6
0	2
7	2
0	1
0	2
0	2
0	1
0	7
0	2
0	2
0	2
122	2
0	2
6	7
0	2
0	2
0	5
0	6
16	2
134	2
0	2
0	7
0	2
153	1
0	2
5	2
0	2
17	2
0	2
0	2
0	2
0	6
0	2
20	2
0	2
0	1
0	2
13	2
13	6
212	6
0	2
61	2
0	2
0	2
0	2
0	2
0	2
0	2
50	2
0	5
0	2
0	2
18	1
0	2
0	2
0	2
0	2
0	2
0	7
0	2
0	2
10	2
1110	2
0	2
0	4
0	2
69	2
0	4
0	2
0	2
0	1
0	2
0	2
0	2
0	2
0	2
0	8
0	2
0	1
0	2
0	2
0	2
0	6
19	2
0	2
10	2
0	1
600	2
0	2
0	2
67	2
0	2
0	7
789	6
0	2
0	2
0	2
0	2
0	2
0	6
7	5
0	6
0	5
0	2
0	2
0	2
0	5
0	2
0	2
0	6
38	7
408	2
49	2
0	2
0	2
0	1
6	2
0	2
0	2
0	1
0	1
0	2
25	1
13	5
0	2
39	5
0	6
0	4
0	8
0	2
0	5
0	6
0	2
0	8
0	7
0	5
0	2
0	2
0	8
3	7
1221	2
0	2
6	1
0	2
0	2
0	2
0	2
0	2
33	2
0	7
0	2
0	1
0	2
0	2
0	2
77	2
0	2
0	2
126	1
0	2
0	2
0	2
6	2
0	2
0	7
112	2
0	2
0	2
0	1
0	8
0	2
0	4
0	2
0	1
0	2
0	7
3	2
9	6
0	2
0	2
0	2
1	5
0	2
0	2
0	2
0	2
0	2
0	5
0	2
0	2
2	2
12	1
0	2
0	2
0	6
15	2
0	2
0	6
0	2
0	2
0	2
0	2
0	7
0	2
11	6
0	2
0	4
0	2
0	2
0	2
0	2
62	2
0	2
0	2
0	7
0	2
0	2
0	6
0	2
13	2
16	4
5	2
0	7
0	2
138	4
0	2
0	1
0	2
0	2
7	5
52	1
0	7
0	5
0	6
0	2
0	2
7	2
10	1
0	2
350	2
0	2
71	2
0	2
0	2
190	2
0	2
0	2
0	5
0	2
0	2
0	2
0	7
0	2
2	2
0	2
0	2
6	1
0	2
0	2
0	2
150	2
0	2
33	5
813	2
0	2
27	2
0	2
209	6
19	2
1	2
0	2
0	2
0	2
30	1
0	2
0	2
0	6
0	1
0	2
0	2
0	2
0	2
0	1
0	2
0	1
0	7
0	5
147	2
0	5
0	2
151	2
0	2
0	4
0	2
16	2
0	2
0	2
0	5
0	2
0	2
0	2
0	2
0	6
0	2
6	7
0	2
6	2
25	2
0	1
0	2
0	2
41	2
0	2
7	4
0	1
0	2
35	2
0	2
0	2
0	2
0	8
1	6
952	1
0	2
0	5
1	2
0	2
0	2
0	5
0	2
0	2
0	8
0	2
0	2
0	2
0	2
2	2
0	4
0	4
0	2
0	2
0	1
0	2
0	6
0	2
0	2
0	2
0	2
0	2
0	2
0	1
0	2
0	8
100	2
19	2
0	2
3	2
30	2
0	5
0	2
0	5
27	2
0	6
315	2
0	6
8	4
35	2
0	1
37	2
0	2
0	2
0	2
0	2
0	6
0	2
33	2
0	2
0	2
0	2
495	2
0	2
657	6
0	2
0	2
9	7
0	1
0	2
0	2
2	2
0	2
0	2
0	2
0	2
0	1
352	2
87	6
0	2
0	2
387	2
1582	2
0	2
0	2
0	2
0	2
155	2
0	2
0	2
0	7
0	4
0	2
0	2
0	2
0	2
4	8
4943	2
59	2
0	2
0	2
0	8
68	7
0	2
0	1
0	2
0	2
197	2
0	2
0	1
0	2
0	2
0	6
1	7
0	2
0	2
0	2
0	2
216	2
0	2
0	4
0	2
59	7
0	2
0	2
19	2
0	2
0	6
0	2
346	2
0	2
0	2
17	2
0	2
0	2
0	7
0	2
0	2
0	2
25	2
0	2
0	2
13	2
5	1
0	2
0	2
0	4
0	4
0	2
9	2
0	4
0	2
0	2
322	2
0	2
0	2
0	2
0	7
27	1
0	2
0	2
0	2
16	2
0	2
0	2
0	2
0	2
0	1
0	1
0	1
0	2
31	2
0	2
204	4
0	2
0	2
0	4
0	2
0	8
0	2
0	2
0	1
0	2
61	2
0	2
0	1
0	2
734	2
7	6
111	6
0	2
7	2
0	7
0	2
0	7
119	2
0	8
0	2
11	2
0	2
0	2
0	2
0	2
437	2
0	2
0	2
317	2
0	2
0	2
0	2
0	2
0	8
0	2
0	2
0	1
0	2
0	2
19	2
17	7
0	1
0	2
0	2
0	6
0	2
1	6
0	2
146	2
0	2
0	2
0	2
0	2
0	2
0	2
0	7
0	1
0	2
0	2
107	2
0	2
0	2
0	8
0	2
0	2
3	2
0	2
0	2
0	2
0	2
0	2
0	2
0	6
0	2
0	2
12	7
0	2
0	2
0	5
258	2
0	2
0	2
0	2
0	2
3	6
0	8
0	2
0	6
0	2
0	2
0	8
0	2
0	1
0	7
0	2
0	1
119	2
0	8
0	4
0	2
0	2
0	2
0	2
0	6
170	1
0	4
172	2
0	2
7	4
0	2
150	2
3	2
0	5
841	2
0	6
0	2
0	2
0	2
0	2
0	2
2	2
0	2
0	2
35	2
0	2
0	5
8	2
0	2
0	2
0	2
0	2
0	2
0	2
0	6
304	7
0	2
382	6
0	2
0	2
0	1
0	7
0	2
0	5
138	2
0	2
0	1
0	1
0	2
0	2
5	2
0	2
0	7
0	2
0	8
0	2
0	2
27	2
0	2
0	6
0	2
0	2
0	4
0	1
0	2
0	2
0	1
96	7
0	2
79	2
104	4
0	7
0	7
180	7
0	6
0	2
0	2
0	2
0	2
0	2
0	7
0	2
391	1
130	8
0	2
16	5
0	2
0	2
0	2
0	2
0	2
0	2
0	2
7	5
65	2
69	2
26	2
0	1
0	2
0	2
0	2
0	8
0	2
0	2
0	4
0	2
0	2
0	2
0	2
122	2
0	1
0	7
0	2
5	2
0	2
0	2
0	7
0	2
0	2
5	2
0	8
0	2
0	2
0	2
0	2
0	2
0	2
0	2
0	7
21	8
0	6
0	1
0	2
0	1
0	2
0	7
0	2
67	2
0	2
0	2
0	7
6	2
642	5
0	2
0	2
0	2
0	2
94	6
0	2
0	2
0	2
1	2
0	2
0	2
0	2
0	1
0	2
0	6
0	7
0	2
0	2
0	2
0	2
0	2
0	2
114	7
0	2
0	6
0	2
69	2
0	2
0	6
0	2
0	2
28	7
0	4
0	2
0	2
0	2
0	2
0	2
0	2
0	4
0	2
9	1
0	2
0	2
0	2
0	2
0	2
0	6
677	1
0	2
0	2
0	1
0	2
0	2
0	1
0	5
0	2
0	1
23	2
0	2
0	2
4	2
0	2
0	4
0	1
0	2
0	2
30	1
0	2
756	2
0	2
0	2
0	2
0	2
0	2
0	2
0	7
0	2
3214	2
0	2
7	2
0	2
0	2
0	2
0	2
69	2
0	2
0	2
0	2
0	1
0	2
0	2
0	2
362	2
0	2
0	2
0	4
0	5
9	1
5	2
0	4
0	2
0	2
0	2
0	2
52	2
84	2
0	2
0	2
3441	2
260	6
0	2
0	7
93	2
0	7
0	2
0	2
0	2
0	2
66	2
0	2
89	2
0	8
0	1
10	8
3	1
0	7
0	2
0	2
0	8
0	2
0	1
219	1
0	2
0	2
210	2
0	2
0	2
325	2
0	2
0	2
0	2
0	2
0	2
0	1
0	6
0	6
0	2
0	1
0	2
0	8
0	2
1	2
0	2
0	2
48	1
0	7
0	2
0	2
225	7
0	6
0	2
0	1
0	2
0	5
0	1
0	2
0	2
0	7
0	1
0	2
0	2
34	6
18	6
0	2
0	2
896	2
0	2
1548	2
0	2
80	2
0	2
0	2
0	2
0	2
0	6
0	2
0	8
0	4
0	7
0	1
0	7
51	7
0	2
0	6
25	7
4	6
11	2
7	2
1044	2
0	6
0	6
0	2
0	2
4	2
0	2
0	2
0	2
0	2
0	2
15	2
0	7
0	7
0	5
0	2
0	2
0	2
3	6
0	7
0	2
0	2
0	2
0	1
0	1
0	2
160	6
0	7
24	2
0	2
2028	2
26	2
0	7
0	2
0	4
0	2
1	2
154	2
0	2
101	5
172	2
0	2
0	2
0	2
51	5
1	2
0	2
0	2
609	2
0	1
108	2
0	2
0	2
109	2
0	2
0	2
81	2
0	2
321	1
0	6
0	4
0	2
1	2
0	2
0	1
0	2
0	1
0	2
0	2
0	6
0	8
0	4
11	2
36	2
8	2
13	2
0	2
0	2
0	2
25	5
0	2
0	7
0	2
0	2
0	2
0	7
0	2
3	2
0	6
5	2
0	2
0	2
0	1
0	2
3385	7
7	2
0	2
0	4
0	2
0	2
257	2
466	2
0	2
0	1
0	2
0	2
0	1
0	2
0	2
0	2
228	2
0	1
0	2
0	5
0	2
0	2
1084	1
0	6
0	2
0	2
124	2
12	2
0	1
38	6
0	2
0	2
0	2
848	1
0	2
0	2
0	4
0	2
2334	8
0	1
0	2
0	2
0	2
0	7
12	2
185	2
0	1
0	6
26	2
46	2
0	2
0	6
0	2
0	2
0	2
0	2
0	2
0	2
0	2
0	2
1229	2
0	6
0	2
0	2
0	5
0	2
0	2
137	2
39	2
0	7
0	2
0	2
0	6
0	2
0	6
129	2
0	6
0	2
5	2
891	2
0	2
0	2
0	1
0	2
0	2
0	7
0	2
0	2
0	4
0	2
0	2
0	1
0	2
6	6
0	2
6	2
0	2
10	2
0	2
1	2
0	2
0	2
0	2
7	2
0	6
191	2
528	2
0	2
0	2
0	2
0	2
0	2
344	2
0	1
0	2
3	2
0	2
13	2
0	2
0	2
0	2
0	2
0	7
0	2
0	2
0	2
93	8
0	2
0	2
0	5
140	2
0	4
22	2
0	4
421	1
0	2
9	2
0	1
0	2
0	2
0	2
0	2
0	2
0	2
7	7
21	2
0	7
0	2
45	2
4	2
0	2
86	2
0	2
0	2
17	2
0	2
226	2
0	2
0	2
0	8
0	2
1377	2
0	2
0	1
0	2
0	5
41	5
0	2
0	2
0	2
0	2
0	2
565	2
0	2
0	2
77	2
0	2
0	1
0	7
0	5
0	2
0	2
246	2
0	6
0	6
0	2
13	6
0	2
0	2
0	4
0	2
0	6
0	2
0	2
0	2
0	2
0	2
0	2
0	1
395	7
0	2
0	2
0	2
0	6
0	2
0	2
0	2
0	2
0	2
15	2
0	2
0	7
0	4
0	2
0	2
0	1
0	4
0	1
0	7
0	2
0	2
0	7
0	2
0	2
33	8
0	1
0	2
0	1
0	6
0	2
0	2
0	2
0	1
0	2
0	2
0	4
231	2
442	4
0	2
111	2
0	2
0	2
0	2
60	2
0	2
0	2
0	5
0	2
0	6
2006	7
0	2
78	2
169	2
0	2
30	2
274	2
119	2
29	2
0	2
0	7
0	2
1	4
0	1
0	2
17	6
4	2
0	2
0	7
0	2
0	6
0	2
0	2
0	2
0	2
0	2
0	2
0	2
747	2
0	2
0	5
0	1
0	2
0	2
0	7
0	2
0	2
0	2
2	2
0	6
0	2
0	2
3450	2
0	7
0	2
0	2
0	6
0	2
114	2
0	7
44	2
0	2
0	2
0	5
0	4
0	2
0	2
0	1
565	6
0	2
0	2
0	2
0	2
0	6
0	2
0	2
0	2
0	2
0	1
0	2
5	5
0	2
13	2
0	2
0	2
0	2
807	2
1015	2
22	7
0	2
0	8
0	2
0	8
0	2
0	2
0	2
0	2
161	2
0	2
0	2
0	2
41	2
0	2
77	2
0	1
0	2
135	2
0	2
0	2
0	2
0	2
438	2
0	2
105	2
251	2
0	1
16	2
0	1
1	2
0	2
0	2
0	2
48	2
112	2
0	6
0	2
0	4
0	2
316	4
890	2
0	2
0	2
0	2
0	2
0	2
0	2
0	2
0	2
0	2
0	2
216	8
0	4
0	2
198	2
342	2
0	2
0	2
0	2
189	7
42	2
415	2
0	2
0	1
0	2
0	1
0	2
0	7
0	2
21	2
0	2
0	2
1	4
0	2
0	7
0	2
113	1
100	2
46	2
0	2
0	7
0	2
0	2
33	7
0	1
0	2
796	2
8	7
0	2
0	2
0	2
0	2
0	2
0	1
0	2
31	1
175	2
0	1
133	2
0	2
0	2
0	2
0	2
0	1
0	2
2178	6
0	2
0	2
0	2
0	2
0	2
0	2
0	7
0	2
0	7
3	2
0	2
21	2
0	2
0	2
0	7
0	2
0	6
50	2
0	1
0	5
12	2
0	2
0	7
0	2
87	8
0	6
0	6
77	2
0	2
0	2
0	7
81	6
6	7
0	2
0	2
35	2
0	2
0	2
0	2
0	2
0	2
0	2
6	5
0	2
0	2
0	2
0	2
0	6
0	2
0	2
0	2
0	2
1	2
0	7
0	2
0	1
92	7
62	6
4	2
0	2
0	5
0	2
0	6
0	2
0	8
0	2
0	2
0	2
0	2
0	1
0	2
0	5
0	2
0	2
0	2
0	2
0	2
0	8
0	2
0	6
764	7
0	2
0	2
0	2
0	2
0	8
0	2
0	2
0	2
17	5
0	2
0	2
0	2
0	2
0	1
0	1
0	7
0	2
19	2
0	2
0	2
4	7
0	4
64	4
10	2
0	1
0	2
0	2
0	2
0	5
0	1
0	2
55	1
0	6
0	2
69	2
0	2
0	5
97	2
0	6
0	2
130	2
0	7
0	2
0	2
0	2
0	4
110	2
0	2
0	2
0	1
12	5
0	2
0	2
0	1
0	2
0	2
2	2
0	2
0	2
0	1
0	2
53	2
0	7
83	1
0	2
0	2
0	2
31	2
0	2
0	8
49	2
0	2
0	8
0	1
0	7
0	2
0	2
11	4
0	2
384	5
0	2
0	2
0	2
130	2
0	2
0	2
0	2
0	4
0	6
0	6
4	2
0	2
0	2
0	2
0	2
0	2
0	2
96	1
0	2
0	2
0	2
0	2
0	1
0	5
0	2
0	6
0	5
0	5
0	2
52	2
0	2
0	2
0	2
75	2
0	2
0	2
0	5
0	8
0	2
0	2
0	6
0	8
0	5
0	6
113	2
0	2
0	2
0	2
0	5
0	4
0	2
0	2
0	2
0	2
0	5
0	2
0	2
0	2
0	4
150	1
0	2
189	2
0	2
219	5
0	2
3	2
0	2
0	2
0	2
0	2
0	2
8	2
0	2
0	2
0	8
0	8
0	2
0	4
0	1
0	2
0	2
0	2
0	2
0	2
115	2
0	5
0	2
0	2
0	2
0	2
2	2
0	2
0	2
0	2
0	2
0	6
0	2
1742	2
0	2
0	2
0	5
0	2
10	2
0	6
0	2
0	2
0	5
130	1
0	2
0	2
214	2
0	6
0	2
0	2
64	2
0	5
0	2
1141	6
0	1
0	2
0	2
0	2
0	2
0	2
0	5
0	1
0	1
0	4
0	2
52	7
0	2
0	2
501	2
11	2
0	2
0	2
8	2
465	2
0	2
8	2
0	1
0	6
12	2
0	2
25	2
0	2
0	2
3	2
0	5
0	2
4243	1
0	1
0	2
0	2
0	5
6	2
0	2
1377	4
0	2
531	2
0	3
0	2
0	2
0	2
0	2
0	2
0	2
0	2
11	2
0	7
640	2
0	2
0	2
14	4
9	2
0	2
0	1
0	5
100	2
0	7
301	2
0	1
0	7
0	7
0	2
0	2
0	2
0	2
0	2
0	2
0	2
0	2
0	2
121	2
0	2
0	5
0	2
0	2
0	2
0	2
7	5
0	2
2	1
0	2
0	2
0	2
0	2
0	8
0	2
0	6
0	7
0	8
0	2
54	2
0	2
0	8
0	2
0	2
0	2
0	5
0	2
8	4
0	2
0	2
2	8
0	2
0	2
0	2
0	2
0	2
0	2
0	2
0	2
0	2
0	2
0	2
11	7
0	2
0	2
0	2
0	2
0	7
0	2
0	7
0	1
0	5
0	8
8	2
36	2
0	2
0	5
0	2
0	2
0	2
9	2
0	1
0	2
0	2
0	1
202	2
0	2
1	2
74	2
0	2
0	2
0	2
0	2
0	1
170	2
0	2
0	4
0	2
0	5
0	2
22	5
1	7
0	2
103	2
0	2
0	2
0	2
0	1
3	2
369	1
0	2
0	7
0	2
0	2
440	2
0	2
0	2
0	4
230	2
0	2
0	7
0	2
0	6
0	2
0	1
0	2
0	5
0	6
0	2
243	2
0	2
0	2
0	6
0	2
0	2
0	1
0	2
0	2
17	2
0	2
25	2
24	2
0	1
0	2
0	5
0	2
0	2
0	8
0	2
0	2
20	2
0	2
0	2
0	8
0	6
0	2
0	2
0	2
0	7
0	7
3	2
0	7
0	2
0	5
0	1
0	2
0	2
0	2
18	1
0	1
0	2
3	2
0	6
0	5
0	7
0	2
0	2
0	2
0	2
0	2
12	4
0	6
0	6
0	2
0	2
0	8
0	2
29	2
0	2
0	2
0	2
0	2
0	2
31	2
11	4
0	2
0	2
40	2
26	2
70	2
8	7
2	1
191	2
0	2
0	2
0	6
0	2
18	1
0	2
0	5
0	2
5	2
0	2
0	2
0	2
0	1
0	2
0	2
78	1
0	2
41	2
0	2
429	7
0	2
0	2
0	2
0	2
0	1
216	2
0	2
0	2
0	7
0	2
0	2
0	2
0	6
0	6
0	2
14	7
23	6
0	2
0	6
0	6
0	2
0	2
0	5
12	2
0	2
0	1
0	2
0	7
0	1
4	1
0	2
0	2
208	2
0	2
0	2
0	1
384	8
0	2
0	2
0	2
0	2
0	2
0	2
0	1
0	2
0	2
0	2
210	2
24	2
0	2
3	2
0	4
37	2
0	2
0	2
0	2
148	6
0	5
43	7
0	2
0	2
0	8
136	2
0	6
48	2
10	2
0	1
0	2
0	8
0	4
0	7
0	2
0	1
0	2
0	2
45	1
25	1
0	2
0	1
0	6
0	1
0	2
0	2
0	1
0	2
0	4
0	2
0	4
0	2
0	1
0	2
0	2
0	1
111	2
0	2
0	2
0	2
0	8
0	2
0	2
0	2
0	2
81	2
0	2
0	4
112	2
0	2
0	2
841	2
0	7
0	6
0	2
0	5
0	1
96	2
0	2
0	6
0	4
0	7
0	1
155	2
0	2
0	2
0	2
0	2
0	2
213	2
0	5
0	5
15	2
0	7
374	2
0	2
0	2
0	2
0	1
0	2
2	7
200	1
0	6
3296	2
0	2
0	4
0	2
0	1
0	2
0	4
0	2
0	2
0	2
17	1
0	2
0	5
0	6
22	6
0	8
0	2
101	2
0	1
0	2
0	8
0	1
0	6
2	8
0	1
0	1
14	2
0	6
0	2
5	1
0	2
1486	1
0	2
0	1
230	1
0	2
0	6
5	1
0	7
0	1
0	2
0	7
0	7
0	7
0	2
0	1
0	2
0	7
0	2
0	2
0	2
14	2
0	2
0	2
0	7
0	6
0	2
0	4
0	5
224	2
0	7
0	2
0	2
0	2
16	8
0	2
0	2
0	2
0	2
0	7
0	2
0	2
0	2
1	2
0	2
34	2
0	5
0	2
0	2
0	1
0	2
6	2
0	2
0	2
0	4
0	2
0	2
0	2
1202	6
0	6
0	2
0	2
0	2
0	2
0	2
0	2
803	2
824	2
0	2
0	2
0	6
0	2
0	2
0	2
0	2
130	6
384	6
0	2
0	5
0	2
0	2
0	2
0	2
0	2
30	2
118	7
10	2
0	7
0	2
0	6
0	7
0	2
0	2
0	2
0	6
27	2
927	6
0	2
106	2
13	2
62	2
0	2
0	2
0	2
0	2
0	2
27	2
0	2
0	2
0	2
0	2
0	2
0	2
2	2
24	2
0	2
0	2
0	2
0	2
0	2
0	2
501	2
0	2
0	2
0	2
0	4
0	2
0	2
0	2
5	2
0	2
0	2
0	2
0	2
0	5
1147	5
0	6
1638	5
0	4
0	2
0	2
1	2
0	2
0	2
574	2
0	6
0	2
3	2
0	4
21	4
0	1
0	2
3	2
0	7
0	4
814	2
0	2
0	2
0	2
0	8
0	6
0	2
12	2
0	2
0	6
0	2
0	2
0	2
0	2
4	2
0	2
0	2
0	5
0	5
0	2
0	2
61	2
0	2
0	2
0	2
0	2
0	2
0	1
0	2
0	2
0	1
0	2
0	2
0	2
0	2
244	4
0	2
0	2
0	2
0	1
4	2
0	2
0	5
0	2
0	7
632	2
0	2
0	7
0	7
0	2
0	2
0	1
0	2
0	2
0	2
0	6
0	1
0	8
0	2
0	2
420	2
0	2
0	2
0	2
0	2
0	2
0	6
0	2
5	2
0	2
0	2
0	2
0	6
0	2
0	2
0	2
35	1
0	2
0	2
581	2
0	2
0	2
2	2
0	2
244	2
0	2
0	2
0	7
0	2
0	7
0	1
0	2
0	2
0	2
0	2
0	4
0	1
0	2
0	2
0	2
0	2
0	2
112	2
0	2
11	2
0	2
0	2
0	2
0	2
0	5
0	2
0	2
0	2
116	2
0	2
143	2
0	2
0	2
108	2
0	1
0	1
0	2
0	2
21	6
0	7
0	2
0	1
0	2
0	2
141	2
0	7
0	6
33	2
0	2
0	2
0	2
0	2
0	1
0	2
0	1
0	5
0	2
0	2
0	2
0	2
0	2
0	2
0	2
0	2
459	2
43	2
0	4
0	2
0	2
68	2
0	6
18	5
0	2
0	2
0	2
0	4
0	2
0	2
0	2
2	2
0	2
203	6
0	1
0	2
0	6
0	2
23	2
0	1
0	5
0	2
0	2
0	5
0	2
406	2
3	6
0	2
0	2
0	4
0	2
0	8
0	2
0	2
0	2
0	2
0	2
19	8
0	2
0	2
0	8
0	7
0	2
3	6
0	7
0	2
22	8
0	2
18	2
0	2
41	2
0	5
119	2
0	5
0	2
0	4
13	2
0	2
1	2
0	2
21	2
0	2
0	2
12	2
0	2
0	2
32	2
0	2
0	2
0	7
0	2
0	2
0	2
0	6
0	2
0	6
0	2
0	2
777	2
0	2
0	2
0	1
0	1
0	2
0	2
0	8
0	7
0	2
0	2
0	6
0	2
0	2
0	1
0	7
0	7
9	2
0	5
754	2
0	2
0	4
9	1
0	2
288	2
0	2
21	2
0	2
0	2
0	4
0	2
41	2
0	2
0	2
0	2
0	2
0	2
55	8
0	6
117	6
0	2
0	2
0	2
0	2
47	2
0	2
0	2
0	2
0	2
0	6
0	2
0	2
0	2
10	6
0	1
0	2
30	2
0	2
0	2
5	5
0	2
4	2
0	6
0	7
0	6
0	2
0	2
0	2
0	1
0	2
0	2
0	2
0	2
0	5
0	5
0	2
0	8
0	2
0	7
0	2
0	2
17	2
0	6
0	7
37	2
117	2
0	2
16	4
2	2
0	2
27	2
0	7
0	2
0	2
0	2
0	7
0	1
0	6
0	2
0	2
0	6
0	7
0	6
0	2
81	2
0	2
0	2
0	7
0	2
0	2
0	4
0	7
0	2
368	2
0	4
0	1
2	2
0	2
0	2
0	6
0	2
0	2
0	6
0	2
0	2
0	2
303	2
0	5
0	2
0	2
31	2
0	6
0	2
0	2
29	2
23	2
0	2
0	2
0	2
19	6
0	2
0	2
0	2
0	2
0	2
0	2
20	2
0	2
0	8
63	2
8	2
0	1
329	2
0	2
0	2
0	2
0	1
0	2
0	2
0	2
0	2
0	5
15	2
0	2
0	1
0	2
0	7
228	2
0	2
0	2
0	4
73	2
1	2
0	1
0	2
0	2
0	2
0	6
0	2
0	2
0	2
0	2
43	1
0	2
0	2
53	2
0	2
0	2
0	7
174	2
0	1
0	8
0	2
0	1
75	8
591	2
0	2
0	2
66	1
0	7
0	2
0	7
0	2
0	7
0	2
0	2
250	2
0	2
0	7
49	5
0	2
0	2
80	2
0	2
4	2
0	2
0	2
0	5
0	2
0	1
0	2
0	5
0	2
0	2
0	2
0	2
0	2
0	2
0	1
0	2
0	1
0	7
0	2
76	2
0	2
38	2
0	2
0	2
66	7
43	2
0	2
0	4
356	6
0	2
0	2
0	2
0	2
0	2
0	2
0	2
0	2
0	2
0	2
0	2
0	7
0	2
0	2
0	2
0	2
0	1
0	6
0	7
351	5
0	8
0	2
0	7
0	7
561	1
5	2
0	2
0	1
0	6
0	2
198	2
1	2
0	1
0	2
0	2
0	1
0	2
0	2
0	4
0	2
0	1
0	2
0	2
0	2
0	2
0	2
37	2
0	2
6	2
0	7
0	7
7	8
0	2
308	2
245	2
0	2
137	2
0	2
0	2
0	2
0	2
0	2
31	2
0	2
0	2
91	8
28	2
0	2
0	6
1	2
6	2
0	2
1519	2
0	2
0	2
127	7
0	2
0	2
0	7
0	2
13	2
0	2
0	2
0	2
0	2
0	2
0	2
2	2
0	2
0	2
0	2
0	2
0	2
0	2
0	2
0	2
0	2
29	2
24	2
0	2
0	2
0	7
0	2
0	8
0	7
0	2
0	2
5	4
0	2
0	2
0	2
0	6
0	2
0	2
366	1
0	8
0	2
0	2
0	2
4	6
0	2
0	7
31	2
0	2
0	2
1133	2
192	6
0	4
109	2
0	2
19	2
0	2
0	2
0	2
0	2
0	1
0	7
0	5
0	2
0	2
0	2
0	4
1	4
0	2
0	2
0	2
0	8
0	2
0	2
0	2
11	2
0	2
27	2
0	2
0	7
42	2
0	2
0	2
23	2
0	2
56	2
4	6
1651	2
0	6
0	2
0	7
0	5
0	2
0	6
0	2
0	2
0	6
0	2
83	2
0	1
0	4
7	2
1	2
0	8
0	2
1	2
346	2
0	7
34	2
0	2
266	5
0	2
0	1
0	2
0	2
0	2
0	2
0	2
0	2
0	2
121	2
0	6
0	2
0	2
0	2
0	2
0	2
126	2
0	2
0	2
0	6
0	2
121	2
11	2
0	4
0	2
0	2
0	4
0	2
0	2
0	2
13	5
0	7
0	7
0	2
0	2
0	1
0	2
355	2
0	2
2	4
349	6
153	2
0	1
0	2
0	8
0	2
0	2
0	2
0	7
0	6
0	7
0	1
28	2
0	2
50	2
17	7
0	2
0	2
0	2
0	2
0	2
0	1
0	2
0	5
0	2
0	1
0	2
0	2
15	2
0	2
0	2
0	2
0	5
34	7
9	6
0	2
0	6
0	2
5	2
0	2
491	2
0	2
0	2
0	6
0	1
0	7
0	2
0	2
51	5
0	2
8	2
0	2
0	7
17	7
0	1
35	2
0	2
0	2
0	2
0	7
0	2
0	2
0	2
0	2
30	2
0	2
0	2
0	2
0	2
0	2
0	2
0	2
0	6
79	8
0	2
0	2
0	1
0	2
0	2
0	2
0	4
0	5
45	6
0	1
1	2
0	4
290	2
0	1
0	6
0	2
0	6
0	2
8	2
0	2
0	2
34	2
3	5
0	5
0	2
0	2
0	2
0	2
0	2
0	2
0	2
0	4
0	2
0	1
0	2
0	2
0	2
0	2
0	2
0	1
0	1
206	2
0	5
235	6
0	2
0	2
0	2
14	4
308	2
0	2
0	2
0	4
0	2
0	2
0	2
0	1
1	2
0	2
0	2
0	1
0	2
0	2
0	2
0	2
0	2
75	2
584	2
6	1
7	6
0	2
21	2
0	2
0	2
0	2
232	2
49	2
7	2
32	1
0	2
0	2
0	5
0	2
3	2
0	2
0	2
0	2
0	2
0	2
0	2
0	7
81	2
0	2
29	2
0	2
171	2
0	2
0	2
0	7
0	2
11	2
151	2
0	2
0	2
0	2
0	7
0	2
0	2
156	2
0	2
0	2
0	2
0	7
0	1
0	2
0	2
0	7
0	2
343	2
0	2
3	6
0	2
0	2
0	2
552	2
0	7
0	2
0	1
55	2
0	2
0	2
0	2
7	7
0	7
0	2
0	5
77	2
0	2
0	2
0	4
0	1
0	2
0	2
0	2
34	2
0	6
0	7
0	2
0	8
0	1
319	7
0	1
0	2
0	2
0	2
49	8
9	2
0	2
0	7
0	2
0	2
0	8
0	2
0	6
0	2
0	2
0	2
0	7
0	2
0	1
0	2
0	2
0	2
0	2
0	2
6	2
0	2
0	1
0	6
0	2
0	2
0	2
0	2
0	4
0	1
1	2
0	2
0	7
0	4
0	2
0	8
0	7
0	2
3680	4
0	2
0	2
193	2
159	1
4	2
0	2
0	2
0	5
0	2
0	5
0	8
0	6
289	6
0	2
0	1
0	1
100	8
0	2
0	1
0	2
0	2
0	4
0	1
0	2
0	2
0	2
0	1
0	1
0	2
0	2
0	2
8	2
0	2
0	2
0	2
0	2
0	2
0	8
0	2
26	2
6	5
0	2
0	2
0	6
0	2
0	2
0	8
0	2
0	2
43	2
0	2
0	2
0	2
0	5
0	1
0	2
3	2
4	6
0	2
0	2
0	2
0	2
0	2
0	7
0	2
0	7
0	2
0	2
328	2
0	2
0	2
0	2
0	2
0	2
0	2
0	1
0	7
0	2
0	2
0	9
0	2
0	2
0	7
340	2
0	7
13	1
0	1
0	1
0	5
0	2
0	2
0	2
4	2
0	2
0	2
0	2
0	7
371	7
0	6
0	7
0	2
0	7
0	7
0	2
158	2
0	4
382	2
0	2
123	2
0	2
21	6
0	2
0	2
0	2
0	2
0	2
0	2
0	2
78	2
0	1
200	4
0	2
0	6
0	2
0	2
0	2
234	1
0	2
0	2
111	5
0	2
0	6
0	2
0	2
23	2
1	2
0	2
0	2
0	2
0	2
0	2
0	2
0	2
0	8
0	7
0	6
0	2
0	4
0	2
2	2
0	2
17	4
0	2
0	2
110	7
0	2
0	2
0	2
0	2
0	7
0	1
0	8
0	2
16	8
0	6
0	4
0	6
0	2
0	2
116	2
0	2
123	2
0	2
0	2
0	2
0	2
0	2
0	2
0	6
0	2
0	6
0	1
0	2
0	2
11	4
0	2
0	2
0	2
228	2
0	2
0	1
0	2
0	2
0	2
0	1
0	2
0	1
0	2
0	2
0	2
0	2
0	2
0	2
0	7
70	2
0	2
0	2
0	1
0	2
1261	2
0	4
0	2
0	2
0	2
0	2
356	2
37	2
0	2
10	2
0	4
0	6
40	2
0	2
0	2
160	2
0	2
0	6
0	2
0	2
0	2
0	7
143	2
13	2
0	2
0	6
0	2
0	2
0	2
0	4
0	2
0	2
14	2
0	1
0	2
0	2
0	4
0	2
0	4
0	2
197	2
0	2
0	7
0	2
0	2
0	2
0	2
0	7
206	6
843	2
0	6
0	2
0	2
0	2
0	6
0	2
0	2
124	2
0	2
8	6
37	1
0	2
0	2
0	1
0	6
6	2
0	2
0	8
17	7
1216	2
0	5
0	2
0	2
0	5
11	2
0	6
0	2
0	2
0	2
229	4
0	2
0	1
12	2
0	7
0	2
0	6
0	2
0	2
0	2
0	2
0	7
0	1
0	4
0	1
34	1
0	2
0	2
0	2
0	2
0	5
0	2
0	2
0	2
0	2
96	2
0	2
0	2
185	2
0	2
0	2
6	2
256	1
0	1
0	2
0	2
0	6
0	2
0	2
116	2
0	2
0	2
0	1
0	2
0	2
0	7
0	2
0	8
0	5
161	2
0	2
0	1
0	2
0	2
0	8
0	2
31	6
0	2
0	6
439	2
0	1
0	7
73	5
8	2
0	5
0	1
0	2
0	2
0	5
4	2
0	6
9	2
0	5
0	2
3	1
0	7
0	2
0	4
0	2
21	2
0	2
2046	2
0	1
0	2
25	4
0	1
0	2
0	2
0	2
0	1
0	2
0	2
0	2
0	2
0	2
0	2
0	2
0	2
0	2
0	2
218	1
0	2
0	7
278	2
0	2
0	2
0	6
24	2
0	2
0	1
0	2
1059	2
0	2
0	7
0	2
0	2
0	2
0	2
0	5
324	4
0	2
0	1
0	2
0	2
0	2
146	1
0	2
0	2
0	2
0	2
0	7
20	1
0	2
0	5
895	5
0	2
0	2
0	5
25	2
192	2
0	2
0	2
0	2
0	2
95	2
0	2
124	5
0	7
0	8
282	2
0	2
0	2
0	2
0	2
0	2
0	2
0	2
0	2
275	2
0	2
0	8
0	2
0	2
0	6
0	2
0	2
0	1
1583	5
16	1
12	2
0	2
25	7
0	2
0	2
0	2
54	5
0	2
0	1
0	6
295	2
0	2
0	5
0	2
0	2
200	7
13	8
0	2
0	2
0	2
21	2
480	2
0	2
0	2
0	2
6	2
0	2
0	2
0	2
0	1
0	2
0	2
0	1
737	2
0	6
0	2
16	7
259	1
22	4
0	2
0	2
0	2
0	8
0	2
0	2
0	2
0	1
0	1
0	8
19	2
0	2
0	2
0	6
0	7
0	7
0	1
32	6
0	2
2	2
2	2
0	2
0	2
0	2
0	7
0	7
0	2
0	2
0	2
0	1
0	2
0	2
0	2
0	2
0	2
0	2
0	4
0	2
0	2
0	2
0	2
0	2
11	2
0	1
10	2
0	2
0	2
0	2
0	2
0	2
0	4
0	2
57	2
0	2
82	2
0	2
0	2
0	2
0	2
0	2
0	2
175	2
0	2
0	1
0	8
0	2
47	2
0	2
0	2
1481	2
0	2
0	7
8	2
0	2
0	7
0	1
0	7
0	2
0	2
0	1
0	2
0	2
0	2
0	2
0	7
0	2
0	2
0	8
176	2
0	1
0	6
0	2
0	2
0	7
0	2
122	2
5468	6
36	5
0	2
0	2
0	2
0	2
75	2
0	2
0	1
0	2
0	2
0	2
0	7
0	2
1	2
4	2
0	2
63	7
12	2
0	2
0	4
0	1
0	2
0	2
0	2
6	5
0	6
0	2
0	2
0	2
0	5
0	8
26	2
0	2
0	2
0	2
33	2
25	2
13	2
0	2
0	4
0	2
0	2
0	6
59	2
0	2
0	5
0	4
0	6
0	2
112	2
0	2
0	2
0	2
137	2
0	2
28	2
0	2
0	1
0	2
0	6
0	8
0	2
0	2
0	2
0	4
0	2
9	2
38	2
0	2
900	2
0	2
83	2
0	2
0	2
0	2
0	1
0	1
57	2
0	5
1	2
29	2
0	2
0	2
0	2
0	1
0	2
0	6
0	2
0	1
0	2
0	2
0	2
0	8
0	1
0	2
0	1
0	2
0	2
0	2
0	2
0	2
0	2
0	1
0	2
0	2
16	2
115	8
0	2
0	1
0	2
0	2
9	2
0	2
0	5
0	1
0	2
51	6
0	2
0	6
2	2
16	2
0	2
0	6
0	2
0	2
0	5
0	2
0	2
0	2
11	2
19	1
0	2
0	6
0	7
0	2
0	2
9	2
0	1
0	2
0	2
0	8
123	2
2875	5
4	2
0	2
0	2
5	7
0	5
0	2
0	7
279	2
0	2
0	2
0	2
0	2
0	5
0	2
0	2
14	2
0	2
8	2
0	7
0	2
0	2
0	2
4	2
0	2
0	6
41	6
0	2
0	2
0	7
0	2
4	2
0	6
0	2
0	2
5	6
61	2
0	2
0	2
2148	2
0	1
95	2
0	6
0	2
0	6
0	2
5	2
200	2
0	1
0	7
0	2
0	1
0	1
0	2
0	2
0	5
0	2
0	2
0	2
0	2
0	2
720	2
0	2
318	2
0	2
0	2
0	2
0	8
3	4
0	2
0	2
172	2
0	2
0	2
0	2
0	2
0	2
0	2
0	4
0	4
0	2
0	2
0	1
4	2
0	2
12	2
5	2
0	5
0	1
0	2
0	4
0	2
0	2
0	2
0	2
0	2
0	5
36	2
0	2
0	2
0	2
52	2
0	2
0	2
0	2
0	2
0	1
0	7
0	2
24	2
0	2
0	2
0	2
0	2
0	2
14	4
0	5
859	4
0	7
0	1
0	2
0	2
0	8
0	2
0	6
0	2
0	2
0	2
0	2
0	2
0	1
0	2
166	2
0	2
0	2
0	1
1	2
1	2
0	7
0	8
0	6
0	1
0	1
0	2
0	2
1	7
0	1
0	2
0	2
33	2
0	2
0	2
0	2
0	2
33	2
0	2
7	2
0	2
0	2
0	2
0	2
0	2
0	2
356	2
0	2
0	2
0	2
191	4
0	2
389	2
0	2
14	2
1	2
0	6
0	7
0	2
0	2
0	2
0	8
0	2
0	2
0	2
0	4
0	2
0	6
0	2
0	7
0	2
0	2
0	2
0	2
0	2
0	2
0	2
0	2
3	2
0	7
0	2
0	7
0	6
0	2
0	1
0	4
0	1
0	2
0	1
0	2
0	2
0	2
0	2
0	5
0	2
0	4
0	1
0	2
38	2
0	2
39	2
0	6
0	2
475	2
50	2
0	2
0	2
0	6
0	2
86	2
0	2
0	2
0	5
0	2
41	5
0	1
0	1
0	2
0	6
0	2
0	2
0	7
0	2
0	5
0	1
0	2
0	2
0	7
33	2
0	2
0	2
0	6
12	5
0	7
0	2
0	2
0	2
0	2
0	7
0	2
0	2
0	1
435	2
0	2
5	2
9	2
0	2
0	6
22	2
0	2
226	2
0	2
0	2
0	6
0	7
0	2
0	4
0	2
23	2
0	2
216	2
0	2
0	7
0	1
0	1
5	2
6	2
0	2
0	2
0	1
0	2
0	2
3	2
21	7
0	2
25	5
0	8
0	2
0	2
0	2
0	2
0	2
397	6
0	7
0	6
0	2
0	2
0	2
8	6
0	2
0	2
0	6
10	2
0	2
2	6
0	2
0	2
65	2
2	2
0	2
0	2
0	5
0	2
0	6
0	6
0	2
14	8
0	5
60	2
0	1
2	2
0	4
0	2
1	7
0	1
77	2
0	2
0	5
0	6
63	6
0	2
4	2
0	2
0	2
0	2
0	1
0	5
0	2
208	2
84	2
0	2
94	1
0	2
301	2
0	2
0	2
0	2
0	2
831	2
0	2
0	2
0	2
0	4
39	2
1732	6
0	2
0	7
0	1
0	2
0	5
112	2
66	2
0	2
0	5
0	2
1938	2
0	2
0	2
0	2
128	2
96	2
0	2
1439	2
0	2
49	2
0	2
76	2
3	1
251	2
254	2
0	6
35	1
0	7
0	5
42	2
112	8
0	2
0	2
0	2
0	2
5	2
0	2
0	2
0	2
32	6
195	2
0	2
0	2
0	8
0	2
0	2
0	2
0	2
29	2
0	2
37	2
0	9
0	4
0	2
0	2
0	7
0	2
0	2
16	2
0	4
193	2
0	2
0	2
0	2
0	2
0	6
30	2
0	1
0	4
7	8
0	1
0	2
0	8
0	2
0	2
0	2
0	2
21	2
71	2
0	2
0	2
0	2
58	2
179	4
3	2
0	7
0	2
273	8
0	2
0	2
0	2
0	2
0	2
195	2
0	1
0	7
0	1
0	2
1711	2
0	8
3	2
0	2
0	2
24	2
0	2
0	2
0	2
0	2
0	5
0	6
95	2
0	8
0	2
2	2
0	2
1355	4
4	2
5	6
0	2
0	1
25	2
7	2
0	2
0	2
642	2
0	2
0	2
0	4
0	1
0	1
0	2
0	2
0	2
15	8
0	6
10	2
44	7
0	7
0	2
12	2
0	2
0	1
0	1
0	2
81	4
0	2
65	7
0	2
707	1
6	1
557	2
0	2
0	7
0	5
0	2
52	2
0	2
0	2
0	4
0	2
0	7
0	2
0	2
12	7
0	2
28	8
0	4
0	2
0	2
0	2
0	2
0	8
0	2
15	2
0	2
0	2
99	1
0	1
0	2
0	7
0	1
636	6
7711	4
0	2
0	2
0	2
0	2
0	2
9	2
0	2
0	7
0	2
0	2
11	2
3	2
0	1
0	2
0	2
0	7
0	5
0	2
0	2
0	2
0	2
0	7
0	2
0	2
0	2
0	4
3	2
0	2
4	7
9	6
34	7
0	2
0	2
0	2
0	7
0	6
98	2
0	2
1	2
0	6
0	6
24	2
0	2
0	2
0	2
0	5
0	7
0	2
0	2
0	1
0	2
0	1
0	2
1626	2
254	2
0	2
0	6
0	2
0	2
0	2
0	2
0	2
0	2
291	2
1	2
0	4
0	2
0	2
0	2
0	2
0	2
0	2
0	2
0	6
25	2
38	2
0	4
0	1
323	6
0	2
0	2
0	2
0	2
0	2
0	2
0	2
0	6
0	2
0	7
1313	2
19	2
8	2
0	2
259	7
0	2
119	2
0	2
0	7
0	1
0	1
1	2
23	2
0	2
0	2
918	2
0	5
0	2
0	2
0	2
0	2
0	2
0	2
0	2
0	2
0	4
0	1
0	2
0	2
0	2
24	2
0	2
0	2
313	2
0	2
0	4
0	2
0	2
39	2
0	2
0	2
1	2
0	2
0	2
0	2
0	7
0	4
0	4
0	1
79	2
0	2
0	2
0	2
188	8
0	2
0	2
0	2
0	2
23	2
0	2
58	2
0	2
0	2
11	2
0	2
0	2
0	2
0	2
217	6
0	2
2	2
1801	2
0	1
48	2
0	1
0	2
0	7
0	2
0	2
0	2
0	2
0	2
0	1
0	7
0	2
0	1
0	2
0	4
0	2
0	7
0	2
0	2
0	2
0	2
0	8
0	4
0	1
0	2
0	2
0	2
0	2
0	2
295	2
0	2
0	1
0	2
32	2
0	8
0	5
1298	2
0	2
35	2
0	7
0	2
0	2
0	7
0	2
131	6
0	2
0	2
0	2
0	8
0	2
0	1
0	7
0	2
0	8
0	2
0	2
4	7
0	7
64	2
45	2
0	2
0	2
0	4
0	2
0	2
0	2
0	2
0	2
0	2
105	1
0	2
0	2
0	2
0	2
0	2
0	5
0	2
0	8
33	5
0	2
0	2
0	6
177	7
0	6
36	1
0	2
6	5
0	8
0	8
0	2
20	6
6	2
0	2
0	2
0	6
129	6
28	2
0	1
0	1
0	2
0	7
0	5
8	2
0	1
12	6
0	2
0	2
0	2
0	2
0	2
740	6
0	2
0	2
0	2
0	2
0	2
0	4
0	2
0	2
472	6
0	2
17	2
0	2
49	2
0	2
0	2
6	2
0	2
0	2
0	5
0	1
0	7
0	2
0	2
0	7
0	2
0	2
0	1
0	2
0	2
0	2
0	2
0	4
108	2
128	2
0	7
59	2
0	6
0	5
0	2
0	2
1	5
0	7
37	4
0	2
7	2
0	5
0	2
0	2
3	2
0	2
0	2
64	1
0	2
0	6
0	2
0	5
0	2
0	2
24	2
5	2
0	2
0	6
0	2
0	7
0	2
0	2
3	2
0	2
0	2
168	2
0	2
0	2
0	2
65	2
0	2
13	2
0	7
0	1
0	5
1274	7
0	2
0	2
0	2
0	2
0	2
275	2
0	5
1276	2
0	2
0	2
0	7
191	2
7	2
0	8
0	1
0	2
0	6
0	2
858	1
0	2
1	5
4	7
627	2
0	2
0	2
0	5
0	2
114	8
36	2
0	2
0	2
0	6
0	2
0	2
0	2
0	1
0	2
0	7
0	7
0	8
0	2
0	2
0	8
0	2
0	6
0	2
0	1
0	2
0	7
360	2
0	2
2	1
0	5
0	2
0	2
0	1
0	7
0	8
0	1
0	5
24	2
0	2
0	2
69	2
0	2
0	7
0	6
0	2
231	1
0	2
0	2
0	2
0	2
0	2
0	2
0	2
0	2
0	5
0	1
0	2
72	6
0	2
2	2
702	2
0	4
1	2
0	2
0	6
0	2
0	8
0	2
22	2
0	2
70	2
0	2
0	2
0	2
0	7
66	2
0	2
0	2
0	8
91	5
0	2
0	2
0	2
28	2
0	2
0	1
0	6
0	6
0	2
0	2
26	2
0	2
0	4
0	2
0	2
0	2
0	2
0	1
375	2
10	2
0	8
0	4
0	5
0	2
44	1
0	2
0	2
0	2
0	6
0	1
0	2
6	2
0	2
0	2
0	2
0	2
0	2
0	2
0	2
0	2
0	2
5	2
0	7
0	2
22	2
0	2
91	1
0	2
0	2
0	2
0	5
0	2
0	2
139	2
0	1
44	2
0	2
0	7
0	2
0	2
0	1
0	2
0	2
6	6
0	2
0	2
0	2
0	2
0	2
0	2
21	2
0	1
0	2
488	2
5	1
0	2
0	2
0	7
337	2
0	2
0	2
17	7
1	2
44	2
0	2
3	2
0	8
0	2
79	1
0	2
0	2
0	6
0	7
0	2
0	2
0	8
0	2
0	8
0	2
0	7
0	2
0	2
0	2
9999	1
0	2
76	5
0	5
0	2
0	2
0	2
0	2
21	1
0	2
0	4
3	2
10	7
0	2
0	2
0	2
0	8
0	2
263	2
0	2
0	2
0	2
0	2
0	1
0	2
0	6
18	2
0	2
0	2
0	2
0	2
0	6
0	2
0	6
6	7
0	7
0	5
0	5
0	2
0	2
0	5
0	2
14	2
0	4
0	2
0	2
0	2
0	2
0	2
0	2
0	2
0	1
156	2
1318	2
0	7
0	5
0	2
0	2
0	2
0	7
0	2
0	2
0	2
0	2
0	2
0	2
0	2
0	8
0	1
71	2
0	1
13	2
0	2
274	5
0	1
0	1
0	7
0	2
0	7
0	2
167	7
0	2
0	1
13	1
1	2
0	2
0	2
0	6
0	2
6	2
0	5
0	2
16	2
0	7
15	2
0	2
0	2
0	1
0	2
0	2
0	2
0	2
0	2
0	2
11	2
2	2
0	5
18	2
0	2
7	2
1	2
0	2
0	2
0	2
0	4
712	2
0	2
0	2
0	4
0	2
0	2
0	2
0	1
0	1
0	2
0	2
0	4
0	2
0	7
0	2
0	2
0	1
0	2
386	2
0	2
0	7
0	7
0	2
0	7
20	5
0	2
0	4
0	6
0	7
0	2
0	2
33	2
38	2
0	6
0	2
0	2
0	2
0	2
0	2
0	2
0	7
146	2
0	1
0	2
0	2
0	2
7	7
0	2
0	2
0	2
110	8
0	2
17	2
0	2
299	6
0	2
0	2
0	2
0	2
141	2
0	8
0	2
0	8
0	2
0	2
6	2
0	2
4	2
0	2
0	5
0	4
13	2
0	2
0	2
0	8
18	6
0	1
0	2
0	6
0	2
0	2
0	2
65	2
0	8
0	2
0	2
0	2
0	2
1	2
0	2
26	2
0	2
0	2
0	2
0	2
0	2
0	2
0	2
0	2
0	7
1	8
0	2
0	2
0	2
0	2
0	2
0	2
0	7
0	2
0	1
16	2
0	6
6	2
0	2
0	7
0	2
0	1
0	2
0	6
0	2
0	2
0	8
155	1
0	2
0	2
25	2
0	2
0	2
0	2
138	4
0	2
10	2
0	2
0	2
0	2
0	2
0	4
0	2
0	2
0	7
0	7
0	2
0	8
0	2
0	2
0	2
0	2
0	2
0	2
0	2
231	2
0	2
8	2
0	6
0	6
0	2
1	4
0	2
0	7
0	2
0	1
0	2
17	2
0	5
0	2
0	2
0	2
0	2
0	8
361	2
0	2
0	2
0	2
0	1
0	6
0	7
0	2
0	5
0	1
0	2
14	1
0	2
0	1
0	4
0	4
145	8
0	2
0	2
94	2
0	2
0	2
0	2
0	1
445	1
0	2
26	2
0	2
10	2
0	2
6	2
0	8
0	2
0	2
0	2
0	2
0	6
0	2
0	2
0	2
0	2
0	2
0	2
0	6
0	2
0	1
0	2
0	2
2	2
0	2
0	2
0	2
0	2
56	2
0	2
0	2
0	2
0	2
0	1
0	2
19	2
0	1
0	2
0	2
0	6
0	5
0	2
0	4
0	7
11	2
1	1
0	2
0	6
0	2
0	2
0	2
0	6
0	2
0	2
0	2
0	1
0	1
0	2
0	1
0	1
0	5
0	2
0	2
0	2
0	2
0	2
0	2
0	2
0	2
292	8
0	2
0	4
0	7
32	7
0	2
0	1
67	8
0	2
0	2
0	2
0	2
0	2
0	2
0	2
0	2
0	6
0	1
0	2
25	2
0	2
25	7
0	7
0	2
0	2
0	2
0	7
0	2
0	6
0	2
1	2
0	2
27	2
0	1
0	7
21	2
0	2
0	2
55	2
0	2
0	5
0	2
0	2
50	5
123	2
0	2
0	2
0	2
0	2
0	7
0	7
0	2
0	2
0	2
306	2
0	2
0	2
0	2
287	2
70	2
0	2
0	2
0	2
0	2
0	7
193	2
0	6
0	5
19	2
14	2
0	2
475	2
0	2
0	6
0	2
0	2
0	1
0	2
731	2
0	2
142	2
0	2
57	7
0	2
0	2
0	2
1267	2
5	2
0	2
0	2
0	7
0	2
86	2
21	2
0	2
0	4
0	1
0	2
1	2
136	2
0	7
177	2
13	2
0	7
0	2
0	2
344	8
0	2
0	6
673	2
38	2
0	2
0	2
0	2
0	7
0	4
143	2
0	2
130	2
0	2
0	4
0	2
0	1
0	2
0	5
0	8
0	5
54	2
0	2
0	6
0	2
46	2
703	2
379	2
190	2
0	2
0	7
0	2
29	2
0	2
0	2
0	2
0	2
0	2
222	2
0	2
0	6
0	5
17	2
0	2
0	2
0	7
0	2
14	2
0	2
0	2
0	8
106	2
0	7
0	2
236	2
0	2
0	2
0	2
0	2
0	2
0	7
100	1
40	1
76	2
0	2
0	8
0	2
0	3
0	2
198	2
0	2
0	2
0	2
100	2
0	1
0	1
0	2
0	1
0	2
0	2
0	1
75	7
0	2
0	2
72	2
0	2
0	2
0	2
0	2
43	2
0	2
686	2
0	2
39	2
0	2
0	2
0	2
0	2
0	5
0	2
0	2
0	2
242	2
0	4
9	2
18	5
473	6
0	2
0	6
0	2
0	2
0	2
0	1
0	2
0	6
27	7
0	2
0	2
0	2
0	6
295	8
0	2
0	2
0	2
0	7
0	4
0	2
0	2
0	2
0	2
0	2
0	5
0	2
0	7
0	2
0	2
0	2
0	2
17	2
0	2
0	2
0	4
0	2
0	2
0	6
311	4
2	5
0	2
101	2
0	2
0	2
0	2
0	2
408	2
0	2
0	2
0	2
0	2
0	2
1104	7
39	2
0	2
0	2
45	4
0	2
0	5
0	2
0	1
0	1
0	2
31	2
0	2
273	2
0	2
258	2
0	4
0	2
0	8
0	2
0	2
0	2
0	2
0	2
0	2
0	2
0	2
0	2
0	1
0	2
1757	2
0	2
0	4
9	4
0	2
0	2
0	1
0	2
0	2
0	2
27	2
102	7
0	2
0	2
0	2
0	2
0	2
0	2
24	2
0	2
0	2
0	5
0	2
0	2
0	2
0	8
0	2
0	2
29	2
0	2
0	2
0	2
41	1
0	2
106	2
0	2
0	2
0	2
0	2
0	1
0	2
0	1
0	2
0	2
0	1
0	5
0	2
0	2
0	8
0	2
0	2
0	6
0	6
0	1
0	2
0	2
0	2
0	1
0	2
0	1
433	2
0	2
0	2
0	1
0	2
285	5
0	2
0	2
2	2
0	2
0	2
0	2
0	1
8	5
0	2
0	2
0	2
2	1
0	7
125	2
0	2
56	2
0	2
0	2
6	2
0	2
488	2
0	2
0	2
0	1
0	2
0	2
39	2
0	4
0	2
0	7
0	2
0	2
0	2
0	2
0	2
0	8
0	2
0	2
68	7
0	2
0	7
0	1
0	7
74	7
259	2
0	2
0	8
0	2
0	6
29	2
0	2
0	2
0	2
0	1
0	5
0	5
0	2
0	6
0	7
0	2
0	5
0	2
245	2
0	2
753	2
0	2
0	1
0	2
3	2
0	6
0	2
0	2
0	2
0	2
0	2
0	2
0	2
22	6
0	2
0	1
0	2
88	2
0	2
0	2
0	2
0	2
0	2
0	2
0	2
24	2
62	2
0	6
0	2
201	6
0	2
8	5
0	2
0	1
0	2
0	2
0	2
0	2
5	2
0	8
0	2
0	7
0	2
0	7
0	2
0	2
0	2
292	7
0	2
0	2
0	2
0	7
105	2
0	2
69	2
0	2
105	4
0	1
18	2
0	2
0	2
0	2
34	6
0	2
22	6
0	2
0	2
0	5
7	2
0	8
3	2
0	2
0	2
0	7
19	2
0	2
0	2
0	2
0	8
0	2
0	1
0	2
0	2
0	2
0	2
0	7
0	7
0	2
658	2
0	7
6	2
0	1
0	5
0	7
0	4
254	2
36	2
1	6
0	2
0	2
0	2
0	4
0	1
0	2
0	2
0	2
13	2
0	2
0	8
0	2
0	2
0	7
0	7
17	2
0	2
0	7
0	2
0	2
0	2
0	1
0	2
0	4
0	6
0	2
0	2
0	2
30	1
507	2
0	2
70	8
0	2
0	2
0	2
0	2
0	2
0	2
0	2
0	2
16	2
17	6
0	2
0	2
0	2
0	2
0	2
0	2
0	6
0	2
632	1
37	2
0	2
0	5
5	7
0	6
37	8
0	2
0	8
463	6
0	2
583	2
0	1
0	2
0	2
68	2
0	1
20	2
0	2
186	2
0	2
0	2
0	7
0	2
0	2
0	2
0	2
1	2
0	2
505	6
0	2
0	2
5	2
0	2
1	7
29	7
563	2
0	2
877	2
0	2
0	2
0	4
0	1
0	2
0	2
0	2
0	2
0	2
0	2
109	1
0	2
0	2
4	2
0	2
0	2
0	2
0	2
155	2
0	7
8	2
37	2
129	2
0	1
56	5
8	2
121	2
9	2
0	2
0	2
18	2
0	5
228	2
0	6
0	2
0	2
0	2
0	2
274	2
0	2
0	8
0	7
331	5
0	7
0	2
1526	4
4	2
0	2
0	2
0	2
0	2
0	2
0	2
0	2
0	1
11	4
0	5
0	2
0	2
0	2
0	2
0	5
0	2
0	5
15	2
0	2
0	5
0	2
0	7
0	2
0	6
0	2
0	2
0	6
0	2
0	6
76	2
0	2
54	2
0	2
0	2
0	2
0	2
0	2
0	2
0	1
0	2
43	2
0	1
188	4
181	2
0	2
0	2
0	1
0	2
10	5
0	1
0	6
0	7
0	2
0	2
0	2
0	7
0	2
1	2
3	1
0	6
0	7
0	6
0	2
0	2
0	2
0	2
0	2
4	2
0	6
27	2
0	7
0	2
0	2
0	2
0	4
30	2
0	8
529	2
0	2
0	6
0	2
0	1
0	2
0	2
0	2
0	2
0	8
0	2
0	6
0	2
0	2
224	4
0	2
0	2
0	5
0	2
0	2
0	2
3	1
0	8
0	8
0	1
0	2
0	7
252	8
0	2
57	2
0	2
0	2
0	1
0	2
171	2
0	2
0	1
36	6
0	8
0	2
0	2
3	2
0	2
0	2
0	2
0	2
0	2
0	2
0	2
13	2
0	2
0	2
0	2
0	6
0	1
0	2
0	1
0	2
6	2
0	5
25	2
0	2
0	2
306	2
0	6
0	2
7	2
0	2
0	2
0	2
15	2
0	2
0	2
0	8
25	2
0	1
46	5
0	2
0	2
0	2
0	7
0	2
0	7
0	2
0	2
0	2
0	2
0	2
0	2
0	2
0	2
0	2
0	2
0	2
266	2
0	2
26	2
0	2
107	6
0	2
180	2
0	2
0	2
0	1
3	2
3	2
0	2
0	1
0	2
0	5
0	2
101	2
0	2
3	7
0	2
0	2
0	5
0	2
9	2
517	2
0	7
0	1
0	8
0	2
0	2
0	2
0	2
0	2
3430	2
0	8
0	2
0	2
0	4
0	2
26	2
0	2
0	4
2	8
0	2
20	2
0	2
0	2
0	2
0	2
0	2
0	2
88	2
0	2
13	2
207	5
17	2
0	2
0	2
3	2
0	8
0	2
0	6
54	2
0	2
0	2
0	2
0	2
0	2
0	6
0	2
0	2
0	6
46	2
0	8
3	2
0	2
0	2
0	2
4	2
0	2
22	2
0	2
0	2
0	2
0	2
0	2
0	2
0	1
0	2
0	2
0	6
0	2
0	4
0	2
0	6
29	4
0	2
988	6
0	6
0	2
0	2
0	5
281	2
0	2
0	7
0	2
31	2
5	2
0	2
0	2
0	2
0	1
57	2
0	2
63	2
0	6
4	2
46	5
0	5
0	1
658	2
0	2
0	2
0	1
8	2
0	7
0	2
27	2
0	2
0	7
0	2
0	5
0	6
3	1
0	2
0	2
0	2
0	2
0	1
17	2
0	2
0	2
1656	6
0	2
0	2
0	5
73	2
0	2
14	2
0	1
0	2
0	2
0	2
0	2
0	1
0	2
77	5
0	1
0	2
0	2
3811	6
0	4
11	2
0	2
0	2
0	2
0	2
0	2
8	8
0	2
0	2
0	2
0	2
0	2
0	2
44	2
0	2
1	1
0	2
0	2
0	2
0	2
0	2
0	2
0	1
0	2
0	7
0	2
130	2
0	2
0	2
0	7
0	5
0	1
0	2
0	1
0	2
266	1
117	6
0	2
204	2
0	2
0	2
0	2
8	2
102	2
0	7
0	2
0	2
0	2
0	2
0	7
5	2
1737	6
0	2
94	8
0	1
14	4
0	2
0	2
0	6
54	7
0	1
0	2
0	2
0	2
0	2
5	2
6	2
0	2
0	6
0	2
116	2
0	2
0	4
93	2
0	4
97	2
0	2
9	2
0	2
0	2
0	2
0	4
0	5
0	2
792	2
0	2
0	2
0	2
0	2
0	2
0	2
0	2
192	2
0	2
53	2
2	2
121	6
0	7
0	2
0	2
0	8
0	8
0	2
0	2
0	2
2387	2
99	2
2	2
614	2
24	1
455	2
0	6
0	6
0	1
0	2
0	2
92	7
245	2
0	2
0	2
0	2
0	4
0	2
0	2
0	6
0	2
0	2
0	4
0	2
0	2
0	2
0	2
0	7
0	2
174	2
0	2
0	1
0	2
79	2
25	4
0	2
2	2
0	2
0	2
0	2
0	2
3	2
68	2
0	7
58	6
0	7
0	2
0	2
0	2
0	2
0	2
0	7
0	1
0	2
0	2
0	1
11	2
266	2
0	4
0	2
0	2
193	2
0	7
109	2
47	2
0	2
0	2
0	7
0	7
0	2
0	4
0	1
0	7
0	2
0	2
0	1
0	2
0	7
57	2
0	2
0	2
0	2
148	2
0	2
0	2
1765	2
0	2
0	4
0	6
0	2
0	1
0	1
0	2
2	1
0	1
0	8
2	2
0	8
0	2
0	2
0	2
0	2
0	1
0	2
0	4
0	7
0	8
23	2
0	7
0	6
0	2
0	7
0	8
1	2
0	2
0	2
0	2
288	6
0	1
0	2
0	7
20	2
0	2
58	2
0	2
0	2
0	8
0	2
0	2
0	2
0	2
0	2
0	2
0	2
0	6
0	7
0	6
0	7
0	4
0	2
0	2
13	2
11	2
0	1
0	2
56	2
0	2
0	2
0	2
0	2
14	2
0	2
14	5
0	6
0	2
0	2
3	2
0	2
