3058	1
3273	1
6050	194
4728	59
5911	96
3066	4
7788	214
2869	1
3730	14
2969	1
3063	1
8409	306
2561	1
4876	67
3020	4
4640	58
2567	1
2742	1
3584	34
6333	118
2334	1
7596	324
2981	1
3871	44
3123	1
9122	350
3005	1
4100	23
4896	59
3620	23
4198	26
2830	1
2826	1
2603	1
3296	1
3225	1
4314	77
5898	95
2904	1
3685	19
3146	1
7665	174
4515	97
6439	105
4606	75
4264	30
2610	1
7687	194
5916	183
7479	377
5222	64
5003	180
3034	1
8164	587
4641	66
5241	90
2967	1
3211	1
3617	16
3148	1
2956	4
2884	1
3405	31
4198	27
2838	1
3415	9
7383	223
2097	1
3192	1
2472	1
5167	90
3012	1
4875	62
3070	1
2522	1
8028	427
8902	508
5856	68
4915	57
4774	40
4013	24
3363	10
2746	1
2975	1
2734	1
2696	1
8001	358
4619	52
2740	1
2709	1
8133	277
3229	7
5086	149
4399	44
3795	16
2877	7
2467	1
5009	67
3412	20
2762	1
2610	1
3232	1
3281	8
5970	112
7837	260
6237	195
2226	1
2723	1
6220	130
2914	1
6017	87
7501	281
8371	566
3930	22
3947	15
3362	18
2874	1
3898	28
2674	1
2868	6
2603	1
2765	10
3000	1
3005	1
8265	344
4405	41
4660	38
2992	5
3001	1
5334	80
8507	317
4103	35
2884	1
7936	342
2594	1
3527	5
6190	129
5854	91
2398	1
8120	262
2156	1
5309	108
5685	57
3663	23
2962	1
2859	1
6565	167
2950	1
4801	38
7055	162
2845	1
5568	96
6367	131
4364	51
8801	629
2990	1
2682	1
3071	3
4687	54
2904	1
5212	149
3022	1
4704	58
7656	257
6331	130
3007	1
2670	1
7217	202
2823	5
2964	1
7772	396
2874	1
5027	65
0	32
3222	1
3813	14
5664	150
7420	215
3231	1
4439	39
2881	1
3587	33
5069	83
3094	1
2774	1
2896	1
3032	2
2947	1
4358	51
2784	1
4797	75
3413	10
6348	158
5230	89
3148	1
5352	121
2871	1
3077	1
2904	1
6471	190
2812	1
3848	19
5778	155
5301	104
2951	1
4280	38
5124	44
3160	1
2959	1
3422	12
4219	21
5440	72
6396	155
2880	1
3201	1
2827	1
3551	40
7289	136
5048	78
4846	52
3114	1
2761	1
6460	114
2610	1
2894	1
6965	245
2915	1
2826	1
3201	1
8604	299
6996	237
3241	15
7084	149
5875	146
2826	1
5680	180
7721	245
7324	246
3155	1
6505	250
2603	1
3194	1
3332	1
5896	97
2969	1
3864	25
2937	1
3170	1
3817	20
2956	1
5257	67
3095	1
3943	32
7758	264
2884	8
9155	631
3105	1
3875	21
9223	551
7668	425
7914	585
3328	1
3050	1
4823	44
3723	16
5129	65
2392	1
2856	1
5206	88
6507	127
3129	1
4972	39
2682	1
7259	139
4168	33
6652	476
3326	1
4090	38
2928	1
2495	1
7661	369
7822	207
6358	153
6756	203
2827	1
3213	1
2895	1
3205	2
7129	215
6556	121
2654	1
3886	18
4808	67
6424	187
7038	150
2459	1
5495	75
2876	1
9119	546
5953	122
4704	52
5175	86
4036	38
6424	271
7813	220
4735	51
1759	1
8740	393
6468	104
2368	1
3409	7
2999	1
3019	1
3874	22
6253	122
2943	1
2976	1
3966	19
2749	1
2121	1
4227	30
2507	1
3126	1
3420	15
6489	177
7448	214
2770	1
2479	1
3085	1
2843	1
2928	1
3219	1
4844	57
5874	107
2774	1
7118	157
4912	56
2726	1
3001	1
3207	1
3080	1
2329	4
3003	5
2441	1
7482	533
9019	480
3037	1
2843	1
2897	1
3584	6
3026	1
2897	1
3917	47
2925	1
2682	1
6990	148
2850	1
3382	7
3170	1
2952	1
3878	33
2703	5
7237	206
2637	1
6178	140
6976	208
3054	1
6494	174
2924	1
2981	1
3794	37
5952	150
2890	1
3266	6
3241	1
2790	1
2769	6
1685	1
3136	1
2944	1
2927	1
3518	23
3110	1
2700	1
5375	85
4480	41
2451	1
7491	328
4793	50
3267	1
2810	1
8463	479
3103	1
2614	1
2888	1
2849	1
2728	1
2810	1
5688	110
2917	1
3636	11
7756	433
5346	77
5850	150
6920	177
3870	23
3114	1
2282	1
2860	11
2954	1
6467	146
2914	1
3795	8
2599	1
2930	1
3996	26
4274	30
2768	1
6269	243
2755	1
2961	1
3271	1
2944	1
2880	1
3464	12
9487	431
3745	13
3680	32
4344	36
2930	1
2599	1
5691	88
3113	1
8319	410
3211	9
3059	27
2928	1
3129	1
3814	19
3190	1
3004	1
7062	199
6940	221
5609	136
7359	259
2959	1
3007	1
7449	311
2206	128
2841	1
9034	288
6881	136
5276	73
5386	81
6207	210
3093	1
3099	1
2801	1
3033	1
4233	22
3078	1
2758	2
6317	120
6083	130
3488	20
3085	1
2376	1
2611	1
2721	14
7190	216
2767	1
7853	270
3279	1
3080	1
3960	22
2827	1
3064	1
5570	72
5862	97
4325	52
2718	1
7826	304
4407	34
2980	1
2916	1
2981	1
3938	34
2723	1
2728	1
6112	88
3361	6
4252	63
5343	129
5642	160
2968	1
2637	1
2960	1
3560	14
2313	1
4538	37
2819	1
3047	3
2655	1
6395	149
3940	35
5289	104
7130	203
3351	7
5703	244
5386	90
4015	34
3193	5
8596	551
8823	475
7455	206
5633	94
2815	1
4583	36
2755	1
4398	36
2525	1
5277	53
2966	1
3304	13
3391	1
3150	1
6380	196
4410	27
2876	1
8027	378
7459	220
2935	1
2954	1
9186	487
3035	1
2685	1
6639	197
3140	1
2879	1
8660	395
3223	1
3043	1
3153	9
4978	69
4760	42
3069	1
2906	1
4157	28
2622	1
2534	1
4233	33
4702	63
8369	276
3040	1
3078	1
3110	1
5443	69
2923	1
2889	1
2823	1
4540	36
2926	1
2938	1
7346	231
3745	42
6247	112
3019	1
4959	50
3040	1
3458	21
6412	137
6578	226
3125	6
2664	1
2529	1
5673	102
2960	1
9601	469
3027	1
5969	130
2465	1
9164	422
2771	1
3991	21
3016	1
7629	274
2595	1
5302	98
2947	3
3020	1
4612	56
2846	1
3014	1
7519	313
2746	1
3107	1
7110	164
3312	31
5732	71
2755	1
2714	1
5230	64
4137	153
2516	1
4216	60
3079	1
2598	5
2567	1
6549	151
2878	1
6576	115
3064	1
2804	5
3040	2
747	1
6437	193
3264	9
2902	1
9118	460
5542	79
4322	36
2809	1
2905	1
4828	57
2965	1
5012	66
2844	1
2937	1
7561	234
2407	42
6303	125
8857	408
3967	45
2838	1
5894	121
4313	26
3968	66
2847	1
3483	17
2909	1
3178	1
6242	128
3008	1
5950	87
3025	1
2956	1
5796	89
3650	19
3028	1
2919	1
5009	63
2925	1
4327	44
4876	100
2927	1
7551	235
2578	1
3369	1
2915	1
2780	10
2830	1
3093	1
4573	52
2626	1
7890	460
2950	1
4349	27
3216	11
3619	8
2746	1
2141	1
2838	1
2642	1
2970	1
7648	200
3031	1
2544	1
4097	35
6151	134
7361	202
5168	48
3768	16
3299	1
6285	340
2925	1
3396	14
2660	1
3094	1
3315	1
2961	1
3016	1
5702	89
8082	300
2330	1
5260	113
3060	1
2920	1
4530	46
3230	1
2878	5
2759	1
3151	6
3026	1
2723	1
2960	1
5511	83
2928	1
3057	31
4625	45
2446	1
8317	352
4114	30
2819	1
2750	1
3274	8
4540	55
8580	446
3097	1
2768	1
3130	1
3099	1
2944	1
2682	1
2926	1
2831	1
6559	177
7804	249
3207	7
6741	151
2961	1
4103	28
5425	106
3217	9
7117	315
3092	1
3509	4
2933	1
2988	1
2815	1
2718	1
3107	4
3047	1
6763	316
8152	250
5570	92
4456	45
2753	80
3071	1
4617	42
2838	1
3773	12
7127	323
3913	22
7033	194
4537	43
3338	6
3043	1
2778	1
2701	12
2447	1
3493	1
3873	18
6871	356
5522	81
4945	50
3320	1
4363	35
6004	89
3243	10
3013	1
2940	1
2855	1
8373	325
4167	29
2756	1
3059	1
2325	1
3709	30
6291	133
3095	1
7562	332
2981	1
2671	1
3351	17
2713	1
2928	1
5636	86
2491	1
8388	463
3005	1
7697	276
7194	218
3544	23
3243	1
2899	1
6507	151
3010	1
3122	1
2948	1
8081	442
3139	1
2775	1
2972	1
3004	1
5749	121
2443	1
3061	1
3039	10
5268	81
2881	1
2687	1
4261	36
3040	1
3061	1
2880	1
2606	1
3239	5
8205	493
2483	1
5126	52
2376	1
2748	1
2858	1
3083	1
2935	1
2715	1
2681	1
5137	77
2431	1
3532	40
4337	44
6154	246
2762	1
2650	1
3552	14
2524	1
5806	94
2747	1
4244	28
2969	1
5886	184
2320	1
4434	33
6177	241
2559	1
4865	46
2833	1
3248	1
2917	1
6974	206
2321	1
3042	1
7005	169
5811	101
4741	57
3568	13
2741	1
2788	13
5185	87
3168	6
8179	292
6149	118
2958	1
2985	1
2565	1
7809	308
3049	1
6355	128
2806	1
2867	1
2878	11
3227	11
3936	34
2653	10
2941	1
2892	1
3230	1
2582	1
6019	322
2639	1
8280	324
3468	14
2945	1
2654	1
6227	238
3314	11
4750	43
2613	1
8741	484
2632	1
2505	1
3027	1
4604	53
2967	1
3643	19
3065	1
8263	235
3364	35
2952	1
2630	1
2111	1
4461	40
2855	1
3434	1
4283	34
5659	88
3786	39
4222	53
3211	1
2960	1
4712	50
2908	1
9462	484
3800	10
2567	1
3094	1
3336	1
2176	1
3202	6
2577	1
9145	535
5627	98
2975	1
5947	104
7297	251
2560	1
2959	1
3046	1
3042	1
3330	1
6273	120
2389	1
6767	185
3198	14
3151	1
4594	48
2987	1
4244	47
2493	1
4279	31
8415	285
5988	74
3151	1
5778	158
2803	1
2691	1
3749	19
3192	1
8968	481
2259	1
3051	8
3403	8
6239	118
3154	1
7165	140
2852	1
3051	1
4748	38
3030	1
4976	47
3415	1
7097	230
2942	1
4545	48
2847	1
2965	1
3287	1
2748	1
3123	1
7010	173
6313	179
2749	1
2958	1
3012	1
5241	55
3036	1
2690	1
3943	34
5713	97
4301	40
2963	1
2944	1
5028	56
3016	4
3519	23
3047	1
3690	15
2822	1
2868	1
4191	32
3559	26
8437	362
7168	242
2970	1
5220	83
2930	1
7246	141
3207	1
3383	13
3123	1
5687	95
6267	168
2920	1
3980	50
8084	309
3057	1
2808	1
4331	41
3018	1
5510	72
4813	63
3018	1
2789	1
3738	14
7845	464
2509	1
2488	1
3739	26
3240	1
6148	126
3333	3
5093	53
4625	46
4667	66
2789	2
3297	1
2975	1
4131	26
3371	33
9541	662
5478	64
2923	4
4163	31
5943	109
2899	1
3328	1
2971	1
6942	256
3622	33
3147	1
2512	1
3758	25
7257	249
3878	40
2496	1
3046	1
3746	17
2806	1
5145	73
2456	1
6111	171
8407	435
2744	3
3381	1
6636	200
2313	1
2654	1
2920	1
8075	383
3010	1
2887	1
2163	1
3255	1
2550	1
8258	444
7659	355
8149	211
2897	1
3267	1
4728	54
3319	6
3193	2
6770	273
3886	23
2675	1
2961	1
2811	7
5417	82
3452	14
2864	1
6551	151
2427	6
3167	1
2840	1
5934	108
7749	242
3139	1
7517	477
3108	1
4028	19
7947	442
2990	1
7212	220
2798	1
4126	15
2689	1
3758	21
4202	34
8001	286
7461	285
4391	63
2859	1
9021	525
8040	501
2740	1
6356	131
2980	1
6848	143
7603	309
2761	1
7011	244
2863	1
2935	1
3267	9
3189	1
2956	1
3149	1
4502	32
3072	1
4260	23
6449	156
2956	1
6524	162
2915	1
2918	1
2945	1
6030	84
6684	226
2880	1
3017	1
3030	1
3319	1
6143	188
5583	105
8332	547
3040	1
4897	55
2997	1
2862	1
2904	1
7762	271
2855	1
1274	1
2476	1
1957	1
2763	13
2927	1
2484	1
3379	1
5002	79
8383	404
2921	1
2905	1
2999	1
6394	142
8080	236
2969	1
4359	42
2976	1
3019	1
6366	123
5099	83
2946	1
2479	1
3070	1
2526	1
5683	82
6661	153
4089	27
2833	5
2866	1
3325	1
4666	49
6057	109
2910	1
4754	51
2967	1
2763	1
4538	31
2796	1
3279	22
2772	1
5794	91
2770	1
2511	1
4592	49
3257	2
3007	1
7645	237
5642	75
3175	2
7600	245
3264	1
2887	1
8233	270
4037	28
3050	1
2683	2
3467	1
2758	1
3991	28
8938	556
2846	1
2787	1
7144	215
5185	57
3341	1
4128	27
6624	141
3428	20
3591	18
3990	29
7568	156
2952	1
3119	4
2580	1
3348	1
2825	1
3062	1
3428	19
3026	1
3393	48
5605	106
3627	33
3771	18
5961	174
2804	1
4980	38
2957	1
3425	1
4546	39
4651	51
3146	1
3260	13
2083	101
2950	1
2891	1
8754	309
2807	1
4556	57
3037	1
4883	58
2870	1
6466	116
4002	29
3623	12
5067	61
2707	1
2750	1
2807	1
3013	1
2528	1
8109	473
2826	1
3511	7
5539	62
2929	1
3526	12
2864	1
2698	1
4269	60
3291	1
4918	68
5107	60
2980	1
2487	1
8633	440
2819	1
3051	1
3122	3
7357	245
7147	187
2944	1
3057	1
4703	39
6058	123
3052	1
4335	32
8609	426
5427	173
5946	85
5480	133
3306	13
8930	384
6134	154
3123	1
5802	116
3304	7
4414	36
2903	3
4308	70
3079	6
2988	1
3218	1
2242	1
2645	1
4216	24
2513	1
2952	1
2822	1
5179	94
3555	29
2425	1
2858	1
6601	190
2549	1
3087	1
5430	155
979	1
2788	1
2726	1
7371	482
6625	237
4106	36
2947	1
3939	53
2946	1
2618	1
2491	10
3056	1
2926	1
3584	29
2958	1
5356	129
4542	52
4177	25
2748	1
3028	6
2883	1
2847	1
3042	1
2972	1
4205	19
6045	133
3067	1
3552	14
2875	1
4590	52
2523	1
3049	1
3252	1
6851	191
2375	1
2810	1
4411	41
2903	1
2832	1
3339	18
2900	1
3310	5
4020	38
2122	1
2911	1
3040	1
2388	1
2785	1
2992	1
2750	1
2883	1
8636	474
2780	1
4328	43
7980	346
6772	216
7479	144
2861	1
3157	1
2863	1
4979	57
8078	210
2655	1
3020	4
7610	291
2965	1
5293	74
3696	13
3131	1
2637	1
3958	29
5732	147
6461	148
2340	1
8658	474
2746	1
3821	21
8630	341
4658	41
3100	9
7666	247
2991	1
2865	1
3148	1
2861	1
6194	88
5795	76
3898	39
3341	1
2887	1
6669	146
3205	1
2520	1
3060	1
5078	91
2614	1
2773	1
2855	1
3473	9
2960	1
3016	3
8393	330
3301	10
2788	1
2571	1
3340	1
3328	1
2497	1
6096	135
2885	1
7856	236
3330	6
2946	1
4095	42
4590	76
3111	18
2976	1
3823	21
3158	1
8875	549
2406	1
6877	241
2618	1
3215	10
2631	1
2505	1
6083	105
4949	103
2784	1
2827	1
2684	1
5165	62
3210	1
9052	580
2928	1
2674	1
5951	134
2550	1
3319	1
3029	1
2811	1
2750	1
2808	1
5895	143
8172	427
5866	108
2358	1
3103	5
3868	25
3090	1
2850	1
2862	1
2896	1
3654	36
6256	190
3025	1
8783	551
6673	143
2702	1
4976	70
6254	300
2981	1
6132	107
3317	15
2991	1
3355	1
6961	314
4088	51
4861	57
4914	51
9241	485
5895	111
2802	1
3280	1
3045	1
2980	1
3152	1
8198	348
5625	142
3257	1
8480	417
2893	1
7539	306
2896	1
7688	249
6612	134
3122	1
3294	1
3345	14
3577	14
3954	54
7518	254
9692	564
2277	1
7917	347
3827	30
2875	1
6156	148
2645	1
3175	4
1267	1
5789	88
2425	1
2889	1
3205	1
8249	468
2619	1
4143	32
4986	96
2901	1
3005	13
5192	62
5623	143
9420	511
4549	32
2711	1
7492	334
4980	70
3580	27
3509	17
5993	88
8577	371
3028	1
3864	17
3239	1
7928	371
2812	1
4062	30
2992	1
3254	1
2451	1
2361	1
3382	10
4068	24
5890	111
2456	1
5218	83
3941	36
2793	1
2831	1
2666	1
5494	129
3245	22
3244	1
4634	97
2870	1
3114	1
2885	1
2294	1
3397	1
7094	144
3157	1
5811	94
7807	226
2991	1
2721	1
2807	1
3011	1
3334	18
3028	17
3062	1
4545	45
2874	1
2984	1
6672	165
3084	1
7337	184
5189	101
2903	1
2926	1
3834	30
3183	1
3044	1
3608	15
2883	1
3203	7
2906	1
3840	16
6668	155
2937	1
3571	17
6546	273
2921	1
5188	53
2752	1
3053	12
3221	15
8030	392
9999	540
4747	57
5029	55
7117	178
3021	1
3293	10
4324	43
4263	23
8080	581
7684	242
5887	101
3014	1
2376	1
4362	32
2902	1
5532	95
2965	1
8140	382
2565	1
4799	65
2515	1
3292	1
2371	1
6901	188
5507	62
3208	1
2978	1
8834	363
3390	8
5600	93
2720	1
2758	1
2801	1
3133	1
6660	153
3577	17
3179	1
4760	97
4919	45
3184	1
2690	1
4321	54
2907	1
2973	1
2512	1
7136	172
6196	152
59	1
4565	45
4831	61
3214	32
2593	1
8181	255
3745	11
2930	1
6902	167
4625	64
8088	285
3190	1
2795	10
4712	50
2323	9
986	1
4801	69
2903	1
3344	1
7024	176
3427	27
2823	1
9283	356
5598	157
2964	1
3007	1
3437	15
3244	1
7539	187
3718	48
5310	85
4682	43
2373	1
8495	271
2708	1
2823	1
3328	1
3007	2
2586	1
3176	1
3029	1
2886	1
3183	1
3305	8
5470	118
3581	11
4429	48
3323	38
3106	1
2943	12
5605	121
2538	1
3560	17
2675	16
2864	1
6554	164
3333	1
4878	49
3011	1
2851	1
3067	1
8987	453
2753	1
2748	1
7668	208
3213	6
3341	15
2625	1
7674	221
2660	1
2957	1
7364	208
2764	1
3000	1
7759	283
5825	109
3136	1
2372	1
6961	207
3046	1
8832	514
4673	44
2966	1
2923	1
3763	16
2768	1
2781	1
2537	1
2764	1
2777	1
7325	260
