1	1
1	11
0	1
1	1
0	1
0	1
1	16
1	1
1	1
1	1
1	1
0	1
1	1
1	1
1	1
1	1
1	1
0	1
1	1
1	1
1	1
0	1
1	1
1	21
0	1
1	1
1	1
1	1
1	1
1	21
1	1
1	1
1	1
1	1
1	1
1	1
0	1
0	1
1	1
1	1
1	1
1	1
1	1
1	1
0	1
1	1
1	21
0	1
1	25
1	1
1	1
1	1
1	1
0	1
0	1
1	1
1	1
1	1
1	1
1	1
1	1
1	1
1	1
1	1
0	1
0	1
1	1
1	1
1	1
1	1
0	1
1	1
1	1
1	1
1	6
1	1
0	1
1	1
0	1
1	27
1	1
1	1
1	1
1	1
1	1
1	1
1	1
1	1
1	1
1	1
1	1
1	1
1	1
0	1
0	1
1	1
1	1
0	1
1	1
0	1
1	1
1	1
1	1
1	1
0	1
1	1
1	1
1	1
0	1
1	29
1	1
1	1
1	1
1	21
1	1
1	1
0	1
1	1
0	1
1	1
1	1
1	7
1	1
1	40
1	1
1	1
1	1
0	1
1	1
1	33
1	1
0	1
1	1
0	1
1	1
1	1
1	1
0	1
0	1
0	8
1	1
1	1
1	1
1	1
1	1
1	1
1	1
1	1
1	1
1	1
1	1
0	1
0	1
1	1
1	1
0	1
1	1
1	1
0	1
1	1
1	1
1	1
0	1
0	1
1	1
1	1
1	1
1	1
1	1
0	1
1	1
1	1
1	1
1	1
1	1
1	1
1	21
1	1
0	1
0	1
0	1
1	1
1	1
1	1
0	1
1	1
1	1
1	1
0	1
1	1
0	1
1	1
1	1
1	1
1	1
1	1
1	1
1	1
1	21
1	1
1	2
0	1
0	1
1	1
1	1
0	5
1	1
1	1
1	1
1	1
1	24
1	1
1	1
1	1
1	1
1	1
0	1
1	13
1	1
1	1
1	1
0	1
1	1
1	1
1	1
1	1
1	1
1	1
1	1
1	21
1	1
1	1
0	1
1	1
1	1
1	1
0	1
1	3
1	1
1	1
0	1
1	1
0	1
1	1
1	11
0	1
1	1
1	1
1	1
1	27
0	1
1	1
0	1
1	13
1	1
0	1
1	1
0	1
0	1
1	1
1	1
0	1
1	1
1	1
1	1
1	1
1	1
1	1
1	1
1	1
1	27
1	1
1	1
1	1
1	1
1	1
1	1
1	1
0	1
0	1
1	21
0	1
1	21
1	1
1	1
1	1
1	1
0	1
1	1
1	1
1	1
1	1
0	1
1	1
1	1
1	1
1	1
0	1
0	1
1	1
0	1
1	1
0	1
1	1
1	1
1	1
1	1
1	1
0	1
1	1
1	1
1	1
1	1
1	1
1	24
0	1
1	1
1	1
1	1
1	32
1	1
1	1
0	1
1	1
1	1
1	1
1	1
0	1
1	1
1	1
1	1
0	10
1	21
1	1
0	1
0	1
1	1
1	1
1	1
0	1
1	1
0	1
1	1
1	1
0	1
0	1
1	1
1	1
1	1
0	1
1	1
1	1
1	1
1	1
1	1
0	1
1	1
1	1
1	1
1	1
1	1
1	1
0	1
1	1
1	1
1	1
1	1
1	21
0	1
0	1
1	1
1	1
1	1
1	1
1	1
1	1
1	1
1	21
1	1
1	1
0	1
1	1
1	1
1	1
1	21
1	1
0	1
1	1
1	1
0	1
0	1
0	1
1	5
1	1
1	1
0	1
1	1
0	19
0	1
1	1
1	1
0	1
1	1
0	1
1	1
1	1
1	1
1	1
1	1
1	1
1	1
1	20
0	1
1	1
1	1
1	1
1	1
1	1
1	1
0	1
1	1
0	1
1	1
1	1
1	1
0	1
1	21
1	1
1	1
0	1
1	1
1	1
1	1
1	11
0	1
0	1
1	1
1	1
1	1
1	1
1	1
1	1
0	1
1	1
0	1
1	1
1	1
0	1
1	3
1	6
1	1
1	1
0	12
1	1
1	1
1	1
0	1
0	1
1	1
1	1
0	1
1	1
1	1
1	1
1	1
1	5
0	1
1	1
1	1
1	1
0	1
0	1
1	1
1	1
1	1
1	1
1	1
1	25
0	1
0	1
1	1
1	1
1	1
1	1
1	1
1	1
1	1
1	1
1	1
1	1
1	1
0	1
1	1
1	1
1	1
1	1
1	1
1	1
1	1
1	16
1	1
0	1
1	1
0	1
0	1
0	1
1	1
1	1
1	1
1	1
1	1
0	1
0	1
1	1
1	1
1	1
1	1
1	1
1	1
1	1
1	1
1	1
1	1
1	1
1	1
1	1
1	1
1	1
1	21
1	1
1	1
0	1
1	1
0	1
0	1
1	1
1	1
1	1
0	40
1	1
1	1
0	1
1	1
1	1
1	1
1	1
0	1
0	1
1	1
1	1
0	1
1	1
1	1
1	1
1	1
1	1
0	1
0	1
1	1
1	1
1	1
1	1
1	1
1	1
1	37
0	1
0	29
1	1
0	1
1	13
1	1
1	1
1	1
1	1
1	1
1	1
1	1
1	21
1	1
1	37
0	1
0	17
1	1
0	1
1	1
1	1
1	1
1	1
0	1
0	1
0	1
1	1
1	1
1	1
1	1
1	1
1	1
1	1
1	1
1	1
1	1
1	1
0	1
1	1
0	1
1	1
0	1
0	1
1	1
1	1
1	1
1	1
0	1
0	1
0	1
1	1
1	1
1	35
0	1
0	4
0	1
0	1
1	1
0	1
1	1
1	1
1	1
0	1
1	1
0	1
1	1
0	1
1	1
1	1
1	1
1	1
1	1
1	1
1	1
1	1
0	1
1	16
0	1
1	1
0	1
1	1
1	1
1	1
1	4
0	1
1	1
0	1
1	1
1	1
0	1
0	1
0	1
1	1
1	5
1	1
1	1
1	1
1	1
1	1
1	1
1	1
0	1
1	1
1	1
1	1
0	1
1	1
1	1
0	1
1	1
1	1
1	1
1	1
1	1
1	1
1	1
1	12
0	1
1	1
1	1
1	1
1	1
0	1
1	1
0	1
1	1
1	1
1	1
1	1
1	1
1	1
0	1
1	1
1	1
1	1
1	22
0	1
1	1
1	1
1	1
1	1
1	1
1	1
1	1
1	1
1	1
0	1
1	1
1	1
1	1
0	1
1	1
0	1
1	1
0	1
1	1
1	21
1	1
1	1
1	1
1	1
1	1
1	1
0	1
1	1
1	1
1	21
1	1
1	30
1	1
1	1
1	1
1	1
1	1
0	5
1	1
1	6
1	1
1	1
0	1
1	1
1	1
1	1
1	1
1	1
0	21
0	1
1	1
1	1
1	1
1	1
1	1
1	1
1	1
0	1
1	1
1	8
1	21
1	1
1	1
1	1
0	1
0	1
0	21
1	1
0	1
0	1
1	1
0	1
1	1
1	1
0	1
1	1
1	1
1	1
0	1
1	1
1	1
1	1
1	1
1	1
0	1
1	1
1	1
1	1
0	1
1	1
1	1
0	18
0	1
1	1
0	1
1	11
1	1
1	1
1	1
1	1
1	1
1	1
1	1
1	1
1	1
1	1
0	1
1	1
1	1
1	1
1	21
1	1
0	1
1	1
1	37
1	1
1	1
1	1
1	1
1	1
1	1
1	1
1	1
1	1
1	1
0	1
0	1
1	1
1	1
1	1
1	1
1	1
0	1
1	1
1	1
1	1
1	1
1	1
0	1
1	1
1	1
0	40
1	1
1	1
1	1
1	1
1	1
1	1
1	1
1	1
1	1
0	1
0	1
1	1
0	1
0	1
0	1
1	1
1	1
1	1
1	1
1	1
1	1
1	1
1	1
0	1
0	1
1	1
0	1
1	1
1	1
1	1
1	1
0	1
0	1
1	1
1	1
1	1
1	1
1	1
1	1
1	1
1	1
0	1
1	6
1	1
1	1
1	1
1	1
0	1
1	1
1	1
1	1
1	1
0	1
1	1
1	1
1	1
1	12
1	1
1	1
1	21
1	1
1	1
1	1
1	1
1	1
1	1
1	1
1	1
1	21
1	1
1	1
1	1
1	1
1	1
1	1
1	1
0	1
1	1
1	1
1	1
1	13
1	1
1	1
1	1
1	1
1	1
1	1
0	1
1	1
1	1
1	36
1	1
0	1
1	21
1	1
1	1
1	1
1	1
0	1
0	1
1	1
0	1
0	1
0	1
0	1
1	1
0	1
1	1
1	1
1	1
1	1
1	1
1	1
0	1
1	1
1	1
1	1
1	1
1	1
1	1
0	1
0	1
1	1
0	1
1	1
0	1
1	1
1	1
1	1
1	1
1	1
1	21
1	1
0	1
1	1
0	1
0	1
1	1
0	1
1	27
1	1
0	1
1	1
1	1
0	1
0	1
0	1
0	1
0	1
0	1
1	1
1	1
0	1
1	1
1	1
1	1
0	1
1	1
1	1
1	1
1	1
1	1
1	1
1	1
1	21
1	1
1	1
1	1
0	1
1	1
1	1
0	1
1	1
1	1
1	1
0	1
1	1
0	1
1	1
0	1
1	1
1	1
1	1
1	1
0	1
1	1
1	1
1	1
1	1
1	1
1	1
1	37
0	1
0	1
1	1
0	1
1	1
1	1
1	1
1	1
1	1
0	1
0	1
0	1
1	1
1	1
1	11
0	1
0	1
1	1
1	1
1	1
1	1
1	1
1	1
1	1
1	1
1	1
1	1
0	1
1	1
1	1
1	1
1	1
0	1
1	1
1	4
1	1
1	1
0	1
1	32
0	1
1	1
1	1
1	3
1	1
1	1
1	21
1	1
1	1
1	1
1	1
1	1
1	1
0	1
1	1
1	1
1	1
1	1
1	1
0	1
1	1
1	1
1	1
0	1
1	1
0	1
0	1
0	1
1	1
0	1
1	1
1	1
1	1
1	1
1	1
1	1
1	1
0	1
1	1
1	1
1	1
1	1
1	1
1	1
1	1
0	1
1	1
1	1
1	1
1	1
1	1
1	1
0	1
1	1
1	1
1	1
1	1
1	1
1	1
1	1
0	1
1	1
1	1
1	1
1	1
1	1
1	1
1	1
1	1
1	1
1	30
0	1
1	1
0	1
1	1
1	1
1	1
1	21
1	1
1	1
1	1
0	1
1	1
1	1
1	1
1	1
1	1
1	1
0	1
0	1
1	1
1	1
0	1
1	1
1	1
0	1
1	1
0	1
0	1
1	1
1	1
1	1
1	1
1	17
1	1
1	1
1	1
1	1
0	1
1	1
1	1
1	1
1	1
1	1
1	1
0	1
1	1
0	1
1	1
1	1
1	1
1	1
1	1
1	1
1	1
1	1
1	1
1	1
1	1
1	1
1	1
0	1
1	1
0	1
0	1
1	1
1	1
1	1
1	1
1	1
1	1
1	1
1	1
1	1
1	1
1	1
1	1
1	1
0	1
1	3
0	1
1	1
1	1
1	1
0	1
1	1
1	1
1	6
0	1
1	1
1	1
1	1
1	1
1	1
0	1
1	1
1	1
1	1
0	1
1	1
1	1
1	1
0	3
1	1
1	1
1	1
1	1
1	1
0	1
1	1
1	1
1	1
1	1
1	1
1	1
0	1
1	21
1	1
1	1
1	1
1	1
1	1
1	1
1	1
1	1
1	3
1	1
1	1
1	1
1	1
1	1
1	1
0	1
1	1
1	1
1	1
1	1
1	1
0	1
1	1
1	29
1	1
1	1
1	1
1	1
1	1
1	1
1	1
1	1
1	1
1	21
1	1
1	1
1	1
1	1
1	21
1	1
0	1
1	1
1	1
1	1
1	1
0	6
0	1
1	1
0	1
0	1
1	1
1	1
0	1
0	1
0	1
1	40
1	1
1	1
1	21
1	1
1	1
1	1
1	1
1	1
1	1
1	1
1	1
0	1
1	1
1	1
1	1
1	1
1	1
1	22
1	1
1	1
0	1
1	1
1	1
1	1
0	1
0	1
1	1
1	1
1	1
1	6
0	1
1	1
0	1
1	21
1	1
0	1
1	1
1	1
1	1
1	1
1	38
0	1
0	1
0	1
0	1
0	1
1	1
0	1
0	1
0	1
0	1
1	1
0	1
1	1
1	1
0	1
1	29
1	1
1	1
1	1
1	1
0	1
0	1
1	1
1	1
1	1
1	7
1	1
1	1
1	1
1	4
1	1
1	21
1	1
1	1
1	1
1	1
1	1
1	1
1	1
1	1
0	1
1	1
1	33
1	1
0	1
1	1
1	1
1	1
1	1
0	1
1	1
1	1
1	1
0	1
1	1
1	1
1	1
1	1
1	1
0	1
1	21
1	1
0	1
1	1
1	1
1	1
1	1
1	1
1	35
1	1
0	1
1	1
1	1
1	1
1	1
1	1
1	1
1	1
1	21
1	21
0	1
0	9
1	1
1	1
1	1
1	1
1	1
0	1
1	1
1	1
1	1
1	1
0	1
1	1
1	1
0	1
1	1
1	1
1	1
1	1
0	1
1	1
0	1
1	1
1	1
0	1
1	1
1	1
1	1
0	1
1	1
1	1
0	1
0	1
1	1
1	14
1	1
1	1
1	1
1	1
1	1
1	1
1	1
0	1
0	1
1	1
0	1
1	8
1	1
1	1
1	1
0	1
1	1
1	1
0	1
1	21
0	1
0	1
0	1
0	1
0	1
0	19
1	38
0	1
1	37
1	1
1	1
1	1
1	1
1	1
1	7
1	1
1	1
1	20
1	1
1	1
1	1
0	1
1	1
0	1
1	1
1	1
0	1
1	1
1	1
0	1
0	1
1	12
1	1
0	1
0	1
1	1
0	24
1	1
1	1
1	1
1	1
1	1
0	1
1	1
1	1
1	1
1	1
1	1
0	1
1	1
0	1
1	1
1	1
1	1
1	1
1	4
1	1
1	1
1	1
1	1
1	37
0	1
1	1
1	1
1	1
1	1
1	1
1	1
1	1
1	1
1	1
1	1
1	1
1	1
0	1
1	21
0	1
1	1
1	1
1	1
1	1
1	1
0	1
1	1
0	1
0	1
1	1
1	1
1	1
1	1
1	1
1	1
1	1
1	1
0	1
1	1
1	1
1	1
1	1
0	1
1	1
1	1
1	1
1	1
1	1
0	31
0	1
1	6
1	1
1	20
1	21
0	1
1	1
0	1
1	1
0	1
1	1
1	1
1	1
1	21
1	1
0	1
1	1
0	1
0	1
1	1
1	1
1	1
0	1
1	1
1	14
1	1
1	1
1	1
1	1
1	1
0	1
1	1
0	1
1	1
0	1
1	1
1	1
1	1
0	1
1	1
1	1
1	5
1	1
0	1
1	1
1	1
1	1
1	1
0	1
1	1
1	1
1	1
0	1
1	1
1	1
1	1
1	1
1	1
0	1
1	1
1	1
0	1
0	1
1	1
1	1
1	1
1	1
1	1
1	37
1	1
0	1
1	1
1	1
1	1
1	1
1	1
1	1
1	1
1	1
1	1
1	1
1	1
1	1
1	1
1	1
1	1
0	1
1	1
0	1
0	1
1	1
1	1
1	37
1	1
1	1
1	1
1	1
1	1
0	1
1	21
1	1
1	1
1	1
1	1
1	1
0	1
1	1
0	1
1	1
1	1
0	1
0	1
1	1
0	1
1	1
1	25
1	1
0	13
1	1
1	21
1	1
1	1
1	1
0	1
1	1
0	1
0	1
1	1
0	1
1	1
1	1
1	1
1	1
1	1
1	1
1	1
1	1
1	1
0	1
1	1
1	1
1	1
1	1
1	1
0	1
1	1
1	1
0	1
0	1
1	1
1	1
1	1
0	1
1	1
1	1
1	1
1	1
1	1
1	1
1	1
0	1
0	1
1	1
1	1
1	1
1	1
1	1
1	1
1	1
1	1
1	1
0	1
1	1
1	1
1	1
1	1
1	1
1	1
0	1
1	1
1	1
0	1
1	1
1	1
1	1
0	1
0	1
1	1
0	1
1	37
1	1
1	1
1	1
1	19
1	1
0	1
1	1
1	1
1	1
1	1
1	1
0	1
1	1
0	1
0	1
0	1
1	1
1	11
1	1
0	1
1	1
1	1
1	1
1	1
1	1
1	1
1	1
1	1
1	1
0	1
1	1
1	1
1	1
0	1
1	1
1	1
1	1
0	1
1	1
1	1
1	1
1	8
1	1
1	1
0	8
1	1
1	1
0	1
1	16
0	1
0	1
1	1
1	1
1	1
1	1
0	1
1	1
0	1
1	21
0	1
1	1
1	1
1	1
1	1
0	1
0	1
1	1
1	1
1	22
1	1
1	1
1	29
1	1
1	1
1	1
1	1
1	1
1	1
0	9
1	1
1	1
1	1
1	1
0	1
1	1
1	1
1	1
1	1
1	1
1	1
1	23
1	1
1	1
1	1
0	1
1	1
1	1
1	1
1	1
1	1
1	1
0	1
0	1
1	1
1	1
1	1
1	1
0	1
1	1
1	1
0	1
1	1
1	1
1	1
1	1
1	1
1	1
1	1
1	1
1	1
0	1
0	1
0	1
1	1
1	1
1	1
0	1
1	1
0	21
0	1
1	1
0	1
1	1
1	1
1	1
1	1
1	1
1	1
1	1
1	21
1	1
1	1
1	1
0	1
1	1
1	8
1	1
1	1
1	1
1	16
0	1
1	1
1	1
1	1
0	1
1	37
1	1
1	1
1	1
0	1
1	21
1	1
1	1
1	1
0	1
1	1
0	1
0	1
0	1
1	1
1	1
1	1
1	39
1	1
1	1
1	1
1	1
0	19
1	1
1	1
0	1
1	1
0	1
1	1
1	9
0	1
0	1
1	1
1	1
1	1
0	1
1	1
1	1
1	1
1	20
1	1
1	1
1	1
1	1
1	1
1	1
0	5
1	1
0	37
1	1
1	1
1	1
1	1
0	1
0	1
1	1
1	32
1	1
0	1
1	1
0	1
0	1
1	1
1	1
1	21
1	37
1	1
1	1
0	1
1	1
1	1
1	21
1	1
1	1
1	1
1	1
1	1
1	1
1	1
1	1
1	1
0	1
1	1
1	1
0	1
1	1
1	1
1	1
1	1
1	1
1	1
0	1
1	1
1	1
1	1
1	1
1	1
1	1
1	1
1	33
1	1
1	1
0	1
1	1
0	1
1	1
1	1
1	1
1	1
1	1
1	1
1	1
0	12
1	1
1	1
1	1
0	1
1	1
1	1
1	1
1	1
1	1
1	1
1	1
1	21
1	1
1	1
1	1
0	1
1	1
1	1
0	1
1	1
0	1
0	1
1	1
1	1
1	1
1	1
0	1
1	1
0	1
1	1
1	1
1	1
1	1
0	1
1	1
0	1
1	1
1	1
1	16
1	1
0	1
1	1
0	1
1	1
1	1
1	1
1	1
1	36
0	1
1	1
1	1
0	1
1	1
0	1
1	1
1	1
1	20
0	1
1	25
1	1
1	1
1	1
0	1
0	1
1	1
1	1
1	1
1	1
0	1
1	1
1	1
1	1
0	1
1	13
1	1
1	1
1	1
1	1
1	1
1	21
1	1
1	1
1	1
0	1
1	1
1	1
1	1
1	1
1	1
0	1
1	21
0	1
1	1
0	1
1	1
1	1
1	21
0	1
1	1
1	1
1	1
1	1
1	1
1	1
1	1
1	1
1	1
1	1
1	11
0	1
0	1
1	1
1	1
0	1
1	1
1	1
1	9
0	1
1	1
0	1
1	1
1	11
1	9
0	1
1	1
1	1
1	1
1	1
1	1
0	1
1	1
1	1
1	1
1	1
0	1
1	1
1	1
1	1
1	1
1	1
1	30
1	1
0	1
1	1
1	1
0	1
1	1
1	1
1	1
1	1
1	1
1	1
1	1
0	1
1	1
0	1
1	1
0	1
1	1
1	1
1	19
1	1
1	1
1	1
1	1
0	1
1	1
1	1
0	8
1	1
0	1
1	1
0	1
1	1
1	1
1	1
1	1
1	1
1	1
1	1
0	1
1	1
1	1
1	1
1	1
0	1
0	1
1	37
0	1
1	1
1	1
1	1
1	1
1	1
1	1
1	1
1	1
1	1
1	1
1	35
1	1
0	1
1	1
1	1
1	1
1	1
1	1
1	1
1	1
1	1
1	1
1	1
1	7
1	1
1	21
1	1
1	1
1	1
1	1
1	1
1	1
1	1
1	1
1	1
1	1
0	1
1	1
1	1
1	1
1	1
1	1
1	1
0	1
1	1
1	1
1	1
1	1
1	1
0	1
1	1
1	1
1	1
1	16
1	1
1	37
1	1
0	1
1	1
1	1
0	1
1	11
1	1
0	1
1	1
1	21
1	1
1	1
0	1
0	1
0	13
1	1
1	1
1	1
1	1
1	1
1	1
1	1
1	1
1	1
0	1
0	1
1	1
1	1
1	1
1	1
1	1
1	1
0	1
0	1
1	1
1	1
1	10
0	1
0	1
1	1
1	1
1	1
1	1
1	39
0	1
1	1
1	1
1	1
0	1
1	1
1	1
1	1
1	1
1	1
1	1
1	1
1	1
1	1
1	37
1	20
0	1
1	1
1	1
0	1
1	1
1	1
0	1
1	1
1	19
1	1
0	1
1	1
0	1
1	11
1	1
1	1
0	1
1	1
1	1
0	1
1	1
1	1
1	1
1	1
0	1
1	1
1	1
1	1
1	30
1	1
1	1
1	1
1	1
1	1
1	1
1	1
1	1
1	1
1	1
1	1
0	1
1	1
0	1
0	1
1	1
1	1
1	1
0	16
1	1
1	1
1	1
1	1
0	1
1	1
1	1
1	1
1	37
1	1
1	1
1	1
1	1
0	1
1	1
0	1
0	1
1	1
1	1
1	1
1	1
1	1
1	1
1	21
0	1
1	1
1	1
1	1
0	1
1	1
1	1
0	1
1	1
1	1
0	16
0	1
1	1
1	1
1	1
1	1
1	1
1	1
1	1
1	1
1	1
1	1
1	1
1	1
0	1
1	1
1	1
0	1
1	1
1	1
0	1
1	1
1	1
1	1
