9086	1
5119	1
6971	1
1618	1
6151	1
3112	1
5865	1
4120	1
4371	1
1047	1
2770	1
986	1
6116	1
3422	1
1578	1
3015	1
2459	1
658	1
4477	1
915	1
3908	1
1629	1
1932	1
3078	1
1566	1
7114	1
2460	1
1883	1
3344	1
399	1
1080	1
8689	1
5492	1
3458	1
1265	1
2549	1
1493	1
1708	1
4537	1
1314	1
3761	1
1135	1
1893	1
2736	1
6173	1
4963	1
620	1
1559	1
5398	1
5374	1
929	1
4364	1
1346	1
1914	1
1931	1
4901	1
1002	1
576	1
1531	1
4645	1
1445	1
6714	1
4314	1
1177	1
2583	1
635	1
4751	1
4047	1
8441	1
3416	1
4105	1
4750	1
2110	1
4088	1
641	1
3865	1
6988	1
1658	1
5013	1
8337	1
5245	1
4914	1
1733	1
1793	1
5790	1
1814	1
5937	1
1431	1
6374	1
3454	1
1153	1
5212	1
4429	1
3922	1
3425	1
5125	1
1933	1
7622	1
3200	1
1177	1
1909	1
5297	1
3150	1
6996	1
6579	1
4970	1
2866	1
1877	1
4291	1
1927	1
1650	1
3059	1
1459	1
410	1
1949	1
4830	1
2839	1
1182	1
5641	1
2456	1
6660	1
1402	1
2901	1
4938	1
4822	1
3026	1
3539	1
1363	1
7542	1
3247	1
2523	1
2113	1
1674	1
4085	1
2006	1
4230	1
3801	1
3620	1
6045	1
5474	1
828	1
4363	1
5785	1
2504	1
4484	1
3671	1
6340	1
321	1
1557	1
4460	1
4190	1
3752	1
2941	1
3971	1
3186	1
4126	1
3367	1
4707	1
5810	1
1869	1
6626	1
3824	1
5971	1
4025	1
1444	1
2410	1
4794	1
3865	1
3076	1
3495	1
5096	1
2414	1
1762	1
4547	1
1292	1
2744	1
3216	1
1687	1
1345	1
3839	1
937	1
2447	1
182	1
4802	1
3893	1
4445	1
3708	1
520	1
2125	1
2308	1
6403	1
3254	1
5419	1
1369	1
3869	1
406	1
4186	1
2704	1
4626	1
582	1
4235	1
6404	1
2458	1
959	1
1012	1
568	1
4323	1
2210	1
3357	1
1837	1
3304	1
1449	1
948	1
755	1
6681	1
776	1
4146	1
5639	1
3075	1
4306	1
3230	1
5538	1
5395	1
6264	1
3025	1
6323	1
4713	1
1067	1
1283	1
4506	1
2637	1
7291	1
4950	1
3998	1
4994	1
6278	1
2574	1
1349	1
2022	1
6941	1
702	1
325	1
1506	1
3585	1
1402	1
3914	1
2056	1
5039	1
7521	1
4703	1
1717	1
1373	1
4209	1
1628	1
3683	1
4851	1
763	1
1948	1
2606	1
3241	1
4476	1
1947	1
1235	1
5592	1
2319	1
2012	1
5814	1
7483	1
8054	1
3479	1
6157	1
4953	1
4395	1
2823	1
6665	1
1204	1
7960	1
3986	1
1026	1
4199	1
3866	1
186	1
1198	1
2503	1
3931	1
2613	1
5957	1
601	1
2098	1
6489	1
1589	1
5981	1
3448	1
6570	1
6049	1
3872	1
2545	1
3700	1
2443	1
4195	1
4485	1
3513	1
1457	1
3127	1
1089	1
3937	1
3601	1
3805	1
4879	1
2753	1
2178	1
3458	1
725	1
1876	1
5114	1
6309	1
2995	1
561	1
1839	1
1490	1
4733	1
2974	1
7681	1
2872	1
4881	1
5156	1
6463	1
1879	1
4443	1
3517	1
5800	1
6135	1
2291	1
1513	1
2359	1
2269	1
4489	1
2089	1
3282	1
1187	1
2858	1
1061	1
1184	1
2755	1
4059	1
1181	1
4039	1
4422	1
2839	1
4522	1
4197	1
2085	1
7487	1
1404	1
1501	1
4311	1
1285	1
2769	1
4627	1
4354	1
2130	1
1768	1
1805	1
3010	1
2857	1
1187	1
2024	1
3816	1
3879	1
5154	1
4416	1
5574	1
5600	1
4719	1
3272	1
7642	1
3308	1
3979	1
3671	1
6026	1
3326	1
4975	1
6888	1
941	1
5250	1
4553	1
2744	1
2181	1
4301	1
8556	1
1236	1
5337	1
756	1
6489	1
1795	1
1631	1
328	1
2747	1
5813	1
2956	1
2828	1
5304	1
779	1
3699	1
3905	1
3802	1
4535	1
1313	1
6095	1
5894	1
701	1
2852	1
170	1
6332	1
2919	1
2821	1
1349	1
3641	1
3516	1
4564	1
621	1
3749	1
2315	1
6482	1
4464	1
4838	1
4063	1
4637	1
2976	1
3963	1
4389	1
4116	1
7304	1
5336	1
7827	1
3670	1
6224	1
376	1
1654	1
3234	1
4119	1
4005	1
3751	1
6233	1
3481	1
3154	1
4927	1
3733	1
2433	1
4150	1
6364	1
3975	1
3782	1
4283	1
3003	1
1677	1
3420	1
1463	1
2038	1
2932	1
3178	1
3581	1
2061	1
3958	1
4314	1
3522	1
751	1
3506	1
4818	1
5522	1
5409	1
1782	1
5203	1
2883	1
7476	1
3764	1
6203	1
2415	1
2200	1
1931	1
5389	1
1057	1
5880	1
1709	1
4978	1
2456	1
1316	1
5117	1
1891	1
2183	1
4233	1
4504	1
3474	1
5373	1
7902	1
2353	1
5148	1
5327	1
2730	1
2062	1
4279	1
2058	1
3358	1
5280	1
2012	1
4916	1
5955	1
7010	1
6166	1
2216	1
3601	1
3217	1
2560	1
1898	1
2759	1
2783	1
5816	1
7123	1
964	1
980	1
1539	1
2852	1
2863	1
1393	1
5537	1
5011	1
2070	1
3628	1
3824	1
1699	1
4089	1
1209	1
2950	1
3879	1
1043	1
1383	1
1958	1
2100	1
7652	1
3589	1
3226	1
2696	1
2363	1
1557	1
8130	1
871	1
4298	1
2660	1
6465	1
355	1
2737	1
1468	1
788	1
1394	1
1466	1
5089	1
4650	1
4289	1
3693	1
1878	1
2774	1
7466	1
2976	1
3628	1
105	1
4192	1
2850	1
2241	1
2935	1
1443	1
3977	1
1258	1
4323	1
2364	1
1454	1
2293	1
3810	1
7087	1
4072	1
1211	1
4421	1
3020	1
2490	1
4275	1
3075	1
5393	1
4451	1
1124	1
2142	1
4307	1
3716	1
2466	1
1266	1
1883	1
683	1
2727	1
2799	1
1395	1
2065	1
2979	1
5149	1
5238	1
6465	1
5142	1
3772	1
5627	1
9330	1
7424	1
4958	1
1500	1
4372	1
2304	1
4189	1
4598	1
1950	1
4868	1
1782	1
2012	1
1326	1
7133	1
2299	1
2226	1
1886	1
1405	1
6369	1
1129	1
2123	1
2750	1
1701	1
922	1
4034	1
1882	1
4928	1
3876	1
1363	1
1099	1
4004	1
3007	1
1148	1
6288	1
1800	1
6445	1
3321	1
7499	1
3337	1
4640	1
2427	1
2074	1
2057	1
6570	1
6321	1
7096	1
4845	1
7125	1
4608	1
5155	1
4502	1
2898	1
8498	1
1847	1
3481	1
4560	1
2017	1
4421	1
4408	1
949	1
1694	1
1442	1
3947	1
3713	1
1107	1
5538	1
2221	1
6493	1
4428	1
3670	1
4349	1
3322	1
1690	1
3610	1
3394	1
5433	1
5174	1
3465	1
4233	1
2371	1
4861	1
5123	1
2299	1
2130	1
3317	1
2732	1
1803	1
2321	1
3942	1
4505	1
7534	1
6309	1
3653	1
3019	1
2042	1
3945	1
7751	1
3331	1
8115	1
4431	1
1709	1
589	1
2440	1
2910	1
4061	1
579	1
621	1
2006	1
1685	1
3063	1
3217	1
4046	1
4322	1
5562	1
3261	1
530	1
1369	1
1750	1
2281	1
5300	1
4490	1
4440	1
3484	1
3013	1
4198	1
3925	1
1203	1
2722	1
4271	1
3674	1
7256	1
2621	1
1412	1
1679	1
2865	1
2494	1
1188	1
986	1
1928	1
3354	1
3424	1
1756	1
5923	0
4520	1
5190	1
5767	1
1996	1
4031	1
1465	1
1650	1
1463	1
3674	1
585	1
5800	1
4960	1
3636	1
4940	1
395	1
993	1
1146	1
4349	1
2739	1
5948	1
3354	1
1327	1
531	1
2602	1
2693	1
3156	1
1183	1
5719	1
1864	1
7637	1
4407	1
3989	1
3626	1
4013	1
2404	1
4460	1
2927	1
4606	1
5666	1
1637	1
4082	1
1615	1
4494	1
7426	1
1159	1
2017	1
2774	1
2473	1
3136	1
3958	1
1360	1
909	1
4175	1
4540	1
6013	1
1024	1
5189	1
6486	1
2492	1
2113	1
477	1
3180	1
385	1
6425	1
3978	1
5295	1
6015	1
1398	1
7779	1
3325	1
1026	1
4580	1
4124	1
5225	1
4404	1
1361	1
1405	1
3252	1
2375	1
3323	1
3854	1
3710	1
2139	1
2566	1
4459	1
1574	1
2591	1
2611	1
2519	1
5983	1
3190	1
3317	1
1905	1
4569	1
2078	1
1482	1
4453	1
2323	1
1039	1
1265	1
4327	1
5514	1
643	1
1030	1
2999	1
1211	1
5686	1
3900	1
935	1
738	1
3690	1
1512	1
5761	1
4700	1
1059	1
3363	1
2375	1
2709	1
1646	1
4636	1
2060	1
4545	1
399	1
3822	1
3669	1
5578	1
4357	1
3622	1
4195	1
1165	1
3976	1
4565	1
6620	1
2055	1
3914	1
1745	1
2124	1
2800	1
5997	1
4248	1
4863	1
5424	1
837	1
4508	1
3573	1
7859	1
5803	1
4093	1
1832	1
2230	1
2431	1
4112	1
1797	1
2413	1
4966	1
6080	1
1322	1
6463	1
4521	1
1320	1
1812	1
3823	1
2391	1
3393	1
4675	1
3305	1
4821	1
3362	1
3285	1
1483	1
6117	1
1185	1
4466	1
4894	1
2601	1
1606	1
1616	1
4010	1
3930	1
4716	1
2229	1
2055	1
5149	1
5781	1
1932	1
321	1
2522	1
1618	1
3181	1
3167	1
2651	1
3630	1
4121	1
2227	1
1198	1
3718	1
3928	1
4177	1
3135	1
1213	1
2924	1
1647	1
2233	1
8152	1
2967	1
4213	1
2393	1
2711	1
6147	1
3556	1
3698	1
2673	1
5284	1
6386	1
1948	1
1555	1
1059	1
6342	1
1874	1
1316	1
5183	1
1248	1
3106	1
3109	1
4525	1
1291	1
5595	1
5000	1
3664	1
2508	1
3998	1
3166	1
1979	1
6515	1
1679	1
5733	1
1197	1
4868	1
4734	1
2526	1
4825	1
2285	1
2280	1
1037	1
3841	1
866	1
2761	1
2997	1
3605	1
3740	1
1275	1
7288	1
4507	1
1346	1
4776	1
3608	1
374	1
2569	1
1397	1
4616	1
3171	1
3033	1
4494	1
5490	1
1702	1
650	1
3597	1
6777	1
3363	1
4217	1
4280	1
2622	1
3643	1
2147	1
4723	1
1979	1
1592	1
1566	1
3840	1
5547	1
2966	1
2237	1
4536	1
1192	1
3080	1
6669	1
31	1
2542	1
2370	1
5419	1
3968	1
8241	1
5650	1
3612	1
967	1
2071	1
6803	1
2095	1
4098	1
3245	1
5064	1
4497	1
2766	1
2356	1
3364	1
3314	1
3760	1
2702	1
1427	1
1236	1
2131	1
1529	1
4973	1
5463	1
3065	1
4716	1
4125	1
1160	1
2647	1
3741	1
1028	1
2530	1
2681	1
3120	1
1234	1
4187	1
2921	1
533	1
5394	1
4991	1
2990	1
6249	1
1143	1
4409	1
3617	1
1190	1
6859	1
3511	1
3157	1
1320	1
2262	1
5634	1
5470	1
157	1
3503	1
4994	1
5299	1
4771	1
4936	1
4294	1
3264	1
254	1
1424	1
53	1
3918	1
3670	1
4893	1
3580	1
5364	1
1978	1
6991	1
6880	1
1899	1
1549	1
4670	1
1932	1
3241	1
3464	1
3446	1
2641	1
1566	1
1859	1
5987	1
2416	1
1343	1
5321	1
1500	1
1143	1
4647	1
2786	1
2739	1
4104	1
5692	1
5265	1
3034	1
2121	1
2974	1
4612	1
2579	1
4603	1
1094	1
4643	1
7684	1
1287	1
2068	1
5226	1
2082	1
6761	1
1613	1
4153	1
3128	1
2402	1
4115	1
2162	1
446	1
5308	1
4159	1
3838	1
3930	1
3126	1
4107	1
6404	1
3587	1
3049	1
1461	1
3677	1
3442	1
2651	1
3341	1
4519	1
4547	1
2330	1
5052	1
4097	1
2245	1
2236	1
2918	1
3567	1
5387	1
3765	1
683	1
4217	1
3900	1
2813	1
1317	1
1931	1
2940	1
753	1
3989	1
1876	1
563	1
4357	1
3478	1
5596	1
4049	1
2011	1
3739	1
1143	1
1145	1
2392	1
3001	1
2157	1
4558	1
3354	1
4316	1
4330	1
4224	1
2005	1
3485	1
1655	1
5556	1
5135	1
6701	1
2238	1
2792	1
6457	1
4151	1
4810	1
5867	1
2264	1
1562	1
4086	1
3582	1
2714	1
3696	1
6048	1
4037	1
757	1
2679	1
5340	1
4307	1
5444	1
3595	1
5858	1
4987	1
4271	1
2424	1
889	1
1143	1
3654	1
4254	1
0	1
4207	1
4217	1
3870	1
2282	1
6357	1
1285	1
4827	1
3586	1
3318	1
4100	1
3301	1
4788	1
1610	1
3226	1
440	1
3889	1
4953	1
4141	1
2090	1
3205	1
5871	1
5152	1
4506	1
4802	1
5447	1
1262	1
3045	1
4613	1
7752	1
3788	1
1023	1
2106	1
3561	1
1642	1
5183	1
6125	1
3111	1
2650	1
1104	1
7727	1
3667	1
2967	1
1955	1
2243	1
2312	1
5862	1
4943	1
3716	1
4010	1
4056	1
5550	1
4164	1
4487	1
4429	1
4141	1
3449	1
4838	1
4645	1
2110	1
5383	1
4470	1
3075	1
1840	1
3616	1
4072	1
1231	1
1385	1
3494	1
2206	1
2469	1
1545	1
1307	1
1208	1
544	1
7768	1
5486	1
2111	1
3794	1
6406	1
7415	1
4665	1
3312	1
6397	1
8208	1
524	1
1644	1
5652	1
2785	1
1317	1
4628	1
4902	1
5593	1
2923	1
2095	1
1630	1
609	1
5389	1
777	1
1982	1
1206	1
6697	1
4201	1
1599	1
1874	1
4296	1
4178	1
4813	1
4566	1
4061	1
3084	1
832	1
6141	1
2450	1
6447	1
5661	1
2539	1
2938	1
906	1
3554	1
1382	1
3012	1
4629	1
3818	1
4444	1
3814	1
1077	1
4318	1
2457	1
4017	1
7010	1
4661	1
7609	1
2607	1
2266	1
3499	1
4653	1
1394	1
3968	1
3669	1
5173	1
4278	1
1283	1
1947	1
4249	1
7154	1
1270	1
3449	1
1990	1
4110	1
3440	1
3930	1
2396	1
7316	1
1536	1
1580	1
3436	1
6609	1
454	1
1206	1
7388	1
2342	1
3905	1
4448	1
5298	1
1854	1
1078	1
1225	1
3687	1
4804	1
5187	1
1413	1
2384	1
5227	1
1547	1
5251	1
6292	1
3456	1
4239	1
5269	1
327	1
396	1
1592	1
3842	1
6155	1
167	1
4077	1
4373	1
4115	1
4986	1
3612	1
3405	1
5846	1
2625	1
948	1
4191	1
5516	1
5300	1
1451	1
3807	1
5371	1
3965	1
3945	1
3426	1
3460	1
2949	1
2003	1
3477	1
1906	1
3898	1
5974	1
3707	1
4803	1
3517	1
3160	1
3901	1
787	1
1081	1
3546	1
3885	1
3694	1
4568	1
2155	1
1781	1
2030	1
1081	1
1159	1
367	1
2818	1
3233	1
1513	1
1308	1
2098	1
706	1
1177	1
4072	1
1203	1
3441	1
2212	1
1707	1
2375	1
1279	1
2208	1
6203	1
2786	1
1490	1
4025	1
1222	1
5117	1
3567	1
4446	1
3147	1
5160	1
1016	1
6348	1
786	1
3871	1
3915	1
4494	1
3067	1
3495	1
2133	1
6187	1
1158	1
6120	1
1057	1
5592	1
4768	1
5956	1
5929	1
7126	1
4100	1
4947	1
1609	1
3199	1
2607	1
4706	1
6092	1
2351	1
2445	1
5536	1
853	1
4010	1
2909	1
2963	1
467	1
3902	1
5610	1
4658	1
1066	1
2544	1
2098	1
2410	1
5351	1
6152	1
3316	1
2579	1
1447	1
4253	1
6079	1
2767	1
2571	1
516	1
5222	1
5448	1
4759	1
3426	1
4033	1
2965	1
1438	1
4018	1
2971	1
3831	1
5567	1
6944	1
8286	1
1138	1
2972	1
3682	1
2746	1
2539	1
5450	1
1934	1
4472	1
6946	1
3944	1
5400	1
2631	1
5554	1
4934	1
6054	1
2013	1
4365	1
3146	1
4328	1
2046	1
7515	1
1961	1
815	1
1703	1
6399	1
913	1
1193	1
1555	1
3172	1
5308	1
4721	1
2372	1
3880	1
2062	1
895	1
3418	1
1061	1
2716	1
3995	1
171	1
3471	1
6563	1
2685	1
5130	1
3327	1
5649	1
4178	1
865	1
5186	1
2221	1
6981	1
2112	1
2976	1
6923	1
3564	1
5280	1
6540	1
6159	1
5679	1
6015	1
2639	1
3532	1
975	1
4474	1
867	1
3619	1
3665	1
5571	1
3038	1
1388	1
2879	1
3791	1
2841	1
4168	1
3000	1
3331	1
5622	1
5699	1
6554	1
4135	1
4918	1
4657	1
574	1
1426	1
5507	1
243	1
2552	1
3219	1
4285	1
4119	1
616	1
2849	1
2458	1
2459	1
4412	1
4019	1
4754	1
3017	1
3346	1
2751	1
4541	1
5042	1
4788	1
1171	1
2659	1
4045	1
4992	1
292	1
7117	1
4770	1
2473	1
2416	1
407	1
3330	1
2448	1
2849	1
1327	1
4486	1
1166	1
1733	1
2633	1
7649	1
4662	1
5055	1
6004	1
2270	1
3380	1
4799	1
1124	1
4687	1
7395	1
5481	1
2232	1
1860	1
4231	1
3340	1
3975	1
2511	1
3331	1
2797	1
2709	1
4870	1
5092	1
3144	1
6622	1
3839	1
1268	1
2765	1
6968	1
2865	1
1728	1
5223	1
3113	1
4122	1
3105	1
3969	1
1378	1
3935	1
5699	1
2665	1
1962	1
1481	1
2299	1
1359	1
2892	1
1385	1
6008	1
1589	1
4555	1
5683	1
3747	1
4770	1
4766	1
5091	1
2615	1
2419	1
4392	1
3117	1
2537	1
4290	1
233	1
3555	1
3741	1
2969	1
3256	1
4664	1
1936	1
4884	1
2751	1
3089	1
2262	1
3847	1
4505	1
2192	1
6543	1
5596	1
1495	1
6142	1
3818	1
3041	1
2591	1
2583	1
3830	1
1624	1
3864	1
1508	1
3877	1
3670	1
2324	1
3042	1
1788	1
1761	1
2055	1
3777	1
3528	1
2627	1
6079	0
4526	1
1807	1
1813	1
1812	1
1613	1
4598	1
6884	1
3943	1
1277	1
2964	1
2995	1
3032	1
4153	1
109	1
1268	1
3155	1
4061	1
1517	1
6115	1
5420	1
1867	1
4862	1
1811	1
4393	1
5431	1
2988	1
1627	1
2129	1
5636	1
2193	1
859	1
1165	1
3898	1
5466	1
1931	1
3481	1
4219	1
4275	1
5065	1
3922	1
6218	1
572	1
2756	1
3514	1
4442	1
3575	1
1165	1
1720	1
3035	1
2655	1
4776	1
2843	1
4978	1
5645	1
3984	1
3786	1
9172	1
2227	1
5132	1
3586	1
1287	1
5912	1
4087	1
2151	1
4196	1
3631	1
1052	1
1930	1
839	1
1420	1
2698	1
5540	1
4117	1
3691	1
4919	1
1450	1
2322	1
4115	1
1366	1
3959	1
6388	1
1894	1
4289	1
3222	1
1242	1
5168	1
3541	1
5020	1
919	1
1434	1
3631	1
3670	1
3581	1
1550	1
2402	1
3194	1
1777	1
5118	1
1679	1
4021	1
7001	1
761	1
673	1
360	1
4728	1
1628	1
843	1
4048	1
3360	1
4915	1
8415	1
1606	1
3543	1
3522	1
3231	1
2396	1
3608	1
3489	1
6171	1
1269	1
2329	1
3989	1
633	1
3214	1
1590	1
1133	1
2278	1
3653	1
1513	1
4059	1
4066	1
3235	1
3688	1
2880	1
2721	1
492	1
2488	1
3331	1
3705	1
4377	1
2895	1
4068	1
5023	1
4560	1
1279	1
2225	1
1765	1
2401	1
7818	1
7912	0
3908	1
3649	1
1238	1
1226	1
3026	1
4048	1
2141	1
1665	1
3720	1
3995	1
1523	1
1142	1
1488	1
3960	1
2332	1
4112	1
3587	1
2389	1
1536	1
2951	1
1355	1
2450	1
3846	1
1994	1
6125	1
2606	1
6853	1
8272	1
1917	1
5501	1
1210	1
5192	1
1954	1
1619	1
5336	1
1041	1
7650	1
4197	1
6095	1
7165	1
3187	1
2041	1
6750	1
4361	1
3305	1
2020	1
998	1
4816	1
6013	1
2494	1
3773	1
4186	1
3214	1
4130	1
1395	1
657	1
4134	1
4501	1
2685	1
5040	1
3682	1
1817	1
4734	1
3846	1
3280	1
4424	1
7219	1
7797	1
2075	1
2852	1
4911	1
2971	1
5448	1
2044	1
4389	1
964	1
3802	1
1351	1
1421	1
1114	1
3228	1
1849	1
5242	1
2139	1
3600	1
4673	1
3784	1
4018	1
3781	1
4118	1
4116	1
2692	1
6859	1
1063	1
1962	1
4070	1
3498	1
1512	1
4155	1
7440	1
2403	1
3717	1
4853	1
2227	1
6608	1
3135	1
1420	1
9508	1
6402	1
1226	1
895	1
4620	1
4101	1
1615	1
3689	1
5202	1
1709	1
1624	1
750	1
4877	1
5874	1
3049	1
1679	1
3686	1
1241	1
4443	1
3605	1
1810	1
5856	1
3760	1
5212	1
4420	1
1424	1
1122	1
219	1
2408	1
5570	1
5044	1
3940	1
861	1
2533	1
310	1
7481	1
3875	1
5875	1
1828	1
3242	1
1841	1
3391	1
2188	1
2582	1
5800	1
3173	1
2898	1
841	1
5884	1
4222	1
3425	1
4411	1
5035	1
1207	1
6255	1
2391	1
3218	1
3793	1
1191	1
3510	1
6079	1
2394	1
3007	1
6085	1
2511	1
5022	1
2565	1
5023	1
1322	1
3563	1
1498	1
1649	1
5880	1
596	1
5473	1
4188	1
4513	1
1943	1
2588	1
6219	1
2870	1
5302	1
3416	1
5028	1
3433	1
1810	1
1938	1
3295	1
3316	1
1986	1
6532	1
4103	1
4656	1
2929	1
7006	1
2381	1
1918	1
1134	1
2163	1
4829	1
3098	1
1488	1
1119	1
5017	1
1223	1
2025	1
5504	1
4374	1
5093	1
1506	1
3246	1
6743	1
489	1
1382	1
2743	1
3137	1
4723	1
1601	1
2032	1
3778	1
2840	1
1555	1
4917	1
3098	1
5636	1
3950	1
4515	1
6718	1
220	1
2545	1
2473	1
3855	1
5851	1
4519	1
6803	1
5190	1
2982	1
6311	1
4100	1
3935	1
3863	1
4018	1
3616	1
2983	1
7996	1
6756	1
2464	1
7706	1
2418	1
2973	1
2568	1
3925	1
2953	1
2576	1
2051	1
3731	1
1186	1
3464	1
1936	1
3221	1
5422	1
2391	1
3543	1
1027	1
7182	1
3245	1
4576	1
1022	1
1342	1
3887	1
2453	1
2033	1
1730	1
3335	1
1576	1
2107	1
2953	1
8888	1
3747	1
1998	1
1265	1
3896	1
7143	1
1442	1
3976	1
7459	1
2510	1
3673	1
2188	1
1203	1
2717	1
2878	1
4616	1
3695	1
4172	1
2578	1
2527	1
1099	1
6743	1
7018	1
3341	1
1829	1
3449	1
2112	1
1339	1
4411	1
704	1
3446	1
6073	1
2990	1
2896	1
2655	1
1994	1
2149	1
4646	1
1235	1
1530	1
4626	1
1184	1
3126	1
5437	1
4168	1
4935	1
2350	1
3764	1
1668	1
4170	1
1081	1
2860	1
6531	1
4533	1
4138	1
6241	1
3767	1
5507	1
7532	1
7322	1
5688	1
2792	1
7757	1
8564	1
2547	1
5333	1
1849	1
3395	1
3766	1
2323	1
2910	1
5181	1
830	1
3849	1
2083	1
2661	1
5491	1
3799	1
1387	1
1516	1
2563	1
5004	1
4679	1
3412	1
4894	1
4827	1
2448	1
4603	1
4601	1
1495	1
3483	1
1635	1
1023	1
6194	1
1734	1
6692	1
2079	1
120	1
4274	1
3985	1
2181	1
2900	1
4096	1
4494	1
4825	1
998	1
2763	1
1293	1
5343	1
3345	1
4083	1
5007	1
7527	1
1815	1
4845	1
5186	1
4101	1
1075	1
4069	1
4480	1
6291	1
5440	1
3954	1
1802	1
3257	1
2803	1
3947	1
2452	1
5532	1
6462	1
3028	1
6616	1
2467	1
2263	1
4114	1
3933	1
2452	1
3245	1
648	1
414	1
4772	1
496	1
1269	1
2577	1
3846	1
5327	1
1918	1
2311	1
4924	1
588	1
3765	1
4915	1
6181	1
6019	1
1418	1
4384	1
1153	1
4339	1
1137	1
474	1
3812	1
6796	1
3379	1
642	1
1864	1
5348	1
4021	1
2739	1
1740	1
2790	1
2556	1
3567	1
4744	1
4019	1
5792	1
3212	1
1445	1
3122	1
5492	1
1468	1
3750	1
2860	1
5438	1
6552	1
5242	1
2234	1
5833	1
4202	1
4329	1
4216	1
2571	1
3377	1
2075	1
4849	1
4301	1
625	1
1778	1
6550	1
2226	1
1148	1
5365	1
1912	1
2037	1
1703	1
6259	1
1388	1
1931	1
5172	1
2500	1
3911	1
5465	1
2042	1
2773	1
5971	1
4029	1
2177	1
2655	1
5071	1
5630	1
5794	1
6397	1
3584	1
3368	1
6107	1
6814	1
2826	1
3187	1
4467	1
3175	1
1290	1
1350	1
497	1
4423	1
4723	1
4556	1
4064	1
1170	1
5579	1
1628	1
2623	1
2220	1
3542	1
6502	1
4797	1
4181	1
1108	1
1425	1
2139	1
2281	1
3449	1
4245	1
4110	1
4934	1
3152	1
4376	1
2815	1
3248	1
2728	1
2320	1
2384	1
1595	1
5636	1
714	1
3907	1
1049	1
4199	1
2406	1
3993	1
797	1
2445	1
773	1
5936	1
3767	1
6000	1
7848	1
2364	1
3321	1
7106	1
5531	1
1353	1
5187	1
1334	1
493	1
5313	1
6113	1
6291	1
4541	1
5497	1
235	1
1230	1
5883	1
2627	1
1715	1
3306	1
3587	1
4393	1
329	1
7598	1
4246	1
4212	1
2008	1
1731	1
6023	1
5516	1
5392	1
5486	1
2282	1
3991	1
3831	1
1180	1
6952	1
4038	1
3445	1
4729	1
528	1
3375	1
2427	1
697	1
2480	1
2494	1
1334	1
1958	1
2186	1
5584	1
3060	1
1539	1
2776	1
2874	1
2100	1
2340	1
261	1
6193	1
6383	1
4181	1
4198	1
2649	1
4315	1
3912	1
1448	1
3533	1
4244	1
4491	1
2215	1
3237	1
5461	1
8005	1
4212	1
8652	1
5259	1
2230	1
4657	1
5478	1
3571	1
7030	1
4739	1
3306	1
692	1
944	1
2317	1
4668	1
6430	1
1288	1
1018	1
6620	1
323	1
3917	1
5722	1
5361	1
4057	1
2440	1
1640	1
3991	1
353	1
4417	1
800	1
2001	1
2288	1
2813	1
2885	1
3568	1
1551	1
2917	1
4555	1
3772	1
3241	1
4158	1
6609	1
4952	1
2945	1
925	1
5029	1
2655	1
2735	1
3807	1
2173	1
3843	1
692	1
7636	1
1600	1
4057	1
4026	1
4271	1
3033	1
814	1
4697	1
2357	1
483	1
1448	1
2148	1
4096	1
2974	1
1142	1
1559	1
6118	1
2992	1
4608	1
3607	1
5867	1
3075	1
1458	1
1297	1
1805	1
4835	1
1499	1
3976	1
1451	1
4261	1
3574	1
747	1
6644	1
3641	1
1069	1
5986	1
3682	1
2789	1
1540	1
2232	1
1722	1
1860	1
1428	1
1614	1
5905	1
755	1
4498	1
3730	1
5810	1
3009	1
3324	1
2546	1
3688	1
1343	1
5121	1
6511	1
2261	1
2253	1
1637	1
3994	1
350	1
3173	1
630	1
6777	1
3081	1
4210	1
2750	1
1829	1
5978	1
1382	1
7981	1
2011	1
977	1
4195	1
5709	1
4971	1
5736	1
4906	1
1619	1
4596	1
1569	1
7956	1
4243	1
1921	1
3272	1
5882	1
6804	1
4020	1
4076	1
2746	1
3852	1
4124	1
3901	1
2290	1
3774	1
3917	1
3868	1
2029	1
2262	1
832	1
7743	1
2296	1
4107	1
3552	1
4597	1
2081	1
4821	1
4221	1
2257	1
1010	1
2274	1
1287	1
1388	1
2307	1
2031	1
2447	1
4260	1
5597	1
1184	1
1639	1
1902	1
2770	1
3998	1
2851	1
4759	1
5766	1
3245	1
2029	1
3529	1
3080	1
2022	1
659	1
4843	1
4201	1
2425	1
6713	1
4178	1
3960	1
1085	1
7647	1
4500	1
7689	1
3359	1
563	1
1294	1
5843	1
546	1
2580	1
5880	1
3195	1
5076	1
4084	1
5846	1
2042	1
5626	1
3496	1
2143	1
4287	1
1061	1
1959	1
5683	1
5170	1
3975	1
3583	1
2949	1
4680	1
2985	1
1445	1
6337	1
8554	1
4221	1
2566	1
2328	1
773	1
6441	1
6172	1
1179	1
4989	1
6077	1
3763	1
318	1
4628	1
1984	1
4472	1
2697	1
1921	1
2193	1
2320	1
3138	1
2462	1
312	1
4409	1
3348	1
4285	1
4852	1
4165	1
4975	1
2352	1
1469	1
8296	1
8322	1
889	1
3728	1
1490	1
3777	1
2090	1
1510	1
3491	1
1072	1
3978	1
2141	1
1032	1
1144	1
2825	1
1481	1
1838	1
7096	1
4018	1
1080	1
2807	1
1843	1
2628	1
2851	1
4227	1
3688	1
646	1
3059	1
5810	1
2797	1
2964	1
636	1
4610	1
4637	1
2435	1
6602	1
1773	1
5035	1
1632	1
3923	1
1509	1
1767	1
3224	1
1241	1
3991	1
3576	1
4764	1
4123	1
4103	1
2408	1
6863	1
945	1
1257	1
3047	1
3393	1
4507	1
1004	1
966	1
3540	1
4280	1
4397	1
3249	1
3071	1
4910	1
4682	1
3176	1
3030	1
1296	1
4737	1
1441	1
4735	1
2664	1
4374	1
2116	1
8267	1
1078	1
1861	1
2717	1
5346	1
5512	1
1744	1
5488	1
3165	1
3415	1
3264	1
3592	1
4159	1
3574	1
4327	1
903	1
6121	1
5303	1
1631	1
836	1
3455	1
6334	1
2125	1
4338	1
5769	1
1574	1
4361	1
5035	1
1261	1
5406	1
1092	1
750	1
2788	1
5001	1
1736	1
684	1
1031	1
1691	1
1546	1
2881	1
4788	1
931	1
3200	1
5192	1
1277	1
4782	1
5888	1
3400	1
3840	1
5270	1
4579	1
5257	1
2349	1
3625	1
1164	1
4581	1
179	1
3425	1
447	1
834	1
4712	1
5204	1
3046	1
2406	1
5513	1
5819	1
4636	1
1419	1
5155	1
2036	1
2432	1
4898	1
4335	1
5122	1
8563	1
1595	1
1273	1
6155	1
670	1
2521	1
3715	1
4705	1
3910	1
924	1
4434	1
641	1
1416	1
1718	1
252	1
5331	1
3252	1
5640	1
4298	1
4342	1
4199	1
3740	1
1470	1
2585	1
4118	1
2819	1
4393	1
5992	1
4419	1
5307	1
3664	1
4780	1
4188	1
3542	1
4903	1
651	1
2674	1
3044	1
3753	1
1467	1
3332	1
304	1
7299	1
1907	1
2185	1
7046	1
1257	1
1138	1
2257	1
5534	1
830	1
3117	1
4368	1
5869	1
6816	1
1047	1
2788	1
3068	1
3502	1
3899	1
5163	1
2384	1
1572	1
6082	1
5376	1
6620	1
1792	1
4519	1
2705	1
1186	1
2703	1
4157	1
2608	1
5116	1
5786	1
4425	1
2729	1
5226	1
1964	1
5474	1
2231	1
2413	1
5789	1
4452	1
3503	1
5320	1
2956	1
1958	1
1204	1
7311	1
2962	1
4660	1
4738	1
5003	1
1736	1
6141	1
1494	1
1390	1
4198	1
3926	1
4041	1
6702	1
1718	1
1803	1
1411	1
1827	1
1955	1
6187	1
2805	1
3995	1
8270	1
6081	1
5429	1
3570	1
2840	1
4141	1
3746	1
4405	1
6179	1
4943	1
1605	1
3190	1
3082	1
4030	1
3034	1
2215	1
2544	1
1932	1
1252	1
3882	1
3193	1
4210	1
3613	1
2437	1
5626	1
4083	1
3066	1
5360	1
7811	1
4363	1
6921	1
4550	1
5929	1
3573	1
4186	1
6010	1
1301	1
1240	1
4050	1
2053	1
3998	1
2148	1
1842	1
4600	1
3834	1
4908	1
4068	1
2731	1
3858	1
3686	1
1834	1
5185	1
2017	1
1692	1
1454	1
3558	1
4803	1
1292	1
4694	1
3333	1
4450	1
6850	1
9373	1
3864	1
1961	1
3868	1
5106	1
4309	1
3885	1
4451	1
3357	1
4630	1
2665	1
1296	1
5297	1
2141	1
2365	1
1819	1
3131	1
2503	1
3891	1
4872	1
5700	1
2716	1
1948	1
4081	1
5029	1
4024	1
5005	1
4694	1
3921	1
3399	1
1619	1
5387	1
3472	1
1383	1
6294	1
4628	1
3088	1
2278	1
1843	1
1644	1
1254	1
1892	1
4584	1
1160	1
5861	1
1039	1
6521	1
1813	1
3720	1
3269	1
1700	1
4055	1
1388	1
1161	1
9763	1
6193	1
3205	1
2708	1
3392	1
3795	1
4676	1
7129	1
5361	1
6169	1
1244	1
5374	1
2871	1
3749	1
4089	1
6907	1
1651	1
2232	1
4126	1
3874	1
3047	1
6475	1
649	1
4058	1
3489	1
3512	1
1351	1
3002	1
6682	1
3880	1
6459	1
4829	1
1692	1
3140	1
2718	1
4948	0
4520	1
4150	1
2218	1
1675	1
1368	1
3245	1
5850	1
1136	1
2924	1
4471	1
2326	1
981	1
1726	1
5500	1
217	1
3934	1
1722	1
3101	1
921	1
4416	1
1646	1
4155	1
3650	1
801	1
5073	1
5372	1
1275	1
2441	1
1840	1
2619	1
4688	1
5686	1
4493	1
2975	1
910	1
1150	1
2900	1
986	1
3588	1
3510	1
4427	1
4094	1
3828	1
1226	1
1829	1
4569	1
1852	1
8178	1
2040	1
1096	1
3571	1
1800	1
1703	1
3034	1
3302	1
3687	1
4632	1
5292	1
3361	1
4526	1
5519	1
3334	1
1818	1
5423	1
1041	1
1798	1
1278	1
5564	1
1240	1
6162	1
4370	1
520	1
3167	1
3374	1
658	1
216	1
1495	1
4971	1
2851	1
6286	1
6862	1
3981	1
1289	1
1592	1
5113	1
3144	1
2862	1
1436	1
4183	1
4464	1
2837	1
5779	1
4459	1
3817	1
3153	1
3935	1
6932	1
5223	1
1934	1
6650	1
2816	1
34	1
1082	1
7168	1
4983	1
217	1
4856	1
3015	1
5145	1
4327	1
3184	1
4029	1
878	1
6661	1
2412	1
46	1
2503	1
462	1
6612	1
1056	1
7080	1
4372	1
1905	1
5037	1
1177	1
2319	1
1561	1
3044	1
1547	1
4001	1
2199	1
6694	1
4437	1
1547	1
1405	1
2400	1
2914	1
900	1
1418	1
4202	1
4499	1
6183	1
863	1
2831	1
1735	1
6154	1
2842	1
6859	1
5624	1
3071	1
3779	1
2628	1
1697	1
3580	1
4265	1
6956	1
4445	1
3073	1
3993	1
2559	1
4249	1
2688	1
1748	1
1336	1
1805	1
2944	1
3978	1
2784	1
2497	1
1392	1
4588	1
1916	1
6750	1
4761	1
1729	1
1114	1
9631	1
4213	1
3442	1
3914	1
2132	1
3384	1
2971	1
6722	1
4534	1
4638	1
2366	1
2742	1
3829	1
1432	1
3259	1
5253	1
2279	1
4283	1
3534	1
5504	1
5556	1
5739	1
5339	1
2577	1
1137	1
2111	1
1710	1
6451	1
6261	1
3862	1
3868	1
2143	1
4540	1
5679	1
1171	1
2921	1
2893	1
3191	1
2344	1
1887	1
5528	1
5084	1
3868	1
4003	1
4656	1
1252	1
1474	1
2326	1
1334	1
1709	1
3305	1
2813	1
4002	1
6212	1
3879	1
4230	1
5966	1
4236	1
564	1
1286	1
2212	1
2972	1
3482	1
2783	1
1698	1
5197	1
5078	1
2697	1
3496	1
7387	1
3413	1
3766	1
5946	1
4317	1
911	1
2232	1
2205	1
1528	1
1285	1
4119	1
3891	1
4034	1
2094	1
3116	1
2369	1
5250	1
1671	1
5184	1
1821	1
3965	1
3485	1
2130	1
3298	1
1320	1
2667	1
3130	1
1235	1
1901	1
1676	1
2657	1
2726	1
3613	1
1535	1
2245	1
4488	1
1110	1
3750	1
1979	1
1044	1
2257	1
2618	1
2102	1
488	1
6030	1
1936	1
1792	1
3073	1
1476	1
4190	1
1070	1
3305	1
4824	1
3690	1
7985	1
3557	1
4046	1
2988	1
652	1
4732	1
3480	1
1846	1
2579	1
4041	1
2478	1
3676	1
706	1
4755	1
3708	1
5812	1
3734	1
1170	1
5526	1
3580	1
1864	1
2841	1
3638	1
2768	1
1635	1
1309	1
3008	1
6150	1
8014	1
4470	1
3160	1
1460	1
3948	1
1335	1
5940	1
1779	1
7426	1
1591	1
4496	1
3833	1
1703	1
6040	1
5382	1
2447	1
1459	1
1940	1
3711	1
1435	1
4365	1
6057	1
2996	1
4818	1
5311	1
1176	1
4344	1
5598	1
5002	1
2540	1
6011	1
2634	1
1439	1
3739	1
7414	1
1146	1
186	1
674	1
2354	1
350	1
4705	1
5045	1
2700	1
1522	1
6102	1
3986	1
3320	1
3450	1
2943	1
4964	1
4299	1
1780	1
3274	1
2183	1
7588	1
5556	1
2491	1
3118	1
7176	1
1544	1
1341	1
2679	1
956	1
1655	1
6346	1
4378	1
2904	1
5891	1
2693	1
3246	1
6891	1
4733	1
4298	1
3903	1
4719	1
2947	1
1252	1
4010	1
6418	1
2598	1
2898	1
8604	1
2765	1
4371	1
2359	1
757	1
3630	1
3770	1
5208	1
4211	1
3489	1
4368	1
4655	1
7121	1
5908	1
580	1
4811	1
4001	1
4952	1
5291	1
5323	1
6451	1
1866	1
2891	1
2049	1
4043	1
876	1
2154	1
7112	1
1918	1
5582	1
5395	1
4461	1
5478	1
5922	1
3291	1
5117	1
5417	1
791	1
1847	1
2985	1
5811	1
3617	1
1729	1
5308	1
5396	1
4556	1
1742	1
6391	1
2598	1
3461	1
1852	1
1851	1
4422	1
552	1
2105	1
2635	1
3141	1
1758	1
1164	1
5343	1
4084	1
7067	1
1054	1
861	1
2201	1
2403	1
4827	1
6486	1
5239	1
6336	1
2389	1
3141	1
2006	1
3409	1
2153	1
1342	1
3323	1
1632	1
86	1
3021	1
3762	1
2516	1
4215	1
2367	1
3666	1
4148	1
6841	1
1335	1
4556	1
1459	1
4382	1
4337	1
2960	1
2377	1
4423	1
3134	1
6482	1
1582	1
2627	1
3940	1
5837	1
3140	1
4317	1
3863	1
3116	1
3254	1
5452	1
3313	1
3652	1
2140	1
3782	1
391	1
5520	1
4409	1
1299	1
3944	1
3073	1
5861	1
2311	1
3972	1
3053	1
3847	1
3385	1
7426	1
2947	1
5575	1
3449	1
1334	1
6410	1
2130	1
3617	1
3209	1
5174	1
1862	1
1954	1
2287	1
4974	1
421	1
3053	1
4895	1
5371	1
731	1
2975	1
4326	1
2057	1
3257	1
2194	1
3934	1
3937	1
890	1
2127	1
6012	1
546	1
1224	1
5114	1
4009	1
4494	1
3283	1
6819	1
1045	1
2839	1
5079	1
3578	1
5591	1
3846	1
5410	1
3752	1
2415	1
1543	1
6267	1
3568	1
2314	1
4373	1
4098	1
5734	1
2818	1
1455	1
3442	1
4847	1
6650	1
592	1
3197	1
3830	1
4545	1
1387	1
4124	1
4998	1
1367	1
4830	1
1419	1
5093	1
2083	1
5606	1
3243	1
4638	1
4775	1
1969	1
3792	1
4046	1
554	1
1596	1
1590	1
4001	1
988	1
1522	1
1790	1
1965	1
1252	1
4617	1
2901	1
4787	1
4531	1
3957	1
5662	1
5262	1
2111	1
1742	1
1413	1
1933	1
3384	1
5241	1
4641	1
3341	1
3945	1
4195	1
3536	1
3780	1
3834	1
2397	1
2966	1
4819	1
5900	1
3551	1
1739	1
3051	1
4740	1
3562	1
2991	1
1938	1
4857	1
3721	1
8032	1
6444	1
6453	1
4292	1
2878	1
2192	1
3969	1
1561	1
1936	1
6063	1
1049	1
4588	1
2474	1
3103	1
6163	1
2226	1
4722	1
4398	1
5819	1
2569	1
5034	1
3227	1
2279	1
1920	1
163	1
3307	1
5786	1
2057	1
6507	1
1715	1
3302	1
1008	1
2146	1
4260	1
3924	1
6815	1
3986	1
1236	1
5349	1
1651	1
2077	1
2307	1
4117	1
2710	1
2182	1
3500	1
3043	1
2362	1
2460	1
3639	1
96	1
4979	1
2155	1
7292	1
7499	1
2696	1
345	1
2913	1
4018	1
3329	1
4522	1
3259	1
4429	1
2484	1
3660	1
4109	1
2445	1
6082	1
4115	1
2477	1
3003	1
1374	1
1375	1
2369	1
856	1
3671	1
1254	1
1792	1
3975	1
3026	1
3735	1
2419	1
1507	1
793	1
4396	1
5229	1
5834	1
6020	1
5082	1
4017	1
6932	1
3191	1
1684	1
4851	1
942	1
2189	1
2873	1
5775	1
1766	1
3704	1
723	1
3130	1
2195	1
3354	1
5280	1
3217	1
2012	1
2004	1
1248	1
4341	1
7239	1
5036	1
2801	1
1784	1
1204	1
2127	1
1689	1
2736	1
4867	1
1935	1
4179	1
2773	1
5486	1
4485	1
2148	1
2187	1
4487	1
970	1
2176	1
3962	1
2995	1
5822	1
1062	1
3801	1
1470	1
4188	1
4409	1
6281	1
4375	1
3917	1
8326	1
4324	1
4513	1
1236	1
4995	1
3681	1
3428	1
5654	1
1681	1
7042	1
6267	1
5422	1
603	1
4280	1
5376	1
3864	1
5276	1
3238	1
5823	1
1458	1
1892	1
3097	1
1247	1
2538	1
6866	1
3322	1
4530	1
4203	1
2141	1
2814	1
8258	1
3273	1
7903	1
3688	1
7400	1
282	1
1784	1
1563	1
4344	1
2094	1
906	1
3788	1
3035	1
5479	1
1825	1
1158	1
2668	1
1831	1
3490	1
1207	1
4336	1
2974	1
3820	1
3292	1
3469	1
1426	1
573	1
1225	1
3341	1
2063	1
1572	1
4285	1
1938	1
4440	1
3097	1
4318	1
1719	1
4002	1
2943	1
4433	1
3364	1
5623	1
2988	1
1813	1
4802	1
1415	1
1953	1
4002	1
3798	1
4049	1
7886	1
1213	1
2363	1
842	1
3574	1
2801	1
1059	1
6258	1
2457	1
6207	1
6892	1
7104	1
5336	1
3263	1
1638	1
1610	1
4875	1
820	1
2581	1
4539	1
5092	1
1535	1
3514	1
5772	1
1050	1
2071	1
5558	1
4776	1
2511	1
4150	1
4347	1
4987	1
5392	1
5371	1
3990	1
2725	1
2066	1
5061	1
3942	1
6426	1
7067	1
7374	1
4717	1
2214	1
3979	1
4550	1
2428	1
3904	1
5994	1
910	1
3956	1
1327	1
3620	1
3616	1
2948	1
2709	1
3738	1
3437	1
6573	1
3861	1
6928	1
5304	1
1636	1
760	1
4421	1
3803	1
2844	1
1179	1
132	1
1121	1
6049	1
1546	1
4171	1
3674	1
4948	1
2238	1
5747	1
3438	1
4681	1
1236	1
430	1
3774	1
4960	1
1056	1
2935	1
193	1
6474	1
5139	1
3672	1
4472	1
1411	1
5479	1
4624	1
6389	1
6048	1
4686	1
5992	1
1188	1
5558	1
3523	1
4514	1
2257	1
2785	1
3601	1
1970	1
8056	1
5494	1
1973	1
2055	1
8077	1
3186	1
3961	1
3554	1
5428	1
4342	1
5704	1
2761	1
2122	1
2486	1
545	1
2626	1
2877	1
2683	1
3834	1
4110	1
8457	1
1689	1
3700	1
704	1
1561	1
4010	1
2213	1
2709	1
866	1
1290	1
7515	1
7137	1
3952	1
6696	1
4193	1
2436	1
3479	1
4774	1
4699	1
3447	1
7440	1
2576	1
5079	1
2681	1
5325	1
3062	1
4336	1
3977	1
1631	1
3545	1
3171	1
3782	1
4929	1
605	1
739	1
2151	1
4010	1
5000	1
5331	1
4249	1
7691	1
2991	1
2451	1
3862	1
1702	1
5801	1
3837	1
6923	1
4335	1
5406	1
3496	1
1171	1
3942	1
1599	1
453	1
1826	1
5061	1
2717	1
1457	1
5855	1
3072	1
3424	1
4541	1
3303	1
9999	1
3598	1
3840	1
2447	1
4894	1
5785	1
3310	1
2632	1
4025	1
1887	1
1826	1
1311	1
4008	1
40	1
409	1
3150	1
964	1
4207	1
5771	1
2827	1
3163	1
2024	1
1250	1
3823	1
6798	1
5085	1
5308	1
4790	1
3625	1
1487	1
5847	1
1087	1
1881	1
9194	1
1202	1
4655	1
6198	1
2470	1
1751	1
3391	1
2331	1
4941	1
854	1
1868	1
3719	1
1204	1
5148	1
2596	1
1218	1
4652	1
5327	1
2279	1
3902	1
2916	1
752	1
4309	1
2816	1
4733	1
1604	1
3827	1
2290	1
3224	1
1311	1
2566	1
3419	1
3426	1
4559	1
6900	1
6201	1
1530	1
4860	1
2067	1
4074	1
4558	1
6809	1
3725	1
3330	1
1287	1
6314	1
4364	1
3353	1
3674	1
4335	1
1260	1
1399	1
2243	1
5136	1
3608	1
2319	1
1786	1
2503	1
4362	1
973	1
7620	1
5325	1
1955	1
2008	1
6113	1
3075	1
5439	1
1955	1
2917	1
3574	1
2160	1
6368	1
6579	1
5774	1
3592	1
1538	1
5225	1
4008	1
695	1
1269	1
5874	1
6032	1
3066	1
2913	1
3604	1
784	1
4115	1
579	1
4837	1
3636	1
1981	1
1147	1
2786	1
4266	1
4730	1
3128	1
758	1
3101	1
2176	1
1491	1
6653	1
3806	1
624	1
4929	1
1758	1
3075	1
6335	1
6949	1
2981	1
4605	1
2512	1
3817	1
4162	1
2942	1
2108	1
3180	1
2687	1
4398	1
1532	1
3092	1
1247	1
7510	1
5980	1
5342	1
5705	1
534	1
2445	1
4133	1
3864	1
1940	1
3913	1
1462	1
2622	1
6913	1
4300	1
5370	1
1373	1
4956	1
3806	1
1817	1
6721	1
3824	1
3961	1
4067	1
4518	1
4814	1
7337	1
2671	1
1446	1
2057	1
4084	1
6967	1
8261	1
1474	1
4225	1
4359	1
2884	1
1022	1
3283	1
661	1
2744	1
1947	1
3337	1
3482	1
2764	1
2412	1
689	1
2582	1
1214	1
2453	1
3132	1
3603	1
2245	1
3990	1
2471	1
4008	1
6291	1
501	1
1693	1
2406	1
4525	1
7104	1
440	1
2474	1
4669	1
942	1
2093	1
5820	1
1256	1
4241	1
1966	1
3725	1
4495	1
5249	1
4838	1
8159	1
6591	1
2985	1
3765	1
6972	1
1907	1
3208	1
3562	1
7268	1
6504	1
2284	1
3234	1
753	1
2787	1
1782	1
4547	1
3074	1
3526	1
6045	1
1049	1
3495	1
4484	1
880	1
1288	1
3647	1
7038	1
5391	1
4391	1
1514	1
3761	1
4087	1
3313	1
1845	1
920	1
6926	1
1904	1
5124	1
1671	1
3990	1
4274	1
1008	1
1039	1
1058	1
4837	1
1850	1
4561	1
5888	1
5057	1
2352	1
4520	1
2411	1
4268	1
3514	1
1398	1
3837	1
1681	1
5740	1
8207	1
1958	1
3169	1
6322	1
5603	1
7489	1
5094	1
917	1
1089	1
3951	1
3743	1
1990	1
5533	1
6490	1
3418	1
867	1
4454	1
3241	1
3861	1
7375	1
1086	1
2240	1
7653	1
1592	1
1679	1
3810	1
3115	1
1265	1
4723	1
2182	1
4330	1
3277	1
2565	1
1549	1
3398	1
4644	1
4418	1
5086	1
5516	1
7183	1
6234	1
4467	1
5423	1
7380	1
6967	1
4261	1
1386	1
1280	1
4030	1
3985	1
6791	1
7051	1
1847	1
3299	1
2695	1
323	1
3280	1
2894	1
1259	1
3502	1
2172	1
1890	1
4657	1
5349	1
3277	1
3544	1
6743	1
1548	1
7968	1
4912	1
3659	1
1033	1
4575	1
3126	1
2293	1
1315	1
4767	1
3845	1
1028	1
4042	1
8089	1
4390	1
6595	1
4035	1
1440	1
1503	1
4993	1
5221	1
2040	1
2522	1
3543	1
1136	1
5580	1
1160	1
2037	1
3820	1
2572	1
6221	1
3153	1
4066	1
5055	1
3915	1
4457	1
5367	1
2814	1
3472	1
1785	1
7139	1
1926	1
2342	1
3562	1
4843	1
1209	1
4639	1
3002	1
3142	1
2233	1
3868	1
4158	1
4646	1
3662	1
3066	1
3228	1
2436	1
2885	1
3253	1
4332	1
6043	1
3615	1
3621	1
5379	1
3155	1
4575	1
5384	1
4298	1
841	1
5398	1
5269	1
4935	1
4966	1
4580	1
1163	1
3896	1
5946	1
3459	1
3348	1
2393	1
1192	1
5716	1
4152	1
5059	1
5057	1
6058	1
970	1
3384	1
3378	1
1820	1
3431	1
1779	1
7405	1
4161	1
739	1
5499	1
1672	1
7692	1
1667	1
2618	1
4144	1
2311	1
5145	1
3092	1
4839	1
1192	1
1132	1
4284	1
2452	1
3270	1
3888	1
1268	1
5398	1
5054	1
3654	1
2806	1
5185	1
5604	1
4987	1
2088	1
5903	1
6129	1
6438	1
1749	1
2063	1
1398	1
3723	1
437	1
152	1
7436	1
3244	1
1460	1
2901	1
8026	1
