1	8817
1	6957
48	9679
29	8919
15	9439
1	8251
1	2133
156	9385
13	9466
14	9092
72	7249
6	7833
10	9827
184	9615
1	9463
1	5326
88	7427
40	4137
1	8942
1	6982
223	9105
1	4410
1	8870
1	7513
1	9376
15	9085
1	8726
96	7621
88	9233
4	8879
1	9319
45	9409
216	4538
1	9776
436	8989
1	9301
1	9516
1	9115
1	8263
1	8933
99	9336
1	9208
201	8501
1	7566
1	9233
245	8176
1	6196
1	6589
169	9372
414	7354
104	9892
1	8848
1	9289
4	9359
206	8960
67	8738
41	5846
55	6964
1	9038
11	9067
84	7208
1	6745
5	9134
328	2924
20	7887
133	9270
1	8968
127	9001
1	314
1	4150
444	9092
132	9169
594	9182
10	9025
1	7965
1	8594
13	5571
151	9517
1	9357
30	7986
52	2713
212	9157
1	4889
1	9414
1	9113
1	9241
10	9034
294	6302
190	8140
200	9223
1	8725
593	7700
476	4720
327	9203
171	9043
1	9409
59	9092
3	8714
1	6122
1	8898
1	9426
148	8895
1	8616
35	7994
107	8616
73	6941
1	9338
30	7433
134	8577
1	9527
1	5904
112	9425
1	9292
126	8820
42	8957
41	9263
1	9215
1	8251
1	9400
59	9175
1	7472
6	9267
49	9135
1	8250
1	7832
174	9579
1	9092
79	5844
1	8131
488	7364
1	8702
112	7158
80	7873
71	8254
1	9116
38	8877
2	8852
1	5372
1	8042
139	8720
240	5727
8	8535
36	8718
459	0
219	9422
1	5223
312	3801
1	9026
30	8030
172	6301
29	8543
115	5092
95	5289
49	6900
179	8930
32	9303
1	8600
178	9049
21	9397
25	6078
1	9210
62	9474
26	9010
3	9466
106	9098
112	9389
1	5277
1	7210
45	5823
362	8902
1	4848
21	7845
53	9277
162	9172
1	8918
7	8745
1	8403
1	8862
263	9136
323	7000
1	6612
246	9542
3	8959
398	7503
1	9019
88	9673
204	8797
1	9393
203	9101
36	9035
1	9357
39	6068
302	8716
1	7207
58	5235
87	5147
57	5992
233	9158
299	8929
1	9333
1	7849
1	9075
101	8878
1	9220
44	9575
1	6944
135	9461
1	9359
1	9161
22	8636
1	9345
98	9436
57	9560
52	9258
318	9028
6	8986
441	7868
1	8506
5	9498
150	4478
86	8921
1	9011
20	9176
1	8066
583	8940
142	8099
49	9357
1	4865
1	7366
106	8355
172	8358
1	9113
313	7884
108	9477
1	2839
51	9439
1	5913
5	9019
15	9030
1	9118
194	6941
59	9048
138	9127
1	8918
57	5859
28	8565
297	8901
1	7197
372	8727
1	8752
160	5490
1	7150
1	8067
184	7882
216	8142
1	9174
54	8444
76	8823
1	2357
37	7245
1	8908
1	9494
7	8892
180	8688
242	8908
1	7111
442	9162
1	9260
173	7360
238	9021
1	9476
14	9173
1	9240
107	9202
31	9183
1	9208
1	7455
1	8473
6	9289
124	3019
58	9052
1	7136
212	8944
1	9603
486	9016
1	9421
111	9135
530	9290
430	8768
16	7206
1	9384
1	1291
1	7293
363	9250
88	9217
1	9118
1	8949
384	8914
92	9116
45	9608
1	8851
3	9570
41	9040
1	9065
1	8607
415	8918
38	9427
1	4498
286	8988
413	8994
414	9425
115	2408
1	8838
35	8069
46	7055
39	9062
435	5798
1	7185
17	7101
1	299
1	9459
5	8893
1	8890
60	9303
29	7950
88	9108
1	8853
194	7108
1	8999
340	8151
109	8202
98	4207
1	6060
284	7102
9	9067
225	9136
8	8886
13	9245
1	8020
214	9081
456	8346
1	9502
2	8589
216	7860
1	9382
1	8611
150	9680
121	6784
7	9123
357	7621
519	8030
87	8872
1	9136
1	7674
404	7661
120	8746
1	4457
1	8876
37	4534
199	6888
1	9184
62	9301
1	9274
1	5750
1	855
1	9113
30	4044
17	7433
123	8145
1	3094
13	9014
99	7722
64	8101
262	7840
166	6404
1	3630
1	8985
1	9271
8	9510
71	9430
123	8874
1	9389
1	5329
3	9937
424	9076
36	9495
1	8925
1	6780
11	7697
1	8948
23	9379
1	7404
1	8196
1	9125
1	9323
93	8546
1	7024
1	8786
68	6870
1	8961
421	7388
312	9472
23	9314
16	8371
86	1682
1	4889
162	9544
63	6520
1	9438
22	9085
1	8896
42	9282
497	6424
1	8489
31	7087
249	6933
33	9129
1	8857
175	7686
36	5477
1	6356
72	1635
125	9267
1	8953
1	5112
14	8926
122	7259
1	8524
427	9115
1	3295
332	7933
42	9083
38	8914
92	9325
1	9025
229	9112
549	9482
12	8083
215	9078
18	7627
1	9017
1	9282
61	6523
228	8944
31	8720
9	4610
95	8490
11	9101
1	9520
1	8010
60	9182
19	8864
30	9064
52	9267
7	9192
337	7727
1	9153
1	8558
36	9005
186	8674
116	8845
167	4026
313	8992
1	9052
1	9141
506	3172
22	9202
106	8819
230	7860
84	9758
492	7909
415	9247
1	8477
3	5384
13	9162
488	9187
1	8442
1	9099
1	8986
14	921
1	1612
124	8288
179	9073
1	8772
128	8022
1	8816
21	9359
281	6934
16	9515
1	3837
1	4052
32	9144
23	8891
406	9105
101	9260
1	6454
1	9107
1	8294
22	7791
1	7831
1	7944
26	8123
1	5494
108	8362
1	6406
2	8798
1	9516
482	7342
4	5927
77	8897
290	9237
1	9569
215	9571
1	9206
120	5458
361	9567
27	9171
70	8862
1	8796
1	9066
1	9144
229	9240
1	8850
1	8510
30	4771
232	9654
11	9212
428	5750
210	8700
27	9999
166	9161
1	6837
220	7344
132	7526
1	7101
1	9095
1	3999
1	9100
1	8894
74	9222
208	7313
357	6478
436	8266
23	8692
76	9108
20	8561
201	9307
1	9194
1	9266
5	8654
1	8447
27	9142
77	8888
80	9029
446	8667
18	7944
1	3026
1	7992
226	8311
277	9249
170	8996
1	9303
1	9324
1	8744
