25	1
24	1
10	1
19	443
20	1
13	66
24	1
8	1
21	1
24	40
22	1
15	1
22	47
16	1
25	1
18	54
11	268
20	26
17	50
23	164
9	85
23	74
25	116
21	95
24	181
20	1
14	1
13	10
11	127
24	1
22	1
14	318
22	429
24	22
16	197
21	431
24	1
12	1
24	1
16	1
20	449
17	1
16	552
17	4
24	1
12	1
24	199
13	1
8	73
17	1
12	1
12	1
14	1
12	711
24	1
12	1
15	571
19	1
22	23
24	196
15	1
17	204
17	247
20	425
20	1
16	5
18	306
17	1
27	109
10	1
13	1
24	235
18	1
26	1
21	80
22	24
17	1
14	278
25	384
17	1
21	14
20	406
24	52
11	132
8	1
13	1
23	1
18	1
20	149
18	1
13	23
18	42
24	574
15	460
26	1
24	1
10	92
23	189
25	280
12	59
23	1
22	1
18	1
24	26
8	1
21	1
22	1
21	371
21	93
8	1
25	23
22	1
22	1
16	1
24	292
24	14
24	1
23	68
8	1
19	1
21	430
20	1
22	1
24	1
11	156
17	52
23	375
22	161
23	56
17	249
13	45
11	1
15	116
14	1
18	1
25	1
18	8
13	130
18	157
21	95
26	1
12	31
21	34
12	1
16	1
15	147
13	1
24	27
23	691
16	1
25	1
19	565
17	1
29	86
16	23
24	68
26	1
22	1
22	1
20	290
15	1
20	101
7	21
11	6
12	1
15	1
23	4
25	44
22	1
23	1
14	22
23	1
25	1
21	301
11	1
12	1
19	49
10	10
24	1
17	1
19	1
21	148
18	24
17	1
11	94
13	21
24	1
21	1
18	1
22	1
17	14
12	649
24	69
25	395
22	86
19	65
16	108
16	26
21	6
25	2
16	306
14	1
18	1
13	1
23	414
18	95
15	1
22	1
20	1
17	1
15	1
25	4
12	1
16	1
20	249
21	14
18	1
14	1
17	1
19	1
19	339
17	198
11	338
10	489
13	1
18	1
15	24
24	122
12	334
12	89
16	1
18	234
18	1
19	40
12	146
18	23
22	1
23	1
24	121
18	1
23	139
14	1
20	79
14	1
20	1
16	130
23	246
22	1
18	3
23	286
14	31
23	1
21	4
16	1
25	1
18	1
10	232
17	39
14	1
22	121
23	103
26	1
19	49
15	1
16	143
13	50
15	201
16	1
15	52
7	159
22	1
22	162
22	1
19	93
13	1
13	297
14	127
20	478
21	1
21	30
18	1
26	34
14	22
23	249
21	1
11	1
14	55
20	264
18	1
17	40
20	1
15	622
16	4
17	5
16	50
13	31
18	20
12	104
6	9
17	40
19	1
14	60
11	1
17	1
15	1
14	61
17	1
25	1
19	152
13	453
23	1
19	1
23	77
22	97
18	177
21	1
11	1
21	1
12	144
21	26
21	1
23	4
13	1
21	1
19	1
14	111
23	1
23	82
24	1
14	1
20	1
19	1
13	1
17	1
12	1
23	1
15	1
24	515
23	60
14	140
22	278
14	13
9	66
24	588
22	115
23	364
17	14
20	1
24	15
22	236
19	181
16	35
21	139
18	1
16	181
6	460
22	8
13	1
18	1
17	14
11	286
21	393
9	206
21	108
14	25
16	1
23	1
24	1
18	16
23	1
20	690
18	1
18	225
23	257
17	1
16	1
15	378
15	1
19	1
23	1
22	1
22	1
22	25
20	1
13	1
20	45
12	1
20	7
16	194
23	14
22	39
22	2
13	365
18	1
17	104
19	13
8	1
25	18
22	1
13	1
18	275
23	32
24	1
24	448
20	214
13	117
8	1
22	1
14	1
14	1
22	1
25	66
18	3
20	1
25	1
21	1
22	97
17	149
22	1
20	528
22	151
17	94
24	1
16	27
20	6
19	46
22	65
23	48
13	86
16	1
17	1
15	1
15	1
24	1
22	16
23	1
24	30
21	16
23	1
16	89
23	1
19	43
25	90
18	1
19	35
15	150
21	48
23	1
7	1
16	293
26	155
18	1
18	1
22	30
25	86
10	1
16	4
21	1
17	1
15	230
20	60
19	182
15	56
15	1
20	1
19	17
23	6
18	87
17	70
19	185
21	1
12	54
15	1
19	43
25	177
12	348
19	1
20	1
15	125
25	1
14	1
17	210
22	1
10	1
18	1
20	24
21	1
16	1
18	25
18	1
25	73
21	62
23	79
12	1
21	1
21	188
23	1
23	67
22	1
18	1
22	8
18	1
23	130
19	50
14	21
16	250
23	192
22	1
12	1
22	32
22	77
14	1
19	1
19	1
17	1
10	108
10	49
16	97
15	287
21	3
16	513
12	43
16	326
21	336
23	1
24	79
23	1
17	290
17	42
25	1
20	1
22	390
20	197
15	83
14	1
16	84
10	132
20	66
19	51
19	1
14	1
23	12
19	1
14	157
12	1
22	50
13	1
22	12
23	542
21	1
23	1
13	47
22	1
15	13
15	1
16	213
17	442
20	201
21	1
21	88
24	39
16	297
24	1
25	159
22	505
23	255
15	1
24	111
22	88
13	63
14	53
11	29
16	90
22	1
14	14
13	1
23	1
23	486
9	1
23	50
20	44
9	1
22	1
25	1
16	98
22	1
16	1
15	61
14	18
16	278
16	440
17	1
5	1
25	1
24	115
11	1
14	305
20	35
19	32
15	177
18	61
13	1
18	1
11	1
18	56
30	1
24	48
19	102
24	17
20	29
21	92
16	1
17	205
22	1
16	240
11	34
20	1
14	1
23	1
24	56
24	1
21	61
17	208
14	1
17	1
18	1
9	587
19	1
23	1
26	2
23	1
11	181
13	113
17	1
24	1
11	1
9	1
15	176
19	110
26	1
24	18
17	177
10	1
16	1
19	52
12	99
23	22
14	1
24	1
18	1
13	1
21	1
27	1
13	1
15	26
10	1
20	36
23	53
21	54
18	75
15	38
24	1
21	44
22	101
23	1
25	135
21	1
14	437
19	38
20	6
6	15
20	76
25	47
23	1
17	535
22	1
12	1
13	257
22	109
19	154
22	1
23	5
16	170
9	1
26	32
25	564
25	1
10	1
13	1
20	48
15	1
23	95
18	73
12	1
16	47
19	1
23	24
10	112
18	186
22	177
15	206
16	117
23	1
11	1
23	1
24	1
22	53
19	1
19	1
22	92
18	4
16	1
10	43
13	16
20	52
22	3
24	1
25	152
23	20
22	4
13	1
25	250
19	13
21	29
21	31
24	1
18	1
14	1
22	1
25	1
18	10
17	1
20	17
26	1
22	164
19	1
14	112
19	1
21	194
13	1
12	1
23	183
25	188
16	103
11	52
16	21
12	118
21	81
7	94
11	1
13	352
22	1
16	40
20	1
19	59
17	1
21	517
12	84
12	1
25	227
10	44
22	1
21	79
13	124
19	82
15	7
16	37
19	125
16	1
14	73
17	380
12	1
22	83
21	59
18	1
18	1
24	1
9	31
22	1
24	1
24	102
17	1
21	231
24	1
16	338
20	1
24	147
21	66
11	1
15	590
16	56
19	1
18	1
20	1
25	1
21	1
17	1
25	39
16	1
17	46
21	173
21	129
20	246
14	1
10	1
20	1
25	46
23	1
8	230
14	1
12	25
21	64
24	35
16	1
23	1
18	8
14	259
7	1
20	1
22	144
23	1
11	1
16	211
20	180
22	28
19	16
13	536
17	1
15	1
17	177
17	1
17	1
24	1
13	1
18	38
13	96
23	1
23	15
21	1
14	1
18	36
23	1
14	359
18	152
17	40
23	1
22	9
14	29
15	144
17	37
14	308
25	133
23	582
14	230
16	1
17	260
12	16
21	1
20	26
24	16
24	1
20	27
19	64
18	14
16	1
17	1
22	1
18	105
20	4
17	1
21	211
16	1
9	1
17	1
16	406
21	1
29	1
19	46
12	1
24	160
24	130
23	5
21	32
21	1
17	1
22	1
21	84
18	53
17	1
7	48
22	1
4	178
14	252
22	489
6	1
22	1
18	12
20	192
22	45
24	340
15	1
11	1
5	1
20	44
18	1
21	28
13	1
18	23
23	1
22	1
17	1
26	1
12	1
25	123
22	1
17	1
14	37
25	1
15	13
14	1
20	1
19	83
21	1
23	5
17	1
21	1
23	57
20	1
14	114
23	58
23	77
20	186
15	1
22	272
22	1
18	1
23	1
14	1
16	1
20	29
21	91
16	17
18	342
20	32
22	412
16	1
19	1
24	82
26	19
11	1
24	1
21	148
23	85
21	1
16	1
18	1
23	1
20	50
22	285
13	34
10	69
19	26
13	1
18	5
14	1
15	1
18	51
20	1
11	1
18	65
16	213
17	371
19	132
19	108
9	2
16	62
19	1
25	199
23	69
14	18
21	1
19	221
22	73
18	5
21	1
24	71
22	52
21	20
23	141
16	261
23	43
21	1
23	315
20	425
19	1
22	285
16	167
18	394
14	27
23	4
25	114
7	1
26	426
16	70
18	50
16	1
21	20
22	1
19	218
16	15
24	1
22	306
18	48
16	31
15	1
16	1
18	206
21	1
24	385
20	257
17	1
20	1
18	159
23	109
13	538
19	364
16	1
14	1
6	159
12	1
17	1
12	112
21	400
23	1
16	1
18	1
10	1
18	11
21	44
22	14
24	35
21	94
24	1
21	1
15	167
10	46
13	1
13	57
22	1
21	407
20	1
19	300
16	20
23	1
24	1
22	26
15	1
23	1
25	12
26	147
16	220
24	429
21	94
19	1
14	43
24	1
20	5
19	120
20	43
17	24
20	1
13	1
13	1
17	110
12	1
13	1
18	1
21	1
16	1
12	1
22	98
22	10
23	8
19	18
21	24
22	1
14	1
16	1
23	1
21	88
16	72
19	3
24	147
25	20
9	415
23	1
11	1
19	37
18	186
16	1
23	1
19	16
22	460
21	1
21	95
10	45
21	1
24	1
14	31
21	1
12	17
22	24
10	1
21	1
22	506
18	1
19	54
20	21
18	25
20	122
19	18
4	357
8	19
16	265
13	301
16	23
20	100
14	328
23	28
23	170
20	46
21	276
18	6
18	5
20	1
22	24
19	1
26	30
24	61
12	1
19	1
15	1
10	49
23	177
7	17
24	85
27	1
18	1
24	1
11	1
15	1
22	1
14	1
12	1
20	3
20	48
6	1
14	1
23	1
21	1
9	1
19	1
19	238
21	414
13	184
18	1
17	1
15	17
23	74
25	89
25	109
24	43
17	114
10	270
20	1
13	123
25	1
16	21
16	472
18	1
14	104
11	4
16	1
22	2
22	281
17	127
13	1
21	194
10	9
17	34
25	1
23	64
14	1
19	1
24	241
12	1
13	51
15	1
22	1
19	42
19	1
25	404
21	1
22	41
22	133
18	75
19	526
14	111
16	25
15	1
23	210
24	196
21	128
22	42
11	1
20	203
7	37
13	1
20	31
22	297
22	10
22	270
22	330
16	1
23	1
13	1
22	6
22	1
16	1
18	1
21	5
16	1
22	1
12	1
21	30
14	146
9	55
9	1
5	1
20	1
15	1
8	38
22	70
24	1
12	36
16	65
14	1
6	1
19	78
19	1
12	142
17	1
17	1
22	258
18	1
21	31
16	44
23	111
16	361
14	102
23	1
21	1
9	287
19	6
19	1
22	1
25	1
21	43
21	1
25	3
24	1
15	1
22	483
25	226
24	199
15	1
20	331
22	34
9	92
26	1
15	6
10	46
16	1
21	1
23	653
20	1
21	32
11	1
21	1
14	1
15	148
22	1
20	84
23	1
19	1
20	171
22	22
20	1
22	562
21	16
12	39
19	1
22	1
23	31
21	66
22	1
23	1
15	88
14	52
12	1
17	204
18	1
29	1
7	32
17	124
22	1
16	30
21	38
17	1
13	81
22	198
14	1
14	305
18	297
23	155
11	460
20	1
18	60
11	155
19	1
18	1
22	1
22	1
19	205
26	217
17	173
17	90
14	1
10	281
17	177
25	1
17	666
22	1
18	250
14	203
12	1
13	221
14	1
20	1
22	1
17	48
10	197
5	1
14	399
16	394
22	41
22	18
20	162
21	1
21	124
19	1
19	506
20	172
21	25
25	49
21	21
21	4
12	1
22	12
9	1
16	348
7	1
23	1
24	21
20	1
15	35
23	1
19	1
23	1
15	1
19	128
14	32
13	1
20	1
21	1
17	1
17	97
22	1
20	1
14	1
11	1
9	1
16	49
23	1
18	3
28	1
22	1
22	316
24	203
18	1
17	1
26	1
11	13
23	249
16	56
16	37
17	107
15	16
22	1
24	1
21	1
12	1
13	1
16	1
23	1
15	152
14	1
16	199
22	42
11	1
23	1
20	1
21	265
16	23
13	648
25	346
22	222
22	73
11	1
16	104
17	80
24	11
21	63
25	193
22	43
19	1
18	1
18	41
22	37
15	201
11	1
20	89
25	38
14	4
19	1
22	28
17	1
19	1
18	255
12	1
1	33
18	1
18	1
17	1
20	89
17	1
21	1
20	68
16	60
17	170
23	4
21	157
23	1
16	1
20	1
13	56
17	45
16	105
13	1
23	1
21	456
20	101
14	270
18	1
21	1
22	366
21	1
21	5
22	78
24	238
23	1
16	190
17	1
21	1
14	240
15	37
9	88
23	245
25	1
23	15
16	56
27	1
20	1
13	1
25	24
15	10
25	1
7	480
13	243
15	14
23	1
20	1
17	101
13	67
22	58
25	1
21	78
20	153
14	87
19	20
11	7
15	1
11	606
16	274
21	481
17	41
22	25
18	1
13	1
18	1
19	19
24	1
24	203
19	190
12	1
11	113
13	1
18	1
15	27
16	182
14	1
18	74
20	126
15	62
21	306
20	22
17	152
23	36
25	1
22	54
14	1
24	105
22	1
21	1
22	1
18	1
22	16
24	322
21	1
24	1
20	69
22	63
22	1
25	157
24	1
14	77
14	1
20	84
26	1
18	45
19	100
22	57
18	78
22	118
9	258
20	142
20	1
24	1
17	1
14	1
18	77
19	1
15	1
23	1
25	233
15	1
15	1
12	1
15	1
19	150
17	108
22	3
19	12
17	76
17	1
14	1
19	143
21	133
