1	33
11	36
9	171
9	26
1	197
1	32
5	37
2	6
4	53
1	36
9	197
1	42
12	20
8	90
2	178
1	108
3	20
9	55
9	47
4	29
2	31
8	190
12	26
12	192
9	36
12	37
8	22
1	29
2	24
9	55
12	27
10	33
3	27
2	38
2	78
2	34
8	188
5	85
6	135
4	55
5	22
12	29
6	53
9	153
2	38
4	29
10	75
3	32
6	196
6	180
1	33
9	50
2	1
9	156
11	53
1	142
1	20
3	27
12	187
9	34
12	107
12	17
5	24
3	11
1	148
12	66
12	179
12	60
2	30
2	197
9	59
9	27
2	44
12	25
5	47
9	17
1	63
1	24
12	182
11	20
2	194
11	92
2	20
3	92
11	33
9	11
9	36
1	195
1	24
9	120
1	60
2	39
8	30
11	20
9	99
9	47
1	31
9	133
2	90
12	75
12	150
1	22
2	196
4	139
11	71
6	45
1	21
2	140
3	176
12	122
9	23
1	73
8	21
9	108
4	78
9	126
3	52
5	39
2	105
8	28
4	128
2	26
1	32
9	17
12	119
8	164
1	79
4	33
2	136
6	138
11	31
9	38
9	73
4	21
2	43
3	179
11	193
12	63
9	48
9	30
12	38
9	60
2	43
2	39
9	149
2	23
2	31
12	171
12	129
1	28
12	29
6	40
4	188
3	32
1	28
12	196
4	15
1	37
12	60
9	30
9	19
9	25
1	16
12	24
9	21
9	45
3	34
12	14
2	117
9	37
1	138
12	41
3	76
11	63
12	128
12	197
2	94
8	173
9	33
9	18
11	33
4	14
3	21
9	61
1	196
12	90
9	12
11	45
3	31
5	29
5	22
2	81
9	57
3	152
1	14
12	20
4	35
2	63
9	58
9	22
9	31
12	60
2	82
9	39
12	41
8	47
11	26
3	24
1	127
5	196
12	37
6	197
9	20
5	33
1	42
9	70
4	132
9	157
2	39
1	29
1	167
1	17
8	21
2	60
9	196
1	26
2	39
9	18
12	34
9	44
5	86
3	47
1	20
2	23
9	48
11	19
1	193
9	38
12	17
2	186
9	169
8	170
4	83
11	43
4	50
2	28
10	11
3	14
2	27
2	168
3	9
1	31
9	54
1	64
12	127
12	65
1	26
9	50
1	23
10	64
12	69
5	164
9	168
1	29
10	62
1	197
1	14
12	41
9	196
9	43
9	184
11	191
3	53
2	23
12	196
11	197
8	35
12	60
2	139
12	113
1	23
3	37
12	195
8	41
9	173
9	42
5	41
5	196
8	138
2	30
1	193
2	11
1	128
1	54
2	33
12	129
1	21
9	19
4	196
2	33
12	100
4	70
2	96
9	55
9	63
1	14
5	36
12	104
9	23
9	30
12	53
9	119
2	41
3	20
9	160
9	42
3	30
2	98
2	49
2	66
8	42
9	49
1	42
3	48
1	15
2	108
6	43
9	105
1	65
10	28
12	33
2	56
2	42
11	38
2	23
1	114
3	20
9	24
9	29
12	195
12	107
2	31
9	28
9	32
2	77
3	22
2	27
12	44
12	45
4	39
12	39
8	86
4	38
3	91
12	71
1	179
11	192
12	172
2	37
9	31
9	35
1	98
3	31
9	19
5	96
1	68
9	195
1	32
4	12
1	40
1	35
3	194
2	38
9	50
12	30
1	44
12	180
9	66
2	48
8	15
11	53
1	137
2	67
9	60
10	187
9	14
12	30
1	123
12	114
1	35
11	21
1	50
12	42
11	177
8	43
1	17
9	25
5	39
1	16
6	30
1	34
6	61
1	37
12	28
9	128
1	22
3	59
9	65
2	32
3	46
9	124
3	35
12	194
1	189
12	38
9	22
12	56
3	23
11	75
11	132
2	36
5	33
9	25
12	68
6	196
1	136
7	21
2	53
9	36
12	44
9	37
12	46
9	15
4	18
11	47
9	19
6	50
4	21
12	22
10	29
3	26
2	37
3	22
9	23
2	35
1	176
2	28
1	63
9	38
9	46
2	25
9	73
9	34
9	17
9	189
2	89
5	181
10	63
3	194
1	196
2	101
8	28
8	34
9	39
1	92
1	26
9	33
6	135
9	101
3	81
9	31
1	25
8	28
5	36
5	197
3	43
8	166
8	197
9	68
9	83
3	81
12	38
1	69
9	39
12	109
11	48
9	27
1	22
1	17
12	193
9	35
9	119
9	30
2	196
9	34
8	21
1	189
9	125
12	115
1	19
9	20
3	37
12	120
9	25
2	53
10	22
9	96
9	7
9	37
1	33
8	167
12	25
4	52
8	46
9	157
2	27
1	16
6	138
8	40
12	29
9	196
9	24
4	22
9	34
9	16
9	30
10	43
12	81
11	47
9	22
1	63
1	51
6	42
1	33
9	160
9	29
8	160
8	172
9	23
12	43
1	76
6	158
8	109
9	13
1	18
1	38
12	24
11	47
11	21
12	133
2	54
9	70
9	31
11	192
9	49
3	46
12	76
2	90
1	110
3	81
2	37
3	27
1	19
12	45
3	22
1	24
1	61
9	45
2	137
3	163
8	106
6	40
12	196
11	15
4	45
9	20
1	196
1	169
11	150
12	24
10	60
9	85
9	40
1	60
1	78
2	22
12	31
9	105
9	21
12	56
9	22
11	40
12	55
1	105
1	12
8	15
9	113
4	21
12	156
9	30
9	57
1	22
8	37
3	41
1	91
8	50
10	25
2	24
6	77
12	48
1	23
3	15
9	25
2	29
3	133
2	84
9	40
5	38
1	172
3	53
12	180
10	162
9	23
9	52
4	22
9	33
9	38
9	166
1	181
2	36
9	37
9	165
9	194
11	28
9	9
12	193
6	116
12	180
9	66
8	82
4	41
9	31
1	24
11	35
9	13
12	187
3	59
6	24
3	69
2	197
1	98
12	174
1	112
9	49
12	37
12	141
1	132
1	36
2	48
5	196
9	31
11	195
12	26
12	41
9	55
2	40
8	34
12	168
9	18
2	24
9	26
12	191
3	46
9	147
9	50
9	49
4	133
12	17
1	35
2	33
12	22
9	20
9	142
6	42
6	42
1	76
2	48
2	29
2	56
1	20
9	27
1	14
9	28
9	197
9	69
1	31
2	15
1	164
9	69
4	38
8	29
9	120
1	86
1	38
3	194
5	119
9	132
9	24
12	102
8	40
1	67
12	116
2	35
9	129
2	54
3	140
9	32
10	84
1	44
9	12
9	53
9	24
8	14
2	196
8	35
3	182
9	190
1	36
2	40
9	36
6	29
1	29
12	30
9	36
2	46
8	34
2	32
1	18
6	196
8	196
9	34
4	28
4	60
9	70
12	46
9	32
2	63
9	53
1	178
3	22
12	24
12	194
11	33
3	46
12	35
12	129
1	69
9	27
1	43
9	194
12	193
9	54
9	194
3	101
8	162
12	185
9	35
4	45
1	22
5	83
9	98
2	42
6	44
6	127
9	20
9	197
5	196
9	30
9	171
12	41
3	20
3	136
9	32
9	123
9	196
9	22
9	80
5	37
2	76
11	13
9	170
9	38
1	190
4	36
4	179
1	40
2	195
11	41
1	195
1	17
1	19
2	36
6	22
1	42
9	17
9	50
9	73
9	27
11	8
1	87
6	37
12	14
10	34
9	196
2	64
9	26
12	188
11	58
10	132
1	52
3	57
1	36
1	128
8	195
11	42
4	28
1	25
9	62
12	154
4	191
11	38
3	94
6	155
11	195
12	23
9	49
9	86
9	99
9	72
2	74
11	81
9	78
12	33
8	19
2	21
10	47
1	69
9	56
8	25
9	31
2	29
9	86
3	172
8	13
2	187
2	45
1	26
2	31
5	44
1	48
12	51
4	56
9	40
9	26
10	25
12	31
8	46
9	64
10	139
1	154
1	42
2	27
8	39
3	14
6	38
8	17
9	23
12	37
1	42
9	58
9	192
5	16
9	19
11	36
6	37
3	32
2	31
9	185
1	124
3	159
11	19
9	75
12	25
1	183
9	34
8	60
2	26
9	20
9	15
12	34
4	23
3	20
8	30
9	44
9	19
1	127
1	191
8	196
12	74
12	79
1	44
2	187
2	31
9	20
12	111
11	187
2	10
9	23
2	71
12	94
6	26
4	196
1	108
1	67
12	34
1	48
12	73
11	188
3	65
1	196
3	159
8	52
4	35
12	58
2	144
4	24
9	14
1	197
12	31
4	27
6	30
1	183
12	136
1	28
10	31
9	157
9	9
2	63
12	87
3	39
9	30
9	149
4	29
9	194
12	28
10	73
9	186
2	177
9	42
11	23
1	196
5	32
11	65
5	180
9	168
6	191
9	33
2	41
12	63
9	31
9	11
3	49
3	14
9	15
6	32
9	63
1	75
9	24
10	32
1	40
12	85
9	180
9	84
9	58
12	77
12	64
2	33
12	14
11	30
9	144
9	9
1	192
3	49
2	41
9	32
8	196
3	82
9	34
1	56
1	28
9	110
8	195
9	25
1	93
9	40
3	193
9	44
8	58
12	22
9	64
9	73
4	184
13	122
8	157
11	133
2	196
9	25
9	40
2	54
1	75
11	30
10	21
2	38
9	42
2	43
11	28
9	106
12	103
12	31
11	27
11	20
3	43
6	33
2	7
9	44
4	51
3	35
1	45
12	35
2	36
1	37
2	33
2	41
1	21
2	61
9	103
8	41
3	35
1	95
8	31
3	130
1	41
2	29
2	73
5	85
4	26
2	21
1	15
2	17
4	29
1	187
6	55
2	22
9	118
12	26
1	16
10	191
2	34
3	122
12	38
2	45
6	41
9	32
6	130
1	18
9	151
12	36
4	104
1	149
9	41
9	15
2	14
9	21
9	46
1	135
2	23
12	72
3	65
11	179
6	49
1	126
8	45
9	5
10	53
5	46
12	79
12	94
9	24
11	26
3	65
3	53
9	17
2	31
10	18
2	27
2	94
9	27
5	30
3	162
10	19
9	37
1	16
1	36
8	46
9	196
12	22
9	182
1	20
12	196
1	141
9	69
9	14
11	35
1	194
9	183
1	194
9	49
9	195
9	26
4	45
9	39
1	87
1	68
12	8
1	44
5	44
1	183
6	17
9	60
9	36
11	22
9	112
9	36
9	12
9	126
2	46
5	100
1	66
9	60
9	36
9	195
1	195
9	191
11	151
9	14
1	37
12	30
9	20
9	23
10	44
1	22
9	60
3	128
12	42
2	23
9	133
1	15
9	32
3	116
2	188
3	43
11	29
6	196
11	40
9	197
9	43
9	19
3	44
9	46
2	24
10	20
8	39
10	11
11	23
12	26
2	29
12	24
4	191
3	108
3	62
3	20
1	31
9	24
6	32
9	20
9	167
10	62
12	23
1	30
3	90
1	167
9	21
1	54
2	21
2	46
1	15
6	22
12	55
1	15
1	31
5	191
12	30
9	180
12	30
2	65
9	28
1	185
9	26
1	26
1	30
8	46
11	194
9	27
12	129
12	103
2	19
9	184
1	40
1	80
9	98
11	185
1	191
5	42
2	40
11	37
9	154
1	174
1	31
2	37
9	40
9	190
12	176
2	142
6	171
1	45
10	185
8	169
1	49
1	36
9	66
6	29
9	10
1	66
1	50
1	29
9	38
9	29
1	196
3	66
9	37
12	24
12	31
2	27
1	44
8	27
8	29
2	128
3	139
2	34
1	10
11	50
2	148
12	104
4	26
11	41
1	196
2	36
9	25
3	174
8	26
11	47
1	25
2	18
1	76
9	138
9	37
9	22
2	196
1	28
1	45
2	168
9	63
3	67
2	79
13	109
5	20
10	28
9	21
9	94
7	28
2	28
2	24
12	195
1	26
9	68
9	50
8	59
11	31
3	24
1	36
2	153
9	31
3	62
5	40
4	169
9	25
4	66
3	26
2	27
9	45
10	196
5	110
3	20
1	13
8	180
9	24
8	48
8	20
2	22
8	197
2	20
9	107
2	49
9	51
2	54
4	96
1	196
11	24
