73	1811
150	18
70	640
3	7
71	718
1	252
1	559
1	27
1	30
11	1193
421	4179
1	33
57	115
172	37
1	1868
117	1
30	21
1	11
192	1333
25	80
1	2
180	28
31	970
4	35
469	1105
13	17
68	21
89	2097
1	16
16	781
1	485
1	451
1	164
25	914
90	636
1	3
371	396
1	42
476	1042
421	0
32	631
1	13
1	42
63	14
67	2213
1	2517
389	15
88	19
401	17
1	2
1	10
1	388
40	1543
1	2516
565	494
5	214
1	3
85	335
680	1997
1	35
1	1104
39	2783
1	199
39	2354
57	3109
19	20
359	11
1	30
177	11
1	208
1	216
120	7
30	1805
25	2576
2	8
3	0
65	35
1	23
86	1
1	502
1	23
63	2141
43	18
346	45
9	31
85	53
73	1823
316	3
1	8
7	7
438	1569
102	27
11	36
219	117
42	207
1	4
1	60
1	35
1	1347
31	10
175	3085
439	2870
61	1359
408	1060
1	514
498	38
1	18
2	2117
333	6
1	1915
321	29
650	13
1	1129
56	6768
1	136
1	953
71	1
22	29
355	360
1	1456
1	5
5	4
87	3
94	38
22	3287
1	1131
21	3
37	9
33	13
1	5746
11	25
89	11
349	0
12	56
172	2820
1	4
246	1
12	6
451	73
285	586
114	1509
66	383
1	94
28	14
45	416
7	170
1	9
5	19
1	19
20	730
13	20
1	15
1	3677
1	1724
1	80
1	32
1	648
22	14
1	3
1	11
293	109
1	960
28	18
24	12
1	144
29	755
1	1358
312	113
70	4
287	3532
1	27
40	1758
43	47
395	8
1	6
1	47
16	2
8	380
1	12
11	65
33	536
499	135
1	185
36	30
1	31
1	26
440	13
1	1531
97	14
1	5
1	27
22	17
15	143
1	4015
37	2
1	918
78	39
1	27
1	537
479	34
50	3
1	503
59	6
1	7
6	53
1	243
16	125
1	28
38	6
5	152
129	1848
187	11
1	4
1	183
25	656
75	514
1	1
36	31
1	11
1	22
1	27
16	5
1	26
73	208
1	36
222	31
1	1294
203	19
100	1
16	284
7	42
68	168
38	258
140	1
408	64
15	2330
31	21
671	321
483	2107
150	26
137	738
1	24
100	44
1	1205
10	1355
1	48
46	0
244	19
34	17
134	370
1	2137
1	58
68	27
432	58
46	2340
4	142
69	464
37	1706
83	20
1	73
1	553
1	59
402	697
159	688
126	4063
21	16
75	377
281	1063
1	858
1	2640
12	2705
485	2639
1	1
1	15
214	14
1	1
16	12
106	11
61	8
84	1176
109	8
314	21
1	295
46	22
18	1351
1	11
52	37
1	32
1	14
429	33
1	113
157	2480
1	2428
1	408
1	1415
1	102
1	20
1	355
87	157
19	26
124	11
26	16
1	23
34	10
204	0
1	2097
1	15
1	2021
7	18
1	20
1	13
147	1327
165	806
1	1180
1	33
455	3
62	61
406	16
1	1902
35	9
36	91
73	6
360	14
1	1
1	4
21	1382
29	3495
1	30
1	17
35	82
656	30
1	128
31	141
1	31
70	791
1	12
1	479
1	8
212	10
1	25
3	614
1	18
1	18
1	1
52	451
1	27
51	52
95	1045
1	16
1	823
43	131
1	17
1	39
24	149
22	1
17	13
1	2994
1	24
73	2
1	70
395	221
1	4638
87	17
1	27
58	591
1	1297
60	739
1	583
1	29
1	1729
1	4586
1	1080
97	17
1	13
36	23
1	3
27	1
45	3
42	1151
80	28
1	3288
1	25
1	13
1	1857
8	13
42	2395
12	42
45	394
472	10
95	12
1	0
1	3694
7	349
1	3991
4	2
1	29
1	1052
480	644
2	22
45	122
1	9
4	358
159	52
47	21
1	275
4	3
47	808
29	127
4	36
1	49
18	42
42	3939
295	42
47	1
382	12
74	22
19	360
298	47
29	7
32	28
1	5
21	17
1	2
33	851
9	278
1	24
1	2592
51	115
11	22
1	12
1	859
1	5
1	50
39	579
11	0
12	31
1	0
136	12
65	1036
498	6
1	43
16	33
1	3
61	1296
1	38
7	0
1	28
111	6
1	37
1	215
65	244
84	11
306	15
8	19
79	44
1	0
217	1243
138	2133
300	99
1	2
52	13
71	6
1	13
1	8
26	28
22	13
1	109
29	2
40	4
85	87
120	5
1	22
1	724
41	2930
509	51
2	8
1	977
11	1323
474	1220
273	17
103	61
1	16
1	732
1	44
1	26
1	25
17	646
1	61
1	18
18	3489
11	143
412	92
41	36
274	4
98	644
457	1392
50	4213
44	2532
227	5
1	5
421	35
2	16
17	92
65	2
397	62
23	145
14	17
1	454
1	2311
1	6
472	27
350	525
1	19
76	27
114	35
239	53
209	36
18	1452
461	154
5	1533
247	69
22	7
7	150
300	36
109	37
1	956
464	14
295	8
1	1349
25	135
1	1
453	10
1	917
1	2
397	4047
178	5
1	47
279	16
1	1352
1	307
49	22
19	76
40	5
21	930
1	305
34	22
92	4
1	14
1	2124
1	900
1	2519
1	27
474	9
1	41
121	22
1	22
85	32
125	2
628	242
100	102
38	689
1	1
1	967
8	26
1	1225
44	2696
1	22
228	37
93	510
193	27
1	8
69	2092
1	277
380	1424
63	2157
38	1813
51	448
1	37
132	45
73	234
1	7225
1	1552
1	39
1	904
194	2438
42	1192
1	62
1	296
14	38
47	12
27	1742
8	167
1	1234
126	3
1	29
60	887
1	418
20	9
48	328
1	18
21	3244
68	17
1	1327
1	143
8	1462
1	6
1	2
1	18
90	3639
1	1013
1	1853
1	24
180	54
20	2273
45	1
1	154
1	185
1	211
1	5
1	1
27	5
88	512
1	235
464	119
1	33
20	38
119	7
345	1702
1	2
49	22
1	898
1	369
44	460
12	349
1	2
65	1630
1	49
51	32
5	45
1	31
1	877
64	28
410	29
1	828
1	7
15	2
355	1010
1	37
1	1426
112	576
200	16
161	24
232	0
1	1278
1	177
1	22
1	617
1	3
71	50
1	24
1	2081
1	1321
54	1
159	58
17	17
168	51
72	1
1	1401
67	8
15	18
339	684
34	46
137	255
215	1350
1	1774
190	939
244	1349
502	7
1	7
21	6
452	41
194	3
705	637
1	1772
1	22
16	21
93	78
1	24
15	56
117	13
1	57
1	226
1	13
1	3322
1	5
1	223
78	658
140	52
29	254
15	529
192	884
103	5
73	5
221	23
45	3518
1	19
35	34
197	10
1	0
1	3742
371	972
87	76
100	1465
1	530
237	68
68	12
248	868
247	86
1	2264
113	27
121	0
1	1070
1	11
39	1
84	7
2	28
161	654
1	679
1	2512
11	3
1	20
43	496
1	23
244	361
8	644
1	222
1	17
227	1692
5	1457
50	1
263	975
1	48
1	7
6	622
37	20
67	0
20	1261
42	205
169	3
1	14
8	32
1	423
224	15
1	0
1	692
15	18
428	5
42	29
33	32
1	396
1	27
390	1308
1	44
230	55
1	1014
227	271
72	5
211	797
142	9
1	32
1	1
29	16
1	630
1	5047
24	1216
102	22
317	1330
1	538
47	40
1	19
1	22
8	285
54	13
11	46
511	53
1	1
1	48
23	203
243	444
397	57
1	26
42	44
1	0
1	54
1	4329
1	8
13	690
104	11
1	278
63	132
110	236
4	738
94	1399
107	76
23	16
110	434
6	120
38	1
1	28
24	367
254	15
65	3
27	1164
1	8
6	915
31	1620
1	19
35	23
41	3029
18	25
33	815
430	2181
3	44
317	9
1	3276
1	1
1	14
43	1107
1	35
121	4
1	26
22	5
214	15
16	2
1	659
48	1
509	2
100	1537
1	188
63	4945
241	148
233	0
12	24
14	2
73	446
21	2862
135	1
1	710
112	44
1	21
46	12
314	12
33	38
54	303
71	1613
69	7
1	11
1	1635
191	29
111	3565
226	22
375	23
18	15
1	23
224	19
50	442
1	0
1	4198
56	1922
1	819
227	309
104	3893
1	11
502	21
28	342
1	591
1	17
50	667
45	389
60	26
1	45
95	0
1	13
1	29
1	5
1	249
106	21
37	0
40	0
302	13
26	3564
1	21
419	4627
1	1493
32	45
51	21
1	4
1	3547
3	0
39	15
12	1524
39	2376
61	573
1	3290
63	3934
1	35
104	49
422	82
9	7
138	418
9	1295
52	24
176	1182
11	24
1	3
1	268
1	809
1	275
161	5531
147	175
477	2570
11	19
413	17
1	212
65	49
55	322
74	1000
10	17
19	710
1	3167
67	10
1	0
45	65
426	243
142	877
273	6
122	11
49	386
1	67
79	17
1	1180
142	759
1	65
7	2911
1	1279
107	1948
31	275
128	1666
82	2541
294	30
60	3
1	317
61	139
1	1257
1	1
1	286
1	36
64	467
70	1615
6	207
73	388
1	66
5	21
101	22
1	20
6	59
168	286
1	1282
42	26
1	807
1	21
42	37
40	27
23	4473
42	157
39	12
1	64
31	2308
1	1922
71	1107
224	29
45	24
1	22
51	47
1	11
44	545
1	422
29	14
304	252
18	13
177	1059
45	7
1	31
102	395
1	4
1	145
50	63
40	1395
11	180
1	1342
377	583
504	20
1	442
478	9
1	38
1	21
69	14
28	41
150	118
396	1832
111	53
1	287
20	43
58	5820
1	1
18	9
1	16
1	3
1	5
20	1061
1	2174
141	714
8	61
271	325
93	13
1	19
49	12
220	9
157	15
11	16
1	5
14	131
1	448
1	92
1	748
1	3
2	84
1	446
1	1149
102	3363
40	3
30	26
1	7
18	2
59	8
38	707
1	4
151	278
119	939
3	141
129	1845
78	5
104	39
75	48
73	29
339	2619
1	968
1	4
89	0
460	70
1	12
132	28
48	6
354	743
156	22
31	1705
1	19
760	487
11	2
318	389
1	604
1	145
62	1774
16	2242
74	864
1	23
1	2260
122	2059
1	46
303	931
25	28
113	64
1	14
215	2505
1	2823
80	27
1	1
1	197
1	21
46	11
29	26
1	1693
35	31
28	61
1	12
121	12
27	12
461	15
45	23
468	31
22	18
1	74
54	388
1	62
4	0
356	2321
19	466
106	50
1	21
56	1387
86	16
41	1109
173	3
59	29
227	25
120	16
196	116
1	41
44	1
20	2
252	331
126	21
65	26
31	1106
21	1520
62	8
1	18
2	17
1	31
141	396
56	20
70	1007
289	13
17	19
27	48
283	17
1	313
39	6
23	3135
72	316
163	404
1	2
82	1974
1	15
1	7
161	12
261	3
1	1213
1	169
1	8
27	8
172	279
85	8
1	2375
317	1137
33	581
1	1
79	273
1	642
1	16
50	980
25	1017
1	548
374	1331
76	4
1	2
5	67
32	12
317	1856
62	68
1	4
1	475
82	29
1	0
1	1840
1	447
23	568
50	1381
4	1084
1	5
464	2
1	19
1	589
1	880
1	416
21	1
6	19
21	0
152	26
492	19
1	27
37	7
1	11
8	48
146	2957
44	14
1	1182
72	16
1	2
155	102
43	179
1	48
1	1
1	2716
36	518
8	4
284	511
16	46
523	490
1	371
1	27
1	948
67	2658
349	5
1	48
20	714
184	0
1	7
67	103
1	23
1	262
57	45
157	14
1	25
137	28
1	371
242	22
68	730
40	5
1	6
172	34
354	506
1	4102
60	47
1	30
44	12
1	15
1	111
1	9
1	577
191	45
1	399
1	54
108	164
1	9
1	3152
164	24
25	0
3	32
19	11
318	18
1	2777
1	570
1	2
1	3364
1	7
104	12
1	549
483	3155
1	2
48	1511
130	148
1	3
63	1
1	20
1	394
1	3710
220	29
1	18
708	0
144	89
14	2827
1	1999
30	7
4	5
1	671
1	244
1	37
2	29
54	9
1	51
11	1216
1	6
1	13
1	1
310	3638
1	59
45	1082
74	5
33	24
503	1
40	442
66	37
16	526
6	9
1	38
1	18
1	32
25	823
3	4
1	3
123	770
1	13
28	1535
1	3
1	658
28	163
772	686
17	859
4	433
635	2536
62	184
1	9
1	21
45	7
1	940
11	1832
1	10
39	2434
1	2062
34	15
1	1470
344	507
1	35
31	1193
332	19
208	41
447	626
1	18
87	1428
21	3
82	27
47	1039
1	0
25	80
125	250
1	23
1	137
1	1918
10	124
1	1245
1	350
1	1780
13	610
50	19
1	1224
1	1094
8	2789
25	15
223	1583
1	0
355	709
45	1367
1	1
6	21
219	683
15	5
383	0
1	378
2	5
1	1375
66	24
63	14
18	9
1	19
1	50
80	221
1	690
1	21
15	6
46	45
1	1
45	118
204	5004
696	14
57	1798
1	1429
89	66
20	26
50	0
186	0
163	1
1	1452
13	3
1	11
1	377
87	2608
11	308
1	7
152	16
13	4
13	30
1	394
1	1386
67	19
25	681
1	17
3	53
46	1985
1	7
73	1
93	18
239	31
2	24
1	0
118	23
104	295
32	41
115	1026
306	9
18	6
132	11
1	582
457	581
355	373
1	639
1	586
1	9
111	429
1	747
1	3586
1	12
1	501
75	774
45	194
55	3
447	16
459	46
1	1015
346	2851
1	675
1	180
117	53
1	22
1	41
39	169
63	1198
1	1
5	11
22	4
94	50
344	633
1	314
45	2011
3	107
25	35
2	13
371	11
47	17
129	35
49	629
1	1
1	28
344	911
1	974
13	734
1	6
1	1
208	17
62	29
1	9
1	2304
1	21
196	2
1	12
1	435
1	1141
84	7
465	2
69	7
11	235
1	3899
1	32
1	43
416	805
70	33
543	26
13	272
15	1067
1	16
647	32
229	24
1	1509
210	29
1	56
73	26
8	0
178	481
1	4
59	4
1	7
2	3
10	15
74	1027
112	15
1	1107
179	20
1	520
1	667
461	19
26	1
1	21
220	1730
1	32
1	22
108	954
350	931
232	12
1	20
1	1
184	3168
200	639
12	154
68	0
45	13
1	562
120	766
209	1
1	21
1	24
8	1396
1	34
15	30
143	11
1	220
1	8
564	39
44	1
1	15
14	8
7	17
53	65
26	184
6	843
16	3363
160	9
25	2
1	2
1	2
1	249
1	1130
399	622
15	28
80	10
1	34
31	248
1	368
247	747
153	82
25	10
11	799
1	2
1	1
52	9
1	23
35	19
352	415
41	161
1	14
52	2719
144	76
176	7
1	2046
1	12
24	475
1	1863
1	33
37	2075
38	19
443	5
49	211
39	34
19	1
226	29
1	15
13	21
64	19
330	2423
3	43
52	2764
1	5031
196	1
300	22
7	656
396	56
70	18
64	24
70	2212
302	1803
1	22
1	12
155	3110
1	231
609	112
1	5
64	25
9	30
1	525
4	1549
60	22
1	5
9	11
1	14
13	4
35	15
1	311
1	57
1	1
20	33
1	27
62	11
96	7
88	8
60	432
1	7
1	1328
375	3254
180	31
12	105
45	34
1	59
1	864
1	31
56	75
1	1775
44	1654
18	716
266	25
51	1284
1	25
110	3
248	36
1	3201
144	806
1	5
30	20
21	27
1	184
120	27
1	3
44	130
338	41
152	27
1	504
158	7
1	13
22	165
1	1532
1	18
44	23
228	0
1	26
1	0
21	1908
17	118
143	435
1	147
150	376
8	490
30	1062
1	9
2	31
1	21
30	28
56	36
10	70
16	66
1	33
1	1759
147	52
9	16
199	1171
16	5
1	5
24	987
103	16
486	5
1	27
185	495
55	1131
57	2
3	1512
1	15
202	119
1	6
86	273
209	50
469	52
5	1770
1	5
1	53
138	3202
150	21
70	525
1	818
1	12
1	11
1	1786
31	2
1	1070
138	204
59	18
376	4
1	53
25	58
1	585
284	44
1	31
188	74
1	20
1	25
1	28
99	583
73	949
1	13
1	32
1	14
1	34
1	83
429	4
49	127
458	17
1	166
1	1580
1	27
274	1319
1	530
134	2537
1	17
1	17
43	25
72	1869
1	6
160	12
25	9
213	59
1	2391
1	0
1	3
109	1329
80	3
1	31
103	1172
1	13
38	22
52	12
476	106
286	3311
179	0
56	683
106	37
43	1255
1	26
1	1851
287	178
27	9
1	237
1	618
1	52
1	58
1	2331
194	11
1	50
364	27
1	35
1	8
1	580
10	573
1	29
1	1298
1	30
169	12
1	12
71	1203
368	28
21	24
744	634
64	446
177	7
1	531
1	798
1	3101
1	302
1	18
74	11
553	44
448	29
20	221
1	1155
1	1533
251	9
99	1
6	14
1	10
1	1185
97	24
1	10
72	1353
86	19
26	27
1	18
11	1
1	13
409	2558
1	785
57	25
45	3394
1	1827
27	26
1	25
15	11
71	12
36	22
42	1
1	21
1	17
1	9
396	275
1	914
1	1
65	35
1	4
1	17
1	2
1	31
225	591
31	28
1	54
674	1321
13	2074
92	870
1	21
1	8
1	3
1	3
35	5
79	1040
67	30
451	51
1	17
20	1547
102	15
22	118
191	38
1	23
691	1
1	0
27	39
46	7
99	88
185	571
45	1128
1	562
1	718
181	1229
47	11
92	2715
1	1343
1	860
11	46
1	4
1	1519
471	1033
1	25
1	1309
356	35
80	808
14	5
480	4
26	523
266	12
16	38
49	5
1	2940
1	43
1	414
56	19
152	1640
52	6
34	1978
34	36
299	849
1	134
25	34
4	569
1	559
1	245
1	18
1	468
1	264
15	275
1	419
1	14
48	1113
1	82
20	56
19	1
1	11
1	432
1	1667
71	0
8	866
37	37
57	644
1	58
16	740
1	40
1	30
25	28
42	19
25	19
399	13
1	7
1	4
1	1447
1	724
281	0
71	25
2	3
1	1407
1	28
285	17
1	30
17	1342
46	62
108	51
428	4010
7	1998
1	13
1	163
32	23
1	30
346	6
1	1009
11	2012
1	2
46	13
1	6
1	15
1	20
33	512
5	6
34	22
211	925
46	570
1	270
1	2
11	7
35	19
192	54
1	18
8	22
1	4
1	442
1	3
1	7
1	7
39	36
353	226
4	30
1	60
3	11
23	814
188	3
1	20
20	12
1	12
67	1410
188	3
1	7
1	1839
1	60
1	1
28	2366
1	162
1	7
167	75
1	1422
19	24
97	28
1	3105
14	2466
1	1374
23	2028
73	13
1	10
93	2225
1	8
208	33
42	406
176	149
124	6
1	1154
1	1710
130	3656
8	5
329	38
1	2527
20	13
472	14
50	3
1	5
67	3177
152	18
5	19
67	7
1	260
211	5
1	0
184	0
1	5
1	13
1	171
51	16
401	8
158	48
2	127
153	1260
1	713
119	4
1	10
1	4
1	27
1	5
68	5
385	13
1	63
1	269
1	1486
57	2
1	63
10	39
1	75
2	3
1	25
1	41
1	69
1	3
305	335
77	439
503	10
1	472
1	10
87	9
45	17
18	3898
18	148
38	716
6	1159
1	1126
179	4870
29	1
109	1644
65	1537
8	17
24	41
1	79
177	8
57	3
53	22
12	1793
504	1156
1	1526
644	25
1	1728
1	84
1	32
19	1
1	8
1	36
1	17
1	107
7	100
1	57
1	1
66	833
5	2234
316	5
1	5
1	2
138	58
6	2719
1	39
1	2568
1	3072
1	2672
5	1
1	93
1	679
152	1090
1	255
5	23
1	531
1	20
167	4704
7	50
1	384
32	1940
47	7
130	19
1	7
180	2968
49	15
5	9
1	31
164	746
107	8
758	598
1	1133
1	1
391	393
25	39
1	1046
1	21
33	21
1	194
6	94
1	15
1	550
581	48
1	53
1	34
125	52
22	304
1	1628
34	7
10	365
1	5
195	7
1	11
123	1278
1	44
56	50
124	37
1	461
1	2123
1	1
1	382
489	14
220	1049
4	2
1	3
148	43
53	3703
9	23
1	7
83	2145
1	299
1	8
1	447
30	19
1	621
22	390
67	2444
1	20
288	24
1	1241
1	0
1	492
123	10
27	1703
14	1246
205	3493
70	399
454	1
1	71
4	2536
28	28
60	1692
67	7
166	2347
1	36
1	16
586	13
1	1004
209	21
1	73
359	13
240	9
1	9
10	40
311	10
77	149
119	7
37	2728
1	564
110	14
1	1
1	2
62	1203
1	4
1	1084
68	1931
1	12
42	20
32	29
288	179
7	2
1	17
187	4
12	1330
10	21
66	33
140	19
116	160
112	391
180	1
11	0
1	16
16	130
43	22
23	7
1	394
69	99
21	11
10	4
499	2535
1	72
1	4
6	58
38	279
1	62
1	8
43	1
306	4243
1	5
1	72
1	30
23	5
225	2019
72	3170
163	20
1	17
1	628
1	2398
1	164
100	1063
1	58
110	18
1	1474
86	0
64	11
1	21
247	660
131	72
18	737
1	1798
1	13
1	23
67	17
29	669
1	4
1	99
1	9
1	131
1	33
1	1106
1	978
1	3
196	42
43	5
27	348
1	39
1	13
6	3
54	47
110	2377
1	5
53	1
438	11
1	17
1	3198
1	16
1	2
26	715
1	5
1	15
33	9
1	239
1	13
98	0
1	23
1	40
200	2539
16	3
356	1348
1	1563
1	3
27	7
186	10
91	116
1	24
81	1542
1	291
195	367
1	8
69	61
1	4
1	52
22	22
58	22
1	91
1	10
168	1128
68	3336
114	1829
1	0
513	4
41	5
88	992
42	0
5	38
5	471
461	17
6	420
87	1762
1	14
1	9
9	3258
1	11
380	170
38	1003
428	28
1	1
482	12
120	576
343	0
12	3194
14	360
90	72
1	767
503	16
41	294
1	227
1	317
74	531
1	1104
78	1505
1	22
46	790
16	92
1	98
41	246
440	33
446	12
19	112
60	167
1	73
70	324
29	150
301	399
53	356
242	36
1	1456
136	12
1	271
1	337
197	39
29	0
37	4436
8	20
1	33
350	501
1	315
1	5
28	109
13	1780
1	19
1	352
179	1203
1	641
1	753
1	951
1	1373
2	20
504	921
286	12
37	12
1	36
1	1144
1	26
1	17
24	7
26	1967
86	47
6	18
45	3
1	23
1	17
27	0
175	187
53	1672
19	17
1	11
29	226
1	1352
1	2
19	64
1	17
1	549
486	1116
38	1
1	355
1	29
1	2602
1	5
10	27
159	754
1	34
150	1453
60	340
1	10
1	1254
99	2
5	20
304	672
1	335
295	1261
1	7
150	1346
60	43
347	1268
63	11
112	18
1	4
9	359
75	106
24	15
1	76
1	1699
1	17
59	39
317	122
145	329
11	51
1	746
66	709
504	146
348	1144
491	13
54	64
21	10
216	22
91	633
2	65
1	2568
605	1210
427	4
1	28
43	7
275	1481
1	173
1	3458
19	427
473	11
104	686
59	870
1	113
1	4
1	480
89	24
4	6
1	15
345	1909
1	78
460	61
9	67
1	2247
1	51
167	899
1	554
52	9
1	1857
29	141
1	1
234	105
43	14
1	1732
1	46
103	1346
1	15
356	1763
90	29
1	13
356	65
1	7
186	462
1	223
80	359
427	46
1	23
226	5309
67	34
43	69
27	9
331	1760
62	26
134	330
91	30
410	19
1	730
1	3297
7	2079
205	3932
33	52
1	3
41	33
1	3
120	867
1	48
1	11
158	6
1	853
125	13
219	34
48	9
58	21
9	28
19	3
4	802
93	4
18	41
1	1708
443	822
1	53
281	916
103	328
360	354
393	2353
73	11
444	204
35	13
438	13
198	8
25	626
1	16
1	14
314	25
1	809
16	15
1	608
32	10
31	1109
251	40
1	1
38	62
1	12
3	4271
46	29
4	13
1	1
18	857
1	238
1	22
276	533
135	9
1	62
1	30
355	20
136	2
50	44
1	31
139	4092
20	2940
1	547
1	10
41	335
1	11
1	2281
313	640
25	27
116	27
1	2569
54	410
11	2045
176	10
119	626
1	17
1	26
6	4
1	565
1	2
159	9
1	12
66	25
172	630
1	1491
1	1139
232	623
179	13
32	1431
5	420
226	891
24	989
1	10
192	36
14	557
433	1701
42	729
1	279
1	1099
1	1
1	29
93	0
1	3
1	560
56	11
1	37
1	21
1	414
1	3107
1	914
13	141
1	82
11	13
14	20
3	145
51	1224
1	19
40	7
1	17
43	935
22	1600
14	1719
1	13
1	129
63	2740
134	56
1	28
1	1635
80	5
1	4505
64	27
35	19
36	20
425	28
34	6027
1	7
41	1710
166	873
9	110
23	5
1	80
28	24
55	1
240	1594
1	22
49	3
448	1
1	7
142	1917
475	541
7	5
1	12
1	3
1	14
285	567
59	4004
1	1114
1	36
1	11
1	658
1	30
1	25
1	4
1	27
299	42
471	12
69	122
46	18
1	5
1	13
1	12
1	2808
1	12
204	0
258	593
63	102
71	31
47	816
10	48
1	27
75	27
1	38
1	15
1	9
394	1574
353	458
1	2584
29	24
146	10
27	2543
131	27
216	36
184	20
1	40
384	25
1	17
1	27
1	4
1	15
32	25
14	1518
72	1523
2	42
75	430
1	40
73	716
1	6
1	188
184	22
57	2360
13	896
360	1531
477	1211
169	13
1	0
1	3
74	17
43	604
149	3
1	37
1	42
359	931
1	1047
1	357
1	383
179	27
6	840
34	488
46	28
66	1285
10	860
231	9
1	1616
30	17
1	121
406	1596
5	1084
59	720
41	37
1	223
1	7
29	21
18	26
35	14
77	18
456	354
204	139
38	37
311	289
266	2093
5	2
1	9
48	31
40	3
389	26
1	276
1	17
67	2752
4	26
52	1176
1	1154
1	478
70	29
7	39
1	51
1	281
44	1878
23	5
72	1
1	1799
1	286
664	23
1	0
33	336
1	4
44	4654
91	76
1	40
269	357
18	273
1	750
1	4030
53	23
32	19
33	61
63	15
1	48
1	34
18	220
1	28
56	14
488	1602
750	2179
136	4
1	112
1	706
434	21
1	15
236	2202
1	31
24	17
394	2603
1	652
51	120
51	2
46	20
1	15
1	12
1	715
1	971
1	1242
1	16
68	134
1	1
26	5
65	27
1	1863
88	1077
151	1
45	332
108	11
5	157
30	5
32	13
13	0
249	62
22	4
1	419
149	6
1	742
1	3
123	15
1	791
289	2652
11	1890
24	1
1	30
1	2162
1	6
25	393
1	5
1	43
761	4969
115	623
473	261
1	39
1	3363
15	1713
42	2
1	36
48	145
26	27
152	7
12	30
1	1827
379	1499
1	56
252	23
388	9
225	15
31	0
32	25
22	6
26	38
12	5
16	16
143	22
332	370
45	458
1	7
35	31
1	41
1	2128
1	0
23	0
1	976
1	152
1	5
197	4
1	0
2	48
11	13
33	29
1	17
63	0
1	313
1	1650
67	36
1	2464
1	467
1	16
1	3
254	48
77	11
1	4
1	15
54	81
1	3
18	1539
328	789
1	1707
442	54
121	386
1	4654
8	2
1	13
1	41
3	31
356	8
1	16
1	2798
1	388
459	8
1	26
236	33
3	177
235	18
21	2
15	621
44	789
1	0
227	1474
1	27
1	1761
1	241
503	833
1	437
1	4
64	191
70	293
8	53
1	1183
473	1142
289	1158
1	35
389	17
363	2635
109	3
209	1264
1	2105
103	1567
47	3738
1	12
57	206
1	11
1	29
1	10
30	33
37	9
158	304
95	3
1	14
1	493
1	9
483	1065
91	4
1	1769
62	251
1	2434
1	4445
1	13
1	13
1	175
470	8
19	1031
1	22
43	1
118	22
25	4
1	9
91	81
233	166
97	156
1	171
1	35
205	389
281	949
34	494
341	22
1	15
101	22
103	1
1	733
17	36
1	22
1	33
1	29
40	1752
91	15
224	16
144	13
1	904
23	2
268	21
1	132
184	1259
463	1087
1	2051
1	1
122	707
65	1533
27	381
1	64
1	22
1	636
1	15
27	15
1	23
5	887
23	16
1	52
90	2
7	423
1	43
69	113
7	123
9	45
1	40
222	22
724	19
1	923
27	4346
29	159
29	27
25	1
21	87
1	193
2	18
20	243
103	2
1	11
1	0
198	47
69	20
17	1
85	21
71	43
161	23
1	765
1	407
1	1169
66	1092
1	27
1	16
1	4514
156	36
1	227
1	41
76	214
31	7
1	9
1	28
1	75
3	4095
251	26
14	3010
1	63
440	9
55	105
1	4
16	12
24	2420
4	4
1	6
254	18
1	3082
1	39
1	19
1	1243
27	1333
1	16
20	67
1	681
1	3
1	52
1	9
72	94
1	11
296	25
1	24
1	1934
90	1
1	76
31	2
6	28
1	492
124	1291
8	112
106	41
1	10
35	299
1	61
46	2063
504	22
1	5
40	8
162	14
1	49
29	3
469	29
657	5567
11	1245
40	15
1	190
16	13
21	258
1	1487
1	474
1	143
1	42
16	11
1	0
71	20
65	1720
17	7
288	2389
39	2740
1	119
11	33
66	23
73	56
1	4229
35	141
1	539
45	27
1	5
1	1985
22	22
1	521
1	14
1	3957
584	6676
1	165
1	359
1	15
1	2475
63	656
331	2011
1	171
118	4135
1	44
10	974
1	18
1	269
2	0
1	0
77	702
1	15
225	1
245	1427
131	598
50	1301
12	94
1	1114
1	2
1	26
39	14
88	1637
16	32
1	15
719	438
48	487
58	6
416	98
1	27
624	894
1	13
41	7
51	55
1	2375
37	3045
1	4
553	11
101	2161
449	45
82	7
1	91
1	2319
89	95
202	12
1	1
213	756
28	2084
32	2153
1	32
61	32
1	10
44	26
207	17
34	83
44	2
1	10
1	12
131	1449
1	16
1	0
1	120
316	856
96	23
198	84
1	543
1	1521
42	783
1	10
1	12
46	45
1	28
230	778
329	52
13	40
379	35
33	298
1	1934
1	2
46	31
267	53
170	21
59	1
1	1
1	2965
1	1918
18	224
156	59
37	303
1	4
190	438
1	6
45	19
1	368
40	1587
50	45
1	1972
22	10
26	14
1	456
34	464
1	180
1	920
46	8
354	107
1	28
1	2
1	905
1	43
82	381
1	34
2	12
1	29
3	12
1	884
1	1517
1	2
1	24
1	10
76	596
1	616
1	1602
165	9
1	3
1	21
5	7
1	148
66	785
281	18
94	63
1	41
1	21
10	7
1	33
1	180
195	3
15	11
23	1023
1	1
1	1
1	59
1	64
99	1573
14	5
10	1685
1	54
1	5608
9	25
1	186
83	385
12	40
49	26
13	283
1	972
6	1002
1	1627
12	2946
1	1634
4	259
318	856
1	4
156	418
32	11
94	22
1	13
1	19
21	278
243	1164
214	650
1	38
1	2403
18	576
1	70
126	12
1	47
42	13
20	2
1	986
9	17
1	26
1	12
1	6
64	12
182	503
2	18
70	20
1	8
29	4
123	706
1	450
1	7
1	2394
123	13
35	14
54	699
1	1000
22	13
29	31
1	2763
1	7
1	0
18	27
1	48
37	983
330	11
38	238
20	5
85	269
1	4215
9	15
209	13
1	42
1	844
1	14
1	1849
1	11
1	467
1	10
1	56
1	1040
1	24
4	2226
1	11
1	31
1	754
47	951
88	131
12	398
6	15
1	31
51	67
1	52
470	30
14	3534
1	17
506	16
1	1146
46	10
13	3
28	0
38	643
1	65
105	1566
90	12
318	1368
225	6
1	38
128	5
1	12
26	1
5	8
31	2803
1	180
211	44
1	58
1	354
1	11
1	28
1	60
1	623
22	2920
6	722
77	10
1	23
1	0
25	27
1	7
24	1043
90	1089
32	11
36	14
73	42
1	15
18	434
1	13
1	15
48	125
202	15
4	1173
364	832
219	2217
1	1297
1	46
1	0
1	24
1	201
1	21
1	60
1	15
187	10
1	241
100	39
15	0
13	5
29	22
53	3602
1	749
25	654
613	4
30	281
1	4
27	37
1	30
4	3752
1	1694
4	18
26	2513
36	77
8	87
78	1
469	202
1	89
1	1764
1	21
123	650
35	5
469	18
417	77
1	2
1	22
398	60
1	505
20	8
1	2365
1	19
1	36
43	36
62	240
161	7
372	2258
10	52
1	823
149	3702
1	801
1	9
32	1
71	29
1	36
1	23
1	369
257	3
1	1037
1	24
187	24
1	1593
74	15
504	2464
32	23
18	697
1	0
1	14
1	9
65	37
71	2817
38	2
1	1965
1	5
101	10
441	1470
149	16
707	412
1	2038
421	3
65	8
356	3
1	15
393	21
1	1
49	21
11	5
1	7
1	71
129	14
1	17
131	34
1	144
22	91
1	29
5	727
232	41
60	485
1	31
124	22
117	16
36	1914
1	6
1	1499
84	9
21	544
585	6
1	7159
58	761
1	995
1	1667
410	125
601	22
1	184
1	16
1	1
1	232
491	372
400	36
746	1492
101	56
30	1792
1	4
1	194
1	37
21	1979
35	7
9	14
1	69
77	4333
148	102
1	5
81	1501
153	163
1	322
1	86
330	1732
1	652
1	1103
86	1
26	80
1	46
1	1068
65	30
28	1170
1	106
228	297
1	4
81	2064
7	1984
135	4
20	28
5	7
1	31
1	5
21	72
1	10
1	0
26	31
30	15
1	808
164	19
4	252
3	6
1	19
5	39
1	437
1	12
1	12
1	53
1	27
1	412
37	683
1	13
23	182
28	1424
1	2472
1	2181
528	29
716	9
78	19
32	1508
1	1520
67	43
316	12
168	45
52	14
1	406
1	0
9	43
62	3
191	46
14	10
444	10
1	11
89	34
1	630
195	10
42	1882
12	88
41	637
121	405
90	2181
1	3339
326	53
72	96
1	55
113	15
390	14
1	22
1	25
32	202
1	11
1	17
1	2247
282	22
30	11
1	11
29	13
1	1788
68	40
1	20
1	2786
13	3149
338	27
11	18
61	9
100	48
1	3
1	15
1	76
230	31
1	22
416	2060
224	1593
222	1
1	717
241	1671
89	96
1	528
1	25
144	57
1	2322
71	34
1	12
49	3
33	740
2	32
1	115
1	83
1	1260
97	0
10	78
478	37
1	1156
187	9
1	21
16	161
1	35
1	8
1	184
1	471
89	27
1	23
1	232
65	2260
61	7
29	42
1	2556
1	13
301	1260
53	570
1	2119
220	21
108	322
201	833
1	346
1	186
371	10
28	9
1	2350
1	390
1	2
1	468
1	17
260	1885
1	51
23	85
1	14
1	361
1	42
34	23
1	45
71	152
272	288
1	460
418	1870
1	12
1	2869
1	16
29	1145
386	2243
137	8
1	465
314	298
75	36
1	8
30	2
1	51
241	1716
20	12
147	7
42	12
1	982
76	1369
48	17
42	1515
1	3111
1	30
410	14
1	690
213	709
50	1717
50	3123
185	2
71	6
11	504
121	31
34	1240
1	19
217	447
1	1868
1	20
233	13
1	13
25	441
1	3029
42	13
69	21
91	13
82	2566
1	2496
78	11
14	1207
1	59
141	59
35	1484
1	94
46	6
213	7
107	51
357	1
142	187
1	30
1	38
1	5
273	699
1	853
178	494
1	3410
70	18
1	152
43	4225
478	14
387	96
225	23
112	4544
32	1991
62	16
82	29
31	36
752	23
1	24
1	56
356	9
1	42
5	507
96	10
89	1020
1	46
1	2395
1	11
115	399
108	39
437	1987
10	32
17	1618
1	3612
67	78
1	17
43	1721
133	3445
1	1233
99	17
353	18
1	34
1	863
1	17
397	119
1	465
72	911
47	178
81	116
1	1704
1	2
1	672
187	9
1	44
1	15
42	3553
1	812
32	14
1	4775
4	905
1	27
36	43
1	473
474	12
1	695
1	35
312	10
67	1
1	14
11	25
34	20
28	1
21	36
244	3
39	23
1	10
1	3
118	929
53	1815
738	53
30	378
33	8
58	12
62	42
18	8
76	54
1	1123
196	632
1	2
1	4
1	985
1	565
1	19
29	391
1	23
408	467
410	71
1	9
355	3570
1	50
14	6
52	4076
31	787
1	1400
22	719
1	17
464	50
49	4
12	11
1	61
38	96
486	28
25	18
87	1123
704	39
466	31
5	39
1	398
218	81
209	26
1	310
42	325
1	697
1	605
1	49
298	541
503	15
1	407
58	57
1	44
1	14
1	33
15	58
1	50
1	1403
155	35
1	13
76	263
1	66
120	16
1	24
105	18
1	15
1	13
128	37
232	437
1	81
1	397
29	15
38	19
1	15
1	883
1	1379
118	49
1	5
1	2659
3	1569
32	18
1	1139
1	983
130	10
1	9
1	909
1	20
1	54
1	293
1	9
297	626
1	1699
1	10
10	269
1	3
1	29
83	27
1	16
63	584
1	49
9	113
6	42
1	1852
1	1750
1	1061
233	257
14	17
1	19
110	810
19	5
1	60
1	1425
1	23
386	20
1	14
1	67
39	2
1	12
56	341
1	13
91	34
13	17
82	28
55	3
77	12
58	41
18	12
14	36
1	6915
24	3563
1	1542
1	3
483	3228
376	12
1	23
26	19
26	5025
308	638
87	2761
1	19
117	713
126	399
60	23
1	11
22	3182
38	1067
1	2
151	1578
135	540
1	660
165	195
1	34
58	70
2	24
41	37
112	12
7	23
3	3
1	1
1	13
95	2902
26	109
1	10
2	39
234	104
1	510
503	29
1	61
1	45
4	5
1	9
259	143
148	7
101	325
34	23
1	2887
57	1641
16	1088
103	18
1	616
429	1890
26	14
1	356
1	497
79	40
1	2425
30	2
476	29
1	111
1	19
21	29
2	18
1	115
1	32
143	853
65	101
243	7
14	33
194	1296
62	469
286	1300
40	764
1	37
58	10
1	21
15	1115
1	141
323	3
23	3078
1	2
1	1264
28	11
28	1
703	1075
130	27
1	1006
4	1044
34	34
78	4
28	4
1	1195
187	510
441	10
1	1
1	2
21	32
1	39
41	15
1	1
282	2954
179	8
1	75
25	51
1	285
73	2437
515	36
473	58
1	3
1	5924
1	66
1	8
1	13
1	8
4	1398
14	14
44	3588
1	34
1	0
1	1
743	2
10	793
26	38
1	1387
1	388
1	7
1	10
13	1737
1	101
102	1093
1	30
1	674
24	21
1	3261
422	20
1	1
473	7
1	6
5	658
26	4603
1	19
1	574
108	3269
225	9
1	436
1	1254
59	1853
1	1692
1	326
489	1540
419	0
1	98
47	332
3	185
25	2391
21	8
7	53
358	3
13	1777
287	19
4	6
1	4449
14	1961
106	21
1	25
139	35
21	1042
30	9
240	72
55	453
31	69
25	110
1	23
7	0
1	13
40	13
79	35
1	604
4	427
391	10
22	622
1	38
50	934
33	50
695	1210
302	22
38	133
1	9
1	2341
15	54
1	842
19	213
440	3
1	0
1	314
1	228
62	1477
479	3006
102	5
1	744
1	358
5	19
1	3
1	11
1	9
436	15
73	33
90	21
3	33
16	340
1	64
345	15
27	13
1	60
10	27
302	4
137	1229
1	1
11	28
52	8
1	440
5	7
156	18
1	23
64	54
29	1
1	6
26	45
1	9
70	975
1	1103
32	13
24	37
461	0
758	37
50	930
1	2686
1	242
1	28
1	7
53	31
235	378
212	18
73	0
1	932
265	2234
54	50
1	24
1	12
36	2128
278	940
46	1039
16	316
45	3
69	2759
1	7
71	1161
429	87
364	62
48	0
29	12
12	148
84	56
228	27
21	4
110	1943
147	1874
18	0
27	5
471	36
3	1808
6	1920
1	1485
1	732
96	0
1	262
1	31
13	55
1	0
69	9
1	934
19	3
25	360
95	759
1	8
144	1025
1	11
504	1140
88	151
19	7
1	17
1	559
74	3
64	211
1	59
1	117
1	3595
191	1407
41	31
1	26
90	9
1	4495
684	757
197	35
1	12
43	2079
159	2
55	21
65	707
15	693
1	17
41	2475
1	19
1	15
1	133
33	238
28	6
1	23
6	129
1	38
419	7
1	224
96	21
1	585
269	0
1	1637
7	532
39	286
1	1910
19	784
54	208
1	15
7	192
18	270
1	20
1	53
1	191
242	22
1	28
1	614
401	1618
1	19
1	2042
44	5
34	251
56	22
1	1294
5	849
52	18
504	2898
26	5
1	81
1	7
1	7
29	39
1	13
215	9
11	0
32	1
1	8
1	1
160	4
358	2021
26	181
80	5
69	33
129	43
345	1775
1	38
11	24
1	943
1	357
1	2098
93	2177
1	1944
108	0
1	36
1	8
42	1
1	304
1	119
1	1380
1	154
10	1
1	34
33	1925
478	11
65	23
27	11
11	1405
97	248
1	118
98	1005
1	101
1	4
410	234
6	944
315	1803
221	1394
2	20
10	28
105	39
190	2025
1	11
1	7742
1	10
417	3
19	9
41	1219
22	14
1	21
105	191
1	69
69	10
208	5
16	682
373	28
1	25
1	0
460	14
100	37
9	29
1	23
1	936
1	887
9	5
159	169
1	1
1	1985
17	371
28	1
119	2361
33	7
95	8
64	55
267	9
109	30
53	14
1	12
211	65
1	5
36	35
37	2552
41	29
41	9
29	14
1	21
42	59
47	5
349	27
1	76
3	753
10	185
1	27
1	653
69	38
270	265
1	1
103	669
48	1970
24	222
1	39
364	1071
1	1305
1	20
150	380
1	3451
1	458
54	513
1	7
1	298
475	176
1	15
236	22
347	265
4	21
1	4055
180	69
21	15
14	861
1	2638
48	3
1	257
1	93
13	5
1	40
24	15
1	13
1	87
1	4
39	9
1	1721
7	3
1	78
1	10
1	514
3	8
302	158
500	1180
1	634
35	46
1	9
1	4087
151	137
70	9999
410	512
1	12
67	9
43	14
10	960
1	454
1	3
1	1
12	48
318	3554
12	34
12	9
1	53
4	1
162	487
124	11
63	4
1	54
3	1458
1	438
45	11
370	12
157	1720
1	0
1	165
1	21
1	295
35	21
1	10
18	1915
10	94
68	6
1	2249
330	9
118	251
75	17
56	1135
1	248
1	188
62	1294
79	454
1	658
1	24
1	1532
1	158
1	3
1	14
1	17
1	17
8	92
91	17
34	744
24	4305
8	4361
231	749
1	1
1	40
1	2245
1	1567
1	1783
162	948
102	1611
1	69
113	388
120	1048
1	22
1	713
1	0
1	1
115	2832
92	822
54	0
1	670
286	657
63	72
11	52
209	15
172	60
32	417
1	38
1	18
45	31
1	33
74	26
55	1
406	4
36	23
15	11
6	2385
1	32
51	95
225	23
62	1854
9	58
90	7
80	40
1	117
44	5
27	339
56	1634
67	23
247	27
1	14
101	7
33	585
152	11
1	0
129	54
6	3
18	10
2	38
1	669
50	22
274	2
1	9
9	1064
71	618
165	139
1	4618
1	36
1	13
467	9
72	2
504	12
1	921
1	1187
80	13
7	1559
474	3
231	11
320	46
42	61
52	17
1	243
1	22
487	9
43	183
20	163
1	4
203	1312
468	8
3	855
27	3
293	1170
1	651
87	893
43	38
19	134
1	1164
71	72
1	15
3	1135
284	1022
7	511
1	2165
72	294
1	74
1	180
1	2848
1	59
1	261
1	17
27	229
254	7
1	38
755	646
45	624
6	226
60	14
148	4213
173	135
1	1328
39	966
2	243
232	518
1	21
320	9
14	3
65	9
319	16
52	717
151	701
1	497
51	108
48	1824
1	517
6	19
65	9
79	36
11	27
1	0
6	1042
439	6
57	314
1	17
1	1412
34	848
1	860
1	13
1	34
1	50
2	207
55	95
1	1651
5	23
594	12
1	31
490	12
1	3761
1	15
110	7
223	2071
411	3
1	18
120	11
34	240
1	3
1	1
35	10
1	1234
60	82
731	7
1	1476
1	541
76	29
7	584
1	16
17	2945
218	6
33	2
1	142
56	28
1	1
31	12
87	63
14	2
1	1845
79	1172
1	12
1	52
1	307
1	26
1	2184
27	20
1	3
1	7
1	23
193	18
69	18
1	929
1	3207
1	488
38	19
9	13
21	2287
68	661
13	15
99	11
55	2900
108	514
1	251
1	1052
1	10
1	48
2	165
1	6
60	46
16	17
1	3
170	125
1	189
1	2344
149	287
1	7
1	353
11	10
444	27
1	373
27	508
10	897
52	3075
300	4
4	2
1	16
1	1312
393	256
6	26
1	0
63	2162
26	22
1	0
446	36
1	23
1	9
225	31
213	18
1	2
6	4348
1	752
1	15
1	13
165	766
70	775
392	2714
1	86
1	3
44	413
1	1253
1	1490
46	13
1	1
1	16
40	40
1	1155
152	958
61	12
149	285
32	3143
1	40
1	15
1	3871
37	4
1	778
12	2317
1	5
33	45
1	0
1	44
1	487
147	1879
21	72
1	11
418	2211
1	27
1	1137
49	1263
1	167
1	15
1	3
363	13
101	28
5	19
65	13
460	3275
364	1833
1	6
5	338
8	94
1	270
758	760
11	40
1	15
1	83
34	17
1	72
23	1626
1	977
30	1338
21	369
102	2
307	2290
48	42
36	221
99	262
30	3
55	6
1	28
60	45
413	22
1	6
1	966
148	36
40	928
1	40
362	14
1	10
16	37
1	8
378	643
27	25
33	3
42	44
18	28
40	8
203	18
1	3
1	1829
1	11
17	372
23	22
5	1
403	250
152	16
111	562
47	46
109	69
215	280
6	1287
222	40
33	951
1	20
181	1170
46	0
4	3040
7	965
1	11
112	235
111	3317
1	2790
32	433
1	13
54	40
295	1449
147	101
1	89
9	3766
1	271
1	34
1	159
1	14
1	24
1	17
1	0
1	304
1	46
349	0
1	3407
213	2170
1	400
27	750
15	12
1	2
1	36
76	2
415	7
27	15
1	1935
247	376
1	513
10	4287
1	8
1	909
33	25
46	98
1	8
21	31
1	0
191	635
44	24
88	6068
79	26
1	8
1	12
21	752
2	49
1	1302
1	544
33	1
1	96
1	974
50	3229
17	53
1	24
151	39
1	1950
83	23
49	11
1	19
1	50
1	7
1	1
194	19
62	13
1	4
21	5
15	3184
21	29
12	1622
21	1
1	12
303	10
1	395
5	405
1	10
611	24
420	29
406	3
111	47
1	13
1	32
1	35
44	337
1	21
456	1580
164	713
62	344
1	22
105	1
1	541
49	1413
1	9356
1	23
42	15
2	4
64	1830
1	1
1	18
1	1705
31	156
1	18
1	2276
1	0
304	1748
761	1
214	40
74	629
1	1388
1	987
59	97
1	281
1	13
403	647
93	145
163	21
91	10
10	90
179	973
352	4253
27	8
248	14
38	18
1	918
92	6
712	3152
1	18
1	50
68	1219
1	1153
1	67
53	0
356	0
1	1728
1	1332
1	5
269	49
29	249
198	22
13	44
1	900
1	74
1	2867
1	7
14	575
36	1354
1	17
1	40
309	7471
22	318
12	27
107	0
101	1381
1	0
41	24
1	18
1	0
1	39
1	0
29	483
117	28
1	1
1	2391
1	24
16	15
1	2189
52	81
1	18
85	1023
442	569
27	1
1	3145
52	7
1	3
26	7
7	7
181	304
1	99
52	2444
1	31
304	22
1	686
72	49
30	276
71	94
43	1265
279	33
1	5
34	0
1	1529
123	8
1	2225
64	13
1	472
7	4
93	10
1	0
1	7
1	22
54	0
1	45
1	15
113	7
1	3506
17	239
1	1248
1	15
121	18
15	135
182	7
2	518
502	13
1	1727
97	123
129	2041
1	1
126	551
1	172
1	21
79	7
18	8
1	1300
1	5
27	1807
1	37
7	2702
49	43
30	732
134	1331
404	11
175	29
83	33
64	17
39	2
51	474
8	119
128	383
1	942
251	2922
1	17
208	10
489	17
44	58
5	924
1	136
1	660
37	44
23	38
1	59
1	1
1	407
24	13
63	752
246	1835
1	1888
1	9
1	11
1	609
465	90
1	7
18	23
1	35
1	5
172	145
51	278
14	66
134	29
1	333
29	7
1	582
6	9
180	1671
112	1502
341	56
22	1587
315	1943
225	904
1	340
18	2044
458	39
249	3097
28	27
1	175
13	997
304	31
123	25
1	23
103	19
1	58
1	2678
61	4
75	4781
3	24
1	6
79	26
72	24
195	3
1	16
1	9
155	39
490	15
1	3006
154	35
1	1900
1	4037
1	58
1	872
1	634
