8599	448
7767	239
7763	97
6459	59
8400	93
6410	205
8874	86
7392	308
8152	104
7802	168
6565	181
6952	169
8197	240
6781	222
5826	226
7130	450
4594	123
7348	35
7148	211
5671	50
6313	190
5924	220
6597	314
8220	97
6880	71
7469	75
7252	129
7857	225
7579	119
5061	130
7180	55
6583	64
7944	56
5064	274
5817	152
6008	89
6432	151
7205	215
6427	165
6151	154
8264	233
5175	140
7379	73
6871	191
5290	127
7486	270
7895	214
6909	76
7626	311
7718	217
7682	88
7033	205
8212	180
7092	216
6853	265
4623	178
6611	196
8002	234
7269	64
5234	57
6723	128
6229	281
8118	142
7761	133
8292	388
5696	81
7503	296
7351	297
7536	112
7609	97
6855	112
9207	106
6838	262
8321	37
6704	111
7888	122
7535	214
6178	376
7797	227
6258	200
7641	40
7371	219
6702	267
6973	238
7610	204
6860	238
6671	43
7821	181
7951	284
7903	88
7775	159
7446	174
4917	344
7462	123
3366	36
7264	151
7982	147
8320	267
8108	207
7628	88
6957	63
7251	329
7408	128
6189	233
7363	260
6836	80
7836	263
7393	239
8173	376
5941	72
7107	73
7484	615
7444	237
7982	167
6731	327
8182	418
7458	64
7475	185
7633	126
4941	170
8601	73
7368	196
7648	174
8155	59
8297	95
5945	91
7126	128
7171	127
6149	198
8135	206
6691	67
5912	102
6934	96
6982	308
6537	86
6236	118
7853	79
7388	153
6980	366
8158	337
5946	155
7949	299
7288	162
7406	83
7205	265
7527	162
8586	1114
7521	285
6763	228
5995	203
6541	292
7805	93
7509	106
4635	237
8460	92
7403	141
7573	151
6513	420
8545	67
5586	139
7583	167
8328	278
8263	311
8660	79
6422	176
6427	191
6987	346
5963	71
8208	100
4943	241
7138	380
6136	146
7334	219
6060	246
7718	81
7736	210
6696	40
7738	53
7055	119
8018	123
6429	96
8250	28
7927	236
6271	155
8393	137
5735	266
6779	382
6938	230
7515	172
6094	444
7804	51
7401	215
7265	177
4676	114
8504	166
7784	68
6786	307
7559	70
7121	44
7781	913
6978	183
6379	62
8367	234
7549	242
7649	280
7208	110
6861	226
6408	396
8418	471
5845	167
7278	112
7428	87
8068	365
7397	409
5741	231
7644	65
8311	51
7785	147
8617	388
6847	482
6515	181
4952	23
6790	92
6287	143
5244	172
7900	202
6400	113
7464	190
7189	116
7857	217
6790	194
7444	138
6834	149
5603	177
7580	117
7445	260
7143	162
7226	184
8367	124
7580	115
7186	105
6822	456
7744	297
7914	148
6689	270
5778	54
6281	48
5919	276
8163	408
5558	204
4881	53
8478	270
7920	225
6659	102
4954	192
6338	163
5978	289
6380	81
6084	134
8366	273
7766	131
5692	292
7841	179
6484	51
7418	344
8035	253
8409	188
7942	541
8079	112
7501	387
7223	167
5673	383
5748	259
7518	74
4788	106
7841	307
7897	310
6748	340
8259	163
6240	174
4743	249
5776	103
8301	214
8145	331
8455	155
5620	319
7237	197
7144	78
6995	178
7211	191
5626	20
7596	70
5439	325
5173	121
5871	298
5778	176
6853	289
7018	123
7042	96
7516	256
7387	455
7047	55
7344	136
7381	206
6964	55
5428	136
8035	72
6219	109
6566	401
6514	142
6677	322
7946	326
6085	225
6988	255
7330	209
8192	208
6228	130
6646	56
7294	393
7258	475
8262	200
7548	183
7138	56
8737	128
7868	109
7463	135
8556	231
6226	100
7455	413
8848	302
6530	199
6971	432
6852	104
6978	130
5698	71
5168	256
6504	160
8377	468
7832	180
7468	259
8034	249
8660	165
8075	167
8012	134
6653	409
6703	176
6991	352
6814	460
6972	130
7194	129
6986	94
7163	96
8661	589
8507	433
7934	255
7182	391
7611	442
7967	183
7466	119
6150	37
7104	211
7983	102
8322	57
8020	194
6876	160
7040	245
8634	122
6637	101
7089	172
8849	90
5793	196
5873	160
8062	209
7216	165
7201	449
8880	252
8479	322
6879	260
7853	240
7637	278
6633	84
8497	61
7515	449
6086	352
6736	75
7037	309
7645	389
7459	160
5270	96
5292	256
7491	487
4844	139
6177	62
5767	195
6296	463
8227	145
7650	131
7617	119
7727	53
8425	226
4625	126
4854	182
7939	87
7124	58
5408	187
6572	100
7033	201
6618	152
5827	102
5936	52
7208	187
6372	347
8249	215
7230	383
6544	251
6622	69
7241	95
6170	112
5555	59
6439	132
7535	317
7103	118
7916	406
6744	172
8462	205
6896	153
7748	110
7316	70
7998	96
6944	83
7666	275
6121	209
8177	134
7155	106
8809	130
6753	179
7490	140
6922	71
8597	451
4803	184
8068	204
6342	115
5649	74
7425	137
2894	121
5366	227
7725	249
6752	106
5730	49
7945	98
5077	275
9590	351
6357	341
7170	67
8373	425
8311	266
7007	207
7724	236
6884	297
7436	123
6534	238
7530	103
5803	123
7731	196
6499	62
8340	160
8355	434
7796	324
6160	117
6645	112
5856	273
6636	191
8496	254
7725	394
4905	156
8790	475
6272	174
7944	99
7151	137
6431	149
4695	144
8566	444
4723	54
8035	78
7290	49
8225	245
5735	213
8917	410
7101	442
7765	154
5412	442
5609	119
8067	269
7997	85
7711	89
8256	120
7969	348
7378	281
7299	228
8135	146
8204	382
7789	119
6020	382
9356	338
6571	228
5633	127
6759	330
7194	390
7565	131
8088	249
7004	175
7513	102
6966	159
5170	141
7482	421
6957	84
7309	181
7077	83
7761	48
8003	137
5132	284
8971	2899
7117	86
7781	78
5382	437
4922	128
4926	67
7171	126
7509	136
6717	246
6354	68
7743	86
8195	394
7710	143
4440	248
7687	302
7453	201
7231	14
7277	251
6901	34
7914	454
5056	436
7647	124
8344	298
4811	322
7230	69
6865	82
7118	430
7314	202
8042	351
7984	243
6271	79
8086	348
7662	78
8556	135
6870	269
6642	119
6497	233
6361	110
8139	170
3035	185
7559	74
5533	382
5663	99
7951	455
7891	273
4871	206
5315	154
7336	133
6996	443
7965	157
7992	100
6791	14
7251	93
8702	139
7480	179
7121	126
7824	471
6127	119
7839	252
6892	88
7438	224
6787	116
7566	164
7022	218
7383	103
8064	112
8666	69
8162	135
7713	103
7502	255
3459	83
7572	372
7240	220
7769	165
6631	65
7705	278
6886	388
7661	123
7543	233
6661	186
5440	103
7932	468
3636	97
5994	100
7754	153
7776	251
6919	343
7182	47
7279	368
7207	302
5616	64
6891	203
6800	70
7077	98
6633	52
7274	230
7535	146
6901	199
5965	82
7024	163
7880	139
6260	69
6392	222
8544	137
6706	185
7639	128
8858	985
5764	183
8438	225
7841	106
6440	32
7652	53
8412	133
6734	309
7596	328
8026	95
5900	35
7615	302
6562	318
7459	320
7033	347
8097	348
7392	367
6415	257
7647	286
8245	382
6742	345
7908	127
6270	80
7711	423
8584	176
6710	48
8217	372
8548	204
5920	52
7325	174
7933	172
4289	210
4181	154
8015	175
6770	282
7519	288
5307	156
6309	190
7299	155
6099	411
6997	377
7691	185
7631	176
7423	187
7999	232
3791	36
4507	268
6775	170
5299	174
8047	318
7315	97
7949	96
7651	162
7333	181
5692	96
6955	250
6781	36
7924	286
7403	338
6172	305
7553	112
7677	157
8733	397
5635	218
5374	80
6541	145
7495	386
7609	334
5959	60
6944	309
7617	207
7690	192
8535	245
8304	157
6828	105
4986	393
6706	101
7368	69
6624	220
7794	354
6171	422
4391	449
5536	71
6522	142
6781	188
4524	73
8917	965
7528	297
6670	143
8087	66
7031	384
6982	160
6619	103
6572	43
6143	112
8017	87
8432	121
7294	248
7238	108
5210	331
8245	243
4948	182
7960	344
7426	108
7127	217
7257	342
7186	223
7836	89
6484	219
7499	212
6660	113
7084	158
7775	250
7544	295
7651	180
5666	205
5392	107
5797	449
6046	329
7990	270
8370	32
6837	87
6470	187
6699	361
7487	162
6980	143
8020	75
6409	489
7034	435
6508	75
6662	301
7235	292
8492	422
6306	267
6747	146
7552	243
8138	341
5854	202
5358	65
7938	78
7968	148
7796	350
7633	110
5262	228
7259	147
7497	101
7687	98
6626	72
7481	72
8652	79
5532	58
5312	85
7305	184
7623	120
8345	166
6722	440
7027	199
7436	50
6089	94
6814	156
5563	77
6989	106
7212	118
7587	50
7948	101
5778	41
6654	109
5669	44
5890	232
7669	320
6250	96
8056	101
6899	166
6194	68
5860	107
7217	384
5611	43
5561	41
8211	98
7668	401
5072	54
8159	59
6458	121
7847	268
4906	93
6536	130
8154	313
8032	83
6983	128
6235	91
7122	71
8687	175
8117	171
7572	113
6747	114
7661	316
7984	229
5580	77
7260	216
7270	319
8010	91
5230	162
7245	463
5847	85
8169	165
7845	72
6581	436
6622	27
7000	63
8499	253
5594	130
6856	190
8062	278
6413	211
5477	48
7043	31
8048	262
6959	52
7995	235
6221	266
7640	99
7900	98
7253	158
5917	130
5607	373
7586	83
7241	192
7523	196
7579	282
8213	229
8129	286
5411	77
6667	94
6885	82
8604	357
5824	347
6909	203
6991	203
7541	207
5855	111
6837	182
7281	305
6954	207
6809	362
6953	336
5285	288
6619	95
7367	134
5753	91
5975	199
7315	399
7862	152
6968	244
7049	334
8144	211
6022	128
7532	85
8111	112
7459	470
6993	81
7925	54
6662	156
7937	281
7052	62
7441	116
6748	165
6987	179
7742	219
7442	115
7874	380
6401	70
8487	396
6435	153
6339	421
8207	290
7515	257
6398	221
6898	143
6821	78
7243	315
6855	86
6839	133
7139	244
6823	72
7851	494
6897	131
8568	1459
7650	177
8621	41
7253	269
7113	201
6444	107
7953	122
6114	176
4720	72
6707	98
7535	82
7784	281
7987	235
7511	199
5375	268
7658	141
5215	294
8838	116
7108	297
6881	341
8576	101
7916	469
7303	126
7191	147
7563	192
9590	255
6432	112
6864	196
7982	245
6889	105
7227	418
7546	174
6598	393
9198	207
8249	213
7600	100
5693	120
6587	138
7932	89
5643	234
6979	40
8212	133
4662	108
7178	345
6475	256
6248	362
6884	72
7629	424
7428	229
7213	40
8275	229
8499	158
6744	81
7166	43
6981	73
8243	223
8994	101
6317	90
7265	246
6324	265
6422	270
7077	165
6602	202
8083	379
8283	411
7748	73
6955	219
8559	406
7456	587
7903	34
7189	38
7361	241
8147	76
7597	74
7408	42
8017	77
7315	79
7359	464
7242	224
7568	72
7754	374
8276	205
7953	214
7597	235
7079	76
5163	61
6732	46
7933	79
7693	341
6939	418
5625	230
8593	467
7031	248
6957	66
6160	326
6620	221
6840	269
5848	387
7739	411
8006	192
5981	172
8543	162
6804	52
7094	137
5137	113
5004	96
7887	237
7900	69
7145	68
7932	168
7776	121
7292	163
7850	68
7109	391
7590	66
5401	175
7267	96
8027	80
8160	171
6434	142
7789	339
6636	265
4381	84
6980	356
7869	503
7204	81
5596	45
9323	103
6984	89
7283	67
5415	240
7790	41
8327	364
7470	227
6397	257
6826	261
7179	276
5624	150
7624	258
7504	239
5996	45
7411	134
8011	298
6251	69
5729	346
7414	96
7883	66
7528	217
6394	71
7044	97
7437	92
7662	282
6771	267
7247	103
6973	59
7245	163
6919	382
6189	48
6223	152
8296	62
7759	284
7472	136
6908	111
7546	53
6756	44
6738	77
5480	311
4946	103
5387	66
6036	54
5914	219
7914	243
8659	282
7325	169
6440	146
7487	134
5700	270
6137	96
6990	66
7623	114
7202	1768
7070	306
8023	134
7835	172
7460	923
6846	112
6497	349
7387	86
6993	81
8175	99
7630	261
8836	38
5830	371
9359	1820
7841	265
6341	93
9178	191
6778	180
7011	73
5870	227
7356	420
6524	233
7728	55
7567	74
7144	240
7261	245
5955	116
6077	71
9057	89
7077	245
6985	259
7928	220
6297	111
6934	181
7541	143
6945	183
7787	44
7252	91
7420	303
7646	382
4930	256
6095	95
7495	67
5859	157
6354	200
6113	46
7683	117
6932	130
6344	256
5988	94
7689	770
7553	399
8154	175
7573	217
5703	58
8212	138
8027	232
7287	431
8087	454
7969	269
6431	101
6872	127
7792	349
7162	84
4058	85
6922	351
5665	426
6866	235
7669	169
8234	177
6737	131
6806	267
7951	156
6297	287
7666	260
5629	228
6626	229
7402	126
8735	123
6932	116
5696	89
7381	83
7654	316
5818	499
7242	101
8461	107
7746	275
7596	136
7796	220
7066	182
7257	217
7964	142
6000	46
7115	283
8036	214
6802	492
7160	46
7608	149
6752	575
7637	53
5329	78
4955	46
6464	166
6544	213
5607	112
7859	117
5598	158
6602	274
7390	202
6710	238
5879	293
7199	339
5387	259
6735	107
8403	261
7446	201
8278	346
7025	66
6332	116
5713	78
8328	100
7591	352
6856	228
6934	283
8459	1996
4412	390
5394	261
8262	138
5827	221
7830	131
6845	246
8259	814
7802	287
5431	407
6887	101
6505	123
5996	250
7131	121
5810	62
7512	169
6851	243
7894	238
7966	123
7792	159
7634	293
5731	59
5756	137
7686	50
7201	168
7860	394
7179	226
6575	450
7941	125
6696	57
7601	439
8259	164
7535	243
8081	329
6580	118
7332	287
4668	36
8056	131
7711	237
6404	56
7862	138
8853	206
7560	186
6767	73
5928	247
5926	152
8500	72
6966	235
7614	122
7620	126
6791	125
6129	344
7900	96
7291	94
7745	260
4631	182
7659	467
8104	65
5284	65
7177	53
8194	267
6825	49
7835	287
7516	331
7308	354
7854	124
6725	233
6743	79
7424	389
5890	230
7374	69
7781	58
8096	122
6598	231
5843	253
9384	887
8289	68
7504	459
7501	206
8917	253
6789	115
7143	145
7187	41
8669	377
7401	167
7406	164
7940	19
7085	126
6596	206
8617	78
7311	457
5571	99
8048	62
6347	165
7039	75
7052	282
8460	395
7990	34
6788	184
7435	179
8327	49
6629	104
6850	123
8250	209
6800	182
6289	264
7801	96
7037	144
7639	61
8617	194
8693	160
6944	108
5428	147
7926	97
6115	85
5278	95
7381	71
6414	341
6580	240
8068	86
6263	110
8200	43
6807	242
7826	153
7755	147
5519	423
7188	84
7537	257
7360	207
7026	160
6085	94
5552	382
7080	141
6227	58
7304	132
6822	169
6959	65
7203	401
9131	214
7589	107
7488	82
6126	390
5954	391
6345	283
5787	110
7702	211
6797	183
7599	82
6724	135
7967	67
8325	177
7659	250
7086	72
6311	144
7364	158
7323	447
7229	216
6916	225
6398	46
8242	63
7325	293
7010	44
6954	310
7673	88
7939	145
6986	232
6871	96
8069	124
6656	98
7383	149
7385	144
4736	318
4273	150
7192	204
7257	135
6840	66
5014	178
5501	448
8009	166
7241	406
7562	95
7565	130
7325	306
7017	144
6092	44
6848	214
6466	178
7582	145
6705	302
7618	194
3363	302
7856	208
7858	69
7543	82
5988	375
8207	205
7769	28
7251	162
8010	313
7046	98
7962	71
6469	325
4778	188
7249	152
6291	361
6428	87
7539	276
6413	95
6948	226
6264	87
7745	159
7392	144
7919	82
7029	66
7423	178
6173	77
8192	369
6722	50
7331	298
7803	108
7825	69
6168	122
8043	226
7064	124
7459	101
5925	197
8065	129
6730	231
6931	78
3417	164
4414	131
5970	346
6950	916
6755	103
7973	315
6647	84
5961	246
7747	95
7739	54
7674	151
6500	260
7536	77
5449	315
7757	102
7056	150
7273	137
5418	72
7635	91
7729	67
7859	209
7188	111
6562	281
7198	288
5614	261
7151	347
7138	94
6558	421
7129	420
6454	104
5850	293
7198	198
7344	245
6418	146
8185	213
8906	202
5577	266
7231	132
7595	73
7708	115
7392	216
7088	411
7530	95
8267	149
5858	77
7610	33
6562	64
6615	156
8133	166
6168	207
6680	159
7552	193
7652	166
7218	379
7731	109
6056	385
7827	347
7709	66
6179	157
6449	304
5432	148
5386	43
7439	106
6549	96
4411	146
7474	113
6393	96
7109	173
6398	112
7685	73
6682	150
6977	164
7514	32
7310	204
6010	254
8581	345
7699	263
5958	69
6831	110
7522	159
8235	215
7423	151
6103	261
6034	256
6810	101
7617	202
4325	109
7949	275
7963	101
7561	62
7558	82
7234	107
8076	250
7474	175
7472	250
7902	208
6846	50
6737	41
5597	181
7076	115
7660	51
7147	156
7891	277
7104	157
8193	121
8385	121
6002	170
7087	98
7309	237
6014	64
6977	80
8427	182
8131	118
7533	53
7592	263
6412	104
8476	84
6960	85
7435	245
5963	78
5841	158
7719	78
3957	202
8841	129
9014	328
7260	108
8115	166
6037	273
6444	105
5053	136
7051	139
7661	82
7763	206
7791	117
5740	231
6791	165
8006	96
7249	205
8881	199
8831	405
5965	140
8481	249
6947	130
5366	104
7146	90
6704	158
8627	398
8058	247
5720	70
6434	62
7606	29
4078	109
5210	79
7756	71
6584	166
7990	68
7404	128
5443	86
7496	122
7477	135
7137	249
6457	48
7778	182
7533	99
6783	250
5079	231
7042	334
6714	84
5698	93
8806	405
3799	61
7395	116
7101	105
7048	279
6485	64
8439	289
7985	182
7961	134
7655	81
6997	263
6518	63
6194	266
5866	121
6869	286
7341	362
6805	384
8089	202
6038	0
3622	437
5646	364
6871	292
8518	57
6343	285
6868	91
5786	59
8145	501
7535	323
6324	561
7104	76
6582	208
5706	120
6395	105
8451	201
7607	465
8230	172
7982	324
6452	279
7382	84
4270	168
4847	59
7651	110
7729	66
8141	70
7467	369
7446	155
8225	73
7905	237
5486	231
4886	294
6345	296
7795	388
6971	145
7491	291
7068	216
7008	333
6784	230
7039	254
6640	373
7545	93
6660	103
7245	143
6902	148
7313	260
7230	10
4943	109
7335	70
7407	58
7067	259
6460	536
7513	266
6409	238
6188	129
5765	142
7762	126
6899	128
8972	470
6662	79
7876	302
8376	171
6809	145
7361	333
8063	271
6722	51
6268	180
5933	239
8052	86
7175	252
5159	104
6918	170
7023	144
5207	194
7239	88
7143	122
7291	59
6520	73
7485	124
7512	41
7663	52
7448	87
7488	252
7286	318
7535	203
7202	125
6871	102
6206	419
6712	75
7540	127
7232	95
6823	34
6897	45
7294	274
8275	87
7771	247
4070	85
6880	105
7450	467
7201	185
8213	95
7130	444
7206	198
6763	107
6847	131
7002	250
7374	299
8070	147
8022	52
6531	172
5667	211
7427	158
7786	73
6848	226
7092	271
7255	300
7158	114
6271	270
6336	137
6827	297
6799	60
6968	235
6308	80
5975	261
7631	96
7312	311
4858	121
5829	420
7538	225
5179	208
6087	426
5174	275
6062	110
6306	87
7101	162
8471	263
9090	281
8502	358
7837	113
6883	198
7334	336
6296	107
8575	242
6281	127
6635	227
5738	118
8027	100
8057	52
8549	570
7755	190
6913	216
8081	96
6207	345
8704	148
6314	100
8024	49
7817	307
6858	250
7256	234
6307	100
6566	158
7418	85
6877	430
5412	128
5579	70
7899	77
8035	274
7942	123
6901	145
6900	121
7163	118
7399	479
7012	126
7690	124
7888	130
7649	207
7594	423
6737	459
6160	197
6642	168
8681	278
6257	72
6617	334
7697	106
8083	135
7255	99
7374	309
7431	55
7917	58
7680	46
7865	164
7762	95
5369	126
6838	144
6433	306
7807	82
7310	35
6573	292
4719	69
5598	168
5826	29
6564	343
4326	99
8208	246
7312	166
6960	502
7307	197
6670	258
8548	272
5093	236
6947	261
8043	223
7304	193
7302	116
7992	86
7505	135
8551	94
7233	96
8268	192
7192	76
7026	78
7294	307
7273	106
7767	100
8301	283
8317	84
8076	133
8115	49
7209	490
7844	57
8733	72
6105	86
7322	81
7986	165
5162	104
7114	40
6725	160
5776	109
7132	84
8171	123
8206	321
6794	67
8081	130
7704	116
7037	141
7384	332
6544	193
6743	64
6956	113
5523	132
7404	158
7952	486
6494	133
5136	143
8205	145
7992	392
6561	121
8235	163
4553	366
6706	322
6664	438
8480	377
7003	280
7231	151
5707	237
5220	412
8162	88
6477	76
6466	79
8482	137
7836	332
6946	131
7344	57
8283	189
7200	124
7207	272
7198	562
8169	268
7078	119
6953	85
6956	126
7183	191
8226	53
7201	255
5449	35
7119	137
6899	112
6193	237
6754	180
6540	52
7684	267
6713	155
7430	381
7669	93
6741	321
6353	77
7688	245
7415	135
7535	76
6897	73
5927	119
7905	315
7954	201
7560	250
3930	242
7890	254
9232	79
6747	152
7153	65
5616	89
7681	128
7265	276
7738	62
7712	88
8842	111
6669	83
8911	97
6039	184
6032	291
7600	308
7640	355
7375	140
5645	190
6951	102
7455	226
7825	40
7263	361
6908	670
5321	188
5834	200
7789	52
7577	368
7502	297
4277	354
7707	419
7366	182
7131	71
7025	141
7561	186
6144	69
7212	304
6764	463
6145	315
7293	148
7780	278
7956	259
7262	90
7241	204
7200	275
7413	172
7770	61
6763	264
9207	98
8151	249
6206	89
8419	301
7098	52
8295	119
7097	228
6733	222
8137	244
3506	151
7823	190
5676	109
8315	322
5846	161
8179	49
7321	89
8097	76
7878	129
7242	315
6624	122
7534	115
8268	195
5036	165
7024	32
7686	350
4596	179
7437	133
7731	179
7700	217
8635	283
6914	106
6722	177
7940	296
5843	144
8332	271
7654	51
7445	188
6643	319
5924	91
8580	70
7208	54
7687	148
7135	393
7347	59
7618	209
8191	119
6552	220
8518	415
7956	164
6579	203
7851	138
7769	181
7563	173
8189	141
6666	103
5123	201
7513	123
7704	125
8242	85
7167	60
7634	175
6979	231
7180	220
7799	116
6375	239
7785	135
7220	140
5757	202
7514	99
7341	88
8350	187
7371	142
8051	118
7145	104
7586	126
6257	96
7959	140
7007	142
5486	54
6907	173
7292	95
7202	115
8096	288
7989	109
7108	120
6706	256
5599	97
7044	65
7320	152
5853	325
8115	75
7434	100
8187	186
7080	306
8373	66
6861	176
7953	98
6581	114
8601	574
7588	187
7358	42
7879	144
6915	46
4711	136
8250	155
7341	39
5685	290
7559	89
6953	175
6624	184
7322	90
5113	253
5769	127
7154	289
7110	848
7645	186
5728	424
7827	218
7099	150
7443	85
5376	97
5505	246
8321	126
7401	266
8150	297
8400	379
5233	252
8665	131
6274	451
6425	279
6041	81
8180	62
7880	82
7425	154
8234	59
5401	79
3192	155
6764	159
7652	60
7081	154
7499	425
7105	207
7753	245
6967	214
6715	175
6952	205
7119	86
7951	213
7355	270
6968	96
7266	67
5632	274
7575	168
5952	172
7434	115
7653	262
7638	195
7182	188
8332	198
8713	246
7281	217
7422	201
8201	95
6309	261
8174	105
6407	78
7999	128
8246	109
7069	67
9279	181
6710	80
7936	80
7060	83
7692	384
8359	383
6101	234
7165	53
5941	157
6944	14
7510	393
7728	307
7805	106
7603	199
6034	389
6938	141
6712	97
7633	36
4865	157
7312	262
6892	285
6649	202
8488	144
8171	327
7704	172
6928	105
6899	169
5148	139
7342	223
4972	75
7940	66
7871	468
7046	138
7118	144
8237	122
7883	149
7068	119
6514	165
5421	149
4876	220
7548	86
5469	305
6907	142
7031	126
5589	68
4420	128
6752	111
6261	273
6106	295
6208	343
6739	218
6736	323
8210	190
7534	320
7935	170
7493	65
5240	128
7630	79
5943	80
6586	65
7983	91
7471	193
4924	116
6574	330
8742	321
8680	119
5241	464
6679	187
5880	513
7524	164
6555	75
5957	214
6765	189
8194	153
7210	273
6688	67
7703	231
7632	129
7244	301
8029	341
6537	171
6787	83
5540	109
8149	418
7960	160
5981	118
6098	176
7088	103
7888	484
7607	184
5994	199
8456	56
6684	588
7776	69
7464	51
7085	50
5101	53
7869	140
6143	171
7819	140
6353	423
5728	102
8119	316
7562	312
6425	74
7560	36
7202	155
5542	73
6661	101
8165	165
8340	192
8135	427
6854	163
6769	258
7526	191
7442	260
7822	216
6012	139
6253	172
6400	232
5977	74
5074	140
7755	227
8126	40
8255	114
8669	209
5679	151
7742	113
8064	326
6368	243
6439	155
7573	55
8880	53
8318	84
7850	129
7525	142
7478	232
6195	415
7239	44
7696	109
7572	222
6186	67
7307	34
7641	132
7698	82
6848	151
8008	193
5835	70
6070	302
7998	270
7149	46
6500	116
7278	190
6601	185
7625	282
6222	510
7209	276
7526	290
6893	114
7160	263
7568	208
5694	429
7743	225
7796	517
7832	202
7668	72
8951	233
7575	42
5418	117
5665	56
7510	89
7496	126
7890	111
4519	52
5446	120
6277	96
6426	79
7132	90
8303	288
7574	83
7057	301
7637	412
7011	309
7805	438
6276	59
5937	194
5735	38
5519	255
6033	248
6770	88
4032	171
5297	78
7249	236
6932	126
7393	31
6161	139
5556	164
5257	132
8465	153
8769	171
8277	205
7077	195
8010	162
6845	394
8741	329
4865	91
7343	79
5781	143
7134	30
4769	250
5506	73
6563	88
7083	150
7548	149
7747	212
6305	201
5596	174
6871	87
5463	136
8088	134
4922	39
7490	120
2791	92
8779	184
6703	252
6068	268
6999	65
7646	170
6646	147
6333	264
7584	403
6741	57
5335	236
8588	137
8044	250
7760	155
6154	85
5250	92
7504	112
7379	143
7266	145
6694	175
6334	59
7906	177
9053	109
6002	327
7481	171
7321	241
7671	204
6214	154
8460	160
7276	173
8535	130
6722	336
7200	271
4337	62
8458	76
6311	79
7113	167
8781	364
6998	286
5435	103
5985	172
7739	224
7474	47
8379	68
6932	87
7239	160
7067	138
6631	118
7910	203
7778	210
8443	89
7449	307
8222	219
6916	247
8171	75
6440	330
6301	81
7165	87
7740	50
7940	411
8097	188
8153	61
7859	192
3728	146
8198	214
7069	279
7177	340
5757	99
7040	160
7053	99
7902	153
6427	249
8173	144
8287	60
5038	234
7001	182
7855	311
9053	222
6950	109
4913	159
8121	223
7747	330
5964	67
8202	332
7491	299
7254	73
6329	143
6202	43
8015	216
7336	72
6756	103
7725	127
7943	223
7818	237
7825	205
8071	256
5075	273
8563	209
6456	228
8779	383
5485	290
6822	276
8398	178
5374	334
7338	43
7079	112
8100	145
7404	381
8275	1385
5233	99
7858	120
8088	427
6742	75
7507	102
7720	370
6505	421
7633	63
7145	106
7400	139
8044	105
7400	135
6273	335
6902	98
8953	328
6515	214
6711	449
7274	325
7065	149
6546	101
5048	315
8003	294
6293	305
7066	184
7436	341
4255	209
6791	208
8237	175
5946	127
7744	86
6625	97
6268	63
6686	87
7228	131
6704	220
5301	104
7551	173
6430	386
8371	353
7123	270
6411	116
8035	164
6770	409
7658	24
8413	86
7150	36
8538	347
7380	196
6215	166
8257	194
6210	102
6804	152
8149	188
7925	378
7598	298
4715	170
8239	82
7077	67
7261	14
6187	109
8534	180
7133	75
6354	181
7085	315
7461	128
5882	240
5898	195
6850	186
6796	164
4974	269
6772	282
7126	1348
8255	344
6805	149
7677	58
5628	83
6833	207
6060	143
5998	401
7818	154
7862	414
7578	224
7475	39
7211	273
7524	68
8336	92
7740	388
7162	82
8217	192
7534	219
7693	435
8415	93
7382	96
6404	416
5432	186
6149	488
6999	107
7283	151
7759	125
9478	2754
7780	243
6536	71
8301	119
6481	56
7882	271
7623	82
5555	244
6911	61
7698	338
8618	86
6000	90
6563	331
8366	176
6929	201
8778	198
7344	43
8402	372
7285	421
6096	181
6768	286
6237	107
7495	340
5607	17
7029	193
6854	120
7423	181
7048	240
5525	124
7525	224
5042	102
4816	113
7777	171
4700	252
7520	69
7952	169
7169	62
6660	134
8818	115
8370	243
4225	35
6940	84
7196	61
6977	174
8454	176
7952	103
7689	288
5797	279
6635	123
6644	151
7710	203
7012	148
7065	137
8153	221
7074	55
5912	49
7964	100
7097	109
6652	159
3660	148
7950	335
5280	162
6241	173
7178	101
6534	44
5099	106
8440	84
6911	112
5232	163
7384	162
6888	38
7267	240
5094	101
7303	272
6535	165
4792	155
7068	178
6666	77
6954	98
6791	84
7113	111
6120	267
7341	377
6790	329
7298	275
5586	338
6884	98
7487	154
5752	167
7845	197
6301	165
7238	111
6638	316
7534	271
8547	249
8712	269
4265	235
5937	123
7219	121
7093	271
8226	274
7662	151
7623	360
5498	95
7986	133
7338	90
5370	146
7061	229
5761	66
7493	279
7058	450
7133	232
8133	149
8052	361
7458	230
5982	207
8757	119
7353	291
7451	358
6851	197
7361	193
7167	168
4930	217
7477	389
8762	290
6604	94
7605	146
7103	218
6860	340
8221	47
4437	64
5644	65
5727	128
6568	245
5956	183
5835	53
6595	128
6808	300
8122	267
7672	207
6468	102
7088	82
8067	143
8231	112
7283	263
7414	80
6718	61
6388	461
7559	123
8038	51
5697	70
7557	95
5967	239
7787	100
6057	51
5211	87
6301	157
7045	323
5625	101
7449	177
7868	36
8483	110
5131	22
7332	148
7546	373
6791	139
7858	305
8750	248
6979	150
8322	128
8078	127
8140	146
7049	40
7953	336
8646	193
6590	451
5534	266
8591	69
7607	87
5564	144
5023	77
6444	362
6943	127
6749	148
7275	379
6428	101
3952	163
6356	160
7680	52
7542	110
7790	278
6903	36
7875	61
7315	65
7930	173
7266	203
6160	66
7033	224
6471	181
6969	112
6609	103
5532	142
6460	136
5833	87
6284	388
7535	182
8017	91
7616	367
5876	190
5541	331
7103	412
7656	438
7001	116
7996	214
7893	1302
7176	165
5174	407
8853	108
7656	102
7956	141
5889	169
7705	304
6410	139
5646	411
7477	81
7748	190
8175	370
6547	226
8438	286
7389	238
7781	278
7242	107
8050	90
7397	583
7098	190
6096	70
7888	53
7671	118
7772	386
7469	373
7575	83
8114	150
6150	209
7175	152
7514	184
7389	231
7529	267
6015	262
6803	77
6278	204
6102	292
6239	57
7819	55
7477	103
8085	206
5391	319
6511	94
6997	210
7269	27
6973	123
8358	127
7261	148
6516	176
6335	221
8091	49
3868	391
6755	231
8142	45
5200	98
6144	95
6202	89
6871	154
7777	266
6105	476
7183	183
6951	157
7492	286
6825	395
5093	92
5445	110
7252	165
7521	45
6784	144
6689	332
7455	92
6792	312
6563	136
5845	62
7564	29
6122	354
7201	228
6696	224
7859	222
6838	69
7417	51
6237	52
7230	34
6009	370
7910	107
6646	208
7298	273
5132	111
7127	227
6962	205
6619	214
7732	82
8130	100
6171	337
7252	292
6224	73
7735	34
7725	86
7170	113
6294	64
7966	242
6800	73
5947	34
7889	50
6915	215
8604	69
6582	104
7126	110
6117	91
7651	162
7295	102
6965	412
7026	251
8304	226
7229	328
9116	105
7629	46
7226	217
6681	174
7810	125
6957	317
6902	157
7575	33
7525	463
7830	161
7388	103
7654	125
5342	126
5418	273
7793	89
3946	87
7998	117
7242	79
7579	46
8135	107
7244	317
8048	281
6147	249
8288	107
6841	236
6910	335
7947	68
5723	86
4408	55
5667	204
8363	540
7689	133
6206	273
7094	156
7088	266
6900	86
8343	116
7851	128
7525	285
7392	424
7868	160
7912	48
6897	62
7616	107
6100	190
7513	111
7293	55
4115	68
7092	192
8070	106
8472	376
8053	199
8535	240
8024	183
7807	114
8458	139
7446	305
8035	397
5338	62
7698	321
6823	102
7073	236
7870	84
7582	149
7644	133
4951	214
6791	427
6936	112
6731	165
7392	177
8309	385
8055	344
8183	370
8447	225
5736	477
7420	162
6054	401
7266	331
7962	255
7862	290
6328	231
5820	71
7113	164
7368	265
5950	198
6380	186
7353	207
5598	352
6896	319
7873	236
6215	163
8283	293
5260	99
5023	153
7560	174
8093	44
7983	147
8016	99
7940	120
7292	346
4111	80
7749	78
7087	105
7390	137
7659	296
7781	155
4794	103
4770	109
8006	58
6857	82
7661	128
6505	401
8195	45
8124	121
7044	285
7744	61
7504	324
8065	367
7890	28
8084	73
3904	173
7445	314
5859	141
7208	64
6362	78
7387	152
6591	56
8307	76
7912	76
5904	77
3779	247
5177	220
6827	228
6060	116
7125	250
8254	57
6412	84
6334	134
8214	139
4736	126
5747	217
7876	268
7464	267
4303	462
7591	363
7859	82
8540	113
6821	95
8013	235
7037	74
4135	76
7202	157
7957	198
6314	111
6618	137
7035	102
7476	115
6479	220
4908	229
7342	134
7757	74
9012	290
7633	119
8417	176
8305	256
6069	121
6063	332
7125	102
6287	326
6575	81
7225	106
7549	88
7586	119
7981	148
8201	222
8002	335
6912	215
8625	53
7672	86
5160	56
6412	205
6900	96
7487	178
7311	307
8376	42
6135	138
8718	345
5945	284
5416	108
5858	377
8471	191
7006	246
6988	123
6245	645
8550	136
6347	401
7697	441
5925	257
6420	140
6562	397
3978	132
7378	145
6327	220
6734	95
3463	83
7295	251
7506	214
7146	213
7931	169
9253	87
7536	205
7550	250
6201	53
6620	208
7614	31
7832	434
6978	173
6568	304
5892	48
6891	45
4796	247
5644	86
6708	63
6819	76
8167	239
6053	282
7915	256
7837	238
7165	102
6716	284
6213	315
7900	69
5671	88
6151	269
4956	43
7827	242
4692	139
7179	110
6384	423
7303	148
6618	68
7625	408
7141	192
6818	44
8684	259
7049	200
6237	467
5230	492
4684	265
8007	161
7278	75
6870	163
8392	139
7854	190
7336	65
4951	93
6265	472
7727	48
8442	234
8196	203
7381	128
6950	468
7345	156
6103	175
7484	276
5293	104
8354	370
7937	275
6213	187
7339	193
7190	169
6217	164
5575	240
7401	182
7301	87
7945	191
8031	180
6126	408
8536	134
6927	100
5658	205
7669	244
7566	93
6472	126
5980	82
7429	228
5077	138
6230	194
6804	171
8287	417
7671	166
7296	171
5051	284
7815	197
4289	283
7528	198
7248	373
8921	336
7038	366
7852	470
5891	621
6987	170
7197	97
7714	373
7717	50
7065	38
7422	213
6757	248
5296	270
7107	89
6648	152
7754	297
7017	359
7342	174
7829	53
5357	72
6643	301
8283	92
5266	351
6348	169
5321	72
7712	319
7466	41
7629	317
7438	86
7421	209
7805	39
7509	31
5669	551
4285	430
6220	82
6639	145
8993	61
7558	139
7518	366
7249	36
8254	425
6641	82
5826	164
7725	97
6453	204
8149	317
7816	208
6798	348
6030	130
5514	43
8011	104
4440	77
6918	90
7517	33
6201	83
7116	324
3785	126
7224	139
7186	136
7786	61
6178	184
5243	165
4030	66
3323	68
7969	121
6730	114
6651	362
8387	294
7357	82
7470	201
7954	260
5677	110
8902	117
6184	326
7376	169
7305	357
7732	165
7202	67
7733	168
6508	259
7504	198
7750	408
6908	262
7342	480
7024	301
7687	68
8193	149
6279	50
8606	211
8265	453
7145	66
8128	399
8201	247
7319	172
5433	92
8025	238
4962	106
7445	65
8380	102
6527	166
6790	273
6606	116
7112	78
8771	348
4994	254
4119	378
7927	98
7676	156
7130	587
7175	82
7427	94
5387	295
7415	192
8536	149
7668	204
6918	147
7629	361
7266	200
7010	49
6145	207
8264	193
7706	312
7317	70
7831	90
7807	82
9044	5674
7711	184
7623	191
7371	328
7095	73
6373	32
8628	51
7491	313
7781	252
6817	174
7503	186
7431	297
7726	305
7142	312
6886	263
6060	237
7809	195
6809	396
9053	370
7166	38
8412	498
5076	102
6596	155
5803	451
6597	332
8353	199
7823	66
7447	286
6993	105
7657	82
7385	96
7310	120
5794	90
8391	102
5234	312
8030	85
5373	131
6882	261
7023	121
5587	102
9154	187
7106	152
6919	69
8202	145
5620	44
5999	77
7560	128
6549	245
5684	191
8621	131
5481	220
5468	55
6007	101
9036	314
8241	109
5414	333
7707	260
6893	303
4373	460
8584	189
8042	233
7252	111
7493	42
7032	353
6251	99
5736	61
6222	275
8093	284
6547	176
8461	70
7312	243
8305	129
7993	74
7761	111
6906	71
7410	171
7616	130
6227	233
6609	168
6485	210
5050	418
6934	207
7863	7307
5494	193
6433	210
6256	310
7258	72
5858	100
7994	112
7824	401
8072	121
7511	325
6890	240
5357	366
7472	124
5274	323
7331	153
6455	183
4933	130
7890	76
6815	323
6945	303
6966	177
6408	65
4879	207
6658	116
7599	232
6060	205
7453	411
7137	101
4521	103
8825	271
5996	122
6844	56
8264	83
6963	239
4815	416
6429	153
6757	365
7513	166
7595	49
6812	124
6874	83
6262	78
7853	50
7929	317
5607	187
6750	190
7109	99
6816	95
7081	207
7572	106
7648	128
8184	337
6616	243
5191	252
4490	113
4503	120
6753	121
7392	71
6101	257
8202	104
5927	74
6017	173
6033	152
7955	180
7045	231
7576	298
7839	86
7482	246
5395	130
7350	123
8419	296
7320	177
7188	230
7079	207
6591	160
5171	143
7685	28
7713	214
6847	200
8048	38
7290	98
6558	113
7545	113
4874	48
8025	138
8185	272
6504	336
8166	64
6163	276
7095	97
7635	183
6710	88
7261	37
5242	212
7532	369
7434	81
6878	86
7638	362
6307	260
8050	172
7173	149
8164	323
7695	113
8037	67
7299	209
6423	156
7332	76
7338	149
5654	432
6223	159
6031	86
7874	293
6988	188
8274	235
7555	51
7508	158
7565	124
7801	425
7892	75
7817	103
7441	133
6798	87
7845	172
8220	444
8011	234
7176	228
6664	315
9999	9999
6973	403
6383	342
8784	118
5488	102
7152	511
7382	222
7525	87
8685	297
5835	223
6730	127
7432	103
8109	317
7595	149
5760	274
8116	142
8297	105
8873	239
5768	177
7380	152
5012	391
5536	109
7651	38
6823	361
6423	126
8467	409
8194	69
7194	318
7282	88
6369	154
6451	295
5454	114
7768	193
8410	134
7162	98
8007	109
6178	456
8362	164
6749	70
7814	120
7590	354
7936	343
9087	716
8041	84
7958	503
6746	183
6887	385
6559	251
5900	110
6627	183
7081	69
6415	67
7939	114
7913	158
7404	94
7687	367
7423	178
7286	114
8087	27
6421	158
6660	438
7205	484
6779	325
7816	282
8353	286
5387	458
7132	217
7207	270
6506	173
9656	148
7056	291
8165	167
7406	104
5965	39
7773	242
3970	61
6106	181
7422	174
7618	137
5094	155
5080	95
6077	97
6780	200
6757	101
6125	259
6946	308
7107	96
7580	196
8364	129
7894	158
6226	374
5896	392
6708	207
8783	456
7071	128
8105	382
7290	385
6907	209
3202	162
8281	345
8030	484
6842	290
6913	364
8475	233
7634	213
7545	251
7095	63
7211	116
5162	245
7656	164
6276	216
7188	58
8245	137
8297	98
6847	484
5193	68
7004	111
6227	118
7039	456
7779	97
5821	229
6223	232
7385	270
7878	276
7242	255
6664	322
6858	97
6555	119
7134	51
6726	380
6744	112
6152	404
6420	247
7790	244
5745	246
6027	72
6188	61
6680	98
6378	184
5907	184
8973	120
7426	74
9181	102
6889	173
7128	272
7176	109
7642	91
7838	238
7589	312
8060	38
7905	402
6625	121
8186	141
8245	91
7543	204
7101	256
6834	149
6080	266
6782	150
7314	437
8134	68
6933	191
7705	475
7397	148
8430	163
6132	204
7597	79
7063	92
5656	130
8280	382
6863	90
6877	116
7003	86
4439	119
6209	105
8057	247
9112	94
8141	237
5452	328
8402	147
8785	171
6794	61
5989	164
7721	131
8585	229
5659	247
6595	49
5943	319
7423	53
7623	190
7089	111
7502	261
6349	115
8836	235
7325	280
7646	360
8349	119
7609	72
7963	163
5490	62
6585	469
6311	71
8139	190
7349	282
7668	152
6525	146
6542	59
5705	255
7633	90
5746	287
5867	463
2949	167
7876	166
7642	154
7232	435
7500	130
5386	46
8066	203
6275	198
7855	34
6998	249
6413	309
5214	113
6360	339
7543	232
7233	214
5946	87
6211	357
7066	40
2567	109
7830	82
7676	55
7429	256
7226	309
4918	306
8135	195
4978	200
8561	251
7513	276
7887	62
8536	77
6288	189
7501	110
5275	138
6824	77
7805	327
6490	137
6273	30
8468	143
5387	197
3573	43
6305	116
7165	58
7161	248
7540	323
6681	75
6559	99
7566	150
6580	262
6822	101
5892	64
7844	94
7032	255
6583	256
7460	226
8240	101
6664	238
7272	184
6437	168
7174	260
7396	191
7304	219
7698	128
9004	197
4711	89
7819	136
6882	193
7818	109
8563	284
7111	396
8212	55
6332	55
5914	162
7052	357
4487	208
6617	248
6362	108
7674	122
5112	116
7450	210
5677	83
7004	71
7571	193
6631	172
6731	56
5234	107
4649	88
7958	266
7536	91
6539	103
6411	1185
6399	121
7134	374
5850	272
8089	64
5176	131
3939	96
5766	353
8289	314
6955	338
7510	136
6991	247
7396	62
6295	19
8656	275
8903	190
7167	235
8136	114
7394	165
7383	143
4583	127
6750	98
7526	74
4814	230
4118	92
6939	361
5643	43
5716	270
8049	129
5574	212
7114	183
6224	79
7902	171
7212	269
8072	276
6361	47
6730	206
7595	319
7577	117
5592	49
4546	147
6378	268
5834	413
8815	409
6938	358
6943	368
8202	206
7797	158
5294	132
6665	64
5908	139
5944	299
7001	229
5701	37
6170	128
7985	248
7912	159
7015	85
8312	176
4874	256
7338	214
6336	345
8026	115
9625	125
7385	123
7136	436
4525	168
8775	155
8675	787
6912	292
6556	41
7663	306
6997	240
7477	164
8107	151
7641	252
7707	113
7837	220
7340	165
8159	209
7886	179
8011	85
7230	168
7578	161
5861	192
7557	172
6346	166
7406	268
2917	161
7196	178
7088	241
5298	358
8557	151
8471	218
6475	72
8007	250
7636	166
5898	224
8039	392
6807	190
7500	344
4933	134
7892	467
6861	189
7453	223
6319	194
8085	379
6657	58
7181	205
7952	81
7066	176
7067	454
7672	235
7114	137
7826	49
8473	152
6119	251
5130	110
7229	145
7211	335
6707	175
5098	91
5927	190
7954	153
5231	55
6185	290
6673	230
8703	312
7466	42
6879	215
6442	51
8896	144
8029	242
7485	191
9291	406
7914	81
7049	196
7751	84
6438	84
6894	50
6511	128
6281	151
7376	121
8593	362
5219	72
6711	138
7576	78
7670	101
8064	288
7267	94
7579	32
6829	54
7356	123
7750	255
7451	196
6044	390
7133	140
7319	154
8027	773
6885	147
6157	105
7482	245
8434	341
6551	39
6640	259
7198	192
5244	61
7678	129
7745	51
6095	252
6593	180
6855	105
7094	279
8659	414
6276	142
8128	338
8245	492
7071	123
8251	238
6665	181
6968	340
6863	178
5927	166
6844	121
7605	91
7369	83
6913	260
6849	112
6907	193
8212	176
6006	141
5065	85
5679	59
6750	246
7852	186
6364	139
4970	57
8967	392
8492	440
5966	145
5662	171
7307	203
7290	99
6023	217
7598	255
7357	202
8346	99
6322	99
7951	277
7176	214
5493	274
7748	116
7638	188
6310	152
8109	87
8515	133
5220	437
6977	280
8331	47
6854	70
6863	85
8272	102
5661	60
8829	206
5849	136
7435	255
7479	412
6966	419
7784	248
8166	253
7781	276
6573	357
4959	383
7840	270
7419	62
6126	175
7148	192
5396	147
6553	112
7856	358
5493	372
7784	119
6706	104
6215	35
6949	94
8091	133
7990	391
6827	166
8459	381
6599	187
6712	478
7575	83
4899	89
6510	615
5389	92
8538	40
4667	175
7771	125
8474	461
5855	286
7088	108
7204	338
4313	157
7912	100
8123	306
0	416
7175	413
5585	192
6591	64
8252	184
7156	107
6920	278
7287	132
6517	92
7606	106
7539	276
6709	148
6815	88
6777	207
7438	111
8449	172
7143	58
7744	42
8586	124
6783	143
7750	231
6902	333
7172	58
6089	424
7213	313
7383	66
7692	223
7085	93
6659	196
7861	208
8930	245
6123	438
8603	134
8351	90
7371	195
6637	271
6737	279
6187	339
8959	509
7375	272
7345	415
5950	175
6701	183
6991	421
7743	107
7254	403
8645	266
7631	205
7433	293
5987	36
7508	174
4454	63
7010	362
7214	469
6717	197
7771	96
7643	197
7977	89
8022	130
7957	144
8636	1156
7157	176
6557	96
7701	155
8290	258
7769	81
5507	122
6446	9
8424	431
7060	73
7556	96
6850	469
8222	249
7298	139
6882	50
7750	107
7855	210
7698	80
7421	209
3919	35
6855	47
7094	68
7172	76
5175	266
5183	301
7239	207
3773	33
7356	257
6104	79
6955	86
7008	120
7904	156
5466	252
6223	144
6644	156
7545	177
8008	164
6128	88
8010	137
6994	403
6500	125
7697	61
6464	67
5046	51
6720	184
8131	143
6676	275
6704	226
7985	78
7476	292
6068	191
8491	287
7623	123
8096	173
6925	72
5837	151
7936	110
7050	60
6869	76
6638	58
7148	72
8438	392
8006	216
8352	288
5349	223
6861	215
7773	305
7694	172
8346	131
8471	458
8674	68
7565	242
6351	98
7447	229
6304	345
6685	328
7523	351
6115	99
6128	178
4817	323
5209	359
7953	70
8013	267
4210	106
7930	284
6690	298
5778	392
7590	153
6905	60
9153	495
7968	132
7477	71
6626	109
7016	211
7674	125
7059	177
7678	172
6439	109
5872	464
5250	62
8006	158
7351	311
7443	208
8213	58
8482	247
6968	73
6421	131
5173	236
6410	142
7765	103
5427	93
5759	50
7293	187
8601	216
4943	309
5650	71
6716	140
5916	56
7956	103
6899	126
5746	300
7326	108
5406	278
8000	248
7543	362
6742	178
7195	122
5889	94
7498	131
6557	265
8133	221
7610	93
6817	324
7923	25
7138	377
6045	337
6245	121
3894	65
6323	199
7236	231
6668	55
6565	102
6339	142
8071	134
8028	223
7062	118
4456	59
8068	83
7161	242
8141	418
6722	204
7324	252
7573	95
6997	309
7233	399
8103	257
7862	172
6526	113
5888	136
7614	228
7887	158
8345	144
7324	48
6231	225
7097	31
7204	260
8111	86
7543	202
5508	55
6207	50
8238	50
7898	150
7512	77
7660	92
5540	121
8313	301
6982	123
6261	389
4760	251
8100	329
5705	95
8135	123
8763	243
8709	1323
5532	54
6898	235
7542	307
8403	143
7579	195
5328	181
9051	488
4849	69
8659	275
7953	95
4914	182
5750	81
6354	403
7781	246
8576	104
6393	119
6722	203
6555	49
8692	102
4426	184
5980	353
6870	323
7659	139
8441	388
8405	89
7451	91
7148	329
7400	238
6367	89
7930	233
7553	148
8243	62
5236	351
7605	39
6526	56
5279	224
8252	161
7777	188
7725	120
7584	156
7441	258
7488	286
7248	212
5932	147
6714	268
7455	50
7897	30
7721	143
7130	58
6957	118
6716	209
7949	89
6788	111
6957	370
5552	320
6906	239
6885	326
8576	171
4887	98
7102	462
8671	276
5464	64
7276	155
7187	105
6644	83
7071	62
4975	93
8581	175
7930	178
7482	114
8189	229
6278	192
7309	458
8805	68
5506	316
6529	99
7783	178
6477	448
7576	100
6368	284
8299	280
6186	331
8005	233
7059	253
7895	230
7971	205
7355	70
5460	293
7793	50
8241	189
7415	260
5333	52
7088	84
6768	138
7021	205
6461	360
7982	325
7506	320
7023	124
7280	240
5804	49
5323	78
5663	191
4866	386
6413	138
8051	314
7764	54
5022	274
7713	350
6404	88
7812	129
5498	305
8017	91
5562	69
6135	176
8716	157
8763	82
8512	4492
6838	56
7589	311
6346	72
6731	122
5947	244
5923	337
6978	180
5167	26
7239	84
8440	299
7183	235
7466	185
6769	205
5395	192
6944	74
5524	258
7450	198
7089	95
8503	180
6960	69
7440	123
6653	200
8037	153
7683	316
8365	228
8712	178
7992	163
7326	214
7145	265
2770	195
3447	186
5005	76
8205	145
9055	351
8583	433
8441	70
6752	328
7019	332
5986	137
7099	141
7516	100
7993	229
6853	217
5917	112
6559	110
7466	109
6454	233
7053	265
8985	138
8022	241
6792	76
7550	69
5388	405
8691	962
5035	179
7240	45
5298	96
5903	179
7457	70
6340	98
5056	180
7196	126
7290	184
8108	165
7590	29
6555	93
4833	35
5073	171
6124	281
6463	45
8163	126
7856	458
7855	58
7970	58
6664	355
7356	232
6128	201
8145	289
5684	205
6015	103
7483	37
7183	424
7568	178
6458	138
6587	248
8630	450
7534	138
8415	270
6845	231
7241	59
7017	128
7272	64
8035	119
6141	37
8151	577
6106	311
5038	74
7025	149
7747	197
7899	266
7914	59
5234	241
8091	239
8108	255
8192	27
7941	299
8065	239
7554	358
6798	140
6947	194
5182	171
6218	179
6962	182
8985	146
6740	64
8177	149
5873	95
7580	204
6659	51
6717	154
6097	244
7628	135
7914	46
8029	165
7695	131
6969	104
6818	389
7473	49
7171	336
8122	338
6629	143
7136	35
7094	252
6436	62
6773	109
7333	68
8114	88
5914	359
4109	75
8221	363
7569	289
8029	250
5085	104
7171	42
8984	269
7740	238
7900	113
7787	132
5263	228
7638	203
7346	132
5086	165
6339	129
7535	359
5823	299
6378	194
5748	85
7938	224
8421	133
6848	176
6010	82
7021	196
8829	308
7501	241
8014	123
6218	53
7645	185
7341	64
5095	198
5999	76
7132	76
6609	179
7634	56
6134	111
7627	46
5859	432
7809	41
7458	226
6872	274
7024	308
7829	286
7264	67
7476	113
8416	280
5801	242
6440	141
7957	240
6906	136
8428	250
7700	71
7876	41
8613	128
8220	138
7481	229
7167	95
7718	285
8025	59
6147	305
7759	113
7909	163
8268	334
7302	246
7978	253
8363	188
8787	272
7561	80
7260	197
7042	152
7587	254
7810	254
7661	247
4696	44
7932	247
7001	383
6406	165
7716	392
5934	343
7690	123
6968	247
6966	179
6128	150
6217	320
7185	49
7974	38
8349	47
6127	80
7472	103
7135	39
5822	146
6859	144
3303	114
6489	392
6538	322
6883	204
9027	325
6586	153
6949	366
7486	152
6421	298
7747	94
5888	49
4902	475
6926	221
7036	183
6557	297
4259	109
7761	162
6232	142
8582	377
7243	319
7389	184
6852	452
7252	67
7453	287
6111	56
6618	39
6796	117
8292	66
8011	244
7344	249
7138	96
5973	295
7107	221
8129	335
7360	155
8014	49
5094	127
7634	81
5888	173
7536	61
7034	222
7421	116
7551	112
7279	295
8381	234
7513	92
7339	145
6412	335
7038	243
7447	422
7883	204
7418	85
7118	65
8261	391
7363	198
7696	63
8058	264
6087	248
7284	258
6161	81
5211	165
8336	107
7771	232
4751	49
7965	274
8223	423
7849	104
8023	225
8073	77
7806	201
6467	446
6213	282
7294	313
6186	77
6527	108
8822	149
4831	54
6433	333
7375	114
8230	57
7126	69
7310	214
5075	71
7255	268
8605	145
6477	112
7107	165
7784	178
7198	116
7879	189
7989	123
6174	413
8173	322
6946	77
7755	97
5986	405
5512	140
7324	61
6946	133
7863	170
5371	272
7408	54
6425	392
2532	87
7595	184
6280	24
6118	63
7695	162
7595	254
7011	189
7439	68
5881	19
6726	161
7308	202
6958	324
8193	419
8403	348
8261	73
6639	295
7880	216
8087	374
6557	112
8298	300
8186	158
8432	363
7717	291
5354	35
8248	469
6018	23
8312	161
7052	85
7764	62
6846	180
7609	91
4232	281
7006	161
6626	366
7465	105
5332	244
7225	218
8399	123
8016	406
5777	243
7803	97
7923	281
6768	291
5564	326
7672	198
7684	113
7900	200
6844	68
5509	282
6706	40
8746	190
7578	69
6415	250
7759	64
5065	198
7147	234
6694	310
7029	283
7266	409
6954	244
7716	136
7104	111
8978	101
8428	195
7312	47
6104	107
6893	215
7738	438
8398	62
7628	155
5937	164
8269	211
7388	161
6232	200
8873	286
8534	220
6539	64
6761	388
7973	264
5377	153
5098	231
7216	173
5502	119
7924	468
7600	178
8089	197
8692	74
8817	138
6710	250
6955	295
8479	86
7749	135
8185	169
7407	83
4695	70
6444	93
7651	169
5693	31
8388	209
8303	179
7571	124
7170	232
5386	104
7376	374
8538	219
7149	403
7355	77
7989	194
7247	203
7638	284
8168	148
8867	141
6207	173
8501	267
8538	299
6619	259
6967	167
7392	123
8009	491
8178	171
7074	229
6325	178
6935	85
6756	126
5559	146
7146	94
8367	50
5660	274
7917	376
7081	129
7038	380
7428	276
8000	97
7463	196
6598	309
5752	196
5381	151
7440	213
7123	314
4904	280
7049	49
7383	91
7432	147
8623	39
8238	334
7766	459
7453	307
6532	140
8178	234
8075	351
4991	133
6552	48
5123	246
7364	282
6531	444
4824	253
8360	189
9277	395
6457	457
5983	141
6255	145
6884	178
6301	598
7248	296
7233	192
7006	102
5210	50
9098	105
8097	65
7928	239
6880	257
7620	63
7587	292
7673	94
7029	55
8021	156
8810	204
5448	168
6557	108
7176	64
7229	86
7872	220
7176	121
5319	108
8069	52
7864	96
7933	200
4925	179
7958	131
7949	458
6438	180
4898	72
6133	382
6060	253
8118	68
7892	338
6864	376
4785	243
7876	182
6202	161
7281	209
8155	123
5932	105
7243	218
6826	231
7157	118
6496	94
5382	99
7805	438
8151	217
6421	54
7481	120
7236	13
7947	111
7085	131
5211	39
6531	221
5690	178
5536	287
8642	99
6510	451
7377	196
7031	108
6697	55
5813	176
5991	203
4733	208
7824	69
6897	125
6008	277
7128	44
7697	92
6436	49
6097	120
7527	198
7899	255
5018	88
7471	193
7017	52
6065	100
5877	120
7919	178
4756	189
7255	138
7128	247
7282	151
8741	505
8292	174
4373	139
7082	83
7042	98
8413	83
5661	138
5791	131
5730	134
8148	148
6333	353
7590	375
6626	143
8048	207
6970	71
6522	127
5784	133
6817	469
7320	115
8272	140
6740	154
7164	138
7500	51
3394	208
6875	444
8108	222
3857	201
4500	58
7349	105
7916	63
7999	70
7154	434
7306	68
7780	142
8417	529
6159	33
8132	189
6764	147
6511	80
8870	175
8705	62
7682	215
7100	192
5948	163
7532	104
6052	78
7148	81
6145	37
7105	215
6272	153
7559	203
7352	190
4535	375
6161	90
7694	297
6686	119
7346	378
7588	360
6373	295
5718	144
6234	284
7849	19
7446	338
7540	121
5504	218
7380	300
7424	349
6017	255
5595	145
8301	44
6875	162
6913	314
6433	114
7826	200
7836	119
7873	337
7098	50
6166	160
7375	144
6318	104
4879	147
7533	173
6549	147
7623	114
5135	220
7105	163
7631	155
8202	257
7934	202
6797	47
6686	78
6577	161
6876	449
6619	106
5302	44
6179	86
7936	309
5542	106
8306	69
6315	116
5713	90
7598	228
8027	241
6273	128
6573	313
6386	347
7478	420
7263	98
8787	166
7888	206
8736	254
8297	57
6219	111
7302	103
7819	249
8364	256
6924	242
6570	84
7533	58
7472	52
7934	60
7199	39
6259	262
7608	150
6092	131
6918	310
7528	244
6289	133
8197	60
7127	280
6865	269
8106	77
7398	391
7105	123
8156	199
7422	297
7578	203
7711	290
4533	319
6077	87
6781	188
7483	111
6966	251
6825	204
6918	43
5540	56
6739	486
7206	255
6884	51
5881	80
6568	79
7008	173
7566	62
6780	365
7274	76
7257	134
7784	235
6792	235
7764	273
6941	179
6008	144
7736	110
7475	99
6728	184
6814	120
7474	77
7456	84
6497	471
7635	344
7481	100
6082	293
7553	50
5800	117
7591	114
7322	38
8628	220
6399	119
4938	157
6719	289
8115	261
6386	25
6548	104
6984	310
7573	366
7275	368
8055	172
5918	172
7032	231
7250	229
7735	113
6399	32
8185	445
6206	53
6997	241
7782	200
8223	158
5818	37
7240	174
7290	101
7607	456
7651	191
7341	302
6143	340
6277	122
7537	209
7030	261
7845	244
6406	444
8116	228
7664	159
6971	133
5288	312
6094	119
5629	180
5502	226
6994	295
7763	193
5160	266
6883	59
7860	37
6692	124
7637	37
7994	90
7359	102
7419	129
7260	168
5625	345
7436	90
7748	289
6858	63
7474	301
6697	218
5072	94
8331	71
2937	164
7205	281
7578	140
5362	45
7407	211
7103	217
6389	208
6651	97
6939	67
8898	78
6323	405
7357	248
8146	108
6620	68
7171	193
8105	268
6974	107
6315	209
8099	96
5758	258
7725	427
4645	214
7378	327
7233	89
6691	118
4271	467
7077	121
6774	100
8417	187
6653	144
6914	77
7153	71
8267	384
7382	312
6093	138
5197	168
5941	180
8838	104
7732	141
6049	295
9072	102
8050	427
3792	113
6233	73
5692	108
7281	251
5476	202
7666	99
7754	204
6681	161
7729	118
8316	229
7995	300
7699	226
3982	125
8129	260
7277	31
7935	306
7308	67
7357	410
5899	123
6633	310
6851	140
8540	268
7671	335
7597	212
7975	194
6203	464
6919	109
7071	155
6820	62
7566	111
7998	153
7243	63
5364	140
6953	116
6309	109
6999	107
7640	150
5086	194
7534	91
7622	113
5158	279
7168	165
6624	261
5064	237
8220	200
5195	245
8015	220
6748	119
8219	30
6253	97
6780	317
6966	216
7089	102
8186	270
8079	455
7641	367
7833	53
7294	179
7750	427
6141	184
5936	12
8549	127
3943	180
6408	72
6620	310
7362	245
4908	313
7320	311
7901	252
4978	45
7119	244
7447	210
7624	197
8146	225
6636	187
5928	248
5713	109
7785	331
7045	449
7308	116
7406	267
7486	48
7869	207
7296	159
6070	91
8362	343
8461	329
7825	180
8098	30
6758	366
7275	98
7102	299
6945	82
7761	238
8393	368
6989	272
7738	219
6651	112
6604	209
7662	138
5516	51
8110	269
8219	99
7667	146
6019	97
4647	77
6152	161
6360	142
8109	148
5742	235
7256	121
6030	59
6757	76
7176	68
6860	196
7819	45
8118	266
3703	340
8447	84
6197	206
6890	159
7274	162
6493	481
7756	255
7708	110
8065	73
5366	58
5105	64
6843	461
7502	98
7845	189
7459	190
8839	538
6141	436
5255	182
7849	281
7303	235
6800	124
8189	106
6568	182
6845	297
6350	224
7578	158
5124	39
6723	137
7876	304
6681	105
6074	124
7939	288
7686	146
8642	217
6588	403
6236	49
6927	114
5607	90
3774	257
6078	179
7055	295
7820	379
7819	248
8065	361
4594	140
7169	163
7616	467
7408	215
7373	470
8312	386
7157	318
8161	183
8189	109
6879	237
6663	90
7479	148
6040	100
5184	311
7994	85
7540	396
9086	1062
5947	274
6847	72
6973	491
8419	133
6742	121
6748	199
7447	41
6903	80
7331	84
5974	98
7831	302
6271	91
7853	102
5685	147
6082	159
6761	410
6231	165
5483	170
8099	284
7592	152
5071	30
7522	64
7214	207
7916	94
6090	277
7952	335
6488	177
6591	122
6015	105
7681	216
4596	195
7215	170
7401	128
6941	267
7905	32
6258	121
7993	280
7439	196
7963	74
6710	155
4652	104
5879	145
7394	99
8095	83
6352	394
6988	127
7913	32
5932	347
7309	351
6879	140
6996	341
8265	74
7858	160
5234	184
6487	89
7904	109
7005	125
8619	249
7691	276
7823	366
7460	419
8131	135
6019	92
6164	194
7744	209
7500	276
7852	341
5834	212
6994	182
6744	244
7920	182
9031	4045
6640	107
6190	137
7494	60
6947	37
6478	256
6185	333
7060	262
7084	192
6796	223
8275	59
8427	66
7266	100
7883	255
7755	126
8243	298
6461	242
8270	286
7281	211
5528	160
7197	215
8620	271
6440	34
7221	63
7353	303
7055	203
7079	43
6461	43
7814	69
7076	238
7215	305
6890	245
6547	140
5608	237
7460	128
7197	77
4770	94
7533	495
7276	100
7425	179
7128	154
7424	216
7992	157
5965	124
7802	144
7367	251
8591	168
7090	95
8446	123
5757	204
7471	176
5966	144
5466	131
7469	70
8192	99
5070	131
7920	284
6528	149
5326	111
7525	172
6210	85
7663	260
8363	80
7682	78
5587	110
5427	248
6084	372
7188	111
7646	299
5881	119
7255	120
7856	209
8705	103
6412	23
8122	94
6725	49
7081	281
5498	287
7883	119
7315	151
7895	42
7655	69
7137	165
6987	75
7542	139
6338	278
8087	347
8628	52
4315	195
7580	233
6178	519
7690	91
7285	392
8131	352
7834	26
7214	133
6652	38
6108	98
7927	113
7479	182
5911	159
6733	104
7604	378
8173	308
5905	57
7695	185
7347	56
7844	239
7450	83
4024	293
6159	81
4808	244
6799	209
7922	186
7625	228
6597	74
8252	110
6452	31
6817	447
8374	74
6900	49
6547	101
5847	46
5028	330
7303	514
7776	252
6768	382
7252	247
8074	383
7324	250
7064	63
6406	84
7809	390
7749	249
6757	90
6445	257
8319	34
7913	375
7623	101
6724	54
7036	73
8109	374
6388	295
4339	68
6585	149
7221	216
6785	139
7354	76
7731	42
7618	48
5934	38
7575	98
8163	96
8762	270
5905	150
8112	408
6361	162
5412	219
7841	327
6469	480
6136	116
8039	182
6974	201
8223	395
8133	254
7043	440
7784	199
7450	114
6583	93
5659	367
6852	34
7067	214
7143	155
5668	96
8980	196
7321	53
6627	88
4402	61
7226	80
7912	230
6750	144
6336	229
6936	111
7723	70
4360	98
7444	386
7114	247
6784	238
6010	178
6851	113
6364	54
7599	167
5764	158
6701	154
4446	142
5131	129
7288	299
7700	307
6635	299
7750	220
7394	39
5372	213
5964	156
5970	97
7207	154
7230	71
8019	223
8782	145
7008	72
7712	295
7550	275
5123	169
7410	216
8153	196
6713	427
7426	613
7291	267
7161	102
7147	67
7001	177
5767	359
7650	99
6241	93
6947	98
6557	106
6952	211
6692	77
7280	195
5915	193
6695	116
7155	255
6050	246
9055	99
6442	133
7383	194
6528	224
6521	101
6527	112
8939	267
5605	137
8933	254
7861	80
6149	106
5679	148
7671	92
7273	399
5217	220
7839	272
8418	173
7658	296
7853	256
6566	56
6745	97
7094	177
8316	218
8346	81
7371	152
8116	306
7968	203
6817	196
6683	99
6740	24
5611	51
7934	88
7793	199
7667	260
7719	286
7112	280
6251	194
5300	354
7951	105
7374	301
7636	108
7997	140
7217	100
7790	499
7576	417
7630	93
6205	396
7184	207
6856	282
7822	132
7758	80
6158	334
6237	88
6958	183
6031	361
7480	257
7840	61
6733	41
6614	191
6904	81
5964	286
6650	55
7227	315
7285	334
4550	126
6965	136
7587	75
5823	84
8205	473
6374	80
9096	165
