1771	108
3617	144
3508	143
4505	153
2027	172
2876	102
4914	130
5740	117
1900	133
1900	139
5786	90
3254	166
2073	93
3446	101
5225	78
1851	101
5331	124
3097	113
4713	98
1902	166
2000	69
4994	95
3598	138
4683	114
2735	139
5120	159
3618	71
6246	154
3459	24
4956	168
2083	124
4809	67
3592	98
5873	140
2350	169
4648	110
3634	151
4701	181
1890	89
7776	99
2317	91
3512	120
2010	84
5917	23
5324	158
3914	138
4720	98
6297	60
2975	123
5082	175
4065	104
4222	133
4917	118
4948	162
5997	123
4888	148
4656	130
2028	88
2803	122
5243	123
4274	59
4871	112
5111	108
6022	117
4425	142
5452	115
2837	138
5270	61
3692	165
5264	175
2632	144
4378	119
6291	172
4707	132
4463	153
3187	82
2081	101
5173	135
1882	140
2668	63
2410	160
4936	81
2702	177
6131	12
4693	113
3652	102
4639	135
5410	122
2553	116
3178	115
5463	178
5209	128
4439	109
4539	136
6204	42
2848	138
7818	53
1983	143
3534	100
3682	78
2127	72
5230	108
8031	163
5033	156
5683	110
4574	127
2083	146
3825	77
3141	134
6280	106
6637	33
5475	117
3879	154
3571	110
1900	104
4429	144
3384	106
3714	51
3916	144
5103	103
4024	177
5499	70
1882	181
5410	120
6869	31
4868	158
4567	144
5794	49
4333	145
7391	71
2525	81
1878	118
2566	163
3702	80
4052	124
4509	73
1977	156
3048	132
1946	106
1257	98
3233	99
1979	154
6188	106
5310	144
4146	156
4198	49
3650	161
7587	104
4865	167
6997	103
4781	160
5137	109
2001	143
4048	72
4656	116
4921	108
5380	123
3327	35
6372	95
4448	64
4234	162
5350	45
4843	39
2519	93
4281	118
4569	159
5792	90
1919	84
5308	157
1892	96
1950	132
4960	61
2024	56
4657	132
7257	37
1915	162
4894	77
4923	117
2261	64
1900	146
4542	103
5282	70
2292	190
3534	120
6627	82
2966	92
2821	83
1900	125
4331	93
4923	82
5293	84
6553	21
4746	57
2227	154
4363	129
5323	79
6371	87
3154	161
5321	60
4396	101
3457	57
6963	50
2501	144
6147	55
2233	106
3616	133
2887	117
4656	142
5487	78
6252	65
4229	80
2353	98
7276	140
4527	94
5162	100
3969	52
5299	130
6434	69
2831	92
2848	112
2470	115
5549	84
1899	74
3637	51
4776	31
2371	127
2676	116
2457	153
1455	139
4453	138
2074	146
2990	67
4466	168
7568	134
5345	59
7408	44
3704	47
1895	188
5554	146
4216	157
3440	66
3902	86
6314	33
7677	62
3975	96
4481	149
2835	135
5333	128
4891	35
5663	114
2158	109
2304	114
4571	101
3010	53
2187	150
4530	148
2019	153
4255	142
4673	157
4890	124
7849	79
6381	134
5069	139
2602	31
6091	49
4173	156
3441	141
3150	147
2891	74
7070	50
5003	87
1900	105
5956	152
6298	23
4125	131
2222	103
4021	75
2501	38
4482	134
3896	100
3796	115
5233	117
4876	144
8107	49
4478	124
4254	182
3642	113
4008	51
1900	94
2207	123
5154	94
4033	65
2925	148
3414	171
5217	178
4456	105
7481	33
5809	150
3603	37
2199	46
5549	152
5457	170
2501	45
1330	109
2005	81
4264	99
4212	117
5126	92
4029	158
5497	81
3356	144
2055	90
4188	147
1646	121
2285	107
2965	163
5575	102
1877	130
5606	118
5420	104
2539	82
7711	58
5743	142
2923	124
4831	127
4633	48
5952	74
5046	168
3386	124
2652	69
2038	169
2931	153
3689	150
4197	58
5234	114
4975	97
4125	69
4034	153
6118	124
3233	77
2338	95
6533	149
5955	116
5386	122
4122	69
1387	149
4793	115
5147	140
4316	63
4702	132
4757	141
4210	148
4168	160
3907	86
3645	126
4755	121
5197	112
6222	103
9999	57
4957	111
5001	112
6071	67
4029	118
8411	47
4106	134
5135	82
4344	148
6550	128
2173	137
2042	147
3658	45
5326	75
3968	116
5371	122
3167	59
5259	99
1353	174
6980	33
3706	179
4999	124
2060	125
2980	84
4940	145
5513	151
3365	103
4445	92
5613	105
1893	85
5717	83
4197	105
4261	129
1912	144
3444	121
4786	105
5187	127
4157	111
5807	99
5243	156
2333	168
4404	90
2983	152
3881	114
6655	85
4682	52
5644	63
6125	143
2640	86
1417	145
2573	101
2800	92
4434	108
4663	98
2648	155
6540	63
5193	43
4650	125
4413	132
2281	135
5905	97
4547	116
4334	80
4129	150
4385	164
6774	111
2117	93
5039	118
3274	156
4507	117
4076	152
3201	97
7643	40
1929	65
2797	123
4269	152
3046	112
8070	154
3730	116
3557	147
2284	97
2594	110
4488	116
4172	15
4249	78
1900	76
4347	95
2305	105
1896	116
4977	73
2243	36
3854	130
6428	32
2017	138
4905	88
5238	138
3158	158
5936	38
2340	97
1761	182
4443	30
2937	22
1929	160
2134	118
5524	123
3146	158
5992	116
1996	163
4356	130
2112	133
5059	147
2294	161
3914	122
3594	139
3722	149
3915	118
3203	140
4958	125
4953	127
6087	91
3721	79
8192	164
1977	119
4301	85
3276	100
5079	91
4522	105
5266	92
1900	133
2289	140
2120	61
6282	114
3317	146
1913	145
1906	121
5111	69
4125	133
3088	112
5067	165
3629	46
5684	111
5114	104
2952	142
4227	156
3754	125
4558	118
4091	151
4070	112
2040	86
4569	130
3470	160
3890	64
5234	151
2841	133
4837	127
2099	148
4044	150
4151	126
2141	114
2874	100
4783	66
5044	131
3780	146
3100	149
1851	128
2940	168
4901	65
4433	154
4496	83
4313	152
5253	136
6021	56
4900	67
3774	45
5642	76
4701	82
5936	81
4739	64
4665	150
3286	152
4896	93
5064	78
3717	140
2367	83
4092	139
3501	127
5532	79
2228	103
1943	103
5733	136
1953	47
1793	162
4797	124
2315	174
1224	145
4337	83
4606	59
4529	59
5235	92
4732	110
2066	124
2973	145
4114	124
5826	173
3871	121
2137	98
6365	82
3503	104
6956	43
4709	110
3079	129
5756	74
2429	138
5224	137
5527	89
3245	120
972	152
7460	119
4544	67
5784	125
1937	141
2525	19
3130	61
4130	116
4932	41
6384	159
3032	116
1900	128
4175	141
3104	120
3457	128
3115	96
4564	188
5603	105
4532	125
3355	97
5356	74
1930	111
5008	16
4629	99
5430	60
4547	62
4552	94
4665	108
3198	36
4823	113
4810	68
5433	132
3723	141
3907	98
4346	119
3537	114
7173	31
1957	138
1928	135
4881	111
7162	135
4015	161
3685	139
2322	159
8144	112
4137	62
3207	137
6702	84
2954	143
2510	123
3413	133
4133	80
5688	20
1904	87
4910	84
1901	130
4744	94
3176	119
1849	74
7649	102
4591	131
3949	123
5240	126
3224	169
5335	71
4866	114
4006	149
6584	111
6115	79
4565	104
4057	111
2901	162
7295	62
4114	150
1927	129
3199	132
7072	14
3945	153
1733	88
6844	115
1901	101
5809	27
5284	173
4805	77
1958	104
1914	101
1841	136
5324	90
5010	105
2580	61
1900	128
2845	162
1959	51
5861	125
5376	155
5598	41
4984	97
7269	48
4053	92
1963	162
2778	56
5006	153
4218	156
4652	77
1838	126
4913	124
5057	90
5551	138
5236	130
2300	142
4342	122
3837	65
4903	164
1904	119
3994	38
4647	64
5520	22
4080	113
4534	134
5222	87
4680	103
1910	115
3633	87
4386	121
6323	91
7941	48
4787	94
4984	137
4092	137
5169	134
4020	125
5056	34
3427	145
4216	165
1926	97
4732	132
5117	112
2569	74
4463	96
4730	95
3076	90
4301	176
4226	125
1900	98
6323	165
7067	16
4555	144
6069	49
4883	54
2274	85
5420	64
4186	128
3758	162
4176	126
4271	173
5579	123
6539	112
3168	150
5196	178
4369	74
3605	81
4607	74
3606	97
2195	115
5598	65
4709	119
3993	80
5729	58
3482	143
5943	120
5262	70
4324	125
3577	56
2749	150
5852	62
5403	60
5601	38
4459	108
3826	123
5973	154
3426	128
5210	149
1900	182
4963	65
4061	23
4999	95
5819	169
5464	106
2987	93
7349	68
4710	80
2006	145
4706	124
1904	64
5191	120
5240	85
3921	157
4943	40
4895	136
5049	89
2117	145
4552	143
4922	83
2821	110
5430	134
1946	43
7248	119
1526	132
3405	57
2072	126
3327	50
2302	133
4113	60
5857	60
8874	154
2504	124
4023	78
1696	150
6082	78
1908	121
5429	129
1927	77
3755	69
2407	116
2487	133
1865	103
4299	163
1920	104
3511	100
4284	130
2286	135
4149	128
4333	23
6164	66
3767	90
2219	126
7307	50
3082	97
7034	49
2250	85
2023	79
5170	75
5832	33
3262	162
5177	91
5060	101
4761	141
2120	105
6991	39
3988	186
5062	156
3235	83
4153	89
2034	92
3198	70
3596	153
2241	32
4685	137
3432	96
4880	92
3307	39
4565	148
3476	78
3105	149
3200	122
5765	50
5176	73
5154	110
4439	161
4220	124
2159	69
2595	128
1989	165
4972	78
5011	118
3905	62
5494	129
4869	120
4669	92
4505	111
4727	33
4576	152
4590	127
5822	96
3834	147
6884	99
5467	82
3810	129
2892	136
4487	38
3956	137
3898	148
5261	113
2898	148
1893	89
5202	88
5200	159
6032	124
3491	150
4518	160
2229	91
4426	120
1914	58
7657	67
6587	108
1895	106
2084	54
5201	178
4323	153
4736	43
5318	138
5116	113
5097	132
6407	108
1607	135
1899	117
2223	154
3762	21
2128	67
3014	129
4571	119
6111	96
5046	133
3728	155
5609	121
4170	127
3745	85
4254	160
4113	44
5115	185
4646	46
4746	153
1879	75
2405	102
7557	64
4335	138
3331	90
4787	114
2157	65
4444	70
6196	92
3110	112
6125	134
3792	99
5631	110
1761	146
1184	172
2743	75
4516	138
3356	166
4689	125
4535	115
1904	127
3050	145
4248	107
6807	51
4918	102
4409	93
8257	78
5737	135
4816	80
2820	96
1900	89
2865	113
1812	146
5011	114
4815	147
4043	95
3188	73
6146	97
3986	132
3738	142
4781	128
1905	49
7280	131
5149	81
2519	114
6681	101
4236	136
5079	72
3354	172
2323	174
4760	78
3220	120
5629	130
5580	108
2552	140
4581	60
1900	109
3300	101
3946	65
9539	24
5181	84
2471	136
1899	154
2852	153
6134	55
3008	105
3837	128
3819	64
4202	180
1889	136
1900	149
6222	82
1904	110
4330	127
3981	102
4641	113
4415	115
2009	54
3967	152
5127	37
6530	99
3666	174
3983	108
2811	115
1953	124
1961	117
6070	119
2185	102
3689	169
3284	9
1903	71
4332	164
7700	105
7933	115
4866	120
4250	89
5360	161
4677	153
4325	103
6293	33
1904	117
4903	97
3879	106
2365	136
4261	95
4870	137
5265	137
6220	54
3478	74
5764	144
4771	62
3623	84
4099	108
2538	96
5843	39
2419	129
3831	189
2668	181
4607	60
6663	37
5652	28
3836	182
4737	155
4381	46
5374	172
2139	130
2473	112
4070	81
2641	156
2821	160
3862	80
2276	114
4910	99
1900	133
4066	32
3553	86
5152	120
5845	134
4195	114
4925	125
2921	128
2214	127
6875	105
2190	84
2739	150
4611	86
1930	84
3946	126
3908	111
5309	122
4372	110
4135	109
4930	100
5174	38
3481	162
6234	104
1948	104
5443	56
5389	121
4605	93
3634	122
1766	77
3192	148
4112	169
6197	118
1913	125
4820	124
4758	135
2522	69
6610	71
3513	98
4146	105
1903	41
4679	96
5566	113
2024	58
3577	84
6297	97
1947	127
5797	93
1869	127
5798	171
1961	133
5205	137
1898	148
5138	178
2455	65
6073	54
4207	36
5372	72
1845	102
6300	51
5256	157
3477	176
6043	83
4469	76
5571	68
2778	68
3453	121
7075	46
2050	156
6624	65
5158	60
4744	137
6100	101
4862	92
3439	111
2873	113
4426	51
2413	111
4995	149
3367	133
5939	117
3216	105
4224	46
5155	65
4059	63
5107	134
4545	95
3680	120
2981	101
4992	104
3858	124
4078	43
4517	130
2225	134
4081	162
5313	107
4867	144
5904	42
3855	137
4599	139
4546	162
2048	123
4710	123
2616	135
4434	92
4114	58
5373	124
4696	136
3939	96
3144	86
2796	126
5201	69
5560	125
5099	135
3546	143
5162	69
2425	99
1900	91
2111	49
1721	132
3728	119
5482	82
5141	103
7380	142
4877	90
2664	58
4770	130
2741	125
4419	107
4271	125
6785	139
2296	148
4578	94
3813	88
2339	125
4087	33
5512	56
5828	53
1900	11
6032	171
3410	134
1901	112
1919	95
2432	148
5801	37
5880	150
6675	95
4287	86
3470	145
4043	146
3327	101
5044	141
5219	127
5097	138
1734	135
3196	46
4292	71
2493	63
5209	112
4242	84
6023	65
4151	151
6064	59
5412	121
3758	137
4989	127
2118	91
5772	67
1951	82
4321	126
6311	65
2615	50
4836	157
1901	93
6917	105
4156	146
2596	94
4438	112
6353	136
4704	74
5218	57
5162	142
1920	42
3012	134
4471	110
5587	139
2922	91
3478	108
5600	80
2356	173
6508	88
2430	130
6002	146
5386	101
4933	112
5423	91
5004	100
3610	80
3511	84
5970	42
4415	127
4728	67
4166	57
4221	92
2714	130
6515	139
5936	25
5284	134
2371	79
5390	80
7031	137
5972	97
3847	158
5531	97
4656	81
4633	125
2091	63
4078	122
5088	91
2697	84
3903	135
6333	33
3413	123
1884	125
3195	175
2115	156
3424	87
3344	132
3811	92
3095	104
952	129
4014	122
3085	166
5736	115
5525	81
6041	91
6360	19
1997	113
1898	97
4823	98
5254	81
1915	111
4139	118
5638	81
1918	138
5046	110
5609	100
5296	139
5140	133
7263	95
4873	136
3047	103
4895	85
4538	166
4786	67
4638	98
4851	166
5444	39
3873	85
5228	77
4289	83
6053	182
2238	117
5323	121
2235	160
4961	111
3387	141
1922	135
3480	94
5091	148
4818	126
1875	81
3672	110
5917	146
4840	132
1512	141
3294	10
3650	145
5271	44
4228	133
5493	110
4742	117
4313	90
1903	142
4548	110
2441	56
5571	28
3906	147
3340	153
5801	87
2473	142
4284	99
7119	63
2991	129
6278	72
4086	93
3142	153
6242	55
5284	154
4093	77
4743	109
3726	167
2547	105
4809	64
1900	115
4750	134
5262	115
4720	171
4288	121
3352	125
3669	64
4656	102
2838	144
1979	79
3295	122
4326	98
4539	119
4528	99
2578	30
3083	155
3218	134
4176	54
3116	128
1890	141
3669	110
4766	109
2275	100
5674	51
2086	95
5174	125
6151	108
4200	52
5030	89
4313	126
1116	184
4459	141
3753	87
6826	129
6396	70
5902	29
2361	128
4200	118
3913	98
5643	81
4515	127
1901	150
4929	128
5184	86
5737	57
4959	43
5729	74
2129	162
1899	129
3366	93
4272	176
5454	139
4838	108
2454	72
4513	145
6339	82
5633	59
1944	137
2054	75
5969	71
1901	151
3626	160
1961	91
3757	111
3647	139
5637	30
4276	168
6385	130
5431	17
4775	164
2115	87
4316	135
5642	54
5430	83
5525	76
5799	43
1864	74
3686	60
2421	110
6448	107
5633	56
5026	147
5143	94
3074	140
2432	121
3962	51
5297	146
5781	60
5164	107
1753	124
4748	89
4681	146
3033	113
3865	114
4716	116
4185	130
5135	118
6932	43
2000	114
5196	38
5609	121
1895	95
5231	33
3161	116
4417	79
5759	92
5321	99
4599	101
6589	162
8330	83
1900	40
5170	118
1898	66
5594	144
5453	76
5372	146
4213	53
3196	136
2836	53
5011	137
2388	97
1926	63
4846	98
5288	109
4465	178
4719	152
2601	171
4858	84
4699	112
1910	50
4336	100
1900	118
5434	120
4690	146
4012	151
5461	106
4319	116
2080	149
4959	108
2784	83
6224	58
2159	111
6213	76
4889	141
3655	123
6643	109
3615	141
4511	51
4782	121
4944	64
4230	125
4839	139
2999	137
4677	152
4710	82
2548	43
2419	104
2390	83
2854	92
6197	128
6020	146
3604	78
3084	165
5434	133
4798	113
3734	173
3981	62
3870	102
2888	162
5272	121
4784	140
5009	79
3187	175
2458	142
3443	126
5186	61
2133	74
4939	145
1241	145
4374	127
2505	101
1913	145
2326	76
1701	141
4435	107
7991	88
4160	116
3245	69
6064	41
4507	100
4355	103
2704	121
3084	146
1283	169
4801	122
4382	55
5070	94
3502	99
6283	131
7870	128
5265	83
4899	69
1861	170
2548	85
1900	41
7355	167
3208	128
3737	125
2607	113
6664	78
4371	153
3553	105
2081	128
1901	123
1900	63
4350	160
6280	47
3668	85
3279	158
4094	66
5834	70
4996	125
1904	24
3997	64
5141	79
6640	84
1735	153
5388	106
1913	122
4912	170
3415	83
6163	133
5403	52
3309	79
3765	155
2430	83
6170	115
4452	135
5428	40
5531	100
6814	134
5559	165
4308	95
3970	92
3551	77
1904	155
3978	123
4434	135
5994	156
2447	133
4519	64
4175	75
3759	90
4558	125
5452	121
3849	98
4189	120
3498	51
2625	77
4605	139
5857	162
4925	105
5583	99
2047	139
3442	101
2933	80
1970	128
4416	121
4975	112
3159	151
4456	83
3448	89
5164	148
5120	32
2046	110
5616	35
2847	147
5978	116
5446	132
4243	91
3915	163
7516	141
5062	170
4805	44
5030	104
3169	80
4529	147
4325	23
3805	66
2254	94
4628	129
3397	103
4977	136
4054	110
2728	78
3075	69
4559	127
7001	71
7205	113
5897	120
3690	135
3214	125
5226	66
5744	83
4598	32
6407	92
6784	18
4666	51
1963	111
1898	124
2346	53
2049	123
6283	88
5220	86
3407	141
5732	26
4649	93
1924	141
1319	170
3984	148
2093	95
5800	58
4180	124
6095	69
2717	89
3725	160
6070	15
3769	172
2210	83
5299	102
4869	110
4031	183
1758	113
5504	122
5733	138
4145	85
8394	117
2020	142
4877	102
3776	138
4590	117
1900	111
1648	104
3906	110
3364	83
4475	113
3422	120
3825	128
4147	118
4347	116
6357	71
4538	128
4761	108
2496	169
1930	70
5431	32
3889	52
5239	93
2923	142
5372	145
5844	137
2009	139
3835	154
2194	110
3416	117
2273	115
5802	67
6729	129
3011	92
3847	109
5589	141
5302	144
3355	96
1874	112
3098	81
2877	156
4159	146
5642	126
3201	117
4200	168
1938	125
1820	137
6397	143
3689	147
4434	144
2977	91
4519	133
4241	130
2910	153
1779	120
3859	124
3988	89
2091	126
3462	37
5627	65
5755	141
5242	177
7566	52
2623	114
2693	128
5691	98
2576	141
4162	141
1900	57
4859	120
6464	164
4536	76
1881	138
2202	118
4223	69
2606	104
5042	63
4867	98
4668	116
1913	125
4439	84
2914	120
3332	135
4833	77
4361	135
3390	146
4583	177
4390	59
3122	90
4711	134
5464	90
3961	148
5739	116
4630	118
3381	148
2129	132
3978	152
2636	110
6590	51
6710	118
5850	81
4309	116
4549	154
5026	171
5530	98
3968	126
4720	146
1900	152
4577	85
5070	128
3735	39
2149	161
8831	159
4040	151
5882	84
4411	127
4677	14
4195	160
1865	111
1972	174
4874	138
5266	104
5442	80
3796	118
2711	114
4632	71
4920	107
6236	74
4703	115
3758	106
4875	122
2619	96
7303	29
5327	135
2126	130
2740	132
4703	137
6633	90
3269	82
5601	118
6126	61
6725	51
6970	152
3727	105
6144	78
2386	150
1974	107
3191	125
5405	127
4472	31
1566	137
6783	63
5965	135
4449	93
3909	129
5744	65
1788	142
5891	55
5273	112
4632	120
3448	119
5614	188
4850	91
6312	90
4416	126
4083	157
4232	69
3279	152
5636	59
2824	130
3192	159
6033	108
3997	173
6130	66
6739	175
6626	74
2995	148
5238	40
1901	64
3306	75
5249	118
3631	113
5303	39
2765	141
3644	110
3477	85
5629	132
4934	46
6180	53
2824	96
2635	84
3210	169
4402	166
4807	151
3288	137
1907	70
4118	137
5253	157
3743	125
5966	55
4688	145
6179	71
4225	109
2235	102
4769	117
5467	59
1809	62
4842	101
4343	145
4103	127
1823	153
3664	87
4281	130
5944	65
5780	98
4102	101
7366	85
7383	84
4796	119
7007	83
5402	110
6084	29
4334	92
1900	91
4051	100
7139	35
5249	178
1900	122
2328	126
4085	165
4453	66
3331	105
5590	132
3307	121
5608	57
3860	97
5236	59
3743	107
5324	98
5978	48
5270	82
6634	59
4097	129
2531	137
4471	109
3807	149
6128	80
2190	170
4721	77
4262	87
1918	110
1900	114
4731	140
4567	132
1902	97
3239	126
5285	96
3763	90
3528	138
4142	153
3953	23
5264	151
2787	179
3089	104
5711	123
2649	92
6399	104
1900	137
6889	72
5114	52
5325	80
4712	90
3647	168
2535	111
4215	99
4054	163
3739	32
4722	143
4088	112
3674	148
2944	144
4881	77
4662	74
1876	127
2509	94
4397	144
4185	90
4478	115
4648	136
2235	151
4635	128
4092	140
1906	66
3687	55
2797	99
5789	108
2058	147
4816	139
4542	50
4458	128
3136	119
2161	141
4896	105
2755	65
3293	158
4951	90
1924	140
4263	84
1910	101
3817	154
2915	138
2175	83
3750	95
2081	82
3513	96
4809	92
4555	150
2113	129
2628	68
4637	131
4728	134
8518	67
4839	143
3478	134
5181	17
4166	98
1999	34
6042	1
4235	125
4035	29
3102	17
1911	121
6751	28
4555	94
4831	53
3751	135
5713	108
3425	110
3884	123
5151	140
4440	60
4086	65
3834	109
1588	111
4081	171
4823	114
4618	145
6375	89
1723	162
1999	88
2532	135
5748	124
4970	112
5732	68
6160	59
3646	124
6790	62
4827	112
2236	60
2336	76
4440	118
2268	79
2104	93
6038	156
1906	117
4608	86
3517	157
5644	26
5808	141
8398	161
5385	135
4003	136
4472	70
4001	149
5301	86
5018	148
6433	137
5622	144
5576	43
5821	44
4976	65
4310	168
1919	171
4506	109
2475	91
6210	90
3759	73
7407	151
5688	88
4510	153
5540	140
4762	141
5146	106
4579	99
3512	85
6150	53
4539	158
5306	68
8268	70
1898	97
4751	133
5997	45
2512	143
1896	125
2407	88
5219	90
1930	117
1905	130
5414	84
4537	135
4011	140
1888	113
3505	104
1905	39
2589	113
5825	75
5422	47
3587	60
5844	128
4833	59
2870	66
3539	112
4185	84
3732	118
1984	126
5389	63
5942	63
4072	156
4466	119
3203	79
5786	63
3532	119
1900	156
1915	116
4909	180
2016	143
4753	138
4123	138
1719	86
1900	110
2590	84
5200	73
1900	194
1898	101
4402	64
4351	46
2891	111
1900	76
1861	104
4331	86
4478	117
3791	138
1865	109
4464	123
5059	117
4048	81
4495	87
3051	153
3747	128
3756	165
1923	102
4712	48
4778	24
2364	93
2595	152
3652	113
4437	35
6853	110
2035	129
2861	141
5405	120
1900	172
2102	105
1900	125
4796	135
4380	74
3728	137
5988	128
2905	103
2349	130
1663	140
6419	75
4417	116
4144	96
4854	133
4832	41
5349	39
4677	81
1897	80
3467	134
4394	92
2265	118
5514	159
1915	158
1886	115
5534	75
4045	73
1875	68
5461	71
1853	140
4384	28
1926	154
5538	79
5386	146
4754	99
3470	129
4709	86
5828	75
1900	162
5274	133
3676	94
5212	48
1821	96
3253	58
9674	48
4859	92
5917	92
4979	132
3302	181
5695	114
5096	123
4181	50
5013	71
4778	94
2131	103
2396	98
4991	87
2308	115
5948	66
4851	51
3454	76
1940	46
2015	161
4615	124
2119	164
4708	140
7024	138
4433	150
2547	116
5521	118
6657	168
3419	79
2625	105
5195	113
4431	125
2250	60
5575	33
6701	60
4283	107
4238	133
2486	107
2269	100
4100	181
6162	70
1900	151
6329	43
4140	127
3848	110
5403	142
4615	104
3788	145
2844	134
3423	104
2526	100
1724	132
5537	88
6948	46
2648	134
1926	135
3419	136
3455	139
3551	150
2429	133
5557	55
1909	165
5128	142
4597	61
3546	73
4394	81
4313	158
1958	89
4835	140
4621	169
2247	29
6329	116
7840	135
2845	77
6111	91
5645	130
4274	136
5136	95
7125	67
3305	48
4441	97
3529	173
3709	86
2896	59
5188	154
4044	156
4194	64
5706	96
5893	93
4735	69
3135	74
2910	127
2827	131
1937	137
5595	63
5169	89
2768	113
3171	166
5093	121
4160	92
5759	75
4414	45
2109	112
2092	49
4639	72
5797	106
4742	106
4469	117
2692	152
1904	123
4191	77
3335	130
3547	142
3386	77
5274	102
3826	116
5420	37
5748	118
2344	62
2130	69
3960	86
5757	145
1899	100
5136	124
5318	46
2763	127
3618	27
4216	129
1918	54
3519	136
3622	132
1511	119
4844	52
5682	90
3693	160
2617	119
2950	136
4573	172
4660	55
3168	69
4020	161
2132	159
6113	67
1784	119
4307	126
4964	127
3462	109
5114	123
4597	174
4521	141
3795	161
4916	46
5886	67
2140	114
4680	120
2616	121
6538	95
4024	174
3994	139
3583	48
5276	53
6240	99
7513	133
4752	55
4419	133
4889	148
2429	108
4916	161
4560	133
5437	68
4367	105
5409	171
4167	97
3237	134
5611	119
5150	156
5668	45
2285	141
3742	142
3049	63
4963	73
4664	62
2318	112
3363	96
2244	110
5906	104
6164	35
1906	43
6959	41
3094	139
7302	81
2043	145
3502	64
2641	155
4393	140
5561	105
2563	42
2627	122
4375	55
5546	95
4253	108
3012	91
4749	88
4215	91
6293	105
5008	140
4043	124
4423	100
5126	128
3846	145
4917	152
6617	72
4022	125
3418	125
4892	67
4464	120
2990	133
4710	90
4400	126
3817	102
2793	100
5424	106
5775	113
3898	107
5999	116
2247	169
4963	102
5090	113
2888	77
5457	143
5026	146
4984	52
5256	125
2902	137
6023	86
4720	32
6566	97
1900	131
6162	86
4035	110
3861	139
3324	176
4274	41
3375	157
2055	102
2299	123
5977	128
1473	164
2799	129
3788	167
3929	142
4056	99
5919	39
5240	61
1580	115
3265	105
4198	98
6203	87
2551	65
5177	125
3288	118
5380	127
4649	119
2128	189
5476	39
1900	80
3204	63
4576	104
7269	76
5208	61
2146	115
5142	99
1875	70
1927	90
5659	31
4244	145
4698	104
3369	87
5211	93
2077	120
5368	154
2954	69
1908	68
7428	25
5222	132
4423	77
4889	100
5719	88
1900	83
2895	133
4341	93
5462	154
7069	44
3469	25
4144	139
2000	87
2253	81
1906	166
4320	169
4200	170
4574	137
3449	83
5451	145
2058	154
5989	93
5344	44
6426	118
4052	110
4469	85
4163	111
5298	87
1889	119
4185	22
2522	47
4467	81
4421	148
5843	93
4337	181
4614	160
2888	149
4447	107
8397	92
4189	102
1918	153
4804	113
5166	35
4488	93
5469	151
1556	134
3096	107
3640	108
1933	137
2059	110
5384	95
3144	176
3141	96
1900	114
3338	157
7263	79
5561	106
8641	155
2875	160
6122	98
3085	71
4398	134
2402	99
3961	135
2662	62
4823	116
2885	127
4664	173
2412	158
4308	84
7868	68
2394	63
2382	112
3444	133
5190	68
4683	91
4585	114
3033	126
3729	94
5040	155
5829	79
5052	103
4767	82
4865	107
4955	121
4155	136
4535	143
4050	137
5450	98
3431	117
5792	59
5733	130
5455	58
5464	43
5126	130
5537	109
5124	98
3799	122
1954	132
4567	37
7098	94
7987	33
3735	88
4245	51
3709	143
5200	122
5583	76
1951	101
4772	102
3574	156
5953	132
4742	111
4318	157
5708	121
1393	164
2630	64
2124	160
5923	120
1864	121
5546	74
4192	139
3412	68
4214	112
3818	128
2845	147
2108	118
3402	119
2557	166
2523	63
2793	68
5315	45
1892	104
4752	70
8436	126
3591	149
3400	59
3432	157
4538	137
4056	131
3038	142
8043	126
2716	88
5561	90
1899	148
4026	149
4703	138
4894	157
8398	82
2937	127
1814	97
1943	114
5294	64
4480	163
3921	116
5405	88
4449	83
881	174
2215	150
4390	70
3046	108
5331	114
4233	51
7025	63
5432	41
2908	113
2983	70
5134	44
3127	185
4864	55
3987	118
7085	22
2958	20
5014	34
3920	141
6266	28
5435	53
6015	54
4851	118
2844	150
5435	123
5151	10
4084	117
3706	119
4775	175
5521	131
4615	53
3974	121
3878	87
3997	123
5308	74
4510	112
3372	93
5767	119
4898	153
5115	148
4375	96
2027	45
5310	152
1990	85
1821	73
2801	74
3083	144
3806	141
1642	92
2590	87
4551	84
2222	54
2122	83
5781	75
3234	103
3966	164
3177	72
1874	72
1912	125
4921	53
6033	68
5836	25
3345	137
2039	109
5104	82
5622	112
5912	169
8371	51
6378	69
2460	84
2517	109
2774	132
5272	107
3673	105
4599	126
5617	68
6287	132
4174	131
3964	158
5109	141
4605	183
0	182
5246	59
6055	136
5489	89
6826	97
2247	72
4901	113
5570	146
5521	129
1719	79
2213	148
3904	109
5738	89
3623	119
5370	154
5403	73
2582	127
6686	68
2614	132
2755	59
5716	59
4719	79
2309	128
4093	101
3869	149
4723	101
4435	137
1827	134
2701	163
4164	159
7101	179
4074	105
6475	87
6133	70
3472	175
4603	84
1940	105
2118	37
5491	132
3462	100
5582	136
4694	136
1903	84
2040	100
4722	138
5013	74
4081	124
4627	140
4552	128
4171	129
2550	67
5079	132
3648	117
2282	122
4161	70
5948	82
3382	126
4078	127
5159	175
2163	133
1901	129
4627	58
4048	112
4110	139
3767	173
4156	149
4518	20
3582	126
5420	157
4461	135
1900	120
4749	46
2149	126
4196	87
4112	128
3733	104
2111	176
5414	69
8480	24
6064	128
3383	111
1830	138
4298	158
3148	102
4561	137
5000	60
2399	108
5383	84
6523	64
2484	107
3059	92
3432	155
2912	144
6390	134
4033	151
6210	63
1982	156
4656	86
3229	123
4738	121
8520	26
5197	79
2971	146
6057	102
4522	149
4927	131
5257	37
5166	89
5112	119
1966	129
2180	88
4781	129
5177	115
2504	140
4083	113
5996	49
2222	88
1941	97
5182	57
2671	43
5091	130
4403	81
4108	108
6115	123
4776	149
3008	82
4164	124
3247	93
5121	98
4331	119
4168	122
5588	154
6382	83
7544	104
5573	157
2846	43
2929	155
4004	56
2617	94
4136	98
3186	88
4837	169
6063	77
4408	93
2316	130
6206	20
1635	133
4572	153
3282	29
2101	137
6166	28
4715	115
3420	119
5678	23
3945	111
2154	133
6063	91
5813	52
4598	98
1899	116
4608	85
6132	94
1902	158
6464	132
5140	137
1920	108
6013	46
1888	121
5045	112
4881	129
2749	64
8636	125
7870	181
3346	134
4748	87
5414	142
1774	107
4116	135
4615	80
5005	80
4020	117
7173	85
4334	27
3914	78
6408	78
7004	40
2112	84
2881	127
2731	112
2204	35
5176	166
5617	82
5493	134
1997	101
4814	72
5096	69
4004	140
6064	141
6473	113
4007	70
5716	124
5427	139
5935	55
2167	90
2583	148
4395	144
4772	51
5786	116
5883	122
5732	66
4223	97
2819	76
1901	105
3583	148
6216	67
4951	107
1899	172
4016	40
4017	93
9267	150
4080	154
4532	151
2302	161
5294	135
2208	140
4385	129
4152	44
5745	89
5558	124
5856	142
7654	74
2212	103
3660	141
3281	166
5204	50
4870	122
3404	138
5991	37
4928	119
3529	139
5762	78
4927	131
4043	133
5620	72
6357	101
4632	101
3487	166
5691	109
4391	76
6724	35
4185	75
5852	160
1900	87
5925	95
1920	81
2164	31
4961	146
5022	56
2989	114
1900	136
4397	101
3884	87
4194	75
5251	122
4739	74
2193	99
2776	124
3922	146
2537	131
1884	117
4498	27
1900	130
4388	75
4840	68
3038	97
1925	142
5484	116
3289	70
3313	121
3746	117
2405	130
2908	105
4541	40
4530	125
978	127
1944	83
4949	142
6261	29
5683	107
3461	66
6269	56
4454	144
2539	85
5492	78
3901	73
2635	124
5106	140
5536	71
5794	77
3544	84
2972	125
3806	144
3642	163
6474	140
4367	167
6295	112
4319	133
4321	141
3414	114
7819	133
4974	37
4380	125
2908	106
4521	84
4910	162
1936	137
5160	134
2000	95
6922	140
4378	135
5943	69
5358	109
4027	127
5179	164
1895	140
1930	93
4814	135
5517	41
5748	120
2653	186
1793	167
2744	100
5423	82
4931	70
5278	161
2327	138
5255	77
1890	119
4536	112
6089	97
4965	105
2725	182
4112	57
2801	107
3742	138
4507	125
4093	159
3895	104
3727	118
4300	144
5048	133
3029	153
2106	159
4183	108
3511	79
3217	100
5613	64
2790	124
5165	158
2439	49
5921	95
2789	86
4167	103
6093	104
7282	74
4046	146
5214	137
4713	100
2264	159
5158	96
4298	111
2766	125
4793	115
6036	65
3119	79
1871	106
3843	54
3832	54
6090	79
2317	69
3138	136
6276	66
4256	90
2652	71
5659	65
4887	111
1916	98
1900	129
4073	99
3909	44
6588	126
6226	168
5088	131
1883	108
3945	93
4846	129
2960	127
4338	117
6096	87
3481	118
2961	124
2406	90
3842	57
5003	47
3952	133
4833	53
6281	92
1963	96
4119	90
4610	116
2062	167
5166	60
4723	127
6662	91
3973	121
3110	87
4023	104
3321	100
5816	153
4614	40
6431	25
4591	115
1895	168
2409	74
3565	137
2603	127
6522	122
4904	96
4798	146
3696	132
6652	4
6059	98
4213	103
6341	65
1900	95
4750	115
4462	120
4641	26
4875	107
4286	136
4526	91
3543	80
1949	102
4652	93
4841	171
2685	141
5863	76
3959	65
1201	120
4402	136
3639	81
4366	140
6016	71
2858	114
6380	129
5019	70
4631	183
7956	136
5237	102
6715	75
5267	116
4947	136
6446	129
1893	125
6012	133
2949	65
4340	121
5549	129
3785	155
6930	92
3773	88
4421	86
8623	18
5967	114
3053	146
1997	35
5525	91
1894	61
2813	76
4924	122
1930	132
6206	35
3872	82
4431	154
4932	92
4909	136
4925	121
2113	144
1764	140
1658	148
2204	134
5086	142
3478	59
5094	53
5046	60
