3261	9420
3069	8767
8598	8416
3876	9636
1585	9367
2698	9235
5442	7854
3816	644
4388	6660
5849	9972
5377	7352
2556	9893
2505	9975
3739	9920
4954	9543
2550	8853
2419	4980
4941	4814
4249	9688
2330	9151
2343	2541
4547	8016
3509	9994
5880	2184
4355	9999
5321	8822
7289	9751
5047	2245
3411	4901
4362	9456
776	587
4310	6983
2362	9900
3023	5423
2041	3796
7166	9638
5552	7142
4234	8699
1221	8591
2702	2413
3039	9923
3989	9044
2989	2708
3877	875
3572	9687
2365	3322
5688	7300
3516	9537
1561	4586
6502	8512
238	2719
3694	9970
4274	3681
4017	8610
4947	9964
3927	5806
3511	8862
5955	9812
2906	9410
5506	3452
4318	8956
4161	9884
2504	9700
2792	9555
5157	4348
3100	9731
3133	4726
3670	9981
2182	9818
5486	8485
2973	5858
3418	9150
3757	3895
5860	8895
3538	9418
3407	9539
1876	9854
5739	7761
4069	8829
3659	9983
4803	701
3804	9683
6707	4662
3433	1340
5821	9754
6845	7544
4084	5700
3164	7357
2809	9550
4495	4704
851	3084
2925	8764
2791	390
4891	7875
2982	1891
4341	9997
6496	7851
4456	9993
4542	7792
2477	5040
6392	7199
1825	9034
5873	1810
1769	9997
3571	9789
3732	9973
5436	9986
3702	9009
4665	8881
3082	9839
6163	9811
1569	9279
4810	7083
1364	5981
2136	6178
4655	7254
3638	5073
2512	6740
4425	1612
5845	9739
3700	9990
2893	9932
2936	2898
3975	4242
4350	3006
2876	9488
1523	8522
2488	2298
4796	4753
5019	9955
2374	9989
3852	1363
3335	9622
8166	9996
7642	1494
5705	9236
3080	2755
5438	2559
3910	7702
4637	8535
1975	8793
2777	9875
1791	5509
4679	7638
5815	8073
4178	8673
2609	3553
3436	8891
2766	9947
4030	3724
5874	9824
3625	5018
4658	7990
4967	3466
4579	3131
3932	7947
4861	9937
3149	9990
1927	2147
5125	9841
1616	8123
5224	9666
2747	9981
5032	86
8344	9738
5005	9486
2571	3771
6215	8354
5475	9974
4876	5820
2043	9974
5920	9996
3819	7045
5247	5800
2819	3474
4930	9354
7352	9980
3134	9909
8225	6530
5735	9150
2980	8945
3786	5051
3162	9929
4826	9319
2527	6476
3039	9998
8500	5056
5348	9404
809	2076
2470	9701
2807	9993
5146	8881
3734	4788
5548	611
6857	8561
5160	7026
5543	9999
3315	4994
5509	8982
3883	9929
3475	1700
2076	9892
5547	1325
5350	7611
3742	9346
6854	9866
4075	9721
3479	7675
6214	7084
6003	7725
3312	8955
4717	3106
4490	7819
4452	9995
3841	2962
2822	5154
4654	9281
4641	9713
1750	1263
2057	5463
2591	7863
5596	9971
2256	5305
4767	9955
3789	7899
4799	9678
4735	6839
3848	8315
5961	9751
6365	9070
3902	794
3228	1239
5380	9875
6348	9858
3818	4357
2715	9657
3658	9544
4970	9828
4507	8796
2276	1998
5235	8397
3433	9900
2839	7450
3331	9258
5316	2816
3588	9708
3060	7397
2676	3487
3482	3291
4665	5395
5506	9209
1061	9978
4093	2132
2092	1941
3763	6796
4827	860
2237	9948
3610	9982
4084	9658
1374	9962
5485	4166
3504	8889
3125	8830
1980	4786
3023	9468
5667	8628
3700	9918
4691	9752
5966	7560
5668	9985
3694	9790
3998	9649
3089	9948
5814	9458
5645	8809
6357	8368
3566	9151
6193	8225
1653	2883
3542	9376
3473	9873
4893	9905
2458	9094
5343	9992
3198	7124
4406	9970
2396	9999
3026	5697
7541	8373
3172	9242
3358	3036
3169	1444
5464	9726
5847	9063
4666	4248
3030	1110
3419	9272
2270	9565
4194	6231
4760	2523
1655	5088
3527	9992
2538	8167
3059	9524
3132	9284
4466	9437
3914	3807
2352	5049
4703	6381
1541	7569
3431	9792
4665	3037
4353	1271
2414	533
4726	8663
2674	8801
3539	9711
5566	9387
4287	5799
2490	5864
2866	9244
3286	9387
2789	9967
3039	8340
2418	9984
4591	4392
5444	9771
2605	7790
4559	6642
4072	9981
4467	9990
3879	4616
4286	7302
6208	8984
2841	9968
4410	9954
3153	578
4478	1697
1971	566
2431	4502
5559	9627
4314	5670
5495	9763
2896	9913
5748	7726
3577	8914
4421	9377
4148	4095
2534	7812
6045	9456
1865	5048
4551	9977
4573	7557
4166	9811
510	1358
2561	9993
6278	9635
3806	7377
6597	6235
4459	9968
1686	9792
3189	9928
3887	9957
7231	9047
1590	9356
2560	6369
5857	5859
3843	6476
2443	2158
2949	9941
2272	2667
4436	2386
4130	9217
1577	4349
1185	6286
6022	9970
4841	2810
2432	8872
5061	8218
2915	9451
4290	9986
3228	9871
3342	9861
3882	8416
5773	9898
2664	9630
3130	7792
2983	7004
5188	8294
3518	6684
4890	6043
3901	9366
6072	8609
5207	9949
5786	5785
5060	9495
2998	3224
1727	9638
2446	6342
4579	9421
1431	9561
3345	8647
2566	9760
4100	2866
2259	9606
5638	9998
3429	592
2668	8017
4338	6820
6349	9976
1564	8384
4610	1361
1496	7796
3517	9978
2746	9982
3782	9952
5585	5008
6094	9670
2112	534
3061	9562
3611	9928
6742	2870
6144	9956
4152	4427
2329	2190
4784	9871
4232	3287
5397	9733
7089	5075
1992	6593
4298	9632
5206	9031
5364	9757
4133	9988
2506	9957
3388	4828
5245	7977
3924	6119
2962	1470
2946	511
4196	1714
3872	9980
4406	9705
5878	9898
3208	4124
3793	8995
2535	6356
4500	9996
4722	9868
2916	9952
2673	6198
3402	9374
2249	6418
3886	9936
2614	9175
6411	7835
2119	5996
1834	9470
3532	9975
2528	9529
2928	8223
2718	9953
4990	9941
3361	9974
3932	6970
5220	5836
2990	9156
5270	9713
2256	5485
1067	9998
7040	9981
3397	6217
2896	5462
4027	5180
6036	8080
4533	2317
3246	7675
2739	9787
1482	3641
4278	8435
3729	9294
2571	9961
3691	3569
5848	9781
2607	9739
3059	4157
4194	5629
6282	9891
2494	5685
2868	6167
4652	9638
3969	9936
1826	7162
4993	5899
7777	6807
3016	2999
5096	9063
2595	7825
2134	9164
4871	9501
5179	9179
4747	9991
3369	6589
2661	7247
5107	9937
2903	3175
645	8530
4211	6520
3304	4799
4693	8836
2392	9989
5533	9686
2428	5421
7323	9825
3862	9873
4854	8660
4529	4840
3905	7058
3013	2786
5603	9912
6113	8525
4561	9925
2115	7024
3522	5328
7096	6095
2822	1301
5487	8117
2334	6855
5749	8828
3462	9752
2161	9997
6300	8567
3535	9999
4154	5344
4147	9785
4996	9980
4946	8503
3087	6896
3368	5350
4673	3412
4376	9339
4869	9724
3974	9567
947	7808
1805	9998
211	9548
3756	9782
5219	2308
5924	9053
4315	2128
4841	9779
2796	8461
4189	7708
4433	9416
3385	2654
3983	9999
4624	9932
2089	9412
4497	8315
5115	5992
4245	9827
3631	8518
7693	9930
5210	351
3632	9894
4126	5616
1393	2082
5864	5596
2895	9751
4271	9958
2745	7987
4939	9641
1737	237
3993	5981
2791	6132
4617	3137
1974	8579
5842	9965
5578	9961
3455	4711
3036	3870
1723	3461
1313	9965
6833	8100
2977	8416
2753	7408
3641	4542
4350	9776
2808	4906
1560	3770
3605	7495
973	9616
2704	9939
2920	8249
2133	8429
2907	9566
4870	9680
5737	8919
3359	3679
9580	8226
4421	9981
3929	7261
4785	9982
3857	9946
1687	9079
1906	2831
5400	9875
4841	3359
8932	4186
6502	9759
2975	8062
1740	4375
2749	3661
4001	7702
3211	5657
4308	7972
2950	2124
4685	7471
2131	2811
2731	1312
2309	3916
2544	9363
7570	2553
2084	9983
2931	9443
4884	7923
1550	141
5468	6388
3577	8062
6110	9998
2597	9405
5487	6815
3966	6173
1216	1502
5776	8737
5804	8262
3981	6873
5435	9861
5474	1351
3685	2657
5807	9107
3529	9589
4220	9909
2853	9844
2593	2941
3270	4064
4965	8640
5285	5352
4906	9183
3743	4679
3162	3705
4814	9738
2855	5401
3978	220
4623	8935
2478	9927
459	8046
3358	6252
7493	9834
5485	9960
4389	2204
4029	9292
2763	1622
3448	4675
2577	8796
3076	1981
3046	8455
2183	9225
3471	2648
2798	9237
4979	8545
5238	9632
2670	6929
5460	7913
7785	9900
3482	3461
3164	3715
6121	8681
2912	643
7076	3210
6316	9528
3457	7876
385	6413
3455	9768
4851	8485
5717	9847
3507	9998
2789	4333
2329	2653
5790	1440
5364	4803
1317	9971
3126	8262
5688	8612
5684	9999
1966	4379
4414	9889
5399	8435
3968	1848
6982	9490
2947	9998
5796	1322
4565	9993
2404	3455
3603	9727
4080	7663
2573	2242
2166	7661
4871	9945
4182	8933
5180	9937
3210	9886
2734	9304
4516	4019
2609	6005
1927	7668
4046	8364
3841	5088
5864	9808
5715	9966
1884	9712
2623	1294
4676	2446
3342	9820
3595	8897
7991	8659
2893	518
4530	1951
5098	9866
5135	1340
3458	9826
5074	9250
2943	6103
3069	5293
1154	9894
3775	8102
6682	5065
3002	8524
6445	9137
2043	4966
5169	8379
2853	6159
6830	9911
4404	9523
1175	8634
3383	9382
2875	9904
6011	6926
5622	4805
5783	9767
3002	1311
3336	1282
4102	2978
4018	3685
3954	9970
1954	8854
2006	9916
4235	9862
3867	9326
4880	1311
2821	9987
4879	2615
5615	9745
2381	9991
3196	9499
3876	6278
4220	7009
1998	945
3726	7153
3603	8170
6408	5444
4224	4850
2496	5847
5730	1639
2730	5238
5696	9042
3186	7678
5731	8005
3262	5511
5074	8299
813	9999
3682	9943
4699	8080
5059	8315
3952	8343
1109	7848
4474	9969
4036	2332
1462	4298
5299	7691
6568	8860
1197	8989
7202	9863
3768	9771
3306	9963
5565	9988
2875	9929
2723	9967
5282	8039
2279	9573
5829	9958
6195	9829
5391	7419
4398	4870
1169	5051
1908	9561
1033	9629
0	9887
4646	9421
3375	9999
3240	9935
5211	8280
5107	4859
2618	8394
3148	6698
2935	7584
2809	9024
6349	9892
3237	9969
3772	2619
2185	7648
5384	2657
3218	5410
4937	8233
6045	9504
3395	8548
5782	9969
5082	7116
3126	9086
2976	8965
4259	9933
3245	9286
2562	9917
5273	9953
4400	7371
3966	5037
2915	9995
3994	7775
6591	9278
7601	8866
3417	3108
3537	9977
4591	9767
4132	9884
6177	8822
4524	2067
2423	3302
3634	9332
2564	2383
1661	8065
5520	6385
3230	9999
5199	8218
2351	9927
3307	2524
4677	7747
1123	3010
5513	1346
7383	9450
4861	1514
5239	9819
5736	7715
3452	9091
1607	9357
4046	9981
4036	1003
3180	3103
5478	6354
2745	9954
2462	9994
2284	9623
4055	9418
2427	6961
3144	7913
5340	9968
6191	9984
1116	4239
4693	9860
1592	7197
2695	5702
4193	9869
5480	3178
3739	5282
3543	9978
3571	3549
1555	9994
2746	5247
5605	1887
2169	3355
4889	9971
5657	7188
3210	8087
3162	9589
4679	6751
2934	3024
1428	6487
2110	665
5200	3515
3180	3996
428	9856
3659	1220
6759	9394
3554	1179
4216	7225
2372	6750
2827	7180
5472	9156
7237	7802
2314	9997
1538	6048
5594	9991
5519	9383
4589	3581
2214	9256
1984	9999
2939	9923
4348	9607
5329	5078
1102	9042
6081	9420
1248	9997
2798	9998
2430	9902
5659	9575
830	9560
1497	1935
6841	8800
2244	9412
4340	7360
6466	6882
2514	7747
1783	6191
5997	5168
3473	936
4864	6892
2557	2845
2346	8875
4364	9851
2194	7638
2692	5324
2596	9997
3690	9978
4407	4041
6124	7168
2908	9442
5434	9735
2303	4144
4033	9498
7645	8519
1779	6636
2870	9941
5187	8325
3907	9965
5272	6210
2310	1210
7996	9892
4054	9295
7319	9940
3694	9936
4493	1062
3920	9740
3512	9867
3239	9693
3309	5168
3302	9999
3794	9116
6370	9991
4787	9594
4084	9879
2322	9980
4918	8170
3263	9794
3851	3316
3003	7496
5804	9988
3019	1857
2670	5880
5756	9933
2658	8980
5035	9997
3648	4145
3566	9993
3993	3449
3382	5023
2192	2034
2917	1713
3218	5532
3182	8666
6026	3464
6064	9607
2938	2084
1514	8686
5631	9224
5778	8844
3571	6638
2548	9963
4274	9230
6012	9477
6014	9264
4870	9030
5423	5600
6992	3719
4287	1545
6048	7885
1779	9973
7137	5873
6812	6265
4646	8474
2571	8403
5483	3631
4510	8365
6198	9989
4667	7277
5725	8077
3034	9874
5025	7497
3859	6757
8643	5485
3257	4576
3038	9988
5124	8967
4169	9963
3598	9171
4765	7309
4521	5326
4953	4754
3146	9906
4135	4444
746	5321
3731	9732
5800	9461
6286	1885
2378	6026
3293	9830
3661	6757
4167	8709
3156	8328
3412	6884
2250	9603
3244	6210
3399	3525
4157	9948
5502	8537
3692	9675
3634	3140
5907	6969
7435	8745
4215	5027
4146	9998
7272	4345
5155	8754
2249	9691
4674	5509
506	9799
2770	8508
7565	9719
3686	9295
8923	7871
4566	6234
1620	6372
2807	7442
4216	9999
1857	6309
2803	9893
4841	8873
2944	8238
5601	9990
5629	9505
1552	520
5552	9756
7142	9990
3468	4720
3648	2443
1607	8798
1840	9780
6876	2696
4690	1974
4789	2455
6760	519
3801	7847
6472	9900
4607	9497
2051	9981
2947	6330
5274	9986
3687	3676
4241	9987
3999	7434
3283	3383
6431	8543
3684	9315
1781	9338
7181	5150
4085	9976
3646	9312
4278	5578
5268	9349
4281	875
4974	1809
4214	5231
5261	9981
3731	7347
4620	9965
5122	9766
3470	9967
6903	9981
2899	9161
1165	2317
6517	9138
4823	9428
4457	8251
5102	1997
2778	9786
2418	1687
4589	9911
1870	5860
6974	9976
5950	9018
4764	1990
3711	8651
5071	4809
361	6571
3575	8995
7008	3059
3614	9974
3253	9949
3347	5205
4895	9613
1862	1338
3819	9980
1759	8091
4033	9060
3826	6518
1949	6957
1585	8216
2789	9723
3379	7588
3379	9385
4431	5995
1436	9848
5741	9367
4410	8440
4648	8971
3358	9934
4376	9222
4186	9976
3067	395
6308	7329
4032	9064
5126	7439
3537	3895
3181	6502
4028	9992
1546	5144
3758	8909
2388	9656
3683	4296
2181	6876
3452	9983
5456	9785
4116	4435
2669	503
8616	8725
3326	9397
3164	9643
5697	7700
3672	3613
4422	9267
4081	8097
1815	7679
2388	9962
5844	9800
4899	7439
1955	5809
4540	5404
6935	9506
5925	7434
4410	9675
3077	8528
3000	2502
5984	8392
2338	7771
3015	4624
4505	9054
4701	8058
5727	8627
5261	9213
1951	877
6464	9648
3718	9832
2043	9437
3394	3322
2913	4817
3671	9902
2311	8686
3498	9995
2205	4923
3740	8764
964	1184
2423	7593
3318	8473
2603	14
2476	9121
3282	1547
4240	2823
3496	9995
5242	9980
3643	1684
3195	9512
5757	8028
4094	2258
4068	987
1262	9243
2273	9081
4553	5258
5358	7426
3466	8163
5393	7892
6859	4042
6545	9951
2561	9840
5842	9067
3664	8904
5377	7475
1669	3696
4701	9377
3182	8102
2482	8146
6349	9571
5758	8759
2664	2801
3422	6508
3992	9993
4338	6232
5818	9663
4586	6260
2528	4667
3500	91
7949	9209
991	9942
6809	5261
4848	2968
4075	8673
2794	3408
6289	9458
3097	9503
2092	2580
2832	6659
1891	9825
4289	7508
2588	4486
3950	9057
4870	6960
5265	8743
1978	7556
2644	5389
3696	6195
4156	9887
4363	6238
5321	6831
4832	8392
2400	4646
4073	9786
6507	8168
4667	9874
3911	2733
4544	3482
4261	9944
4905	7450
2396	2831
3023	6806
3802	6374
1804	7042
4078	9740
5297	1675
4595	8394
3226	9565
1706	6470
4105	8490
6425	9900
3652	9937
6978	5105
7753	500
1034	8911
5356	9818
3746	3079
2288	3395
6201	9994
7086	6942
4114	6603
3916	6707
5212	9768
4522	627
4292	4043
7033	9270
6761	185
6043	1441
4436	1134
4925	5425
4483	7008
3305	9000
2489	9990
1671	9782
5352	6929
4018	9268
3845	2076
1836	9413
2134	9844
2856	3961
3802	5398
5005	4860
6523	9601
3859	6307
6655	9841
2245	6072
2730	8176
1976	794
3394	5184
6752	9911
4124	6012
5941	8722
3215	8959
2019	1195
3851	1259
6236	9972
1568	2620
3743	9871
6296	5790
4999	7905
1644	8156
2505	995
3076	6860
4325	9866
4470	6911
3018	8968
2434	1919
7499	9600
4890	3872
4877	9261
1588	9496
1420	9498
4484	3619
5727	9917
3698	9830
4525	9998
2108	9806
4640	4628
2777	6645
6017	7514
3715	2613
1372	9971
1050	3801
5667	9696
4254	5342
2692	9311
2704	8593
4918	6927
5233	7064
3031	1274
4446	8306
2167	1360
3895	8062
5352	9986
3005	6886
5847	9841
3828	9701
3612	1217
5937	6449
2570	8938
4786	9168
4274	9564
4541	4783
5168	7606
2251	6347
5747	7282
6548	9774
2818	9709
1829	9921
6230	4864
4244	8664
5754	4445
7978	7707
2474	8120
1632	9349
2675	9021
2497	9105
2977	9960
2312	7814
5801	9983
3584	2020
4601	8765
2276	8988
2769	4582
801	6180
4571	9949
2719	2223
3989	5728
5624	9879
5597	9648
4152	9691
4185	6424
2132	9418
4510	9662
2652	5108
5052	9588
5887	2922
4000	6788
1181	6936
3530	7183
4062	8801
1991	3543
4690	7319
5547	8290
4350	8807
5662	3790
4769	9584
1861	1153
2898	9980
2225	8822
3535	9081
9999	9981
6235	7661
3467	6475
3758	7431
61	9243
2289	846
1473	9816
5544	7683
4739	9908
3266	9992
3470	9999
4054	4647
4450	9013
4693	5574
7135	3746
7402	3957
6146	1197
2262	7690
3500	9969
2081	1006
3581	6830
4054	7418
3462	6402
5507	9766
5717	8956
2319	3115
2879	6151
3659	2666
4347	8320
2095	7405
3755	918
1226	9634
4037	2950
3911	5001
3857	9996
3508	3693
3579	9992
946	9883
4449	7978
4417	4157
2501	4564
1681	1070
4306	3986
4552	8632
3175	9502
2167	3675
4202	3981
5865	9604
4990	9927
5655	9968
5239	9176
573	9817
4009	9487
3049	4450
4421	9996
2721	6571
3344	9456
3768	9877
2311	8822
2896	8762
5031	9532
4235	5457
6678	2134
2510	9873
3504	9703
3964	9577
3556	4022
2289	8411
1031	9657
3009	9718
3617	4809
3365	9779
6282	8955
5177	9818
3988	8096
2518	9924
7088	9860
2920	9849
7372	2262
6068	9944
3189	4774
5255	7723
2635	4284
4274	9755
2321	9443
8144	9981
1473	8742
4529	9983
1299	9879
5645	2501
2830	9946
4615	5337
3484	3751
3129	2062
3651	2808
2718	6311
3860	5578
3690	2509
4178	9999
867	9584
5236	4321
2866	9840
2034	9993
3983	9999
2867	8435
5102	8923
3198	9821
4631	9578
2204	9985
4546	9785
5275	9228
1679	3239
4015	6013
3633	9961
3267	2749
4154	8146
3844	645
4440	9868
2400	9698
2382	1566
3350	9941
2946	9935
3364	5751
3185	8603
5711	9877
5613	4351
4459	4111
2452	6813
2477	4213
3363	9999
4785	9078
1578	8649
1834	581
3939	9056
3714	9425
3185	9912
3095	3485
2301	9839
2749	8408
4005	9953
6225	5962
3775	9900
4961	9535
4976	9734
4426	9960
3596	9886
6029	9108
3976	9585
1999	8053
5898	4377
4689	3528
2295	9344
4236	2726
1965	4355
5595	9994
3578	867
3827	7011
2163	7187
3453	2609
4781	9064
2888	7036
3005	3795
3417	9730
3717	433
5468	9026
7052	9986
4449	9635
2005	9820
2684	2455
4084	9982
1570	5509
1955	4640
3470	1969
5149	9967
2854	2305
3924	9628
3764	9930
5121	8637
2141	9941
4372	9903
3760	8636
2141	4245
2839	5274
3589	7656
2872	2973
5205	3488
5523	9769
3582	9776
3478	6022
2771	4621
3979	852
1887	3831
2953	3012
2015	9843
2565	7247
6445	9743
4876	958
4263	8689
4291	7450
4821	9906
1851	9339
1766	7288
5375	9952
3659	5727
4508	2148
4296	9972
2767	2744
6111	9535
2421	574
3270	8918
3701	8947
3379	9925
5590	9030
2964	704
5943	9138
5008	7942
2520	4546
2327	6390
3918	7504
4421	9797
3202	1848
6242	9753
3432	4592
1082	1398
4494	9939
2107	6688
2336	8342
4012	9998
3606	1180
3311	1516
1237	5606
5825	9983
2230	8119
6696	9530
4024	9361
3937	9900
6836	9415
2154	8155
7411	8916
2669	9889
6532	9839
2371	9027
1915	9849
3891	1445
4285	8696
4161	2372
7921	9744
5979	5820
2077	9990
3224	1724
2236	9283
7354	1434
3706	9918
7251	9299
4662	8937
5604	5028
3543	3599
3641	4980
3012	1412
1849	9491
2901	9995
3654	3362
2949	9747
2846	6594
5208	6331
1933	9678
3629	9994
3705	6510
3614	4497
6228	2039
3322	5942
5038	9925
4724	6521
3498	7243
5051	2480
1977	9595
4498	2892
3506	698
2583	9104
5887	8905
5648	9957
3187	6163
3264	9957
4348	9343
3115	1669
3633	7709
3618	8607
5570	7081
2446	185
3819	9486
3557	3412
3009	6360
3086	9997
25	4246
5042	7466
3968	4510
1170	2986
4433	9845
6529	4910
4715	9438
3783	9182
4015	7666
3540	9917
3113	7025
3395	9993
1800	9995
3532	8182
2638	9995
5646	4292
3811	4546
3278	1938
3299	9890
8922	9732
6650	7092
4826	9239
5637	8785
5793	9898
1265	4446
2874	630
5215	5140
1619	0
3631	6946
2572	8466
2279	9965
3690	9137
3885	8589
4531	7872
3590	5021
2473	4321
3293	2481
1784	2241
3734	9742
2969	9758
3470	9579
2956	9185
3076	5104
3844	9713
4904	2517
4183	8023
4919	9812
7602	9169
5074	9992
2992	9998
4164	2052
1546	8502
3864	9953
5634	2498
5586	5279
6852	8942
3661	6986
3013	9663
4371	9996
5595	8787
4037	6289
6742	8487
2622	9996
3951	2905
4039	9849
5462	9859
3188	1016
3681	8832
3675	9987
6421	8149
3944	8869
5193	7172
4127	9914
5499	9987
4182	9039
3354	9984
2919	4635
6797	8396
3213	9616
891	7911
7378	9125
1558	4450
4602	6135
6411	3225
3912	9931
1702	9896
3969	4836
2877	9216
2378	9583
5300	9808
3684	5805
3547	7836
5469	9821
2677	9441
3268	5148
4078	7755
1024	9949
5113	1930
2387	4491
3695	9747
3020	7336
4767	9683
2680	5260
3144	6410
5474	9806
4296	9454
8980	8815
2544	6958
3872	8786
4158	3569
3441	315
4182	8772
4356	9027
3196	4422
2802	1524
2355	6088
4160	9918
3812	9999
6475	9425
3877	9909
3995	8708
1905	5689
2629	8137
2725	9424
3721	7105
5481	9556
5237	9722
5152	5024
5884	9827
3884	8348
1858	9968
4335	4594
3641	6847
3826	9994
4165	2712
745	5044
8202	6619
3643	4200
1629	9918
8008	7855
2075	9987
4669	3651
2085	6100
5330	9981
3981	6531
7301	9338
2933	5489
3551	5063
6760	7442
3662	8310
2623	9107
4718	7415
1970	9974
4889	8400
4540	7466
4020	9740
5896	9863
2665	9757
3571	5749
4628	6881
5552	7195
2961	9230
7925	8771
6330	9977
3509	8303
3074	6784
4742	2587
1965	2707
2310	8401
1861	8919
4639	9666
4001	891
3863	8488
5500	6416
1539	3153
3749	7505
5731	9958
3697	9979
3233	9999
4888	8952
5085	9774
3821	9942
3820	3358
4210	7762
5168	8517
3960	1329
4352	3087
4633	4759
2022	9684
4950	5385
2621	9077
2739	9989
3230	9970
1048	1157
5272	8332
3808	4526
3322	2644
4845	9844
5501	8705
2590	9903
4851	9731
4374	8905
6587	2795
1638	2578
3818	3347
2070	3111
3557	6627
3989	5818
2587	9441
3632	7287
3276	9296
1911	7150
3097	9997
704	4607
4660	9990
4266	9059
2813	3390
4046	3231
4069	2016
4642	3846
4643	7359
4761	9431
6153	7483
4246	9295
2669	8097
5832	8835
3431	395
1823	8301
4430	9124
8194	8977
1680	7371
3656	4069
4607	5473
3969	4590
5581	9989
2599	5227
6960	8308
6311	7122
5281	6944
3606	9827
2071	8554
3514	6414
7849	9928
4483	9983
4706	2807
4264	9683
5653	9522
5287	9865
1824	1598
3728	8853
5369	5809
3115	7275
3325	9636
2913	5769
6200	5517
7243	5684
2665	4245
4418	8539
3269	7656
3934	5071
4052	9310
5062	3829
6240	7476
3333	6721
4613	9919
4071	3856
6267	9536
4800	9934
2452	8441
2375	3638
5181	475
5063	9500
4762	9227
5012	8908
3242	3794
3693	9810
3804	9960
5323	2388
3007	7672
2468	9970
4320	7030
4531	9306
2953	4915
3673	9725
7458	9793
6618	2871
2931	7523
3755	5791
4485	3125
3850	9266
2424	9970
3941	7499
5049	9212
3481	9996
1888	9310
2256	9868
5113	9247
7905	9922
3837	2740
3189	8491
4848	8069
4041	7266
3934	3935
3279	9557
5210	7724
3741	4996
8772	8358
4477	3975
3559	9965
3462	9976
1500	9247
5686	9536
2505	9958
3901	9997
4313	9941
7338	7829
2868	9995
1917	5237
3342	557
4064	9659
4106	9818
4854	2113
3192	8492
3783	8135
2361	9855
3496	5527
1715	9817
1652	9999
4741	9914
2493	9976
3674	9956
4236	6646
5230	7593
5966	8189
4494	9954
3160	1568
2981	9868
5883	7988
5471	8753
5387	3596
4255	3148
6371	5486
2900	9869
5281	9943
2155	9841
5868	3437
3708	9684
7577	3974
4637	3643
3780	9977
3135	1290
5757	7975
5596	9886
4175	9996
2046	7823
1508	3965
2563	9935
2420	9888
4074	2378
4283	8205
5525	9310
