0	3
0	2
0	3
1	4
0	8
0	3
0	3
0	2
0	4
0	4
0	2
0	1
1	4
0	4
0	4
0	6
0	4
0	3
0	2
0	3
0	2
0	4
0	2
0	5
0	3
0	2
0	3
0	2
1	4
0	4
1	2
0	4
0	5
0	3
1	7
0	3
0	5
0	2
0	2
0	2
0	4
0	6
0	5
0	3
0	3
0	3
1	3
1	3
0	6
0	2
0	3
0	3
0	13
0	2
1	4
0	3
1	2
0	5
0	3
0	2
0	4
0	4
0	3
0	25
1	2
0	2
1	3
0	3
0	5
0	4
0	3
0	5
1	2
0	3
1	3
0	2
0	3
0	3
0	4
0	2
1	3
0	10
0	6
0	2
0	7
0	3
0	3
0	2
0	2
0	4
0	3
0	3
0	5
0	2
1	2
1	3
0	4
1	1
0	6
0	5
0	5
0	2
0	2
0	2
0	2
0	2
1	3
0	2
0	3
0	4
0	6
1	5
0	0
0	11
0	4
0	2
0	3
0	2
0	5
1	2
0	3
0	2
1	3
0	2
0	6
0	3
0	5
1	3
0	9
0	3
0	4
1	2
0	2
0	5
0	4
0	1
0	2
0	9
0	4
1	4
0	7
1	3
0	4
0	6
0	15
1	2
0	3
1	2
0	4
0	3
1	7
0	8
0	2
0	6
0	5
0	3
0	3
0	1
0	2
0	4
0	3
0	11
0	3
0	8
0	2
0	2
0	1
0	3
1	2
0	6
1	5
0	4
0	2
0	3
0	5
0	3
0	1
0	2
1	4
0	3
0	2
0	4
0	3
0	7
0	2
0	3
0	2
1	2
1	5
0	2
0	8
0	7
0	3
0	18
0	8
0	4
0	4
0	4
0	4
0	1
0	2
0	5
0	3
0	3
0	4
0	4
0	2
0	3
0	9
0	2
0	2
0	3
0	3
0	3
1	4
0	4
0	2
0	2
0	3
0	5
1	3
0	3
0	2
0	1
0	3
0	5
0	3
0	4
0	5
0	4
1	3
0	3
0	3
0	3
0	4
0	3
0	3
1	1
0	3
0	2
0	1
0	2
1	7
0	4
0	5
0	2
0	5
0	10
0	2
1	3
0	46
0	16
0	6
1	5
0	12
0	3
0	5
0	2
0	9999
0	3
0	3
1	6
0	9
0	4
0	4
0	6
1	4
0	4
1	3
0	3
0	6
0	2
0	2
0	3
0	4
0	8
0	5
0	3
0	2
0	5
0	3
0	2
0	4
0	3
0	3
0	5
0	2
0	3
0	5
0	3
0	3
0	3
0	4
0	2
0	2
0	2
0	3
1	5
0	3
1	4
0	3
0	2
1	2
0	2
0	6
0	6
0	2
0	3
1	2
1	4
0	2
0	4
0	7
0	8
0	5
0	2
0	4
0	2
0	4
0	4
0	4
0	3
0	4
0	3
0	3
0	3
1	4
0	3
0	10
0	2
0	3
0	3
0	4
0	2
0	5
1	3
0	3
0	4
0	3
1	3
0	98
0	3
1	16
0	3
0	12
0	4
0	2
0	3
0	2
0	2
0	3
1	3
0	4
0	4
0	4
1	2
0	2
0	3
0	4
1	2
0	10
0	5
1	2
0	4
0	2
0	5
0	4
0	4
0	11
0	7
0	3
0	2
0	4
0	2
0	2
0	4
0	7
0	3
0	3
0	4
0	4
0	6
0	7
0	4
0	2
1	4
0	5
0	7
0	3
0	12
0	3
0	4
0	3
0	2
0	3
0	3
1	3
0	3
0	1
0	3
0	1
0	2
0	4
1	6
0	3
0	2
0	2
1	2
1	2
0	2
0	3
0	3
0	5
0	3
0	4
0	1
1	4
0	2
0	1
0	4
0	5
0	5
0	3
1	4
1	3
1	4
0	3
0	4
1	5
0	5
0	2
0	13
0	5
0	2
0	2
0	10
0	5
0	3
0	2
0	3
1	4
0	1
0	3
0	2
0	2
0	2
0	1
0	5
0	3
0	2
0	2
0	5
0	2
0	9
0	3
1	4
0	3
0	5
0	3
0	4
0	3
0	2
0	2
0	3
1	3
0	12
0	2
0	2
0	4
0	7
0	8
0	7
1	7
0	2
0	2
0	2
0	17
0	6
0	2
0	5
0	4
0	3
0	3
0	4
1	2
0	6
0	11
0	10
0	2
0	5
0	3
0	10
0	3
0	3
0	3
0	3
0	4
1	4
0	9
1	3
0	4
0	4
0	3
0	5
0	2
0	2
0	5
0	1
0	5
0	2
0	2
0	2
0	2
0	3
0	5
0	4
0	3
0	5
0	4
1	14
0	3
0	4
0	4
0	2
1	2
0	6
0	10
0	3
0	8
0	3
0	2
0	2
0	6
0	6
1	5
0	1
0	3
1	3
0	4
0	4
0	4
1	2
0	5
0	3
0	4
0	3
0	13
0	3
0	3
0	4
0	3
0	5
0	3
0	4
0	5
0	3
0	2
0	17
0	10
1	14
0	4
0	2
0	3
0	2
0	2
0	4
0	3
0	2
0	1
1	4
0	5
0	2
0	2
0	2
0	3
0	3
1	2
0	1
0	2
0	2
1	3
0	2
0	11
0	5
0	3
0	3
1	3
0	2
0	3
0	5
0	3
1	5
0	2
0	12
0	5
1	3
0	2
0	2
0	3
0	2
0	6
0	2
0	3
0	4
0	3
0	4
0	4
1	3
0	2
0	5
0	3
0	3
0	13
0	2
0	3
0	6
0	4
0	2
1	3
1	5
0	3
0	2
0	11
0	3
0	9
0	2
0	4
0	2
1	3
0	4
0	8
1	3
0	4
0	2
0	3
0	3
0	3
0	4
0	4
0	3
0	4
0	2
0	2
0	3
0	3
0	4
0	4
0	9
0	3
0	2
0	3
0	3
0	6
0	3
0	4
0	4
0	4
0	4
0	6
0	2
0	1
0	6
0	2
0	3
0	4
0	6
0	4
0	2
0	6
0	2
0	2
0	5
1	3
0	21
0	3
0	6
0	3
0	3
1	3
0	2
0	1
0	3
0	3
0	6
0	1
0	3
0	3
0	6
1	3
0	2
1	5
0	5
0	3
0	2
0	2
0	4
0	3
0	2
0	2
0	3
0	2
0	6
0	3
0	17
0	4
0	2
0	3
0	2
0	3
0	2
0	13
0	3
0	6
0	2
0	5
0	5
0	2
0	2
0	2
0	2
0	4
0	3
0	3
0	2
0	2
0	4
0	6
0	2
0	5
0	3
0	1
0	3
0	4
0	2
1	7
0	7
0	3
0	95
0	6
0	3
0	2
0	2
0	4
0	4
0	1
0	14
0	2
0	2
0	3
0	2
0	1
0	2
0	2
0	3
0	4
0	5
0	2
0	5
0	4
0	2
1	3
0	2
1	2
0	4
0	4
0	3
0	4
0	3
0	2
0	3
0	4
0	3
0	1
0	1
0	3
0	2
0	4
0	3
0	2
0	3
0	2
0	2
1	2
0	2
0	3
0	2
0	2
0	2
0	2
0	1
1	4
0	7
0	2
0	4
0	3
0	3
0	1
0	4
0	2
0	2
0	5
0	9
0	2
0	4
0	2
0	4
0	4
0	3
0	4
0	6
0	2
0	7
0	4
0	4
0	2
0	2
0	3
0	4
1	2
0	3
0	3
0	3
1	5
0	2
0	2
0	9
0	3
0	9
0	6
0	3
0	8
0	21
0	7
0	3
0	2
0	6
0	3
0	3
0	2
0	2
0	3
0	3
0	3
0	3
0	2
0	2
1	5
0	3
0	2
0	3
0	4
0	3
0	2
0	13
0	4
1	4
0	2
0	4
0	10
0	3
0	3
0	3
0	2
0	2
0	2
1	3
1	4
1	2
0	3
1	2
0	5
0	9
0	5
0	2
0	8
0	4
0	2
1	3
0	17
0	9
0	7
0	2
0	3
0	9
0	2
0	2
0	2
0	6
0	1
0	4
0	5
0	2
0	3
0	2
0	3
0	5
0	4
0	6
0	2
0	3
0	4
0	2
1	2
0	5
0	19
0	3
0	2
1	2
0	3
0	2
1	2
0	7
0	2
1	4
0	4
0	4
0	4
0	3
0	5
0	3
0	7
0	7
0	5
0	2
0	11
0	3
0	5
0	2
0	1
0	4
0	7
1	20
0	3
1	6
0	2
1	3
0	2
0	4
0	5
0	3
0	2
0	4
1	3
0	3
0	1
0	3
0	4
0	2
0	2
0	3
0	4
0	4
0	3
0	3
0	4
0	3
0	7
0	2
0	3
0	5
0	1
0	1
0	1
0	2
0	2
1	6
0	4
0	3
1	4
0	3
0	4
0	2
0	2
0	3
0	5
1	9
1	5
1	2
0	11
0	8
0	2
0	6
0	4
0	4
0	5
0	7
0	5
0	2
0	2
0	5
0	4
0	5
0	9
0	2
0	3
1	4
1	4
0	5
0	5
0	2
0	3
0	6
0	3
0	4
0	8
0	6
0	5
0	3
0	1
0	2
0	3
1	5
0	2
0	4
1	2
0	4
0	3
0	4
0	3
0	2
0	2
1	3
0	1
0	60
0	14
0	5
1	5
0	1
0	3
1	3
0	2
0	4
0	4
0	3
0	2
0	2
0	2
0	3
0	3
0	2
0	3
0	3
0	2
0	5
0	3
0	6
0	6
0	7
0	5
0	3
0	3
0	2
0	2
0	6
0	3
0	2
0	2
0	3
0	6
0	3
1	2
0	4
0	4
0	4
0	6
0	4
0	6
0	4
0	3
0	3
0	3
0	6
0	6
0	3
0	2
0	6
0	4
0	2
0	4
0	4
0	5
0	3
0	2
0	3
0	3
0	4
0	3
0	2
1	6
0	7
0	2
0	3
0	4
0	3
0	2
0	4
0	4
0	8
0	9
0	6
0	10
0	4
1	3
0	4
0	3
0	7
0	2
0	2
0	3
0	4
0	8
0	4
0	4
0	4
0	4
0	2
0	3
0	3
0	2
0	8
0	4
0	10
0	5
0	5
0	4
0	5
0	4
0	4
1	3
0	4
0	4
0	1
1	3
0	5
0	3
0	5
0	3
0	7
0	18
1	2
0	4
0	4
0	3
0	5
0	5
0	6
1	2
0	3
0	2
0	3
0	6
0	3
0	2
0	2
0	3
0	3
0	3
0	5
0	1
0	2
0	2
0	3
0	2
0	5
0	3
0	2
0	4
0	6
0	3
0	2
0	4
0	1
0	3
0	5
0	10
0	9
0	23
0	5
0	2
0	3
0	4
0	4
0	3
0	1
0	2
0	3
0	5
0	4
0	2
1	2
0	4
0	3
0	2
1	4
1	3
0	3
0	11
0	1
0	2
0	3
0	4
1	4
1	3
0	2
0	3
0	3
0	3
1	6
0	5
0	2
1	7
0	4
0	16
0	6
1	5
0	3
0	3
0	6
0	1
1	3
0	7
0	2
0	3
0	3
0	2
0	5
0	4
0	2
0	4
0	3
0	4
0	2
0	10
0	3
0	3
0	4
0	4
0	4
0	4
0	2
0	2
0	2
0	2
0	3
0	5
1	2
0	4
0	2
0	3
0	4
1	3
0	9
0	5
0	4
1	3
1	6
0	15
0	4
0	5
0	11
0	2
0	2
0	4
0	5
0	6
0	2
0	5
0	1
0	4
1	3
0	4
0	3
0	5
0	2
0	2
0	4
0	3
0	2
0	5
0	2
0	2
0	4
0	3
1	3
0	3
1	5
0	18
0	2
0	4
0	5
0	1
0	3
0	2
0	2
0	3
1	5
0	2
0	1
0	3
0	2
0	2
0	2
0	22
0	5
0	1
1	5
0	3
0	10
0	4
0	3
0	4
0	4
0	3
0	4
0	4
0	5
0	7
1	1
0	2
0	2
0	8
0	7
0	5
0	3
0	5
1	3
1	3
0	3
0	7
0	4
0	14
1	4
0	4
0	4
0	4
0	6
0	3
0	2
0	3
0	4
0	3
0	3
0	14
0	2
0	2
0	7
0	2
0	5
0	4
0	5
0	0
0	3
0	4
0	6
1	5
0	2
0	1
0	3
0	3
0	3
0	2
0	3
0	3
0	2
0	4
0	4
0	3
0	3
0	5
1	3
0	4
0	3
0	2
0	2
0	3
0	2
0	2
0	2
0	5
0	3
0	2
0	2
0	2
0	2
0	2
0	6
0	3
0	2
0	2
0	3
0	3
1	2
0	4
0	1
1	4
0	3
0	2
0	4
0	3
0	3
0	9
0	3
0	2
0	5
0	1
0	3
1	4
0	14
0	1
0	4
0	2
0	2
0	2
1	4
0	4
1	5
0	4
1	4
0	3
0	3
0	5
0	5
0	4
0	1
0	2
1	3
0	4
0	2
0	9
1	5
1	3
0	4
0	4
0	4
0	4
0	3
0	2
0	7
0	4
0	2
0	3
0	2
0	1
0	3
1	4
0	5
0	3
0	4
0	5
0	8
0	3
0	4
0	3
0	3
0	3
1	2
0	4
0	4
0	3
1	3
0	2
0	4
0	3
0	7
0	3
0	16
0	3
0	2
0	7
0	3
0	3
0	3
0	4
0	3
0	9
0	5
0	4
0	2
0	3
0	4
0	2
0	3
0	3
0	7
0	4
0	4
0	2
0	3
0	5
0	7
0	2
0	7
0	4
0	4
0	2
0	3
1	2
0	2
1	4
0	2
0	4
1	2
0	2
0	3
0	13
0	2
1	5
0	9
0	2
0	2
0	5
0	2
0	9
0	2
1	2
0	4
0	3
0	2
0	6
0	2
0	2
0	5
0	2
0	2
1	3
0	8
0	3
0	3
0	8
1	6
0	5
0	2
0	3
0	7
0	6
0	3
0	6
0	4
0	7
0	5
0	4
0	2
0	3
0	7
0	3
0	10
0	4
0	8
0	4
0	2
0	3
0	4
0	18
0	3
0	3
0	3
0	3
0	2
0	2
0	4
0	7
0	2
0	3
0	2
0	2
0	4
0	6
0	2
0	2
0	3
0	7
0	2
0	3
0	3
0	15
1	11
0	4
0	6
0	9
0	3
0	3
0	11
0	4
0	3
0	2
1	3
0	3
1	5
0	2
0	3
0	4
0	4
0	4
0	4
0	2
0	3
0	1
0	4
0	4
1	3
0	4
0	2
0	3
0	2
1	4
0	2
0	2
0	2
0	8
0	2
0	3
0	3
0	8
0	3
0	4
0	5
0	4
0	2
0	8
0	3
0	4
0	5
0	5
0	4
0	3
0	4
0	2
0	5
1	3
0	3
1	3
0	48
0	4
0	3
1	6
0	3
0	23
0	5
0	5
0	4
0	2
1	3
0	8
0	2
1	4
1	15
1	4
0	5
0	5
0	2
0	3
0	6
0	3
0	6
0	2
0	3
0	3
0	2
0	3
0	3
0	4
0	3
0	2
0	3
0	4
0	4
0	4
0	2
0	4
0	2
0	4
1	2
0	3
0	3
0	4
0	3
1	2
0	2
0	2
0	5
0	2
0	2
0	2
0	2
0	2
0	5
0	2
0	2
0	5
0	3
0	2
0	3
0	2
0	3
0	3
0	2
0	7
0	1
0	3
0	3
0	3
0	2
0	2
0	5
0	3
0	2
0	3
0	5
0	4
0	3
0	2
0	4
0	4
0	12
0	2
0	4
1	4
0	3
0	2
0	5
0	10
0	2
0	4
0	9
0	4
1	2
0	2
0	3
0	2
0	1
0	3
0	3
0	4
1	7
0	2
0	2
0	1
1	5
0	2
0	3
0	3
0	4
0	4
0	15
0	3
1	2
0	4
0	8
0	4
0	5
0	3
1	4
0	3
1	4
0	6
0	3
0	1
1	3
1	4
0	2
0	3
0	1
0	4
0	10
1	2
0	4
0	3
0	2
0	4
0	23
1	5
0	3
1	3
0	5
0	3
0	6
1	4
0	2
0	3
0	3
0	6
0	2
1	5
1	2
0	3
0	2
0	2
1	2
1	3
0	3
0	3
0	4
0	3
0	5
0	3
0	4
0	6
1	3
0	2
0	7
0	2
0	3
0	4
1	3
0	3
0	5
1	3
0	4
0	2
0	3
0	4
0	2
1	3
0	4
0	5
0	4
0	4
0	4
1	4
0	2
0	4
0	2
0	4
1	3
0	5
0	4
0	5
0	1
0	4
0	4
0	3
0	4
0	3
0	4
