229	2066
1	2265
1	2350
15	3657
1	2350
210	2717
1	1975
61	2800
32	2660
1	2425
83	2343
284	2493
1	2474
27	2152
82	2652
172	3201
50	2641
1	1940
70	2662
294	2741
1	1761
280	2580
8	3295
1	2360
41	2397
263	2202
1	2328
207	3077
49	3069
59	2961
1	3147
174	1986
60	2597
39	2271
1	2519
33	2907
1	1933
230	2530
26	2090
57	2930
698	1640
119	2668
1	2518
1	2541
111	3320
67	2459
1	2292
93	2655
1	1990
26	2479
124	2124
8	2400
345	3034
1	2650
87	2410
51	2280
58	2472
27	2045
1	2239
31	2066
1	3754
467	2848
55	2731
1	2408
288	2107
407	3813
30	2935
31	2227
1	2126
1	2366
1	2066
42	2614
49	2251
1	2046
1	2032
336	3848
314	4090
41	3123
72	2458
1	1968
1	2366
312	4371
151	2687
57	2069
1	2246
3	2447
4	2090
63	2599
59	2400
1	1990
1	1673
64	2678
1	2058
42	3087
31	1646
254	2326
1	2704
1	3192
1	1901
1	2361
1	2241
141	2521
18	1947
1	2561
1	1761
13	2644
1	2092
105	2290
1	2354
1	2683
1	1614
1	2526
1	2945
20	2057
1	2541
39	3442
1	2205
53	2873
108	2057
141	2612
18	2099
1	2356
20	2868
577	2677
1	2059
8	2391
1	2527
11	2543
37	1858
251	3302
1	2711
17	3039
1	2388
1	2003
13	2185
29	2769
1	3183
40	2335
809	969
778	1372
1	2188
1	2632
1	2062
1	1938
138	2502
1	4436
1	2582
1	2127
107	2753
56	4271
1	3042
781	1166
4	1509
135	2980
7	2334
219	2562
1	1851
1	2783
181	2165
1	2576
313	2213
1	2156
34	1775
258	2982
523	2611
210	3077
1	2334
1	2813
1	3037
1	2780
1	2044
3	1448
46	2960
1	2081
169	2582
1	2064
117	2112
1	2131
86	2491
1	2798
1	3059
237	2835
38	2319
90	2268
233	3250
18	2229
1	2130
23	2151
1	2497
1	3135
217	2764
22	2264
85	2964
1	3172
1	3160
61	2002
1	1896
3	2876
86	3258
1	1615
88	2750
1	2072
1	1871
1	3351
1	2232
14	1749
1	2319
77	2067
1	2774
1	2474
1	2484
381	3638
1	2188
153	2701
458	3358
1	2515
1	2279
1	2377
76	2856
1	2192
59	2841
1	3326
197	4153
1	2631
1	2280
452	2839
1	2575
41	2557
92	3642
1	2347
59	2021
1	3041
1	2801
173	3641
129	2816
1	1931
95	2543
1	2154
1	2077
36	2325
1	3007
459	2739
82	2266
1	2226
110	2692
473	2738
1	2334
192	2819
316	2232
171	2689
333	3053
1	2180
1	2167
113	2443
1	1245
76	3039
32	2198
1	2123
1	1670
1	2528
1	2482
1	1231
44	2090
1	3159
1	1953
1	2362
1	2178
398	2058
40	2469
1	3052
67	2797
54	2971
103	3175
170	2247
40	4071
1	2212
416	2605
1	2529
238	3290
36	2706
1	2347
1	2423
1	2563
208	3005
282	2853
1	2208
1	3037
24	1885
1	1795
276	2401
6	2393
158	2729
1	2018
1	2026
58	2147
1	1970
1	2980
250	2589
1	2308
1	2395
310	3560
10	2257
80	2113
1	3510
1	2237
122	2916
88	2480
4	2692
1	2383
51	2328
221	2395
64	3202
98	2358
4	2485
83	2333
263	3177
20	3254
1	1492
90	2587
1	2236
29	2336
464	2691
1	2041
1	2096
142	2901
27	2650
143	3317
85	2414
431	2234
8	2573
1	2627
119	2728
1	1491
1	1656
74	1604
1	1977
1	2729
46	1999
63	3701
75	3016
1	2512
1	2261
1	2661
1	1925
1	2668
21	2286
13	1554
344	3033
67	2301
1	2552
44	2362
521	2794
31	2381
203	2981
1	2249
1	3011
64	2516
1	2428
1	2470
7	2662
1	2117
38	1602
1	2396
1	1861
1	2497
174	2311
1	2089
58	2335
345	2424
1	3407
1	2264
1	1925
123	2457
1	2293
69	2394
76	2018
27	1484
220	2935
1	1881
1	2314
203	2140
1	1587
55	2203
266	2326
6	2431
233	2992
1	1832
1	2209
8	2309
14	2529
44	2658
46	2542
256	1990
62	1790
1	3153
10	2316
92	2514
65	2431
1	2489
19	2362
53	2315
1	2689
155	2803
1	2201
1	2378
1	1936
1	2618
1	2251
1	1878
1	2182
1	2081
94	1848
362	2705
349	2878
1	2984
1	1940
734	1349
24	2266
1	2037
1	2231
1	2178
236	2368
42	2468
139	2206
1	2770
1	2995
1	1794
1	2062
1	1907
1	2408
215	3603
150	3128
480	2117
10	1981
1	2153
107	3089
1	1920
296	1769
435	2450
1	2800
192	3205
1	2067
1	2229
490	2946
58	1991
1	2338
1	1572
208	3046
1	1735
1	1935
1	2390
120	2619
218	1818
261	2678
614	2711
348	3061
39	2279
1	2150
334	2375
9	2459
77	2217
1	2135
69	2210
1	1584
1	2459
23	2634
468	2901
1	2507
1	2384
1	2617
182	2693
147	3314
1	2407
51	3575
250	2660
51	4031
303	1869
51	2818
1	2024
1	2142
1	2491
1	2821
36	2675
1	2198
1	2569
274	2858
1	2027
15	2383
1	2078
1	2220
5	2323
3	1762
114	1792
1	2410
1	1592
149	3415
384	2023
81	3143
1	3248
64	2962
1	2708
1	1913
1	1539
1	2016
124	2412
1	3657
158	2778
1	2437
101	2667
1	2060
58	2415
1	2738
1	2174
8	2439
258	3028
74	2893
1	2290
214	3279
14	2390
7	2116
241	3691
70	3018
41	2931
44	2200
652	1741
182	3659
63	4119
1	2360
1	2693
392	2367
133	3795
119	2294
1	1929
249	2644
1	2059
65	2784
303	4446
1	3994
1	1876
82	2948
41	2520
1	2288
1	2856
20	1841
1	1957
225	2759
1	2620
91	2370
1	2488
120	2892
1	1770
278	2373
1	2221
1	1775
274	2730
280	4112
59	2629
63	2742
101	1979
1	1812
12	2149
169	2101
1	2058
197	2983
1	2162
1	2649
1	1755
54	2713
1	2229
1	2580
127	1633
431	2873
413	2963
21	1953
17	2306
27	1995
247	2415
348	2951
50	2344
85	1968
476	2594
58	2607
79	2334
164	2502
1	1911
1	2384
1	1349
1	2763
1	2389
1	2483
317	3081
107	1806
2	1785
36	2750
1	2864
70	2250
78	2292
1	1999
805	1130
1	2084
25	2147
1	2010
111	2504
431	2664
61	3087
1	2379
8	2877
53	2648
1	2477
7	2072
60	2624
1	1813
1	2179
1	1731
1	2677
674	2032
520	2388
471	2726
1	2037
1	2791
1	2894
347	3776
50	2516
1	2102
30	2730
1	3083
1	2448
77	2139
115	2180
1	2983
14	3134
1	2288
1	1847
3	2201
1	2138
1	1696
87	2153
1	1808
455	2568
252	3670
1	2586
1	2626
48	2296
1	2409
1	1705
148	3252
65	2534
1	2519
92	2586
1	2399
9	2085
21	2460
193	2744
1	3013
330	3411
88	2787
1	2590
49	1778
18	2312
1	1895
318	3120
433	1940
80	2350
317	3195
20	2571
587	2132
19	1873
1	1828
1	2000
130	2530
378	2812
1	2090
1	2317
1	2146
1	2649
1	2623
1	2186
1	2106
1	2036
1	2408
112	2907
42	2595
1	1937
124	2279
1	2191
1	1960
30	1828
161	2689
1	1684
32	2310
397	2649
1	1605
145	2833
168	2534
32	2011
114	2411
1	2069
1	1972
1	2069
67	2290
1	2291
425	2602
1	1409
1	2169
1	2578
1	2943
258	3758
343	3438
249	3668
139	2467
33	2513
184	2146
1	2182
1	1765
28	1732
35	2329
1	1979
1	2276
1	2050
1	1964
92	2216
254	2786
811	1043
192	2831
1	2384
1	2311
1	2330
114	2490
1	1757
1	2770
1	2525
149	4564
1	2667
472	2197
455	3150
1	1954
157	2686
1	2233
1	1707
1	1772
83	2590
71	2344
1	1927
1	2793
1	1828
1	2294
39	1817
55	2810
90	2050
69	2772
1	2388
58	2194
57	2086
1	2078
1	2321
46	2457
142	1806
97	3128
69	2810
1	2224
587	1922
27	2443
1	1752
1	1888
1	1743
28	1877
1	2795
55	2623
1	2414
1	2326
211	2752
165	3386
280	2588
222	2820
1	2366
24	1712
1	2868
34	2437
20	2476
26	2721
1	2000
143	2579
99	2406
2	2261
1	1990
1	1737
64	2897
1	1945
1	2549
721	2247
170	2694
1	2664
30	3062
1	1979
85	2158
1	2060
1	2274
32	2676
1	2366
3	2249
8	2594
219	2229
1	2422
1	2328
1	3018
11	2105
199	2966
21	3148
1	2315
1	3355
1	1844
383	4077
25	3074
1	1793
3	2637
151	3536
1	1766
502	2777
313	2546
160	2591
6	2777
101	1911
1	2185
12	3315
1	2851
1	2261
69	2148
47	2193
1	2499
48	3128
71	2572
1	2361
1	2193
1	2143
1	3129
189	2041
80	2583
319	2534
129	2175
66	4565
116	2780
44	2017
471	4069
792	1377
1	1156
124	2167
57	2747
11	2489
167	2813
1	2053
476	2297
1	2938
1	1908
260	1758
1	2204
1	2138
1	2111
1	2241
68	2962
16	3081
82	3048
6	2326
1	2493
1	2779
1	2252
1	2033
44	3464
5	2223
1	1878
1	2368
124	2306
1	1818
1	2667
1	2507
1	2376
424	2656
46	2342
420	2832
171	2833
520	2571
826	935
75	2269
1	1413
1	1683
169	2481
191	3728
1	4206
99	2602
1	2535
124	2929
95	2707
1	2329
1	2625
12	2073
34	2301
1	2305
1	3747
43	2544
1	2213
279	4184
1	2095
1	1999
64	1392
300	2173
1	1972
10	2095
1	2289
794	987
1	1942
355	2814
313	3085
86	2978
1	3289
76	2766
1	1436
148	2791
327	3090
1	2600
1	2252
35	2568
60	2808
1	2027
291	2423
251	2923
1	1848
1	2667
258	2563
55	2078
58	3092
22	2866
69	3173
1	2565
1	1882
1	2660
22	3009
1	2497
15	2118
28	2075
1	2262
205	2674
1	2289
247	2388
34	1714
50	2238
1	2043
1	1388
40	3606
81	2610
1	2169
1	1706
153	3005
6	2425
57	2236
6	1886
1	1570
1	2103
130	2875
60	3818
1	1839
1	1864
390	2443
238	2146
29	2396
55	2288
1	1647
1	2500
1	2143
765	1532
35	3104
1	2278
1	2013
1	2605
298	2928
76	2497
120	2122
1	2411
1	3036
473	3408
1	2198
1	2347
210	2189
99	3003
1	2789
1	1282
27	2394
1	2030
1	2115
66	2814
1	1861
1	2235
1	2398
122	2365
61	1801
7	2280
210	3169
40	2866
1	3008
18	1912
1	1904
61	1695
1	2131
1	1911
55	2038
1	2175
1	2482
203	2851
1	2722
360	2473
1	2271
1	2440
1	3161
41	2259
115	2267
1	2356
391	2597
167	2447
54	2554
287	2442
288	2089
8	2261
1	1798
1	2433
1	2996
1	1919
1	2991
15	2415
21	2093
24	2110
54	2618
94	1806
150	2653
182	2855
289	2089
227	2253
17	2628
1	2149
121	2785
1	2258
234	2302
154	2143
298	3712
1	2423
1	1602
8	1954
66	1908
34	2515
96	2037
1	2416
48	3707
255	3325
273	3577
3	2729
1	3877
52	2589
1	2120
153	2417
65	3770
297	2777
289	3380
1	2175
1	2509
77	3281
1	2534
383	2919
11	2641
56	2339
1	2579
1	2152
1	1852
1	2023
85	2471
1	2352
43	2476
1	2197
11	2091
59	2850
1	2796
150	1336
145	3476
1	1906
282	2725
442	2665
1	2336
218	3590
239	3034
1	2164
1	3429
1	2464
1	2339
41	2340
206	3033
1	3295
154	3671
1	1837
1	2620
49	2387
1	2530
73	1732
1	1815
17	2747
5	2182
121	2470
31	3232
55	3118
72	2493
1	2133
383	2666
1	2485
23	0
1	2975
1	2438
1	2235
1	1885
16	3350
101	2333
253	2886
24	1712
1	3396
37	2409
194	2726
120	2380
1	1466
102	1864
1	2563
1	2459
49	2197
30	2116
1	2510
1	1808
1	1845
218	2556
478	3109
19	2224
272	3025
6	2382
1	2077
124	2391
432	2186
46	1948
398	3664
28	2824
39	2548
394	2746
14	2197
1	2135
1	1537
1	2254
78	2151
381	1902
239	2509
130	3495
1	2127
57	2484
1	2345
22	2740
1	2670
1	2281
1	2871
1	1925
1	2306
207	2994
5	2824
677	2314
1	2097
1	3355
1	2491
10	2230
61	2525
25	2517
1	2271
1	2346
84	3131
1	2126
1	1540
377	3090
1	1852
159	2887
1	2029
823	934
60	1787
98	3482
63	2598
219	2679
352	2242
50	3113
1	2535
113	3110
37	2027
1	1763
187	3809
264	3613
1	1767
1	2126
86	2023
1	2484
1	2205
84	1996
100	2899
1	1804
471	2170
1	2862
140	2667
147	2494
9	1720
318	2580
84	2644
196	3032
76	1969
1	2304
1	3390
5	2391
449	3430
134	2541
1	2308
5	2323
20	3604
71	2507
112	2148
76	1965
252	3428
346	2667
1	2383
28	2196
1	2560
51	2595
1	1831
5	2694
11	2157
68	2923
43	2608
38	2042
65	2591
1	2860
273	2851
1	2617
4	2456
49	3090
75	2181
1	5343
1	2470
1	2351
1	2219
1	2580
8	2594
255	3166
84	2846
1	1946
470	2524
1	2199
157	3048
27	2140
1	2213
115	1580
18	2019
295	2873
51	2011
11	1334
70	2428
1	1962
11	2117
186	2172
56	2033
4	2685
143	2175
1	2185
1	2428
125	2710
10	2166
50	2222
340	2598
121	2252
121	2617
1	2498
424	2657
1	2056
1	2044
1	1825
1	2203
1	2492
77	2293
13	2299
1	2194
14	1813
1	3672
375	3258
35	2047
221	2734
1	2910
1	2023
274	2933
143	1957
1	3563
1	1688
1	2467
1	2257
40	1107
1	2534
1	1960
830	711
1	3355
178	3751
1	1743
1	2165
93	2030
1	2158
1	2678
59	2866
9	2493
54	3878
49	2633
1	2389
1	1924
43	1999
131	2896
1	2292
1	1950
834	856
1	4516
329	3226
1	1899
656	1820
56	2014
469	2471
1	2464
55	2734
1	2293
1	1688
1	2018
12	2071
63	2296
364	4453
227	1667
1	2228
56	2977
1	2135
1	1676
72	2129
118	2277
1	2169
1	2710
1	2312
1	2341
1	2279
1	2211
439	2310
107	2171
654	3134
398	2178
375	2648
1	3526
42	2208
24	2384
304	2664
1	2263
1	2588
274	2770
1	1990
309	2868
56	3394
1	2183
471	2445
1	2326
1	2385
16	1792
130	2219
1	2354
25	2579
181	2496
1	2371
595	2491
1	2387
117	2636
1	2495
1	1533
470	2780
50	2632
329	1712
74	2233
59	2363
283	2630
444	2637
31	2563
41	2182
36	2124
100	3059
1	2425
1	2230
1	2805
1	2014
1	2119
90	2439
1	2191
404	2636
70	2405
1	1939
1	2445
72	2662
1	2562
12	2594
21	3972
1	2239
1	2461
1	2636
1	2815
74	2095
1	2193
343	2820
1	2238
199	2435
300	2755
324	3079
1	2350
12	2356
1	1671
45	2979
1	2478
56	2299
23	2074
1	2229
1	1718
1	2646
10	2635
64	2410
1	2714
1	3524
285	2520
1	3284
207	3031
155	2926
1	1885
11	1872
38	1896
1	2565
28	2653
56	2349
1	2218
44	2407
1	2271
1	2036
185	3253
293	2321
832	818
82	1590
77	2217
364	2962
112	2371
119	3680
1	2832
114	2188
464	2209
91	2301
1	1847
82	2973
1	2019
105	3952
36	2111
478	2301
4	2005
55	3640
1	1726
61	2971
1	1887
50	2123
389	3269
1	1883
1	1857
1	1961
1	2380
1	2704
46	2135
2	2503
137	1729
419	2993
354	2284
249	2981
707	2413
1	2092
1	2270
1	2546
46	2317
172	2843
251	1994
121	2309
1	2166
1	2425
1	2045
50	1587
99	2244
1	3412
1	2044
1	1676
388	2692
1	1997
25	2643
195	2856
1	2481
280	2504
31	2232
373	2407
1	2236
1	2416
30	3585
253	3020
1	1662
171	3226
1	1862
328	2933
1	3087
9	2056
1	1492
1	2855
1	1815
71	2275
1	3217
282	2882
1	2421
27	2138
13	2397
1	2040
19	1962
271	2817
1	3643
28	3448
1	2285
124	2952
106	2590
119	2289
131	2980
1	2097
40	2236
29	1826
64	2503
385	2706
1	2036
1	2396
1	2259
1	2688
1	2624
222	3104
1	2459
129	2849
1	2599
1	2557
1	2100
1	2248
65	2188
49	2083
121	2365
328	2741
106	2628
116	2437
373	2650
1	1833
1	1456
1	2029
55	2065
833	869
1	2874
1	2640
53	2111
43	2382
1	2043
1	1746
1	2094
10	2317
124	1654
29	2435
182	2676
140	2472
1	2257
26	2153
1	2211
1	2138
1	2317
1	2568
79	2043
9	2412
19	2626
59	2967
1	2877
11	1642
1	2410
1	2505
54	2479
5	1574
9	2786
381	2980
46	3803
6	2397
132	2550
369	2336
1	2622
1	2468
204	2779
71	3000
104	3005
1	2745
15	1637
427	4319
1	2022
199	3085
25	2134
107	3043
1	2102
143	3101
39	2493
1	2342
44	1516
67	3231
106	2417
36	2705
8	1828
62	2053
18	2428
49	2347
25	1858
12	2653
1	2518
12	1846
634	1898
1	1556
90	2502
470	2750
69	2986
1	2244
1	2420
1	1510
1	1805
154	1604
126	3117
242	3025
7	3012
37	2703
1	2670
2	1927
121	1857
417	3023
29	1962
1	1685
19	2533
16	2811
281	2313
1	2036
41	2108
248	2906
1	2194
1	2629
1	2850
123	2481
3	2725
1	2245
1	2007
359	2587
1	2529
1	2325
1	2405
1	2096
131	1912
240	2712
452	2816
564	2328
14	3019
5	2358
1	2373
155	1916
1	1764
292	3110
32	2929
1	2528
281	3162
21	2416
133	2439
1	1811
1	2012
74	2099
65	3078
1	2581
773	1504
1	1392
1	2263
1	2364
37	2171
1	2328
1	2972
158	3165
1	2154
1	1982
1	1600
180	2699
1	2569
1	2006
1	2328
33	2398
1	2906
71	1761
1	2282
3	2194
1	1860
7	2041
431	2182
32	3039
1	2396
1	2234
239	2598
1	2376
60	3142
1	2328
1	1874
1	1942
119	2691
15	3034
1	2295
286	2675
1	2170
148	2620
58	2129
36	2663
166	2359
1	2298
404	3083
284	3080
1	1934
116	2069
1	2088
1	2439
215	2581
12	2226
1	1377
1	2423
1	2545
1	1855
44	2584
1	2023
1	2172
55	2403
1	2358
1	1086
833	958
2	2470
98	2660
3	1962
1	1723
8	2582
1	3463
42	2372
32	1629
33	2429
1	2328
13	2158
302	3553
1	1986
6	2650
4	2164
1	2451
224	4452
1	5757
86	2762
48	3010
1	2448
1	2265
1	2538
34	2649
71	2554
95	870
91	2738
27	2455
39	2782
392	2773
68	2716
1	2395
1	2832
1	2961
104	2889
726	1764
1	2595
1	1918
1	2301
1	2196
435	2313
1	2416
1	1314
19	2396
9	2462
125	2682
1	2158
466	3333
125	2978
1	1978
95	2575
1	2152
72	2458
33	2075
5	2256
355	3624
260	2579
1	2134
285	3554
1	2538
1	2295
1	2316
6	2303
1	3537
1	3277
80	2591
10	2348
8	2491
213	3506
128	3774
219	2656
251	2690
410	2383
28	2378
35	2087
1	2975
57	2116
1	3299
1	2169
31	2239
1	1855
274	2656
69	3558
202	2279
81	2059
1	2439
242	2685
1	2091
39	1940
185	2875
88	2683
1	1747
211	3587
425	1743
1	2205
467	3143
383	2791
14	2385
1	3416
153	2824
280	2791
1	2416
1	2480
1	1998
232	1986
1	1981
62	2696
39	2235
1	2557
1	2663
1	2287
21	2945
45	2568
1	2595
1	2201
23	2021
286	3174
42	2533
145	2863
403	2501
1	2398
86	2471
141	3290
18	2641
121	2890
127	3430
45	2750
128	1560
1	2661
122	2644
1	3675
1	2464
2	1695
54	2366
1	2176
52	4040
249	3307
278	3503
1	2445
248	2553
188	2199
1	1824
1	2199
253	2876
1	2116
45	2132
69	2260
50	2101
23	2290
77	2936
113	4428
1	2653
1	2288
163	3176
15	2264
42	2261
1	3516
268	3261
1	1396
1	2321
289	2950
396	2527
1	2718
51	1897
124	2781
1	2514
174	2854
43	2475
27	3265
395	2634
148	3025
266	2342
163	2557
1	2309
64	1884
503	3777
382	3553
1	2342
1	2485
119	2071
26	2919
1	1832
1	1997
20	2258
37	2668
230	3298
1	2172
1	2567
1	2513
1	2626
135	2615
367	3100
1	2116
1	3276
158	2299
9	2084
614	2347
230	3494
77	2279
242	2718
15	2562
1	2402
27	1962
23	2347
31	2591
40	2444
62	3212
139	2357
242	2520
385	2589
1	2525
1	2632
354	2969
37	2461
227	2746
1	1585
1	1729
1	1754
368	3550
1	1928
1	1973
5	2648
19	2067
1	1793
1	2351
35	2757
55	2737
3	2161
1	2391
1	2097
5	2158
3	2468
1	1657
1	3015
1	2267
132	2650
1	2214
50	2665
78	2443
1	2462
112	2516
168	2954
1	2447
478	3250
39	2442
1	2218
117	1812
1	2557
290	2132
1	3200
409	3876
1	1916
412	2970
327	2736
1	1761
470	3296
1	2321
63	1864
37	2765
117	1948
90	2766
1	2179
10	2475
1	3618
1	2654
1	2358
1	2516
1	3360
346	3850
139	3700
1	3001
1	2010
1	1773
1	2005
346	2871
113	2106
60	2003
1	2322
433	2950
12	2482
476	2707
160	2760
147	3300
1	2235
1	2317
518	2753
1	2442
1	2111
102	2503
64	2109
70	1987
1	1578
50	2104
112	2330
132	2295
141	3075
6	1994
1	3204
1	3948
726	1944
357	3641
1	2519
1	2558
471	2634
1	2583
7	2317
1	1840
1	2122
402	3100
1	2263
1	2514
475	2046
1	2282
1	2130
1	2630
483	2775
61	1674
345	3345
134	4161
1	2457
269	2745
1	1763
1	2281
1	1740
1	3128
1	2254
1	2686
54	2245
1	2518
85	2003
481	2608
8	2417
32	2242
39	2126
1	2147
3	3157
246	2895
29	1486
1	2164
1	1965
431	2544
1	3274
1	2826
1	2359
1	1681
1	2919
29	2039
242	3225
1	1841
1	3542
1	2383
153	2502
1	1967
1	2269
273	5033
77	2001
70	3097
8	2271
83	2221
26	2709
14	1777
1	1990
81	2453
1	2051
11	1817
1	2158
1	2146
24	2201
1	2427
1	2519
1	2029
1	2010
1	2143
1	1477
1	1879
296	2293
98	2724
367	3788
1	2358
307	2038
1	2804
83	3313
203	2492
1	3605
28	2747
1	1975
152	2907
28	1590
502	2922
10	2706
192	2803
525	2397
14	2292
1	2604
1	2167
450	3705
73	2281
1	2108
131	2066
235	1859
8	2237
35	2441
1	2010
1	3310
1	2786
1	1306
1	2330
1	2148
1	2687
312	2144
264	1996
1	2638
1	2453
466	2655
1	3435
1	2473
178	3096
72	2013
62	1915
1	1891
211	2676
74	2746
40	1937
384	2279
421	2527
80	3513
44	2665
1	3121
1	2287
129	2293
70	2113
1	1786
91	2281
34	2302
33	2531
34	2102
1	1389
23	2918
161	2510
1	3194
1	2713
68	2106
1	1896
1	1611
383	2546
26	1997
162	3097
289	2634
339	2477
16	1743
95	2077
1	2453
54	2696
1	2108
1	2292
29	1689
33	2989
1	2117
225	2606
1	2576
84	4098
1	2669
1	2758
1	2188
5	2501
1	3167
183	1936
1	1507
1	2338
383	4947
1	2429
1	2473
1	2021
34	2431
118	3030
249	2669
204	2359
1	2428
1	2584
1	2031
294	2990
1	2941
1	1522
57	1987
70	2124
194	2547
116	2847
1	2501
1	2531
1	2246
34	2329
1	1638
1	2292
1	2691
474	3577
1	2214
239	3054
1	2291
1	2125
1	2079
91	2489
35	991
1	3859
251	2411
1	1611
81	2930
166	3476
116	3071
396	2967
1	2069
110	2275
1	2004
1	2789
52	3601
677	1960
37	2312
1	1997
1	2363
61	2428
1	2277
1	2581
450	1917
57	2611
1	2442
1	2256
710	2167
1	2340
1	2106
51	2275
58	2250
35	4742
1	3183
267	2755
49	2326
17	2391
342	2564
46	1775
1	3151
1	2373
1	3650
1	1888
1	2176
76	2379
194	2669
1	1755
36	3482
266	2479
381	2653
1	3393
378	2640
80	1967
70	2213
404	2671
39	1754
1	3543
1	1593
141	2119
1	1998
1	2390
234	2411
12	2173
1	2284
282	2294
365	2393
1	3524
7	2228
113	2649
242	3108
1	2604
1	2317
41	3096
50	2945
185	2809
53	3243
1	1973
14	3310
78	3096
61	1607
1	2205
2	2516
77	2042
1	5322
53	2596
97	1912
205	3439
1	2707
157	2923
443	2773
387	2355
115	2949
1	2889
171	3724
67	2685
1	2489
16	2508
346	2910
96	2104
1	2261
77	2226
50	2260
76	2512
16	2247
230	2642
179	2205
1	1992
2	1434
36	2268
1	1705
66	2540
5	2151
195	2464
1	2016
1	1842
383	3353
511	2144
48	2335
1	2743
1	1905
1	2236
16	2700
426	2268
1	3253
1	2683
1	3021
1	2923
1	2446
1	2451
5	2152
1	2815
62	2311
359	3394
64	2408
79	2504
70	3275
70	2717
1	1813
24	2130
135	2319
51	2263
371	2198
31	2361
1	2724
189	2173
1	1848
76	2780
1	2245
40	2576
28	1722
254	2786
341	2608
1	2933
180	3337
1	2422
1	2679
1	1724
1	2940
26	2720
229	2697
1	3176
52	3560
18	2142
21	2336
59	2949
247	2763
33	2573
1	2691
39	2202
55	2706
89	1407
1	1960
66	2750
37	3297
127	2382
104	2145
1	2433
1	3330
1	2355
51	2288
45	2728
55	2468
1	2641
6	2128
111	2804
131	2790
1	2004
131	2099
1	2368
45	2490
1	3170
1	2668
1	1878
1	2094
47	3662
406	3118
1	1860
1	2344
1	2443
53	2197
451	2926
1	2821
1	2304
13	2408
1	1157
299	2474
1	1846
63	2029
11	1609
27	5011
280	2575
15	2261
7	2513
192	2515
1	3423
1	2645
1	1573
1	2227
1	2107
110	2232
1	2163
1	2566
130	1665
1	3117
27	1974
9	2498
1	2500
41	1986
1	2357
122	2654
150	2222
1	1977
1	2701
56	2517
32	2222
81	3141
110	2623
1	1798
27	2022
1	2943
13	2191
1	2201
1	2017
157	2344
1	2114
437	2663
1	2171
13	2646
74	2898
112	2769
1	2265
25	3478
1	1936
110	2538
84	3362
1	1665
47	2325
1	1514
1	2643
1	2897
1	2713
1	2268
1	2864
1	2436
1	1408
1	3147
22	2419
118	2332
1	2457
183	2261
1	3122
60	2183
51	1692
1	1465
115	2684
1	2011
88	2205
1	3501
52	3008
20	2206
1	2258
55	2059
10	2542
1	2729
1	2713
1	2236
266	2279
29	2550
1	3895
18	3053
85	1927
60	2515
1	2022
1	2493
1	1947
1	2238
691	2050
1	3130
347	4353
59	3371
46	2311
8	2324
1	2401
1	1023
330	2350
1	1988
268	2618
1	2276
1	3456
30	2073
11	2843
1	2674
423	2406
1	2026
1	2692
58	2497
45	4497
1	3828
380	2991
118	2507
32	2781
1	2553
1	2141
1	2134
1	1645
55	2524
105	1916
1	2152
13	1606
1	1897
141	2212
1	2618
15	2593
1	2551
11	2403
475	2906
1	2384
1	2476
327	3597
58	3381
2	2622
470	1449
518	2181
150	2139
1	2209
1	2049
31	3040
1	2326
1	2096
1	2068
207	3565
525	2669
1	2529
1	1670
1	3133
48	2628
1	2184
1	2692
1	2492
1	1926
339	2346
1	2488
16	2017
1	2096
154	2216
116	2952
24	2204
1	2070
53	2218
1	2143
71	1738
1	3319
233	2529
111	2504
252	3187
1	2571
1	2143
136	2431
156	2677
25	2488
1	2214
25	2887
1	1868
1	2131
1	9999
1	2500
208	2806
53	2539
1	2157
72	2364
169	2369
4	1953
44	2141
1	2415
7	2634
33	2149
1	2810
184	2917
41	2062
85	4755
10	1979
455	2508
1	2860
1	2912
1	2310
1	1523
47	1733
13	2834
1	2248
32	2836
38	3473
1	3003
1	1961
1	2235
1	2292
463	2271
1	2046
523	2017
5	1943
27	2432
1	2681
1	2099
1	2906
1	2276
1	3299
90	2768
10	2640
11	2927
296	4026
22	2372
1	2055
40	2380
1	1564
433	2642
1	2243
1	2491
254	1661
103	2876
122	2410
30	4209
89	3192
419	2972
319	3352
113	2443
17	2041
36	1884
1	2206
31	1889
69	2369
26	4304
182	2974
28	2273
1	2581
84	2793
1	3547
1	2226
1	2079
41	2770
1	1886
156	3324
22	2993
40	2708
62	3178
1	2431
106	2359
1	2132
1	3599
1	2544
447	1217
62	2398
1	2590
293	2901
1	2180
140	2248
1	2259
1	1833
1	2483
815	944
1	1846
1	2018
20	1868
471	3042
15	2336
14	2396
10	2678
35	3111
1	2283
1	2821
128	4097
1	2285
1	2440
1	1733
1	1645
75	2457
1	2253
74	1733
387	3792
1	2588
1	2523
1	1936
157	2852
1	3256
1	2315
71	2269
198	2703
330	3664
114	2491
1	3651
69	2534
148	3237
329	2538
1	2751
243	3875
1	1848
1	2026
243	4441
1	2381
1	2243
1	2395
51	2083
10	2278
1	2024
29	2545
494	2504
1	1742
47	2359
7	2083
1	4289
1	2375
109	2498
211	2857
434	2785
173	2440
54	3423
189	3184
211	2725
1	3094
523	2612
122	3163
1	2189
21	2730
445	2889
104	2671
317	1962
189	3665
1	3231
1	2136
1	958
1	2231
1	2535
124	3724
1	1189
1	2183
152	2739
236	2559
1	2441
91	2665
43	2560
1	1997
412	2458
52	2288
1	3166
82	2811
200	3912
108	1728
272	2070
9	2299
1	2123
23	2588
1	2020
1	2359
1	2541
432	2607
91	2011
749	1476
1	1893
1	1994
1	1909
178	2555
93	2163
243	2980
1	2659
11	2425
1	2098
82	2036
33	2544
1	2457
71	2378
1	2388
106	2724
54	1890
13	2719
180	2340
30	2516
1	3222
1	2637
118	3410
154	3472
1	1967
204	3299
184	3109
91	2933
10	2791
273	2060
62	2238
1	2242
317	3997
1	2673
1	2259
54	3127
1	1927
3	2344
1	3972
1	2571
97	2108
1	1839
451	4981
1	2117
62	3111
183	3349
10	2504
417	2075
1	2676
1	2618
55	1964
34	2040
387	4012
4	2674
248	3057
6	2082
245	2316
1	2097
1	2340
1	3009
1	2205
1	2753
33	3365
1	3610
1	2175
206	3541
335	2125
419	3187
53	2445
398	2661
1	1689
1	2617
1	2162
396	2562
11	2691
78	3013
1	2005
56	2122
40	2862
276	3255
108	2674
1	2688
1	1814
1	3101
211	2663
1	2712
1	2785
69	2074
1	2280
1	2073
194	3089
1	2023
314	2896
177	3402
33	2122
11	2369
1	2067
46	4088
1	2617
40	2117
1	1754
1	2938
1	2284
309	3181
25	2313
1	1734
1	2853
70	2231
1	1969
1	1807
65	2603
29	2266
1	2773
1	2690
1	2535
1	1596
30	2134
236	3920
1	2029
58	2711
16	2481
71	3045
21	4395
1	2401
78	2291
97	2411
1	2804
1	2487
74	2247
1	1795
1	2212
72	2973
1	2263
49	3237
98	3428
348	2933
100	2607
63	2096
69	2580
14	2012
23	2171
70	3150
138	2638
1	2366
1	2522
1	2399
172	1308
406	3348
160	2542
67	1684
28	1932
1	3021
771	1572
1	3491
1	1680
1	2202
1	2961
38	2389
117	2427
1	2051
54	3327
1	1925
1	2335
232	2884
120	2112
383	3321
1	1866
1	3474
4	2344
1	3123
1	2412
1	2769
1	2423
1	2435
1	2260
1	2836
1	1895
112	3054
73	2834
441	2263
7	2456
1	2706
74	2436
1	2718
40	3541
1	2302
1	1663
216	2904
55	3458
1	2283
1	1794
18	1768
1	4005
1	2311
82	3574
289	3085
57	2409
110	3508
1	2392
1	1794
68	1546
49	2406
27	4977
1	1813
114	2143
241	2272
1	2117
26	2433
126	1880
146	2924
256	2845
11	1648
1	2773
36	2151
33	3398
1	2968
1	2204
22	3889
1	2091
16	2039
1	2768
180	2340
1	3058
59	2765
1	1812
1	2703
1	2611
1	2370
1	1444
21	2683
1	2851
15	1755
4	2144
295	1777
201	2212
1	2787
1	2742
219	2126
43	4861
345	2660
126	2507
416	2624
1	1158
2	1955
33	2106
1	2574
200	2648
1	2414
1	2354
174	2596
1	1941
1	1789
31	2009
47	2117
58	2223
528	2353
215	3756
1	2146
1	2102
35	2358
1	2587
1	2979
20	2077
1	2771
1	1678
1	1686
472	2426
42	2674
76	2533
38	2766
62	2367
475	2716
63	3963
93	2796
1	1844
134	2578
1	2451
291	2333
24	2597
16	1502
477	2260
207	2377
102	2299
83	2283
138	1948
164	2724
1	2891
65	2427
17	3049
56	1797
74	2827
1	2556
1	2096
32	2402
1	1984
1	1844
1	2209
245	2586
102	2110
28	2479
1	2223
1	2335
459	2490
370	3040
1	2208
14	2533
177	2571
128	2114
1	2409
1	2357
56	2769
144	3121
475	2068
61	1909
1	2971
9	2064
9	1552
87	2261
148	1825
56	2269
224	2871
147	2324
1	2017
66	2656
80	2831
119	2854
24	2082
55	3386
115	3498
56	1249
33	2480
68	3245
7	2085
1	2192
201	2918
1	2422
1	1958
1	2056
1	2500
1	2567
8	2192
707	1642
251	3325
39	2365
174	3104
1	2083
59	2062
40	3400
402	2705
11	2236
116	3084
1	2231
1	1777
166	3217
1	3011
1	2304
426	2489
14	3377
206	2566
1	2722
1	1814
1	1681
61	2642
1	1956
1	2143
1	2156
119	1520
103	2629
1	2144
1	2110
34	2202
184	1995
253	2372
102	2127
1	1845
38	2281
40	2278
193	2693
208	3809
65	2140
17	2259
1	4325
43	2450
1	1668
7	2522
1	1986
1	1789
28	2764
1	2602
1	1830
1	3041
1	3272
252	2782
73	2076
1	2151
27	2466
69	2482
1	2445
9	2028
1	2318
1	2487
364	2698
1	1676
1	2595
44	1572
55	2277
454	2540
118	2927
28	2353
1	1814
1	2615
1	2590
1	1994
1	2776
110	2730
230	2527
12	2555
1	2312
108	3230
8	2517
1	2353
1	1800
12	2366
25	3546
429	3941
1	2177
159	1460
109	2099
98	1896
48	2545
1	3068
1	2564
6	2865
1	4502
1	2335
189	2632
386	2674
1	3252
1	1928
1	2264
160	2388
9	2331
1	1669
10	1585
1	2707
1	2007
150	2764
1	2164
481	2665
277	2142
57	2545
142	2851
1	2107
1	2272
55	2578
1	2537
275	3347
96	2937
142	2653
232	2898
12	3717
1	1814
90	2935
1	2468
33	2423
56	3195
448	3154
58	3348
65	2395
1	2026
1	2173
134	3072
1	2835
187	3706
1	1728
1	2467
45	2747
12	2194
48	2344
371	3028
1	1923
163	3033
1	3487
35	2683
1	2294
1	1896
1	1496
69	2370
53	1494
135	2186
43	2254
1	2093
199	2177
1	2172
1	1876
1	1447
1	2363
16	1855
1	1834
49	2852
62	2851
1	2455
7	2631
1	2617
1	1518
20	2048
7	2262
19	2390
1	2412
1	2072
1	2533
1	2287
1	2772
51	2438
3	2457
62	3388
472	1852
56	2036
1	2379
82	2625
1	2489
31	2018
1	2636
353	3362
1	3458
472	2211
67	2710
1	1436
1	2425
40	2995
1	1883
1	2883
1	2181
1	2125
6	1954
1	2613
44	2398
1	2513
245	5249
254	1761
449	2685
12	2416
207	3143
109	2339
7	2022
1	1968
1	2619
1	2528
89	1928
21	2677
70	3541
3	2243
1	1632
1	2408
332	3002
206	3865
56	1882
266	2630
1	2272
1	3139
96	1839
341	3611
41	2610
1	2251
1	2548
85	2494
1	2184
138	3035
467	2725
52	2765
1	2078
240	3828
26	1910
159	2633
1	1513
1	1947
1	2159
1	2430
1	2077
4	2222
5	2946
186	2640
82	2758
135	3164
68	2262
552	2597
317	2686
1	2754
1	2444
1	1906
176	2178
1	2307
56	2506
7	2550
27	1883
88	2443
13	2320
1	3080
1	3006
2	3084
130	2640
288	2422
1	2029
6	2035
131	3139
1	3562
69	2637
143	2553
1	2343
1	2253
20	1832
1	2462
9	2431
1	1741
1	3091
1	2977
1	2016
19	4439
1	3006
31	2865
2	1886
1	2428
507	3440
1	1685
1	2719
1	2247
337	2225
1	2278
222	2830
401	2806
1	2343
518	1955
24	1538
280	4149
208	4306
54	2364
215	4120
1	2059
1	2790
68	3410
118	3144
31	2383
1	2065
95	2532
293	3169
59	2298
97	2487
1	1896
1	2526
70	2641
7	2095
66	2346
1	2496
1	2064
23	2583
1	1904
1	2454
37	2512
1	2496
58	1603
130	3207
1	1763
14	1685
385	2252
1	3401
1	3415
1	1839
74	3419
245	1737
375	2391
1	1751
97	2321
318	2516
1	2266
1	2856
1	2164
1	2369
1	2979
1	1645
1	1761
31	2600
168	2673
235	2790
82	1616
1	2369
8	1680
1	2060
474	2447
1	2564
256	2131
14	1938
26	2079
1	2162
164	2588
1	2125
281	3112
1	2870
1	1884
5	1383
65	1876
87	2144
1	2487
8	2657
42	3313
1	2590
174	2986
157	3206
18	1728
1	2470
1	2258
1	2388
46	2749
1	2429
117	2329
1	2313
1	2813
166	2668
1	2588
1	1901
76	2269
127	2487
105	4040
234	2665
39	2693
60	4055
1	2246
64	2284
1	2834
80	3686
309	2556
21	1679
102	2088
178	2561
156	2724
1	2254
1	1634
300	2740
1	2392
6	2149
830	1295
1	1625
800	967
380	2639
438	1840
1	2203
279	1519
1	2176
117	2602
1	2461
393	4071
31	1768
12	2391
1	2210
101	2430
1	2829
1	2576
1	2344
1	2362
76	2611
45	2563
113	2619
62	2431
1	2329
1	3146
1	2263
9	2286
48	2260
1	2105
62	3083
1	2796
5	1929
193	3660
355	2835
1	1640
8	1533
42	2156
241	2695
68	2445
1	2034
1	2005
80	2442
5	2535
1	3234
122	2483
1	2153
27	2156
1	2461
1	2445
412	3344
1	1985
1	2307
1	2104
153	2598
1	3238
1	3930
177	3014
1	2384
1	2987
123	2838
291	3465
1	2142
38	1660
1	1693
1	1942
64	2521
25	2931
15	1709
451	2264
9	1925
1	2240
253	2337
1	1750
1	2508
87	2519
94	2818
1	2802
69	2626
356	3026
1	2043
433	1905
1	2381
360	3287
1	2304
1	2573
1	1961
1	2527
237	3846
37	2593
242	3120
1	3080
1	3606
1	2578
1	2759
47	3331
60	2359
342	2625
162	2810
61	3609
1	2059
701	1978
434	2937
60	2334
56	2992
76	2967
345	3219
1	2189
59	3121
10	2749
1	2546
88	2641
53	2266
53	3196
1	2033
41	3065
1	1721
414	2217
1	2056
460	2581
1	2583
1	3087
1	2419
1	2280
335	2883
412	2628
7	2138
126	2778
111	4337
357	4132
151	2583
1	2110
1	2254
1	1967
1	1848
438	2691
218	2854
63	2882
86	2304
1	1840
2	2654
320	4302
12	2521
1	1920
403	2581
102	2141
17	2633
705	1976
217	2811
99	2912
248	2569
1	2088
1	1898
1	2082
47	2640
22	2380
1	2462
10	1507
1	1892
102	2418
94	3560
1	2597
138	2743
1	2392
131	2798
261	2643
470	2128
45	2728
1	2132
378	2326
1	2412
8	3960
1	1543
33	2484
1	2357
14	3292
1	1868
1	1909
1	2144
1	1642
366	3536
1	2166
22	2300
58	2460
1	2233
465	4447
1	1953
1	2036
349	3143
62	3272
193	2675
24	2808
148	2634
1	2031
131	2622
58	3189
1	2727
1	2195
1	2095
276	3084
22	1340
371	4031
1	2084
1	2474
1	2197
1	2041
1	2102
1	2046
285	2797
1	2328
183	3070
71	3231
1	2634
4	1937
1	2171
44	2456
1	1662
77	2297
1	2483
1	1795
677	2074
1	1258
16	2399
62	2530
472	2525
13	2247
274	2822
1	1995
520	2366
420	3614
421	3801
1	2552
1	2539
28	2186
1	1981
119	2431
71	2524
343	2605
1	2147
1	2457
1	3494
47	2114
1	1605
278	2433
90	4080
427	2098
274	3169
192	3189
52	2256
58	2493
47	3020
1	2603
275	2539
76	2413
1	2815
1	2138
1	2525
1	4010
1	2169
30	2034
1	2009
1	2526
1	2699
220	4138
1	2655
80	1865
156	1553
43	3467
85	1841
29	2171
61	1890
1	2142
814	1214
1	2338
40	2003
1	1925
1	2773
1	1929
1	2274
179	4598
1	1935
27	3246
24	1557
262	2287
37	2055
405	2870
104	2676
106	2735
1	1991
1	2229
1	2161
83	2098
25	2867
1	2281
1	1784
1	1955
1	2135
27	2282
1	2039
1	2843
378	2359
1	2058
20	1993
1	1653
366	2638
290	2699
1	2816
61	2377
34	2851
1	1986
1	1782
70	2850
31	2191
466	3650
78	2903
46	2700
1	2430
1	2461
75	2237
84	1911
1	2488
36	1888
1	2898
1	2120
1	2057
1	2230
283	2908
1	2039
110	3013
1	1676
58	2661
1	1844
24	2554
1	1702
120	2843
139	2533
1	3045
1	2299
9	3092
435	2365
516	3074
1	2714
125	2394
1	2295
1	2596
130	3236
80	2186
281	3479
77	2359
1	2146
23	1972
248	2540
157	2538
1	1952
364	2442
1	2806
386	2815
1	2473
1	2380
1	3348
366	2780
44	3027
52	2632
1	2431
277	2730
1	2363
1	2163
150	2781
1	2371
41	2175
153	2214
1	1954
50	2573
93	1779
1	3546
273	2720
11	2333
286	3687
1	1929
438	2235
147	3827
4	1909
234	2521
8	2863
1	2278
1	2703
136	2793
1	2089
200	2402
1	1903
359	2870
108	2454
1	2983
3	2390
93	2324
35	2394
1	2152
1	1652
1	1854
24	1819
319	2462
65	2949
417	2725
1	2127
1	2635
1	2090
1	2108
104	2372
46	2778
131	4041
1	2415
1	2395
55	2984
1	1976
1	2245
464	3779
1	2202
56	2233
1	1891
1	1993
103	2306
1	2192
1	2333
15	2120
1	3372
167	2376
1	2636
29	3480
446	2509
71	2420
1	2324
1	2007
1	1801
1	2129
1	2449
1	2368
284	2681
209	1771
1	2079
1	2945
1	2405
1	2057
268	2915
1	2553
1	1566
64	1669
1	3528
1	2147
437	2595
477	2313
44	2008
1	2529
158	2755
92	2520
1	2860
1	2591
182	3796
1	2403
56	2579
1	3360
1	2215
1	2177
1	2844
35	2117
1	2426
629	2683
356	2614
1	3032
1	3133
29	2505
371	2931
1	2372
1	2272
711	1657
3	1833
1	2069
1	1813
1	1867
1	2607
1	2480
1	2198
62	2788
1	1688
122	3491
1	2513
16	2430
206	2141
296	2371
1	2356
1	2193
1	2343
1	1782
1	2293
46	2986
1	2710
144	2662
437	2453
13	2794
14	2635
1	2963
1	2174
1	2648
5	3159
440	3243
1	2294
42	2984
1	2566
1	2089
7	2508
604	2866
1	1977
1	2150
1	2306
1	2525
8	3035
1	2092
105	3216
86	2151
284	4336
1	2575
1	2601
1	2729
116	2507
1	2092
463	2707
103	2501
89	3018
521	2856
1	1963
1	1514
1	2306
124	2179
17	2342
18	2399
23	1892
55	3398
1	1297
69	2284
70	2441
1	2282
1	2266
390	3051
247	2408
37	3178
1	2152
613	2148
339	3350
149	2401
8	1762
365	3933
1	1885
1	2351
33	3015
345	3449
1	2692
1	3219
1	2767
33	2272
1	2107
105	1921
17	2193
1	2300
31	2109
1	3322
397	3581
487	2703
1	2487
1	2358
1	2029
1	1896
1	2521
58	2518
1	2054
24	2112
1	1938
14	2118
1	2556
18	1653
16	1570
130	2900
31	3024
113	2999
507	2357
352	2729
15	2424
54	2935
1	2687
440	2173
1	2885
1	3016
1	2047
1	2187
64	3114
248	2941
348	2508
50	2499
1	2289
1	2560
1	2530
1	2128
1	2118
23	2126
16	2032
193	3354
1	2126
1	2419
257	3399
1	2786
1	2558
1	2626
1	2611
21	2218
59	2043
21	2527
1	2420
1	2160
24	1537
236	2990
1	2275
1	2485
1	2131
1	1962
1	2121
60	2203
441	2780
1	2127
66	2462
1	2308
512	3716
1	2393
121	3235
1	1828
1	2021
38	2469
1	2392
1	2793
1	1989
79	2357
1	2024
47	2366
1	1940
294	2969
5	2436
29	2818
38	2228
374	1826
80	3094
21	2585
508	3625
176	3501
20	2264
1	2282
1	2055
54	2418
112	2835
104	3326
1	2934
1	2555
1	2124
491	2624
1	1633
1	2288
110	2885
500	1962
1	2588
112	1921
1	2166
408	2669
1	2072
1	2672
19	2550
7	2343
1	2282
154	3122
358	2455
42	2841
1	2453
1	1656
325	2786
63	2610
1	2251
1	2000
282	2367
1	1457
1	1956
215	3338
1	1749
719	1376
112	2928
1	2143
27	2899
9	2515
1	2616
1	1822
279	2972
43	1830
168	3036
1	2255
1	2060
149	2473
1	2217
1	2393
71	3139
133	2360
118	2450
48	3136
97	2593
192	4054
5	1551
1	2123
1	2742
37	3400
1	1688
32	2122
1	1795
1	1960
281	2312
1	3023
259	3689
1	3255
833	728
70	2805
1	2744
69	2021
1	2915
3	2427
65	2526
164	3244
1	2120
105	1825
66	2626
77	2331
1	1709
1	2267
519	3400
127	2198
560	2507
72	3096
1	2592
281	3596
1	1972
1	2173
1	2542
12	2356
1	2856
126	2299
1	2576
89	1953
44	2497
1	3130
336	2809
1	3106
1	2550
1	2131
79	2771
96	2403
1	2996
1	1934
216	2583
90	2299
7	2363
78	2465
42	2736
20	3100
9	2051
85	2228
1	2067
24	2104
1	2253
1	1942
1	1898
149	2612
1	3695
1	1924
1	2406
1	2401
188	2778
1	2628
110	2412
448	2702
10	1992
1	3122
1	2502
104	1318
583	2347
1	1657
1	2453
55	2013
141	2738
425	3266
38	3134
1	2528
355	3074
1	3093
1	2194
1	2056
106	2658
110	2350
70	2932
150	3251
138	2285
126	2449
111	2400
17	2470
9	3439
522	2088
120	2780
97	2870
1	2147
137	2679
42	2826
61	3275
1	2445
1	2172
12	1737
106	2910
1	2551
128	2689
1	2119
1	2477
394	2590
23	2042
1	2483
39	2464
340	2868
1	1550
66	2262
1	1923
174	2656
1	2105
81	2433
1	2820
62	2252
74	3387
467	2248
1	2174
92	3344
31	2541
96	2512
103	2532
229	2831
1	2322
91	2988
1	2208
1	1815
1	3039
1	2039
64	2524
67	1923
1	2063
1	2498
297	3097
78	4871
249	2422
107	2967
1	2019
1	3059
1	2146
7	2046
25	2518
13	2813
414	2146
1	2248
4	2082
1	2185
1	2624
1	1422
1	2390
59	2262
1	2288
1	2384
1	2564
107	2985
141	2473
1	2610
118	3376
22	2267
77	2508
1	3218
154	2117
175	2481
52	2941
1	2128
204	2191
182	1946
1	2340
1	2433
67	2294
1	2190
6	2529
1	1955
1	2281
1	2096
1	2796
93	3555
33	2808
6	2491
1	3708
1	2921
1	2395
1	2325
42	3492
157	2238
477	2786
49	2353
45	2687
689	1831
68	2211
177	3102
1	1810
1	2422
1	1616
1	3781
14	2332
1	2531
63	2209
28	1763
58	2887
177	2960
1	1828
1	2311
1	2274
143	1863
379	3526
1	3107
51	2271
122	2657
1	2157
137	2486
184	2317
1	2329
1	2398
12	2821
1	3058
4	2212
179	1609
284	2688
35	2042
114	2291
66	2605
1	3380
1	2267
35	2760
112	2142
1	2306
103	2570
149	1146
1	2698
17	2674
1	2727
25	2501
11	2656
1	1521
204	1698
1	1821
357	3685
142	1766
455	2948
11	2069
1	3299
1	2072
1	2294
206	3529
1	2972
94	2350
1	2479
1	2027
1	2865
175	3296
1	1765
98	2050
255	2589
87	2844
1	2772
265	2484
40	3267
332	2230
1	3043
49	2796
344	3115
1	2775
342	3899
3	3004
91	3704
3	2219
373	3310
1	2177
835	1359
1	2306
1	2219
1	2110
1	2169
1	2275
266	2424
1	1873
1	1926
139	1890
1	1974
1	2820
1	2881
37	2269
38	2990
1	2758
1	2333
1	2733
17	2799
103	2897
1	2256
5	2280
241	2512
1	1809
184	2903
49	2948
1	2828
1	2134
16	3982
364	2880
1	1925
3	1738
33	2097
40	3193
1	1864
1	2671
1	2658
1	2773
1	3286
60	2001
1	2123
1	2245
74	2817
1	2752
73	3493
1	2900
363	2677
7	2356
1	2017
81	1765
17	1947
50	2243
1	2987
115	2694
425	3510
1	2035
1	2242
228	3112
1	2066
29	2062
173	3456
204	2433
1	1855
1	2938
63	2142
140	2223
274	2305
224	2398
63	2257
1	2613
1	2230
1	1958
1	2299
1	2097
363	2709
1	2215
64	2474
1	3355
121	1896
45	2877
75	2627
1	2095
1	1993
34	2215
1	2681
51	2593
7	1960
99	3049
15	2063
1	2188
207	1744
107	2496
33	1898
1	1855
58	2125
1	1731
1	2333
1	2214
1	2077
44	2378
1	2369
1	2876
1	2628
158	2907
71	2601
191	2144
361	3530
54	2716
294	6794
1	1972
33	2007
115	2558
832	1305
1	1900
76	2410
32	2771
27	2444
66	3398
1	2463
184	2755
106	2207
1	2776
1	2073
185	3525
37	2395
1	3099
373	2715
422	2984
1	1997
72	2018
1	2089
55	2197
44	3014
79	2407
323	3820
24	2904
47	2231
1	1523
25	2498
62	2699
71	2926
1	2225
46	2320
1	3019
1	2086
1	1895
3	3483
29	1751
1	2880
50	2211
1	2416
193	2890
101	1834
827	728
1	2609
1	2204
69	2347
1	2500
39	2533
142	2891
1	2193
114	2814
11	2062
30	1994
1	2997
1	2768
1	1956
74	3289
10	2309
1	2550
1	2172
1	2790
10	1978
1	2472
1	1634
1	2181
108	2924
377	3120
1	2376
120	2677
1	1446
40	2067
1	2047
94	2399
1	2590
1	2552
1	1991
70	2541
1	2491
1	2106
247	3277
1	2060
1	3185
1	2595
1	1909
190	2174
1	2414
1	3567
129	2285
439	2446
1	2517
48	2412
1	1880
1	1956
54	2116
8	2446
78	2798
41	2216
1	2183
11	3175
1	3154
1	2317
44	3313
61	1928
1	1904
464	2800
1	2629
6	2293
1	2462
1	3070
36	2232
36	1988
1	2340
166	2432
7	1965
1	1888
42	1674
70	2512
137	1760
1	1892
4	2308
128	2956
1	2138
8	2503
61	2399
81	2704
18	1996
1	2552
45	2356
1	2490
1	2471
1	2461
22	2179
65	2376
53	2337
514	3106
1	2558
1	2466
1	1668
196	2064
69	3401
236	2254
1	2350
24	2964
15	2112
6	2475
1	2036
16	2137
1	2532
1	4182
83	2472
1	1700
1	2147
341	2457
113	2291
1	1834
233	3868
1	1935
1	1803
1	1598
112	3745
1	2969
45	2083
1	2034
1	2008
18	2710
370	2504
321	2309
1	2628
1	2775
1	2060
263	2262
1	3153
127	2777
1	2004
1	2548
41	2637
1	2989
35	2259
34	2124
1	1568
1	2708
20	2358
19	3931
48	2779
426	2020
1	1999
32	2494
1	1943
277	2651
1	2146
1	2459
333	2518
64	2169
405	3268
376	3125
17	3152
37	2631
1	1827
136	3143
1	2461
98	3133
62	2133
48	2256
15	2187
1	2210
1	2072
67	2622
1	2061
33	2738
55	2613
525	2192
1	2867
103	1652
1	1542
58	3905
54	2728
422	2569
1	2057
1	2258
314	3973
1	2713
271	3350
22	2198
65	2803
285	1683
314	3043
1	2438
387	1890
120	2080
1	2644
27	2488
10	2512
154	2752
168	2631
42	2395
182	2277
64	1928
1	2134
335	1968
97	2338
1	1696
184	3141
1	2576
9	2587
468	1966
350	1958
19	2550
3	1723
129	2657
151	3870
1	2688
31	2627
210	2942
525	2052
1	2043
120	2505
245	2752
15	1441
1	2865
54	2362
385	3546
1	2972
250	2782
187	2775
67	1957
1	2567
1	2878
1	2547
1	2508
1	2099
27	2961
22	1939
1	3241
9	2791
1	1608
112	2050
1	2088
65	2092
1	2225
11	2903
12	2590
238	2559
51	2070
1	2813
2	2706
1	2159
3	1317
1	2244
39	2345
74	2517
72	1975
170	3196
5	1962
77	972
37	3111
1	1961
1	1873
61	2351
135	2984
285	2543
223	2869
262	2622
120	2240
1	2168
154	2574
88	2986
1	2232
103	2842
11	2343
1	2298
1	2237
1	2535
1	2668
104	2665
39	3691
464	2792
1	3163
100	1661
9	2374
1	1942
1	2729
1	2122
1	2882
1	1730
112	2847
1	2257
11	2948
1	2605
85	2402
1	2399
1	1431
143	2648
1	1542
1	2715
47	2519
1	1823
199	2817
1	2470
46	2320
277	2572
1	1780
1	2119
1	1957
1	2382
109	2571
1	2495
64	2886
1	1715
29	2155
1	3208
128	2281
1	1894
1	1955
87	2937
1	2440
1	1887
66	1922
1	2884
382	2055
1	2796
45	2173
115	2344
132	3275
1	2498
1	2890
28	2062
346	2968
1	3467
2	2088
1	2478
1	2522
1	2352
1	2080
226	2170
1	3077
119	2294
86	2577
1	1933
57	2566
1	2416
61	3728
1	1922
45	2386
1	2561
480	2723
136	2798
55	2248
58	2290
13	1936
280	3628
1	2434
1	2625
1	1965
102	1775
12	2476
366	2113
138	2491
6	2303
4	2383
282	2477
158	3348
1	2547
1	1635
1	2217
1	3151
1	3678
89	3452
80	4129
78	2404
1	2710
149	3422
1	2553
1	2843
1	2299
72	2382
1	2445
2	3078
1	3900
1	1656
211	5172
13	3549
1	1481
64	2983
1	2364
716	1523
3	2070
1	2318
183	3331
1	2368
1	2013
1	2824
159	2645
325	3285
236	2933
1	2542
261	3024
7	1906
9	3127
62	2648
1	2330
1	2047
24	2320
1	1715
1	2175
1	1952
1	1576
1	2368
510	2880
35	1901
57	2440
157	2733
1	2283
1	2551
77	3113
243	3073
1	2263
104	3001
150	2835
24	2371
1	2399
7	2414
122	1955
305	2645
73	2332
1	1920
4	1326
1	2388
833	1040
1	1997
1	2589
1	2581
20	1951
1	2134
1	2538
1	2528
1	3228
67	2242
494	2615
34	1661
16	1953
1	2731
90	3843
1	2719
76	2513
1	1748
1	2870
1	1250
1	2572
1	2819
358	2949
2	2160
131	2514
45	2536
141	6159
55	2583
104	2277
216	3766
160	2814
338	1677
234	2944
1	1835
1	3062
1	2118
21	4000
89	2986
1	5229
1	1666
116	2370
39	2711
78	3034
9	1868
6	2520
1	2143
1	2227
1	3551
1	2947
63	2141
62	2450
101	2323
1	2507
185	3964
21	2556
1	2294
1	2044
46	3586
1	2176
1	2347
304	3441
53	1990
5	2346
1	2923
12	1933
1	1722
140	2490
243	2850
1	2517
6	2352
342	2637
89	3030
59	2131
1	2375
28	1684
129	1642
97	2126
5	2386
1	2191
334	3126
52	2415
451	2575
194	2961
73	2656
1	2571
62	2618
194	2972
1	1686
20	3078
67	2424
74	2739
818	823
24	1749
1	2540
17	2455
155	3723
186	2364
1	4034
233	2737
105	2605
1	2371
1	2295
1	1945
1	1926
11	2140
1	2866
110	2886
48	1563
1	2099
56	2433
193	3332
22	2354
392	4386
86	3322
1	2329
1	2941
50	2910
1	2006
385	2615
9	2356
1	1955
1	2090
1	1911
244	2255
1	4183
230	2219
1	2275
1	2119
1	3076
19	3249
695	1669
206	2228
1	1496
338	4386
1	3108
165	2363
1	2102
1	2294
143	2968
1	1934
32	2711
23	2317
45	3213
109	2151
1	1516
1	3589
1	2215
17	3666
19	1993
47	1855
1	2777
121	3907
1	2577
117	2489
19	2515
55	3669
378	2708
21	3567
1	2307
56	2299
25	2495
382	2500
1	2242
2	2456
1	2129
1	3271
1	1518
1	2997
38	2632
349	2937
73	2523
1	2575
1	3487
12	2450
316	2419
1	2070
1	2107
5	2048
1	2532
51	2677
22	2520
1	2042
4	2402
1	2534
25	2429
167	2783
1	2033
342	2130
293	2677
71	2064
188	3888
10	2240
1	2086
1	2112
1	2527
13	1876
1	1901
668	2071
19	2735
1	3267
119	3423
12	2435
347	2545
1	2328
1	1863
118	2584
1	2588
1	1972
257	3011
30	2376
1	2397
1	2262
1	2737
1	2393
1	2202
249	2693
16	1882
51	2334
1	1958
220	2121
1	2423
75	2639
163	2711
62	1851
1	2497
1	1782
1	3035
349	2321
94	2071
121	3118
1	1997
2	2460
1	2204
3	3230
1	2351
1	2312
18	2077
1	2279
295	2603
1	2884
1	2447
105	2148
38	2195
121	2714
1	2580
1	3192
106	2288
1	1248
1	4072
1	2497
140	2698
57	2765
29	2440
310	5611
1	2133
19	2408
112	3522
183	3677
6	2063
1	2233
35	2250
1	2598
1	2423
1	2256
1	2230
1	2195
193	2829
45	1912
7	2141
28	2051
1	2382
31	2731
66	2865
1	1942
470	2423
1	2069
15	2228
227	2753
1	2107
1	2509
42	2254
26	1821
78	4240
131	2735
329	2362
1	2207
109	2956
56	2080
1	1565
1	1562
24	2134
1	2474
240	2383
421	2877
1	1842
9	2699
93	3282
1	1911
1	2462
395	2515
1	2376
379	3321
6	2964
1	2529
122	1897
372	3287
373	1954
1	1982
1	2117
1	2079
50	2610
1	1652
1	1603
271	3482
278	2244
57	2441
173	2565
1	2454
74	2398
1	2975
51	1911
1	2262
61	2476
417	2957
1	2356
1	2705
1	2293
1	2046
64	2051
161	2889
11	2181
1	2040
250	2640
1	2903
20	2032
350	2095
80	2875
1	1856
1	1878
272	2525
1	2518
46	1984
59	2980
121	1822
252	3838
136	2865
199	2436
32	2513
24	2212
408	2605
1	3071
16	2056
167	2357
1	1932
1	1999
1	2901
482	3423
83	2053
86	2024
38	2376
148	4588
131	2547
1	2013
80	2635
60	2818
1	1896
149	2138
61	1907
1	1893
22	1780
1	3534
81	2336
352	3958
1	2208
6	2137
151	2649
138	2363
145	2281
1	2066
1	2131
289	2887
1	2650
12	1795
1	1968
1	2012
1	2554
1	2726
1	2161
39	2185
1	1895
69	4177
1	2418
6	2541
1	2747
55	2425
36	2454
1	2114
1	2300
1	1984
1	2615
1	2133
1	3127
1	2256
1	2432
1	2810
1	1984
398	2161
145	3514
1	1973
1	2714
77	2079
122	2744
51	2444
1	1844
1	1617
1	2428
433	2558
93	2353
1	2663
4	2543
88	1458
1	3124
277	2380
51	2142
193	2654
584	1910
280	2653
1	2383
83	2248
241	3326
11	2241
38	2900
47	2514
100	2660
1	3055
68	2177
258	3105
33	2348
4	2491
1	1975
1	2420
1	2353
1	2795
271	2748
1	3085
1	1946
2	2690
1	2661
1	2667
35	2964
1	1578
375	3326
24	3286
138	1730
175	3300
1	1984
1	2203
88	2936
53	1811
67	2568
1	2101
41	2887
1	2372
684	2722
1	2308
1	2371
74	2666
1	1930
1	2139
16	2312
74	2136
275	2425
66	2690
156	2048
14	1909
1	2042
154	2671
28	1760
67	2811
114	2351
122	2627
474	2934
103	2982
84	2469
1	2106
1	3918
76	2411
1	2224
390	2698
106	3178
1	3292
1	1784
63	1913
1	2733
86	2563
52	2320
44	2377
38	2445
1	2061
1	2227
4	2525
1	2532
47	1983
1	1839
19	2236
390	3052
109	2633
193	3125
47	2553
250	2706
243	2547
1	2463
393	2921
1	2113
64	2298
12	2331
1	2328
1	2789
166	2114
344	3847
1	2414
1	3148
1	2401
19	2347
1	3054
288	2413
218	2760
88	5054
79	2363
139	4333
20	2937
2	2850
1	1937
2	3411
1	2223
1	2491
120	2926
59	2248
23	2111
1	2097
123	3177
1	2416
5	2330
41	2516
1	2088
1	2300
112	1930
292	2147
36	2749
1	2041
60	2672
1	3380
1	2846
1	1957
417	2741
1	2572
1	1871
1	2152
315	3016
217	2501
87	2816
1	1977
53	1377
122	4797
1	1526
162	2862
307	2728
1	2258
1	2073
1	2565
2	2467
335	2817
459	3353
90	2520
404	2566
335	3893
228	3192
2	2692
133	2548
1	2569
77	2126
1	3079
27	2601
65	3457
1	2427
191	2628
4	2621
275	1717
362	2422
1	2287
1	2871
32	2580
48	3606
1	3487
1	1962
1	2241
1	1831
20	3411
1	2892
1	2590
1	2365
13	2553
1	2930
117	2025
106	2573
1	2446
286	3054
25	2574
1	2573
110	2874
1	3190
1	1855
1	3039
308	3177
33	2314
374	3403
74	2081
1	3152
10	1929
40	2384
79	1739
1	1912
1	2777
9	2136
32	2044
1	2091
1	2090
253	4376
30	2335
14	2452
1	2306
1	2311
1	2232
116	2716
6	2209
69	2146
123	2710
1	3268
3	2071
9	2438
1	2027
1	2384
751	1462
19	1631
1	2408
384	3176
1	3256
20	1887
1	1938
1	2322
45	1986
1	2375
1	3036
1	2179
215	2769
109	2591
1	2072
16	1729
383	3052
1	2422
1	2476
1	2492
53	2607
85	1828
515	2100
150	2781
142	2116
1	2553
11	2065
51	1962
468	2675
1	3624
239	3726
49	2471
1	3036
54	3234
1	3489
1	1738
1	2724
1	2526
99	2551
120	2299
1	2390
1	2234
1	2071
56	2183
1	3328
16	2383
117	2222
61	2144
33	2232
35	1499
1	3834
466	1892
38	1883
1	2962
1	1898
1	2528
152	2392
118	2582
97	2176
1	2122
1	2945
1	2469
154	2935
299	4049
1	2235
1	2505
246	2931
110	3119
1	2067
159	3019
1	2381
134	2293
1	2665
53	3020
1	2055
1	2063
1	2215
1	2984
41	4168
1	2887
1	2877
1	2074
272	2865
118	2809
242	1892
1	3220
1	1667
152	3061
289	3351
96	2678
1	2452
54	2516
446	1904
40	3207
1	2576
46	1390
1	1709
184	2505
120	3150
1	2623
32	2568
63	2442
12	2327
105	3392
1	3259
74	1985
1	2603
509	2408
182	3186
122	3057
1	3718
1	3234
1	2650
21	2313
1	2059
1	2163
1	1631
1	2153
1	2543
48	2713
1	3234
28	2083
8	2374
40	3582
54	2326
10	2158
1	2303
260	3403
382	2837
68	2482
1	3624
1	1874
1	2459
1	2246
25	3297
9	3354
1	3047
1	2524
247	2545
50	2680
59	2351
269	3015
71	2387
1	1753
1	2136
375	2343
150	3637
1	2161
235	1640
57	2562
281	1802
188	3003
1	2415
2	2171
1	2255
106	2501
45	3133
8	3568
153	2333
1	2637
40	3185
55	3047
160	2344
1	2587
103	2464
12	2341
562	2382
365	2500
227	2866
1	2000
1	2764
1	2352
261	2385
61	1865
1	2891
1	2603
79	3173
16	2663
187	2855
1	2744
198	2863
1	3141
207	2979
51	2619
1	2074
1	2307
212	4034
1	2194
118	2180
37	1851
12	2080
1	2126
11	2522
1	2258
1	3061
16	2575
1	3362
59	3035
1	1937
1	2088
212	3185
1	2338
1	1395
109	2186
1	2372
356	4932
453	2860
1	2422
90	2585
111	2769
35	2451
1	2270
47	3309
1	2209
244	3312
1	1511
1	2284
1	2117
80	3394
1	1844
9	2629
37	2587
1	2538
3	3595
30	2820
638	1785
436	2293
32	2408
1	2044
1	1896
8	2218
316	3134
1	2448
285	1574
88	2806
61	2363
1	2511
1	2484
386	5077
1	2305
1	2672
1	2235
103	6001
1	2976
1	2825
250	3507
109	2630
1	2807
45	3217
80	5536
1	2520
69	3184
1	2242
48	2109
198	3899
261	2386
5	2399
1	2157
224	2989
1	2419
1	2630
154	2644
1	1866
1	3247
1	1579
1	1985
1	1905
4	2196
39	2049
147	2015
144	2411
327	2942
18	2237
23	2229
1	2137
127	3339
1	2769
11	1564
1	2239
1	2868
113	3213
341	2714
1	2143
33	2650
1	3219
110	3123
1	2052
1	1757
1	2143
433	1899
382	2451
455	1943
21	2293
1	1913
25	2953
256	2343
133	3255
1	2762
1	1923
17	2123
15	1898
1	2629
69	3627
428	3024
140	2320
1	3868
84	2638
1	2033
472	2370
8	2078
31	2523
1	2413
319	2890
1	1940
1	1830
79	2696
420	3613
1	2276
1	2655
50	2871
1	2444
1	2261
355	3676
57	2629
77	2481
1	2177
276	3720
1	2060
118	2174
225	2625
1	2603
832	536
206	2529
1	2351
1	3031
13	2158
51	3234
121	3106
5	1946
1	2924
1	3206
1	2678
1	2250
1	1945
1	3741
1	2022
43	1540
39	2563
53	1988
504	1643
167	2311
437	2761
397	4164
377	2784
20	3312
10	2259
1	2026
6	2051
1	2717
1	2375
226	2411
16	2383
1	2450
167	2394
1	1761
116	2496
13	1502
1	2123
328	2970
84	2534
20	3239
148	2764
103	2548
1	1932
1	2215
68	3212
1	2374
1	2263
418	3684
43	1736
58	2750
92	2778
598	2247
108	1960
99	2283
1	2700
119	2446
1	2040
20	2189
276	2064
28	2673
9	2610
1	2620
1	2260
1	2305
1	2244
111	4070
59	2177
108	2549
1	2184
424	2824
153	2065
423	3147
271	3226
47	2479
1	2781
166	2381
1	2864
1	2454
49	2891
1	1967
203	2435
1	2931
86	1828
1	1878
45	2184
1	2790
1	2282
1	2077
194	2647
1	1835
1	2336
247	3232
63	2216
286	2462
50	2089
120	4704
634	2017
1	2987
1	2186
90	2226
1	2539
1	3020
111	2814
1	2464
1	1958
1	1880
1	1827
72	2415
706	2114
1	2537
65	2144
359	2881
1	2230
1	2925
340	2702
22	3044
1	2295
53	3207
1	2629
29	2033
144	2068
258	3856
1	1756
292	2607
102	2291
1	2552
98	2294
352	3297
1	2655
1	2296
1	2619
1	2976
1	3019
1	2044
1	2940
123	2783
1	1659
19	2701
9	2211
1	1818
1	2438
125	3238
27	3270
494	2758
1	2278
1	2572
273	3271
87	2536
1	2029
47	2201
1	2679
1	2374
1	1674
1	2644
65	2344
94	3295
6	1817
1	2311
1	2327
458	3101
24	2335
203	2426
1	1928
48	3906
1	1984
437	2654
1	2208
67	1655
22	2615
32	2363
82	2459
276	2537
85	2992
1	3340
418	3255
27	2153
205	2374
1	2144
1	3279
1	2579
2	1797
503	2921
1	2121
1	2522
5	2075
1	1697
1	1972
237	4157
466	4184
1	1799
1	1952
425	2439
1	2327
1	2192
1	2778
58	2285
1	1990
164	2288
1	2477
145	4148
83	2994
146	2387
85	2411
1	1932
102	3550
1	2069
1	3233
92	2119
367	2510
93	2161
1	2223
55	3109
71	2070
1	1888
43	3128
451	2705
57	2638
1	2076
32	1607
160	2407
384	2457
182	3664
20	2367
32	2034
419	3840
1	1987
1	2248
123	2503
192	3442
10	2608
1	1610
160	4278
1	2792
102	2378
1	2082
29	1959
1	2204
1	2079
11	2081
1	2612
1	1629
1	1912
115	2739
1	2318
399	2705
1	2227
1	2020
24	2122
1	2158
126	2716
18	2388
108	2822
1	2900
290	3707
1	2124
107	2141
54	2312
1	2589
1	1968
1	2502
1	2218
43	2215
1	2578
1	2601
1	1888
288	3074
105	2752
19	2127
242	3529
20	2325
43	2153
1	1325
42	1872
1	3560
14	2355
198	2666
122	2851
1	2691
1	2179
1	2984
8	2419
76	2560
34	2229
1	1850
65	3146
231	2609
1	3148
1	1677
66	2608
1	1727
1	1980
1	2644
1	2157
1	2944
27	2171
12	2360
1	2896
145	2388
285	3149
152	2589
1	2722
116	2363
437	2636
306	3361
471	2535
1	2500
1	2335
2	2123
292	2589
1	2227
1	2363
1	1458
12	2651
1	2312
1	1743
278	3368
177	3109
47	2987
1	2911
1	2215
11	2290
1	2208
151	2013
100	3008
107	2045
37	2119
1	2795
1	2460
1	3704
1	2095
1	2400
154	2074
96	2532
1	3218
4	2607
333	3098
57	2197
115	2907
98	2102
1	2176
128	2234
1	2393
1	2340
62	2393
1	3016
20	2064
1	3837
65	2611
1	2673
200	2131
835	599
1	2029
72	2918
216	2827
35	2513
96	2219
96	2313
211	3010
41	2357
1	2259
62	2409
140	3171
17	2448
34	2188
1	2214
1	2443
1	2320
34	1869
1	2075
86	2610
59	2463
1	2454
1	2081
306	2243
50	2310
23	2507
1	2187
23	3243
9	1993
70	2646
59	2301
61	2548
59	2463
33	1930
10	1899
1	2747
1	2418
1	2342
150	2170
60	2484
1	2190
52	1863
1	2280
1	2203
1	2272
87	3345
1	1908
1	2424
1	2499
1	2123
83	2749
1	2202
105	3232
224	3220
1	2054
1	2082
243	3782
161	3137
150	2843
127	2434
130	2083
67	2892
1	2341
178	3815
1	2389
166	2784
1	2374
1	2363
39	4605
98	2588
1	1986
62	2163
14	2014
1	3206
79	1884
1	2343
56	1982
4	2412
1	1913
1	2967
90	2954
9	2336
5	2308
1	2502
1	2521
1	2179
119	2714
1	2087
1	2575
10	2766
162	3054
1	1525
16	2294
167	2630
1	2008
1	1825
159	2532
1	2287
1	1902
1	2363
95	3692
827	1097
25	3129
247	3771
207	2537
83	1475
1	1930
745	1947
1	2170
1	2874
41	2613
1	2766
1	1868
1	2110
94	1103
281	1852
1	2472
1	2212
1	1928
46	2591
1	3293
41	2537
8	2658
48	2121
28	2448
379	3846
96	2994
150	2198
1	1611
1	2093
38	2485
383	3319
1	1232
1	2518
126	2854
1	2941
1	2374
1	2187
38	1923
1	3305
1	2227
262	2848
1	2010
53	2240
79	3941
269	2419
1	1919
1	2040
1	2263
155	2668
134	2696
1	2718
117	2944
155	2895
1	3020
1	2561
71	3857
173	3485
130	2717
40	3035
195	2515
1	2789
98	2578
1	1989
1	2471
1	2295
1	2180
29	2315
145	3264
213	1776
54	4941
2	2104
47	2507
52	1920
456	2495
142	3682
1	2328
1	1968
1	2034
11	3103
1	2081
1	2242
1	2268
192	2509
1	2319
57	2961
31	2067
63	2782
24	2487
75	2365
1	2730
1	2307
176	3096
1	2111
1	2341
1	2573
62	2967
192	4550
395	2275
43	2370
1	2279
1	2855
21	2039
62	3414
62	2365
19	3058
419	3150
1	3044
19	2441
1	1916
1	2092
1	2175
1	2638
42	2674
37	2394
258	2812
1	1816
48	2936
368	2416
1	2637
1	2274
32	2339
1	2165
79	2218
1	2126
49	2224
86	1977
1	1908
1	2220
1	2227
7	2697
49	2560
154	2593
39	3531
211	2928
1	2388
186	2628
1	3812
369	2972
361	3965
1	2237
37	2255
15	2046
1	2584
41	2440
810	823
148	2441
1	2444
787	1132
112	2300
1	2214
47	2175
1	2433
1	2387
185	2569
1	2430
107	2422
1	3347
1	1456
1	2291
342	2367
1	2477
1	2330
8	2530
18	2005
128	3742
459	1941
1	2916
1	2180
1	1370
1	2373
18	1776
142	2778
116	3187
1	2537
1	2268
1	2871
26	3093
478	1988
77	2648
194	2583
104	3218
1	2564
12	2110
408	2226
1	2262
1	2094
1	2046
1	2106
154	3840
1	2264
388	2988
1	1983
1	2004
1	2059
437	2060
164	2657
1	2635
1	3841
92	2575
1	3379
1	3617
1	2156
9	2577
510	4285
262	2641
166	2839
263	3268
1	2379
48	2313
1	2238
12	2356
73	2162
1	2411
46	3529
1	1891
45	2041
1	2352
1	2861
1	2188
435	2895
44	2291
50	3442
1	2091
77	3078
1	2778
11	1455
63	1992
143	2488
1	2739
454	2835
46	1430
287	1939
121	2232
69	2952
516	2445
58	1995
173	2717
29	2293
1	2830
236	3699
1	1931
219	2419
1	2229
39	2446
66	2396
1	2408
1	2516
19	3286
1	1882
1	2325
30	2311
1	2893
78	2430
22	2081
387	1992
133	3149
140	3283
1	3714
57	2521
1	2288
1	2662
262	2278
1	2136
1	1787
1	1769
1	2244
124	2848
1	2052
1	2291
1	1989
1	2527
1	2588
88	3195
69	2530
122	2638
1	2398
20	2788
117	2275
86	2561
828	1188
24	2213
1	2494
21	1983
1	2395
140	2605
501	2789
46	2420
425	2370
242	2720
1	2487
1	2430
4	2939
1	2072
193	2629
714	1781
51	1466
23	2553
224	5079
83	2018
287	2640
1	3214
1	2386
112	3766
2	2120
24	2267
193	2568
1	2195
128	1876
8	3382
1	1984
1	3384
9	2532
1	1710
1	2279
63	2432
80	2926
306	2644
107	2389
1	2446
228	2976
1	2417
1	1915
11	2479
59	2456
1	3665
1	1846
4	2110
415	3266
1	2747
208	2715
522	2804
1	2780
1	2311
1	3059
109	2232
493	2374
24	2478
207	2955
1	2056
147	3581
346	2350
77	2879
397	2533
1	3322
1	2129
10	2603
391	3003
67	1980
89	2268
142	2503
5	3086
1	1414
172	2066
78	2373
50	3011
1	1953
50	2350
108	2323
1	1992
281	3717
1	2337
1	2350
1	2223
1	2289
293	3154
1	2481
1	2534
337	2160
409	2804
180	2780
1	2610
38	2339
1	1197
1	2210
1	2462
1	3316
29	2470
220	2183
44	1921
1	2246
820	925
317	2732
58	2156
1	2284
1	2285
325	1955
1	2276
1	1853
24	2554
1	1620
52	2819
1	2170
249	3011
79	2878
15	2646
136	2278
219	2435
365	2091
45	1818
433	3079
1	2608
471	3654
1	3192
1	1960
211	2599
1	3167
1	2581
28	2511
39	2532
1	2074
329	2657
1	3156
14	1649
259	2099
417	3152
1	2027
337	2894
64	2343
181	3196
1	1930
1	3007
1	2554
76	2628
116	3163
1	1735
81	3120
122	2576
1	2427
74	2915
37	2133
12	2051
44	3252
1	1730
171	2599
13	2234
389	1530
18	1542
1	2938
100	2655
44	2150
1	1685
49	2632
38	2833
1	2891
26	2253
14	2569
1	2391
67	2499
144	2813
1	2540
285	4236
180	2831
71	2831
15	2342
1	2163
1	2542
1	2513
3	2191
1	1743
1	2578
29	2311
171	2960
1	2219
1	2092
163	3297
188	2795
1	2309
1	2653
1	3277
4	1819
1	2412
130	2443
62	2518
413	3511
34	1803
1	2336
26	2762
36	3020
133	2674
1	2890
1	2180
1	3618
1	2114
166	3648
59	2075
1	1661
1	2395
1	2165
1	2443
1	1767
143	2702
9	1779
1	4061
57	3144
1	2562
1	2221
1	2234
821	925
257	4151
20	2199
131	2258
1	2590
26	3770
50	2135
76	2569
16	3318
457	1864
1	2126
1	2089
207	2176
524	2063
1	2036
407	2753
195	2383
1	2119
1	2742
1	2426
1	2195
1	2060
1	1991
1	2440
1	1811
27	2136
1	2436
22	2416
1	2282
1	2594
141	3314
51	1817
151	2455
285	3229
142	2585
49	2266
104	2953
83	3601
1	1645
1	2548
1	1624
1	2250
46	2296
189	3638
77	3094
402	2645
513	3261
1	2143
167	2604
166	2304
182	2951
1	2277
1	2195
1	2360
1	1686
1	2731
61	2508
239	2447
1	1847
87	2194
38	3124
6	2316
25	3726
1	3416
1	2383
720	1969
1	2145
1	2541
1	2331
1	2203
1	2532
1	2119
418	2185
28	2244
12	1862
1	3315
16	2239
190	2712
1	2282
16	1799
1	2186
1	2083
1	3369
1	2736
1	3830
249	2493
1	1324
105	1970
1	2654
149	2450
1	2867
397	1597
1	2140
30	1866
1	1893
36	2093
22	3155
18	2548
2	3557
1	1583
2	4314
1	2951
168	1904
57	2766
99	4089
125	2182
481	2585
66	2284
64	2364
76	2366
379	2938
1	2787
71	2030
1	2030
50	2309
429	2365
20	4394
37	2209
103	2591
115	2618
1	2437
1	2746
55	2643
176	2353
1	1685
40	3114
123	2672
1	2413
203	3576
1	1824
36	2496
73	2143
181	2156
339	2627
88	1827
1	2252
1	2251
184	2795
6	2342
1	1858
1	2547
29	3163
1	2399
192	2254
57	3109
1	2093
1	2305
11	2078
206	2030
413	2398
413	2436
5	2404
1	3336
342	2177
268	2798
206	2457
111	2510
54	2675
23	4152
389	3141
1	2710
132	2873
8	3014
299	3156
96	2403
1	1886
519	4155
8	2573
1	2303
1	3000
1	1657
13	3153
21	2509
8	2488
403	3565
1	1957
1	1632
1	3185
1	1947
67	2275
58	2234
14	2513
43	2490
278	2461
155	3132
237	1788
1	2261
1	2099
73	2187
1	2576
1	2627
1	1858
38	2138
1	2952
19	2326
61	2675
26	1949
1	1450
103	1990
408	1997
1	2751
1	2683
354	3381
1	2607
142	2964
41	1749
1	1910
1	1984
1	3241
161	3831
148	2078
333	2073
9	2330
1	2871
86	1866
166	2913
132	3239
1	3155
1	2694
476	2661
1	2006
362	3733
1	2883
289	2557
1	2410
1	2095
1	2267
1	2269
34	1992
1	2030
69	2442
7	2397
1	2341
3	1986
1	2027
63	431
1	2122
124	2925
129	3421
17	2240
1	2566
1	2493
19	2245
1	3181
54	2913
1	1999
1	2088
140	2267
40	2926
1	1508
212	3277
77	2731
128	2501
356	5064
123	2188
1	1729
166	2010
1	2085
80	2401
1	2136
1	2593
1	1897
1	3084
424	1993
198	2799
1	1922
1	2688
1	3357
1	2546
26	2821
1	1976
329	2533
6	2624
365	2958
70	2085
23	2089
42	2634
284	2854
12	2561
1	2923
42	2290
1	2397
161	3056
1	1755
399	3031
1	2609
1	1522
1	2359
545	2960
1	2476
68	2640
1	2049
199	2590
239	2093
1	2465
1	1845
55	2136
1	2129
179	2751
1	2843
1	1952
260	2155
1	3291
1	1919
1	2183
1	2059
143	2704
1	2182
6	1641
702	1423
1	2482
1	2277
129	2372
42	2612
48	1583
1	1909
1	2798
1	1882
1	1391
1	2375
11	2375
14	1866
1	2325
1	1990
91	3095
377	3832
1	2207
1	3006
1	2343
1	2160
1	2151
45	2959
18	1863
133	2242
1	2324
91	2706
1	1717
1	1822
1	2541
1	2507
1	2482
1	2633
1	3593
81	2790
1	2150
6	2107
87	2716
24	2536
86	2970
1	2119
249	2881
1	1727
234	2551
30	2662
71	2182
80	2667
40	3758
51	3966
1	2542
1	2088
1	2283
194	2908
430	2694
1	2505
375	3266
450	2533
1	2119
328	2310
1	3480
1	2342
49	2436
529	2652
1	2232
1	2350
419	2601
1	1601
36	2126
191	2819
1	1978
1	2073
2	3285
20	2841
1	1999
1	2696
127	3744
105	2606
1	2165
1	1609
1	3572
8	2574
1	3984
1	2749
1	1667
61	3844
81	2071
44	2355
26	2335
1	2084
237	2318
49	2688
530	3768
244	2261
12	2669
13	1726
77	3375
1	1853
1	3638
1	2883
1	2367
88	2163
508	2768
1	2239
115	3605
64	2932
53	3016
103	2000
358	2674
1	2419
20	2840
1	2364
81	2887
1	2632
78	2768
1	2525
1	2262
1	1497
57	1953
1	2140
250	2837
19	3073
1	2496
1	1805
294	2690
1	2021
1	2686
51	1957
9	2059
46	2710
1	2109
1	1530
495	2711
1	2281
14	2324
286	2634
1	2559
1	3737
1	2406
28	2708
115	2800
1	2262
32	1782
62	1864
271	2876
203	2073
1	2426
26	3381
1	2100
53	2055
202	2971
1	1948
14	2012
1	2646
223	2199
56	2316
30	2837
1	2623
1	2722
114	2234
1	2054
1	1857
191	3195
118	2271
95	2942
1	2764
13	2506
150	2975
53	2704
1	2769
29	2152
22	2001
110	2823
4	2714
217	2816
32	3208
1	1191
46	2674
1	1639
40	2115
1	2264
1	2179
1	2398
113	3231
1	1891
249	2268
476	3167
715	2112
1	1949
1	2445
27	2588
196	3206
1	2487
1	3560
11	1725
266	3208
183	3807
1	2002
120	1615
1	1974
17	3003
1	2252
1	2606
42	1679
15	2262
82	3302
371	2471
33	2618
1	2537
1	2005
1	1585
52	2667
1	2413
178	3540
1	2518
311	3690
367	2945
1	1533
1	1798
1	1955
284	2092
1	3316
120	4349
24	2061
35	4718
250	2022
108	2694
81	2457
1	1943
255	3898
1	2079
273	3783
46	1610
14	2146
25	1851
169	1877
1	2485
40	2472
1	2081
110	2457
1	2301
1	2084
1	1985
1	1156
15	2483
31	2449
57	2667
1	2326
5	2320
229	2231
115	2673
25	2591
195	2856
330	2832
444	1891
1	2721
280	2973
80	2168
103	3546
72	2143
66	2276
1	2080
98	1956
1	2083
1	1165
193	3171
374	3350
1	2882
1	3226
1	2331
1	1924
222	3118
214	2797
67	3168
52	2967
69	2627
1	2409
22	2347
444	2580
48	1817
1	2240
1	2393
117	2274
1	2394
1	2294
1	2408
1	1903
1	2339
1	1771
1	1764
1	2042
1	2016
1	2685
622	2738
11	2570
60	2160
1	2379
17	2616
28	2456
776	938
203	2325
83	2850
1	2878
111	2190
102	2610
1	2282
129	3619
1	2612
93	4270
77	2452
14	2771
1	1863
1	2506
58	1965
31	2141
1	2152
163	3759
1	2946
134	1811
477	2192
1	2139
156	3918
1	2140
159	2347
9	2748
51	2242
1	2120
1	2745
1	2215
52	3837
1	2146
1	2296
1	2607
1	1910
176	1824
1	1851
46	2747
1	2291
193	2446
179	1978
1	2341
1	2080
31	2391
82	2819
1	1551
137	2081
1	2707
1	3096
321	2945
1	2255
468	2962
1	1850
1	2685
338	2997
278	3352
1	1990
82	3938
1	2571
27	2301
182	3256
1	1213
204	3334
44	2938
1	3133
1	2140
1	2066
122	2809
47	1691
1	2108
25	2125
1	2160
295	2847
44	2236
484	2900
17	1987
1	2230
1	2261
82	2257
1	2072
169	2336
31	2045
1	1490
42	2907
1	2495
1	2041
1	3897
96	3744
20	2479
1	1389
92	3279
1	2017
1	2359
50	2022
226	2270
30	2007
1	2272
1	2521
211	2732
103	2668
154	3026
1	2261
62	2266
1	1892
239	2079
1	2654
467	2607
390	2357
1	2321
1	2196
49	4499
1	2719
31	1442
6	2425
40	2440
1	2038
78	2050
48	2830
1	1799
1	3143
84	2019
1	2510
53	2689
406	3281
113	2929
37	2295
1	2212
156	3027
94	3776
1	893
26	2663
1	2379
206	4051
1	2076
17	2895
526	2302
78	2633
401	3189
36	2771
270	3576
1	2396
1	4547
170	3487
189	2206
43	2170
27	2811
1	1994
1	2381
191	3518
70	2998
406	3023
75	2691
101	2941
5	2369
220	2762
132	2487
95	2924
124	2156
1	2352
1	1669
19	2032
8	2574
1	1671
1	5288
1	2566
1	1691
46	1813
1	2267
154	2445
1	2361
1	2181
643	2918
250	3017
387	2149
1	1921
1	1992
201	1913
283	2381
1	2495
15	2080
1	1858
222	3137
1	3039
279	2607
1	5586
104	1982
146	3663
32	2703
11	2366
347	3363
374	2991
1	1852
819	915
1	3050
1	2730
3	2176
155	5656
17	1849
1	2130
