3325	1
3267	1
6211	42
3429	1
3067	1
3409	1
3244	1
3288	1
3172	1
3128	1
4214	3
3041	1
7359	112
8260	221
3337	1
3322	1
3238	1
3158	1
3160	1
3443	1
3225	1
8148	227
9175	254
3382	1
2900	1
3369	1
3274	1
9608	255
3200	1
3310	1
3388	1
2970	1
3323	1
3533	1
9071	255
3415	1
3221	1
3287	1
3234	1
3196	1
3358	1
3140	1
1847	1
8036	243
3227	1
3277	1
1997	175
3405	1
3114	1
7654	169
3321	1
3036	1
3198	1
3180	1
3540	1
3439	1
3386	1
3265	1
3435	1
7543	254
3480	1
3090	1
3354	1
3403	1
3492	1
3306	1
3286	1
3007	1
3373	1
3459	1
8606	255
3022	1
3309	1
2998	1
3343	1
9223	254
3210	1
3197	1
3350	1
3349	1
3175	1
3399	1
3061	1
2985	1
3673	1
3304	1
3111	1
3238	1
2858	1
3289	1
3200	1
3371	1
3465	1
2862	1
7495	228
3162	1
3350	1
9162	253
3284	1
3341	1
3241	1
6824	115
3339	1
7463	115
8951	252
3227	1
5907	28
3302	1
3319	1
3451	1
3354	1
8172	184
3563	1
9266	256
3352	1
3415	1
3560	1
3147	1
7785	202
3020	1
3166	1
3399	1
3300	1
3429	1
3324	1
3374	1
6290	90
3253	1
3147	1
2891	1
3021	1
3025	1
3101	1
3355	1
6587	50
3277	1
3323	1
3501	1
3368	1
2883	1
3275	1
3235	1
3039	1
3443	1
3459	1
3451	1
3384	1
3340	1
3342	1
3325	1
3375	1
3264	1
8125	212
3064	1
3245	1
3402	1
3136	1
3306	1
3189	1
3534	1
6554	77
3406	1
3263	1
3549	1
3341	1
3329	1
3444	1
4378	7
3138	1
3326	1
3118	1
3300	1
3254	1
3416	1
3370	1
2997	1
6854	116
3276	1
3317	1
3227	1
3302	1
3134	1
3002	1
3296	1
3379	1
3507	1
2853	1
8788	253
3537	1
3131	1
2967	1
3310	1
6453	41
3175	1
3274	1
3254	1
3269	1
3229	1
3410	1
6402	33
6310	38
6966	81
3279	1
3243	1
3207	1
3041	1
3192	1
3411	1
3310	1
3320	1
3242	1
3373	1
6253	64
9276	249
3315	1
3565	1
9604	256
3315	1
3288	1
3452	1
3132	1
3291	1
7681	214
3441	1
3228	1
3070	1
3312	1
3309	1
3392	1
3336	1
3066	1
3005	1
3293	1
3248	1
3215	1
7065	131
3075	1
3311	1
3428	1
3184	1
3050	1
3136	1
6030	48
3369	1
3287	1
2227	1
3365	1
5023	7
3241	1
3474	1
3209	1
3136	1
3212	1
3292	1
3179	1
3123	1
3008	1
2982	1
3329	1
3452	1
6353	44
3136	1
3527	1
6994	158
3454	1
3067	1
3415	1
8383	254
3357	1
3407	1
2981	1
3464	1
7755	186
3090	1
3201	1
3431	1
3277	1
3490	1
7081	96
3141	1
3196	1
3273	1
2826	1
3551	1
3166	1
8481	254
3496	1
6395	170
3301	1
3031	1
3104	1
6901	46
7983	254
3454	1
3376	1
3461	1
3457	1
3331	1
3340	1
3332	1
3377	1
3112	1
3573	1
3469	1
3399	1
3274	1
3443	1
2861	1
3394	1
3346	1
3099	1
3329	1
3439	1
3173	1
3441	1
5696	19
8164	254
3278	1
3366	1
3274	1
8516	255
3078	1
3174	1
3166	1
3396	1
3179	1
3324	1
3137	1
3070	1
3224	1
3171	1
9121	255
3364	1
3249	1
3283	1
3542	1
3259	1
3235	1
3098	1
3462	1
3210	1
3343	1
6981	193
3382	1
3504	1
3378	1
3428	1
3371	1
3392	1
3478	1
3060	1
3410	1
3221	1
3251	1
3361	1
6787	51
3545	1
3219	1
3406	1
6911	83
3519	1
3306	1
7030	126
9465	255
3350	1
6284	61
3579	1
2828	1
3208	1
3292	1
3215	1
9618	256
3331	1
3110	1
5817	19
3256	1
3215	1
9292	254
3617	1
3205	1
3002	1
3057	1
6641	83
3337	1
3260	1
3509	1
3465	1
3083	1
3386	1
3241	1
3467	1
3278	1
3367	1
3242	1
3410	1
3489	1
3377	1
3069	1
3196	1
3350	1
9443	255
3073	1
3127	1
3184	1
3320	1
3547	1
2901	1
3277	1
3212	1
3160	1
3220	1
7364	144
3268	1
7461	135
3249	1
7304	110
9177	255
3398	1
3054	1
3407	1
3405	1
3207	1
3312	1
5538	123
9211	256
7433	221
3466	1
7181	125
3261	1
3547	1
3104	1
3098	1
3400	1
3283	1
3334	1
3151	1
3512	1
3256	1
3411	1
3122	1
3487	1
3315	1
3447	1
3559	1
8329	233
3308	1
3301	1
3187	1
6358	144
3711	1
3652	1
3070	1
3366	1
3046	1
3309	1
3431	1
3332	1
3075	1
8624	254
5786	58
3326	1
3112	1
6505	61
3301	1
2975	1
3135	1
3500	1
9499	256
3427	1
3180	1
6195	46
7036	152
3376	1
3396	1
3156	1
9399	256
3408	1
3117	1
6795	119
5773	39
3415	1
7208	73
3314	1
5838	58
3337	1
3219	1
3453	1
8516	254
3240	1
7431	157
3116	1
3491	1
3073	1
3478	1
3058	1
5644	15
8282	253
3011	1
8348	255
3278	1
3307	1
9069	254
3153	1
3227	1
3424	1
3048	1
3366	1
4820	3
3333	1
3017	1
3443	1
3278	1
6963	98
3293	1
3025	1
3169	1
3433	1
2711	1
5522	11
3200	1
3133	1
3345	1
3122	1
3397	1
8860	254
3089	1
3445	1
3462	1
3232	1
3481	1
3340	1
6194	68
8126	209
3172	1
3259	1
3368	1
3296	1
3213	1
3420	1
3318	1
3240	1
3381	1
9266	255
5498	14
3415	1
5928	27
3245	1
3251	1
3415	1
3131	1
3443	1
3365	1
3251	1
3138	1
4941	6
3165	1
9712	256
3166	1
7345	148
3159	1
3255	1
3288	1
9829	255
3032	1
6942	106
3277	1
3310	1
3199	1
3390	1
3342	1
3147	1
6800	98
3088	1
3385	1
3441	1
3469	1
3267	1
3181	1
3328	1
3251	1
3099	1
2976	1
8497	239
3099	1
3263	1
3545	1
3159	1
3029	1
3450	1
3391	1
3533	1
3164	1
3359	1
3435	1
3585	1
3290	1
3184	1
3399	1
3196	1
3137	1
3313	1
3370	1
3184	1
5813	52
3312	1
2954	1
7096	218
3241	1
3319	1
3143	1
3117	1
3161	1
3278	1
3360	1
3161	1
8050	241
3387	1
3341	1
2390	1
3444	1
3347	1
3263	1
3443	1
3118	1
3188	1
3276	1
3117	1
2878	1
3267	1
3516	1
3128	1
3390	1
3375	1
3271	1
3417	1
6940	110
3422	1
3323	1
3466	1
3357	1
3270	1
3290	1
3129	1
3172	1
3508	1
3150	1
3300	1
3476	1
3315	1
3215	1
4774	4
3405	1
3410	1
3185	1
3231	1
3391	1
3395	1
3078	1
3457	1
3102	1
2888	1
3165	1
3336	1
3248	1
3322	1
3025	1
3075	1
3281	1
3377	1
5211	5
3166	1
7342	108
3364	1
2886	1
3280	1
5665	8
3141	1
3093	1
2788	1
3318	1
3041	1
3354	1
8889	255
3471	1
6219	71
3387	1
3302	1
3083	1
7769	188
3310	1
3235	1
3168	1
3214	1
3194	1
3238	1
3232	1
3606	1
3407	1
3040	1
2720	1
3076	1
2998	1
3234	1
3224	1
9665	256
3420	1
3155	1
3155	1
3333	1
3547	1
2947	1
8396	229
3474	1
3035	1
3182	1
3654	1
2895	1
3313	1
3141	1
3392	1
6569	54
3124	1
3071	1
3321	1
3045	1
3310	1
3295	1
3231	1
3199	1
3402	1
3546	1
3092	1
3262	1
3223	1
3321	1
3382	1
5637	15
3385	1
3462	1
8040	215
3392	1
6416	53
3167	1
3543	1
6717	136
3369	1
3470	1
9012	255
3148	1
3120	1
3182	1
2848	1
5713	18
3442	1
3315	1
5929	62
3341	1
3279	1
3149	1
3198	1
3275	1
8383	218
3077	1
3057	1
6041	29
3152	1
2989	1
8959	255
3053	1
3534	1
3188	1
8537	245
5918	19
3372	1
3066	1
3316	1
3149	1
3240	1
3375	1
3228	1
3185	1
3294	1
2846	1
3151	1
3079	1
3418	1
3201	1
3222	1
7571	192
3158	1
6936	109
3333	1
3234	1
3469	1
3171	1
3277	1
3260	1
8048	227
3346	1
8955	253
3402	1
3235	1
3142	1
3496	1
3200	1
3123	1
5163	5
3206	1
3358	1
6420	63
3414	1
3363	1
3315	1
3300	1
3472	1
3411	1
3400	1
3417	1
3208	1
9335	256
3127	1
3457	1
3254	1
3225	1
3241	1
8337	255
3512	1
3451	1
3326	1
3114	1
3353	1
3352	1
6885	39
3272	1
3280	1
3379	1
3127	1
3163	1
7979	236
3317	1
3170	1
3005	1
3418	1
3079	1
3098	1
3325	1
3343	1
3188	1
3366	1
3368	1
2829	1
3143	1
3463	1
2854	1
7994	191
3106	1
3284	1
3340	1
9175	255
3127	1
6361	42
3361	1
2964	1
3254	1
3275	1
3321	1
3608	1
7755	181
3241	1
3140	1
3311	1
3485	1
3259	1
3417	1
3135	1
3376	1
7353	64
3299	1
3146	1
3319	1
7232	134
4183	2
3268	1
3328	1
3355	1
3334	1
3255	1
7834	196
3247	1
3407	1
3399	1
3280	1
3340	1
3311	1
2819	1
3470	1
3164	1
3182	1
3570	1
3564	1
7921	217
3204	1
3327	1
3264	1
3164	1
3146	1
2846	1
3358	1
3023	1
3579	1
3110	1
6689	107
3298	1
3049	1
3338	1
4765	2
3408	1
3367	1
3260	1
3354	1
2879	1
3492	1
9152	254
3295	1
7752	169
3332	1
3317	1
3298	1
2949	1
3392	1
3414	1
3409	1
3598	1
3448	1
3467	1
3111	1
3180	1
3209	1
3173	1
6207	42
3021	1
3411	1
3249	1
8347	256
3363	1
3462	1
7066	162
3577	1
3147	1
8825	252
3105	1
9100	256
3181	1
7090	119
3459	1
3177	1
3537	1
9314	256
3396	1
7972	220
3311	1
3348	1
3083	1
3320	1
3470	1
3394	1
3305	1
3211	1
3146	1
3168	1
3385	1
6392	65
3524	1
3438	1
8136	255
7617	194
3314	1
3149	1
3535	1
8913	256
2889	1
3227	1
8487	255
3148	1
3132	1
6687	97
1160	1
3263	1
6032	28
9124	250
3190	1
3286	1
7203	243
3249	1
3386	1
8389	256
2966	1
3482	1
3494	1
3386	1
3422	1
3372	1
3293	1
3012	1
3428	1
7876	204
3289	1
6388	104
3411	1
3186	1
3346	1
8376	255
3159	1
3329	1
3129	1
3472	1
7705	201
3166	1
3447	1
5458	11
3256	1
3216	1
8924	256
3520	1
3434	1
3488	1
3526	1
3235	1
3245	1
3254	1
3158	1
3319	1
7052	141
3256	1
3019	1
2996	1
5851	94
3496	1
3167	1
3249	1
3492	1
3377	1
3439	1
3344	1
3216	1
3433	1
3188	1
3239	1
3437	1
3199	1
3173	1
3262	1
3326	1
3273	1
3195	1
3183	1
3184	1
3367	1
3485	1
9182	253
6376	36
3353	1
3117	1
3313	1
3454	1
3185	1
3183	1
3184	1
3136	1
3077	1
3392	1
5513	13
3264	1
3632	1
3285	1
3240	1
3120	1
3578	1
3551	1
2855	1
3422	1
3200	1
3397	1
3324	1
3330	1
2655	1
8440	192
3144	1
3522	1
3209	1
3363	1
3215	1
3363	1
3192	1
3121	1
3163	1
9194	254
2951	1
7320	160
3200	1
3615	1
2986	1
3277	1
3247	1
3250	1
3493	1
3574	1
3003	1
3377	1
3254	1
3323	1
3478	1
3195	1
3100	1
3081	1
2980	1
3288	1
2823	1
3202	1
3448	1
3279	1
3204	1
3347	1
3288	1
6817	42
3163	1
3228	1
3346	1
6459	44
3145	1
8339	256
3472	1
3170	1
7848	202
3254	1
2994	1
6125	21
3285	1
3585	1
3224	1
2924	1
3284	1
3546	1
3435	1
9483	256
3170	1
3040	1
3195	1
3278	1
3418	1
3223	1
3218	1
3260	1
3172	1
3358	1
6697	49
3090	1
3267	1
3359	1
3041	1
2961	1
3103	1
2907	1
7325	93
3592	1
3339	1
3336	1
3464	1
3431	1
3473	1
7314	201
3269	1
3275	1
6795	92
3042	1
7153	93
3364	1
3214	1
3277	1
5972	26
3293	1
3452	1
3180	1
3221	1
3224	1
3178	1
9446	255
8078	206
3258	1
3327	1
3419	1
3241	1
8543	254
3325	1
6459	64
3223	1
3276	1
3371	1
3282	1
3323	1
3549	1
3371	1
3219	1
7170	192
7923	151
3220	1
3053	1
6347	74
3279	1
3339	1
3578	1
6160	39
3259	1
3375	1
7376	151
9233	255
3352	1
3188	1
6504	52
3501	1
3429	1
3056	1
3057	1
3351	1
3347	1
6246	28
3088	1
3516	1
3408	1
2858	1
3319	1
3340	1
3396	1
8570	254
3469	1
3462	1
3248	1
3279	1
6909	57
2964	1
3122	1
3347	1
3257	1
3276	1
3185	1
3276	1
6329	45
8877	252
3010	1
2935	1
3260	1
2961	1
3405	1
3031	1
3415	1
0	1
3247	1
3394	1
3420	1
7248	242
3252	1
3211	1
6256	55
3421	1
3347	1
3187	1
3446	1
8901	254
3370	1
3272	1
3224	1
3422	1
8664	255
3250	1
3301	1
3587	1
3427	1
3413	1
3396	1
3328	1
2995	1
3440	1
3408	1
3069	1
3130	1
9002	256
3524	1
3108	1
3554	1
9234	255
3352	1
3310	1
3245	1
3402	1
3230	1
3662	1
3524	1
8260	214
3131	1
5280	14
7302	156
3168	1
3352	1
3070	1
3215	1
3252	1
3146	1
3256	1
4958	4
3180	1
3428	1
3256	1
3534	1
3532	1
3127	1
3301	1
3218	1
8565	254
3065	1
3151	1
9999	256
3359	1
9089	256
3348	1
3329	1
6451	80
3270	1
8161	254
2985	1
3387	1
3315	1
3237	1
3190	1
7282	192
3235	1
7045	236
3455	1
3195	1
3349	1
3451	1
3181	1
3280	1
3417	1
3389	1
3445	1
3248	1
3297	1
3238	1
7379	182
3332	1
3238	1
3259	1
3184	1
8339	254
3236	1
7365	123
3409	1
3402	1
3291	1
7394	147
3456	1
3391	1
8450	253
3266	1
6384	38
3249	1
3221	1
2782	1
3393	1
3182	1
3193	1
3298	1
3346	1
3429	1
3346	1
3312	1
3109	1
3102	1
3378	1
3125	1
6746	96
3441	1
3179	1
2777	1
6706	86
3319	1
3196	1
3531	1
3436	1
3231	1
2939	1
3358	1
3315	1
3214	1
6436	255
3207	1
8062	233
3379	1
2867	1
3069	1
3309	1
3227	1
3144	1
3136	1
3260	1
5792	38
3236	1
8226	223
2848	1
3373	1
3320	1
3157	1
7939	213
3237	1
3387	1
3246	1
3291	1
3287	1
3146	1
3282	1
3324	1
8962	254
3410	1
3227	1
3183	1
3259	1
6304	62
3423	1
3547	1
3395	1
3243	1
3275	1
3569	1
3464	1
7365	134
2427	1
3090	1
7485	86
3170	1
3123	1
3071	1
3234	1
3214	1
3309	1
3271	1
3444	1
3198	1
3025	1
3335	1
3230	1
3285	1
3414	1
3318	1
5754	45
8399	243
3470	1
3059	1
3043	1
3378	1
5332	22
3321	1
3000	1
3174	1
3249	1
3309	1
3543	1
3375	1
3001	1
3366	1
7307	115
3009	1
3394	1
2966	1
3094	1
3327	1
3052	1
7513	230
3606	1
3543	1
3537	1
3266	1
3298	1
3490	1
3193	1
3201	1
3245	1
5863	43
6054	24
3553	1
3279	1
3315	1
9139	253
3368	1
3390	1
3383	1
3426	1
7237	220
3307	1
3172	1
3244	1
3327	1
3352	1
3395	1
7646	180
3351	1
3285	1
3374	1
3232	1
3033	1
3480	1
3384	1
3310	1
3237	1
8279	220
3289	1
3134	1
3246	1
3516	1
3397	1
7650	147
3235	1
3335	1
3197	1
9175	254
3068	1
2920	1
3319	1
3313	1
3281	1
9107	255
5898	21
7228	171
3344	1
2945	1
7560	181
3299	1
4174	2
3091	1
3251	1
3297	1
6501	68
3222	1
6777	86
3453	1
3179	1
3362	1
3448	1
3418	1
3081	1
3222	1
3355	1
5148	8
3124	1
3275	1
2961	1
3362	1
6184	33
3460	1
3253	1
3380	1
7091	101
8141	207
7555	133
3406	1
2986	1
3560	1
5656	12
3160	1
3387	1
3252	1
7923	171
3239	1
3006	1
3356	1
7247	144
3108	1
6662	74
8601	254
3396	1
3258	1
3317	1
3497	1
3036	1
6150	30
7546	149
3357	1
3261	1
3350	1
2907	1
3413	1
3366	1
3014	1
3540	1
3195	1
2877	1
9090	253
3231	1
2865	1
5850	26
3072	1
2829	1
3393	1
3181	1
3065	1
3507	1
3338	1
3359	1
3507	1
3245	1
3265	1
4987	8
3299	1
3453	1
3502	1
3445	1
8767	255
3346	1
3247	1
3254	1
3245	1
3344	1
3150	1
3338	1
3239	1
3601	1
3209	1
3157	1
3454	1
3310	1
3182	1
3100	1
5560	17
9193	253
3323	1
3231	1
3359	1
3428	1
3473	1
3409	1
3126	1
3313	1
3339	1
3316	1
7479	195
8620	247
3221	1
3515	1
6464	75
3066	1
3486	1
3564	1
3498	1
3396	1
7903	199
5969	39
3376	1
3577	1
2924	1
3551	1
2981	1
3221	1
3386	1
3167	1
8357	253
3188	1
3403	1
3099	1
3497	1
8157	203
3261	1
3283	1
3340	1
3449	1
8339	238
3321	1
3383	1
3263	1
3262	1
9009	253
6512	45
3244	1
6549	27
3386	1
3299	1
3192	1
3191	1
3293	1
3154	1
3258	1
5769	13
3196	1
3347	1
6137	39
6201	34
3270	1
3601	1
3154	1
3260	1
3323	1
3347	1
3431	1
3389	1
2909	1
3053	1
3072	1
3473	1
3159	1
2993	1
3362	1
3242	1
3427	1
3426	1
3284	1
9562	256
3334	1
3229	1
3499	1
3398	1
3482	1
8834	253
7759	192
3217	1
3272	1
3366	1
3402	1
7681	239
9158	255
3147	1
3081	1
3303	1
3244	1
3364	1
3019	1
3222	1
3234	1
3215	1
3393	1
3280	1
3281	1
3382	1
3289	1
3438	1
3621	1
3143	1
3117	1
3382	1
3362	1
3619	1
3393	1
3305	1
9461	254
3245	1
8713	254
3573	1
3364	1
3016	1
3171	1
3479	1
3242	1
2996	1
3671	1
3488	1
3329	1
7525	178
3346	1
3428	1
3437	1
3369	1
3083	1
3315	1
3149	1
3392	1
3378	1
8953	256
3294	1
3445	1
3168	1
3218	1
3279	1
8048	227
3114	1
3250	1
2601	1
7531	193
9078	254
9436	255
7506	144
3328	1
3391	1
3356	1
3355	1
3266	1
6524	52
3408	1
3439	1
3386	1
9070	254
3334	1
2966	1
3361	1
3089	1
3330	1
3327	1
3113	1
3465	1
3030	1
3384	1
3307	1
3202	1
3226	1
3288	1
6678	176
3456	1
3094	1
6711	58
3451	1
3369	1
8726	254
3019	1
7127	125
3324	1
3086	1
3479	1
3060	1
3224	1
3223	1
3191	1
3573	1
3334	1
3417	1
3348	1
3145	1
3328	1
3389	1
3393	1
2858	1
6906	125
8769	254
6196	31
3341	1
3441	1
3404	1
3504	1
3276	1
3115	1
3350	1
3128	1
3389	1
3313	1
3302	1
3544	1
3425	1
3096	1
3096	1
3049	1
3096	1
3314	1
3270	1
3140	1
3432	1
3325	1
3326	1
3343	1
3288	1
3262	1
3136	1
3220	1
7635	175
2991	1
3374	1
3065	1
3388	1
3113	1
3489	1
3160	1
2981	1
3367	1
3086	1
3509	1
3327	1
3256	1
3340	1
3088	1
3242	1
3148	1
3277	1
3358	1
3171	1
3390	1
3446	1
3420	1
3277	1
3282	1
3377	1
3249	1
5220	6
2903	1
3354	1
3073	1
3254	1
3351	1
3086	1
3356	1
3189	1
3499	1
3576	1
3489	1
7613	143
3264	1
3370	1
2894	1
3366	1
3339	1
3088	1
3210	1
3187	1
7054	97
7170	93
2997	1
3253	1
3233	1
3174	1
2922	1
3136	1
3098	1
3300	1
3270	1
3384	1
3205	1
3194	1
3259	1
5742	15
3007	1
6532	74
3512	1
5444	17
3177	1
6820	124
3373	1
3215	1
3317	1
6563	48
7046	115
3419	1
3279	1
7500	164
3106	1
3328	1
3374	1
9053	255
3332	1
7582	147
3309	1
9753	256
7486	174
7236	149
5576	14
3053	1
5941	52
3152	1
3469	1
6633	129
3249	1
3345	1
3173	1
3350	1
3366	1
3266	1
3466	1
3375	1
3180	1
2862	1
3366	1
3363	1
3321	1
3326	1
5128	6
3538	1
3204	1
3312	1
3323	1
3369	1
9521	256
3109	1
3312	1
3248	1
3239	1
8787	238
3214	1
3277	1
7932	213
3169	1
3161	1
3234	1
3555	1
3248	1
7375	96
3330	1
3467	1
7166	211
3426	1
3361	1
3303	1
3214	1
3589	1
8371	238
3070	1
3254	1
2873	1
3421	1
3413	1
3369	1
3490	1
3615	1
3182	1
3244	1
3447	1
3526	1
7472	152
7321	181
2997	1
2940	1
6764	132
3293	1
3186	1
3305	1
3205	1
3660	1
3301	1
3035	1
3133	1
3254	1
3377	1
2650	1
3192	1
3280	1
3525	1
3266	1
3157	1
3129	1
3615	1
3307	1
3214	1
5321	19
3179	1
3175	1
3415	1
3290	1
3507	1
3445	1
3411	1
3089	1
3193	1
3292	1
3405	1
3251	1
3385	1
3105	1
6165	28
2851	1
3141	1
3478	1
3337	1
3448	1
3379	1
3282	1
3376	1
3356	1
3412	1
3137	1
3186	1
3300	1
3044	1
3362	1
3327	1
3455	1
3365	1
3452	1
3109	1
3218	1
3157	1
3185	1
3188	1
3460	1
3355	1
3081	1
5805	20
3196	1
3286	1
3107	1
3226	1
3274	1
3304	1
3125	1
2964	1
6262	59
7503	179
3291	1
3288	1
3329	1
3293	1
3219	1
3216	1
3357	1
3451	1
3242	1
6392	65
3295	1
3301	1
3205	1
3493	1
5782	19
3221	1
3229	1
3099	1
3392	1
7053	116
3493	1
3262	1
3291	1
3369	1
3336	1
3452	1
3214	1
3375	1
3339	1
3370	1
3407	1
3328	1
3433	1
2875	1
3370	1
6987	103
3313	1
8842	254
3473	1
3391	1
5083	7
3377	1
3073	1
3439	1
3390	1
3485	1
3284	1
7048	60
3458	1
2922	1
3291	1
3378	1
3329	1
3537	1
3249	1
3225	1
3229	1
3348	1
3021	1
3403	1
7674	157
3184	1
3693	1
3265	1
3365	1
3036	1
3435	1
3367	1
8361	218
3335	1
3430	1
3451	1
3451	1
3306	1
3518	1
3366	1
3327	1
3206	1
3229	1
3175	1
3513	1
3300	1
3075	1
3164	1
3610	1
3339	1
3421	1
3377	1
2778	1
3066	1
3228	1
3254	1
3274	1
2874	1
3305	1
3565	1
3549	1
6119	86
3430	1
3397	1
8853	255
3269	1
3252	1
3435	1
3286	1
3354	1
3117	1
3317	1
3343	1
3167	1
2968	1
3427	1
3180	1
3188	1
3318	1
3297	1
2607	1
3176	1
3100	1
3314	1
3101	1
2965	1
3202	1
6351	51
3154	1
3207	1
3097	1
6608	125
3087	1
3090	1
3329	1
3301	1
3114	1
3176	1
3416	1
3490	1
3239	1
3575	1
3234	1
3198	1
3135	1
3452	1
3347	1
3525	1
2728	1
3336	1
3429	1
3268	1
7201	141
3272	1
3604	1
3077	1
7270	157
3305	1
3219	1
3206	1
3281	1
3226	1
6281	39
3168	1
3016	1
3393	1
3139	1
3102	1
3207	1
3279	1
3269	1
7660	191
2896	1
3338	1
3180	1
3470	1
3242	1
3167	1
3389	1
3425	1
3327	1
3348	1
3470	1
3426	1
3391	1
3146	1
3301	1
3274	1
3123	1
2752	1
3201	1
3328	1
