4434	7
6736	28
3816	28
3101	28
4251	28
5218	100
5846	28
8950	270
1584	3
2329	3
5030	56
6193	100
2847	28
4421	28
6071	100
2323	7
3156	56
3189	14
4099	28
5471	28
2967	28
923	3
1395	3
7424	180
6213	28
5138	28
2668	28
3779	28
2347	7
2469	14
4768	3
1397	3
559	3
4764	100
7221	28
6066	28
3159	28
3576	28
4569	365
6066	28
2401	14
5268	28
1401	3
1652	7
2847	28
6189	7
2700	7
2850	3
3434	28
3351	28
7921	28
321	3
6779	100
5229	100
1387	28
3883	7
1228	28
6485	270
3706	90
6056	100
3625	28
6837	28
4885	28
3747	28
4083	7
4365	28
1947	28
2563	7
3709	90
5299	28
4730	7
8803	56
3787	180
5773	100
2254	7
6838	28
1590	28
1	3
924	28
2145	7
8592	28
1263	28
6014	28
4686	28
3911	28
3939	28
3323	3
2495	28
1355	28
1130	7
3283	14
1140	7
3064	28
6665	56
4318	14
2570	3
4824	365
7720	56
3803	56
5582	56
4372	28
6171	90
870	3
2916	28
2881	7
8974	56
7339	28
1901	28
1285	1
1296	7
4353	28
3273	3
6003	7
6096	56
6642	100
4555	365
3625	28
4514	56
4651	90
7160	28
4370	28
3277	28
4605	28
2193	3
2888	3
3891	100
5139	100
1024	28
6378	28
9208	28
687	7
6105	28
3907	28
1412	7
5469	28
5227	28
2743	28
1055	7
4373	28
6308	100
4864	28
3763	90
2707	28
4190	14
2394	28
1355	28
5838	90
4971	90
6533	56
2091	3
902	3
1162	3
6242	28
4644	28
2530	28
4718	3
5949	100
10000	91
3277	56
5354	28
4214	365
3859	28
8275	56
7833	91
3414	28
1522	7
2709	7
5780	56
4115	3
4532	28
4316	56
7608	56
5138	90
8029	56
7210	56
2750	3
4353	28
6264	7
5910	28
4898	3
3445	56
4485	56
6674	7
4178	28
1228	28
3332	28
5615	28
7440	28
8007	91
2687	28
1554	7
6399	365
5526	28
2806	28
4986	100
3236	3
2335	28
1656	3
1632	28
3567	7
5218	180
2773	28
2680	28
2895	28
9894	28
9589	91
1005	7
1632	28
4576	28
4776	90
1931	14
1407	3
999	7
7098	100
2079	28
6450	7
4801	28
1858	7
2130	3
1896	28
1529	7
5666	28
8019	91
4626	28
4108	3
4502	28
2824	14
4495	270
2911	14
6618	28
2840	3
4701	28
4824	28
1681	3
2956	14
6005	90
3682	28
1896	7
6244	28
2978	28
6057	180
3603	90
3874	28
8388	90
3728	28
6749	91
1856	3
5663	90
3616	56
4642	56
2310	28
1863	28
1645	28
6704	365
2837	28
3397	180
7012	100
5740	14
4778	28
3738	180
2298	14
3911	28
1988	28
1505	3
1766	28
4434	28
848	3
1969	7
3211	3
1263	28
1132	3
1201	7
3554	28
7795	56
9527	28
5020	180
8194	91
3057	28
4569	7
732	3
2901	3
2837	28
7409	28
3606	28
8411	28
5763	56
3170	28
8692	28
5938	100
5057	100
2675	3
4855	3
6361	28
5098	90
5686	56
3503	28
2896	28
7221	28
6378	28
3392	14
9589	91
5244	28
2440	3
7000	28
3693	28
6253	365
4837	270
5405	28
6409	56
6292	28
5362	100
3166	7
6694	100
7221	28
4575	28
1815	7
4502	28
5433	28
7225	56
676	3
1472	3
4598	100
8678	28
3874	28
1955	3
3982	28
3042	180
1262	3
7303	100
2293	14
2626	7
4869	28
3916	28
1304	3
6763	28
3057	28
5839	7
2680	28
1650	28
4239	28
7921	28
5996	90
7220	28
4621	28
3616	28
5242	56
2389	14
5167	28
9278	91
5229	360
7720	56
3045	14
646	7
3871	3
940	3
3681	28
8592	28
1432	3
5154	365
2735	28
4782	100
2066	7
3322	28
6403	56
1718	3
3575	90
6886	91
924	28
1853	7
2812	28
6432	56
9589	91
1590	28
2317	14
3529	28
4984	90
492	1
5042	7
3916	28
1578	3
4824	28
4960	28
8095	28
6593	56
4352	28
5788	90
3372	90
6030	90
2668	28
4265	56
4609	28
633	3
3463	28
4042	3
1583	7
3343	28
3465	7
1274	3
4712	100
8717	56
2968	28
1850	7
3404	28
3652	28
960	3
7932	28
6674	7
5725	28
6302	365
4624	28
4269	90
6765	100
5654	90
4885	90
4532	120
4017	7
3519	28
4742	100
775	28
3793	28
6302	90
2641	7
4108	3
6704	56
5326	56
124	3
3463	28
3392	3
6787	100
1578	7
2717	7
3126	3
5227	28
4373	28
6624	28
2639	14
7338	28
4341	28
6290	28
4365	28
3866	14
623	3
6569	270
918	3
4621	28
3703	28
6643	28
3912	28
5927	28
2763	28
4233	3
1273	3
5658	100
3587	28
2871	14
4109	28
5022	28
6350	270
4362	100
8044	28
4979	14
6549	56
2363	3
3475	28
3941	56
3921	28
2586	3
4923	180
3665	28
2408	28
3829	28
4908	180
1871	28
5195	28
4315	28
8642	56
4470	28
9340	56
2756	14
5022	28
3316	28
4802	28
2293	3
5466	7
3257	28
3201	28
2885	14
5540	7
5557	180
4838	100
2713	3
6792	56
3374	28
1883	7
5709	100
7496	91
7321	28
2852	28
4625	28
1542	3
3483	7
6243	28
938	3
1047	7
4995	7
2988	14
312	3
6564	100
4520	7
6117	56
8952	91
6512	90
3458	28
672	7
7085	91
4641	28
2641	28
3417	14
4701	28
2541	14
2440	28
2046	28
5422	28
2811	28
2593	3
6035	56
7071	7
3836	90
3064	28
5011	56
4433	28
1948	28
7367	56
5184	28
6637	7
6774	28
3277	28
1371	3
4929	14
3940	28
1969	7
4959	360
2512	28
4727	270
9675	28
3595	28
2736	28
1419	7
4295	28
2700	7
7985	100
1622	3
2768	28
2212	14
8518	91
3616	90
3684	28
2545	3
3153	180
4656	90
5256	28
6477	90
3871	7
3711	3
3640	56
6679	28
4233	56
3921	3
4809	28
2556	28
3476	28
2201	28
1140	7
2754	14
4606	28
7720	56
4409	90
3063	28
3747	28
1858	7
1585	3
4472	28
8144	28
715	3
4239	28
7171	56
7416	56
3897	28
7833	91
3628	28
1896	28
1644	28
6069	56
1051	3
1237	28
4469	28
568	3
968	7
2662	28
2359	14
4619	28
3831	28
1736	7
5209	56
4606	3
9589	91
4447	7
4164	7
6241	28
3662	56
833	7
7551	28
4404	100
2173	7
5300	28
7895	56
1380	3
3116	28
2173	28
6630	28
9701	56
2005	28
4458	360
3826	28
2730	28
5593	90
2974	28
6630	28
2506	28
4801	120
4108	3
6203	180
667	7
4099	14
3702	28
1203	3
2663	28
5668	100
2201	28
5203	28
3055	28
2815	14
4649	56
4722	28
4421	28
8991	28
2877	7
3182	28
3557	28
4614	90
4540	14
3812	90
4616	120
3189	28
1353	3
1957	28
3677	28
3845	90
1480	7
2902	14
3727	28
1126	3
4763	90
6026	28
2760	28
4029	14
2982	7
7795	91
5158	28
4375	28
4058	7
5654	14
707	7
570	3
6385	28
5154	28
5268	28
5362	100
4712	28
6153	56
6699	7
5796	90
7433	56
3809	14
1688	3
2882	90
909	7
4801	100
4569	180
775	28
6625	28
1650	28
2946	28
3191	28
3397	14
9340	56
6582	270
768	3
8891	56
2827	3
2334	14
4361	180
575	3
2276	28
7833	91
2755	7
8051	100
2918	28
1517	7
4016	100
4864	28
2163	28
7134	56
9116	91
3904	28
4312	14
5469	100
3439	14
3332	28
1358	3
5811	100
4645	100
8156	91
6472	90
2674	28
3103	28
4674	28
2102	3
1341	7
5813	56
4959	28
3799	7
3620	28
3807	28
6790	28
2514	3
6587	56
8034	56
2978	28
5403	7
6213	28
1624	3
2750	3
3889	100
2603	7
4603	56
753	7
984	7
1395	3
4934	365
4616	28
4251	180
2847	28
4007	180
5469	28
2349	7
3848	7
1366	28
2517	14
1989	28
5075	100
4038	28
3352	90
2434	90
4519	7
2749	3
4935	28
8842	91
4099	28
5421	100
1673	7
5233	28
2989	90
2835	365
3787	28
2936	7
1264	3
306	3
1572	3
5256	56
3996	3
7155	14
2429	7
1387	28
6840	28
1004	3
4312	28
280	3
4439	100
1813	14
493	3
5114	28
5240	28
3909	14
5114	90
1366	28
5154	365
517	3
2656	3
2163	28
3821	28
4580	28
4433	90
2674	28
2713	180
4419	3
6069	180
7121	28
7795	56
4373	28
7033	90
4666	180
1212	7
8343	56
3698	3
2386	7
6251	28
2641	3
4507	28
3855	28
3159	28
4656	28
3229	28
5935	100
9340	56
6021	270
1739	3
3871	3
4589	28
4353	56
3921	28
6594	365
2915	28
6370	56
2957	7
3496	14
3802	28
3792	28
4802	28
2237	7
1655	3
8244	28
3504	3
1978	28
3775	28
3422	365
1948	28
3871	28
8165	28
2142	3
3976	14
4250	28
7576	28
4275	56
5839	7
2999	28
5129	56
3971	56
4031	90
4830	3
3673	14
4453	90
5839	7
4348	90
5472	28
4341	28
1559	7
8592	28
9052	28
5569	90
5489	28
7318	56
1310	14
1665	7
5116	56
5578	7
2682	28
5428	7
1588	7
2420	28
1024	28
4901	7
3912	14
1933	14
2735	14
3871	28
4295	28
1644	3
6226	28
3824	28
4630	90
4250	28
7686	28
5914	7
1228	3
6674	7
5068	270
5271	28
1102	7
3595	28
2121	7
7060	28
4959	270
6926	28
1634	3
3909	360
2445	90
4519	14
3616	14
5139	28
3693	28
6183	56
2130	14
3079	14
3816	28
3432	28
7420	28
1899	3
2491	14
4809	28
2079	28
5256	28
5354	28
888	3
8128	28
1766	28
2424	3
2895	28
5600	28
7945	56
2641	28
5208	28
4142	56
4092	90
3653	28
4809	28
4903	90
6764	28
955	7
3413	28
1187	3
6395	100
3871	3
5279	360
2441	7
1141	7
6155	270
1345	3
1528	7
3070	28
5969	28
2434	7
4226	180
5227	100
1969	14
6729	56
4372	28
4588	56
4824	180
8632	180
4606	7
2619	3
6325	180
8592	28
3067	90
2783	14
1534	7
9340	56
1874	3
3833	14
4788	180
4970	14
7035	56
3379	56
4176	56
4843	28
9601	56
2607	56
6549	7
8219	28
4848	360
3432	28
1903	28
3860	28
4544	28
5553	7
4903	28
4108	3
1252	7
4946	56
1000	7
4885	28
4523	28
3828	28
2957	3
3298	3
3140	28
2567	28
3787	28
7625	100
1480	7
1953	3
3823	14
2447	28
3177	28
4444	7
4165	90
1153	3
8070	270
1375	3
4179	28
5777	180
4113	100
9016	28
3907	28
2506	28
4081	7
4113	56
3322	28
1493	3
5521	56
5910	28
6425	100
5526	28
5178	28
1957	28
5326	56
1622	28
4300	7
6815	28
