78	1
463	1
513	1
1	1
1	1
1	1
1	1
27	1
12	1
1	1
458	1
14	1
23	1
1	1
1	1
25	1
1	1
16	1
6	1
1	1
14	1
1	1
1	1
1	1
77	1
1	1
1	1
266	1
4	1
1	1
50	1
1	1
1	1
182	1
1	1
1	1
1	1
1	1
1	1
1	1
29	1
534	1
1	1
1	1
1	1
1	1
1	1
1	1
1	1
1	1
24	1
663	1
51	1
338	1
43	1
63	1
1	1
1	1
1	1
14	1
1	1
1	1
257	1
1	1
1	1
1	1
94	1
1	1
1	1
1	1
35	1
1	1
17	1
5	1
1	1
424	1
124	1
1	1
56	1
105	1
470	1
32	1
12	1
1	1
69	1
1	1
1	1
27	1
1	1
1	1
19	1
1	1
122	1
20	1
1	1
15	1
1	1
38	1
1	1
171	1
1	1
76	1
68	1
17	1
225	1
17	1
1	1
1	1
1	1
1	1
31	1
1	1
1	1
2	1
272	1
1	1
1	1
55	1
52	1
1	1
1	1
1	1
24	1
7	1
607	1
24	1
130	1
1	1
1	1
128	1
250	1
1	1
27	1
391	1
1	1
19	1
1	1
226	1
34	1
1	1
1	1
183	1
1	1
1	1
1	1
1	1
45	1
72	1
227	1
1	1
1	1
54	1
68	1
6	1
173	1
29	1
1	1
1	1
170	1
1	1
1	1
38	1
1	1
315	1
1	1
51	1
1	1
77	1
1	1
1	1
120	1
1	1
104	1
1	1
224	1
1	1
1	1
1	1
1	1
1	1
1	1
40	1
1	1
1	1
1	1
1	1
169	1
1	1
70	1
1	1
1	1
1	1
3	1
468	1
310	1
146	1
1	1
58	1
8	1
1	1
1	1
210	1
53	1
1	1
1	1
1	1
120	1
90	1
33	1
1	1
94	1
73	1
17	1
53	1
8	1
1	1
1	1
124	1
310	1
240	1
1	1
1	1
116	1
1	1
1	1
70	1
211	1
1	1
1	1
1	1
93	1
12	1
1	1
156	1
1	1
1	1
1	1
1	1
1	1
1	1
1	1
56	1
1	1
1	1
39	1
1	1
1	1
335	1
1	1
10	1
1	1
36	1
1	1
1	1
1	1
1	1
1	1
1	1
9	1
1	1
13	1
1	1
24	1
41	1
1	1
179	1
8	1
1	1
1	1
1	1
276	1
1	1
374	1
1	1
1	1
1	1
1	1
1	1
1	1
13	1
1	1
284	1
685	1
1	1
1	1
34	1
28	1
1	1
35	1
2	1
10	1
1	1
10	1
200	1
1	1
193	1
6	1
1	1
1	1
1	1
1	1
284	1
1	1
11	1
1	1
1	1
88	1
1	1
428	1
56	1
130	1
1	1
22	1
25	1
24	1
425	1
516	1
54	1
47	1
4	1
1	1
23	1
226	1
1	1
1	1
73	1
99	1
4	1
1	1
1	1
1	1
156	1
1	1
1	1
1	1
1	1
1	1
1	1
1	1
1	1
32	1
43	1
35	1
1	1
1	1
1	1
1	1
1	1
1	1
70	1
1	1
1	1
1	1
167	1
26	1
229	1
148	1
1	1
1	1
1	1
1	1
137	1
1	1
1	1
74	1
239	1
1	1
1	1
210	1
1	1
1	1
1	1
1	1
39	1
188	1
188	1
1	1
1	1
44	1
10	1
11	1
1	1
1	1
1	1
8	1
22	1
1	1
8	1
107	1
29	1
8	1
1	1
1	1
1	1
1	1
39	1
1	1
29	1
25	1
1	1
292	1
1	1
1	1
101	1
1	1
1	1
29	1
1	1
1	1
1	1
1	1
1	1
1	1
1	1
28	1
1	1
31	1
1	1
1	1
1	1
71	1
9	1
4	1
1	1
1	1
142	1
1	1
468	1
1	1
61	1
1	1
1	1
1	1
19	1
23	1
1	1
1	1
1	1
1	1
1	1
1	1
1	1
1	1
1	1
1	1
59	1
1	1
32	1
1	1
1	1
1	1
1	1
1	1
126	1
1	1
42	1
1	1
40	1
1	1
1	1
97	1
1	1
1	1
1	1
1	1
335	1
1	1
263	1
1	1
1	1
1	1
1	1
1	1
1	1
12	1
1	1
45	1
1	1
158	1
1	1
1	1
1	1
1	1
1	1
47	1
1	1
28	1
11	1
43	1
1	1
1	1
428	1
1	1
446	1
1	1
40	1
1	1
1	1
59	1
229	1
1	1
207	1
139	1
65	1
177	1
54	1
454	1
7	1
201	1
234	1
419	1
1	1
42	1
1	1
151	1
59	1
52	1
1	1
224	1
16	1
55	1
1	1
385	1
1	1
128	1
15	1
1	1
1	1
236	1
128	1
178	1
1	1
9	1
150	1
3	1
46	1
1	1
1	1
1	1
1	1
1	1
1	1
1	1
1	1
1	1
53	1
1	1
4	1
1	1
216	1
223	1
1	1
439	1
1	1
39	1
1	1
12	1
225	0
1	1
1	1
1	1
1	1
1	1
1	1
1	1
1	1
1	1
350	1
1	1
1	1
1	1
45	1
126	1
509	1
1	1
1	1
304	1
46	1
408	1
427	1
1	1
17	1
1	1
1	1
32	1
16	1
160	1
29	1
1	1
1	1
1	1
119	1
1	1
119	1
433	1
20	1
1	1
1	1
1	1
1	1
1	1
1	1
1	1
219	1
35	1
1	1
288	1
487	1
1	1
4	1
1	1
1	1
1	1
397	1
36	1
1	1
1	1
39	1
1	1
1	1
1	1
28	1
37	1
37	1
100	1
1	1
1	1
1	1
1	1
1	1
1	1
1	1
102	1
1	1
1	1
25	1
1	1
368	1
1	1
557	1
6	1
1	1
2	1
1	1
1	1
70	1
7	1
48	1
83	1
1	1
37	1
1	1
1	1
1	1
1	1
1	1
35	1
1	1
1	1
122	1
1	1
1	1
1	1
1	1
1	1
1	1
256	1
1	1
1	1
1	1
1	1
1	1
1	1
1	1
1	1
1	1
1	1
39	1
1	1
31	1
147	1
344	1
1	1
188	1
1	1
9	1
333	1
1	1
1	1
12	1
105	1
187	1
303	1
67	1
462	1
1	1
1	1
1	1
1	1
1	1
1	1
97	1
627	1
1	1
24	1
1	1
462	1
2	1
305	1
1	1
19	1
1	1
1	1
40	1
1	1
1	1
1	1
1	1
260	1
61	1
415	1
1	1
1	1
1	1
138	1
1	1
265	1
263	1
1	1
216	1
1	1
1	1
1	1
30	1
27	1
147	1
253	1
1	1
100	1
61	1
482	1
1	1
1	1
1	1
1	1
104	1
1	1
1	1
1	1
17	1
1	1
1	1
166	1
35	1
478	1
1	1
63	1
43	1
14	1
1	1
1	1
1	1
30	1
1	1
1	1
1	1
43	1
1	1
32	1
1	1
35	1
36	1
121	1
1	1
379	1
1	1
6	1
1	1
22	1
6	1
1	1
199	1
1	1
1	1
657	1
95	1
19	1
546	1
46	1
1	1
27	1
5	1
1	1
1	1
1	1
1	1
99	1
1	1
1	1
11	1
1	1
255	1
79	1
241	1
1	1
1	1
1	1
49	1
1	1
1	1
66	1
66	1
18	1
124	1
13	1
1	1
1	1
1	1
1	1
1	1
1	1
1	1
96	1
1	1
111	1
1	1
18	1
1	1
1	1
1	1
27	1
1	1
99	1
25	1
108	1
83	1
1	1
1	1
8	1
1	1
1	1
9	1
1	1
21	1
1	1
342	1
166	1
113	1
22	1
1	1
1	1
1	1
1	1
6	1
1	1
3	1
1	1
117	1
1	1
3	1
424	1
66	1
1	1
19	1
128	1
34	1
1	1
283	1
1	1
1	1
4	1
185	1
345	1
18	1
166	1
286	1
1	1
33	1
3	1
1	1
1	1
26	1
1	1
7	1
277	1
1	1
1	1
1	1
1	1
1	1
1	1
64	1
1	1
94	1
7	1
622	1
1	1
1	1
13	1
72	1
1	1
1	1
129	1
34	1
1	1
267	1
1	1
19	1
1	1
1	1
22	1
1	1
1	1
1	1
130	1
1	1
1	1
45	1
114	1
1	1
1	1
1	1
210	1
1	1
1	1
59	1
1	1
1	1
1	1
39	1
94	1
1	1
1	1
1	1
371	1
1	1
1	1
15	1
142	1
1	1
123	1
1	1
1	1
69	1
1	1
1	1
409	1
1	1
1	1
3	1
111	1
1	1
1	1
20	1
109	1
52	1
1	1
14	1
1	1
48	1
1	1
136	1
11	1
1	1
1	1
1	1
1	1
20	1
9	1
1	1
424	1
1	1
197	1
411	1
1	1
363	1
1	1
60	1
1	1
1	1
1	1
101	1
1	1
14	1
79	1
1	1
1	1
7	1
1	1
22	1
210	1
282	1
1	1
1	1
26	1
51	1
1	1
319	1
1	1
61	1
1	1
1	1
111	1
24	1
69	1
1	1
1	1
32	1
179	1
23	1
1	1
52	1
1	1
1	1
123	1
1	1
1	1
1	1
1	1
54	1
36	1
1	1
1	1
1	1
17	1
1	1
224	1
118	1
401	1
1	1
20	1
52	1
1	1
68	1
492	1
1	1
208	1
25	1
1	1
1	1
1	1
243	1
1	1
1	1
1	1
378	1
1	1
1	1
54	1
1	1
1	1
1	1
54	1
1	1
35	1
1	1
1	1
164	1
1	1
311	1
1	1
1	1
1	1
3	1
16	1
1	1
1	1
349	1
1	1
300	1
1	1
1	1
1	1
1	1
1	1
520	1
119	1
427	1
1	1
1	1
1	1
1	1
72	1
1	1
181	1
1	1
1	1
1	1
252	1
38	1
1	1
1	1
14	1
31	1
1	1
17	1
1	1
21	1
149	1
227	1
45	1
1	1
1	1
266	1
1	1
221	1
1	1
7	1
1	1
1	1
1	1
47	1
154	1
144	1
199	1
366	1
177	1
316	1
1	1
1	1
33	1
77	1
1	1
145	1
314	1
99	1
25	1
15	1
166	1
1	1
1	1
149	1
558	1
8	1
6	1
15	1
1	1
1	1
416	1
