749	552
3	943
19	831
34	565
392	1106
158	1331
3	646
66	1043
3	914
717	781
1069	1139
14	1115
2208	2096
2	1163
2856	3104
399	723
56	839
2	148
2	1348
431	773
37	969
1	597
1471	1413
49	891
3	829
688	1253
42	858
1809	2303
6	1360
393	772
232	503
238	727
58	785
2	834
70	585
2914	2362
4969	1945
1939	2372
25	545
696	1212
412	1231
3	768
1	1147
9	985
190	335
38	516
0	1601
36	802
168	763
2	1159
1480	1951
1967	2270
82	856
19	814
3	1054
125	1080
3	980
1345	1631
4574	1258
8	928
47	1146
1090	1209
261	806
5	733
72	860
3	456
3	593
23	516
51	635
4872	1968
3507	2359
52	407
65	1532
80	1441
2264	2305
5	924
7	903
13	860
3	696
1104	1075
436	600
136	1188
46	1199
0	1244
1	1470
61	1342
92	629
27	959
26	290
38	602
2	804
63	1002
0	976
0	932
64	1175
3	967
33	1444
39	606
2	768
142	938
19	725
2	648
227	1330
78	1080
3616	2959
3844	2345
29	941
635	923
213	809
4	1145
58	932
246	1641
4	722
267	4666
2	1018
1392	1781
3	1086
2	820
125	491
59	540
0	218
18	595
3149	3112
0	851
17	886
92	562
134	752
2042	2186
3095	2904
496	1173
4	174
6	784
59	571
6	1188
1273	1148
69	392
188	3965
9	781
66	769
2720	3183
286	1431
2	623
1	881
3	933
38	676
129	753
36	731
5	1259
38	1244
72	1317
103	894
21	887
6	306
9	703
15	1047
864	1136
1	1201
2646	2645
113	964
886	1464
2	224
29	980
0	489
3	1034
5	908
44	470
16	559
0	1106
16	1140
40	432
8	386
1	802
6595	2192
5	514
100	744
2	1104
44	1539
1	769
1	826
4154	2570
3187	3026
832	998
2	416
3	1025
2039	2247
97	967
41	966
19	1271
6	1387
1291	1439
2	648
75	293
55	998
244	883
269	1557
1206	801
184	508
490	950
14	1000
93	1509
1203	1425
3	861
408	1245
110	990
1481	1834
327	943
5	373
87	633
2046	2371
124	1566
3	737
0	685
30	577
98	716
1644	901
37	1010
28	660
488	1613
2	1023
90	890
15	990
2	495
2077	2041
349	406
145	479
55	860
3772	2502
3613	1949
7	996
2260	2272
15	1018
2	1121
15	834
2695	3279
2	1315
23	975
537	917
24	1245
805	991
71	1062
5	690
0	844
159	959
322	1048
7	917
699	975
44	744
1196	659
5	796
2	522
36	705
14	1262
2	1084
7	609
51	847
4	267
1	1111
274	1011
32	982
143	768
5	836
248	821
42	584
6193	2382
6	817
289	1507
14	970
138	835
45	637
3	3280
21	923
129	730
1	4303
77	643
211	253
25	388
14	864
701	1012
86	844
695	1376
253	871
163	894
20	961
5	712
5	1105
9999	1914
38	1319
12	956
112	992
0	1195
24	1225
133	494
131	375
50	702
111	1168
0	524
98	1059
3450	2067
2	917
2149	2241
28	558
29	763
3	544
9	850
9	500
2031	2409
2	1057
63	1142
1	1204
476	511
1	956
567	823
2117	2811
57	1234
78	638
2285	2290
30	1248
11	536
18	1478
2	1056
28	618
0	1185
957	1514
54	449
3	897
12	1343
3826	2258
22	1182
13	846
4	1079
36	710
5	828
0	963
27	741
1	771
147	934
72	683
26	562
8	575
2226	2703
98	1013
272	1189
3264	2968
12	322
6395	2054
17	707
910	1324
3	1145
65	1308
1	683
161	1236
88	898
8	1042
31	2072
0	427
2	1296
938	1546
3607	2875
335	934
2	1282
83	934
211	691
2302	2679
4312	1717
164	433
6	738
8	613
31	614
3	927
15	991
69	1066
256	1493
93	555
167	680
16	1068
67	980
61	1174
932	1263
0	517
86	735
111	876
1096	1329
48	620
36	771
162	656
33	703
7449	1960
5	813
1	1072
1	812
1563	2131
5	1394
33	873
144	969
21	441
17	1047
208	1001
155	458
537	429
51	977
17	606
73	1116
1	635
6	1487
76	1086
273	663
1314	1359
93	958
757	361
1	1048
1	873
835	1158
10	613
295	843
50	928
6	651
58	841
169	1312
414	1089
49	775
367	1226
5	682
73	777
139	1196
22	1283
376	976
0	808
6	1142
3	1049
0	831
3067	2869
51	1094
1	969
77	911
65	1192
24	752
23	511
2	637
162	411
1398	1105
1752	1799
65	931
1816	1441
25	807
554	618
3129	2784
3	297
1	724
13	995
2	831
16	783
1	510
56	595
33	546
21	1294
42	991
6	1050
48	796
0	745
67	824
82	463
7830	2364
12	562
950	1137
1	740
100	776
78	1023
1	1173
40	903
5900	1411
1	1236
218	586
43	750
7	1216
3	617
1	696
68	597
12	1227
5	293
1247	1725
2	768
6	629
6	629
36	998
8	630
63	646
6	734
1105	1133
108	798
1	742
48	1010
5	2107
2	1077
2891	2809
169	711
0	774
30	757
0	1108
7	910
145	934
0	626
4920	1292
47	1052
2	394
4	398
17	705
0	424
28	623
973	1126
7617	1781
16	308
12	914
0	445
67	1098
876	1136
251	1085
3483	2793
75	968
23	1161
0	598
68	1362
1	903
129	1171
2	694
2	1009
73	554
1139	1039
9	989
6	723
226	693
2848	2626
1	1124
37	669
125	706
4	945
132	990
2	1155
2274	2615
2	611
1	1063
1	685
1	993
232	1122
53	936
84	490
16	975
17	663
268	949
14	467
1	847
2	1180
11	1255
3	1523
2058	2165
425	843
3	1046
131	1084
251	324
16	838
4	1504
2101	2757
19	1087
338	796
1	970
13	812
2	716
5840	2146
60	1009
3	754
4161	2112
5	1259
54	674
3	972
3786	2628
53	525
152	1370
2	919
42	725
1	842
0	735
1242	891
30	989
2	1290
33	1084
21	895
649	1579
2	749
146	470
414	725
826	907
11	426
16	529
139	1076
639	750
25	845
1539	1181
11	458
2	562
39	901
0	1377
1104	1008
296	1203
3	792
157	839
18	1096
5	1240
69	775
1	726
1	1303
1	919
5	1000
9	792
562	1388
7	1275
3	668
142	1457
0	576
4	775
37	710
284	912
111	873
258	646
96	700
25	1072
3	882
17	2177
14	525
113	1056
2	1116
57	735
1	740
515	1237
0	728
111	1077
3	937
8	795
25	1516
60	1355
109	1035
317	1229
1883	2168
32	966
2068	1784
207	916
18	937
2444	2639
2	745
19	235
1	991
2	1137
21	426
4	1253
1	700
48	683
2	688
1462	1583
2	1033
36	9999
2	649
17	376
21	1347
2891	2919
45	661
24	940
1	698
0	958
48	761
38	867
36	1532
1	880
0	321
1	542
6	694
262	1095
158	480
3	585
55	753
48	1008
506	769
794	1117
665	1164
2891	2944
860	912
3	1302
9	796
1712	1947
1	1238
1792	1724
2927	2587
1	1086
2	1035
46	437
3284	3009
2	1171
2	693
4	605
3892	1787
4	669
38	737
1232	1619
29	963
5	711
3	1050
3634	2547
44	888
2060	2594
32	793
8	1276
3699	5015
15	557
15	868
68	779
83	1156
65	1124
4	566
75	909
139	1032
21	105
1432	1317
2	586
12	850
34	1182
6	603
1	713
88	789
3	1277
2	537
2208	2138
243	1046
271	972
9	1017
30	1727
3	770
4	924
1	1018
78	614
87	836
2	482
725	1998
146	632
156	947
1	1409
3	1143
3	633
1759	1644
0	508
76	792
1	673
0	1177
1959	2610
4	967
45	1386
115	581
71	885
51	658
23	702
133	1336
691	1562
3179	3334
396	1380
2	1212
5	891
57	1194
6	689
6	1380
79	749
200	775
64	1053
77	1081
6	574
230	556
3	996
16	807
30	1061
43	660
8	491
2	856
102	576
43	720
2164	2168
26	1207
1	1011
5	1181
3918	2720
2	1295
3373	3148
1	963
94	744
35	930
141	1146
37	806
1139	1555
173	1013
611	1085
2109	1882
180	295
0	773
0	1094
5	309
51	480
3	3727
14	860
1	693
35	810
95	693
20	550
1	1160
33	468
4	576
36	724
713	881
61	847
146	1117
1	1216
938	1833
8	1023
151	1314
35	799
28	977
748	727
1416	1332
7118	2145
6	817
33	905
25	1055
59	997
33	1154
12	488
2190	2267
2	1184
0	406
806	1061
0	840
2	1261
2	611
23	0
3412	2956
4302	1622
180	813
3	1087
3	1148
2	949
2193	2952
43	1220
172	691
65	618
834	1481
105	920
2	1290
84	655
7	1133
4	598
25	274
0	537
1	671
0	474
189	851
110	930
86	529
1	1051
0	1095
92	353
80	1363
2015	2096
5	1084
77	809
982	1285
171	1150
66	641
916	1234
103	165
50	1472
11	1347
3414	2616
3202	2881
81	630
1	896
2	639
16	735
125	1070
519	1149
76	892
2307	2006
0	919
19	1120
80	810
0	414
62	1354
162	1024
20	776
59	1100
1298	1426
27	538
511	1110
1	1016
6	1061
1	1351
208	616
386	489
0	1269
27	220
2116	2184
66	513
0	734
1428	1426
695	891
652	857
2	661
1	724
6	582
1	961
9	884
3	1022
0	531
41	1164
1	1017
9	387
3	1218
59	767
5	578
25	527
53	382
33	777
1	532
1	795
2	630
23	882
334	906
16	864
44	584
9	996
103	963
2941	2618
1	633
38	647
1235	1249
3	649
1	966
3	1082
49	926
2343	2389
70	821
514	1069
8	645
197	884
0	869
2	488
3	1034
47	157
286	902
9	1286
10	733
59	659
1	877
1	1347
2	947
21	1053
89	840
1415	1228
7	1131
33	938
41	534
7	745
3	790
76	769
23	641
173	424
77	1263
1	800
3	919
3	637
62	899
5	515
501	1103
93	1057
0	1504
268	1551
5005	1561
34	1011
86	940
2	656
19	855
23	665
19	798
42	1237
101	1074
9	1245
2	801
1397	1371
2	684
3	759
643	933
2	503
28	830
18	437
116	1197
3	618
281	1054
176	667
1	979
4146	1900
1	281
1313	1172
60	875
44	877
53	741
4	597
8	512
1163	719
120	1136
0	1272
3	747
70	321
70	1208
7	852
232	953
2	700
352	870
43	1139
15	937
1079	1275
116	1036
45	730
740	1402
3	1068
1	711
70	718
0	1198
3045	3083
36	794
1846	1943
31	397
166	463
32	776
815	1119
59	510
6755	2512
15	962
3	969
213	745
11	927
52	946
4	702
4	858
32	766
7	615
1	1257
19	551
2	665
12	1055
238	688
10	1406
55	1055
6	1400
5	2259
98	353
767	1108
1	999
26	810
1	751
0	986
39	985
5	808
1024	1188
2439	3037
100	868
34	1143
48	787
2	286
114	533
71	995
144	1605
96	1564
3	909
113	602
409	1368
70	1066
1300	1407
16	663
333	305
677	1690
0	537
63	139
6	898
1	657
185	1059
43	575
5	956
1	849
1518	1673
166	1092
372	1043
73	925
38	564
80	1002
3	813
1071	1341
24	641
18	1591
2	654
11	896
1798	1766
3	610
109	780
245	1396
99	1058
6108	2542
19	459
23	1147
9	794
486	547
0	949
1176	1263
0	726
309	869
835	954
1	1151
5	1281
4226	1538
37	1652
1	802
164	565
1395	1837
5	982
4	607
8	581
2	1310
2	1299
59	1101
23	635
164	1100
1575	1921
775	1406
673	1263
163	460
414	1028
261	2403
10	417
2	2742
24	903
12	689
4	963
17	1243
135	595
18	646
31	761
378	905
3	591
221	985
1	654
5	1853
8	1276
2533	3181
61	1137
2	822
3	624
26	836
36	494
2	885
2	828
0	1019
234	610
11	446
189	464
2	1126
238	1305
3	563
3	1057
35	946
2484	3328
40	593
3776	2513
5	1029
450	1010
3434	3417
0	1011
1	497
1	1018
298	698
9	883
3	905
14	877
920	1249
15	601
1	713
15	761
276	1056
0	848
1055	1433
33	615
38	838
2367	2372
477	947
151	584
339	1002
1	865
514	1045
37	611
9	651
2	1263
11	484
1185	1098
1	1062
99	1396
1	1182
577	1420
188	1270
309	1440
24	1080
485	1148
135	735
21	955
23	809
0	3291
657	1080
1	1030
1	1053
2756	1867
1	1072
2782	2945
141	656
1	1023
1	1054
90	630
6	466
6	494
28	972
10	717
1540	783
0	1038
55	737
48	846
0	973
227	448
198	1222
320	681
88	1397
2	1037
39	1194
1533	1572
11	657
39	638
0	1103
1	850
7	1167
32	810
196	1121
1	1288
0	570
0	1075
1	580
1	1246
1	914
111	795
517	1297
191	1178
6	522
186	575
19	887
173	414
108	900
108	971
304	811
70	831
20	764
39	598
11	526
17	1434
4	887
5	766
2	921
25	391
3	1181
99	1352
54	1113
1	557
11	657
1	823
1133	1649
26	749
0	675
706	989
87	724
18	722
113	413
8	447
279	1400
485	1517
3	821
1	797
105	823
33	1015
3282	3078
5	229
3	1265
5058	1218
288	860
43	1225
40	939
105	1192
771	1230
0	904
504	4464
66	692
41	530
0	1036
56	699
64	823
3	465
1038	1343
2226	2362
9	610
1166	1474
1	918
425	790
5	643
18	1611
0	564
3	1143
400	1357
1994	2033
5	1002
84	741
3	798
23	719
1	1209
0	1079
35	820
2	768
35	754
24	827
45	1077
45	731
1302	1546
1430	1432
25	801
60	1466
113	636
1	621
0	964
3	662
172	878
69	1835
10	870
4246	1801
3	765
0	856
72	605
1	611
78	886
6	1056
8	1353
3	551
161	768
1068	1538
45	989
1064	1419
386	1241
8	711
0	671
109	961
3	188
14	678
8	1074
10	1142
30	1086
1	735
2	1045
0	761
72	424
102	838
3	1039
324	763
1383	1117
135	385
75	784
127	1181
10	829
7	934
55	651
0	776
19	892
83	734
15	1009
383	567
8	949
1564	1983
5	1095
39	386
3	403
12	757
13	328
18	1045
2	863
46	564
171	760
3	1254
41	458
116	754
2	859
10	1165
3	564
98	1312
113	530
4	918
79	2038
1189	1254
5	626
62	1154
27	624
23	1515
74	613
8242	1869
7	649
2485	2884
51	400
35	949
157	931
3	1487
7	830
1	843
16	624
104	893
1	787
3	436
2098	1769
232	916
14	1057
36	843
3700	2516
13	553
87	1002
1	845
37	982
8	1077
0	766
288	1300
44	751
81	1501
37	871
2055	1963
1756	1748
7	1174
3	997
300	496
104	1042
34	1621
16	196
283	1004
1	1403
2	1182
35	589
1075	1179
144	780
1	1186
2571	2849
0	888
150	830
48	1041
22	771
9	297
7	1147
14	550
1	1113
26	1069
56	1202
6129	2092
1	1066
29	799
216	879
26	454
1	686
97	843
339	553
5	372
4020	2352
276	582
26	737
6	789
2	876
216	845
21	1132
1	487
46	961
4235	1893
105	745
1034	1175
414	708
28	333
37	1274
48	1385
943	1028
10	1383
257	953
1584	1638
3	364
3	851
13	512
141	246
0	728
234	780
2678	2689
2956	3608
49	1086
4405	1952
33	819
2456	2191
74	800
7	645
392	859
36	958
542	1087
2	787
40	342
1859	2204
2	742
192	989
4	936
75	393
152	1169
21	807
70	1183
7	434
23	897
4	737
70	464
3141	2665
1576	1307
640	866
2390	3496
0	961
1	936
3592	2234
671	582
3129	3000
1	862
2135	2918
14	1379
41	711
1	985
