6224	4528
3242	4068
1317	3760
6399	3249
5152	2365
6697	5538
1541	2100
3471	6643
6963	3649
4781	6555
5841	2885
2029	2534
5945	2777
3804	2378
5037	4674
2897	2409
6729	2745
5542	6352
5974	3267
2666	2686
6842	2585
5722	2700
8043	9022
2741	4077
4258	2493
7859	2363
5997	6976
2060	1664
3915	2791
7027	4168
8261	4998
6173	3941
6005	2144
5935	3158
6878	2679
6217	6812
1646	2587
6787	2920
5592	2430
6652	2942
7937	2102
5618	3040
4838	3991
3813	2465
5986	2941
8115	2239
4541	2624
3433	2338
4892	2773
4113	6393
7103	2675
7534	2602
4018	2931
6914	2845
2176	5554
5320	2513
6137	5606
9107	2699
6436	2997
7393	2977
6766	3227
7334	2953
5436	2891
6298	3737
3791	2731
5705	4778
3914	2826
5618	6094
3926	3009
6134	2892
3018	4707
8582	4269
5804	2707
1834	3100
2443	2501
6804	5875
2217	3820
6425	2844
3306	2381
4327	1979
966	3875
4787	2626
5286	3468
5135	2954
4939	3962
5066	6887
1467	6264
5251	3020
5833	2930
7942	3787
6710	3709
6801	3657
5401	2520
7073	3990
1588	3024
7952	3399
7360	3266
4069	7194
2838	3459
6055	2475
6304	4081
6432	7700
2357	2297
6206	4394
3212	2871
4000	2844
7126	3855
6131	3013
6626	2194
2687	2652
2679	2796
3092	6839
5081	3070
5572	3604
8062	3947
5290	2134
2484	3732
6269	3251
5206	2264
6369	2746
5179	2323
2228	2411
5798	5723
5965	3999
1469	3403
3922	2226
5441	2443
5675	3853
6262	2445
5717	3116
5350	4125
7050	4582
3325	2202
5820	2666
3683	3240
6545	5141
6678	2333
2825	5060
7241	3000
6516	3997
1010	4076
8141	3044
7724	3556
6551	2114
6500	6325
9660	2733
4598	3361
3746	2666
4991	3703
6238	3991
8474	4122
7027	7471
4311	2886
3977	3174
4510	3797
3940	3577
7203	2509
5229	2558
6834	6897
3094	2746
5291	3908
3026	3242
7229	5226
5761	2596
4060	2932
5936	3595
7194	2942
6046	3707
1976	2290
7294	4879
6382	2570
6836	6209
3363	2503
5057	3563
5229	2660
7257	2676
7094	6094
2231	2502
2441	2391
6114	2642
7932	2660
5043	4692
3307	2202
3275	2525
5412	3764
7909	2867
4730	2305
4398	2220
6493	3540
5938	3312
6168	2907
7591	3859
7070	2956
2106	1889
4727	3464
3841	2680
5394	3294
1717	2281
6943	3262
6022	6306
5919	2972
2992	2131
6426	5240
2113	2409
4241	6075
6533	5066
5241	3011
3935	2515
5567	2575
6705	2789
4947	2610
4461	2590
5529	2617
4625	2815
2975	3036
4557	2709
3710	2802
3646	3675
5078	4235
3091	2754
6611	2611
3742	2968
1633	2390
5120	2580
6424	2424
3307	2298
7557	7345
6687	7498
5385	3309
1868	1764
6113	2598
4716	2582
3199	6905
5511	6573
6459	2974
5945	7292
8301	3296
7485	7390
7622	3080
1535	5583
2860	2382
4788	2896
5943	3095
4089	2521
4657	4010
6393	3181
7674	4725
3385	2623
7882	4579
5597	2351
4871	3910
945	2530
3763	3355
4801	2507
946	2837
4549	5854
5060	2682
8263	2481
5973	5837
4663	3889
6138	3479
6621	2692
6329	6404
5477	2702
6367	2887
8580	5889
5605	6603
4373	3175
1687	1544
3359	2591
6510	2338
6869	3143
5435	2508
6140	3288
3192	2559
4430	2178
3455	2612
5135	2693
3075	6981
6155	3765
5744	3919
6900	3396
5828	3827
3608	5150
6377	2747
7352	4203
4157	1851
6158	7799
4822	7370
2352	2291
6440	4611
5102	3563
3738	2810
4418	2641
5291	3142
5450	3906
2133	6756
7861	5884
3472	2436
6368	1902
7208	7875
6678	3064
5111	3884
4595	3920
6437	7925
2118	2200
3569	7048
9080	4221
5739	4142
2772	2295
5643	3863
6110	3068
5148	2521
2009	2071
6640	2579
3257	1505
5096	4317
2854	2545
5156	2946
3490	3813
5164	2771
7934	4265
6260	5302
5824	2566
6646	3443
6407	3139
7697	5160
4270	6474
6026	3298
6920	2978
5179	2872
8133	2253
4806	2633
5235	3890
2107	3042
5463	8559
1682	2014
5021	2596
4506	2774
6447	2141
5766	2462
1479	2273
2762	3217
3092	2291
7623	4014
5546	2656
6648	3273
5268	6094
6182	2940
7412	2858
1078	3883
7938	3343
7237	2185
6932	3038
6193	5481
2291	2467
7083	2596
3257	5766
3892	2186
486	1960
5566	2915
5750	3249
4235	5354
5309	3401
7895	1448
4309	2820
7334	2730
2691	2509
6476	3466
3174	2088
1560	5251
4831	3854
6228	3306
5414	3031
7130	4499
2428	2235
5818	2759
6254	2988
4788	1981
7989	3594
1609	2633
4619	5856
6979	3497
3390	1380
1305	2253
2649	3637
1533	5691
2840	3230
6673	2917
6838	3540
2952	2618
6621	3070
3369	3189
5923	6505
5446	2877
7336	2587
1551	3346
5898	2132
7157	3168
5285	2269
4216	2341
8046	5761
6132	3516
2067	2705
5659	4464
6210	3382
3937	1882
6779	7172
2392	2391
5175	2864
5990	2713
2331	6611
7074	2621
5516	2361
8634	3147
2048	2323
4226	1817
7856	2807
5460	3374
5135	2941
6665	3030
6437	2779
7125	4069
1334	2846
2611	2290
875	3146
7707	3134
4039	3266
7070	3721
1280	2372
4383	2522
1483	2263
4257	2530
2515	3549
7153	2886
5058	1851
3101	3158
6713	4076
5862	2974
8036	2623
6497	3472
1807	3786
2082	2572
2550	2266
6725	3323
5760	3304
5996	2463
8643	3465
6927	4372
2150	2209
4781	8818
3581	2481
4763	2623
1684	1699
2655	5866
5803	4990
5919	2118
6822	7711
4978	3963
5306	3087
6669	2337
6819	2855
5898	2692
3529	2480
3591	2471
6357	3919
6641	3951
6834	7439
5767	5116
2740	2377
4906	3964
2794	2356
2705	2177
4868	2260
5635	3845
2857	3010
7735	2893
6030	2183
1731	3129
8035	3367
5608	3151
2633	2131
4446	2406
8117	3209
7679	3895
1059	1913
5137	2409
6754	1812
5892	3886
6627	3157
6886	2992
4891	2451
7245	2923
4819	1564
945	2399
4505	8140
4169	2431
6885	3649
7417	3175
6361	3102
7634	2830
2409	7260
5805	3657
3951	2658
7989	2421
4719	2540
7252	7201
8664	2254
6705	5251
3129	4085
3944	2704
4709	6320
2938	2154
1950	2509
5764	3212
5626	7809
8145	3225
6279	1620
3691	2636
6581	3331
7191	3127
5075	5042
7286	3580
6837	7481
3484	4676
3219	2430
6057	3317
2464	2656
8663	4549
5682	2924
4254	2721
7217	2282
4481	2684
8560	4116
3688	2735
2735	4554
2110	3087
2657	2000
3657	6906
7859	7350
5426	3911
6604	2907
2821	2922
2560	2792
3721	3653
744	2433
2937	2907
5196	2303
1421	4660
7515	3251
1023	2466
5613	2892
3399	4836
7162	4904
2460	2354
6970	2523
6957	2909
6496	2735
6391	2899
5423	3508
5772	2549
5839	2772
5144	2539
5042	2663
5913	3927
5279	7644
6341	2617
7597	3396
6606	7229
4541	2513
8080	3347
3496	3195
4118	4201
5550	2687
6693	8157
4865	3002
4789	2515
5231	2842
5755	2657
5539	3649
5547	2792
2963	2225
6066	1864
3730	2771
2355	2273
8589	3880
5351	2492
7415	8204
4602	2458
6487	3359
6166	3131
1905	5098
8706	2395
5239	3107
6081	2901
2533	2247
6017	2804
3745	2737
4324	8075
6217	6181
4443	8177
6875	3291
5584	3201
5623	4138
3558	3243
6454	2441
1838	6159
4974	4643
4013	3243
6430	3166
2163	5857
5945	4349
5472	3120
6692	3242
7363	4277
7038	3919
6463	3716
2279	3326
6892	2880
2954	2199
2757	3090
2818	2445
1234	1856
8107	2888
7657	4130
4574	3106
7134	6383
5332	3472
2426	2711
2642	2268
5824	6908
7526	3473
4702	2774
4278	2725
3116	4751
4904	2633
5808	2898
5519	8453
1037	2537
6965	3603
3637	3405
3053	3536
7162	9954
6624	4991
6095	2438
3886	2540
6400	4573
5015	7201
5371	3213
2349	3159
5169	3009
4872	7302
7728	7257
5286	6915
6554	4051
7020	3284
5408	3160
1509	2559
3956	3314
4474	2668
7161	7292
1110	3344
5653	2440
5558	2972
5821	3010
5789	7571
990	2185
4565	3591
2921	2793
5781	2805
5351	3096
6816	3913
5678	3079
5469	3631
9821	3448
7315	3284
6154	2465
6030	3047
6683	3424
3927	5686
5568	3066
5956	3129
7225	3057
4748	2827
6187	2718
6346	2670
7084	4578
7009	2739
2561	6691
4738	3021
4259	3533
6470	3881
3729	2847
5268	2409
3380	2364
5221	6478
3354	4701
2674	3981
5777	2001
3759	3015
5829	3253
4571	4838
1502	6558
6915	2860
5239	2892
4067	3322
3208	7028
5962	3749
4824	3061
6351	2598
6502	2404
6368	3383
2282	3219
6450	6926
4974	3338
1260	2431
2974	2699
7763	2635
4617	3914
7111	5178
8079	4176
7996	4293
7302	3849
4662	3183
1682	2769
7536	6832
5447	2595
4853	4014
5953	5890
7136	2515
6636	3219
7265	2493
7101	2621
3052	7005
4412	2282
5435	6762
6741	2509
3286	6666
1637	5316
3853	2617
6033	3612
3570	3182
3270	3778
1965	2275
2141	2546
8273	4395
4907	3017
4658	3419
6327	3321
7075	3532
4135	2552
7544	3096
7798	3026
6139	3173
7265	2872
5297	2379
8010	5128
4064	2850
2438	5809
1502	3191
1709	2748
6554	5983
6112	3788
6522	2792
7346	2735
1075	5233
5058	4492
6621	2861
2615	2406
2423	2408
6837	6501
1625	1662
5741	3488
5542	3486
8014	2954
4915	2278
7572	3748
4677	2616
891	1935
6811	5139
5680	7462
4093	3890
6361	8088
6115	2988
5668	7014
4474	3782
3064	2765
785	2488
6423	2902
7362	2286
6548	4851
6241	6853
2602	2749
5576	6900
7878	4009
6003	3392
7285	2752
3466	5849
8348	4396
7738	2857
7433	3060
4318	3533
4734	2786
5750	3440
1918	3196
5034	3518
6667	3045
3156	2607
5648	7669
1656	2843
2919	3166
7949	4446
4260	2448
5551	2793
3942	3119
6619	2855
3406	3610
4719	7370
2539	4665
3248	2327
5395	2526
4768	3082
6061	2943
3147	5917
3195	2737
5738	3631
5408	3270
2451	2651
7190	3157
477	4451
5651	5141
7698	2871
7994	3084
5465	3029
1276	3377
7300	4148
4484	5137
2971	1878
6475	3590
5850	2847
3923	3334
7549	7074
5688	3115
3544	3693
5799	2698
2813	7636
4665	2857
4848	2584
5728	3188
2848	3268
2545	2831
7044	6141
6358	2827
4948	3087
745	2446
3879	3890
2911	4051
6473	3062
4870	3545
4788	2344
3095	4105
3796	1966
7067	3432
1605	2125
4022	5455
996	2623
2721	2977
2477	2563
5618	2603
5491	2622
7556	2963
3700	7898
1160	7020
3825	5471
6903	7204
3348	6974
4356	2290
4239	2909
3919	2832
8200	6894
7112	2653
2707	2677
4963	2280
5840	2948
6093	4496
3559	3671
5213	2994
7154	3691
2334	3722
2009	2434
4720	2523
7310	7097
3533	4002
3281	2178
3671	4064
5044	7581
6420	2872
5699	3423
3925	2418
1932	3102
4110	2961
8328	3712
8180	8615
7144	2899
7035	3264
6107	2924
5793	3333
2563	7935
3202	2398
5824	3043
2750	6249
5473	2386
3534	2712
4253	2343
4367	2886
7487	2156
5473	2416
5914	3147
4452	3128
5355	3512
4826	3256
3711	2703
4459	2898
3775	1812
6145	4504
7101	2689
7647	3934
4268	2168
6475	5588
7378	8147
535	1814
5988	3215
4700	2379
5302	3716
4434	3137
3873	2444
8722	2451
663	1667
5132	3412
3236	3521
5067	2416
3157	3638
4895	3378
6944	2773
5742	3175
7241	4156
2708	2360
3828	8839
3045	2831
6321	2997
6937	5583
6880	6533
2469	3392
6193	2906
5105	3637
3013	2699
5623	2065
6903	3028
5289	3440
7035	1904
1524	1913
5825	2630
6314	5327
4751	2807
6537	2923
5311	3717
4426	3657
7149	3614
5500	2337
3537	2219
7385	3709
7950	3073
6236	7822
1869	2325
6544	3098
7210	7693
2484	2548
8184	9272
2598	3024
3641	2486
1559	2604
8456	2577
4560	6207
4546	2763
6071	5992
6188	4200
3182	3462
5332	2800
7521	6939
8145	3056
7035	3658
6485	3425
2290	4479
4521	2705
3740	2741
1516	3653
4006	2723
5549	3035
5558	3716
7903	5894
5264	4495
4468	2750
1606	6330
8591	2979
6832	5498
6997	3783
7448	3716
1491	3255
2133	5620
3683	6947
6383	2905
4969	2374
5371	3884
7800	3936
6391	2418
4214	2435
6420	5764
4636	4015
6302	4143
3793	2839
6355	2516
7686	2315
6126	2552
6215	9916
7921	2796
5741	4308
7413	7412
6456	1796
3964	3027
6008	2496
4928	2985
8476	7020
2395	2571
2908	2633
8134	4698
2380	2067
5175	2878
2182	2333
1881	3990
5896	3303
829	2053
3942	2447
1400	3681
8253	4154
6951	3310
7675	6916
4986	3059
6557	2915
3323	2552
8549	4107
5414	2819
4347	2376
973	2124
2883	2906
6861	3153
5423	3030
4412	3309
4263	6704
6688	2462
7161	2888
6217	2256
3556	3861
4094	3968
2785	2261
5338	2005
6376	4103
6341	5200
5715	3384
2656	3266
5907	5447
6277	2479
4968	2838
5883	6815
305	2498
8180	4469
4320	2476
5214	3171
5685	2785
6419	6874
21	1155
6497	3305
6972	4044
4745	2627
2386	2486
4437	2270
6170	7660
5223	2980
4200	2698
1380	6091
3255	3619
7591	4431
7000	3305
6639	3085
1150	5388
7095	4356
4107	2796
4633	3220
4035	3345
6576	6378
6163	3237
6839	4076
1031	4240
997	2019
5163	4339
4399	2817
2394	2851
1205	2078
3567	2275
7307	3701
3569	3249
6560	4316
5932	1724
3117	2641
6630	2837
7014	3620
5506	2960
7217	2126
7282	3338
3669	2518
2805	3113
5954	4115
7638	3253
3468	2401
5839	3154
6757	4538
2226	5344
6493	3068
2040	7391
2830	6313
4725	8563
5734	1707
6432	3012
5396	3606
4293	5134
7354	3405
8072	3562
5932	2934
7008	2605
3433	3450
7234	2924
7707	4131
5185	4777
7744	2870
2946	2549
1554	5483
4226	3467
5968	3175
4054	2645
4089	2047
4369	2652
5406	3365
550	2000
7936	3046
6095	2849
6967	5587
4716	3197
6607	2370
1550	3456
7239	2990
1622	2745
2589	2281
4260	3227
4085	4418
3583	3740
5232	3424
4816	2679
4072	2939
6281	4924
4527	7121
1730	2818
6523	2941
7876	3876
4903	2844
1825	2886
1488	1940
5327	2519
8585	4097
8932	3991
5577	5014
5655	3218
6726	2045
3410	2724
7804	3043
6290	3099
2652	1698
3926	2447
7774	7561
1550	4390
5538	8355
6576	5499
6882	5247
8473	5238
6330	2840
3897	4294
2078	2454
2948	3805
7439	2954
7834	2937
7315	2703
5331	2157
3109	2672
7347	2745
3626	2000
6064	5951
3926	3599
3503	2300
7017	4554
3241	3627
2759	3319
5304	4381
1154	2280
6792	3283
7162	9533
8483	7084
1443	2333
4685	1851
7281	6953
4794	2827
7045	2744
3207	3098
3017	2611
6991	3829
4770	2560
5517	2930
6695	3478
6676	4629
6304	2653
6066	2937
3648	2614
3616	7891
8192	2540
4314	2915
3064	2647
6632	7117
3046	2327
6319	3539
4708	2757
5750	2535
3778	5547
7442	2825
2496	2619
4539	2868
3125	2404
5390	3129
3691	2964
6672	2974
6165	4917
1710	2431
852	2029
6944	3409
3906	2949
3307	2210
2880	1864
4392	9312
6494	2576
2927	3085
5089	2600
1655	2536
1662	2182
8001	9311
4076	3621
6519	3913
5529	3105
3404	2462
6389	3671
3654	2798
3290	1849
5551	2808
7135	3465
6346	8095
6226	3021
5582	7458
4863	2826
2670	4984
4179	1929
3318	2148
3549	2548
7018	4142
6788	3425
5933	2285
6245	2672
5540	7579
5833	6847
3570	2794
1136	2281
3029	2274
2928	2747
7283	3744
2517	6401
6799	2714
3204	5111
6302	3117
7244	3830
7525	3201
6431	2347
6439	3882
6273	1964
4102	2421
4194	2398
3218	8958
1660	4460
8183	3524
2306	2814
2030	3658
4670	5344
5457	5607
1660	2295
5601	3250
6612	4900
5362	2706
7495	3459
1564	2190
5853	5835
1822	3263
2494	2641
2617	2296
3765	2351
3219	2971
6445	2684
5805	6702
5220	2686
4215	2587
3148	3083
3125	5854
5862	2925
5175	3345
5389	2447
5199	3135
2896	2807
6851	3113
6880	5704
7651	3173
4059	2941
3021	2144
8514	3955
2603	3002
3138	5124
5058	3817
6346	7496
3609	3171
7370	3998
5455	5529
8224	3354
2155	5669
7611	2354
1849	1628
6358	8829
7568	3434
6597	3294
7066	3209
7692	4103
9410	3821
5254	4110
3390	3911
5032	2654
6782	2864
6635	3210
3807	2515
6918	2894
5131	5445
3581	2949
3110	7058
5327	2701
1807	3901
3882	2152
992	5667
7093	8172
7416	2748
5120	4621
3705	4704
4306	6818
5773	2837
6924	3362
6566	3015
6606	2688
6431	2815
2927	2457
6686	2647
8067	3027
2693	2546
3773	2697
2259	2503
4563	3611
4717	3489
7967	3198
4461	4127
4288	2903
5473	2661
3959	3302
2433	4428
3229	2762
5716	3856
8301	3525
5248	2636
6911	3337
5763	7688
6750	2996
6392	2602
7873	5425
8826	2406
5523	6152
2104	2292
8203	3411
7259	2225
6241	4074
4270	7141
1277	2400
6031	4111
6160	2926
5047	3609
5554	4842
1399	2186
6733	5065
799	5692
2938	7196
6378	6393
3259	3442
6974	3888
7547	2576
5383	2710
6922	2384
5351	2505
3759	2152
4181	3267
7682	4550
1315	1896
6580	2563
2629	2352
5990	3027
6307	2842
5015	6930
3639	3832
6613	4396
6145	2713
3068	2699
4281	2580
2498	1885
2857	1735
3255	2461
5093	5517
5978	3625
6935	4118
5605	7299
8890	4140
3972	3406
3998	7254
7527	3114
7198	2825
7822	6865
7257	2864
6900	4319
4659	4248
3825	4440
6935	2454
7744	2578
6026	3282
4501	3016
8170	2560
8257	2948
3642	2573
8613	3559
5099	3371
9307	3029
4888	2399
5088	2625
6672	7987
6087	5813
8280	2227
1578	2137
5398	2831
6574	3613
7698	2947
7766	2625
5233	7129
3500	2538
6203	3015
5998	2828
6185	3559
4926	2258
3741	2768
5039	2625
7356	4085
3084	2550
1939	2361
5520	2737
6967	3614
6444	3697
6182	2798
6558	2655
6727	2326
4729	3905
6139	3580
8483	3897
6797	4467
3092	2429
1004	2239
7877	3080
5317	2924
6192	3069
3544	3981
0	857
6719	2551
5020	3313
5911	4490
5512	4089
2591	6840
6350	3561
3542	2741
3586	2921
7252	2868
4307	6138
6107	2845
5085	3973
6542	3952
5535	2475
7063	6605
6997	2862
3757	6210
2627	7081
4328	3047
4132	2675
4778	2805
7379	4077
3718	2293
5556	2844
7334	3130
3137	3644
7333	3901
6865	8195
7892	2945
5948	3000
6184	2748
1839	5753
8142	4410
5724	4012
8092	4463
3697	3153
6408	4613
5639	2110
6499	4040
3043	6872
7462	3580
7340	2779
5658	3169
4700	6282
3227	3725
3697	3250
6792	3611
7469	2609
4651	4173
4859	2650
5021	0
5452	1982
7613	2526
3145	2240
721	2196
6994	3330
5199	3605
7309	2550
2833	2178
1292	3357
4601	2881
5220	3734
7555	2965
2768	2489
4555	2637
5429	2912
8179	3662
6245	4454
5566	3191
2353	3213
2942	2222
6144	6878
6407	3187
3356	2785
3182	7005
7105	4955
9023	5176
4491	2652
7655	3635
6873	4315
3640	2990
3581	2860
8128	4406
6067	2370
8735	3957
3947	6364
6686	2471
947	3734
6512	3094
1732	1635
5853	3525
5473	3469
8526	4330
7646	3242
6060	2688
6556	3013
4965	6613
5226	3287
7684	3267
2328	3013
4532	2785
2517	2982
6111	7585
5583	2728
5650	5089
3766	2032
6467	2989
6243	3086
2879	3300
5946	3045
6896	4970
3657	3721
5337	2142
7834	2307
7225	3854
2469	2029
8244	2134
1346	2668
5323	6744
8329	4111
4872	4580
3654	2236
5311	2494
2261	2876
6021	2778
4497	2896
3539	2643
8006	3265
8304	2979
8059	7361
4825	3845
3850	5844
7798	2729
4613	2841
4802	2439
6683	5057
5011	2945
6351	3332
2822	2564
4242	3854
4394	2542
6586	3896
4443	2420
4599	7145
6038	3989
4432	2736
4513	2579
1868	2432
5226	6724
6650	4951
7393	2117
5068	2752
7967	4068
3090	2504
7211	5125
7751	3530
5422	2679
4903	2326
7085	2429
7391	2905
6893	2588
6898	7342
8068	3352
4773	3566
5203	4693
7196	3078
7875	3175
8973	2869
5481	7138
5837	4110
2210	2570
2824	2904
3511	2477
6241	2586
6547	4939
3563	2381
760	1815
6585	3877
4951	3774
6303	3094
5529	4290
5369	6941
7471	4195
7076	2739
7940	3397
8471	3504
3837	2610
1394	3184
6594	3725
6844	3128
4036	3222
3333	2856
4184	2751
7771	2867
3202	2280
3788	6552
5653	2504
5209	2454
5677	2822
2209	2720
6690	4369
5137	2153
3663	3884
5731	2670
4157	6833
5531	6448
2802	4691
3359	2923
8997	4094
5814	7407
4774	2763
888	2328
5053	3278
6379	3358
4260	3563
1862	5003
5603	2405
3615	3662
5880	3055
4992	5388
6935	3095
6373	3109
5973	2891
5146	3057
5636	6263
6274	2510
4536	2354
5078	3542
6568	3970
6645	2893
8741	3021
4891	2975
4293	6359
3684	2392
7054	2891
2356	2158
4103	7011
1594	1765
6279	3029
6681	5896
4587	2189
6146	4245
5969	2619
6248	3938
5285	2973
4824	3984
4996	4002
5681	3890
3703	2435
6951	4061
1662	3530
7092	2897
8113	3384
2349	3190
6587	4364
7568	2507
7271	7514
7475	3736
2005	5457
970	2374
4577	4247
7905	3240
3800	4302
2508	3591
7394	3477
2538	2101
6104	3013
7776	3012
5533	3446
3983	8089
6224	3021
3728	2902
5722	2644
2395	2832
5494	3155
5108	2446
4053	6404
4547	2589
5944	2250
2762	2678
2481	7266
3955	7025
3516	2564
4593	2870
7611	3613
5622	2796
2647	3444
8588	4003
5953	3071
5347	5429
2518	6629
6119	3957
5448	2696
1580	2659
1225	2319
6024	6560
4809	2706
6836	3632
8071	3497
8471	3802
5473	3119
4899	1649
5662	3022
5090	6583
928	1798
3078	2392
6509	3601
2854	3572
4699	2335
2835	3515
6819	3006
4936	2256
2678	3318
2225	1653
6000	6818
7186	8058
6148	2337
6078	4417
6886	2473
5930	2515
8352	5732
5693	3627
2871	2859
1541	4411
1479	4926
3898	3026
487	3854
3052	2155
5932	2527
4658	4538
7406	3866
3868	2825
6069	2909
3145	2083
4615	2635
3428	3795
3968	2853
6892	7059
5535	5374
5161	2009
3351	3236
518	2200
5888	2556
5283	6478
7440	3429
5910	6711
4133	2750
6501	5287
6281	3691
4951	3089
3323	5480
7301	5809
4361	3526
1491	2433
6010	2711
6237	2551
4879	2463
7251	5896
4707	2640
4214	2770
1809	2389
4279	2883
5800	8839
5889	3832
7581	1980
4708	2265
6403	4912
7922	3660
177	1244
5282	3422
6562	3042
4687	3300
5164	2938
8110	2830
4468	3820
8153	4161
6856	2631
4137	3111
5920	2793
2295	6474
2538	3520
6850	3912
4315	2999
3788	2303
8485	3189
6477	2985
7144	2846
6545	6380
3785	5785
3013	8931
5737	2398
4181	2897
5874	2733
6851	5116
3998	2900
5512	2506
5983	3472
2987	2687
6438	3112
4995	3213
7397	6912
5891	6874
5772	2496
8684	4762
3060	4616
3646	3683
5713	2467
1387	6261
5533	3640
2766	2514
5761	6576
6903	3851
4879	2932
3731	6746
7530	6006
937	2664
8494	2802
2961	4607
1029	4410
6040	3279
4654	2915
5595	2176
4926	4039
1714	4071
6776	3765
2730	2747
1635	2541
2627	2444
713	2908
7582	2583
3318	2383
8595	3047
3006	2371
6842	3712
5618	3617
5240	4766
1830	2164
6774	2535
1828	6712
2085	2484
7041	4129
5527	2914
6521	3407
5960	7239
4662	2915
5045	3396
7219	8620
6198	5087
5109	2893
6964	3470
4518	3786
5960	3163
1948	3685
5460	4703
5422	3495
2161	2634
6751	4697
5414	2666
5338	2822
5100	2986
6420	2667
8471	2900
1625	2084
6666	2693
3902	3838
5930	2942
5121	2415
4152	3212
2661	2073
4737	7377
6155	2909
5686	2451
8264	3260
7803	2516
1523	4869
6070	7676
7220	3225
3892	3560
6066	5030
6744	6194
4419	3211
4748	2934
1493	2528
4856	3136
8482	5102
2659	3027
7959	3309
7294	7226
5395	3289
4786	5776
6833	5332
6893	7992
6288	2626
823	1985
8472	3105
1990	5361
5447	6046
6719	3538
7958	3550
3757	3232
6546	2409
1901	2861
3466	2926
1260	2832
5663	4062
3199	2316
6147	4235
4406	3205
1363	2204
3832	4402
5739	3083
5611	5603
3639	2745
7818	3262
5322	2493
8115	4137
2049	5910
5365	2471
8432	3560
2789	3545
898	1493
5748	2874
5843	2816
6830	4399
1709	2727
7047	6438
7414	4122
3714	2416
1749	2701
960	2380
589	1752
6475	3583
8009	3639
7551	3867
4541	2356
7971	3475
2559	4168
1506	3056
2540	2231
3630	2265
6100	6398
6461	2936
4908	2517
1371	2336
6783	3443
6301	2711
7004	2563
3637	3117
2699	1811
3915	2711
1632	2234
966	1988
6344	3840
4479	3071
6903	3036
2685	2412
1931	1466
4136	3686
6394	2873
6343	3242
6411	3540
5240	2183
5161	2668
5910	3948
4891	2858
1487	2253
6099	4642
6386	4616
6021	7379
9012	3549
3516	3434
7639	4773
1890	2058
7697	4087
7419	3753
6706	6032
1401	3156
3907	3121
2688	6404
4262	3795
3671	3325
6588	7397
2082	2378
5033	3630
7015	4370
3340	2917
730	2139
2173	2641
6571	3359
3094	2750
2618	2447
6237	3055
4937	4475
5466	4267
2783	3993
5166	3041
6768	7526
8227	2390
6070	4560
3482	3188
7360	8395
5191	2818
7577	2315
5684	3490
6006	3644
4866	2273
8046	3123
2532	2234
7130	3257
4629	3117
7052	3530
6789	3460
3723	3187
4351	2874
3823	2785
6319	2469
5866	6529
5582	3149
2609	2379
2900	2390
4812	3749
828	2528
6355	3270
8404	2660
6253	3175
7856	7011
7112	4053
8609	8364
5017	6377
6948	3303
7070	4776
5284	4044
2953	4676
6231	4221
9029	4390
3387	3288
2198	2654
1072	1808
1456	2490
924	2921
4480	4347
8925	3363
3616	2658
2650	2681
5562	2992
6941	8162
7108	4126
2118	4302
8356	4198
5747	3155
6596	2900
7014	4123
5748	5857
7372	8711
5167	2394
5847	2311
7213	2968
5628	2875
6296	3507
3959	2273
2681	6108
3013	2208
6057	2794
3558	2270
5996	2682
7203	3463
5818	2509
5670	7599
6072	3322
5697	3774
5404	2790
7820	3231
4772	2442
2644	3204
4785	7255
5047	4112
7572	3323
6329	7400
5523	2459
2903	3650
6709	3602
3216	2863
2977	2983
4220	2957
5886	2508
8008	4139
1191	2688
5958	5223
7084	3790
6922	2775
6751	4412
1174	1880
6677	4811
6325	3649
4275	4974
4544	1748
3937	3627
5016	3263
5260	2737
3697	2365
4222	2532
3540	2888
6313	2640
6586	3932
6169	4247
5170	1928
2019	2923
1516	2338
2432	7710
5229	5064
6232	3643
6871	2783
5437	8645
7362	4114
7603	4987
1216	5344
8471	2253
7317	2517
9094	4051
6168	3971
6524	3939
5368	2877
6407	3374
8724	2687
8154	3766
2573	2622
7096	3108
5902	2870
4281	6314
6698	2963
6630	4413
3074	2395
5087	6354
7381	8311
2240	3477
7482	2933
7474	3437
4383	3390
2137	2412
5154	3488
7141	4008
6234	3566
8485	2822
6758	3205
5915	3474
2527	2889
1744	4008
7109	2146
1662	1894
4672	2827
6252	4401
7965	4452
6110	2651
4883	2553
9690	3698
7392	3220
4973	3086
3758	2104
6312	2120
4864	2436
5695	2951
7182	2787
6609	3170
6071	6383
3236	9077
4112	2024
3098	3070
2110	5894
6954	3579
2315	2287
2616	3449
5500	4660
6642	7297
5166	2587
6544	3220
7267	1982
7251	4206
5178	6991
5112	2771
5369	2604
948	1478
4918	4449
4459	6143
1094	2535
7410	7625
4703	5889
1504	2514
6223	3133
7386	2551
6004	3741
8248	2750
5662	3063
7359	3849
631	2631
3536	3770
7676	3552
8958	4373
7894	2605
5553	2422
3058	2255
8128	3448
6185	8258
3673	1969
6374	2739
5560	2264
7292	4656
5005	3098
4814	2908
6364	3016
2485	6830
2890	4174
4931	2789
6789	5696
1318	2879
4489	3694
2051	2700
4873	3177
3789	5811
6541	7208
5658	3002
1936	6526
2975	3398
7367	3520
5545	3682
4763	2303
1868	2630
2365	2717
3189	2653
6015	3357
699	2116
695	2025
5880	2758
5532	6117
7526	4296
2569	2060
2247	2251
5103	2690
7920	3312
4404	2990
3597	3828
6745	8659
3592	3362
6835	3037
6432	3300
6145	2829
3481	3945
1831	2558
7531	3518
4351	2623
4261	5934
6041	6662
5678	2822
5565	3546
2451	2563
5265	3682
5170	2455
2882	2179
6343	3010
4799	6293
2603	2636
8205	9999
5569	3768
3294	2463
4627	1853
1397	4266
6056	3691
3700	3451
4342	2740
2071	2138
7014	4343
8233	3050
7983	6049
6290	6556
4850	2172
4840	3305
3378	2189
5978	3136
3180	4280
4365	2433
9097	2792
5959	8283
1917	3840
5184	2718
2018	4737
7547	3314
5338	2476
6373	3438
6328	2550
6367	3888
8334	3352
3088	3274
3716	2444
6931	7669
6812	3791
6052	4322
5689	2674
3846	2702
5119	2707
4323	2246
4747	7521
6434	4003
5446	4501
4176	4325
7478	3110
6554	2014
5096	2302
7427	2192
3183	3331
3035	2679
2292	4020
713	3296
5773	2238
6598	2811
2767	6020
4962	3129
4433	2817
5445	3614
6707	3829
4648	3879
5758	4872
4541	2874
8083	3493
1518	4451
4321	1485
3953	3245
5744	3289
3645	3489
2348	2567
6402	4588
6157	3747
5462	6216
5340	3067
5750	1936
1975	2405
3538	2715
3365	2900
5225	3228
7614	3303
3196	6076
5032	2768
4162	3342
5865	3192
6546	2455
6895	1810
6534	3560
8055	6015
6498	2912
5388	3932
3832	7068
2779	2484
5168	2479
5134	8264
5707	2948
5798	3212
6594	3969
4755	5757
4872	3150
3983	2756
4488	3579
5650	3899
2630	3811
2098	5717
2869	4557
6440	3416
6312	5686
3233	3038
7331	3231
1934	2523
4739	3310
6591	4250
4504	4248
7182	3411
1173	2347
7812	2742
2849	2623
7196	6184
4669	3085
3592	2504
5362	3920
6684	2374
3505	2185
3565	3178
6662	3321
5626	5507
3453	4011
5202	2876
4045	3122
8141	2424
3576	4224
2623	2517
7193	7397
2162	2693
3874	2656
6392	3768
6149	4770
6966	3289
1456	5878
7618	3208
5452	3276
4896	2719
6032	3920
5426	2977
8298	2911
812	2292
3073	3449
6224	5818
8913	3667
6942	4465
6198	2690
6690	3053
3521	3653
7836	6186
7393	2444
5228	2512
8031	2847
4489	3095
4523	2688
5996	6705
8192	2627
8088	3119
6206	6881
5644	2978
6542	4544
301	2936
7890	3476
4789	2606
6212	3790
5013	6731
8623	2479
6500	3353
5288	2523
6257	9159
4893	2219
8422	3146
8404	3134
5365	2958
6358	2817
7097	3128
1311	2116
7935	3356
8468	3438
7968	5515
7272	4314
645	2387
6568	2825
2599	2248
5339	3526
7929	3293
3465	6541
3214	2529
6538	4257
2746	2696
5761	3336
6275	3202
3290	4059
4195	3372
7313	3033
3225	2708
6288	2654
2834	6793
6761	3296
5304	2850
7610	3049
4737	2243
1852	4213
6526	2549
2062	2120
4276	3441
7401	2716
4980	8290
4549	2660
5555	2769
4894	2407
3552	3127
5835	2996
6135	3588
2565	2923
4297	2112
4479	2594
3136	2805
5573	5106
1259	2990
5280	3237
7219	2663
3039	2542
6675	1706
3395	2766
4310	2634
2607	5025
4003	2791
6903	4593
4976	2978
4086	3065
7207	8201
7757	2940
2007	2164
6748	3109
4554	2318
4525	2981
5017	3135
3862	6635
5420	2515
5169	2524
6824	4201
6399	3589
5849	3608
6921	8196
9260	5114
6685	5084
2425	3702
3199	4251
6526	4249
3997	3319
1659	5981
3060	3097
6213	6443
4611	3589
5910	4458
802	2803
4966	2071
1955	2301
3730	6065
3906	2729
5587	3552
6147	3586
4173	2576
1262	2891
6694	2507
6571	2765
5367	2811
3302	2787
4488	2748
3151	2761
4985	2555
3745	1882
4289	3909
4961	7484
3240	2960
1844	3280
7219	3746
2524	2089
5912	3827
5090	4289
3076	2786
5553	2953
7681	2578
7386	3687
2680	5866
7831	2993
6252	5924
5312	8669
2363	3859
1606	2412
650	2712
5690	3802
4599	7388
6007	3205
3600	4795
3898	1899
6085	2952
6147	3405
4372	2868
844	2132
8103	7553
5541	2323
6447	2348
5946	3296
5615	3394
7605	3602
7378	7179
6172	4129
6998	3329
6265	3138
5631	3457
7303	2659
5190	7339
6855	4274
9390	3335
3787	3485
620	3488
1143	1459
5639	5180
2041	2562
5401	3716
5645	4542
6703	3923
6923	2679
694	2000
6461	4109
3053	3692
1012	5918
5107	2814
4074	6959
6186	3084
2408	2640
5774	7607
5182	3184
3463	2942
1419	4311
1152	2816
1411	1995
2761	6872
4915	2391
2948	2640
1554	3091
4124	2356
963	2250
5952	3312
4576	3603
3330	2649
1784	2876
1604	2232
5989	8009
7012	3988
5378	5458
5573	2796
3191	2606
6271	8420
7975	3817
2570	4587
5524	7036
2672	1981
7115	4095
6552	7012
4554	3543
8232	3404
5366	2441
7696	3398
2176	6657
6864	3157
2911	6464
5058	3832
6397	3936
7961	3218
3729	6549
4058	2599
7194	3344
5780	3915
7028	3250
4980	3603
3867	2905
4826	3751
5703	2953
3843	3198
1114	2499
8491	3421
5909	4939
4072	2630
4317	3196
7826	2252
1010	4393
6171	2580
1925	2580
3232	1776
4384	6538
6999	5224
737	3246
4867	2397
5011	2655
5877	3007
5977	3821
6751	2573
8379	4058
4266	3039
7465	2869
6083	6648
7288	8961
3796	3776
5430	4142
6185	3255
8807	2667
1359	2318
3139	2986
7594	3162
5574	1886
3477	2311
1718	2159
5872	3556
5533	2651
7875	2934
6753	4986
5399	2911
8780	4391
5820	4471
6046	5571
5209	3949
2983	4071
5680	3319
7973	4860
7393	2786
5820	5550
5442	6846
6818	7007
4955	3135
7705	4330
6237	3181
6851	4615
7014	8201
5477	5143
4921	4640
4958	3016
6528	3418
4909	2707
5787	5140
6009	2531
3306	2757
4451	3642
7064	3268
6053	3422
5807	7426
7579	2882
3717	4787
5587	6807
4936	3082
5746	3091
3401	1463
4030	2635
1487	2138
6367	5401
5086	6226
1561	2565
6769	3650
3349	7136
6117	3694
2846	4224
3755	3125
4897	3240
6051	1945
7603	4574
5387	3144
4857	6257
5349	2517
1128	5786
3486	2269
4515	2824
7650	3065
4808	2638
5163	2888
3418	3025
926	2573
2928	3044
1772	5903
2083	2424
7853	2977
4840	2553
3379	2380
8589	4267
4056	5572
7391	5930
6254	2182
5394	4644
2968	2789
5705	2845
7009	3485
3245	2380
3646	3642
2292	5397
1951	3235
7026	4422
6222	5739
3365	3215
993	3386
2307	4870
7170	2617
6903	2398
2941	2227
5498	2827
6418	4139
6668	5555
3318	2724
1352	2991
6465	2858
6894	4034
7984	3428
6130	2674
3041	2248
1307	2314
7998	3287
7814	2893
6901	3321
8127	2833
6660	6688
7716	2896
5692	3718
5656	3622
6224	3592
5287	2905
3086	2786
6745	3328
558	5368
2691	2348
2081	6628
5382	2856
8970	3946
4449	7049
4192	5319
7652	7046
8734	4250
5808	3007
3573	2485
8392	3918
2635	2979
7859	3052
5753	2823
3552	2426
8132	2598
6383	2472
6863	6203
1059	2793
5981	4143
6245	3570
3877	2333
5135	6453
6957	3780
5548	3336
4387	6165
5203	2250
8237	6588
2359	2225
1881	2551
4334	2301
7247	3322
3879	7124
5054	3977
1265	2288
7925	4135
4291	4236
5667	2453
1490	1714
6472	4486
6540	3390
3043	3610
4659	3065
7078	3338
5788	9214
3121	2605
7901	2470
1456	2106
3722	2590
6010	3682
6763	3732
4230	4341
4112	2746
1787	2541
5353	2572
2047	2230
5489	4473
2775	5883
6943	4362
4774	4012
2066	5743
5368	2845
6454	3230
5262	7420
7052	7137
2043	2606
5626	2550
4620	2149
8136	8235
4901	2651
5117	2471
6922	3610
6264	4814
4658	7079
2435	2798
6011	3212
6379	2947
5246	2532
2527	3502
4607	3876
6127	1687
5221	3412
4807	2890
6093	3751
5557	3448
5510	2916
5847	2710
5917	2798
3983	3599
3412	2679
7330	2605
7310	7700
5815	6119
6987	3429
1264	2718
2556	4366
4421	3482
2110	3765
6710	2596
6720	2865
3470	2983
2331	2795
7275	3082
8223	5373
4780	2776
4172	2854
2788	2546
5469	2465
5426	3017
5427	3013
7690	3862
7574	2610
5701	2294
6978	3040
6986	6510
1915	6123
2377	2057
5482	2983
6517	3164
7780	8123
6682	6375
4693	4055
2064	2561
5320	7287
2906	2772
821	2319
1749	5624
7653	2879
6682	2355
7262	6603
4681	2355
7244	2384
6928	2901
5186	3663
6372	2742
6141	3201
7942	4916
5125	2772
4072	3137
4412	2031
3543	2757
4735	4209
7200	2246
5397	3709
5979	2927
4080	2687
6126	3235
3263	2767
6445	3035
3034	5527
7771	4362
3870	2411
5860	3203
3904	2859
2962	2819
5174	7105
3105	3353
5190	2559
2185	2610
2836	2685
6806	2421
4958	2545
6433	4476
6459	4088
1230	2633
8051	4308
3935	7095
2777	4024
6491	1847
1421	2864
2509	2444
7360	3383
2307	4121
5909	3081
1980	3197
6389	7203
2898	2967
4000	3138
5409	5324
6779	2806
2018	2226
7725	2535
5137	4451
6981	2888
7202	3691
5303	3208
3318	7058
3594	3370
1162	2560
6365	4033
3346	2639
5261	3342
5132	3442
6451	2240
7976	3377
5233	2948
2309	2196
5379	3011
4835	2022
7321	3944
6916	5740
7827	5797
5806	2821
7004	3074
4687	3447
1729	2573
4936	2998
2366	3849
5491	3908
5214	1865
5830	3971
6531	1919
2076	2373
4777	5665
3199	2953
4680	5820
5960	2485
6670	3620
5869	3429
6512	3349
4937	2820
259	1883
5050	5472
5059	2266
8399	6567
6842	2943
6842	2575
5446	3494
4473	3118
7559	5660
4698	3767
4561	2548
7154	3728
5385	2924
6011	4332
276	1832
2893	2116
5787	3409
5560	4616
6959	3510
2347	2677
5809	4583
5680	2009
6634	3264
2713	5291
4039	3034
4324	2845
7655	3373
1009	1930
4311	2465
3462	3375
6178	2320
3243	3273
4167	7100
5427	4306
7796	8497
6108	3085
3319	3156
6833	2968
326	4678
6630	2499
2939	2378
5927	3004
6562	2837
3280	2476
5987	3133
4465	2225
5693	3579
5692	2761
3353	2555
4842	3670
7350	8678
4279	3418
4993	3273
7827	3113
4465	3114
7805	6226
7945	3244
4013	2892
4785	2775
5220	3374
1279	2481
6076	5207
5020	4410
3478	5295
4804	7016
6602	5798
4415	2626
5574	2929
2873	1941
2428	2604
1389	3477
7386	3039
6194	3253
2885	6191
5916	3832
6864	2498
5247	7192
4783	4394
919	2104
8797	2734
3589	2163
4692	2087
6407	4351
3716	2430
5807	7877
7159	4389
3398	3868
4800	3767
3167	8733
6521	4005
6338	3142
6378	2816
5946	2856
5741	2626
2993	3041
7370	2750
4169	2160
6588	3376
4407	2371
4266	3095
826	2547
8184	3660
6454	2693
5660	2506
7004	3941
5325	2587
7469	7327
5967	7322
4534	3034
7078	2936
2749	6960
6680	2680
2739	4251
6226	3310
8039	3699
5601	2724
8103	2106
2882	2359
2878	3475
4725	4830
2372	2402
6796	4281
4964	5309
8053	2906
3141	3174
1120	5955
6560	2692
2045	2838
5696	3953
1826	2571
3563	3241
6136	2252
4943	2791
1525	2402
3329	2780
3170	2635
5552	8621
6437	4010
6186	5581
5897	2280
5488	6038
3139	3656
5931	2153
1522	2367
6808	4739
4259	2315
2536	2980
2726	3386
5469	2706
3858	6892
8488	2967
5779	2321
5751	3141
2998	2713
2132	2658
5865	6608
6422	2607
1073	2154
3925	2141
5009	3198
4489	3359
6242	2520
6073	7714
1621	3246
3200	3083
2641	2628
4202	7316
7686	2814
5853	2422
4920	3773
6192	2388
5389	2805
6218	3276
7925	2607
4650	6068
4032	2313
1150	3003
6532	3236
3939	3256
4587	3060
3961	5266
3224	3366
5707	4934
2985	6211
2619	5594
8486	4004
5399	4823
4792	2835
4263	2373
5576	2321
8087	3902
5244	2837
1029	5957
4433	3801
5119	3093
1229	2165
3996	2848
3950	6764
6847	4589
6097	2357
1511	4771
3668	2806
7276	3157
5906	2667
1010	2268
3561	7097
8638	5497
9019	1986
6122	8497
1363	2863
6413	2987
1946	3648
5810	3110
2635	2519
3854	4591
3729	2536
3296	2420
6436	6565
2388	2260
6247	2934
5928	2858
7493	4723
5584	3639
5420	5764
3099	2483
6188	2506
5163	3537
4721	3622
4704	2321
7891	5966
5143	2715
1657	2829
5830	4038
6327	6439
7646	6191
6096	3631
6928	7881
4939	2342
4703	7329
6781	2792
6993	3107
4282	2511
7077	2809
3015	2375
6965	3174
4117	6707
4942	2509
4465	3526
6750	3835
6312	7582
4683	6066
2353	2058
3996	3333
1416	3378
6631	2394
2931	3687
7727	2890
1579	2632
2019	2694
5654	2886
8391	3339
3588	2918
6546	2859
7220	2373
4254	3005
3914	6403
5126	2860
6919	3550
7448	3578
7667	7929
1717	1868
6989	4111
7256	2702
5223	7300
5908	3167
7184	2032
4153	2951
2608	3149
2478	7536
8173	3249
2575	5442
6937	2757
6768	2128
1435	2449
5542	2896
5644	2636
7580	6467
6414	7999
6822	4277
7911	2825
6019	3121
7650	2974
3715	3197
7533	3046
3957	2650
6311	4250
6583	3725
8092	3458
6405	3007
5947	3905
4780	5753
6156	3160
2741	2014
1215	6920
6413	3168
4618	2120
6172	3426
7472	5704
2108	2593
5433	2497
4481	3598
9181	3953
5871	2619
5515	2629
2049	2446
6144	3391
5111	5988
6438	3572
4960	4280
5451	2665
1926	2461
7846	3333
4126	2508
2456	2168
8785	3884
6407	4426
1402	2006
5612	3388
5254	3443
4621	3664
2407	1687
7329	3432
1393	5060
5132	4689
5904	3095
1960	2740
5162	2127
4599	3901
4531	2256
706	3036
4409	2942
5640	6972
8213	2909
3420	3962
7316	2236
6710	3263
1453	2789
1928	2467
6008	3315
3530	6505
4249	2474
6017	3278
4786	3035
1239	2382
6606	3087
5298	3053
6899	2848
3761	7151
6328	2655
9588	3358
6062	3093
3686	3482
4891	2721
6420	4426
7333	4280
5500	2155
2092	4426
6843	2647
6479	3773
2990	2014
7937	4143
5455	3796
7363	3451
3088	3553
8163	7479
2233	3614
8515	2911
5151	2608
4931	2843
5203	2917
5710	7400
2533	6958
5634	3123
3311	2781
3808	3445
4695	8274
4282	3450
462	1963
4846	3530
4160	3917
998	2164
2850	5571
6226	4986
5715	6723
8393	4491
3497	2422
4514	2033
702	1989
5685	2730
7626	2343
6317	1338
3032	2819
4483	3083
7217	4869
4638	4392
5492	2724
1943	3122
5472	2368
6273	2988
3998	3497
7236	3016
5949	2566
4701	2617
6268	2403
6993	2489
5500	2655
6651	7207
2952	5775
6384	2997
7292	2700
3408	2662
4917	1916
4627	2157
4609	3728
6064	3740
8278	2713
6308	4599
2691	3031
6019	5579
5942	2336
5465	3002
7035	3631
7668	3107
9216	3564
5203	3252
4341	6156
5342	2585
6336	2979
7636	4016
3555	2671
5768	4218
1731	2866
2400	6299
4905	5500
2419	3085
3657	2897
3416	2478
3402	1704
6005	4399
5314	3171
6971	4295
5823	3138
6436	4499
4682	2258
5858	3195
5603	6891
1833	1820
6664	3241
3835	2535
5152	2906
6500	2477
6797	2993
4586	2758
2054	2424
4408	3906
5104	2507
4762	6344
4243	5203
7190	2860
2922	6378
7333	2943
2766	6201
6329	2440
1221	2689
6202	6182
3647	2114
3766	3009
3661	3269
5076	2512
2740	2117
1584	2191
661	2717
5300	2806
7545	2515
4595	3024
6502	6472
5044	3720
1311	3342
5608	3470
5882	4709
1889	2945
1356	2411
5475	2869
7205	2478
4296	3579
9448	6054
6195	2737
5612	2758
5712	3197
8419	4475
5945	2741
6603	5706
4376	2739
2437	2108
1318	3072
3661	2894
7011	4082
1303	2759
6373	3322
1872	3338
4062	2352
9142	3755
9038	2469
2999	7083
8634	3005
4192	2431
3161	4289
7003	2150
4775	3017
6067	4524
6185	3087
3271	3226
6775	3351
3709	6385
7075	8807
1250	3353
6910	2182
5001	5451
9219	4343
8268	7446
4386	2705
4703	3618
2834	3565
2383	2526
2890	2594
3525	2546
2873	4930
5321	8236
6134	2933
5763	3231
6796	3681
2405	1669
7016	2818
9628	9065
3951	2696
5724	2830
3283	2420
1311	1841
6236	2494
3028	2080
4038	2559
3105	3691
3512	2567
346	1992
4272	2333
4118	5435
5649	3704
2556	2223
6755	2915
6733	3034
4780	3494
7244	2656
1678	4817
4887	2949
7881	3114
5492	3021
6192	3108
1829	3074
5511	4498
4298	2961
5540	3058
4094	2778
3106	3305
671	4345
6970	3821
4831	3942
5937	3924
6748	3499
3622	5119
3159	2379
3829	2833
6255	7818
5056	2311
7208	3072
2790	2466
5563	2789
2794	2695
4801	2457
6650	4033
3843	2426
4936	2669
6513	2533
6013	5426
5056	2129
6965	4363
6895	7613
6768	4481
6688	2745
6702	3419
5368	5985
1699	2413
1254	2106
6030	2782
6614	3536
1894	3589
5537	3957
4061	2500
7857	7068
7216	2870
7291	2975
2906	2427
8570	4037
5848	2585
1378	2550
7038	4233
5803	3453
5174	2354
3065	2499
1749	3236
6158	3396
7527	2967
3570	3048
6399	2987
825	3803
4533	2448
3518	2874
8007	3403
4057	2592
8349	3445
5884	2242
4839	2477
8237	4289
2378	5239
6212	2596
3722	2541
6283	6445
5958	2927
3206	6295
7726	6087
6590	2861
7199	3802
6413	1972
1731	1613
6306	2352
7322	3807
5178	3930
5239	2976
8277	3132
2916	1924
2357	2376
5981	6050
8123	2766
5399	2355
4959	4199
5887	4077
1968	1978
1996	2501
7036	2661
9100	7017
1568	2729
4738	2858
7218	6653
5699	2992
4626	2490
4545	2917
1724	2257
5042	2520
4392	3078
1597	3193
7181	8215
5405	2833
5241	2428
2942	2940
3103	3381
2515	3280
1768	3317
8165	3345
4677	5173
3226	3294
7476	3085
8095	3550
6391	3778
8552	2426
1695	5332
4899	2518
5142	6422
8463	3750
1542	2223
3706	2558
6120	6544
2783	3075
4055	3881
2452	2877
4390	2842
3683	1980
4620	2904
4185	5249
2713	2352
7386	1634
5893	3659
3943	3215
3288	3059
865	4889
8926	3312
6636	2989
7725	3292
5395	2662
5512	3666
5346	3032
7781	4099
4133	2999
3038	5896
8567	2809
6843	4436
1590	7349
2332	2490
6348	2778
3119	5845
7485	1585
5547	2669
6387	3082
1584	4333
7098	3731
2167	2987
7471	2753
2526	2773
1947	2005
8213	3206
803	3444
2160	3114
4848	2385
3616	2794
3527	2971
5123	6302
2628	2115
5605	1714
5764	3855
5428	6748
4239	3165
5624	6544
5487	2816
4518	2755
5192	2992
5128	4893
4475	5054
3287	3408
8049	4004
6169	3277
2216	2938
5903	6695
5383	4692
6831	3493
6937	6344
7797	4584
4983	1992
6903	2384
4280	2964
6593	2357
6462	4398
5384	2991
5740	7510
5447	3317
5070	4575
4367	1411
6530	1924
6619	2812
5028	2773
4691	2948
5882	2954
5746	4044
1084	2826
4420	5619
5502	2621
6587	2396
6919	5215
6940	3043
3363	2806
6532	3906
2690	6782
5274	2567
6591	3991
6175	3198
8389	3535
6484	2122
5647	3954
4317	4045
6587	3339
6367	2679
6840	2309
5882	4653
4352	3404
8088	3650
7261	3277
4054	3387
4080	2794
3814	2880
4284	4296
7128	2988
7853	2967
4849	5988
7552	2560
1373	5974
3141	1871
6812	2372
1897	1984
3379	6903
6110	6922
5377	4807
7549	8194
1348	2782
6378	7884
3758	2837
5929	3175
6258	3525
6721	4109
5291	2906
4715	2773
2723	4434
1458	3201
4464	3197
3418	3181
8243	3910
6250	3027
6414	3065
6195	3783
1190	5964
5863	6056
4885	3101
1322	2229
3086	2935
3268	2598
7458	2929
1620	3377
6801	4266
3804	6561
5232	3090
6901	3288
5057	2151
5174	4572
5768	2654
1966	2614
7382	3682
5546	2801
4534	3199
6078	3670
4248	3480
3930	5169
6506	3501
6966	2080
1678	3189
6936	2738
2775	3011
3985	2014
4007	2925
5003	3360
6115	2956
7070	4215
6068	2256
7349	3348
6181	3443
7427	7469
7751	2853
3148	3932
7677	7535
6288	3788
6223	6956
8205	2065
5575	3721
2811	3021
4905	2835
4325	3987
4348	5789
3503	2448
4034	2643
7168	8250
3389	2627
5940	2300
5526	2490
8264	2508
5325	6020
6900	2460
1979	6045
433	2181
2875	3806
7119	2927
7181	4199
5406	3283
7280	2638
3723	2350
5147	2443
4075	2109
3276	1812
850	2631
6032	2619
1992	3249
1236	2219
2742	1640
441	2851
7716	4276
5932	7234
8031	2931
5030	3028
7101	2821
3180	2738
1999	3354
6596	2280
3331	2991
2605	2481
1895	3546
8282	3491
7939	3570
6458	3952
2532	6127
1570	2560
4313	2411
1341	6486
4355	2679
7480	2540
3021	2926
8495	3583
3068	2466
3805	2775
3732	3541
5610	2407
7295	2700
4730	7012
3642	4532
4557	3123
2480	6349
1659	2362
5473	4712
8511	7494
5796	2254
5151	2838
3797	3853
6455	2742
3486	3514
5867	5938
4177	3079
7602	3062
9418	3534
9999	3625
6317	2565
5605	2702
6215	8667
6586	3889
2423	2129
7201	7749
2459	3297
7183	3077
5426	3910
7287	4269
6854	2140
4989	2080
5254	5772
6109	3076
8622	3875
1376	1949
5918	3676
5493	2781
5192	3178
4829	4129
2857	3167
8150	2373
3664	2537
2159	2832
6674	3497
3516	6443
1260	3533
4301	3255
3974	9392
7095	6615
5612	7699
8141	2620
2313	5876
8515	4984
5719	3315
5653	1643
3113	2499
1762	3367
4728	3073
6671	4097
7527	3106
1684	2301
5352	2673
6090	2467
5809	6763
8525	3315
5687	2097
4568	2822
3161	3220
5985	2873
1503	2762
2373	2220
7516	2854
6555	7030
3183	2657
1388	3067
4366	2362
6244	7609
7409	3047
7300	2964
5254	3319
1319	2304
5880	2855
2436	2573
3446	2156
3373	4684
4107	6368
8204	5656
3702	6238
6163	3244
7199	3407
5095	3546
3155	2866
7837	8286
2575	2773
3360	1540
3676	2477
6812	4476
5290	2751
7840	3624
5655	3603
7056	2746
6410	3515
2855	2298
3755	4309
4705	2477
4967	3668
2223	5180
7027	2068
7989	4304
3508	2446
5007	2933
3630	2597
6081	3464
5583	3077
7403	3350
4584	2546
6118	2471
4482	2475
7862	3200
5341	4082
8202	5018
6494	4233
5858	2495
6836	3006
2930	3933
6214	2963
4113	6837
6384	2752
6569	2717
5011	8373
4153	2725
5023	2894
8069	2659
4644	6802
5202	3556
5502	8048
2651	3502
4382	2498
5130	2097
6283	2682
3361	6964
5383	3493
6279	3238
7170	6926
5951	6708
6097	5050
1418	2752
4491	6362
4953	2945
7041	8229
8160	3763
6277	3993
6748	2453
4519	1801
5821	4124
5767	2655
7739	5844
2065	2002
6118	8649
6834	3444
6421	3086
7745	3307
3982	2639
3379	7076
2862	2605
6618	2498
4500	3100
6780	4824
5702	5401
4509	2718
6844	2596
6565	4805
8492	3723
3218	2904
5925	3384
6129	8109
6903	2840
6426	3085
2440	3025
6963	3065
7083	3345
5604	4175
6714	2424
5108	6575
7282	2433
5871	7471
5953	4067
5345	5755
4439	3545
5337	3717
7390	3130
4358	2137
3636	3910
2883	2872
4961	2997
7131	3518
3599	2417
2411	1673
5552	3414
4974	2616
2961	3007
4200	6998
2692	2898
6318	2580
6488	3037
5756	3206
4818	3495
6213	3285
4357	3801
7374	6953
4638	6962
6020	5923
6569	7381
4463	3612
2933	4338
3597	2949
3159	2712
3628	3730
838	2421
5984	2156
5936	2993
3222	5765
8641	3464
3935	6621
6848	4625
7428	3730
6182	3986
6464	4181
4736	2531
1404	2196
7564	2392
6989	5855
3925	2166
564	2527
8279	3604
5492	2503
5284	2467
3090	2044
5019	3225
6391	3134
3382	2479
6360	3670
3652	2793
6532	2629
6455	4142
7940	7911
5451	2995
3109	2708
2807	3427
5491	3240
8555	2925
4830	4270
302	2301
6420	2916
591	5526
8125	7779
3892	5487
2468	1612
3730	2517
6991	2777
7757	2776
4679	3298
7877	3783
5407	2351
6859	2673
6849	3441
4761	3290
4798	2369
7493	3050
4712	3871
7606	2803
5641	4047
4771	2598
5620	3581
5945	2428
2889	5163
6596	3308
4873	2529
4991	2727
7491	4578
6272	4323
6631	2742
2047	2601
6422	4548
6269	3568
3993	2782
5503	7427
7991	2902
5951	4608
4361	7242
2700	2720
6523	2087
4468	2908
1333	1932
4938	4465
7159	3070
7226	3091
7612	4470
6084	3012
7540	3066
6318	3180
8166	6504
6535	3866
5058	4109
2519	3027
6911	6580
6725	2562
2099	2668
3959	3452
7080	2365
2284	1706
4017	4368
5850	2217
1654	2573
6009	3457
6944	2959
1776	1968
6113	3283
6335	3836
3734	2674
5902	3611
5890	3135
8002	2915
3348	2631
6865	2651
5191	2593
4061	3902
8192	3019
7579	2956
5018	4217
4790	2588
5308	3441
5312	2887
6766	3078
4627	2576
4813	2956
6897	2472
906	3805
5818	3266
6398	3270
5171	3399
4848	6308
3419	2819
8456	4184
7636	2784
6537	7317
5532	4523
5834	3400
5707	2253
1892	5031
4785	2413
7022	4347
3066	2555
5343	2539
2745	2228
7123	3892
5386	4228
5476	3266
3528	2604
5604	3700
1170	2277
5529	3292
7531	6097
4756	5531
5190	5820
3374	4307
6459	4015
5630	2618
3817	2937
3122	5728
2636	2780
283	1307
6663	3046
1351	2649
6874	6535
5483	3158
5534	3385
5392	2802
1541	2620
6123	3170
5305	4815
6456	3273
2332	2502
7687	2676
4512	3635
1405	3700
6163	3179
4683	2568
3285	2743
6111	5299
4940	2508
5930	2632
4790	3456
4906	7714
3092	3240
5351	3515
290	1879
2895	1618
2888	2585
8480	4015
3876	3790
6546	7034
5244	2962
3405	3538
2811	2739
993	3246
6588	2360
3280	2114
5047	4979
5958	4514
7828	4040
2996	3350
6652	2688
2469	2738
6026	3496
6772	2816
5330	2505
4857	3187
4315	2553
8381	5884
6195	3444
6132	2048
3704	2824
5517	4371
7255	3532
3955	2570
6258	3195
6638	2456
7219	3262
8330	4375
8013	3964
7884	3306
3664	3391
8070	9483
4548	2059
6367	3108
4715	2084
6160	3292
6549	8238
3402	5017
1581	3003
7871	3511
3674	2006
6674	2616
1628	2876
8637	3517
6885	4781
6763	2230
8176	2628
8444	5203
3884	2521
5509	3165
5611	2693
5609	2459
6355	6671
6846	5906
2640	3172
7235	7864
5276	6067
5522	3290
6015	6661
4012	2610
6179	4166
6317	3496
6820	2642
4921	3814
8245	3292
5686	2234
4983	2246
9331	4254
4390	4382
6309	2889
3748	3059
5719	2900
6539	4379
4398	2413
7585	3381
7380	2748
5046	3118
6059	8039
1160	2031
3337	3669
5656	7542
5731	1972
3863	3020
1504	7289
1481	2572
2761	2720
3372	2443
38	1886
3045	3107
3959	3471
6690	2804
6628	3494
6820	2802
4541	2627
5021	3550
3056	2664
6346	3033
7498	3287
7026	3962
6326	5146
922	3797
6319	2819
3561	3058
2047	3194
2989	2719
5132	3282
4103	2358
1686	3524
1519	2840
5262	5235
3710	6423
7162	6689
6321	2684
6034	2627
5048	1355
5026	2346
7345	3299
7047	5918
5857	6254
8922	3061
2887	5303
6164	3110
6005	2568
1408	1164
2880	3947
6404	3734
3519	3859
4475	2633
6115	2800
4278	2424
5966	4394
4613	2814
6212	2373
1694	2474
4680	2987
8017	7283
4638	3800
3864	2707
7489	3586
7248	4830
7054	2574
3570	6523
9773	3643
4512	5214
5874	3070
3445	2835
5669	3054
4449	2696
2132	2293
4741	3234
5235	3282
3475	2491
5035	3751
7104	2695
6202	6727
6124	3185
1983	2350
7627	2517
1596	1894
5587	2572
3137	3945
5416	3056
8096	3986
6642	6722
5684	5113
5820	3121
6266	3178
3218	3073
4983	3795
1250	1288
3427	2390
6830	3150
4297	2374
6883	4452
4030	2728
7535	3629
4894	2793
3319	8128
5133	2461
6218	4634
6134	2952
6030	4520
4898	2758
6911	4127
1516	2102
775	5449
7938	2988
5032	3118
4466	2917
6721	7014
6876	4250
7556	3469
4779	2708
6687	6545
3747	2555
6715	2957
3733	6460
8163	7588
3340	2307
8543	3419
4643	2412
3479	3700
2837	5724
2929	2643
3464	7075
7038	3467
3095	6258
3815	2545
3195	3127
7645	8620
3979	3519
3848	2358
6845	3753
6455	3567
5343	2700
1774	2163
2516	2648
6294	2985
7584	2898
6291	2827
1977	2613
6015	5203
5046	2802
4327	3763
2570	2306
4298	2479
5988	2910
1342	2499
4888	3316
7935	4907
4062	2232
7207	2517
6054	2821
2474	6645
8044	6601
4184	2312
3071	2228
7309	2665
6840	2565
4530	2670
2887	3625
6986	2270
3500	4910
6344	1995
5032	3167
7987	3048
2456	1833
5698	3629
6305	3862
4804	2802
2117	2237
5564	2723
4478	7598
4679	3441
3193	3817
5445	3188
5270	3147
8559	3014
6388	3586
4780	3387
7896	4689
5773	2991
6705	2761
5827	2776
5448	6118
6861	3094
6343	4979
6242	3330
4219	2859
7402	2788
8521	3998
4982	3278
5009	2859
6455	3498
6578	3022
2028	2592
8845	4917
2552	2547
2933	2338
3866	2764
1591	7227
5486	3648
5972	6120
5890	4232
6640	3130
8428	2655
3944	2020
5491	4353
6465	2987
5840	2466
5659	6698
6806	3882
3721	3448
3884	2112
5253	3865
7868	3954
6938	3701
6665	3129
2689	3767
4664	2967
4560	3051
7323	3416
3532	2079
4523	7733
5675	4306
5714	3946
6838	3714
3225	2177
4951	6853
4868	2850
6923	3127
8158	3410
5767	4938
8210	2813
4332	6597
5518	3261
8102	4112
7339	5243
2419	2680
5923	5173
8534	3194
5942	4237
4820	2594
7530	3142
5654	2964
2199	2543
5822	3452
2492	2589
7951	3173
1098	2876
1293	2273
6745	4789
2385	3281
4463	3376
5248	2607
869	3397
6245	3376
4945	2787
3323	1547
2799	3400
6056	7292
5226	3272
5761	4311
6764	3123
5282	7284
1786	2329
6499	2713
2372	2680
6798	4883
5030	2599
3011	3204
5810	2593
2133	2304
1618	3758
2302	2451
2257	2191
6498	7078
7694	2689
5942	2890
7449	4563
5638	2839
4387	2801
1139	1991
2663	5305
2542	2380
6360	6674
6144	3761
4561	5584
6468	7744
7449	7182
6526	2808
3019	2935
4848	2065
6211	3454
957	1687
7106	2816
4509	3949
2736	3560
5608	2668
3759	3708
4767	2767
7012	3520
5955	2090
3232	2430
5740	3116
6478	2632
7531	6557
7238	5014
5045	4048
5904	2869
7698	3594
4818	2454
4413	2610
6301	2833
2071	2440
5096	2881
3797	3304
5206	4690
4648	2337
5903	2741
5122	1712
5534	5221
5538	1578
2360	2558
7744	4199
7438	2725
4012	2763
5652	6407
5267	3353
7605	3533
6145	7185
5240	3202
6885	3896
3531	2958
1146	3208
5902	4103
6007	5701
5046	7412
3810	3050
960	5440
2692	7422
5937	4076
3176	2371
3281	3341
1411	5397
8425	3826
3325	3038
4975	2819
1392	1755
5645	3921
7261	7672
5448	2535
1164	3735
5575	3521
9621	4027
6662	3257
7282	3592
5313	2854
3839	2269
6231	3215
5099	6692
2787	2257
8129	3183
4547	7092
2036	5304
8648	7665
2289	2974
4946	2409
6225	5998
6033	4446
4151	2580
2367	2831
7175	3601
5660	4054
1006	2352
8666	3693
7368	6245
3147	2726
2247	2973
2708	2550
6958	3460
6222	8575
5479	3339
1590	6459
7412	3272
6362	3071
3231	2813
4841	2871
7005	2535
1581	1692
2204	2898
1183	3393
5665	4616
8859	3340
6419	3419
4305	3011
7504	2864
2031	5013
7735	4429
7120	2955
6754	4318
3162	3180
9008	3339
470	1698
7547	2577
7503	3568
7393	7835
5686	2534
5928	2314
2085	2568
6056	2528
5417	6515
6189	3598
6805	2897
8466	2727
629	2508
4894	4184
3163	3672
3317	3234
2060	2421
627	1960
4395	2519
6493	3782
3775	5769
3615	2806
5690	2040
1484	5574
4145	3205
3197	4657
3507	2184
4026	3641
5697	1901
6863	2702
5307	3640
6480	2668
1445	2232
4665	2843
5119	2790
6706	7850
6983	7529
7031	3354
4757	3507
5869	2333
4601	2481
2061	6257
5305	4312
6053	2591
6068	2687
5967	2977
1484	4394
6957	4070
6771	3231
3738	2604
6033	5643
3108	2571
6764	7882
3407	5756
7103	2800
1019	2393
6562	2760
1712	2291
6860	3150
5238	2264
884	1665
1744	2307
3783	2204
5597	3078
3421	3397
5227	2847
1741	3105
5553	2395
5440	2844
7133	2554
7828	7472
4411	2003
4556	2554
4388	2366
5844	3830
5086	2434
7583	3605
7352	4494
3922	3485
2922	6001
5417	2524
6621	4143
8129	3351
5827	5431
7756	3751
6976	6467
5547	3012
4559	7242
4559	2685
3587	4196
5187	2940
1234	1855
4059	2942
7841	3007
4205	2524
4189	5184
4689	4276
1424	2478
6481	2727
3744	2542
3625	3465
