2	3908
1	4723
1	4295
1	5041
1	4275
2	1767
1	6757
2	3487
2	4094
1	4670
2	5353
1	6221
2	4557
2	7404
1	2391
2	6424
1	3440
2	3959
1	3527
2	6154
2	6176
2	4644
1	5822
2	3915
2	5957
2	6354
2	5796
2	4194
2	5512
2	3980
2	4088
2	4388
2	8039
2	4402
2	7150
2	6244
2	7673
1	4021
2	7339
2	8514
1	4742
2	4583
2	4275
2	1662
1	4993
2	5322
1	3932
1	5524
2	4392
2	5559
2	8739
2	3744
2	5594
2	3589
2	7170
2	8314
2	6389
1	3618
2	4732
2	7344
2	4046
2	3045
2	4219
2	6425
2	973
2	3812
2	3755
2	4844
2	6309
2	4223
1	5632
2	5235
2	4139
1	4874
2	6082
2	4788
2	6506
2	4847
1	4847
2	7998
1	4715
1	6153
2	3087
2	4223
2	5861
2	5672
2	5028
1	5670
2	4297
2	4423
2	4375
1	4427
2	4030
2	6674
2	6504
1	4780
2	3818
2	4556
2	3190
2	3821
2	4795
2	3591
2	4262
1	3996
2	4319
2	5366
2	4596
1	4380
1	4234
2	4194
2	5993
1	4255
2	4506
2	4080
2	4531
1	5118
2	5952
2	6252
2	3866
2	5239
2	3043
2	4190
2	7155
1	5643
1	3828
2	4714
1	4688
1	3966
2	3383
2	8868
1	3956
2	7390
1	4447
2	7136
2	6384
2	4075
2	4224
1	3082
2	8804
5	9008
2	6436
2	6660
2	5481
2	4178
1	4209
2	4049
2	6517
1	3504
2	3038
2	5606
2	4918
2	8858
1	4641
2	4400
2	4242
2	7479
2	4472
2	3820
2	4580
2	6094
2	7495
2	4541
2	3639
2	4218
2	6592
2	3981
1	3940
2	6102
1	1950
2	3508
1	7650
2	6594
2	6172
2	5016
2	5512
2	4496
2	4257
2	4188
2	7424
1	4416
2	4236
2	7240
2	3500
1	3690
2	5795
2	5526
2	3505
1	4415
2	4331
2	9108
1	4000
2	3931
2	4308
2	8354
2	7199
1	3413
2	7178
2	2785
2	7244
2	5682
2	8827
2	5033
2	5598
1	3511
2	4797
2	3896
2	6286
1	4227
2	4006
2	5804
2	3065
1	4167
2	5042
2	4934
2	4577
2	4035
2	4481
2	4880
1	4575
2	4549
2	9143
2	2564
2	4668
1	4289
1	4984
1	3586
2	3937
1	4235
2	4329
2	6592
2	6382
2	7718
1	2904
2	3811
1	7283
1	4841
2	9284
2	7156
2	7092
2	6363
1	3105
2	8455
2	9125
2	2894
2	3002
2	4604
2	2075
2	5541
1	4880
2	4443
2	8123
2	3529
1	1468
2	7634
2	4208
1	3031
1	4140
1	4456
1	3954
1	4278
2	7400
1	5878
2	4454
2	4326
2	4096
1	4295
2	4911
2	7353
2	3965
2	5585
2	5699
2	7370
2	7492
2	4401
2	4583
2	4029
2	5660
2	8898
2	8216
2	6743
3	9222
2	4021
2	3901
1	4583
2	6647
1	4518
1	5770
2	5924
2	8398
2	7092
2	4183
2	5557
1	3224
2	4820
2	4952
2	5271
1	4709
2	4389
2	4390
2	4591
1	2703
2	4696
2	4215
1	5581
1	7111
2	7604
2	2809
2	3022
2	4079
2	4356
2	4484
2	7994
2	4618
1	4308
2	4878
2	4509
2	5928
2	5905
2	4438
2	7344
1	4180
2	2852
2	5424
2	4833
1	4365
1	4663
2	7998
2	3934
2	6727
1	2144
2	4282
3	9734
2	5648
2	8242
2	4018
2	5483
2	8371
2	6693
1	3572
2	4013
2	5781
1	4362
1	4047
2	5984
1	7054
1	6387
2	4972
2	4784
2	8163
2	5633
2	4407
2	7007
2	9094
1	3958
2	6510
2	8159
1	5132
2	3450
1	3090
2	5060
2	4759
2	5381
1	5996
2	4444
2	4523
1	4733
1	4237
1	2810
1	5045
2	5283
2	4326
2	3204
1	4416
1	4823
2	4020
1	6618
1	4392
1	4111
2	7208
2	3570
2	4474
2	3774
2	4810
1	4894
2	4226
2	4572
2	5367
1	6039
2	4174
2	3106
1	3416
2	3843
2	5379
2	5984
1	4390
1	4418
1	3669
2	6634
2	6827
2	4510
1	5161
2	5953
2	7637
2	4334
2	7897
2	5507
1	4272
2	4353
2	4291
2	3739
1	4780
2	5068
2	2257
2	2483
2	3813
2	4430
2	8126
2	7089
1	4350
1	5143
2	3771
2	6233
2	4654
2	6098
1	2844
2	4762
2	5276
2	7311
2	4044
1	4104
2	5311
2	4581
2	5617
1	4663
2	5794
1	5409
1	4266
2	1671
1	5208
2	4985
2	8057
2	7459
2	5221
1	5394
2	4638
1	4468
2	6516
2	5448
2	5108
2	5433
2	5948
2	4503
2	6680
2	6348
1	5167
2	2937
2	4869
2	4775
2	6425
1	3940
1	3667
2	4830
2	4533
2	4716
2	7670
2	3201
2	4788
2	9090
1	4229
2	4563
2	2977
2	5753
2	4111
2	5022
1	2575
1	4279
1	5281
2	2204
2	4013
2	6480
1	4053
2	6396
2	4754
1	4943
2	4037
1	4794
1	4311
2	6905
2	4335
1	4794
1	5888
2	3471
2	4420
2	8280
2	3577
2	4619
2	5842
2	2586
2	6577
2	4607
2	9605
2	6596
1	4418
1	5151
2	4694
2	4054
2	5053
2	3123
2	6960
2	4811
2	4717
2	6176
1	4394
2	4060
1	4828
1	4208
2	7675
1	3038
2	4291
2	6932
2	5554
3	9064
2	1590
1	3851
2	8155
2	6451
2	3928
2	3984
2	4237
2	3541
1	3276
2	3748
2	4395
1	4318
2	3663
2	6549
2	5517
2	6677
2	4117
2	4039
2	7181
2	9255
2	1686
2	3536
2	4570
2	4785
1	4502
2	4008
1	3190
1	5782
2	4543
1	7572
2	4087
2	7650
1	4287
2	4705
2	4851
1	4259
1	3529
2	2357
1	7332
2	5890
2	3573
1	4034
2	3867
1	5333
2	4012
2	6228
2	0
2	3505
2	6698
1	4665
2	4398
2	5717
1	4562
2	6312
2	5868
2	5925
2	5055
1	4090
2	7177
2	3269
1	4427
1	4413
2	2189
2	4458
2	4716
2	4816
2	4270
2	4387
2	2164
1	4390
1	4237
2	4508
2	4724
2	5170
2	5198
2	6504
2	6090
2	3704
2	5648
2	5145
1	4699
1	3750
2	8667
2	4741
1	3454
2	4721
2	6590
1	6106
2	5347
2	4871
1	4411
2	3086
1	4500
2	2896
2	7878
2	2056
1	4673
1	4598
2	5747
2	1129
2	3737
1	4216
2	6527
2	6312
2	3776
2	5238
2	2955
1	4789
1	4515
1	4687
1	4140
2	3879
2	3680
1	3767
2	4252
1	4285
2	3291
1	4361
2	6581
2	5905
2	7170
2	5732
2	3595
2	4147
2	4946
2	7645
1	3826
2	6012
3	9372
2	2522
2	3097
2	3960
2	4330
1	5908
2	5563
1	4626
1	4714
2	5455
2	3670
2	3505
2	6292
1	4466
2	5737
2	5941
2	4704
1	3981
2	4003
2	7501
1	4676
2	3891
1	4640
2	4406
1	2928
2	3496
1	4680
2	4894
1	7082
1	3538
2	4298
2	4182
1	4287
2	4139
2	2959
1	4142
2	2336
2	7047
2	3733
1	3884
1	6247
2	7508
2	3117
2	5285
1	2599
2	6478
2	4962
2	3924
2	4066
2	3139
2	3685
2	4278
2	6787
2	3860
2	4391
2	4361
2	4337
2	4436
1	4017
2	4501
2	4680
2	4164
2	5233
2	4821
1	3851
1	950
1	2506
2	4305
1	4447
1	3999
2	4500
1	4376
2	6740
2	7260
1	3827
2	7898
1	4223
2	7696
2	4268
1	4974
1	5946
2	4695
2	3810
2	3207
2	4642
2	8725
2	5276
2	5482
1	5277
2	4100
1	4326
2	4015
2	4770
1	4796
2	8621
1	7005
2	8741
2	7136
2	4897
3	9090
2	4479
2	5709
2	1948
2	2430
1	3977
2	5463
2	3731
2	4523
2	4994
1	7042
2	6226
2	4798
2	4651
1	4382
2	4506
2	4566
2	6639
2	7554
1	4288
2	6791
2	4710
2	4329
2	6732
2	3959
2	6544
2	4094
1	4647
1	3415
2	4535
3	8794
2	4295
2	3412
1	4374
2	6138
2	5042
2	2746
2	5225
2	5907
2	5924
2	6838
2	5122
1	1550
1	4033
2	7092
2	4639
1	4678
1	3444
1	4568
2	3601
2	7796
1	4845
1	5775
2	4115
1	3850
2	4521
2	5791
2	3348
2	8306
1	6235
2	3294
2	5943
1	4670
1	4636
1	5403
2	4427
2	5945
2	4288
2	4074
2	4530
1	3166
1	3667
2	5775
2	7266
1	4037
2	4317
1	3418
2	6807
1	5322
2	5594
1	5720
2	4741
2	4163
1	4114
1	3998
1	4466
2	3969
2	4872
1	4761
1	4747
1	4022
1	3936
1	4673
2	5224
1	4136
2	4295
2	4694
2	4823
2	3842
2	4427
2	4841
2	3573
4	4108
3	8247
2	4723
2	6954
2	4310
1	6158
1	3960
2	3727
1	4234
1	5017
2	7020
1	4314
2	5482
1	4025
2	8052
2	5096
2	7119
2	4571
2	4164
1	4275
2	4405
2	5553
2	4554
2	6328
2	4341
2	5975
1	7783
1	4390
2	9999
1	3385
2	3774
2	6266
1	5414
2	4359
2	5664
1	3475
2	8111
1	4073
2	3793
1	3177
2	3238
2	6439
1	4275
2	4784
2	8588
2	4897
1	4074
2	4101
2	4139
2	4295
2	1689
2	3784
2	7316
1	4549
2	5080
1	5497
2	4832
2	8373
2	3997
2	3660
2	5334
1	4537
1	4348
2	5452
2	4394
2	6824
2	8465
2	7116
2	3319
2	4387
1	5750
2	5771
2	5239
1	5654
2	4162
2	6077
1	3707
1	4695
2	9515
1	4771
2	4570
2	5196
1	4636
2	3656
2	3926
1	3825
1	3673
1	4902
3	7657
2	3788
1	6077
2	2811
2	3378
2	4825
2	3987
2	5422
2	3216
2	6002
2	6171
2	3191
2	5583
2	4428
2	4708
2	7859
2	3762
2	8365
2	5662
1	4765
2	5919
2	5818
2	3249
2	8705
1	4610
1	8468
2	6906
1	3614
2	8711
1	3438
1	3853
2	5638
2	4433
1	3830
1	3742
1	4716
2	5262
2	4496
2	4136
2	3981
