3781	2865
4713	5960
3646	5457
2094	4927
4144	4861
4010	3641
3314	6091
3266	1366
3904	4821
4394	1820
3952	5405
2528	6591
7154	7218
5396	4246
4570	5084
9999	9382
3843	2610
3996	2003
4189	5288
4380	5793
3598	7333
8576	6371
3914	3785
6128	6944
4006	5648
2571	4122
6404	3528
3592	4386
2312	7422
2604	4649
4639	5936
4959	7474
3101	6946
4124	4128
7791	4580
3892	7064
6064	2017
2632	5781
3334	5695
2693	5700
6211	7556
2982	5212
5340	4306
4235	5224
7959	4828
3459	6527
4174	2727
2830	6411
5399	3555
4216	4433
5896	2106
6878	6275
4688	5498
4563	6052
2622	3660
3080	2860
2749	6685
6837	3136
4885	6116
4945	5700
3252	5731
3593	5753
1746	4096
4898	5330
2354	5155
1412	8314
6077	7720
4914	4266
3823	7622
4750	7322
4623	4969
4956	5112
3330	5959
4134	3796
2970	5414
2969	4324
3963	4610
8907	8143
4174	6898
4550	5484
3605	5313
5743	7965
5992	7322
5256	6651
4211	6716
5240	4177
6177	6357
3868	2154
5269	6129
5778	6183
4703	6380
5130	3144
3962	6672
4094	5076
6229	5893
7614	9225
4184	4219
5534	7752
1985	2100
3368	5901
5192	4977
4198	5815
2630	3763
4903	4192
4259	5576
4548	3672
5491	8326
3769	4451
2502	5856
4486	4386
3008	3748
3790	4950
4144	6361
5118	5260
4888	4646
5111	6077
5026	5095
7022	8216
5264	7254
5018	4167
2273	4470
5835	7871
4408	5031
3832	2858
5457	4985
5353	7134
5908	6144
5753	2714
7933	7228
2356	9135
4936	4639
1910	4592
3988	7427
3740	4929
3040	3562
3497	5820
6136	5436
4530	4107
5086	5558
6165	8229
4394	5208
5751	3863
5557	2361
4830	5485
5040	4521
2407	3614
3937	2036
2263	6696
2654	4094
5080	3252
4591	6326
2938	5556
4290	6546
2593	6597
5862	8663
7501	7963
2692	6386
4653	4717
9094	5937
4387	4758
3980	7767
5774	3960
4470	4114
4336	4814
4167	3052
5217	2679
5589	7213
4262	5051
8778	9464
3416	5181
4227	4196
2294	8058
4708	5018
3287	3936
3550	5314
3565	5092
3346	4548
3989	4710
3941	5693
6842	9098
2484	5526
4942	6032
3865	6181
2316	4621
6351	5073
4334	4441
5113	3515
2605	5972
6039	3428
7875	8697
4840	6451
3624	4775
3782	4702
5324	5902
3067	5098
4073	6386
5964	4351
3175	4876
3874	5578
4827	5176
3255	3142
5812	3231
2349	3736
2197	5398
2203	4441
4423	2351
2831	5270
4868	4378
2067	4706
4277	6299
4887	6300
3785	3699
6277	4268
6824	5947
4665	4658
6968	5581
4198	5612
2816	4929
2963	3864
3679	4379
3774	3858
7976	8225
6100	4477
3416	3641
4061	2186
6644	5547
4672	4936
5637	6705
2169	6858
4515	8153
2904	3802
6236	3977
3307	5477
2689	5247
2951	4742
4083	5227
6698	4612
1172	7227
4278	7293
5190	3127
4280	4595
1968	6959
4808	5987
5095	6398
6698	5688
4124	6445
4099	4907
4458	7342
5473	6225
6213	5521
4195	4998
4181	6122
6285	4115
3695	6593
4984	5995
5647	3871
2993	6684
4474	3831
4843	1754
3502	5663
4981	4919
4526	5811
3691	3309
3643	5455
2854	4821
3400	4725
4214	6262
4361	7722
4154	6326
5497	4291
2863	4538
5213	5523
3873	6493
6785	7816
3584	3821
3147	3436
5679	1915
5002	6640
4104	5619
3003	2897
2175	4580
4211	4073
2545	4808
3729	6459
2771	5613
2472	3768
5451	5317
4591	5385
3987	6258
4739	5481
7843	5405
4528	6398
6005	3259
3919	4969
4211	3078
3438	3961
1677	6397
4998	5169
2731	4849
3502	4014
4642	5054
4533	6491
3650	3956
5527	8274
4662	5541
4119	6732
6028	5671
4155	3908
3968	6709
4664	5308
4014	5460
4704	5329
5181	5947
706	2588
3322	4647
2178	5900
7891	6513
3844	5415
4095	2646
6031	6352
3637	4769
4405	6132
5195	5983
5907	4751
2533	5996
4985	7242
4717	4857
4646	5330
5793	6789
5056	3706
4109	2753
4697	4453
5609	3745
3216	2363
4183	3684
3889	5157
6413	4649
5642	6253
5523	3413
4362	4903
2848	3055
2688	6434
3860	5608
4255	2108
4056	4578
5744	6798
4296	2257
4916	5874
3543	7261
3856	5726
3713	3145
3561	4039
1744	3545
5868	6927
3018	2496
4719	3149
1980	4766
6459	5863
5709	6075
4879	6926
4187	3568
4817	3528
4453	5584
4377	6713
5423	4987
3845	6295
5811	6128
2270	7772
4587	6479
2633	6786
2545	6673
2882	4078
3576	6543
3410	5868
6229	4151
7070	8038
4677	6268
8111	4307
4121	5509
2488	4644
2926	6015
6869	3817
3133	6767
5432	1211
2885	4755
5927	3455
5507	4733
3667	7339
4067	5473
4905	4990
2169	4083
4894	6723
5621	6824
3051	5114
4291	5623
5447	2758
5462	6926
5655	8422
5491	8439
2706	6901
4092	4836
4183	6015
4274	4944
5876	5553
4428	6362
1633	5693
3093	3224
3760	6088
5842	6495
7676	7226
5194	5118
3779	7013
5062	2392
5306	4964
5087	6530
3283	2744
4056	4191
5889	6588
3848	4744
1977	2195
5957	5460
6296	5877
4623	7706
4143	5452
5225	1849
5851	5948
3018	4501
5109	4538
4683	3492
5494	6762
2754	4670
3106	6862
5966	5491
4643	4713
5197	7486
5805	6380
4412	4000
4138	8068
4583	4839
5640	4541
4536	5699
2858	7684
3781	3156
3557	6621
6193	5954
1414	6853
5993	8042
4385	6665
3747	5904
4664	5712
6013	2976
5518	5573
2479	1521
3962	6478
5904	4818
4055	5086
2543	7850
4542	7580
3839	1484
4146	5443
3625	3561
3047	3246
1527	4616
3441	3592
4803	4202
5389	6016
8239	6260
4203	3427
5082	6595
6716	5300
4951	5833
4003	6407
6046	3211
3904	5344
4067	5508
5766	4116
4771	3412
6340	4848
3104	5589
6074	7891
3887	5055
3679	5549
3072	5738
6536	5725
4040	2535
5418	6234
5955	5631
4680	5138
4018	4079
3793	2533
1494	4664
7498	6875
2622	4067
3363	6396
3302	4660
3905	6229
5248	3501
3512	6303
3726	3894
5587	5010
6221	5055
2540	6694
5102	5758
1374	4467
4429	6044
3893	6503
2613	3322
5298	5838
2994	6462
4734	4017
4250	5838
3096	6041
5382	4562
3524	2612
5743	5493
5667	7733
5916	4157
1567	4220
6393	3440
5970	3965
2143	4384
5641	3647
5920	6849
3856	5022
6534	4312
5584	3325
3707	6083
3802	5400
5027	3093
4520	2887
4739	5489
3520	5483
5160	6773
3470	1319
4654	6355
4619	5734
4162	4021
3407	9021
5074	6212
4101	2904
4547	3937
4819	3706
1990	3042
4338	5888
4228	2889
4430	4631
4844	6734
3046	4163
4270	3171
4865	5785
4682	5288
4024	4587
5514	3068
4481	4756
3136	1550
4687	3874
4970	7618
4677	1246
3492	6081
4917	7352
5506	6175
5988	3672
2442	5944
3002	5181
3387	5406
288	5601
9192	7447
4772	5630
3461	6066
3864	4558
4827	5354
5997	7187
5568	2637
5982	3399
2506	7220
5909	5503
3770	5310
2862	2843
6146	4125
3141	3693
6242	8441
3331	5485
6369	6872
5743	4078
2145	5494
3772	4241
3368	7947
4717	2776
3378	4686
4644	3891
3099	3233
6798	4778
3883	4868
5868	4919
4753	3314
4840	3347
5698	3526
5876	7351
5291	6082
4178	5976
3010	7107
7067	5335
4721	5637
4415	5703
3031	5255
6133	8776
4378	6579
5513	18
5926	3122
3753	4708
2480	6265
4321	7594
4707	6108
1389	3817
3884	4726
6063	2075
4102	2466
3704	4670
4077	8934
6397	6290
8232	7089
5362	4742
4314	2862
3153	4880
5414	5742
4006	3472
3859	4605
4515	4440
5474	8459
5128	5448
5798	7060
3291	2549
4424	5939
4412	3715
4406	6127
5011	6606
3725	5169
1887	4973
2414	4998
0	2999
6345	5742
4082	2720
3150	5424
4276	4993
4511	5400
3117	6359
2329	3181
5362	6448
4677	6738
3152	5174
7529	5520
3606	8414
4296	9188
2710	3083
3807	1800
4236	5322
5946	5182
2068	4552
5036	3015
5145	4414
4829	5724
4546	4371
2007	5112
4978	4132
5596	7514
2297	7497
9407	7133
5322	4719
4641	2290
4621	5532
4210	7012
3874	6475
5349	3342
4197	3508
4400	4048
2314	4171
4105	4840
2892	3869
4184	5841
5633	7164
6221	4716
2904	4874
3753	6852
2242	6209
4036	3735
6078	6436
3827	4368
6021	5182
5094	4273
4931	5261
5559	7321
6538	5134
4354	6550
6574	4882
4527	3550
7323	5469
6647	8147
5115	5311
5126	3506
5518	5837
6178	7199
7702	8258
8489	5756
1216	7293
4017	5341
2539	5127
2919	3875
4226	5658
3606	7164
2915	3994
4110	3987
4377	4511
4193	6709
3305	3131
3172	3884
5530	4958
4162	6709
4626	3333
3803	4571
4686	4919
2858	5642
3888	5767
2761	6059
2537	5515
4692	7484
4991	4044
7643	7727
4987	5083
3598	5902
4930	3015
4567	5818
3193	4130
2997	5552
4379	7414
6073	5898
4197	6510
5301	5358
6336	4841
5609	8264
7001	6255
4635	5595
3863	4766
5668	5181
8187	8555
3205	4978
4348	6264
2524	6145
2722	6408
5369	4594
2987	3343
3892	2034
3316	4298
5142	7769
4488	6423
3677	6337
4475	3374
5967	3591
473	3987
3511	6187
5585	5949
3858	4803
5825	3756
4237	7251
6451	7881
4210	3668
3772	3852
3553	4823
3920	4125
5598	1869
6553	6390
3649	5038
5689	5696
4264	3551
3907	5891
5574	7892
5020	7455
5780	5736
3706	5616
4425	6767
3885	4919
5791	6333
4428	5517
7533	6208
8871	9091
3313	4340
5306	5721
1659	4742
4001	6410
5634	5666
4874	4883
5368	6056
1982	2127
2965	5469
2376	7068
4092	4454
2198	5624
5844	5677
4436	4963
6718	4233
5077	4864
6094	7684
4586	5256
5580	6115
5336	4344
2979	6051
5330	6455
2928	5749
3044	4997
4714	6895
3237	5021
6975	6760
3023	5379
6959	3921
4071	7891
5398	4574
1418	6235
5114	5893
4130	8323
5608	3271
9356	3429
2874	4419
3971	8499
4366	8588
4752	4960
4997	6357
6281	4700
5296	7522
4392	4030
4080	7209
3714	2969
3447	4047
4142	3282
3096	5847
1069	4428
4923	4691
4041	5249
6592	4967
5391	3617
3531	2689
5506	3778
5330	2183
3900	7240
2921	7137
5497	7470
5267	2735
2295	5176
2908	4544
3848	2912
3490	5330
2300	6521
4171	5276
5292	3801
2743	6281
3031	5706
6061	5160
2335	4891
4740	3454
4116	6862
2177	5873
4850	5668
5636	9646
2519	5596
3337	3109
5339	3729
3389	5809
4233	6545
2513	5862
5447	5833
5178	3973
5522	5273
5958	9183
4165	6546
4377	5492
5438	5299
5488	9402
3620	3661
3902	8816
5198	3879
7873	8032
4718	5551
4826	6348
4829	6359
3877	4477
5853	4043
6426	4188
6151	8022
3791	6304
5435	4533
7330	6642
4171	6654
5273	4087
5139	4132
5000	6162
4940	6614
5530	5403
4865	6058
1854	6568
5439	6163
2859	5661
3768	5847
3189	7554
2537	4342
5332	5396
5779	5576
4526	4322
5636	4934
2759	3356
3446	4322
3550	6470
4018	5249
4062	2727
6342	2143
1225	8391
4970	4897
3610	4324
4159	4385
5122	5036
4603	3698
1402	3718
4678	3807
5003	5362
3905	4545
5492	6231
4693	3954
5136	9595
3668	5328
2743	2435
3460	4606
2997	7721
2729	6796
2027	4427
3396	4255
2652	2300
6475	2461
2636	7576
4412	4825
3467	2469
3038	5326
3510	7552
4139	3650
1839	7748
3970	7443
2844	7344
1817	4852
2196	5489
5755	3706
6748	4697
3726	4011
4216	5494
4008	4930
4309	5588
3876	6616
3089	6336
6793	5545
4955	4999
5057	4096
4274	5420
2116	4067
4050	1714
2775	5474
4709	1335
4764	2229
5279	8993
5671	5996
2404	4939
5048	3097
8859	7689
2816	5492
1843	6136
4334	8002
6172	4150
4159	5344
3357	5575
5159	5107
4056	4677
4735	2608
3851	5457
3355	5447
6660	3935
5532	4570
4419	5128
4776	3305
3560	4494
8431	5816
3643	6242
5659	6255
5898	4633
4001	5903
6455	5790
4478	6980
4759	4015
4498	5178
3371	0
4432	2440
3774	5879
5729	4352
2359	3911
4786	8647
5610	4702
4577	3893
3913	5260
4162	4812
5217	6141
2484	3061
4756	3426
4214	5393
3731	7535
4843	4283
5562	3797
4364	3239
4234	8924
3334	3505
3433	7827
3644	4119
4159	4797
6967	6262
6004	3416
5015	5268
2180	6046
3910	7032
6004	4131
5564	9206
4775	7162
4286	4300
4144	2691
7044	3110
4360	5112
2429	3056
1842	7165
301	5526
5295	6530
3415	4205
5328	5170
4561	6683
2721	4251
4650	6567
4894	6558
3714	4931
7373	8731
4928	5378
6004	6851
3710	5523
4044	3092
3727	2767
2149	6059
3568	3406
5020	5884
4907	2445
5495	2261
3666	1361
8138	7100
2054	7300
3057	8076
3699	6058
3193	5102
4579	4256
6313	4060
3506	4498
3419	3723
2583	5036
4051	5352
3305	5729
2589	2825
4081	4899
4274	5032
4613	4834
4321	2021
3243	5153
5654	6677
2803	6847
3447	6473
3844	6698
5871	6385
5062	3661
2453	8920
6215	6179
6879	6628
1228	3506
4763	5833
3648	4731
5292	5902
4596	3583
5174	5639
7376	6208
4405	5959
6898	3175
4190	4362
4944	4138
5588	8076
4337	4614
5257	4177
5012	2078
3918	3414
7265	5518
3704	4394
5479	5347
3598	4713
4892	4332
6490	5028
4228	5562
2585	4124
2304	5817
3038	7627
3855	2528
5418	6511
6471	6457
2612	4681
3226	6281
4707	4815
5772	2762
7392	6524
3240	6097
2190	7187
5119	4152
5262	2992
4972	4655
3574	1433
2224	5138
5675	4037
5359	3072
6271	5334
4491	4665
3236	6168
2981	4530
5949	6790
3782	6638
5136	5969
3926	5986
5015	4137
3178	5773
4486	5058
3141	7042
2933	5415
2942	7853
2679	5086
4503	4766
5211	3577
6608	7048
3915	4776
1199	7533
3248	2096
4014	3873
3947	6484
6430	3734
4622	5683
5107	6458
5998	5766
4229	5957
5136	3164
5369	4615
3246	3608
3495	8978
7291	7085
3610	5861
3088	5997
4658	7212
4622	3292
2572	5506
1981	3091
5569	4326
3456	5950
4285	5996
4489	4992
4172	5330
5266	2869
3927	4845
2775	6487
6349	1281
4610	3938
4658	8776
2596	4409
2417	3741
2893	3890
4971	8309
4895	5134
6575	5537
4859	4846
3089	7433
4449	2468
3518	6130
3615	2557
3119	4150
4644	7476
3053	4991
2555	4663
4872	4155
4729	4995
4193	8021
5530	3843
5740	5865
6053	4689
6251	6795
2323	6574
7341	4968
7031	1854
3274	4424
6905	7197
2589	4212
5527	7913
5317	5611
2587	5692
6661	6904
4493	3083
4830	3763
4743	6654
4813	3966
4722	5863
3107	5843
3842	3782
2289	4532
3884	4583
6500	6170
3954	5291
3655	3220
4571	4495
6031	5788
4290	6926
2319	6006
3013	5975
3995	4214
4762	4441
4745	4527
4658	4898
3442	6672
4515	6775
6159	5419
3547	5683
6894	4513
5410	2538
4127	2622
2993	2656
4228	5550
4969	4324
3858	7021
1238	4055
2831	3769
3016	4537
1214	7920
5599	4501
3766	3712
6940	3731
3877	2505
6423	2583
6088	6400
7093	5459
4656	5542
4513	3006
3975	6851
6103	3575
4576	3237
5732	5229
5641	7143
4994	4366
3785	6176
2126	4017
1274	7024
2586	7009
4852	4816
6135	5749
3635	3414
6030	4002
4847	6969
5243	6652
2857	1326
5315	5095
5846	5532
6300	5248
4683	7593
3759	4219
8929	6447
5120	3081
3110	5727
3972	8220
2842	7978
4984	5885
4328	4954
4987	5691
3554	2265
3916	4670
1229	5533
5668	5991
2364	4825
4731	6957
3611	4204
4772	6857
3305	4235
5853	6764
4114	5460
4470	4972
6240	2620
6108	6049
4772	1746
4015	5454
6373	3305
3056	5921
4324	5226
3454	2489
4041	7569
4287	7603
5987	4093
2013	8334
1214	5878
4395	4369
5393	3649
6611	7503
1794	5988
4648	5257
2279	5777
2979	3710
3603	5414
5262	4623
3979	8177
4901	1329
4626	1333
1381	5475
6618	5920
7664	4336
3111	8193
4583	3912
4145	2782
5704	7818
3248	4245
4303	7826
3022	5596
4310	3243
4894	6500
7711	4674
2537	4672
4694	5914
3461	6038
5235	4714
2523	5537
2353	4966
4505	6651
2863	4475
2356	6519
3705	4689
3940	5134
4689	3525
6115	6496
5010	5260
4576	6034
6097	4986
4360	2299
3421	3312
2965	3816
2660	6223
5443	5234
4830	5103
6564	6306
5022	7160
3972	5215
5159	6815
6012	6458
3238	4984
7425	9999
3810	5646
5418	7121
3768	4583
3061	4933
2890	4634
4548	4643
4236	6435
5497	4740
5458	5721
3693	2921
4976	4501
3216	3570
4118	6332
5171	4422
4329	6866
6035	6432
6647	3381
2451	4697
4048	4187
3789	6444
4296	4399
3058	5632
3641	3349
6487	4663
4280	6313
2741	4780
2949	5793
3779	4066
5279	6171
4969	8191
3777	5806
5082	4158
7525	5903
8393	8199
4081	5811
3746	3499
2969	5479
5895	3648
7389	4709
4388	9827
4913	4261
7750	5265
5855	3778
4023	3697
5794	6085
4529	4808
4182	7027
4232	2595
2907	4167
5568	5703
4503	5162
2349	5103
6800	4983
4977	3372
2799	4834
4292	6090
4886	4481
5898	3856
2864	4988
4066	5643
5364	4828
6205	5340
6066	5958
2581	6794
3831	4415
2661	3255
3550	6497
5302	7086
2924	3068
3209	4752
5453	4972
3811	5135
4459	6057
4070	5022
2601	4489
2545	7109
2044	4307
6805	6192
2850	1090
3899	3152
3959	5946
5652	5997
8474	3681
5029	4671
3230	4696
556	5972
3204	3988
6935	4269
4307	2890
1582	7574
5433	6654
5152	4091
4222	3618
5946	3959
5263	6511
7269	4190
4654	5280
6146	8648
2778	4474
4435	2059
4748	6106
3959	5247
3099	6263
5605	5017
5084	4683
6140	2364
4052	4715
5011	3819
8167	5869
2889	6022
4087	7178
4576	4660
4170	5841
2200	3862
4164	5254
2059	3737
1485	5357
6609	3858
2971	6689
4500	3932
3325	2437
4667	8304
2216	5702
5499	5853
3397	2574
7166	4092
4210	4754
4749	4289
3368	5615
3403	3316
3781	6334
4090	3263
4607	5708
4240	6784
1676	3034
6687	5567
3967	6227
2825	5917
5667	7192
4198	5104
5939	4174
1877	4354
4377	6140
2694	5358
4333	4673
4725	3009
3995	7858
5337	7142
7162	8100
4916	6247
4570	8066
2335	4683
6547	5167
4285	4061
4089	3882
4827	2537
1966	4957
4605	6028
2610	4934
4451	6327
3903	5402
4157	2342
4607	5609
6698	7630
3971	5308
3225	4361
2840	7011
4414	5043
1784	4827
3686	5235
5620	4536
4579	3502
9654	5477
3523	5259
4753	7578
4530	6125
6910	4486
4482	5597
6373	4685
3882	431
7512	8015
3758	5090
5391	5173
4312	6319
5213	7433
1619	3827
2479	4210
6173	3853
4740	5652
5517	2990
3752	5942
6478	1679
4370	4794
1996	6608
3840	3460
3438	4917
4870	5994
4719	7486
4088	5246
4799	3933
3333	5616
6232	7556
5448	6611
1893	3329
6098	3483
6105	4027
2011	4217
3759	7875
4749	5630
5039	4144
8117	6369
3063	3346
2986	6498
5929	4970
4836	6527
4180	4815
4618	2840
4164	6263
4849	6260
4842	8391
4967	5836
6136	5399
3684	767
6436	4721
4415	5705
3274	8952
6341	7769
4303	3941
4390	5950
2907	5351
4580	5804
1177	4522
5638	4526
5170	6815
3493	7316
5505	7237
2945	2529
3267	5636
4694	6995
4207	6470
4612	6285
4522	4547
3880	6133
5979	4183
3600	6066
5657	3357
5314	3605
7020	7315
5692	5048
4619	3261
3380	4442
3822	5317
4652	6006
3765	5705
4050	4573
3885	9057
6836	4401
5809	5508
2958	5050
5775	6336
5732	4528
3736	4659
5554	4121
4628	4232
2437	5866
6547	4319
4851	7814
4640	3474
3914	5432
4015	5949
5068	5926
6550	5104
5870	5874
3620	4548
5105	5115
2527	7397
5553	5900
3925	6238
3124	1729
3564	6302
3394	4265
5341	5016
4471	4138
3888	3261
3036	3826
4277	3764
3733	5629
2909	1759
2399	4785
5509	3967
5090	4289
4620	2894
3787	7331
3531	4300
3961	5106
3277	5149
3245	5132
4668	5172
5885	6083
4333	6601
4798	3350
4433	4243
4811	7865
3960	3151
3184	6120
5495	4908
5261	7552
6256	7481
4675	5965
4591	6192
2610	5437
5622	4117
7729	6731
2049	6536
3665	6136
2627	4232
5294	6838
4051	3809
3534	4757
5503	4279
4514	3448
4538	5308
3662	5689
3690	6035
6208	4405
6083	2062
4426	4115
3607	5943
4450	3907
3690	6226
4953	8438
4251	3719
5765	3420
3624	6039
5590	5264
5847	4382
4625	4134
3043	5482
4434	6377
4878	4909
2914	4053
7108	6074
4590	4859
3134	5251
4509	6212
1519	6703
6098	4386
3666	5221
6032	6431
5578	8462
3105	6074
3315	5130
2332	4792
5550	2756
4471	4586
4466	4057
3062	4821
4068	5131
5900	2771
5701	4861
3926	7219
3282	7376
4958	4681
4190	4569
1520	4109
6758	5586
5934	7670
3591	6865
2542	5729
2980	7310
6157	6926
6052	4786
5268	6691
3170	7859
3135	5093
3601	3229
6353	4722
5395	5299
5235	2170
4871	6434
5878	4240
4967	7464
4791	5499
4947	8137
1612	4552
8776	5720
4459	8960
5653	5195
3441	6660
2547	6325
5111	4682
4284	3328
3755	5849
4189	6810
2091	3932
3220	5647
5540	2312
4945	3931
4455	5179
6607	5280
4431	4696
4103	3561
2896	4781
6370	6350
4031	7892
3578	5717
8027	3523
2934	3182
6201	9366
4379	5183
4404	3847
2744	3792
3205	4349
3866	3973
2698	2703
3454	3327
2912	4525
3497	5655
2334	7657
3876	3562
4371	6677
2529	2982
4015	6311
1365	5623
3658	4286
4438	4763
6137	7759
5555	3648
6272	1701
5644	3503
5222	5869
4125	5145
4737	5713
7558	5319
3555	6612
5720	9386
2167	3825
4556	3812
6966	7875
4775	9762
2257	2007
3403	4666
4714	5754
4039	3712
4946	3769
818	2791
3883	6924
3574	4259
4098	4635
1808	8073
5585	6897
2746	3587
3231	4340
2641	4552
2721	6120
3316	7002
6635	5318
3439	5115
5542	4772
4174	5084
4420	3269
4693	5452
1955	5268
4477	4513
1914	5122
4968	6143
3907	6707
6919	4101
6130	6455
4548	6464
1809	3086
5689	4217
3618	2884
3369	3694
4737	3818
4072	5732
5615	4014
5197	6590
4576	4760
3160	4526
3878	5080
3089	5832
7029	4518
7387	6772
5782	6298
7665	4708
4219	4018
5996	7510
2669	4584
4649	7993
1644	4534
4340	4111
2527	3254
4715	4852
3500	8067
4983	8506
6354	5139
5918	5356
5253	7359
4795	7284
2918	6211
1205	6011
8425	6036
4674	2820
4243	6076
4606	5038
2948	5458
3856	7662
5656	3740
3949	3754
2661	6448
5121	6197
5148	4355
2689	5877
2602	5672
2264	5153
4054	8084
2484	4571
2331	4526
5374	5123
5572	6604
5553	5982
3327	5107
5149	6579
5290	3861
4810	4167
5453	5747
4948	4918
3431	2939
3225	8041
5273	3706
3853	7604
3720	5347
3396	5055
5687	5072
6382	2073
5197	5918
2431	4732
5671	2293
2477	4543
3205	4381
5499	5332
5982	4181
4467	4247
4066	5079
5314	4479
4365	5460
5664	2756
3099	5546
4892	6929
4538	7582
4171	3106
2705	6979
6541	6640
3419	4420
4684	7243
4848	6914
3680	5949
4814	5311
4667	6464
6254	4218
3152	5502
4817	5352
3155	4564
4909	5447
4981	5390
6527	7247
5618	3176
5157	5517
3979	4390
4057	4257
1809	3139
3263	4254
4193	6178
3401	5717
3380	2193
4029	5618
4455	3704
2775	4771
4149	4449
5422	7431
2567	3107
5186	1943
3991	4488
4865	4645
3046	4042
3527	5112
4631	5416
1962	6774
6625	7186
3949	2971
2565	5558
7083	9161
2569	2346
3395	5046
