635	8396
924	9394
885	9587
530	8682
864	6082
773	9003
954	8024
650	9098
921	8704
835	9169
746	7878
753	9838
685	8309
733	6839
613	9325
1559	9817
640	9468
679	9515
601	8688
713	9629
930	9429
1415	8697
878	9110
810	8755
640	8264
865	7630
653	6699
630	9367
505	9606
953	9447
744	9013
360	9408
500	9313
947	7768
688	8994
691	8880
415	7739
986	6917
966	9232
7226	6764
744	4722
912	9302
690	9609
704	9244
654	7980
1048	6232
836	7885
936	8769
934	9411
748	9625
999	9222
747	7872
4220	9540
846	9197
6813	9086
1232	6254
799	8760
1136	7267
915	5883
735	8448
6773	9064
1027	5758
865	8304
843	8128
952	9096
899	8234
6827	8390
949	9292
629	9342
822	8427
1002	0
938	9156
845	7904
868	7217
5688	6788
603	9369
887	9325
366	8990
646	8818
888	8096
753	8410
541	7839
881	5841
969	8506
679	8662
860	9454
1135	6136
714	8827
3483	7783
622	8411
550	8631
1088	6554
632	9434
667	7924
917	9092
851	8561
582	8231
877	8879
636	8356
827	8901
435	8793
900	7886
858	7734
793	8626
965	8897
795	8739
653	8150
572	8710
787	9578
1322	5793
742	8214
890	9023
886	9216
687	8778
1047	7835
692	9452
798	6826
1020	8942
664	9078
857	8603
1633	7109
988	8312
613	9277
1120	9278
794	9049
882	9801
510	8577
927	9789
1351	6637
683	9176
491	9088
1052	9723
968	9988
479	8454
874	8502
732	6567
820	9130
725	8530
861	8309
904	8206
878	9755
749	7506
657	9418
723	8513
897	6638
1076	9405
4871	8868
779	5691
870	9988
835	9013
1003	9959
835	9375
624	8418
1085	7951
677	9780
864	9430
6149	8347
872	9090
1079	6094
789	8006
1171	7077
438	8876
1360	6490
708	7763
811	9000
670	6422
6411	8382
1046	8245
876	9373
771	9140
1023	8966
816	7316
657	7773
972	7564
1071	9163
1089	6120
748	7974
793	7710
940	7628
362	8769
882	8326
1268	8114
589	8426
361	9318
745	8948
547	7101
758	7924
992	9845
908	9974
641	8881
1059	9999
850	9552
933	8788
1426	6334
831	7801
5926	6256
751	8909
954	8421
1231	5929
911	8989
789	8693
513	6184
641	8464
990	9014
6107	8993
1044	8506
710	8929
1270	6834
623	8545
898	9986
833	8805
722	7649
1002	6502
628	8653
809	8398
790	7404
1035	8423
633	7850
613	9329
817	9252
507	8730
927	7523
848	9100
733	7715
1005	9260
876	8828
527	9866
841	7476
4492	8734
905	9684
933	8800
6322	8512
691	9555
792	8163
1017	5314
389	8936
9760	5809
608	9209
1202	5180
890	9977
798	9180
1005	9812
754	8061
2124	9255
468	8548
965	9506
740	7981
676	8871
708	9411
1552	5965
502	6250
1193	6438
7410	6831
485	8419
854	9610
731	9090
583	9460
730	8882
6566	9408
745	8193
526	9993
3044	9997
580	7881
4913	8767
914	8753
765	9152
492	9723
945	9902
6799	6822
757	8910
825	9265
979	9543
470	8799
957	5768
896	8754
808	8761
560	6248
716	8564
2559	7790
718	9244
836	7330
554	8421
890	6421
813	8918
406	9866
994	6675
1664	9925
820	8048
745	9582
900	7681
696	9019
627	8817
914	8075
802	8948
446	9412
1247	6084
723	8584
537	9068
887	8105
927	7558
450	9525
7730	6405
601	8452
767	9359
784	9265
727	9640
762	9300
781	8433
706	8289
1298	5321
879	7337
552	8335
508	8958
740	7879
1280	6048
1165	5766
827	9459
850	9903
895	9060
488	8742
851	8863
959	6614
886	9204
750	8833
3511	9757
1461	6488
849	9237
726	9147
626	9889
1044	8192
838	9903
833	8879
668	8415
793	7378
1046	5570
812	8806
590	7620
928	9606
571	9316
682	9907
700	9426
720	9348
888	9201
1094	7248
499	7818
513	8738
622	8590
870	9631
745	9436
838	8015
491	9100
1076	6256
885	6654
795	7085
939	8169
738	9336
1087	9583
1091	5851
476	8903
552	9845
762	8214
703	9164
624	8057
881	9512
1357	5764
772	7380
1178	6635
816	9710
447	9503
1202	6127
523	8774
816	8179
643	9376
6722	9400
506	9936
1119	9189
3537	8054
6947	9970
930	5876
442	9033
809	9440
888	4720
763	9696
893	9191
805	8931
1233	8623
721	7447
710	6073
735	8521
1244	6179
984	6890
380	7039
1225	7421
957	8273
1369	6637
806	8128
360	9534
5126	6945
783	9664
823	8344
932	8887
1113	9437
800	8181
814	9188
3928	7011
830	8986
859	9142
1359	6569
770	8270
792	8399
741	9906
1131	6502
1856	9268
843	9193
618	8921
924	8399
799	7456
785	8857
1041	9822
595	6200
3011	5600
778	8174
706	7832
871	7846
987	6440
979	9780
649	7665
861	7528
649	8039
982	7865
731	8175
860	8316
469	9265
1006	5926
803	8587
1093	4188
856	7197
785	9475
6661	8424
512	7923
416	8925
883	8344
557	8873
4252	9769
911	9499
699	8719
599	8429
1549	5679
6885	9333
586	8103
840	9649
624	9079
857	9921
764	8621
7005	8590
845	9226
777	8916
774	9165
790	8535
762	8086
703	6814
1064	9591
803	9380
1390	4890
727	9332
1019	9951
881	8603
717	9058
1417	6707
733	8678
848	9543
1068	9804
934	8612
1274	5927
860	9278
704	7800
7034	8830
740	9729
711	9524
1046	6188
880	7757
599	9070
976	8987
781	9054
598	9151
511	8313
907	8627
968	7694
884	9642
1012	8437
779	9383
723	8949
616	8545
4849	9980
674	9042
832	9829
772	8284
689	8653
1010	8911
580	8013
731	8850
720	9484
522	9751
1239	6758
6180	8756
920	8209
688	8525
946	8501
675	9977
761	8064
778	9922
668	9919
589	8339
1067	8665
716	9219
682	8272
634	9741
604	9421
909	9135
760	8334
703	9754
1166	5312
806	9813
1060	7342
634	9070
749	9475
9334	7099
811	8111
514	9636
901	8730
686	9273
913	9538
649	7466
1486	5961
718	8771
1364	4947
3919	8135
807	9156
684	9146
651	8412
963	7431
835	6767
513	8499
475	8828
873	9210
976	8948
698	9727
594	6820
907	8175
1067	8554
651	9988
720	8765
1113	4705
963	7941
522	9514
874	8446
559	8057
772	6310
419	6375
692	9602
561	9992
1002	6407
936	9012
7094	8534
1014	7403
571	8104
4584	6975
547	9580
613	9312
704	9680
6802	9209
817	8345
920	9425
733	8171
805	7798
1804	9779
670	9087
860	7997
841	8685
828	9529
695	9163
6975	8266
802	8242
747	9219
830	9984
919	9209
808	9380
469	9610
541	8894
955	8229
617	9425
418	8483
1001	9679
885	9533
597	9660
1165	5225
581	7959
598	7683
943	7514
1174	6069
926	9702
814	9741
953	9715
706	8068
815	8284
797	9968
1233	7084
679	9514
785	8467
1157	8418
892	8694
793	6946
523	8769
1165	6110
672	9383
865	9289
870	8155
744	8629
608	8491
433	9212
877	9976
574	8453
767	9389
621	7342
640	9711
636	9866
656	7939
592	8649
770	8672
872	8101
477	8276
750	9431
749	8785
798	9517
6179	9367
611	8115
512	9215
765	9889
927	7763
777	9402
580	8621
6887	9680
1035	9804
788	9515
1130	9624
2402	9830
1008	9851
839	9427
651	8122
879	8711
810	7899
804	8460
822	8220
891	7880
967	9230
1341	6849
1021	5633
380	9134
888	8266
961	8177
5976	9337
5352	5447
935	6696
6943	9452
777	8221
1257	7961
607	8714
715	9137
811	7857
6686	8559
473	9506
533	7568
793	8564
514	9100
2568	8917
958	7998
882	9883
922	9039
776	8401
839	7751
848	9729
1064	9390
878	9709
736	8930
823	9135
2303	8100
843	9031
625	8711
1176	6762
628	9825
751	8956
1126	6060
1067	8194
585	8288
976	8983
733	8345
989	9056
841	8712
479	8965
981	9452
624	7309
1347	5750
918	9710
725	7721
586	8470
1304	6000
1182	6408
1942	8654
851	6347
744	9073
706	9947
536	9486
733	9376
625	7018
837	9659
839	9622
770	9138
728	8599
885	9379
719	9360
5408	9489
1664	6382
690	9340
1156	5862
853	9213
560	8534
872	9924
719	9949
773	8331
991	8641
1023	9752
661	9667
934	8759
910	9438
6127	9196
1041	7753
931	6572
601	8680
1013	8820
912	8055
554	8154
975	7039
977	8100
818	9520
882	6745
645	9251
674	7815
1008	6339
627	9248
811	8832
884	5680
1167	6389
630	8978
781	7591
703	7958
793	7943
773	8484
936	9036
1069	8134
829	8596
970	8893
747	8172
641	9177
736	8723
882	9926
667	7697
860	9270
874	9234
851	7103
779	7795
682	8963
3690	7636
808	8523
966	5897
777	8355
553	9864
6978	7901
805	7984
1081	5727
991	5800
639	8626
761	8594
954	9186
633	9580
1084	5907
755	9221
877	9379
702	6459
757	7725
933	8171
1048	7877
560	9566
823	8597
765	9666
879	9177
866	9819
1088	9612
648	9162
484	8357
897	9282
778	9334
840	8471
677	8945
900	8768
770	9023
754	9999
951	8863
489	9987
747	8207
681	8726
907	8512
735	9560
824	8621
737	8332
904	6032
3361	9056
912	9578
621	8648
845	9896
972	8751
1268	3822
894	9310
933	9197
981	9625
615	9969
752	9524
1009	9610
696	9993
449	9783
1128	5852
1041	8471
880	7085
615	9393
841	8514
615	7567
734	5785
658	7935
1381	7439
729	9449
5278	8384
638	9603
2077	8255
927	8613
940	6305
945	7588
816	8767
1132	6238
447	9167
648	9505
899	9348
6968	9639
714	9864
752	8342
945	9036
512	7776
608	9781
761	8765
705	9714
763	9444
926	8048
900	9814
712	8907
796	8978
706	9310
1023	6145
879	9047
682	7728
813	9885
832	9916
1020	8008
734	9467
923	8738
1660	6954
470	7057
931	9618
716	8832
1329	6038
574	7751
2561	8889
618	8944
392	8886
531	9581
705	8231
759	8504
733	9153
1149	9365
552	9647
634	9526
820	8471
2137	8611
898	8152
6276	9155
701	9375
708	9490
539	9580
933	9306
6937	9403
315	8567
927	6008
810	8496
973	6887
1184	9817
1261	5265
912	9291
730	9906
1042	8595
589	9741
690	8687
1079	8657
556	9198
935	7907
1223	5312
666	8816
820	8031
591	8434
1063	5262
808	6534
482	7943
828	7033
943	9478
603	8232
877	9935
806	7562
6272	9837
467	9478
779	9119
738	9328
656	9533
857	8941
672	7947
776	9353
519	8108
986	7323
686	7238
775	9550
678	9992
757	9543
652	8117
869	7955
699	8893
729	5890
795	8312
1084	9374
914	9261
828	9430
747	9958
859	9987
588	9484
836	6164
814	9414
625	6852
795	9217
1066	8884
879	9398
671	7832
1324	6237
743	9986
759	8717
787	8445
703	9474
838	8268
789	9564
1153	9816
551	8660
627	9856
576	9744
4908	9090
1005	8490
877	8734
763	9506
1022	5759
666	9800
6891	9849
462	8871
794	9723
707	8615
737	9912
573	8785
1226	5976
873	6208
877	9649
840	7119
604	8363
924	6824
524	8116
746	8808
744	9407
674	8428
808	9639
579	8084
6042	9240
802	9228
597	8340
797	8973
983	8521
688	9108
655	9010
791	9662
821	8400
569	9844
696	8392
630	7770
818	7577
4956	7197
636	9848
467	6424
587	8712
7065	9738
823	9132
653	7792
1258	5962
567	9538
387	9033
1158	7615
673	7977
6711	8407
960	8058
689	9376
880	9986
997	9249
1710	6401
715	9172
904	8504
814	8476
988	8304
1056	6550
870	6423
952	7612
920	9763
652	8754
641	8475
850	9537
977	9507
887	9995
692	9894
642	9437
779	9905
534	8787
448	9234
856	8072
463	9330
702	8215
564	9015
526	9490
627	9469
906	7856
884	9127
718	9179
746	9289
1499	5570
1285	9672
1397	8395
717	9636
674	8265
731	9944
498	7818
982	7948
6919	9565
956	8391
743	9681
734	7508
763	6055
1131	7502
987	9038
3496	9152
951	8086
1086	6658
904	9584
841	8353
3096	8547
457	9110
707	7301
975	7899
482	6360
1242	9006
743	9582
724	9776
617	8127
927	5593
971	9724
623	8519
1345	7832
793	9826
890	9211
514	7919
691	8030
9624	6483
1214	6255
675	8484
626	9741
844	9797
695	8266
4377	8538
584	9794
696	9011
781	7828
974	9266
765	9257
690	8961
1048	9508
426	7902
787	8062
288	9163
867	8380
1110	6620
812	9161
914	6040
770	9989
878	9879
598	8144
725	7388
5114	7423
755	9127
693	7785
6991	7484
541	7903
1428	5933
731	9062
771	9999
440	8789
633	7707
775	8384
650	8226
869	9990
425	9440
1035	8539
997	8968
1037	8599
677	7779
268	9257
646	7266
685	9758
1000	9615
646	8772
830	9432
988	9394
620	9420
907	9793
1097	7302
944	8937
7013	9862
829	9595
9620	5442
510	9835
587	8388
848	8425
977	8375
922	5812
597	9456
898	9276
987	8770
567	9710
842	9342
726	9451
844	8978
1329	6870
788	7742
943	9532
723	7409
698	7694
826	8410
818	8703
747	7103
977	9068
465	9407
1040	8349
722	5924
641	5371
534	9502
945	9341
782	7736
460	9397
720	9270
863	9772
1084	5663
762	9521
814	8698
686	8297
650	9992
548	7464
845	9553
756	8006
839	8358
543	7744
557	7032
627	7982
948	7025
470	6195
859	8928
773	7855
945	8660
764	7169
1036	6589
847	7077
922	9438
625	8489
518	8940
410	8940
493	9998
980	8997
578	9252
1053	8391
842	6731
873	9017
881	9655
696	9115
633	8879
343	9130
863	8162
588	8101
822	9155
841	8224
1057	7509
592	9374
798	8690
686	9863
546	9962
3035	9803
1125	6621
960	7684
2572	8837
861	9888
597	9251
724	9985
1009	9542
643	8653
740	9760
1087	5620
565	8628
828	9858
3449	8471
926	8384
2437	8448
713	9693
965	9016
597	9998
720	9993
717	9128
950	8183
648	8943
548	8081
683	8342
911	8386
7013	9099
764	8513
940	9453
6776	9619
1071	5549
3194	6158
924	8204
1198	8250
762	8380
749	7348
784	8177
1205	6695
686	9997
611	9652
614	8557
683	8489
6137	4128
961	7880
543	9733
1037	8409
858	9837
704	7860
940	4851
1483	6598
1068	6868
659	9030
824	8267
900	8243
588	7968
721	9708
827	9626
901	8306
790	9845
772	7994
6886	7911
687	9173
807	8550
1264	6088
925	7662
466	8329
835	9429
3085	9658
803	8010
564	9530
914	9407
6517	9794
825	9920
851	9240
528	8740
1166	5854
1999	7879
583	9283
573	9854
995	6915
1028	8153
1041	9993
942	9999
640	7864
950	9716
693	9991
3337	9300
827	8709
1030	8681
369	9325
532	8018
717	8692
841	8073
838	9984
886	8788
834	8879
811	9517
777	7340
843	9394
887	9942
779	9626
861	9999
994	9874
955	8315
492	9809
9496	6472
851	8561
911	8283
1022	8583
685	9223
722	9323
630	7345
3765	8602
590	9917
924	9232
604	8433
820	9990
398	8776
984	8639
829	8237
1013	9389
788	8017
621	8266
1051	8516
707	9222
977	9999
262	8079
853	9746
1022	8316
877	9992
793	8524
1110	6744
930	8529
890	8056
6852	7229
684	7159
3411	8709
593	8672
6692	9038
654	8570
9714	6631
3851	8137
749	9302
1275	7007
660	9327
4331	9953
769	7826
827	9465
624	9623
865	7353
611	9983
823	9895
683	7030
743	7478
822	9417
822	8978
712	7801
934	9617
634	9373
413	9858
772	7610
911	8524
903	9941
349	9984
912	8781
881	9965
951	9865
819	7373
539	9453
900	9284
1683	9664
798	9043
737	9469
896	8969
1116	9167
434	8457
900	7537
1248	6318
820	9877
516	9339
807	7890
1122	8529
838	9463
787	8900
720	9442
961	7799
746	8842
1008	9309
838	9818
670	9595
1054	6599
888	9241
576	9380
703	7909
872	8478
603	7789
787	8999
367	9709
871	9701
3492	9743
546	7180
691	9623
778	8795
568	8463
753	9534
6131	9126
820	9996
757	9725
1023	6659
716	7120
612	7170
979	7593
708	9403
904	8574
6963	8382
639	8212
604	7726
483	9353
875	8899
709	8192
570	9338
742	8546
736	9932
1046	9623
930	8773
735	9782
1178	6777
769	9243
1051	8456
442	9076
646	9904
896	9841
828	8802
937	9434
859	9172
1100	9199
828	8059
4296	9381
798	9455
629	8476
795	9087
839	8431
5511	6328
811	9319
1288	4725
4403	8557
656	8406
354	9970
982	9582
1140	6191
673	8053
695	7224
863	7902
748	7584
712	8547
904	9216
1159	6733
954	9730
1051	6840
691	9247
600	9994
716	6735
778	9199
854	7481
834	8639
515	8275
916	9992
5813	8167
641	8637
630	8002
921	8239
792	9669
1005	6139
344	9620
689	9987
1076	4529
712	6982
1264	6659
353	8731
631	8818
909	9004
721	8969
882	9344
896	8821
754	8513
818	5789
699	9410
1104	9977
892	6165
6810	8229
782	7670
553	9171
814	8574
625	9849
907	7720
615	9288
729	7793
769	8745
1121	8062
690	9138
932	9689
843	7976
827	9457
790	8172
711	9523
1522	6881
723	3802
960	8296
706	9484
808	9098
1432	8994
491	9485
848	9205
652	9787
917	7817
692	8329
709	8460
1143	9594
721	8931
1065	7887
1073	9206
4493	9078
564	9238
798	9854
808	8752
717	8823
1535	6126
1174	9638
341	9274
1376	6772
457	8222
937	8864
857	9998
933	9765
709	9046
923	9379
768	7959
804	8932
697	7453
853	6029
950	9259
605	9254
561	9053
644	9518
308	8599
505	8699
810	9549
6983	8933
693	8936
907	6881
665	9547
5360	8872
683	9280
722	9192
803	8208
6510	5531
951	9462
967	7744
788	7952
793	9849
642	9060
763	9503
948	8834
830	9218
834	9727
1072	8150
1393	6459
652	8189
893	9359
854	8046
850	9438
1066	8768
982	9852
728	9242
854	7886
6919	9213
762	8583
761	8115
670	9339
580	8232
1084	7107
801	7637
3844	8294
925	8240
1175	6685
687	9811
848	8842
783	8844
489	8910
885	8236
755	9786
918	8601
792	8094
1487	6753
436	7626
7031	9744
3867	9690
559	9862
468	9370
785	9125
874	8239
1824	7948
835	9805
725	9056
726	9115
729	5734
776	9917
785	9111
924	8528
860	7686
850	8681
791	8231
737	9408
820	8042
1236	6856
674	9499
790	9073
1039	9998
1031	7071
554	9325
648	9201
772	9364
924	8363
662	8554
802	9364
969	9726
710	9949
720	9309
703	9350
786	9702
849	9061
798	9862
1111	9945
442	9451
1274	5958
606	9372
1348	6062
704	5768
3606	9927
2189	9425
707	8043
793	9207
745	9402
755	7672
1323	6051
2901	7893
758	8403
943	9048
1265	6837
688	7590
1025	9894
886	9120
608	9961
790	9956
1086	9291
755	9863
824	9199
668	9331
828	8351
985	9781
847	9942
813	9931
901	9583
1446	9488
1040	9150
1007	9405
1175	8275
653	9488
945	7831
921	7204
937	8589
855	8961
694	7367
540	8667
730	8899
853	5714
759	9451
1023	9897
1321	6383
1027	9444
422	8782
817	8891
948	9287
638	8981
541	8728
681	7847
1068	6669
4332	7506
641	9397
541	9568
947	8384
719	9425
825	7440
777	8932
514	9714
490	8815
1019	9296
617	8946
735	9986
533	9212
842	7638
624	8177
5815	8243
786	7318
1492	7002
555	9857
2728	9304
821	7699
867	9612
550	9286
960	8826
604	8665
826	8498
927	8582
1109	6228
560	6704
854	9899
1559	6735
743	9032
589	9466
964	8162
799	9564
573	8617
633	8607
609	9994
967	8330
785	8506
765	7702
652	9489
6438	9408
515	8790
1284	5300
802	9997
815	9486
821	8892
769	9417
750	9293
492	6048
6749	9771
474	8699
956	8508
835	9970
621	7832
837	8105
727	8193
825	8875
513	8844
704	9165
461	9892
1293	5767
701	8565
532	9741
1051	9649
838	9715
671	9310
796	9050
911	7191
799	9213
918	9147
871	8573
809	7909
4769	8109
791	9472
418	8023
935	8607
751	9520
1077	8867
852	6822
919	9992
745	9555
843	7867
599	9079
762	9762
1209	8900
755	7797
664	9380
456	9967
719	9135
908	9113
4843	7322
815	7330
1781	8222
627	9731
332	8216
840	5011
648	7761
850	8782
920	8053
839	8767
978	8136
675	9578
1020	8554
1061	6645
630	8977
777	9680
845	9179
666	9285
831	8246
1073	7976
6646	9543
698	5997
1427	4370
6604	7851
7018	7611
865	9662
690	9308
566	9449
570	9469
771	7748
441	8812
562	8770
775	7734
440	8489
743	8158
786	8325
627	8892
934	8576
770	9207
646	9390
1352	6791
870	9911
687	8613
737	9247
968	5918
739	9751
885	9306
889	9785
898	9444
598	9149
1157	6268
490	9506
6089	9968
6051	9670
853	9051
586	9928
1040	9472
507	9087
597	7504
572	8768
747	9909
756	9034
778	7633
740	8984
700	7962
1078	8174
385	9538
7109	9212
430	9811
510	8554
992	7904
1204	6211
855	8472
712	6893
752	8185
533	9890
651	7341
867	9889
768	7727
1000	9998
767	9860
721	8709
635	9654
607	9528
294	8429
935	9680
638	8921
761	9177
640	9523
1188	6884
1001	9033
816	9095
858	8832
953	8905
1032	9686
837	9448
623	8479
499	9021
968	9355
641	9998
887	8673
966	7492
1022	6140
732	9421
646	9190
885	8651
842	8955
471	9692
1124	5979
656	8458
670	9401
668	8730
1001	6397
1060	8382
601	8527
1035	5968
996	9321
528	9965
1213	7158
560	9564
1046	5341
552	8268
950	9963
1507	6622
1080	6999
886	9798
673	9676
866	9496
945	7971
836	9235
773	7741
850	6621
804	8918
838	7821
559	9947
727	9141
2131	9132
831	8965
534	8500
6842	8309
809	8755
633	9945
619	8308
1037	8069
941	9455
1094	7002
788	9981
725	9367
686	8833
986	9162
675	9022
545	5673
1023	9984
744	9600
695	8613
405	7731
758	8141
795	7336
843	8346
499	7959
781	8129
819	9999
1125	6036
778	9463
4228	9880
954	8775
869	9568
876	8805
771	9140
648	8912
748	9239
749	9943
679	8920
1642	8546
878	9762
472	8019
861	9576
866	6602
888	8198
730	6903
870	9058
874	8202
658	9254
988	9161
4361	9702
912	9320
1022	8809
5284	9716
846	9438
3063	5933
161	9757
722	8871
843	9280
841	7682
1399	5587
699	7920
6975	7543
817	7965
667	9646
791	8813
1064	7772
484	8344
709	8671
798	8758
949	8004
813	7629
3054	8830
788	9639
815	9170
7053	9742
716	8119
476	9079
660	9260
5656	9823
1657	8301
837	8009
843	6557
1108	7827
848	8968
850	7298
619	9156
520	6376
942	8320
942	5723
791	8887
661	8279
696	9894
581	9079
886	7858
696	6139
662	8302
686	8013
1246	6773
451	7896
936	9747
808	8119
990	7651
1316	6472
873	8655
1069	9309
903	7824
838	6112
513	7661
698	9224
715	9206
488	9459
1025	5146
1053	3801
599	8921
468	9555
1082	9385
785	9974
910	9336
838	9939
881	8829
643	6579
1353	5334
801	8240
767	8112
1133	8920
663	9422
1397	5357
890	9204
743	9390
1103	9972
736	9041
3861	9573
1040	9565
1037	8435
879	9523
892	8231
837	9516
4211	8837
944	9635
1046	6415
908	7544
611	8849
1007	9837
793	8358
2302	9126
784	8456
484	9481
564	8444
952	9986
950	8238
1397	5835
793	8536
759	8535
920	9833
1985	7329
6910	9934
781	8102
977	7552
747	7680
1353	5777
723	8807
298	8124
464	7632
694	8789
798	9623
992	8603
3513	7428
1090	6708
739	9502
1055	9499
762	8660
1720	8442
7117	8656
7049	7611
827	7723
836	8197
814	8124
698	8154
843	9714
1075	6033
640	7802
593	8689
804	8845
612	9701
942	9723
878	9666
531	9596
641	9551
957	9795
3300	9014
1130	9358
710	8667
611	8668
783	7600
759	9854
6878	7845
1501	9788
5806	8594
1037	6219
588	8436
963	9994
443	8826
684	9822
425	8267
817	9769
868	9434
6627	7198
719	8898
5265	5729
6818	9408
727	8845
673	7708
1244	6421
834	8868
799	8093
5843	9278
823	8152
3871	4971
739	8742
535	9035
732	9142
777	9483
1070	9169
715	9723
1092	3427
738	9485
9095	5664
642	9303
820	5837
1029	6291
1040	8669
955	8375
876	9719
597	6903
682	8459
921	7250
475	9976
5748	9996
851	9426
918	8169
921	8593
916	6616
464	9408
959	9317
1057	9135
775	7912
603	8418
6963	7110
923	6175
878	8487
957	9997
868	9270
803	8754
1057	9597
1173	4925
795	9998
1214	7204
4335	4718
975	9814
841	5360
762	7974
2679	9484
776	8218
778	8591
813	8988
1136	7795
428	7760
882	9604
1411	9333
859	8749
6891	6514
576	8015
486	8812
649	7507
708	9695
759	9450
723	8872
568	9400
1313	5069
711	8924
790	9037
654	8306
919	9668
732	8135
859	9002
762	8594
621	9847
710	8707
708	7424
852	9916
685	9233
1001	9531
548	7820
285	8136
601	8350
906	5665
1089	9628
817	7923
911	9906
899	9325
865	8840
887	9039
764	8534
774	9657
1029	8693
1153	6773
661	8324
401	8502
868	7486
827	9498
755	7431
825	9993
4537	9465
540	9848
425	8864
5692	8083
830	8515
623	5841
743	9385
1169	6107
844	8569
797	9061
1002	8150
845	9826
709	9618
958	9463
6848	9291
876	9834
983	7725
732	9277
370	9685
693	5935
778	9795
595	9999
706	9331
577	9233
509	8466
528	8238
433	9620
765	9752
839	9501
585	6136
649	8372
1048	8637
1400	5736
6170	8909
954	7755
1066	5465
986	8301
1153	6378
724	9510
972	7950
926	9980
708	8736
822	8733
496	9795
1134	9088
754	9036
898	8066
1182	4993
624	9235
696	8952
645	8670
658	7587
544	8485
903	9586
790	7543
713	9123
586	8480
638	9198
543	8370
619	8952
1394	5752
1185	7009
1026	8397
1081	7767
602	8698
748	9847
797	9563
1309	6624
1194	3482
960	8552
938	9516
489	9604
880	9713
783	7473
1011	9154
875	8554
709	9187
1007	5801
832	8763
947	7012
982	9295
1022	6414
733	9565
1343	6685
1357	6609
420	7479
829	7948
782	8477
7028	9095
812	9661
670	7787
708	8001
738	8800
758	9047
1421	8881
995	9496
910	7400
1021	8604
730	8503
644	7941
823	8216
766	8229
765	9214
982	9654
806	9373
7179	8518
653	9344
813	9681
753	9125
505	9556
843	5816
1193	7437
2955	9530
914	7929
6856	7633
795	9671
3145	9408
1187	5464
399	8467
4570	9367
990	7985
585	8532
874	8627
760	8460
667	8878
1154	7007
920	9051
906	9405
717	5924
633	9900
814	9396
829	9626
923	9597
875	8755
719	8749
785	8734
410	7869
884	9898
925	7331
829	9808
4103	8279
632	9240
562	9084
570	8507
896	8871
3473	9674
849	7534
785	8584
579	9499
849	8727
672	9689
631	9979
562	7349
719	9988
729	8867
627	8960
698	8078
911	9962
766	9085
442	9982
3559	9150
1067	5891
935	9005
1086	6439
879	8412
967	8256
678	9985
7017	9897
593	9673
1055	6251
423	9752
659	9455
776	9753
1527	7826
887	9349
772	8776
710	8791
987	9335
562	9800
6944	7933
443	7606
529	7697
1578	5973
1251	9996
825	9899
806	9401
789	8190
932	8189
820	8773
728	9295
986	9103
827	9608
702	8709
842	9226
749	9219
1407	6864
741	8253
1444	6871
793	8399
904	9464
1003	8775
748	6813
839	8668
751	7922
1035	9968
989	6647
747	8926
1216	6458
0	9756
1394	6016
824	7753
483	9302
789	9462
725	8053
886	7742
2632	6554
608	8781
860	9331
759	9124
1032	9998
940	8587
789	9999
893	9573
932	8446
726	7794
866	8538
677	7928
860	8611
800	9224
613	7510
712	9028
768	7347
798	6559
725	9399
704	9722
1338	4941
1194	6338
742	9316
864	9827
724	9164
1001	6628
664	9766
843	8416
610	9821
1333	9905
551	7995
674	8335
6726	9250
6626	8168
654	8583
521	9031
794	8276
1034	9253
646	9107
926	8881
753	9260
545	9758
661	8064
861	7980
635	6405
488	8079
946	9424
757	6858
1011	7670
704	9941
879	9856
6942	8675
779	9857
912	6359
3741	9925
703	9998
803	8887
710	8781
521	9347
785	5895
1265	6443
728	7896
812	9299
784	8233
683	9097
719	8898
605	9118
939	9926
620	8116
501	8596
694	8538
771	9986
660	7877
794	9718
1022	8438
458	9468
888	8440
5863	8488
855	9426
998	9187
897	9033
769	8737
632	9643
3062	9730
5439	7912
918	9664
1070	6885
5654	9514
1265	6312
749	8913
2428	8236
792	6278
579	8400
1061	7786
481	8493
992	5999
743	8442
753	9406
4358	9162
745	7291
774	9775
1166	6254
964	9807
513	9370
3161	9998
915	8799
868	9930
774	7485
561	7816
642	9368
618	8345
899	8397
795	7439
907	7527
510	8404
860	9549
2489	6114
7002	8483
841	8840
980	8447
751	9774
960	9844
773	6059
1323	6693
5097	9503
727	9548
971	8270
861	8164
734	9523
6090	9789
839	8701
746	8434
526	9169
709	8473
458	9498
589	9993
693	8192
738	8660
840	8843
576	9292
1037	9949
642	9128
734	8062
671	9783
574	8626
816	9980
645	9025
800	9988
768	9263
1159	6769
721	8644
742	8322
1249	6685
937	9378
468	7766
1139	6638
753	7310
1071	6348
718	7986
1078	9246
899	5840
813	8259
726	9002
6938	9224
562	6509
1063	9823
759	9598
1069	8317
410	9619
6356	7827
929	7830
983	8356
613	7666
819	9547
3525	9261
745	8642
1003	6506
887	8696
1029	6386
525	8937
698	9303
717	9585
744	9917
1061	8831
915	9754
620	6137
674	9131
844	9425
826	8795
483	7273
818	8588
952	6995
859	8643
555	9926
616	9916
1358	5503
1117	6493
847	9984
609	8277
605	9664
667	9098
914	9323
6352	8105
761	9761
815	8808
548	9516
602	9355
967	6152
642	7403
991	5871
835	8900
778	9911
558	8857
7015	8301
1341	7153
574	9261
987	8900
6887	9832
626	9887
764	9138
833	9080
718	6073
727	8476
751	9839
601	7116
602	8342
765	9801
833	6761
543	9386
889	7745
904	9209
759	8730
693	9987
878	9136
487	9519
691	8754
777	9078
627	9514
643	9924
532	9818
1265	6070
696	9871
867	8840
1149	5278
754	9996
769	9678
7040	7659
693	8653
818	6862
551	9538
845	9291
661	8868
872	6488
1184	6720
2704	9362
1082	8162
988	8984
672	9218
804	9949
593	8943
1023	9830
781	7616
749	9997
778	6240
875	8081
952	9049
2655	8802
928	8471
867	9078
810	7540
2355	7476
781	9095
952	8006
592	8990
662	8993
737	9501
644	7580
805	8877
449	9536
716	8181
1070	9131
965	8015
861	8448
747	9195
965	8674
942	9078
379	9303
811	7551
806	9747
795	9651
3764	9940
884	9054
1039	6950
763	9496
725	8240
1157	6326
6591	8822
682	9854
793	9367
1102	7299
774	9731
1187	5479
677	7494
707	9563
791	7366
636	9579
820	8962
957	7510
891	9162
767	9957
963	9765
614	8623
1072	7317
623	8437
6703	9408
3286	8435
764	9496
612	9436
883	9694
6849	9117
923	8261
1346	6566
518	7937
4882	7452
549	7548
646	9698
6934	9461
586	9161
897	9431
629	7664
857	7783
856	9948
955	7492
403	8293
765	6303
3714	9650
1063	9282
709	8365
815	7692
1024	9265
1181	6829
749	9916
332	9241
551	7982
1050	9443
877	5522
623	9296
706	9364
688	8042
736	9611
763	9105
5857	8603
1045	9414
6742	8004
452	9965
749	9997
585	9490
735	9763
774	8768
621	8668
945	9085
1175	6191
760	8000
814	9332
1219	5911
876	8740
1234	6152
1047	6162
994	9247
907	9513
995	7576
765	8766
6877	7870
911	7644
930	9045
6696	7922
733	9658
779	9836
6674	8702
718	8573
900	8690
602	9102
1168	6434
868	6837
949	6693
724	8869
650	8017
845	9258
2328	9298
1365	8763
920	8391
758	8887
1006	8798
418	8370
1088	8224
881	9546
778	8060
661	8347
650	9194
953	6023
724	8444
9725	5449
1090	7757
1092	6134
587	9005
885	8843
634	8740
630	8760
700	8157
1216	9484
646	9948
929	8890
1365	5988
516	7948
844	9369
585	8853
681	8786
1013	8432
740	9672
816	7903
635	9072
843	9991
668	8094
910	8793
649	8595
593	7332
757	9564
972	8521
960	8523
650	7353
797	9685
774	6261
366	9337
833	8873
3640	8849
505	9876
1129	8551
2236	9604
735	8082
1342	6870
5875	8951
1242	6319
1100	5739
1190	8801
685	9985
820	7373
907	9118
557	8955
801	9857
1918	8525
666	7874
947	9962
640	8192
958	9216
1105	9198
866	9997
576	9720
736	9749
602	7266
1370	5760
693	9450
1005	8398
1396	6227
485	9501
741	8687
878	9998
599	9683
668	8598
1160	9574
589	9330
857	8571
673	9990
989	7931
623	9750
951	8693
3188	7312
621	9542
971	9777
770	7436
1032	9947
562	8506
6179	8581
859	8597
753	8321
2301	9031
956	9671
755	9385
811	9115
9512	5920
623	8688
668	8805
2449	8351
1171	6205
1069	8322
775	9049
1079	7245
728	9216
647	7707
987	9359
1047	9747
1131	7550
998	9371
1296	6884
968	7622
956	9440
797	7372
836	8366
821	8730
885	9522
550	7345
755	8239
1199	6624
821	8452
1119	8657
807	8933
1408	6405
6971	8085
851	9179
839	7668
5727	9217
674	9457
622	9576
701	6495
577	9246
866	7768
429	7047
1181	6477
630	9898
878	9571
1039	9326
1393	8516
741	7909
442	8794
904	8826
299	9999
805	9450
789	6899
840	8593
856	9403
3645	9084
806	9293
632	7292
1051	8474
954	9714
1005	8908
759	9350
783	8864
9836	6607
594	9203
765	8435
837	8578
956	9481
1633	8549
875	7860
809	9344
6620	8827
832	9836
818	9339
852	9190
1219	6232
715	9332
741	7749
1244	7096
906	7909
798	9058
779	9016
823	9523
906	6518
687	9247
1014	7635
9516	6485
985	9996
727	9250
695	8100
905	9952
756	6388
598	9845
905	8639
2416	9391
747	7829
469	9413
732	9151
1241	7303
462	7991
698	9512
1004	8558
949	9268
5860	7480
757	9396
851	7661
480	8168
915	8963
931	8946
809	9853
735	9245
221	9802
648	9096
5673	5788
758	9818
732	9044
748	7768
997	6129
506	9726
1109	7001
530	8404
737	9714
1353	6072
1382	6972
740	7942
972	8180
906	8129
3189	9124
537	8709
797	8712
1614	8097
650	9603
662	7264
777	9174
857	9983
712	9864
733	8843
3440	7948
6325	7345
1165	5974
563	9178
840	9985
923	8410
473	8280
779	8755
653	8976
779	9943
497	9609
719	8326
866	8279
659	7970
638	7845
6843	6473
631	7773
991	8028
962	9821
757	8717
871	7899
764	9392
945	8356
683	9538
774	9881
6527	9100
627	9530
926	7726
309	9315
914	8257
767	7383
1641	6519
515	9616
698	8067
385	7357
835	8574
9505	5672
833	8253
1099	8244
893	9133
1425	6693
450	8515
708	8969
799	8529
942	8587
693	7586
325	8264
838	9179
664	8934
793	9477
789	9158
1265	5980
798	9108
446	9649
440	9900
861	8473
862	8071
3305	7882
849	9032
765	9494
385	8914
7072	9668
2814	4665
5364	9508
6467	6421
798	9862
654	9247
1181	6678
716	9470
467	8069
722	9507
612	8950
6220	5541
887	8353
1043	8575
910	9892
1389	6251
827	9309
591	7908
4317	9525
1137	6668
1238	6887
1455	8521
885	9629
971	9310
849	8953
5011	9482
841	9792
710	8644
847	9502
1117	6682
926	9208
1524	6757
1061	9646
935	9177
960	8259
2714	9301
891	5793
1156	7742
307	9385
539	8389
562	7651
790	7065
911	8806
602	8780
893	7359
893	6348
2390	9595
1066	9106
709	9388
717	9223
656	9379
1773	8057
803	8006
710	8674
980	8740
1282	6043
1292	4685
936	7542
784	9438
602	9673
612	9516
768	8016
1026	9857
844	9495
2867	8008
1315	5605
839	8106
584	9968
818	9401
972	9561
992	8971
990	4383
553	9828
662	7079
1789	7896
3897	8606
1384	4516
730	8052
1145	6935
847	9320
425	8000
447	8392
1038	8882
942	9057
642	8627
1305	7792
743	8685
4266	9033
1037	9596
1025	9951
581	8491
723	8304
737	9471
537	9247
665	9447
1066	9814
648	6859
2825	8710
7055	8578
903	9999
544	9432
835	9020
720	9407
727	9986
1464	8292
505	9323
838	5763
923	9373
859	9297
952	8165
5011	6612
779	9873
836	9173
873	9555
1024	7026
759	9998
1031	8024
745	9639
920	6590
845	9763
868	9672
540	8059
948	9945
873	6742
3581	7972
676	9813
1029	9169
963	5872
718	5856
639	9742
898	8774
647	9009
415	9610
6141	8601
542	8307
549	7282
893	8862
661	8919
883	8886
561	9996
1029	9087
961	8564
694	9579
809	9999
615	8291
644	7969
1764	9558
878	9405
410	8380
1146	8568
717	9534
657	9393
760	7900
1032	6198
1151	9594
964	9212
6388	7916
637	9965
636	9098
969	9906
725	9984
534	9589
799	5350
588	8408
1058	8036
804	8271
729	9484
1365	6040
994	9470
907	9008
754	9409
750	7927
886	8126
772	8317
811	7877
874	8849
988	8034
7007	9111
624	9457
632	9349
389	6813
721	9645
706	7385
660	9569
760	9161
951	8547
4158	9819
694	9999
1010	5570
1898	9237
1839	9684
555	8911
493	7742
688	9686
453	9729
435	9468
552	7642
451	9560
689	7690
853	7989
761	9913
1011	6905
894	8454
766	7801
917	9572
684	8512
506	8156
460	9382
787	9290
489	8296
602	9546
1232	6045
935	9435
885	9630
784	7311
651	9661
675	7008
1188	7895
680	9605
933	6558
953	8241
594	8396
1405	6756
808	7926
361	9659
1037	7593
4233	9043
794	9359
1537	7349
778	9225
680	6771
680	9288
1147	5663
777	8698
763	7868
637	8899
832	9218
901	9023
852	8440
6980	9111
1159	9343
1337	6860
734	9015
402	6602
909	7585
682	9629
1097	6473
666	8045
1081	9440
747	8274
609	8174
811	9734
983	7953
785	7602
623	9591
912	8517
904	7756
665	8137
1001	9471
966	9732
863	9086
600	9743
686	9137
918	8117
403	9422
545	8170
1212	6064
876	9976
4000	5925
2011	8599
817	8086
7231	6293
990	6805
722	9025
810	9289
833	8595
977	7858
856	8490
727	6939
721	8423
872	9973
898	9834
658	7544
739	9378
681	8663
717	9325
594	9789
927	9142
869	7460
494	9053
751	8143
673	9123
886	8992
545	8154
688	9763
958	9826
1015	9939
427	9211
825	8947
1100	6369
760	9317
582	7703
783	7704
811	9069
478	9879
584	9410
653	8720
7004	8965
2049	9118
641	8711
621	9537
699	9747
1022	7746
857	9286
621	9966
774	8850
942	9428
860	9270
869	9460
2350	9395
913	9376
648	7508
2560	8623
653	9700
684	9758
814	8972
550	9863
774	9891
692	9403
708	8041
746	8100
654	9486
1129	6254
491	9160
562	7696
547	9385
7016	8915
921	9611
560	7715
659	9119
571	9557
1173	6571
781	9011
730	9926
1199	6088
881	8170
514	9998
1382	6961
817	9129
923	9048
552	9971
701	9581
819	9649
863	6130
911	7578
916	9245
755	8265
871	8878
616	9726
594	8134
1067	7878
974	9935
722	8797
897	9368
442	8906
963	9720
749	8923
774	9363
463	8088
974	8474
945	8337
917	8673
1231	5638
750	9198
901	8727
1051	8071
928	9027
685	8676
442	8712
713	7866
704	9726
982	7898
901	9450
1412	8683
572	9164
704	8762
834	8557
620	8982
1079	6924
1157	6116
5681	9593
1198	9998
748	9731
2064	8839
805	9413
679	8013
754	9334
796	9701
3464	9075
1133	9366
930	9067
626	7867
770	7604
787	7422
1047	5395
943	9040
1193	6735
854	9818
1378	6429
952	7691
831	9734
824	9110
806	7743
674	9720
804	9770
619	9302
667	8151
732	8744
479	6793
851	8564
900	7794
5493	8958
794	8139
474	8361
7025	9503
535	9398
1046	8598
865	8416
1159	6745
688	8261
1033	9530
1313	6761
642	9363
655	8434
5762	7987
641	9802
759	7938
1026	9605
754	7069
1651	8717
632	8191
1056	9487
516	9603
1426	9611
683	7355
738	9055
841	7477
534	7936
9645	5094
845	7970
2162	9300
1024	8754
927	9377
492	8791
958	6097
853	9657
910	5335
672	8596
669	7911
850	7962
4874	9399
994	7028
477	9795
3334	9510
4089	9077
263	7881
679	9638
776	8222
816	8785
793	8619
943	9543
775	8195
1228	9997
717	8129
856	8836
1434	5688
924	9224
977	9882
7034	8713
6541	5936
914	9666
6890	9290
1008	7905
6407	9379
4668	6452
919	7896
638	8513
1037	6349
543	9047
651	8101
748	7548
671	8926
942	9997
844	5999
642	8551
567	9330
899	7597
890	9448
919	8815
800	9249
791	9527
714	9595
977	9838
639	9100
1580	8154
550	8842
848	8664
413	7391
3859	8634
947	7936
907	9119
769	9456
880	5572
2699	8844
975	9706
6772	8323
774	9975
820	8248
596	8697
528	8585
717	9824
1178	9782
705	8368
457	9811
937	9120
383	8887
693	8677
684	8437
889	9120
816	8236
716	8684
797	8872
497	9515
695	9025
5758	8993
773	9472
2660	8495
849	4505
572	8001
829	9680
949	9573
505	9911
810	7718
913	9336
971	6102
713	8991
804	9361
1167	8970
577	8643
603	8607
606	8224
177	9461
698	8855
723	9650
831	9214
944	8769
3059	8986
734	9039
976	9540
776	9986
725	7933
1005	6837
7026	9644
6965	8539
1255	5322
1015	8197
7042	9999
752	9332
592	9802
1058	6142
1157	6144
772	8769
771	9209
989	6887
1088	9300
463	9306
744	8337
821	9615
876	8935
4558	9044
6844	9475
782	9383
939	9387
908	9574
859	7952
3582	8383
465	9654
745	9332
662	8998
2118	6058
805	9301
791	8322
1001	8504
1416	6597
702	8022
685	9110
621	8578
592	8025
812	9603
650	7714
1510	6804
928	9958
880	9776
483	9914
685	9448
826	7960
469	8202
388	9388
827	9444
703	8401
362	8862
986	9284
1169	6871
864	8343
669	8352
804	8534
778	8883
1058	6043
316	8750
552	9780
897	8892
623	9346
906	8581
798	9960
830	8428
656	8879
570	9999
880	8315
545	9558
6898	8235
956	9057
1241	6790
710	8259
612	8974
662	7721
749	9698
862	8450
872	9623
439	9019
1190	5959
995	8075
834	7384
739	6328
1092	6490
454	8564
1428	8692
1464	5971
938	9591
762	9326
6257	9298
999	9704
697	9205
971	7554
748	9478
689	9232
726	8573
828	8533
683	9048
859	9042
874	9087
914	8651
669	9641
557	9891
667	7907
656	8507
839	6532
546	9972
669	9109
877	7836
803	7842
1060	8575
1318	4794
1056	9713
943	8951
995	9586
974	9839
2606	9374
956	9787
811	9706
3299	9272
642	9498
594	9187
835	9907
758	9654
892	7603
634	9434
1140	5413
635	6361
848	8766
611	8904
727	9042
869	9173
901	9929
793	9997
900	6974
795	9692
969	9849
865	8420
895	6759
931	9042
843	9948
722	9746
1123	4402
950	9549
916	9425
647	8605
1068	9687
719	8921
1129	8954
672	9839
571	9634
393	9309
942	8208
1081	9082
1020	7253
833	9231
809	8386
1228	5477
502	9325
774	7894
773	9733
442	9156
894	9324
893	9991
985	5926
1004	8570
1042	9367
646	8691
531	9237
808	7915
790	9262
771	7816
615	9582
836	8909
691	9508
808	8995
733	9674
772	7521
873	7957
874	9662
838	9177
909	9061
787	9331
1014	9319
815	8048
786	8658
1446	8629
850	8547
6950	6864
846	9974
822	9427
643	8503
631	9317
954	9123
929	9643
848	8853
634	9777
742	9734
797	8091
571	8580
892	8397
861	8511
726	7887
409	8289
648	8843
840	9391
1161	5751
376	9063
892	9738
880	8067
713	7914
745	9576
687	9223
872	8763
476	8584
980	6443
792	9787
754	8636
670	7667
640	5689
699	9238
616	8128
1354	6807
984	8845
852	9282
334	9036
733	9138
952	9872
965	9677
621	8481
797	9418
735	9316
764	9326
826	7842
726	8543
916	9423
851	8061
612	9756
801	8504
787	9234
753	9427
1207	6327
532	8900
764	9627
986	8930
804	8456
844	8071
1005	8376
537	9754
1033	8468
776	7791
3910	8234
851	5995
1012	6157
537	9068
718	9838
782	8823
713	9461
672	8851
767	9980
408	7549
503	8767
1202	5111
818	8772
871	5732
736	9426
880	9498
814	7743
6505	7052
865	9456
6890	9194
945	9247
1011	9193
472	9225
713	9558
467	8961
639	7104
959	9472
870	9949
723	7351
813	8834
639	8911
789	8316
704	8408
782	9157
1024	9498
890	9253
636	9298
878	9927
832	9909
719	9076
856	9008
895	9083
733	9527
905	9616
751	9376
1072	7200
948	8428
830	8802
959	6481
530	9420
669	9037
780	9294
5953	6309
686	8487
798	8443
680	9695
1011	9009
899	7434
838	8953
4596	8416
779	7813
1233	6306
558	9930
693	8803
1271	9455
759	8500
569	8072
825	7170
416	8885
9675	6017
813	8446
1088	9320
7107	9012
854	9118
9499	5229
742	8438
875	8409
6982	8942
1021	7894
1028	9993
1211	5564
903	9810
965	9323
1002	8550
811	7670
7104	7776
771	7009
518	9605
992	9970
784	8078
1450	5986
597	8845
1208	6488
867	7213
925	8761
1021	5593
967	8705
1049	7097
681	8742
1022	8716
669	8023
655	6039
1202	6143
932	6279
846	8472
907	9093
798	5392
865	7412
1062	5914
1334	6599
928	6619
815	7307
844	8094
1110	6626
6980	6178
693	8585
817	9859
661	7694
294	9461
1876	7245
660	7984
937	8994
946	8042
757	8463
478	9619
605	8968
6879	9679
1076	7527
800	8206
922	8105
824	7917
1060	9446
5576	6029
882	8780
1084	8603
819	8889
809	8995
810	9385
753	9602
915	9446
380	9730
831	9183
4471	9708
935	9016
838	8720
545	9698
544	8609
806	9941
826	8812
590	8021
698	9374
9687	5726
499	9795
443	9254
1150	6516
917	9289
969	9519
667	9310
909	9538
869	9791
668	8509
999	8583
876	8119
862	8902
1042	6569
994	8309
797	8120
933	9460
858	8653
566	9546
829	9715
546	7840
387	9042
798	9429
758	7081
615	8041
758	7155
890	9507
737	9358
9821	7092
638	8478
775	9825
816	9324
943	7827
626	8088
730	9795
631	8519
507	7055
688	9107
800	9910
1348	8149
1115	7942
806	9451
1000	8020
719	9926
697	8378
1060	9001
756	9049
811	9136
751	8620
1108	6001
812	8630
1034	5725
875	8340
781	8426
1007	8655
309	7113
731	9316
1008	8929
830	9373
734	9193
862	8452
6625	5774
2069	9014
1242	5344
698	9610
793	9245
718	8917
6403	8959
385	9944
828	7742
767	9039
873	8706
793	8508
4835	6285
561	9096
650	9907
786	9210
824	9962
1009	9999
1387	9117
593	8528
5452	8731
857	8675
660	9200
775	7266
845	8680
4442	9320
840	8210
847	8731
730	8762
584	9777
481	8451
588	9533
533	8203
609	9770
507	9050
6977	8003
871	7975
631	7982
3131	9344
784	8042
5077	9941
854	9657
808	9210
932	6334
1019	7747
880	8910
736	8938
792	8874
976	7737
534	7545
6871	7907
969	8124
922	6455
791	8794
908	9957
719	7027
1308	7027
2420	8992
692	9740
839	8967
594	9673
610	8757
884	9110
1151	7823
925	8979
1218	8785
967	6231
750	9322
651	9387
944	7729
655	9629
875	7838
598	8051
851	9174
696	9625
4886	9694
717	9799
687	8369
2884	7285
714	7660
1004	8085
4989	9479
631	9030
979	8616
1061	5784
840	9294
1135	6904
999	9795
900	9317
1122	9196
683	8759
818	8211
812	7527
588	9994
1175	7044
761	8833
721	9942
816	8545
1003	7946
832	9064
844	5617
688	6209
606	9356
3625	9478
776	8844
810	9509
274	8085
887	8678
798	8887
690	8760
669	8595
1086	9380
1166	8601
1122	8187
991	9069
771	9640
458	9285
751	8343
565	8649
900	8142
1044	5593
686	9641
467	9909
891	8116
684	9814
762	9232
4180	9852
736	6923
3629	8879
831	8409
3205	8602
599	8372
941	9805
736	8711
1442	8820
818	9968
883	8195
775	8135
1114	6378
1271	6372
954	6287
950	9670
832	6716
785	7884
1046	7090
660	9524
793	9224
589	8360
606	9168
640	7070
599	9422
758	8467
898	9454
749	8766
454	8581
7016	8979
806	6631
902	9147
806	8367
673	7470
803	8547
778	7773
466	8680
809	9284
1002	9014
834	9488
1024	7664
606	9746
748	7715
4513	8719
713	9367
685	8655
974	8667
886	7971
863	9435
782	9852
685	7915
831	9925
6773	9815
671	4761
597	8404
947	7862
551	9085
666	9605
845	9946
725	9141
910	9342
665	8705
3259	9201
597	9892
708	8149
7024	9432
754	9985
561	8360
892	8468
989	6611
776	8565
872	6153
1184	5775
9529	6521
416	8426
626	9416
966	8683
750	8955
784	9673
923	7857
656	8994
898	8684
616	8426
810	8042
738	8123
756	9663
800	8353
486	9966
6815	7668
485	7097
883	9097
7007	8138
1271	5997
9184	5051
2399	8178
1168	7231
560	8481
1195	9089
813	9401
935	8872
1005	6241
7031	8565
778	8777
713	6915
545	9080
769	7910
845	9556
761	9694
840	9509
782	8887
2983	7069
890	8817
760	7178
786	8527
5739	8929
519	7045
992	9552
963	8993
696	9979
777	8204
806	9299
957	7373
841	9509
518	6917
1395	6789
856	7718
538	9638
3824	8657
725	6220
3508	5826
814	8952
990	7797
950	9031
912	9922
783	8365
824	7957
4581	9073
724	9882
560	9509
2049	9876
627	7404
741	9083
461	9842
860	8997
962	8567
1403	5235
703	9803
593	7720
726	9605
787	8812
612	7920
768	9261
874	9882
727	8970
473	9700
913	8645
1049	9008
847	8017
977	9024
484	7993
700	9374
854	9495
680	9239
1284	7142
942	7570
675	8796
264	9582
874	9301
957	8580
778	9387
617	7369
460	9136
485	9277
666	8534
535	8986
802	8127
899	8476
6176	9118
896	8313
982	7258
4655	8747
842	9999
625	8559
675	9038
644	8006
801	7999
1043	7642
1267	7083
778	7879
736	9247
4660	8385
3266	9442
967	7863
388	9439
537	9315
513	8965
920	9553
508	8819
747	9842
752	8761
901	9612
817	9377
937	9780
534	7650
742	8685
963	9209
847	8053
1446	8199
1014	8972
655	9119
943	9666
926	9416
784	8470
671	9655
664	7854
831	7991
636	9568
7143	7802
4203	7475
888	9187
991	9034
653	9288
5940	9350
780	9538
887	7999
1392	6499
981	8093
740	9283
160	7864
518	9572
628	8892
674	8681
684	8233
790	8805
1488	8734
866	9050
909	8238
1619	9796
4835	9458
630	9043
387	9915
624	8912
917	7955
740	8391
855	8412
879	8626
792	8003
579	8043
1008	7863
268	7785
489	7025
1463	6620
1103	8023
686	9305
6926	8249
1202	4859
741	9349
793	8792
468	6276
470	8484
669	6286
529	9199
857	9074
910	6545
633	8200
1285	6711
857	8784
899	6582
1080	7814
594	7564
6883	9146
750	9636
1374	8700
636	9291
740	9608
831	6418
731	9330
4257	9081
833	8771
896	8664
457	9879
932	9583
509	9840
7319	6535
3313	9706
1005	8482
782	8217
812	7494
436	9151
858	7791
631	9306
883	9648
742	9697
529	8177
1167	6350
538	9195
1011	7353
768	9497
858	9611
900	9165
2231	7479
670	8399
718	8895
734	9435
1658	9960
529	8756
1011	8460
769	9083
660	8896
629	8583
1034	6426
796	9975
919	9355
883	8197
856	9946
987	8213
918	7848
960	7139
697	9959
1019	5889
825	6988
850	8794
558	7753
1484	9901
1187	6287
962	8121
856	5233
1306	5404
1207	7525
7827	6409
549	8974
769	8507
854	4211
843	5801
1016	9344
1182	6252
768	7781
1071	6259
1154	8583
1041	6732
519	8289
799	8316
707	8439
1356	5970
1006	9452
759	9911
848	8555
706	7403
1106	5753
835	8918
387	8623
906	5661
594	9742
659	9486
2189	6847
884	7872
813	8369
4335	9866
1191	6244
822	9461
4803	9999
738	8309
885	8590
1241	7020
682	8650
934	9374
917	7235
852	9263
897	8757
869	9283
857	8626
771	9058
837	9597
995	8982
648	8664
829	9009
2655	1890
751	9091
1004	8173
1019	7311
905	6214
699	8832
834	8689
652	8186
731	9729
934	7855
693	8728
8972	4917
738	8031
730	9438
829	8981
951	8676
608	8413
765	9015
664	8185
1206	5364
1083	9172
1051	8152
1112	7743
1192	7780
901	9502
741	9045
744	9871
632	9351
759	7754
705	4875
885	8503
906	9917
888	8467
719	8732
959	9574
518	9750
697	7731
2991	9902
815	9561
715	7916
959	7119
620	7693
1995	8776
868	9951
610	8254
652	8525
702	8228
544	9983
742	9119
762	9000
736	7879
905	9812
682	7623
550	8320
854	9098
706	9183
947	9827
549	8670
6770	7681
637	7622
641	6306
261	8022
599	9836
777	9921
1541	5679
614	8014
629	8452
755	9933
939	9659
728	8557
1246	6578
760	8140
905	8252
529	9329
1082	5641
547	9990
727	9822
431	9863
444	7968
601	9343
735	7457
623	8736
738	8017
611	8161
966	6851
412	9119
844	7342
843	9732
1054	9531
665	9894
775	8480
2435	7898
1284	6066
483	9724
718	9952
1089	9641
608	7954
914	9061
466	9148
903	8964
406	8760
3118	8971
823	9868
892	7506
823	8718
692	9113
2521	9953
7032	9397
781	9207
890	8394
688	8205
740	7738
1050	6630
576	9334
818	9001
547	8400
991	9144
822	9201
1160	6014
689	9845
853	8333
970	5574
898	9871
927	9261
932	8760
756	9421
710	8503
1052	9782
399	8575
1189	8193
877	7790
574	9828
791	9018
912	6940
3692	8584
1326	6611
729	7843
639	9724
880	8948
896	9285
903	8930
858	9979
3618	9426
1341	6220
354	7606
6934	9286
718	8540
849	9889
633	9575
679	9351
1438	5890
741	7840
1571	9779
651	8320
791	8125
990	8702
796	9970
6543	6918
871	9381
820	9398
854	3082
662	9966
506	9394
707	8665
709	8153
379	9469
730	7261
808	8428
984	9178
973	7243
478	9395
778	8978
909	8385
737	7585
2545	9945
663	8989
695	8386
645	9999
808	9827
817	9620
1116	9377
7149	9723
741	9357
639	9989
916	5826
4839	9949
1056	9203
1233	6966
663	8230
662	7783
3726	7474
458	8891
619	8575
854	8923
580	9057
888	8681
920	9418
403	8698
5561	9448
1154	6210
707	5957
782	9805
1016	7624
791	8783
783	8821
900	9660
644	8347
950	8799
6431	8085
507	9836
597	7731
666	8257
503	9370
714	8960
1261	6684
787	8344
740	9514
1126	5538
1248	6867
774	9534
672	7543
818	6774
718	7323
706	8203
971	7539
707	8599
1262	5525
815	9394
937	8832
578	8812
841	9424
773	7288
891	8677
638	9557
6987	8375
947	8761
723	9171
791	7850
649	9441
540	9757
440	9324
7067	9155
468	7962
820	9679
554	8870
630	9176
650	9284
634	8917
1100	7382
1077	6800
1323	7078
1286	8423
995	9355
679	9785
916	8232
1085	7647
914	9442
902	8544
668	6921
953	7602
800	9119
597	9302
931	8738
775	9338
345	8425
445	9196
812	9235
1059	8579
690	8156
1074	7334
910	8652
982	9580
715	9044
903	8459
7177	8882
6604	8589
813	8526
513	9199
813	8602
5208	9039
6552	6682
1390	6840
984	8320
883	9441
763	8914
9665	6773
788	8274
1017	9101
643	7771
947	6758
1023	9516
868	9686
567	8682
687	9242
1827	8703
415	9506
619	9665
819	7439
823	7232
1092	9598
899	9990
636	8233
1069	8999
680	8489
1093	9201
829	9514
661	7970
1051	9177
3742	8422
1041	9999
809	9267
4874	8671
874	8514
676	8139
1527	5641
621	9707
292	8570
912	9925
863	7150
1220	6488
2468	8373
760	8740
813	8571
650	8541
2688	8168
1085	9459
812	8450
4440	9218
689	7990
684	9762
6079	8764
882	9094
788	8583
869	6776
1118	7869
1731	8484
697	8887
1566	5729
6792	8993
454	9785
734	8430
989	8573
759	9515
989	9481
4662	9720
1238	5653
1287	9531
1283	5493
5758	5954
915	7991
727	8894
646	9071
1379	6915
753	9851
936	8751
588	8656
909	8404
1068	9730
672	8742
1032	9775
537	9651
877	9520
1959	6106
1162	6641
1018	7273
508	9020
1015	6684
525	7023
946	8854
773	9215
829	8149
663	8862
562	9089
649	9223
6939	8829
790	9138
612	9610
687	9302
5045	9265
838	9434
731	9910
869	8597
679	7313
570	8242
6660	8574
885	6235
916	9250
546	9491
961	6924
900	9914
5139	9657
813	9809
734	8904
759	9731
803	9270
932	4856
1134	9274
548	8623
1114	7524
1386	5716
820	7822
760	8731
802	9357
687	8293
854	7898
807	9015
624	9335
827	8896
1061	8538
563	9077
759	7749
946	7772
1379	6681
624	9479
393	9793
608	8300
603	9650
713	9639
5976	9561
910	8973
3093	8678
2822	9197
822	8485
1006	6426
648	9465
645	8559
795	8396
776	7806
740	7971
797	9162
711	8113
836	9740
687	8632
989	9625
1695	7357
991	9525
842	8083
664	8446
826	8069
839	9841
982	9286
603	8328
639	9978
734	9349
814	9235
706	9944
869	9664
450	9110
893	9898
741	9603
620	8594
4179	8409
422	9392
891	9605
829	9683
756	8630
737	8279
909	9446
638	9779
545	7937
5462	9706
640	8970
870	9682
701	7803
792	9068
661	9604
773	8828
9756	5373
640	8932
1484	6033
2108	9309
879	9954
825	8016
735	9872
691	9839
709	9165
836	9256
906	9628
978	9636
1186	6347
784	9470
763	9991
666	8010
947	9961
6884	8438
9647	5812
1106	9284
985	8705
5381	6967
976	9464
1005	6746
793	8200
559	9120
774	9631
3790	8492
1334	5153
1239	5201
909	6692
583	7556
429	8889
666	8409
541	8900
791	7906
1175	8527
413	9483
662	9244
803	8713
698	9228
791	8772
8901	5621
887	9980
609	6796
862	8612
654	8544
814	8912
545	8636
1284	6505
5935	8624
1200	8822
6225	9011
761	8482
1042	7932
631	8800
4755	7770
664	9400
1224	6624
708	9133
1140	6182
826	9946
698	8804
892	7073
748	9646
784	9704
777	8113
562	8886
777	9993
747	6924
711	8951
6972	8355
880	9557
839	8238
751	6149
843	9009
1078	9827
835	7209
692	8920
774	9583
693	8933
704	9512
959	9345
533	9364
678	7732
1196	7051
658	9463
829	8618
790	8764
532	8207
562	9998
716	9245
675	9381
1180	8063
3945	8142
517	8959
1040	8436
916	7776
820	7784
665	9691
942	7639
861	8169
969	8675
990	7862
756	9454
823	7681
1418	6016
637	9673
2384	5835
729	7367
803	7510
808	8631
6444	8380
874	6870
523	8669
846	9089
687	9988
840	8295
496	9739
794	8569
791	5593
1322	6439
988	8593
901	9254
794	8518
713	9678
650	9225
848	8687
828	9075
660	8979
458	9298
1050	8814
874	9307
1288	5902
433	8318
1020	7625
6690	5757
1572	6892
689	8388
732	8660
698	7950
822	9134
818	8705
712	8422
659	5605
749	9704
724	4874
1007	8691
716	8391
1159	8065
542	9165
2421	8663
749	9764
1010	8457
903	5306
698	9612
1051	8029
662	8276
760	8574
951	7095
722	9429
905	9678
9566	5600
622	9347
6982	8011
593	9625
7071	8915
736	9059
834	9730
1424	9408
852	6628
862	9531
6401	5276
1262	8561
737	9991
836	8843
426	7413
741	8677
751	9677
920	7752
730	9444
849	8028
5024	7907
628	8304
780	4898
804	8563
832	8657
6779	9056
695	8118
901	7999
1517	6576
682	9992
675	7753
901	8803
404	9189
851	8923
648	8836
618	7646
1074	9237
957	8857
660	8104
761	8143
416	5037
662	9020
524	8990
727	8893
858	7772
892	7807
561	9158
384	9991
884	8346
552	9368
1058	3575
667	8804
587	9998
743	9995
978	9538
747	7913
1611	5802
769	9267
905	9400
1104	5492
776	8273
966	9510
818	7794
1405	9303
589	9808
829	7984
689	9974
710	8486
1003	9589
332	7989
331	9130
758	7524
613	8380
626	9514
1039	9671
1498	6964
795	7852
1192	6283
650	8901
834	7203
704	8309
701	8892
855	9999
709	9044
680	7799
879	9895
605	8788
755	8426
654	9497
885	9675
557	8512
996	6039
727	7506
777	7833
994	8075
691	8352
724	9651
778	8874
555	9751
2080	9272
670	9601
970	8709
6906	9318
750	8316
1098	8878
747	9656
791	8855
688	8247
535	9165
6921	9729
1269	6347
862	7516
743	8198
662	9385
922	7518
741	9186
760	8342
731	8439
960	9075
1206	6584
1214	6542
589	8459
780	8528
788	6025
807	8783
1269	6494
891	9654
708	7834
602	9532
1242	9876
643	7622
750	9886
573	9996
676	8217
803	9356
947	9238
6841	9110
670	9260
746	9066
1260	4829
714	9385
808	8951
1051	8359
6961	7836
813	9605
749	9597
893	7588
6914	7295
775	9301
1148	6336
719	8521
1111	6527
862	9713
583	9600
836	9239
700	8556
880	9891
1721	5797
1008	7756
775	9515
843	8184
1035	8583
6632	9289
825	9978
715	9745
965	7681
739	9493
625	9206
789	9410
851	9021
611	9263
3282	9081
5205	8955
976	9435
807	9839
997	9700
1288	6565
1043	9553
734	9373
504	8468
1131	8703
2804	6611
859	8229
584	7838
969	9074
706	8632
731	8052
570	9368
1209	5709
381	9260
680	7652
5221	9001
962	9625
887	9176
626	8656
953	8293
955	8648
897	7907
5087	6956
1239	4532
907	9987
3414	9508
2633	7925
627	8893
734	8392
1020	8785
1046	6382
992	9987
891	9721
799	9356
848	9690
532	9211
7171	9998
753	7272
6943	8153
7014	9648
700	8717
1036	8921
802	9346
942	8491
619	8895
839	6629
775	8795
9829	6054
705	9979
703	8451
602	8089
905	8868
731	8398
751	9043
447	8673
199	6325
5609	9585
706	8203
904	9383
769	8966
812	8726
1041	8765
662	8220
894	9073
526	6519
1233	6115
595	9871
793	9628
631	9650
789	9061
865	7612
710	9207
379	8685
1068	8941
786	9446
532	8368
1085	9999
5600	9291
585	7135
724	8596
724	8728
892	6098
837	8643
860	9997
1087	5150
5841	9645
815	8276
569	9229
623	7175
1006	6584
774	8771
638	8140
582	8994
517	8101
495	9779
629	9263
859	9186
7099	9121
669	8391
5819	7212
739	9861
990	6718
702	8640
896	9719
2899	9834
1671	6347
1146	6782
717	9103
553	9145
1272	6805
757	9161
1063	8875
844	9157
600	9062
7003	8477
646	9607
293	8402
1054	7883
762	9715
790	9266
601	8407
733	6746
1045	9194
838	9649
803	9081
636	8979
3908	8466
988	6712
368	8723
818	8671
6362	9315
956	8860
1109	5427
1075	6057
684	8020
467	8917
4131	8121
596	9460
636	8916
6743	9766
467	8653
647	7602
6690	6088
996	8095
1954	9995
4483	8724
780	7791
1089	8751
1063	9727
615	7748
534	9697
1560	9310
841	9109
467	9021
712	8197
1106	9970
896	7263
4652	8086
656	9647
956	7892
616	9635
832	8579
782	9249
461	9690
775	7969
765	9701
798	9273
766	8168
693	8851
877	8810
974	9532
1368	6271
884	8956
713	9429
613	8380
882	7104
2940	7698
687	9177
1164	8465
739	9915
605	9764
1418	4863
545	8120
747	9710
815	9379
517	9668
698	8281
874	9139
963	9905
672	8220
553	7651
663	9731
544	8039
925	9432
881	8476
1108	9954
789	7909
609	9010
1205	5891
878	8504
429	7813
812	8597
973	7404
729	9055
963	7257
378	8889
824	8832
945	9817
505	8224
900	8193
547	7880
867	9130
799	8972
782	8118
9300	6204
818	8025
860	9954
700	8724
1038	9407
1641	5524
1239	6475
698	7681
814	8886
710	7660
4240	9636
622	9997
731	8821
565	9045
1196	7751
854	9907
463	7661
578	9696
708	8937
545	8746
850	8955
487	7977
769	5973
900	9635
509	7688
809	8920
1167	7613
311	9375
739	9338
1133	8209
577	8932
626	8643
836	7947
603	8048
715	8696
839	8044
1421	8884
3428	8705
848	9316
969	9386
702	9293
1155	6775
917	9148
836	8691
788	9031
800	8516
646	8182
594	8525
497	7847
765	7634
1163	6589
768	9814
6975	9916
321	8181
708	8926
799	8875
6851	9840
566	9235
802	8217
4574	9901
659	9611
528	9571
1260	9083
840	9370
2485	6465
716	8777
822	9668
4093	7281
883	9194
6896	7735
750	7748
338	9062
1003	8116
823	9069
1128	8008
1021	9499
671	8663
661	8556
739	7969
608	9892
707	9532
1065	7853
727	9938
836	6985
829	7024
966	6900
1062	7378
986	9103
993	8799
668	7178
8967	5779
900	8053
951	8848
678	9584
760	9321
1028	6125
659	9939
802	5437
510	7165
1000	8520
1088	6848
1008	9532
454	8173
3926	7801
1011	8348
1087	6789
656	8644
713	7704
903	8226
1181	7050
6915	8568
989	6661
1295	6578
853	9003
808	8034
724	8878
931	8024
724	9575
766	8901
2788	6415
267	9971
1233	9216
1089	6831
531	9454
1163	9897
851	9473
1297	9552
918	9147
918	9779
772	8902
588	8151
443	9325
853	9294
7191	9005
700	9807
818	9013
627	9999
818	8005
996	8632
933	6449
743	9791
883	9639
831	8197
976	9293
913	8734
625	8071
671	8290
840	6094
1169	8861
808	7063
593	7820
559	9239
1347	6639
1324	5724
612	9342
1143	6913
814	9022
594	9224
892	8510
734	9155
1249	5917
1025	9536
992	5483
660	9556
708	6142
816	9235
294	9097
660	8554
737	8679
584	9353
608	8372
3351	7410
648	8948
1006	7195
735	7774
1429	8475
1033	9970
885	9364
1119	9988
9576	7141
709	5120
640	7505
1003	8015
689	7255
650	8594
2317	8402
884	8946
549	9998
449	7548
986	7628
4519	8094
591	9976
848	9483
1179	6611
1076	5134
943	9968
1315	5867
674	7153
787	9061
689	9557
697	8949
778	7565
1186	6379
718	9775
822	7869
508	8836
671	8833
671	9445
700	8328
6799	8954
754	8144
737	8464
773	9979
690	9705
800	9060
2954	9895
2527	7217
731	9002
667	9199
3249	8202
640	9284
1034	9548
666	8971
5032	9084
1014	9499
876	8559
4666	8275
589	8805
933	6945
1075	6375
655	7844
875	8381
730	7702
703	6576
995	9330
396	9307
916	7611
932	9496
705	9059
1318	5523
670	8843
807	7457
846	8068
6926	9824
819	8631
796	8949
944	8512
1002	9775
950	9763
990	7008
9116	6360
766	7246
437	8695
1782	9953
813	6184
960	9460
583	8433
1357	9867
808	8466
1110	9984
793	9297
946	7637
809	9273
606	9472
755	9914
856	8408
657	8928
993	9012
878	8431
680	9719
811	9200
424	8668
976	9343
1050	5314
749	7872
862	9505
1034	8972
733	8649
1262	6883
500	8955
1717	6901
745	8768
764	9991
1119	7144
1062	6293
932	9102
1193	4898
312	8514
743	7637
974	7933
681	8795
1143	6559
7003	9292
1509	6280
382	9950
519	8660
702	8026
619	9809
582	9369
613	8186
2485	9786
803	7895
799	9656
435	9428
743	9565
786	9789
845	8564
6330	9030
605	8014
1165	9328
930	9561
809	6911
6776	9589
712	6967
912	9052
603	8410
894	8666
839	7731
800	9373
6885	9947
538	8985
532	9537
972	9142
803	9778
1288	5581
920	8626
582	9214
941	8418
731	8391
916	9734
498	9963
860	8467
7053	9192
880	7594
874	8698
7096	8119
1447	5792
1373	9694
753	9599
537	9250
942	7781
914	9280
550	8903
715	8247
5678	5857
1011	9857
760	9613
790	9914
1070	9176
842	9748
696	8504
614	9535
565	9496
755	9384
1094	9294
793	9831
851	9410
973	9579
622	9624
7000	9141
915	8395
774	9219
3591	9281
720	8492
816	8833
469	7618
701	8305
811	9480
905	9663
593	9516
458	9041
706	9470
9592	5935
808	9874
156	9182
595	9573
517	9547
792	7219
579	8201
917	9920
1016	7909
1175	7715
379	8791
1936	6455
932	9726
2371	8637
2490	9236
557	8762
968	8906
1018	6266
878	9551
920	7623
696	8738
1132	9598
1103	7806
7026	9851
878	8390
837	5425
584	8499
770	8330
776	9671
738	9806
777	9420
897	8246
621	9816
755	8504
555	7399
386	8402
828	7743
702	7805
706	8900
961	8962
825	8300
866	9322
537	8184
722	8755
643	9480
858	9623
923	7783
6967	9016
782	8491
1800	6242
873	9376
760	6798
796	9945
844	7363
306	9426
494	9177
678	8366
536	8905
2426	9742
647	9168
669	9393
820	8219
855	8111
1162	8246
547	9292
585	9999
842	7366
1647	9291
910	9991
520	7344
783	5833
596	8368
988	7392
1156	8710
762	8553
1560	6822
806	8124
906	7182
639	8901
1208	5700
1234	8734
427	9557
1027	9477
972	6623
773	9614
718	9826
512	8285
1089	8717
885	8667
979	9445
752	7906
2695	9869
1360	9088
671	7707
628	8262
721	9590
657	8665
912	8502
7106	8025
865	7785
953	9643
4533	9126
826	6057
827	9139
1139	6823
778	8174
668	8213
612	7103
804	9018
560	9347
496	8765
710	7996
1162	6563
1681	8079
314	9954
670	9066
752	8445
805	8671
556	6197
882	7582
1166	6353
2417	8129
996	4749
969	9768
795	9555
123	7695
580	9343
1157	6115
611	8410
834	8205
1060	8225
898	8781
875	8715
1342	6821
873	9595
732	9787
657	9169
840	8882
602	9444
767	8524
1087	9571
706	9271
1228	5937
619	7753
888	9624
636	9472
823	7191
842	8705
1801	9030
6987	9512
753	9613
745	8632
836	6616
771	7066
814	8336
687	9388
761	9187
755	9928
4712	9279
754	9880
482	8698
818	7905
990	8647
709	9992
890	8240
868	8201
6514	9415
970	7875
1150	6772
800	9265
701	9472
2286	7878
923	9291
561	9767
846	7779
704	7659
743	9675
1275	7261
645	9794
4006	7724
693	8093
631	9700
632	7693
879	8252
706	8810
512	9874
896	9379
674	8279
3797	9507
657	9513
712	9691
502	9583
829	8503
848	9211
791	9959
747	9051
677	9412
894	8148
743	9994
777	6683
704	9268
808	5968
710	8235
782	9899
835	9989
841	7762
786	8074
1091	6860
1027	9357
570	9707
3054	9779
933	8458
566	7748
686	9541
7055	7929
560	8158
5280	8571
949	9108
584	9998
9732	6654
442	9638
728	9277
630	9429
475	8012
7081	8179
793	7598
845	8782
760	9990
455	8476
852	7396
798	7644
545	8336
983	9400
6966	7929
1006	9119
1387	6208
336	9368
724	9425
617	8145
870	9967
760	9540
896	9995
1099	5454
953	8656
770	8582
616	8615
759	9126
1109	6323
566	9570
861	9367
706	8937
562	8287
613	7311
946	7964
538	9626
783	9437
7027	6864
516	7844
666	9614
801	8522
830	9529
748	9936
712	9718
765	8278
746	6472
750	9410
767	9941
641	8381
1567	8997
916	9954
2886	9217
858	8505
667	9186
897	9122
329	8908
1018	7084
691	9482
864	9335
1038	9313
5130	8992
768	8899
622	7977
795	8296
5015	5685
607	8257
1002	7780
706	8110
613	8118
967	6310
5612	9578
712	9312
806	9452
662	7730
659	9065
875	8132
717	8338
763	8631
796	7746
810	6777
1139	8637
692	6358
5067	6591
817	9494
727	7855
665	8713
7021	9667
1528	9932
709	9152
918	8169
832	8403
1037	8617
548	9988
627	9070
624	8731
534	8889
1078	9286
744	9474
410	9594
796	7833
681	8567
735	8892
901	6536
9699	6777
825	9577
1038	7028
763	9939
1024	9107
700	8653
943	6785
1130	9224
659	8537
6217	7913
609	6982
622	9743
870	6307
795	9841
630	8101
695	9950
971	6618
9234	6389
1926	9708
671	8031
659	7826
849	7810
878	9353
641	9492
746	9545
613	8328
585	8605
1004	6011
524	8033
1021	9947
809	8302
890	9950
575	9094
1188	6335
4726	9714
875	8730
721	5503
1208	6674
728	7080
690	9746
724	8808
1054	6690
696	8542
679	9499
720	7088
7019	8454
872	8282
726	9249
396	8046
970	6930
3232	7152
1275	5942
976	8643
1630	6893
989	8554
747	9085
1146	5085
6971	7902
839	8872
2075	6985
960	6787
701	9845
668	8957
722	7881
620	7392
576	8291
1014	9981
7089	7829
887	9562
722	9351
705	7441
974	7687
802	9992
1417	6221
1062	9011
683	9938
1009	7532
809	8083
990	5801
615	8168
760	8137
967	9994
802	8096
1134	6855
866	8193
915	7403
532	7946
1144	8826
1044	9271
1111	6374
555	8571
882	7649
732	9994
897	7916
791	9067
1075	6642
1193	6162
692	9579
877	9205
988	9768
900	8960
647	9514
874	9954
7009	9449
887	8011
980	8655
811	8543
1000	5112
738	8949
763	8850
897	8800
706	9371
628	8323
891	9657
1057	8414
569	9265
998	6000
952	8144
586	7448
868	9037
1816	8655
870	4105
601	8421
814	8001
737	9938
3851	9159
988	9982
1233	4738
593	8302
932	9371
867	9218
559	8118
671	8538
895	9758
1002	6283
813	7137
796	7788
6867	8759
608	8401
3022	9527
876	9001
796	9018
757	9272
923	8401
2535	9890
743	8108
508	8598
6872	9057
443	8418
710	9472
1299	7057
1053	9928
828	9997
1159	6413
7207	8257
631	9577
780	8228
465	7731
717	9221
563	8469
2071	8399
581	8545
821	9774
6803	8314
764	9778
729	9677
627	9972
496	7999
6997	9928
877	9534
855	5679
472	7679
690	8287
654	9887
565	8320
1632	8706
794	8642
834	9094
826	8862
740	8975
901	9557
854	9775
489	8989
1206	6939
826	7199
873	7629
6793	8130
815	8670
1032	9576
4915	9903
686	8086
1068	8798
722	9344
792	9216
741	9120
919	9180
1100	9347
947	9130
792	9520
877	7317
592	9189
590	9690
914	8590
2156	9171
808	8157
504	9913
980	8699
7235	8666
831	8618
906	4463
3258	9623
323	9661
685	9095
755	9198
783	9960
806	9216
720	8841
1192	8755
773	8161
9610	5835
714	8841
816	9692
1292	7946
815	9496
736	7854
782	9999
803	9856
776	9195
1992	9335
610	9695
757	9273
3678	7632
938	8651
770	9005
319	9428
901	7300
533	8480
436	9029
668	6941
984	8817
1041	6850
551	7922
749	7708
490	7900
960	8592
599	9810
7034	8698
688	9441
986	9410
9139	7044
627	8134
1020	4748
881	9996
965	7788
953	8699
807	8861
779	8731
279	8693
759	8711
1562	6899
646	9301
904	9148
3241	7481
924	8218
1030	8097
829	8743
1009	6426
967	8258
487	8819
787	8544
778	9274
999	9292
724	8835
6997	9707
622	8514
864	9249
2749	9005
1119	6300
1276	5696
786	7849
370	8330
673	9982
1077	6991
1549	6534
895	9325
703	8291
789	9680
433	7988
848	7966
650	7310
949	8754
808	7980
6872	9219
946	8482
687	8810
419	9987
1089	8749
648	8401
970	9163
700	8441
698	9143
1893	9644
4886	6655
9508	7122
802	6453
908	7618
759	9964
573	9928
817	8497
1286	5413
1216	5784
797	7990
779	9502
776	8253
761	9265
845	8135
1064	9634
1076	8522
3472	5856
639	8052
3783	8707
924	9022
610	9995
722	6494
680	9078
724	9486
4656	6583
9612	5900
888	9959
1034	6175
755	8633
1005	8070
842	9633
983	6731
617	9487
565	9740
531	9259
840	5800
938	5239
6957	9473
4762	9919
637	7090
709	9965
848	9715
843	9153
853	9955
1009	8753
478	8744
555	8099
1240	9350
1013	7294
564	7981
1606	6876
796	9511
485	7022
892	9790
979	7987
800	8065
801	8282
2226	8125
511	7996
794	7361
816	6015
482	9937
906	9467
837	8375
853	8577
860	9344
1192	9307
1525	5907
786	8572
850	9239
732	9868
1059	9034
978	8012
5421	9226
1121	5871
7098	9143
607	8109
5708	8021
694	9681
713	8549
1944	5984
770	9089
551	8547
845	9733
329	7982
429	9502
579	7633
736	9372
645	8721
608	8357
1118	9462
918	8056
436	9504
811	9503
811	8996
846	9911
733	6567
549	9801
1078	6623
1221	9251
457	8316
715	9317
908	8641
502	8946
1022	8784
849	9431
1805	8055
862	7889
847	9665
1057	7752
727	8667
735	9998
695	9413
775	9802
708	7583
713	8236
999	9040
1032	9277
739	8316
1040	9437
477	9256
783	7942
653	8865
754	9948
680	8362
3610	9433
699	8160
725	9319
1117	6550
1014	9423
471	9575
653	9874
583	8919
642	8678
795	9105
439	9237
1046	9252
4550	9621
989	9201
4221	8647
851	8823
673	9511
1002	6675
762	6459
535	8997
855	9698
981	9670
6756	7756
540	9466
822	9331
872	9904
813	8344
1058	9288
777	9612
786	8583
1080	6995
939	9406
800	8591
1455	5575
1327	5600
1113	5340
630	9514
1010	6983
958	9772
769	8564
974	8489
819	9307
719	9514
553	8156
762	7608
796	8294
701	8582
561	7487
496	8676
623	9388
892	7137
831	8994
1741	8071
3784	7989
700	9372
448	9875
779	9559
5009	7449
4325	9084
843	8267
767	7397
740	8381
528	9223
898	9119
544	8387
646	8272
813	8566
933	8652
5490	9445
730	9029
496	8940
988	6752
758	9401
909	6808
471	8630
427	7318
689	8809
1275	5833
578	9006
1295	6082
1088	9613
623	8511
758	9150
782	9551
730	8592
591	7957
541	8772
780	9343
852	8150
666	8083
4923	6576
914	7302
726	8115
7041	9519
737	8198
612	7393
586	9537
343	8610
1699	8175
591	9327
777	8552
774	6812
790	9836
646	8725
509	8341
821	8578
773	8941
6987	8114
802	8391
859	6883
3408	7997
642	7626
947	9300
806	9656
1212	6401
1424	6960
511	8758
990	9796
837	8943
610	9990
1090	7313
963	7925
732	9021
683	9053
1053	8451
380	9289
679	8846
540	8804
659	9745
1152	5650
7059	7819
9986	5720
1667	6190
6928	8319
676	7948
595	8100
749	8890
843	8784
773	9920
778	9452
7036	9240
636	9075
5808	8475
823	7933
620	9116
588	9569
1210	6642
706	8127
572	6212
907	8250
936	7612
749	9143
1526	9702
4777	8740
900	9727
466	8979
882	9018
445	8637
721	7796
540	8933
847	8756
668	8383
727	8509
660	7693
1461	5582
773	7997
945	9010
590	8673
765	7661
779	6952
3368	8540
641	9254
613	8884
703	8895
1075	6369
941	8058
824	8952
589	9108
848	9634
406	9118
845	7899
935	9997
1104	7958
583	7170
4270	8928
1282	6373
1449	5770
629	7972
1149	6303
767	9164
1250	6109
517	9481
652	7291
882	8204
616	9980
454	9739
7046	8912
1341	5891
932	5331
1015	6893
3190	9067
701	7974
536	8789
932	6452
924	7961
1083	6387
503	8859
879	9365
672	9998
779	9587
452	8987
837	9699
1233	6506
866	7463
6879	9267
1725	9978
914	9393
1093	6066
978	9509
1130	8618
1014	8417
863	9810
2307	9155
538	8278
1225	6341
987	9159
564	8095
6938	7989
769	9055
651	8967
527	9869
869	9362
1177	6077
967	8735
877	9444
1004	7769
652	8233
548	5608
1535	6592
572	7757
5514	8351
4624	9947
1252	6416
645	8291
852	8428
573	7467
616	9308
1437	6976
760	7831
865	9952
767	8092
729	8389
676	7795
647	7875
824	7810
859	5656
6955	9658
614	8992
665	7839
722	6237
497	7171
1122	8752
1082	9184
730	7909
3090	6213
633	9148
616	9136
528	9391
1088	9278
574	9140
921	9048
619	9535
636	9391
766	9849
662	9294
957	9222
239	8695
808	8229
1260	5340
884	8785
2414	9217
826	9231
946	7884
1044	5643
751	8912
777	5245
1049	8614
679	7628
906	6434
742	8393
761	9765
910	8326
827	4828
724	9905
661	9273
600	8449
686	8496
630	9960
5690	7871
1051	8147
1133	8943
942	7013
1364	5200
658	9169
846	8787
993	5878
1471	5898
869	7802
793	8528
800	6642
968	6366
1227	6351
614	8162
653	7815
670	9337
6976	8429
607	9626
613	9340
900	9965
885	9143
912	8568
638	9879
896	9506
843	6519
702	9543
808	9493
2537	9933
631	8591
735	9671
607	8607
620	9967
765	8387
699	7522
885	9998
1194	7326
537	9550
850	7927
963	9885
665	9684
476	8951
828	9130
857	9891
612	8526
594	9739
679	6523
786	6100
987	8238
655	9695
511	8605
2059	6306
487	9999
658	7988
915	9990
830	9960
819	8138
773	9551
615	7265
1019	9794
836	8979
766	8647
939	9126
758	9949
1032	8127
632	7661
719	9379
9201	4924
1126	6239
798	7820
572	9424
1198	5307
922	8868
727	9375
551	9710
483	8744
598	9120
527	8340
501	8111
964	9389
859	9955
1245	6681
918	9558
737	9846
635	9061
9395	5931
852	5924
742	9010
714	9742
620	8709
811	9465
966	9081
657	8977
830	8524
760	9886
1230	6704
663	9992
507	7777
880	8411
1062	6739
675	8066
672	7869
996	7221
664	9911
732	7980
5588	6938
681	8498
811	8817
1201	7117
727	8436
996	8420
846	8296
1060	7905
1009	8624
845	9206
889	8437
989	8840
1023	9266
3857	9068
541	8895
758	7979
845	8316
879	8859
6767	7271
906	9984
902	9948
789	8501
997	8376
754	9973
822	6838
913	6357
550	8922
901	7506
1179	6664
784	8574
773	8184
841	8730
837	7460
714	9210
715	9183
783	8772
794	9921
957	9011
608	9937
1012	8800
873	9753
638	9950
801	8752
6926	6224
742	8794
554	9048
859	9677
951	6801
382	8060
919	9906
1233	9428
908	9732
888	9626
600	8752
717	6095
730	8646
1073	9106
839	8945
777	9600
566	9556
576	9593
494	7715
5887	9695
617	8088
809	9337
690	7466
716	8259
859	9269
1554	8544
649	8662
596	9952
695	8673
435	8815
857	9088
553	7655
1050	7777
716	9004
321	9296
3946	8075
841	8611
738	8387
630	8710
1063	9272
800	9035
802	9510
582	8087
772	9426
819	7837
800	9758
869	6375
780	9314
840	8186
689	9676
831	9999
3861	8556
869	8350
952	8512
614	8524
989	5819
492	9718
562	9765
590	9469
832	8147
743	8844
749	7950
950	9403
845	8080
1025	6873
848	6604
6354	9588
580	9164
1209	9557
1439	7434
890	9085
595	8140
862	8728
883	9548
816	9531
987	8852
775	9739
638	5971
595	8310
670	9638
602	9748
745	7997
624	8889
776	9924
843	8214
916	9462
738	8620
685	8344
777	8874
818	9620
844	8071
860	7866
611	9439
881	9984
928	9989
703	8519
641	8775
925	8827
1089	8510
1155	6933
725	9253
1326	9731
731	8370
769	8706
825	9643
714	7520
3756	9521
592	8148
889	8278
630	9050
515	9068
863	9474
741	8863
552	9684
708	9026
854	8562
1058	9059
4577	6001
707	9549
816	8744
1248	9410
579	7993
890	9654
832	7336
951	8610
1810	9019
671	9760
3727	8896
2369	7636
730	9070
735	8362
699	9271
716	9999
975	9356
685	7841
357	9520
812	8419
666	7116
1081	9793
828	9076
477	8067
1055	9956
768	6262
471	6332
1017	6603
634	8460
897	6269
768	9471
780	9233
905	9541
644	6309
1081	6133
747	9658
1011	6494
721	7886
789	9894
162	7699
740	9520
901	8359
551	8816
877	9234
1056	6474
876	8430
279	9525
987	9688
699	8666
979	9913
831	8735
3795	7504
6778	8604
4401	6379
511	9363
6681	9981
1027	7971
603	9148
1037	6940
1002	6634
6479	6159
600	9998
532	8461
691	6919
800	8953
609	7593
872	7622
1054	9964
561	8996
4217	9551
562	8299
750	9211
874	8141
770	7638
999	8751
1301	9368
713	6543
927	7681
534	8620
415	8454
883	7924
821	8362
425	9849
867	9214
1013	6064
764	9867
855	8317
1198	8596
761	9776
514	7849
682	8724
867	9748
555	7736
904	9092
788	9796
928	8568
512	9986
944	8291
719	9272
751	8570
9999	6574
1237	8866
712	8070
579	7829
7065	9178
534	8036
1165	6566
949	6705
747	7876
646	9577
684	8545
1255	6514
717	7572
796	9013
972	9140
1214	7705
547	8789
1017	8661
893	9083
646	6966
1018	9279
884	8308
758	8171
808	9202
761	9936
920	9647
874	9951
915	8580
1184	5886
820	9657
547	9124
881	8365
720	7650
754	9624
1293	6003
791	8287
1486	6622
734	7456
939	8114
647	7585
523	9843
1356	5708
711	8009
1182	8907
682	9991
2509	9674
970	9563
619	8025
636	9112
933	8502
702	6650
787	9898
6953	8941
990	7056
897	7936
450	7419
1068	9611
502	7650
959	9133
752	7421
801	8386
702	9421
593	9256
726	9303
958	9274
910	6802
758	8098
777	9837
1014	9567
616	9086
711	8690
856	8214
1004	9456
824	9870
846	8835
652	9998
819	8042
1018	7103
662	9659
2081	8328
1154	9018
847	7599
792	9294
867	8966
148	7188
650	9077
835	5715
703	9311
840	8211
884	8867
1285	5984
864	1241
984	9199
872	9585
751	8270
7023	8581
926	9459
738	7964
737	7525
939	8734
624	9370
736	8010
665	9402
741	5974
951	8967
731	9537
980	7562
