1	154
1	136
1	142
1	111
1	153
1	161
1	132
1	167
1	157
1	158
1	151
1	98
1	133
1	148
1	162
1	157
1	123
1	115
1	148
1	83
1	114
1	129
1	128
0	63
1	140
1	145
1	146
1	108
1	142
1	152
1	164
1	153
1	130
1	132
1	118
1	112
1	155
1	130
1	115
1	138
1	142
1	149
1	145
1	154
1	154
1	129
1	134
1	76
1	117
1	141
1	151
1	123
1	118
1	147
1	122
1	133
1	152
1	164
1	163
1	99
1	123
1	127
1	154
1	97
1	156
1	87
1	163
1	105
1	74
1	160
1	137
1	115
1	127
1	111
1	108
1	129
1	162
1	146
1	118
1	163
1	147
1	129
1	169
1	145
1	133
1	167
1	144
1	124
1	158
1	101
1	156
1	121
1	146
1	152
1	92
1	161
1	118
1	113
1	114
1	167
1	175
1	160
1	159
1	153
1	131
1	155
1	175
1	149
1	107
1	157
1	146
1	151
1	162
1	115
1	112
1	151
1	146
1	158
1	105
1	149
1	105
1	105
1	84
1	172
1	125
1	139
1	108
1	147
1	165
0	114
1	168
1	142
1	160
1	137
1	151
1	144
1	172
1	135
1	159
1	140
1	98
1	173
1	143
1	120
1	136
1	145
0	136
1	140
1	115
1	123
1	156
1	151
1	159
1	167
1	119
1	152
1	157
1	94
1	162
1	151
0	115
1	156
1	158
1	139
1	133
1	83
1	169
1	153
1	168
1	159
1	130
1	55
1	112
1	155
1	147
1	108
1	146
1	146
1	159
1	151
1	107
1	168
1	155
1	132
1	153
1	138
1	147
1	153
1	140
1	127
1	159
1	98
1	127
1	114
1	156
1	144
1	132
1	142
1	150
1	142
1	131
1	101
1	164
1	159
1	133
1	123
1	148
1	153
1	145
1	132
1	137
1	133
1	153
1	171
1	158
0	71
1	156
1	122
1	154
1	143
1	118
1	146
1	164
1	110
1	135
1	133
1	163
1	101
1	159
1	84
1	128
1	164
1	140
1	105
1	91
1	154
1	41
1	149
1	94
1	141
1	102
1	143
1	87
1	174
1	125
1	173
1	165
1	94
1	147
1	170
1	160
0	112
1	118
1	120
1	144
1	144
1	133
1	145
1	154
1	120
1	146
1	170
1	137
1	112
1	135
1	154
1	138
1	95
1	152
1	125
1	155
1	167
1	116
1	108
1	137
1	109
1	156
1	158
1	157
1	86
1	160
1	143
1	155
1	131
1	161
1	155
1	171
1	78
1	75
1	105
1	167
1	140
1	154
1	129
1	138
1	155
1	144
1	141
1	131
1	73
1	148
1	135
1	159
1	161
1	123
1	171
1	173
1	134
1	123
1	47
1	102
1	119
1	102
1	145
1	160
1	146
1	134
1	75
1	149
1	141
1	148
1	149
1	140
1	160
1	112
1	139
1	158
1	145
1	110
1	136
1	122
1	161
1	151
1	163
1	160
1	133
1	127
1	151
1	131
1	135
1	142
1	165
1	133
1	130
1	145
1	137
1	111
1	114
1	74
1	145
1	141
1	143
1	144
1	159
1	73
1	131
0	47
1	104
1	133
1	100
0	39
1	150
1	101
1	114
1	151
1	138
0	104
1	122
1	124
1	114
1	118
1	159
1	142
1	144
1	133
1	116
1	129
1	141
1	151
1	149
1	130
1	128
1	131
1	140
1	167
1	141
1	86
1	122
1	167
1	150
1	164
1	132
1	143
1	168
1	95
1	138
1	121
1	104
1	122
1	118
1	145
1	153
1	102
1	103
1	121
1	147
1	172
1	157
1	149
1	140
1	134
1	141
1	124
1	152
1	148
1	133
1	161
1	137
1	147
1	121
1	104
1	154
1	160
1	116
1	121
1	126
1	158
1	109
1	131
1	145
1	119
1	127
1	136
1	113
1	94
1	152
1	147
1	110
1	147
1	154
1	173
1	137
1	142
1	146
1	153
1	131
1	143
1	104
1	92
1	113
1	112
1	75
1	172
1	109
1	150
1	89
1	156
1	135
1	142
1	144
1	137
1	60
1	165
1	120
1	151
1	100
1	140
1	154
1	125
1	140
1	98
1	157
1	93
1	122
1	137
1	110
1	145
1	105
1	105
1	140
1	154
0	31
1	154
1	132
1	159
1	124
1	124
1	161
1	101
1	162
1	169
1	167
1	137
1	133
1	155
1	74
1	136
1	128
1	113
1	164
1	147
1	111
1	155
1	141
1	128
1	139
1	140
1	148
1	101
1	17
1	144
0	139
1	156
1	157
1	142
1	99
1	161
1	149
1	148
1	151
1	137
1	136
1	141
1	100
1	160
1	149
1	154
1	154
1	153
1	160
1	166
1	148
1	127
1	146
1	126
1	137
1	165
1	145
1	153
1	122
1	154
1	165
1	137
1	164
1	112
1	137
1	143
1	170
1	139
1	138
1	54
1	147
1	150
1	132
1	117
1	93
1	158
1	153
1	142
1	154
1	170
1	175
1	141
1	120
1	143
1	139
1	125
1	133
1	126
1	139
1	128
1	155
1	142
1	146
1	139
1	143
0	119
1	157
1	138
1	163
1	145
1	149
1	148
1	173
1	158
1	96
1	113
1	132
1	144
1	131
1	139
1	111
1	160
1	161
1	146
1	62
1	155
1	150
1	150
1	165
1	122
1	126
1	139
1	147
1	137
1	121
1	104
1	152
1	131
1	169
1	131
1	148
1	123
1	148
1	112
1	139
1	128
1	146
1	160
1	143
1	154
1	128
1	126
1	145
1	151
1	119
1	122
1	147
1	129
1	141
1	138
1	148
1	123
1	135
1	147
1	174
1	113
1	149
1	136
1	162
1	111
1	163
1	131
1	119
1	140
1	96
1	131
1	139
1	151
1	125
1	141
1	146
1	160
1	141
1	145
1	126
1	144
1	115
1	164
1	135
0	46
1	117
1	162
1	144
1	116
1	158
1	164
1	158
1	141
1	170
1	134
1	146
1	175
1	150
1	121
1	107
1	137
1	156
0	149
1	164
1	139
1	85
1	158
1	138
1	141
1	140
1	143
1	151
1	173
1	154
1	155
1	141
1	142
1	123
1	136
1	175
1	151
1	123
1	145
1	94
1	141
1	164
1	158
1	52
1	159
1	160
1	140
1	133
1	149
1	112
1	121
1	98
1	143
1	162
1	149
1	150
1	146
1	126
1	141
1	158
1	120
1	128
1	142
1	81
1	149
1	103
1	140
1	135
1	119
1	123
1	131
1	136
1	140
1	122
1	146
1	136
0	12
1	157
1	151
1	131
1	141
1	145
1	156
1	145
1	103
1	146
1	147
1	161
1	79
1	124
1	175
1	114
1	142
1	158
1	158
1	161
1	126
1	138
1	127
1	107
1	153
1	66
1	152
1	144
1	122
1	158
1	136
1	163
1	144
1	148
1	116
1	142
1	135
1	116
1	64
1	118
1	145
1	149
1	162
1	140
1	163
1	140
1	121
1	126
1	129
1	134
1	159
0	119
1	166
1	140
1	142
1	143
1	154
1	147
1	174
1	79
1	105
1	160
1	165
1	173
1	125
1	103
1	114
1	138
1	100
1	143
0	64
1	158
1	159
1	73
1	123
1	153
1	150
1	161
1	100
1	112
1	136
1	151
1	128
1	106
0	60
1	126
1	154
1	117
1	165
1	164
1	143
1	138
1	76
1	130
1	134
1	114
1	139
1	161
1	172
1	156
1	88
1	126
1	125
1	166
1	154
1	141
1	170
1	118
1	144
1	132
1	114
1	134
1	126
1	113
1	134
1	163
1	108
1	142
1	130
1	152
1	143
1	155
1	154
1	82
0	11
1	147
1	144
1	148
1	129
1	106
1	129
1	160
1	154
1	103
1	129
1	172
1	97
1	170
1	158
1	118
1	161
1	147
1	143
1	149
1	163
1	130
1	136
1	171
1	161
1	118
1	128
1	141
1	144
1	160
1	135
1	134
1	82
1	111
1	149
1	128
0	102
1	126
1	123
1	128
1	164
1	169
1	147
1	95
1	156
1	139
1	133
1	153
1	163
1	175
1	137
1	148
1	157
1	101
1	153
1	123
1	118
1	78
1	92
1	135
1	154
1	119
1	156
1	145
1	100
1	135
1	135
1	115
0	35
1	104
1	158
1	157
1	134
1	140
1	146
1	169
1	135
1	157
1	134
1	137
1	134
1	128
1	149
1	144
1	145
1	140
1	159
1	107
1	129
1	143
1	165
1	153
1	128
1	120
1	110
1	163
1	122
1	82
1	131
1	106
1	131
1	130
1	145
1	69
1	163
1	139
1	136
1	151
1	156
1	111
1	116
1	79
1	112
1	123
1	120
1	155
1	159
1	163
1	165
1	133
1	142
1	148
1	159
1	169
0	20
1	111
1	153
1	142
1	139
1	123
1	163
1	134
1	143
1	165
1	161
1	146
1	150
1	133
1	163
1	151
1	93
1	153
1	146
1	148
1	130
1	133
1	117
1	155
1	136
1	158
1	137
1	142
1	148
1	140
1	139
1	118
1	131
1	91
1	140
1	103
1	144
1	81
1	121
1	133
1	1
1	136
1	125
1	80
1	132
1	127
1	145
1	163
1	127
1	130
1	107
1	130
1	132
1	141
1	156
1	132
1	156
1	151
1	155
1	167
1	157
1	148
1	153
1	143
1	77
1	152
1	115
1	156
1	119
1	125
1	128
1	144
1	148
1	148
1	175
1	103
1	138
0	63
1	161
1	137
1	172
1	135
1	132
0	109
1	169
1	115
1	131
1	144
1	116
1	145
0	44
1	102
1	144
1	128
1	125
1	161
1	160
1	116
1	154
1	157
1	136
1	151
1	145
1	95
1	146
1	154
1	107
1	128
1	123
1	153
0	118
1	121
1	124
1	162
1	148
1	172
1	134
1	139
1	140
1	170
1	147
1	139
1	116
1	141
1	161
1	125
1	144
1	151
1	165
1	170
1	147
1	151
1	150
1	125
1	118
1	120
1	146
1	88
1	115
1	130
1	147
1	105
1	140
1	162
1	123
1	107
1	115
1	132
1	163
1	130
1	134
1	163
1	92
1	120
1	162
1	146
1	133
1	130
1	128
1	140
1	163
1	161
1	142
1	144
1	95
0	119
1	158
1	103
1	95
1	102
1	126
1	145
1	55
1	96
1	148
1	160
1	111
1	104
1	137
1	152
1	135
1	131
0	74
1	85
1	174
1	105
1	110
0	53
1	115
1	159
1	88
0	29
1	122
1	130
1	149
1	108
1	117
1	139
1	60
1	154
1	118
1	144
1	100
1	109
1	136
1	140
1	151
1	146
1	121
1	143
1	155
1	129
1	81
1	99
1	134
1	85
1	116
1	163
1	139
1	157
1	108
1	138
1	88
0	80
1	145
1	126
1	111
1	137
1	142
1	138
1	147
1	94
1	120
1	162
1	150
1	150
1	113
1	120
1	143
1	146
1	144
1	143
1	127
1	163
0	143
1	166
1	128
1	154
1	103
1	112
1	160
1	23
1	153
1	145
1	129
1	139
1	160
1	119
1	167
1	164
1	169
1	146
1	159
1	135
1	133
1	159
1	151
1	138
1	112
1	138
1	154
0	135
1	117
1	144
1	156
1	123
1	162
1	125
1	150
1	171
1	111
0	101
1	147
1	81
1	116
1	131
1	112
1	93
1	123
1	143
1	148
1	111
1	149
1	143
0	44
1	147
1	156
1	153
1	117
1	114
1	143
1	151
1	143
1	104
1	151
1	156
1	136
1	147
1	156
1	133
1	165
0	79
1	161
1	92
1	125
1	137
1	160
1	116
1	129
1	159
1	101
1	41
1	99
1	169
1	154
1	108
1	169
1	158
1	157
1	161
1	160
1	133
1	147
1	86
1	127
0	79
1	143
1	72
1	114
1	159
1	165
1	148
1	127
1	147
1	139
1	165
1	108
1	114
1	150
1	163
1	96
1	162
1	118
1	100
0	123
1	125
1	138
1	144
1	148
1	101
1	99
1	127
1	136
1	137
1	122
1	116
1	148
1	127
1	155
1	108
1	133
1	73
1	109
1	163
1	118
1	107
1	171
0	87
1	129
1	109
1	134
1	136
1	162
1	170
1	121
1	108
1	77
1	155
1	146
1	142
1	144
1	151
1	142
1	153
1	128
1	160
1	118
1	137
1	165
1	149
1	157
1	151
1	120
1	155
1	123
1	117
1	99
1	150
1	118
1	155
1	138
1	114
1	156
1	126
1	132
1	143
1	101
1	161
1	127
1	130
1	96
1	144
1	149
1	167
1	148
1	123
1	111
1	111
1	113
1	157
1	87
1	159
1	161
1	116
1	171
1	93
1	137
1	144
1	112
1	105
1	128
1	168
1	151
1	134
1	142
1	86
1	147
1	146
1	151
1	161
1	131
1	134
1	133
1	82
1	122
1	158
1	167
1	165
1	110
1	124
1	132
1	112
1	136
1	155
1	145
1	137
1	153
1	171
1	142
1	135
1	146
1	136
1	164
1	107
1	115
1	142
1	127
1	124
1	135
1	133
1	139
1	159
1	148
1	129
1	100
1	133
1	157
1	119
1	148
0	15
1	147
1	151
1	158
1	86
0	98
1	127
1	131
1	143
1	81
1	151
1	119
1	156
0	154
1	135
1	139
1	125
1	108
1	133
1	165
1	160
1	159
1	132
1	140
1	142
1	149
1	144
1	154
0	118
1	149
1	124
1	151
1	169
1	126
1	132
1	62
1	103
1	116
1	137
1	125
1	163
1	141
1	164
1	132
1	76
1	136
1	150
1	141
1	153
1	112
1	157
1	112
1	142
0	54
1	159
1	150
1	164
1	147
1	145
1	105
1	98
1	164
1	141
1	139
1	131
1	67
1	170
1	138
1	144
1	135
1	154
1	155
1	146
1	85
1	114
1	125
1	170
1	132
1	154
1	125
1	49
1	109
1	162
1	144
1	167
1	98
1	173
1	154
0	76
1	163
1	121
1	161
1	157
1	172
1	132
1	165
1	128
1	149
1	170
1	127
1	116
1	147
1	142
1	133
1	136
1	139
1	167
1	149
1	94
1	136
1	160
1	129
1	98
1	145
1	114
1	150
0	90
1	151
1	148
1	123
1	85
0	126
1	57
1	133
1	72
1	140
1	108
1	119
1	93
1	136
1	166
1	111
1	128
1	116
1	116
1	140
0	123
1	147
1	106
1	125
1	151
1	142
1	115
1	150
1	99
1	147
1	101
1	79
1	104
1	155
1	146
1	164
1	142
1	162
1	165
1	143
1	125
1	175
1	118
0	65
1	166
1	148
1	117
1	79
1	147
1	100
1	134
1	140
1	147
1	56
1	137
1	174
1	161
1	154
1	145
1	160
1	100
1	111
1	148
1	126
1	149
1	116
1	118
1	161
1	171
1	158
1	118
1	149
1	132
1	153
1	118
1	150
1	134
1	149
1	131
1	101
1	105
1	122
1	155
1	98
1	147
0	67
1	158
1	128
1	145
1	69
1	91
1	113
1	96
1	122
1	103
1	134
1	160
1	122
1	150
1	94
1	143
1	125
1	157
1	161
1	149
1	161
1	133
1	145
1	124
1	133
1	143
1	161
1	128
1	143
1	147
1	116
1	146
1	138
1	145
1	136
1	126
1	127
1	173
1	84
1	159
1	112
1	137
1	94
1	108
1	142
1	148
1	150
1	79
1	143
1	166
1	130
1	156
1	149
1	125
1	146
1	69
1	145
0	99
1	127
1	130
1	123
1	135
1	159
1	142
1	149
1	149
1	134
1	159
1	125
1	156
1	143
1	135
1	143
1	85
1	138
1	164
1	106
1	151
1	104
1	141
1	121
1	133
1	125
1	73
1	109
1	136
1	161
1	108
1	159
1	91
1	142
1	92
1	149
1	153
1	121
1	126
1	150
1	120
1	164
1	127
1	112
1	166
1	142
1	122
1	99
1	131
1	157
1	142
1	111
1	136
1	151
1	148
1	154
1	126
1	133
1	131
1	147
1	115
1	167
1	161
1	137
1	143
1	138
1	132
1	120
1	119
1	133
1	157
0	88
1	149
1	173
1	93
1	141
1	76
1	122
1	117
1	149
1	130
1	162
1	141
1	143
1	148
1	152
1	124
1	160
1	142
1	118
1	153
1	101
1	120
1	110
1	154
1	74
1	157
1	152
1	125
1	164
0	110
1	169
