1	1096
1	7835
1	1475
1	1372
0	1855
1	1544
1	3195
1	1372
1	2063
1	4501
1	1372
1	1372
1	2245
1	2480
1	1133
1	3242
1	3181
0	7371
1	2455
1	2702
1	3135
1	2672
1	2879
1	3671
1	2502
1	2749
1	1213
1	1668
1	7075
1	3001
1	2024
1	1905
1	2237
1	4460
1	4159
1	2022
1	1937
1	6060
1	1367
0	3036
0	1277
1	1330
0	1663
1	1372
1	1215
1	2060
1	1447
0	4221
1	2053
1	3006
0	5171
1	2024
1	3296
1	1988
1	1372
1	2172
1	3128
1	1637
1	1931
1	3808
1	3606
1	1372
1	2487
1	928
1	1314
1	2276
1	1808
1	2578
1	2908
1	2018
1	2181
1	1671
1	3305
1	2007
1	1372
1	1372
1	2009
1	2600
1	1443
1	0
1	1791
1	5130
1	2130
1	2782
1	2072
1	1711
1	1975
1	877
1	1283
1	4163
1	1602
1	2021
0	7020
1	1594
0	2227
1	5414
1	1102
1	1937
1	2294
1	1372
1	1984
1	2138
1	3121
1	2016
1	1372
1	2682
1	2738
1	2791
1	2267
1	3526
1	1372
1	3884
1	3090
1	2013
1	1372
1	1858
1	3017
1	1619
1	2821
1	2870
1	2903
1	1789
1	1372
1	2244
1	5238
1	1176
1	3051
1	1752
1	5941
1	2027
1	1562
1	2580
1	2350
1	5457
1	3900
1	1877
1	1372
1	6319
1	463
1	1372
1	3923
1	3390
1	1960
1	2139
1	1792
1	3766
0	3564
1	3575
1	1867
1	1648
1	5039
1	2973
1	6208
1	1372
1	2287
1	1583
1	3358
1	1936
1	1372
1	3795
0	1938
1	2020
1	2003
1	2058
1	1372
1	2297
1	2501
1	1746
1	624
1	1453
1	2028
1	2954
1	1979
1	1653
1	2284
1	1372
1	1993
1	2288
1	3072
1	5862
1	1603
1	2574
1	2254
1	1591
1	2005
1	2807
1	4391
1	2164
1	2291
1	1297
1	2463
1	1176
1	1816
1	1216
1	2273
1	216
1	2130
1	4399
1	1070
1	1997
0	3374
1	2345
1	3682
1	1372
1	1736
1	2321
0	1399
1	2536
1	3851
0	5500
1	4394
1	2170
1	2528
1	1582
1	1312
1	1372
1	2270
1	3084
1	2972
1	2178
1	1755
1	1995
1	3935
0	3349
1	1909
1	4634
1	5289
1	3119
1	6567
1	1978
1	1596
1	2496
1	1958
1	2413
1	986
1	2013
1	1372
0	908
0	2972
1	2015
1	5511
1	5460
1	2432
1	4007
1	1642
1	1850
1	1156
1	1690
1	3133
1	2536
1	2863
1	4199
1	4324
0	2656
0	7319
1	2015
0	2127
1	1303
1	2975
1	2542
1	2120
1	2038
1	1560
1	3691
0	3699
1	3155
1	2266
1	1382
0	2681
1	1372
1	1775
0	1945
1	2344
1	2475
1	2267
1	2496
1	2489
1	1359
1	1688
1	1372
1	3343
1	2109
1	4362
1	5499
1	844
1	2681
1	1790
1	1433
1	1764
1	471
1	2030
1	2554
1	1372
1	4886
0	3106
1	5731
1	1483
1	1256
1	2006
1	2567
1	2657
1	2923
1	748
1	2270
1	2085
1	2728
1	2223
1	1408
1	1869
1	1987
1	1008
1	2344
1	2399
1	7492
1	2396
1	5765
1	1527
1	1227
1	2673
1	2313
1	1957
1	1190
1	2102
1	1726
1	2173
1	1253
1	2218
1	2835
1	2501
1	2019
1	1220
1	1372
1	1694
1	2222
0	2052
1	1728
1	1402
1	2931
1	2310
1	2056
1	1693
1	1277
1	2203
1	1372
1	2918
1	2131
1	1166
1	2551
1	2054
1	2895
1	2260
0	2009
1	951
1	2619
1	3021
1	5810
1	1372
1	1500
1	2857
1	2416
1	1823
1	1654
1	2749
1	4605
1	4965
0	3323
1	2649
1	1665
1	2798
1	1776
1	1372
1	2621
1	2375
1	6157
0	562
1	1595
0	3982
1	3956
1	4444
1	2991
1	2649
1	5908
0	2512
1	1923
1	2598
1	3112
1	2922
1	2011
0	2266
1	2026
1	3910
1	5950
1	1592
1	2177
1	2341
1	1942
1	1263
1	1625
1	3972
1	2561
1	3266
1	1560
1	2723
1	1989
1	2494
1	1372
1	2557
1	4089
0	2208
1	1298
1	3150
1	2726
1	3607
1	1372
1	1807
1	2230
1	8729
1	2804
0	3223
1	2093
1	1375
1	2381
1	3391
0	6213
1	3032
1	5165
1	1192
1	1734
1	1753
1	2034
1	2242
1	2014
1	2016
1	2355
1	2766
1	2084
0	1091
1	2438
1	2187
1	1663
1	3100
1	2682
1	1920
1	1956
1	1383
1	1372
1	1085
1	2146
1	2475
1	1372
1	1711
1	1494
1	1961
1	2024
1	2041
1	2345
1	7547
1	3042
1	603
1	2237
1	3132
1	4372
1	1319
0	9999
1	3218
1	2156
1	1941
1	1932
1	2650
1	2355
1	2368
1	5111
0	2852
1	3405
1	2250
1	1128
1	1494
1	2270
1	1372
1	2188
0	1626
1	2524
1	4271
1	2357
1	4075
1	2162
1	1940
1	1607
1	3342
1	2225
1	1920
1	4276
1	887
1	449
1	2810
1	1372
1	4805
0	1372
1	1595
1	1601
1	3824
1	1802
1	1818
1	2438
1	196
1	2063
1	904
1	2026
1	5018
1	2389
0	2127
1	4679
1	3250
1	6634
1	2735
1	1807
1	2208
1	2485
1	2392
1	3055
1	2206
1	3122
1	4620
1	2018
1	1458
1	4943
1	2624
1	1738
1	1713
1	1443
1	1302
1	1733
1	1372
1	1897
1	1553
1	2280
1	2197
1	1779
1	3235
1	2842
1	1382
1	1375
1	5155
1	5442
1	1910
1	3974
1	623
1	2676
1	1712
1	1749
1	2196
1	3440
1	1152
1	4322
1	3154
1	2139
1	90
1	6072
1	2266
1	2344
1	3214
1	1606
1	5015
1	1892
1	905
1	2539
1	2009
1	2668
1	2491
1	1372
1	4585
1	1234
1	2936
1	1372
1	1094
1	225
1	3071
0	1372
1	2730
1	1530
1	1372
1	2025
1	188
1	2124
1	1898
1	2185
1	1089
1	1731
1	5862
1	5349
1	1481
1	2535
1	3238
1	5898
1	2310
1	1711
1	755
1	3723
1	2086
1	2304
1	356
1	1479
1	2082
1	1372
1	2741
1	2396
1	3849
1	1083
1	1372
1	1214
1	917
0	4873
1	2316
1	2276
1	2218
1	2047
1	912
1	3692
1	2156
1	1605
1	2643
1	1875
1	6710
1	2822
1	2512
1	1372
0	1372
1	1749
1	3250
1	2491
1	1372
0	985
1	1667
1	2100
1	2749
1	1764
1	1795
1	3801
1	2996
1	680
1	2498
1	3388
1	1372
1	5270
1	3302
1	7236
1	1529
1	2166
1	3172
1	1372
1	2585
1	859
1	3700
1	6027
1	3196
1	1656
1	1624
0	1410
1	3207
1	3293
1	2908
1	3216
1	1372
1	1372
1	1568
1	3322
1	1372
1	4566
1	2028
1	2207
1	1423
1	2104
1	3414
1	7207
1	1037
1	5173
1	1372
1	812
1	2619
1	1372
1	2291
1	1375
1	1700
1	4447
1	1215
1	2205
0	2409
1	2548
1	3044
0	7906
1	2464
1	1757
1	1745
1	1957
1	3161
1	5527
1	1757
0	2584
1	4383
1	1372
1	2225
1	2022
0	6827
1	1372
1	1372
1	2215
1	2914
1	3603
1	2368
1	2640
1	2271
1	5276
1	2958
1	2609
1	2216
1	3344
1	2154
1	1372
1	1040
1	3590
1	2154
1	1372
1	2006
1	4351
1	2676
1	1459
1	2067
1	2019
1	1359
1	1785
1	353
1	2526
1	5223
1	6326
1	3160
0	3262
1	1272
1	1051
1	4627
1	2014
1	2738
1	4035
1	1222
1	1372
1	1783
1	2484
1	2562
1	2100
1	2452
1	1435
1	1925
1	1512
1	1583
1	2281
1	3445
1	3865
1	1441
1	1919
1	2048
1	2442
1	2003
1	1417
1	2073
1	1372
1	1372
1	1520
1	3095
1	2079
1	499
1	2550
1	6678
1	2364
1	1456
1	984
1	1962
1	6827
1	2211
1	3008
1	965
1	1372
1	1372
1	1802
1	1600
1	3196
1	2032
1	1753
1	1593
1	2185
1	2531
1	1993
1	7681
1	8060
1	17
1	3089
1	6638
0	1765
1	1738
1	1372
1	1429
1	1601
1	7117
1	900
0	1112
1	1931
0	1091
