3633	7
4074	7
5841	2
2484	7
4185	7
3081	7
4458	7
4185	9
3633	9
0	9
2390	7
4185	3
4185	7
4737	7
4185	7
1645	7
0	9
3301	7
2749	7
2749	7
3633	7
3301	7
4737	7
2749	7
4737	3
464	7
4185	8
0	7
1645	7
3633	7
3081	8
4185	7
4405	3
3853	7
5178	2
3081	7
3301	9
4185	7
3633	9
4185	7
4737	3
1104	7
3633	7
5841	3
3301	7
2749	7
3081	9
2749	9
331	7
2749	9
2749	7
3301	7
4185	8
3081	7
2197	7
4737	3
0	7
4185	7
4185	7
3522	9
2749	7
3633	9
4185	9
552	7
2749	7
4185	7
2197	7
2197	7
5841	2
1435	9
4185	7
4405	7
4737	3
3081	9
2749	7
4737	7
4185	7
3081	9
3081	8
4185	8
3853	8
4737	9
4957	9
4191	9
2477	9
1987	7
3301	7
3874	8
3081	9
2749	7
2749	9
3081	7
2749	7
4737	7
3081	8
4737	7
2362	7
0	9
331	7
4018	7
3687	7
3633	7
4514	8
3081	7
3301	7
3633	7
2749	7
3081	7
3633	9
3081	7
331	9
3081	7
4185	9
2749	7
2749	9
0	8
4185	3
6711	4
2749	7
4737	7
1269	7
4185	8
1104	7
3806	7
0	7
3633	9
4185	9
3633	8
2749	9
2749	7
3081	3
2749	7
2749	9
4185	7
2749	7
0	8
4185	7
2951	9
4185	7
4185	7
4185	7
4523	8
2197	9
2529	7
3081	7
5501	3
3081	9
0	7
5289	9
0	8
0	9
2197	7
3081	7
2749	7
4957	8
3081	9
4185	9
3081	7
3081	7
0	9
4737	7
3853	7
3971	7
0	7
1851	7
2749	7
4350	7
3081	9
2197	7
3798	9
4185	8
3081	9
5178	8
4949	7
2749	9
2914	7
2749	9
4096	9
2749	7
0	8
3564	9
3081	9
2749	7
2197	7
2749	7
0	9
2749	9
3853	9
3806	9
3633	7
2749	7
2197	9
331	9
4737	8
3246	9
4185	8
3853	7
3633	7
2749	7
0	5
2859	9
0	8
2749	7
2749	7
2197	7
3006	7
4957	9
4185	8
5278	7
3806	7
3081	9
3081	9
0	9
4737	8
5068	3
4737	7
1435	9
3633	7
5289	7
3081	9
2749	7
3301	7
0	9
2749	9
4737	7
1645	7
3633	7
3301	7
3301	7
4737	9
3301	8
4185	9
2197	7
4397	7
3081	9
4185	7
53	7
3835	9
2749	7
4737	7
2749	7
3301	7
3301	7
3806	8
3301	9
5289	8
0	8
4185	7
3301	8
2197	9
5289	2
5464	8
0	7
3633	7
0	2
4231	7
3301	9
3874	7
2749	7
3081	9
4405	9
2749	7
2749	9
3301	7
0	7
2197	7
6057	5
3081	7
3853	7
3081	7
2749	7
4737	7
0	7
7159	9
3633	9
5289	3
464	7
0	7
4737	8
2197	7
0	8
3633	9
3633	8
5464	9
4737	3
2197	9
2951	7
3522	7
2217	9
4185	7
3474	7
4185	7
4405	7
4185	7
0	9
0	8
2749	7
3081	7
2749	7
3081	7
4737	9
3633	9
2749	7
4397	7
2197	7
4737	7
4185	9
3301	9
2749	9
3081	7
2749	7
4185	9
2749	7
3633	9
4185	8
4405	7
4185	8
4185	9
3301	9
3874	7
552	7
3633	7
3633	9
4737	8
4185	8
0	3
0	9
2197	9
4185	8
4185	9
0	7
4185	7
4911	9
2197	7
2197	7
2749	7
3081	7
2197	7
3853	9
4594	7
4185	8
1863	7
4350	8
0	9
3301	7
4957	8
4957	7
883	9
3081	7
4397	9
3633	7
2749	7
3081	9
4737	2
4911	9
2749	7
0	9
3246	7
3301	9
3633	8
3633	7
3639	7
1656	4
4185	7
2749	7
4185	9
1677	7
3633	7
4185	9
4911	9
3081	7
3081	7
3853	7
4185	7
2749	7
4185	9
3633	9
3081	9
2197	7
2197	7
5289	7
3633	7
4185	8
3543	7
4737	7
4737	7
4185	7
4185	7
4949	3
2749	9
0	7
3962	9
2749	9
3853	7
3081	7
3633	7
4185	7
1645	7
3301	9
4737	9
3874	8
4737	3
3633	9
4185	7
2749	7
3081	9
3633	7
2749	8
3081	7
4185	8
4737	7
3633	7
2749	7
2749	7
4737	8
3081	7
3301	7
2197	7
3301	7
0	9
0	8
3874	7
4185	9
3853	9
3853	7
3633	9
1656	7
551	9
3466	7
3853	7
2749	7
3056	9
3190	9
2749	7
3081	7
2749	7
4737	7
3633	9
3081	9
4737	7
2749	7
0	7
4185	9
2749	7
2538	9
4185	7
2749	9
4185	7
3412	7
4185	9
4387	9
4185	7
2749	7
4737	7
2749	7
5464	2
3081	9
4737	7
5289	3
2197	7
1645	7
2749	7
0	9
3633	7
3666	7
3301	7
0	9
4185	8
0	8
2197	7
4185	8
2800	7
4737	7
3633	7
4737	7
3081	9
1645	7
4737	8
3081	7
4185	8
4737	9
3633	8
2749	7
2749	7
3469	9
6405	3
3081	9
4957	7
3633	9
4185	8
3190	7
3633	8
2086	7
1313	7
2749	7
3301	7
4737	9
4737	3
0	9
2362	7
4185	8
4737	9
3283	7
4185	9
2749	7
4737	7
3301	9
2197	7
3639	8
2197	7
3301	7
3301	9
5289	9
2197	7
4185	8
2197	7
3633	7
1104	9
2749	7
2749	7
3301	9
4185	9
2749	9
4185	8
3081	7
2749	9
3081	7
3806	9
3301	9
3081	7
4185	8
0	8
0	9
3633	7
3633	7
3081	7
3853	7
4185	7
3853	8
2749	7
1435	9
0	7
2749	9
4737	7
3301	9
4737	8
4737	9
996	9
0	9
4055	7
4018	7
1104	7
4911	8
2749	7
4737	7
0	9
2749	9
3853	9
3633	9
4737	7
2749	7
3301	7
4737	7
2813	7
2749	7
331	9
2749	7
2749	7
2197	7
3081	9
4626	7
3301	9
3301	9
3301	9
0	7
1435	7
4978	7
3301	7
0	7
3633	9
2529	9
3301	7
3633	7
3874	9
2197	9
4737	9
4185	7
2749	7
3480	9
1435	8
4737	7
4726	9
5289	9
2749	9
4239	8
3853	8
1656	7
2197	7
3081	7
3633	7
3081	7
3233	7
2749	7
2749	7
4737	7
3081	9
2197	7
4185	8
2749	7
4737	9
2749	7
0	7
1656	9
4737	8
2749	9
2208	7
4737	9
0	8
3835	9
4185	8
2749	9
7674	5
4185	9
3633	7
4737	8
4185	8
2197	9
4978	7
3081	7
4185	9
4737	8
4737	7
3301	9
3633	9
4185	7
2197	7
3301	9
0	7
3517	7
3081	9
2749	7
3633	8
0	8
3081	9
2197	7
2749	9
4185	7
4185	9
3081	7
2749	7
4737	7
3853	9
4185	9
4350	7
3853	8
3853	7
3301	7
2749	7
4185	8
0	7
2749	9
107	8
3301	9
2749	7
4185	7
4185	3
3853	8
2197	7
3633	9
3081	7
0	8
9999	1
4185	7
1104	7
3806	9
3081	7
3633	7
0	7
3301	7
2197	7
3301	7
3301	7
3081	7
3301	7
2197	9
1987	7
3301	9
4737	3
3081	7
4737	9
4737	3
3503	7
3633	9
4737	7
2749	7
2749	7
0	7
4185	7
0	9
2749	9
2749	9
1987	7
2749	7
0	8
6226	9
2749	7
0	7
2860	7
4185	7
2197	9
4185	9
2749	9
2197	7
3081	9
3081	7
3633	8
3490	9
3633	7
3412	9
5289	9
2197	7
2749	9
53	9
5408	3
2749	7
4185	7
0	7
4737	9
3633	7
1645	9
0	8
4737	7
0	9
4405	9
2749	7
2529	9
4387	8
5289	3
2749	9
3466	7
2197	7
3301	7
2217	7
0	7
3301	7
3633	9
4405	9
0	9
331	9
2197	7
5499	7
2749	7
4185	9
3853	9
3633	9
2749	9
3081	7
3081	8
0	7
4185	8
3964	7
2749	9
2749	7
4726	7
2749	7
2749	7
3410	7
3081	9
2539	7
3633	9
2749	7
3633	8
4350	8
2749	9
3633	7
2749	9
2749	9
0	7
3081	7
4426	3
4350	7
2749	9
0	7
2904	7
2749	9
4387	7
3246	9
3522	9
2966	9
3081	7
2749	9
0	8
5114	7
4046	7
3633	9
3874	9
2197	9
1104	7
3633	7
4185	8
2749	7
2749	7
32	9
2197	7
4737	9
4387	3
3633	8
4185	7
0	2
2197	7
4737	7
4185	8
4516	9
4185	7
2749	7
2749	7
1104	9
2197	7
2749	7
4405	7
3081	9
3633	7
0	9
4185	9
2749	9
3301	7
3466	7
6589	9
3853	9
331	9
5289	8
3301	7
2749	9
3081	9
4185	8
1104	7
1435	7
4737	3
4387	9
331	7
3081	7
4737	8
3301	7
2749	7
2974	8
4737	7
3081	9
2197	7
2197	7
4185	7
2749	7
4185	9
4185	7
4185	9
2197	9
3633	9
3081	9
3246	9
331	8
4185	8
3081	9
4185	7
2197	7
4737	3
3081	7
4185	7
3804	9
0	9
0	7
144	9
2749	7
3633	9
4185	9
3522	9
2749	9
3806	9
4737	2
4516	7
704	9
4185	9
4185	7
4185	9
3081	9
3724	8
4737	8
1987	7
3081	7
4737	8
4358	7
3633	8
4737	9
0	7
3301	8
0	7
279	7
0	8
4737	7
4737	8
2970	7
0	2
3301	7
2529	7
848	7
2197	9
2914	7
2197	7
3081	7
2749	9
3081	9
4737	8
0	9
4185	8
0	8
3081	9
3971	7
2749	7
4726	8
2016	7
2217	9
2749	9
3633	9
5830	7
3301	9
2197	7
4737	3
2749	9
4185	8
2749	9
3633	7
3081	7
2749	7
2197	7
4185	7
3301	7
2749	7
4911	8
3633	9
331	8
3301	9
3853	7
1064	7
0	9
2749	7
2749	9
0	8
3081	7
3081	7
4397	9
4185	8
3633	9
4043	8
3633	7
4185	9
3853	7
3853	8
3081	7
2749	7
1545	9
4185	8
3874	9
2859	7
4358	9
3081	7
4737	7
4185	7
53	9
2749	7
2749	9
0	9
4185	7
2749	9
3301	7
0	7
2749	7
4185	7
3633	7
4737	9
0	8
4387	7
3633	7
4185	9
4185	9
2197	9
4737	7
0	9
2197	7
3301	9
3633	7
3081	7
4185	8
2638	7
2914	9
2749	7
4185	8
2197	7
2749	7
2197	7
0	9
2914	7
2749	9
4737	3
4185	7
3522	9
3633	7
3301	9
4185	9
2749	7
3633	7
0	8
3283	9
185	3
0	9
3081	9
4902	3
4185	8
4026	8
883	7
3081	9
0	7
3301	7
2749	7
3301	7
3633	9
2749	7
2197	7
4185	9
0	7
331	7
2749	7
3853	9
2749	7
4358	8
1649	7
4185	7
2749	7
2749	9
4356	9
2749	7
2749	7
2749	9
4185	7
3633	7
3633	7
3806	7
2749	7
3081	7
3853	8
2749	9
2749	9
2760	9
532	9
2749	7
3633	9
2749	7
53	7
0	7
2142	7
4911	7
3906	7
2749	7
3853	7
743	9
4185	9
4737	9
331	7
2197	7
3633	7
2749	7
2749	7
0	7
5614	9
4185	7
4070	9
3081	9
5408	7
2914	9
5289	3
4185	7
5289	9
2197	9
3633	9
3806	7
3081	8
5289	7
4185	7
0	7
3971	7
3068	9
3081	9
0	7
3301	9
2749	7
3081	7
650	9
331	9
3853	9
3633	7
4737	7
4185	7
2749	7
2749	7
6016	2
4185	9
2749	7
3853	7
3301	7
2749	9
4185	7
4737	8
4185	7
3633	7
2749	7
2749	7
2749	9
4737	9
4185	8
2197	7
2749	9
4185	8
2749	7
3971	8
4185	7
3081	7
2749	7
1435	9
3301	7
4185	8
2888	7
3301	7
4185	9
3081	7
2749	9
3964	9
3466	7
4185	9
2749	9
3081	7
887	7
3806	7
3081	9
2749	9
0	2
0	9
3301	9
4737	7
2749	7
4737	7
0	7
4737	3
5289	7
3081	9
5178	9
2749	7
0	9
1104	7
3806	9
2749	7
2156	7
2749	9
1204	7
4185	7
3806	7
2749	7
4185	9
0	8
3633	7
4957	3
5289	9
0	7
6016	9
3081	7
4185	9
3633	9
3301	8
3971	8
2749	9
2749	7
4185	7
4185	7
2749	7
4737	9
0	7
2749	9
4387	3
4294	3
4523	9
0	7
0	7
3853	8
3081	9
4185	7
1104	7
3301	7
2749	7
4737	7
3246	7
2749	7
4185	8
2749	7
2529	7
3081	7
3474	7
3633	7
3081	7
4405	8
4737	7
4185	9
1398	7
3081	7
2749	7
4185	8
4737	7
3806	7
3633	9
0	8
3412	7
2749	9
65	9
5289	9
1645	7
4737	7
3301	9
4626	9
3639	8
2749	7
5289	7
4185	7
3633	7
3081	7
2749	7
2749	7
4737	8
0	9
3301	7
4185	7
5289	8
2749	7
4185	7
3853	9
2749	9
4185	8
2197	7
0	9
2660	7
4737	8
3633	9
3633	9
3301	9
3301	9
0	3
2749	9
4185	8
4185	9
1104	7
4626	7
3474	9
2262	7
4737	3
4185	9
2197	7
2859	7
2362	7
2197	7
4185	9
0	9
2749	9
4185	9
4185	8
4055	7
3301	7
1104	8
2197	7
1987	7
2197	7
4185	9
2749	7
1645	7
0	9
3081	9
4185	7
4469	7
0	3
5509	7
0	8
4737	9
4949	3
4737	7
4397	9
4185	7
3081	9
1042	7
3081	7
3798	9
3246	9
2197	7
4070	8
2749	7
3633	8
3081	9
2749	7
2792	7
4185	7
4523	8
2749	9
4185	7
1821	7
3301	9
2859	9
2749	7
3633	7
704	7
3081	7
4185	7
2749	9
5289	7
552	7
3633	9
2197	7
833	7
3633	8
3633	7
4989	7
3081	9
0	7
3633	9
2749	9
0	8
2749	7
3301	9
4552	3
331	7
0	3
2749	7
5289	9
2749	7
4737	9
2749	7
3874	7
2867	9
3633	9
2749	7
4957	9
4381	7
2749	7
331	7
4737	3
0	8
3633	7
3633	9
598	7
2197	7
3246	7
2197	9
2197	7
2749	7
2749	7
4737	9
2749	7
4737	9
3301	7
3971	7
2749	7
4737	3
3081	7
2749	7
4737	7
3633	9
2197	8
2197	7
2749	7
3853	8
2197	7
4185	7
2197	7
3971	7
4397	8
0	9
3633	8
3301	9
883	7
0	9
2749	7
5122	9
4191	3
4737	3
7927	5
3081	7
3301	7
0	8
0	9
4350	8
3000	9
4737	7
0	8
4737	7
4350	7
5390	9
4737	8
2749	7
3301	9
3633	8
4185	8
0	8
4737	7
4737	9
552	7
0	8
2749	7
3633	9
4405	8
5278	7
4185	8
4185	9
4387	7
2749	7
4185	7
3081	9
3633	9
3639	9
2418	7
4185	9
2749	9
0	9
4185	7
351	7
968	7
4902	7
3633	7
600	9
0	9
2749	9
3301	7
3639	9
3081	7
4185	7
0	7
4737	2
1435	7
4737	2
3081	7
2749	7
4737	8
3301	9
3633	9
3853	8
5159	3
4185	8
3633	7
4737	7
4185	9
3301	9
2197	7
4185	7
1797	7
331	7
3301	7
3081	9
3633	7
4185	9
3081	9
2749	7
2193	7
3806	7
4185	9
3301	7
4185	9
2749	9
4737	7
2749	7
2859	7
2749	7
3081	7
4185	8
2749	7
2418	7
2529	7
4737	7
0	7
3853	8
3081	9
3246	9
3633	7
2749	9
3633	9
4911	7
2749	7
4902	3
3301	7
331	9
3874	8
4185	7
3301	7
4185	9
2749	7
5841	3
2197	7
2749	7
4737	7
4737	7
4737	9
4185	7
4185	7
4737	8
331	7
4737	8
4737	9
0	9
2749	7
3081	7
0	7
6073	7
3639	7
4350	9
5178	2
4350	9
2749	9
331	7
2197	7
0	7
0	7
3633	7
3633	7
3081	7
3853	8
4737	3
3301	7
5289	9
883	9
3246	9
3633	9
2749	7
3633	7
2749	7
4957	3
2749	7
2749	7
2749	9
3853	7
2749	7
3633	8
2749	7
4737	8
3633	9
552	7
0	9
4514	8
0	7
4455	8
2097	7
3081	9
3081	7
4737	9
4737	8
0	8
2957	9
2197	7
2749	7
4737	7
0	8
2749	9
1104	7
3633	7
0	7
2749	7
3081	7
4185	7
3081	7
2749	7
3081	7
0	7
3633	7
0	9
4185	8
0	3
2197	7
2749	8
4737	8
3081	9
0	9
3301	7
0	7
4737	7
0	9
2749	7
4737	8
887	9
0	7
4737	3
1435	7
3633	9
3633	7
3301	7
3633	7
2749	7
3633	9
1104	7
4185	8
1435	7
0	9
4737	7
3633	9
4185	9
3301	9
5289	9
3633	9
0	9
0	7
2749	7
2749	9
3633	7
2749	7
4737	8
4737	3
2197	9
4737	7
3633	7
3081	7
3633	7
3081	9
5289	7
4185	7
3633	9
1351	7
2197	7
0	9
2970	7
3633	7
1653	7
3806	9
0	7
4737	7
2749	9
3301	9
4737	3
3081	7
4978	9
2197	7
4185	8
3281	9
4185	8
3081	7
4185	7
2749	7
2749	9
2197	9
2760	7
6393	7
3639	7
4185	9
4078	8
5289	3
4185	9
3301	7
4185	9
0	9
2749	7
3633	7
2749	7
4405	9
2197	7
2240	7
2197	9
4902	9
2197	7
2749	7
3798	7
4737	8
3301	7
3633	8
2749	7
3081	7
2749	9
2197	7
4737	8
3301	7
3741	9
4737	8
3798	9
0	9
2749	7
3633	9
866	3
3301	7
3081	9
4185	8
5289	2
3633	7
3633	9
2749	7
4139	7
3466	7
3081	9
833	7
2197	7
2197	7
3633	8
4737	7
3301	7
3301	7
5841	3
4737	7
3301	7
4185	7
2749	7
2914	7
2749	7
4978	8
4185	9
4737	7
4185	8
4185	7
4737	7
2749	7
0	7
4737	7
4185	7
4911	9
4737	9
3081	7
5289	8
0	9
0	9
3633	9
4185	8
2197	7
3633	9
0	7
4185	9
5501	7
4185	9
2749	9
4185	9
4737	9
1104	7
4737	9
3633	7
2749	7
4185	9
4185	8
2749	7
4737	9
4185	7
1656	7
2749	7
0	8
2749	7
331	7
4185	9
0	9
0	8
2749	9
3853	9
4737	9
4185	7
3466	9
2749	7
3301	7
0	7
3081	9
4737	7
331	9
4737	9
2749	7
3091	9
4737	7
1215	7
2749	7
3301	7
2749	7
3301	7
3081	9
3301	9
4397	9
0	7
4185	7
3853	7
0	8
2749	9
2914	7
4185	8
3633	8
4018	8
4185	8
3301	7
4185	7
4978	7
2749	7
3301	8
3387	7
3081	7
3283	7
3633	9
4185	9
2749	7
4737	9
3847	7
4350	9
3301	7
4737	8
0	7
4523	3
0	9
4185	9
4185	7
2749	7
5289	9
0	9
3860	7
3301	7
2749	9
4737	3
3853	9
4737	9
2749	9
3633	7
107	8
2749	9
0	9
4185	7
3081	7
4737	7
3301	7
3081	7
733	7
1104	7
0	7
3907	8
2749	7
2529	9
4185	7
0	7
3301	9
0	7
1004	7
2859	9
3466	9
3283	8
2749	9
3301	7
4737	3
2749	7
3301	7
844	7
3971	7
3806	7
4978	7
3633	9
2749	7
4737	7
3806	7
4405	7
4185	9
3081	7
4185	7
3971	7
2749	7
4185	7
3081	7
4185	8
4405	9
2749	9
4185	9
3874	8
2197	7
3081	7
4185	8
0	8
3633	9
0	7
2197	7
0	9
2749	7
2749	7
552	7
3466	7
2749	7
3081	7
3246	7
4737	8
4737	7
4185	9
4743	7
4185	7
4185	3
3028	9
4185	9
3081	9
4185	7
3081	7
3081	9
3480	8
3301	7
3301	8
5289	8
0	9
2749	9
3081	9
2208	7
2749	9
4737	7
2749	9
2749	9
3081	7
2749	9
0	9
3081	9
3633	7
1104	9
3633	9
2749	9
2749	7
3301	7
2749	7
1375	7
3301	9
4737	3
0	7
4726	9
4278	9
2749	7
2749	9
2749	7
3633	7
0	7
2208	7
0	7
0	9
2749	9
2749	7
4185	7
3633	8
3081	7
3971	7
4737	9
4957	7
2749	9
3246	9
4185	8
3081	7
2660	7
0	7
3081	7
3412	7
4185	7
2749	7
3633	8
4185	7
2749	7
3633	7
0	8
4387	3
3543	9
2749	7
3301	9
3081	7
3301	7
5464	9
4737	7
5289	9
0	9
3301	9
0	9
2749	9
4185	8
3301	7
3633	7
3081	7
4949	9
2749	7
0	7
4185	7
960	7
2749	7
4074	9
3633	7
4737	9
3633	9
2749	7
3081	7
4185	9
3081	7
3633	7
1104	8
3675	7
4737	7
2749	9
2749	7
6834	4
2749	7
0	9
2749	9
2749	7
5122	7
3583	9
4185	8
2749	9
4405	7
3081	7
4737	9
3081	7
4737	2
355	7
2749	9
2749	9
4185	9
3301	7
3301	9
2749	7
2749	7
2197	7
3301	7
0	9
3081	7
4185	7
4185	8
3081	9
3633	7
3874	9
3016	9
5278	9
3081	9
2749	7
2749	9
3633	9
2951	7
3874	8
3301	7
3633	8
3919	8
4737	7
3301	9
4185	9
873	7
4185	7
5289	3
2749	9
1104	7
3081	9
2749	9
2749	7
5841	4
5464	9
3971	7
4185	9
5509	8
4737	9
4726	7
4185	3
1104	9
4737	7
3633	7
2749	7
3853	7
2197	7
2273	7
1089	7
4737	9
2749	7
2197	7
4632	8
2749	9
2197	8
1952	7
4185	8
4902	7
3081	7
3301	7
2749	7
2749	7
4185	7
3853	7
3081	7
4737	3
4737	3
3633	9
2529	7
2197	9
2197	9
2749	9
185	7
4185	7
4737	2
3081	9
2749	7
3639	7
3301	7
639	7
3633	8
2749	7
3089	9
4185	7
1008	7
3301	9
0	9
3853	8
3633	9
2749	7
2197	9
3853	9
2197	7
0	7
510	9
0	9
4737	7
3633	7
331	7
4185	8
3853	7
2197	7
1361	7
4185	8
2197	7
1104	9
3633	9
4737	8
0	9
5289	9
4185	7
0	9
4978	8
2749	7
0	8
3804	9
2749	9
3301	7
3633	9
3081	9
4185	9
3806	7
4185	7
2638	7
0	3
4737	7
4737	7
3301	7
4294	8
3081	7
0	8
2197	7
4185	8
3301	7
2197	7
3081	7
3081	7
3081	7
2749	7
2193	7
2197	7
2749	7
3853	7
3853	7
3633	9
3853	9
331	9
2179	7
0	7
3081	7
4516	7
4737	7
4185	9
2529	7
4737	7
4185	7
3301	8
4010	7
3633	7
3853	9
2749	7
5170	9
4978	3
0	8
3081	7
331	3
0	8
2749	7
3633	7
1104	9
5289	7
4387	3
4185	7
4185	7
5730	7
2197	7
4397	7
2749	7
2970	9
2749	7
2749	9
3081	7
3081	7
0	9
4737	7
3301	7
4185	9
0	7
3301	9
3301	9
2197	7
3633	9
4185	9
0	9
3301	7
5122	9
2749	7
0	9
2749	7
2914	9
2914	7
4737	9
3301	7
2197	7
0	7
4957	3
2749	9
4516	7
0	9
5282	9
2197	9
0	8
4978	3
3081	7
4856	7
5289	8
4185	7
4185	8
2749	7
4185	9
2749	9
3081	7
0	7
4737	3
3081	9
3301	7
3853	7
3633	7
4185	7
4737	9
0	3
3301	7
2197	7
0	3
3411	9
3853	7
4737	7
4737	9
3633	7
4185	7
2749	9
3568	7
2749	9
2197	7
4185	9
0	9
2893	7
4055	9
3301	7
2749	9
4737	9
4737	9
2749	9
3633	7
2487	7
3412	7
4185	8
4185	8
2749	7
5509	7
1104	7
2197	7
4185	9
3081	7
2749	7
3633	7
3301	7
3081	9
3301	8
3301	9
3412	9
3301	9
1703	7
4294	3
3853	8
0	7
2197	7
2197	7
4185	9
4185	7
2914	7
3301	9
3301	9
4185	7
3806	7
2749	9
3633	7
4957	9
3301	7
5003	8
2749	9
4008	9
3081	9
4185	8
3700	9
391	7
3853	8
4737	7
3633	7
3639	3
3081	7
0	9
2749	9
0	9
3806	7
3081	7
3639	9
1656	7
32	8
6061	7
4185	9
2460	9
3081	7
2749	9
0	9
3633	9
3633	7
2749	9
0	9
2749	7
4185	7
4737	8
4185	8
2749	7
4185	9
2197	7
2749	7
3081	7
2197	7
0	9
3633	7
2529	7
4358	7
0	7
2749	7
4737	9
3633	8
0	7
2914	9
4737	8
0	8
3081	7
4737	3
4302	7
2749	7
118	7
2749	7
4737	9
2749	7
3633	7
3081	9
3283	9
4185	7
3301	7
2685	7
2197	7
2749	7
1104	7
4185	8
4737	9
5289	7
2749	7
3081	7
3301	7
2197	7
2749	7
139	7
185	9
3081	9
4626	9
3655	7
2951	9
3301	9
3246	9
3301	9
3853	7
5289	3
2749	7
2749	7
2749	9
1645	7
3301	9
2814	7
4516	9
3081	7
4358	9
2749	7
4737	7
2749	9
3301	9
0	9
2888	9
3633	9
4185	7
4185	7
4185	9
0	3
2749	7
3874	7
4737	9
0	9
4185	8
3633	7
3633	7
3633	7
3301	7
4185	3
2749	7
2749	7
4185	9
3301	7
4397	3
4185	8
5343	3
0	7
4185	8
3301	7
4737	2
0	9
4737	7
497	9
4185	7
279	7
2518	7
2749	9
1645	7
2749	7
331	9
2749	7
4185	7
4185	7
4405	8
3081	7
2197	7
3081	9
3633	7
3301	7
1435	7
2749	7
3081	9
3633	7
0	7
552	9
4737	7
2197	7
3633	7
2749	9
3081	7
2749	7
4185	7
2273	7
4387	7
2197	7
1104	9
3301	7
4185	7
4185	7
3081	9
417	7
0	3
2197	7
3301	9
5289	9
4185	7
0	9
4185	9
3081	9
2749	7
3633	7
4185	7
4185	7
1645	9
0	8
3874	7
2749	7
4185	8
4185	8
2197	7
4185	8
2749	7
2749	7
2325	7
3633	9
3301	7
4018	9
2749	7
3633	9
2749	7
4185	8
4502	7
0	7
4185	9
3283	7
3633	9
4185	7
2749	9
4350	9
3466	7
2197	9
4185	7
4405	9
4626	8
5289	3
4737	9
1496	7
2749	7
0	7
4737	3
2197	7
3633	7
4737	8
0	7
331	7
0	7
3742	7
2749	7
4387	9
4626	8
4185	7
3081	7
7177	2
4737	8
4387	9
4185	7
4185	7
3081	9
2970	8
2638	9
2749	7
3798	7
3503	7
2197	7
3301	9
4737	3
2529	7
3301	7
331	9
4350	8
3081	7
3522	9
3081	7
4185	9
2859	7
2197	7
4737	3
2197	7
4737	9
4405	3
3081	9
2749	9
4185	3
4185	7
0	7
4185	9
4185	8
4185	7
4737	8
0	8
3639	3
4726	9
4737	8
2749	7
2749	7
3633	7
2749	3
4185	9
3081	9
0	8
2749	7
2197	7
6393	3
4185	8
4978	8
4185	7
2749	7
0	8
2749	9
2749	7
4737	8
4185	9
3081	9
4737	7
2197	7
4737	3
5464	8
3301	9
2749	7
0	9
4737	3
4737	8
750	7
3971	7
3853	9
3806	8
3081	7
0	8
2197	8
3806	9
2749	7
4737	9
4737	9
3874	9
3301	7
4185	8
4737	9
4737	7
5289	7
4185	9
3835	7
0	7
4737	8
4516	9
3633	7
4737	8
4185	8
0	7
2362	7
4358	7
2749	9
0	8
3633	7
2749	7
4185	9
4737	8
4737	7
5289	3
2749	9
2197	7
4185	7
6172	7
3283	9
3081	7
4185	9
2749	9
0	8
3246	7
4185	7
2197	9
2362	7
3633	7
3301	7
4185	7
2749	9
4185	7
4737	7
1645	8
4185	7
4185	7
4185	9
3633	7
3853	8
4185	7
3806	9
4358	3
4066	7
4737	7
4978	8
5289	8
0	8
2749	9
0	3
3639	7
4737	3
2197	7
5730	3
3081	7
3081	7
3806	9
3081	7
751	9
3301	7
2859	9
4957	7
3081	9
2197	7
4185	8
3806	9
2749	7
3081	9
3081	9
3633	7
3301	7
2197	7
4185	7
4185	9
4185	8
2749	7
4185	7
4405	7
0	8
0	7
2749	7
3081	7
2749	7
5380	3
118	9
2418	7
3081	9
2749	7
4737	7
1435	7
5509	7
4185	7
331	7
2197	7
3971	8
3283	7
3633	9
3081	7
2197	9
3633	7
0	9
2749	7
3633	9
3301	9
2749	7
0	7
3301	7
2529	2
3686	9
4185	7
3633	7
4957	7
2749	9
4185	9
2749	9
0	7
3301	9
3081	7
3633	7
2197	9
3633	9
3301	9
4185	7
4737	7
3633	7
3633	9
2749	7
3633	7
3301	7
3081	9
2749	8
2749	7
0	7
2749	7
2914	7
2749	9
2497	7
2749	9
4737	8
2749	7
2749	7
4185	7
3633	7
2749	9
1104	7
3081	9
4185	9
3853	8
3081	7
3301	7
4185	7
2749	7
0	7
3081	9
3081	9
2914	9
4185	3
1941	9
2529	9
4626	8
3633	9
3301	9
3081	9
3081	4
4957	9
2197	7
4185	9
3860	3
4737	9
2749	9
3301	9
2749	7
4185	7
4737	8
3633	7
0	8
4185	9
2197	7
4185	7
4737	7
3633	9
4185	8
5178	9
3971	7
4185	9
3633	7
4957	7
0	7
3853	7
3081	9
3301	7
3633	7
4397	7
4737	2
4737	7
3081	9
53	9
0	9
0	7
3081	7
2197	7
2197	7
1104	7
4185	7
4185	9
3081	9
2749	9
3301	7
4185	9
5289	8
2197	7
3633	7
2749	7
3081	9
3962	8
3577	7
2197	7
3081	9
4737	7
2197	7
4387	9
4185	7
4185	7
3633	8
2749	9
3971	7
2749	7
3301	7
2197	7
3301	9
4185	7
3474	8
3301	7
3633	7
4737	9
5289	2
2797	7
3301	7
4185	8
4350	9
2749	9
2749	7
3633	7
3633	9
3806	7
2749	7
2749	7
0	7
2197	9
4737	3
5289	3
185	7
3633	7
4185	9
2749	7
3081	9
2749	7
3798	9
5196	8
3633	7
4185	7
3853	7
4405	3
3633	9
4185	9
4185	9
4397	9
4185	8
4737	9
3081	9
4737	7
3081	9
3301	7
3633	9
4185	9
3633	7
3633	7
2197	7
1435	7
0	7
2749	9
3081	7
4185	8
4523	3
2749	9
1645	7
4185	9
2749	7
2624	7
4947	7
3633	9
4185	8
2888	7
4185	9
2749	7
2749	9
4523	8
4185	9
2749	7
2197	7
2760	7
2197	9
4737	7
3633	9
2197	7
2749	9
0	7
4185	8
3081	9
2072	7
4185	9
2197	3
2197	7
0	9
3633	9
3301	7
4737	3
3853	7
3633	9
3798	9
2892	7
1457	7
2197	9
3081	7
0	7
4185	9
4737	9
2749	9
3633	9
3633	9
2749	9
4405	7
4737	7
4737	7
7302	5
2749	7
0	8
3633	7
1645	7
3633	9
4185	9
4737	3
2749	7
0	7
46	8
4397	7
2197	7
2749	9
4185	7
1420	7
3639	9
3081	8
4358	7
2197	7
773	9
1698	7
4185	8
4185	9
4185	9
2749	7
0	9
4185	7
0	9
0	8
4074	9
4911	7
3964	8
1104	7
3853	9
5282	7
2914	7
3853	7
2197	7
2197	9
4737	8
2749	7
4737	7
4957	3
4185	8
3853	9
4737	9
92	3
2914	7
0	7
0	8
4185	7
331	8
5019	8
3633	9
3633	7
2951	9
0	7
2749	9
6073	9
3081	9
3190	7
92	9
4018	7
3301	7
3246	8
2749	7
2197	7
2749	7
2749	7
3081	7
5929	8
331	8
0	7
2749	7
3633	9
2971	7
4185	7
3806	7
3633	9
4737	8
3971	7
4185	8
4949	7
4737	8
2197	9
4185	3
0	9
750	6
0	2
4185	9
4185	9
2529	7
4405	9
3633	8
2749	9
3081	9
5509	8
2749	7
4185	8
3081	9
3081	9
3633	9
4185	7
2749	7
2914	7
3081	7
5122	3
3301	9
4978	2
2197	9
4185	7
4516	7
3853	7
0	7
3853	7
3081	9
2129	7
3633	9
3633	9
3081	7
3081	9
2749	9
2914	9
3806	7
2749	7
3190	7
2942	7
552	8
5289	2
3081	7
3639	9
3301	7
4185	9
4397	3
3633	9
2749	7
4185	8
0	7
4737	8
4185	7
4737	3
2197	7
4057	7
2749	9
4185	7
5573	2
2749	9
3246	7
0	9
5509	9
0	9
4405	9
2749	7
2951	9
4726	3
4978	7
3633	9
5464	8
5066	9
2749	7
3081	9
3853	7
3301	9
5278	2
2197	9
3853	7
0	9
4911	7
4185	7
4185	9
3639	7
2072	9
4957	7
4185	8
3081	9
4737	9
4737	9
5289	7
4737	3
3301	9
1104	7
3633	8
2749	9
4185	3
4350	3
0	8
3996	9
2749	7
4185	7
4737	3
3461	9
5289	9
3633	9
3301	9
2749	7
0	8
883	5
4964	2
3301	7
2749	7
2749	7
5464	3
2749	7
3853	8
3466	7
2749	9
4405	7
2197	7
2749	7
4737	2
1435	7
4185	9
4737	7
4350	7
4185	7
4737	9
3081	9
3633	7
0	9
4737	8
3081	7
2197	9
3806	9
2197	7
0	7
1435	7
0	7
4957	7
2749	9
3633	9
4185	8
2749	7
4185	9
5289	7
3081	7
2197	7
3081	9
4737	7
3301	7
4902	8
4185	8
2749	9
2529	9
3798	9
4185	7
2749	7
2749	7
3301	8
3081	9
4185	7
2888	7
0	9
5289	3
2749	7
3081	9
4997	7
0	7
4185	8
2749	7
5464	8
3081	9
331	7
2749	9
0	9
3081	7
0	9
2760	7
3081	7
3633	7
3522	9
3301	7
3971	7
3853	9
4185	7
0	9
3301	9
3081	9
2197	7
1064	7
3853	9
3081	7
3081	7
2197	7
3633	9
4185	9
4737	8
4185	7
4185	7
5841	9
5289	7
2749	9
2197	9
107	9
3971	8
4737	9
2749	9
4405	7
4185	9
0	7
2749	7
4185	7
2749	7
4185	8
2749	7
3461	7
4978	3
3081	9
2914	7
3283	8
3301	7
1435	7
2749	7
4405	8
42	9
0	8
4185	9
0	7
0	9
0	9
3301	9
3081	7
4737	9
3081	7
3081	9
3633	9
4185	7
3639	8
3633	7
5233	9
2970	7
3633	7
5068	3
0	9
3853	7
3081	7
2749	7
3633	8
4185	7
2749	7
0	7
3301	7
3633	9
2749	9
552	9
3633	7
3301	7
4737	8
0	7
4080	9
2749	9
4737	7
3633	7
3301	7
4737	3
4185	8
4737	9
2749	7
3081	7
4737	9
3297	7
4516	9
0	3
2749	7
3853	9
3301	9
4185	9
3633	7
0	9
2749	9
1952	7
3081	7
3081	7
5289	8
3633	7
3639	9
4185	9
3971	9
331	9
1104	7
4185	7
5509	3
3853	7
3081	7
2749	7
1104	9
2749	7
2197	7
3964	7
3633	7
4185	8
3079	7
3633	9
331	7
4405	3
5464	7
3633	7
3081	7
3853	9
2749	7
2197	7
5122	8
5289	7
0	7
3081	7
3081	9
2197	7
2197	7
0	9
2749	7
5289	8
3633	9
3633	7
4185	7
4185	9
3633	7
3301	9
3633	9
3633	9
2197	7
3081	7
4000	7
2867	7
2749	9
3081	9
2529	9
3853	7
2749	9
4185	9
0	9
3633	7
3301	9
2197	7
3081	9
3633	9
2197	7
2749	7
0	9
3301	9
0	9
3081	7
3283	7
4185	7
3301	7
3971	8
3081	7
2197	7
4185	7
4185	8
2749	7
3414	8
3081	9
2749	7
3081	9
4737	7
4185	9
3633	9
2749	7
497	7
2749	7
0	7
4185	9
5833	9
2197	9
2749	7
1435	7
3853	9
3301	7
4358	8
5614	8
2749	3
4185	8
5509	2
2197	7
3849	9
2843	9
4737	9
3633	7
3633	9
2749	9
4185	7
3633	7
2749	7
3853	9
2901	7
4185	7
4737	3
4523	7
4626	7
3081	7
0	7
2749	7
1645	7
4185	8
4185	8
4405	7
3301	9
3971	7
0	7
1435	7
3301	9
5114	3
2197	7
2749	9
7899	5
4185	7
4185	9
4185	9
3874	9
4185	7
3633	9
0	9
3301	7
2749	9
3081	7
2749	9
32	8
4185	7
4185	9
3971	7
4737	7
6181	3
1645	7
2749	7
3301	7
4358	3
2529	9
2749	9
3301	9
2749	7
4185	9
2749	7
3081	7
1042	7
4185	9
4737	8
3301	7
3814	7
2152	7
4626	3
4185	7
0	8
3081	7
3301	7
3971	7
4185	9
3301	7
4185	9
4737	8
2749	9
3633	7
2749	7
4185	8
2859	9
3633	9
3301	7
2749	9
2859	9
3633	7
3853	8
552	7
3853	9
2197	7
4737	8
4523	8
2749	9
2197	7
4185	7
4185	7
2749	7
3301	9
3853	7
4185	8
883	7
4405	8
3081	9
2394	7
3853	8
1328	8
4737	9
3081	7
4185	8
4185	9
3081	7
4957	3
4185	8
3301	7
2914	9
5464	2
3301	7
2749	9
4185	9
5289	3
2749	7
3081	9
3806	8
331	7
4737	3
5289	2
2749	9
2197	7
2749	7
4185	7
0	7
2749	9
5289	8
4737	9
2749	7
3853	9
2749	9
2749	7
0	7
0	9
4405	3
2749	7
5122	3
4185	8
4185	8
3633	7
3853	9
4185	8
3633	9
3412	7
3081	9
2749	7
1435	9
4737	9
177	7
3301	7
3081	7
0	7
4902	3
3806	7
2529	7
3301	9
4185	3
2197	9
4185	8
3806	7
2197	7
3633	7
331	7
3081	9
4185	9
3741	8
3514	7
4185	7
1435	7
4737	7
4185	7
2749	7
3971	9
4185	8
3246	9
331	7
969	8
2749	9
3081	7
3633	7
4018	7
0	9
107	9
4570	7
3633	9
3853	7
3853	8
0	9
4737	7
4737	9
1435	8
0	7
4737	8
3283	7
3633	9
2749	7
2749	9
3633	7
3633	9
2749	7
3301	9
3853	7
3853	9
4185	7
2197	7
4185	7
2749	9
3301	7
4185	9
3466	7
2352	7
3081	9
3639	7
3301	9
2197	7
1435	7
2749	7
2749	7
3522	9
2749	7
4405	7
0	7
3301	9
3633	7
3301	9
3301	9
4185	3
3971	8
2749	7
3081	7
4185	7
4185	9
4395	8
2197	9
0	9
4185	9
2749	7
3081	9
2749	7
2749	7
3633	7
0	9
0	7
0	9
2749	7
3301	9
2749	7
0	7
3081	7
5501	9
3301	7
2749	7
2749	7
2749	7
3081	7
1435	7
3633	7
2749	7
5730	7
2197	7
3639	9
3301	7
1104	9
3639	7
3081	7
4185	9
1677	7
3633	9
4185	7
1950	7
4185	7
4737	8
3806	9
4350	9
2970	9
0	9
2197	7
0	9
2749	7
3633	8
2529	7
2951	7
3633	9
4737	9
4350	3
4185	7
4737	9
0	9
3633	9
4737	8
4185	9
2529	7
2749	7
4949	8
4185	8
3633	7
0	9
2749	7
4737	9
279	9
4185	7
3081	9
3081	7
2749	9
4737	9
5501	2
3633	7
4516	8
90	7
4185	8
4737	7
2749	7
3081	7
4185	7
0	8
0	9
4737	7
2726	7
2749	7
2197	7
0	9
2749	7
3081	7
4074	8
4185	7
4185	9
4681	9
4185	7
3412	7
4397	7
1656	7
2914	7
3301	2
3081	7
0	7
3301	7
4737	8
3466	7
2197	7
4737	3
3081	9
5730	2
4185	8
3301	7
3633	7
4185	8
2749	7
1212	7
3971	9
1104	9
3971	7
3639	7
2749	7
4737	8
3301	7
