6000	1
6918	1
8920	256
6981	1
7540	1
7222	23
7228	1
5610	42
7471	252
4152	1
4560	127
7573	1
4842	1
4348	1
7013	1
6287	1
6490	1
6702	70
4351	1
4818	1
3614	1
6806	3
8832	1
3338	1
452	1
4635	1
7579	1
3751	569
4959	1
7561	1
8090	261
7444	21
8242	222
6244	586
4330	1
5688	1
7120	1
6154	1
4355	1
6226	1
8100	1
5883	1
4700	272
8532	227
5300	14
5794	1
3788	1
6110	1
4636	75
5770	128
2764	1
8035	1
6322	1
6278	84
4675	1
4951	244
7747	4
4520	41
7330	4
8267	1
6551	35
3666	1
7870	1
5235	1
5365	108
6523	1
2816	1
4701	1
5431	1
6254	1
7825	1
7876	1
6304	182
4181	78
4790	2
5739	325
4314	1
6350	620
6965	1
4199	1
5389	220
7520	1
6365	9
5790	1
6091	57
5847	27
1185	1
4658	1
6831	1
4854	1
1685	1
4474	1
4496	1
5789	1
6742	1
5956	1
6374	1
5724	1
5467	1
7635	1
5194	1
6878	1
7312	1
4678	1
4069	1
3192	1
6778	1
7664	76
3533	37
4564	1
4073	1
5667	1
6299	1
5913	1
4290	1
3832	1
4161	1
3911	1
7188	1
8480	1
6625	1
4011	1
5973	1
7114	1
5016	1
4339	1
6944	1
6851	1
6567	1
6396	1
6868	1
7354	1
4748	143
6283	1
6393	533
3656	207
4098	375
4703	497
4052	1
6947	1
6089	1
6650	28
6823	233
6515	2
6884	69
5856	47
4199	1
6629	1
6715	80
7145	1
6416	1
7770	1
8551	1
5119	1
5709	63
7849	246
6158	155
5550	50
6271	1
6372	1
7281	1
6635	19
7120	1
3369	1
6984	120
6619	1
6776	74
5692	30
4483	32
3616	1
7624	255
5038	31
8435	31
5398	59
5602	1
4466	1
6328	1
7160	102
4183	30
4521	1
5883	113
8163	1
4107	1
7132	1
7325	1
4292	242
5400	1
7845	42
8217	1
6582	27
5538	1
7386	1
4014	1
1189	1
3704	1
4962	65
4447	641
4528	1
8337	64
4694	1
4772	210
2862	523
5170	1
3570	5
7524	1
7771	1
8228	1
3533	1
6851	37
8577	1
7205	37
6663	1
7853	1
6636	1
6574	1
3981	30
6900	22
6102	1
6676	1
6930	1
5235	19
3218	1
4045	1
5444	1
6592	1
4813	1
5510	1
6469	1
7124	1
4962	1
4675	1
5380	1
3894	448
4759	1
4648	1
7281	1
8283	3
6525	1
7158	1
4546	1
3910	1
8277	123
8027	1
5176	1
9565	25
5484	72
6346	481
4291	1
6450	371
5736	7
4973	1
6959	1
1773	1
6694	1
2977	1
7107	1
6383	1
3470	1
6427	66
7932	220
6280	1
8614	54
8502	1
5499	4
7118	57
6669	234
4191	1
7318	121
4426	112
7041	1
7151	1
7489	293
4500	268
4018	19
4268	1
8845	76
3173	1
7701	53
6423	135
6300	185
3690	1
8807	1
4176	143
4560	1
5279	20
5726	201
4307	1
4791	1
5787	1
6758	213
3526	1
6129	1
4132	3
5031	144
6321	206
8662	30
4844	121
4493	1
6321	1
6765	120
3865	157
7810	74
6412	1
6363	1
4132	1
6456	198
7766	24
4028	14
6594	1
4867	1
7141	191
5072	1
6518	21
4898	1
4045	1
4901	1
5010	1
9039	39
6698	483
6167	3
5303	1
7516	31
4333	1
4771	1
7025	10
5911	1
5196	1
6183	142
5476	1
8232	312
7165	5
4434	1
4721	92
4972	1
7987	1
3602	13
6238	56
4451	267
6741	1
4671	52
4424	39
6731	1
6738	28
6499	1
1840	279
9501	1
5075	1
6570	1
4620	189
6794	214
6658	36
5116	24
8424	1
9071	131
6079	98
5224	107
5038	3
4753	1
3709	62
7918	286
4115	1
4736	1
5385	607
3894	98
5976	158
3363	1
4924	237
6669	1
7308	1
3732	109
5017	1
4769	1
5031	1
5338	1
8971	1
3316	1
4801	1
7060	89
6739	1
5456	1
4983	81
5127	1
6460	1
5895	1
7076	1
7740	1
4695	6
7352	1
7008	104
4719	90
7520	1
4096	381
7094	1
4651	1
6869	1
3060	1
7568	1
6394	1
6783	1
7203	257
7142	1
5599	1
8939	1
6748	1
5937	1
6534	1
3526	1
3990	1
7295	1
4793	1
6065	37
6706	48
2949	1
4979	1
3639	1
7321	1
9416	63
8491	221
6890	1
7659	82
7539	1
6306	1
2922	1
4635	1
7714	113
3875	1
6181	1
5985	1
8206	9
7283	1
6731	3
4657	1
7148	83
5785	1
5453	85
5225	1
6304	437
6635	5
4603	1
5116	1
8317	1
7460	9
6530	1
7896	1
4092	1
8301	6
6971	1
7598	1
7400	1
6569	119
8213	26
6292	60
8732	1
4852	1
5313	264
8445	42
4639	48
3747	1
6321	3
6890	1
6671	4
5408	5
6590	1
6817	1
7685	1
6680	216
8179	164
4064	412
8558	321
5522	1
7466	51
8087	203
5264	1
6039	311
6454	1
7042	155
7253	149
7247	216
3943	1
6355	57
6433	84
8476	1
8497	1
6690	1
4626	8
6408	1
7614	1
3571	675
7361	30
8137	1
8918	1
7602	9
5449	1
6247	184
6145	81
8052	20
6017	1
2912	1
7260	1
6204	1
8834	1
6078	120
7029	5
4160	1
3989	1
4812	1
5484	1
4066	1
6562	52
6494	1
5919	1
3642	457
5316	1
8253	63
7464	476
8133	18
5739	7
6060	1
4664	1
3524	1
6858	252
7000	1
8604	1
4620	140
4996	412
8851	1
7147	208
5607	1
4387	37
3961	1
6815	1
6620	4
8211	553
6914	1
8382	1
6153	237
5828	85
6862	1
6559	1
4122	14
6927	161
5493	1
3242	1
6304	83
7018	1
8050	1
562	52
7312	204
3582	605
8075	1
7270	502
3719	6
6856	1
6656	14
7109	1
9415	1
4659	1
4167	1
4785	1
3996	2
4618	1
4885	1
3055	1
7307	1
6642	1
6009	20
2271	1
6575	1
4883	1
8682	5
8073	1
9161	1
5506	1
7205	1
6554	1
5810	1
7991	30
6265	1
7170	156
4324	34
7567	1
4345	32
5509	162
9149	1
7681	274
4421	25
6154	694
3600	1
5837	1
4362	1
6375	1
5910	1
5508	580
8134	1
4498	1
7339	85
3419	157
5354	1
7502	261
4666	1
6227	18
4008	1
8359	1
7318	1
5027	1
7087	455
6718	320
4048	1
7820	62
5028	85
7419	1
2877	203
6382	1
6722	1
6723	1
7401	1
6540	1
8596	1
5910	1
7246	1
4477	1
5156	33
3594	138
3986	1
6241	1
8885	242
6159	90
9533	1
6209	1
8354	141
6205	79
6022	148
7894	1
5729	1
6876	221
5467	1
3832	1
8427	1
7844	269
5115	1
4006	400
5971	1
7018	59
6632	1
7170	147
4122	1
6183	99
6312	57
6530	1
5985	1
6757	1
5678	203
5027	1
5090	1
6857	1
6680	1
4482	1
4316	547
5314	245
8866	41
8848	1
5293	343
6874	520
5008	34
8457	254
4064	1
3755	1
7667	78
5989	1
5998	32
6424	402
7438	1
4981	1
3212	30
6630	1
6325	202
3866	1
6508	1
4668	1
3681	1
3979	646
1380	1
6051	1
3626	1
3854	69
3406	32
5912	1
8211	1
6218	1
4372	1
7073	53
5483	1
8814	158
4730	6
4018	1
9150	1
4453	1
7243	1
3357	2
6255	1
7307	1
7655	1
3687	1
7965	54
4525	1
9438	1
3537	1
7365	64
6257	1
4413	41
8354	1
5992	41
7876	1
5924	64
6845	461
6805	244
8903	46
8593	136
6486	414
3918	1
6441	19
8221	1
5562	1
6935	1
6556	1
8294	12
6973	1
7074	1
6583	3
8449	1
7224	1
4695	175
7189	66
4365	6
6947	22
6438	1
7002	233
6679	306
8844	1
8196	131
3224	43
6099	1
9386	155
6017	159
6241	1
5270	180
4676	1
6544	491
6609	1
7739	1
7275	1
7648	1
5451	19
5448	6
4469	1
6785	83
7206	493
6909	1
6725	28
8018	39
4038	1
6103	251
3893	1
5207	1
4117	438
4897	1
8935	1
3917	1
4819	126
6264	1
6652	63
4975	1
4539	200
4398	180
6908	110
7190	1
4690	1
8157	27
4206	1
4670	61
2197	1
4430	223
5176	1
4606	1
4254	5
6311	28
3609	1
7063	1
5963	26
5471	1
7105	1
6062	152
7538	1
7462	50
8260	1
6167	1
7504	1
2907	402
8559	31
4140	1
6122	89
7023	1
7222	1
5979	4
7338	1
9093	1
7841	1
6798	1
3824	1
7135	156
6286	1
8008	25
7719	388
4414	299
7267	629
6578	202
6138	13
4518	1
7864	58
6268	1
4946	1
3621	1
4518	193
8441	1
6572	275
5062	1
4852	1
4026	1
3365	64
6995	1
3729	11
6574	1
5515	1
3387	1
6863	6
7709	14
3912	356
5532	1
6164	326
7065	122
3951	1
8734	1
7114	1
6500	67
4379	1
3900	1
6460	1
6526	180
4558	95
4936	1
9483	1
4571	318
7963	12
7071	1
4742	1
8347	91
6920	58
8362	1
4662	93
5478	163
4034	164
7268	1
7032	1
4260	1
6964	118
5093	1
9013	228
4513	1
6137	31
7295	1
5979	31
6720	184
6032	66
6461	1
121	130
9372	1
7754	1
3352	1
5211	1
7414	1
5506	1
6632	1
8423	1
4350	501
7833	1
5971	1
7327	199
7493	69
6271	1
7677	101
3955	165
6259	1
8134	9
5878	23
4537	22
4787	137
7620	29
6889	318
6247	1
6677	12
7068	16
6639	1
4935	1
3237	1
3232	1
4532	22
7122	72
6992	7
2999	58
3729	1
6146	1
6022	1
4710	1
6488	1
7310	56
7044	1
3333	1
6764	27
7418	1
8132	1
4081	1
3636	1
4004	1
6568	297
6947	1
7077	1
6063	49
6132	96
4460	1
4519	1
4890	1
8353	207
4046	125
5418	49
5634	1
3431	1
7611	1
3386	41
5672	429
4391	379
7092	1
4248	1
8627	23
5017	1
6312	1
4221	1
4433	1
3458	19
8482	69
6291	125
8956	432
5226	1
7238	1
3906	1
4721	15
6170	219
6632	299
4056	1
6570	1
6001	437
4354	1
3723	3
7468	21
2294	88
8392	1
6778	1
8750	1
8257	347
5108	270
7969	56
7775	1
8308	1
4409	1
4594	1
5211	1
4369	333
3950	37
6297	1
6162	1
3335	1
7511	197
8594	8
4067	3
4632	1
3663	1
5725	119
7388	1
9447	1
5779	55
6104	9
5551	20
6461	95
8942	346
7363	1
6690	19
8304	3
4637	37
6317	1
6279	1
5050	190
4389	1
6372	1
3520	19
7589	1
6642	1
8056	75
6612	1
5188	1
3547	1
7796	155
4455	300
4347	1
5534	7
8464	3
4087	1
3948	1
6609	1
6459	1
5253	1
6426	1
4587	1
6536	1
4077	108
7467	1
4435	1
4949	1
6734	1
6475	1
4969	1
4263	1
6679	137
4240	1
4427	1
3656	38
6400	28
5573	1
8444	1
5858	1
5126	1
7222	1
2788	1
7043	1
3970	1
8202	1
4807	382
4379	1
6682	74
6868	13
6748	1
4106	1
3395	1
8723	1
5337	66
9524	1
5577	1
6583	1
4978	1
6305	1
6085	1
5210	202
5981	92
8107	1
7548	357
5204	21
4875	156
6239	25
5186	37
5246	1
8001	51
8528	1
6808	44
4352	1
7699	463
8674	95
4961	151
9050	1
4472	280
3992	8
5091	461
7062	1
6566	84
6581	75
4274	1
6909	19
6054	1
4751	60
4219	1
8259	1
8815	1
6698	14
3310	1
2683	1
6437	31
4796	1
5616	59
8498	427
7530	30
6416	1
5154	302
6205	1
3501	1
4169	110
4452	109
6950	8
5362	1
8916	1
6729	319
4384	1
5103	1
8076	465
4715	1
6186	46
4524	20
8246	474
6372	1
8153	11
3937	1
6972	1
5094	389
2872	1
6635	1
8460	164
6097	1
5330	49
6979	72
3693	1
3910	1
7061	1
7109	1
7207	1
4153	1
7648	57
6644	1
6134	1
6427	157
4408	1
4041	209
6766	1
6626	1
8242	27
6740	1
3728	100
6640	1
6593	1
5075	11
4863	1
5169	1
4892	51
4173	1
4627	68
212	36
3791	1
7670	48
6101	1
6364	1
6837	1
5234	1
9172	1
6658	1
8993	17
6388	74
8283	1
4585	15
4669	15
7273	1
6095	1
3521	1
4148	429
7202	1
4851	110
6965	93
5901	61
3690	1
4532	1
8670	1
7385	1
3772	1
5612	1
4411	1
4791	1
7326	465
6344	1
5282	1
6760	22
5646	1
8928	1
4606	1
4293	65
6956	62
8122	1
6781	1
7881	1
9121	1
6577	403
5944	1
5833	1
7537	1
4956	1
6704	40
4512	1
6081	1
7305	106
6911	475
6651	1
5181	1
3295	100
4429	360
7381	1
7885	1
5688	25
8008	1
3649	1
8123	486
6231	1
4026	106
4842	1
6838	1
5441	174
6178	1
4855	1
7358	69
7593	1
7481	1
7042	4
4281	1
8784	1
7123	13
7880	1
8154	97
5520	1
7078	1
5989	1
6478	1
6351	1
9041	1
7070	1
6795	1
6642	71
3518	1
7638	64
6775	164
4660	107
8561	1
7355	1
4294	411
8042	1
6815	92
4464	59
4270	1
9010	79
4255	44
5539	93
4274	1
4460	1
7727	1
7044	1
5705	1
6764	1
7188	1
3667	5
8141	1
5184	85
6218	246
3959	1
7380	1
6911	1
6478	1
5383	12
3882	465
5753	1
7020	1
4370	1
7389	1
5643	1
4305	1
4486	1
7808	1
7831	144
7913	243
7372	205
7721	103
7276	1
6328	427
4997	9
3889	1
4246	12
6363	265
3785	1
4206	1
4688	46
7220	1
3375	35
7817	1
3300	1
8980	1
4293	1
8351	53
4565	1
7193	1
7053	83
7622	1
5227	132
6695	1
6482	1
8305	1
4690	180
568	544
4887	5
7447	1
7241	1
4005	1
7011	1
3649	68
7459	81
7019	1
5073	91
8088	1
6584	1
6940	182
4579	1
6836	15
4271	1
4358	1
6371	321
8795	1
4143	1
7970	54
7826	288
5558	224
7431	1
3992	1
3706	1
7141	14
5739	33
5558	15
3773	1
6081	1
4010	35
6298	1
5859	55
6658	1
2968	1
6944	1
7336	1
5822	1
3635	1
9370	369
8461	24
8446	490
5812	39
8905	1
8320	1
3399	1
4846	1
3742	1
4732	181
8423	1
7549	1
6820	1
8337	1
7006	1
6339	164
4532	1
4759	1
6786	23
4121	1
6330	1
8146	1
6772	1
6762	471
5458	1
4803	217
4987	1
7354	3
5805	89
6570	1
7105	1
4916	27
6037	1
7239	1
6082	1
8504	1
4121	1
5714	1
4015	1
8241	59
7268	1
7547	1
6270	324
5125	368
6144	30
7956	1
7623	1
4639	364
5460	1
3826	1
8068	1
4500	207
7479	1
4592	1
5473	109
4410	1
5278	126
8222	344
4446	270
6694	54
6964	1
7832	36
4468	147
3463	41
4278	53
5163	1
7128	100
5357	136
6823	41
8798	373
5008	59
6404	1
6922	1
4459	1
4747	1
4297	36
3100	30
7051	1
4515	1
5128	353
7346	1
6376	1
7189	1
8229	1
7083	1
4841	27
6774	1
6082	1
7662	1
4859	1
7453	1
5640	5
5113	1
6038	118
5294	1
8449	1
4384	1
4045	1
4288	1
7165	1
9542	142
8321	1
5436	1
5661	1
6259	1
7311	449
7612	1
6735	1
5483	1
5123	10
7117	1
3294	1
7559	30
8433	1
6025	1
6840	1
4217	21
6743	1
7686	1
3471	1
8275	1
4973	1
4722	1
6767	136
3890	1
5924	190
7578	121
6138	1
4777	8
7888	1
9087	451
6745	1
4851	15
7324	57
4345	1
9215	1
5090	1
9999	1
7840	80
6444	65
7914	1
5227	1
4363	204
4964	1
5214	81
2768	184
6644	1
3974	1
6970	1
6698	366
8188	23
8467	1
3557	1
7169	1
5580	1
3994	1
6829	9
4224	2
8329	115
4372	131
4841	278
7770	1
3754	1
4951	38
3896	1
4044	5
6610	1
8595	1
3651	1
0	204
6502	1
1788	79
8514	32
5164	247
7241	37
3477	2
6653	1
4359	18
7374	1
9082	1
8099	1
6773	1
4454	1
1808	1
6019	1
6367	313
8163	1
7027	1
4995	1
5353	1
6207	37
4762	1
4310	1
3460	1
7067	1
8360	47
9131	1
6125	72
8368	11
5027	80
6006	1
8994	1
3385	8
6977	224
3279	462
5439	1
7386	1
6571	1
9173	36
6063	1
5530	1
7248	1
7820	102
4681	1
6085	1
8241	1
8514	2
3951	94
6386	7
8731	1
9330	1
2978	102
4868	56
4530	206
5558	1
8487	449
4811	1
8278	1
8141	1
8980	1
4331	93
5746	1
4063	1
3576	1
7531	1
5445	1
6012	600
4170	25
3780	1
4531	407
5095	1
4976	163
4922	1
4297	1
6921	61
3520	55
3272	1
9286	1
3775	1
6121	1
6542	1
8170	1
3467	1
6390	71
7875	85
5223	1
3234	1
6402	1
6452	1
7818	325
7881	276
6824	482
5454	1
5530	1
3977	1
5232	2
7961	1
4182	1
4562	1
6136	1
7281	483
5906	1
7970	1
8772	1
4607	1
5690	1
8306	116
3636	1
3547	355
3737	137
6333	1
9830	1
6608	48
6600	1
8570	13
6587	10
8309	1
7911	83
8256	44
6064	347
3558	14
8164	288
8957	11
7988	1
5370	256
4181	1
6766	1
7959	325
4442	1
5440	589
4896	1
6312	558
7511	1
6752	1
6514	1
4293	22
6562	305
4448	1
4398	1
8606	323
3573	1
4356	133
6214	1
6043	1
8033	1
9258	1
6541	32
7572	1
4531	1
5638	1
3511	34
7724	1
7655	1
4662	1
4871	1
4681	87
6291	28
5317	1
6991	1
6179	3
4117	1
3559	55
3606	6
5510	1
8025	30
3787	1
4362	15
4750	1
7322	1
5947	69
4641	392
7573	388
3039	1
3939	1
7021	1
7185	1
7420	1
4381	1
2406	1
3947	1
6167	1
4509	1
4805	4
4826	233
8643	1
7792	39
6746	288
5590	37
6537	13
8179	1
7813	1
5299	1
5139	390
7346	1
7007	1
8056	1
3999	18
7350	11
4223	17
6587	1
6956	385
7876	33
3500	49
7450	37
4848	1
4755	1
8593	1
6029	1
7029	1
3917	258
6719	589
6643	1
4805	149
6850	1
4297	18
5199	537
4716	15
3617	1
7937	279
4530	168
4735	1
8623	1
5812	1
5442	1
8398	1
6293	1
3775	44
6605	26
7258	1
8523	1
3345	1
7467	1
3856	1
4718	1
7928	1
6355	1
6653	39
2859	1
5381	1
4447	1
4154	1
7927	1
6113	1
6513	42
4308	1
6204	1
3852	1
4330	1
7794	55
6093	157
7958	26
7009	1
7589	10
9111	1
8917	171
5020	1
6476	89
7985	1
7679	1
7897	1
9107	2
8466	3
4010	6
4878	1
7918	58
6908	1
7715	1
4612	1
6425	1
7722	1
4819	1
4983	1
4352	1
7123	11
7587	1
7903	1
8082	1
8485	1
4072	381
6020	1
7244	1
4032	1
4344	102
9327	35
7753	1
6166	202
3428	211
6033	24
5042	1
7190	1
5515	1
3842	23
5013	1
4626	1
4370	125
3053	1
8489	4
4257	1
7684	1
6246	1
4507	1
4755	1
4026	1
4710	1
6478	2
7891	2
6891	1
3649	522
5508	1
7459	338
3404	87
5408	70
3385	7
7786	1
5749	13
6589	1
4455	1
7141	538
5682	1
7401	1
6860	1
9238	233
3816	47
3932	1
7552	3
2137	149
8301	1
3544	73
5071	294
6836	234
3437	41
4479	59
4921	181
6960	428
8834	135
3950	259
4186	1
5623	19
4059	9
7889	74
5270	38
4426	1
5062	1
4115	1
8352	234
6857	17
7456	1
4163	1
5537	1
6917	1
4266	1
7364	1
4459	1
7781	97
3595	1
5145	43
8269	1
4097	1
6860	608
7724	1
4308	63
6993	1
4880	1
7004	1
6369	118
3401	3
6797	228
5910	15
6411	1
5778	1
6096	70
7375	23
7261	2
7488	1
4392	1
4096	25
5846	429
2787	17
7249	1
4465	1
6239	1
4211	1
5992	1
4643	27
7779	188
9044	161
7321	129
6996	42
8260	51
8976	1
6017	247
7251	1
6367	1
5150	133
4032	1
4413	453
6041	1
6942	1
4118	1
6832	1
6964	2
6570	181
7863	1
7937	91
5610	1
5073	260
9155	68
5194	1
7309	54
7246	184
5979	205
6899	1
5434	19
5715	1
4437	1
5142	162
4179	1
8627	3
3306	1
5127	1
8302	1
4340	98
6964	140
6556	140
6823	1
8326	100
6147	1
8618	40
7501	1
6932	423
8907	439
6719	124
7123	124
7835	511
4843	1
6759	1
8273	1
4584	1
4480	1
4601	138
6597	3
7810	1
6397	1
7118	1
8398	40
4165	1
7293	332
4336	1
7899	1
3963	1
7439	1
6379	100
6413	1
3149	1
4122	1
8129	1
6891	24
7571	48
3808	204
4177	1
5187	56
4041	1
6592	1
4214	152
4095	13
4817	1
7574	1
8857	1
5399	260
8248	73
5280	453
5311	1
8959	1
6655	1
6689	32
8062	456
7341	25
6038	1
8546	1
6330	1
4106	1
6721	104
4875	1
5781	1
7004	1
5426	1
5504	222
7232	23
2704	1
5102	1
2821	1
5398	1
3928	1
7894	24
4467	9
6495	73
6786	432
7712	23
4409	1
3409	75
7902	30
8381	1
7306	1
7167	1
6819	1
6314	1
7018	70
5844	1
3726	1
6909	1
3983	1
3811	397
6698	46
6568	1
5581	69
3685	1
4815	1
4171	1
5600	1
7218	159
6198	1
5503	1
6772	1
7646	4
8156	1
7422	1
8347	1
6172	1
6024	1
4258	1
6328	1
6762	139
8748	32
4821	1
5539	1
4128	1
3922	199
4858	1
6213	1
4510	1
7304	1
3976	48
3796	1
4923	591
3647	52
7824	367
4824	1
5514	1
3171	112
5625	92
5747	133
6337	1
4115	1
5764	495
3994	8
4332	1
8719	1
6083	1
8587	12
5191	35
7907	5
3677	83
1315	82
6169	1
6679	1
8155	158
6645	149
5226	6
5788	1
5607	1
7533	29
7838	1
5338	33
4015	1
6552	1
5348	1
7087	8
5562	526
8462	1
3793	1
7904	1
7114	1
3533	1
5054	1
8284	1
8316	1
6889	1
5891	278
2932	95
4221	70
4276	1
7398	9
6088	42
4380	1
4678	475
3245	1
7112	56
6771	1
6596	1
7016	1
7364	63
7160	1
6607	581
7911	1
4786	53
5980	1
8865	1
6659	93
6762	248
6999	1
7942	419
5493	479
7626	1
3663	1
3281	640
7584	1
7010	1
5189	8
8126	26
3250	1
3964	1
4667	1
6387	10
6061	202
3140	277
5553	1
5339	1
4169	1
6811	1
1467	1
3927	149
3229	237
6067	1
4837	1
6449	1
7642	9
5762	1
7913	13
4383	1
6868	1
5891	351
5868	1
9336	1
4204	1
7000	212
6917	1
6623	99
5527	1
3941	1
7185	1
9587	202
5756	473
8921	10
4752	1
8144	1
5973	1
5744	87
7009	1
6205	1
4874	1
7713	170
5259	20
3978	329
6966	1
7281	1
7668	1
8386	14
6328	147
8646	157
9562	33
4596	30
4738	1
8485	1
7484	1
7745	1
6872	1
5990	1
4408	1
5730	56
8000	1
3013	1
4130	1
5739	1
7064	62
7465	270
5400	1
8118	1
8303	1
6703	1
4681	510
5733	73
7717	44
7782	1
3549	1
8287	209
9274	1
4220	1
5202	124
7050	1
3734	1
8187	1
2951	30
4330	1
5961	1
9312	101
6832	36
7370	1
5373	1
3643	9
5340	27
7548	1
3114	1
7308	1
6514	45
4411	1
5406	135
4339	8
5003	44
8345	63
7811	60
8570	4
5719	1
7309	1
3643	1
7915	8
3080	6
7048	1
7931	1
5023	10
5048	1
7192	1
5892	1
6442	1
3977	1
4084	1
6807	1
6883	342
7897	328
3803	1
6872	134
9188	95
6140	180
7750	228
4169	1
6038	192
5280	1
4565	1
9006	14
5222	172
7283	1
7528	62
5052	548
7094	1
6942	1
4589	1
7973	1
8279	409
7212	1
7929	1
7092	1
5847	1
7853	284
7817	1
6398	1
6557	1
5522	323
8253	1
8033	36
7629	480
7685	2
5646	69
6194	1
4807	80
4728	1
4941	15
8214	1
4430	1
5738	1
4586	76
4808	1
6392	1
6830	190
5826	1
4860	1
5132	352
5838	17
4106	51
7377	1
5801	1
6534	420
4731	1
8114	127
6673	1
8891	1
3832	1
5526	16
7999	1
6313	1
7252	643
5080	105
7632	53
6590	1
7769	1
8939	488
6375	1
