0	2192
0	3069
0	2557
0	2226
0	2132
0	691
0	1754
0	4803
0	5092
0	1818
0	3323
0	1969
0	3306
0	3833
0	2257
0	2562
0	2014
0	628
0	2147
0	2896
0	1344
0	2951
0	2158
0	2041
0	4300
0	2596
0	3336
0	4560
0	1720
0	3204
0	3444
0	2640
0	1574
0	1562
0	3184
0	2316
0	3903
0	2331
0	4652
1	1255
0	3308
0	2557
0	1344
0	2030
0	9379
0	3766
1	3906
0	3152
0	1243
0	5636
0	3024
0	3944
0	5234
0	2148
0	1118
0	4046
0	3706
0	2649
0	2504
0	3422
0	2327
0	4202
0	4704
0	2770
0	4591
0	2020
0	6045
0	3664
0	5761
0	4933
0	3541
0	2339
0	4151
0	3667
0	3727
0	1992
0	2353
0	3797
0	2543
0	3041
0	1363
0	5176
0	3926
0	2541
0	4045
0	2035
0	4013
0	4297
0	3463
0	2301
0	3695
0	2583
0	1462
0	1015
0	4460
0	2337
0	3092
0	2892
0	4338
0	4113
0	2559
0	2835
0	943
0	2794
0	1964
0	2226
0	3155
0	3930
0	3194
0	5043
0	3755
0	1659
0	2983
0	1987
0	2835
0	4683
0	2642
0	5443
0	1909
0	1581
0	1969
0	4021
0	4405
0	4841
0	5578
0	4909
0	1158
0	3680
0	5808
0	1254
0	2197
0	1329
0	1509
0	3007
0	1836
0	4791
0	4702
0	2294
0	6132
0	1612
0	1952
0	2115
0	2969
0	3134
1	2158
0	3293
0	3583
0	4650
0	4551
0	5575
0	4811
0	3880
0	2406
0	2638
0	1452
0	3728
0	2302
0	3280
0	1847
0	2183
0	2578
0	2501
1	5982
0	4207
0	2247
0	5130
0	3387
0	7129
0	1811
0	1919
0	4326
0	1459
0	2089
0	4065
0	2285
0	4867
0	2733
0	2613
0	3025
0	2491
0	2306
0	1215
0	4096
0	4275
0	1666
0	1525
0	2604
0	5398
0	1364
0	2551
0	2133
0	4714
0	2686
0	7201
0	8958
0	3762
0	3094
0	2499
0	3006
0	4250
0	2326
0	1895
0	5158
0	1905
0	1383
0	2474
0	2702
0	1883
0	0
0	2597
0	2800
0	2601
0	1302
0	4716
0	1916
0	3826
0	3253
0	3544
0	3523
0	7391
0	3712
0	3711
0	2018
0	2672
0	2698
0	2594
0	1881
0	3420
0	5276
0	1560
0	2302
0	4200
0	4638
0	4455
1	5196
0	2381
0	1280
0	5071
0	3333
0	2806
0	1584
0	3809
0	4014
0	1963
0	3665
0	2379
0	3197
0	4103
0	5936
0	3159
0	3365
0	4303
0	4017
0	2881
0	2132
0	5189
0	1736
0	3413
0	1118
0	4116
0	3258
0	3480
0	4832
0	3876
0	1569
0	5208
0	1282
0	5253
0	2136
0	2331
0	2454
0	1812
0	2502
0	1574
0	5144
0	2619
0	1134
0	2687
0	4911
0	5366
0	4081
0	1847
0	4191
0	5494
0	3871
0	2511
0	3193
0	1911
0	1838
0	4318
0	5514
0	3692
0	4374
0	3550
0	2071
1	2021
0	2382
0	1619
0	1807
0	986
0	2908
0	2841
0	4078
0	4934
0	3177
0	5934
0	1574
0	2823
0	3172
0	3608
0	2141
0	2521
0	4353
0	3027
0	3034
0	3777
0	2371
0	3271
0	2476
0	1097
0	3501
0	3642
0	2857
0	2090
0	2684
0	3342
0	2334
0	1585
0	1547
0	2615
0	1640
0	984
0	1806
0	2705
0	3164
0	3299
0	4891
0	3465
0	2684
0	4022
0	3242
0	2570
1	1651
0	4721
0	3541
0	3229
0	2476
0	1888
0	8937
0	4193
0	3545
0	3321
0	2276
0	2817
0	2737
0	2164
0	3690
0	4846
0	2415
0	3227
0	2237
0	4565
0	2846
0	6174
0	1496
0	2768
0	2652
0	4807
0	4039
0	4023
0	2960
0	1871
0	3196
0	5619
0	6047
0	3671
0	2532
0	916
0	5618
0	1769
0	1500
0	6961
0	5754
0	2380
0	5930
0	3505
0	2613
0	3842
1	1482
0	2040
0	2373
0	4206
0	2220
0	2555
0	511
1	1635
0	3286
0	2191
0	642
0	744
0	1702
0	2975
0	2819
0	2515
0	3446
0	3040
0	1438
0	1834
0	1833
0	1787
0	3320
0	3159
0	3472
0	2601
0	4768
0	2277
0	5461
0	2955
0	2058
0	2388
0	3602
0	2664
0	2105
0	3102
0	1164
0	3676
0	1546
0	1727
0	2512
0	3413
0	2305
0	2309
0	5028
0	1797
0	2854
0	3113
0	4449
0	1568
0	1589
0	3213
0	5961
0	5261
0	3316
0	9999
0	3018
0	1721
0	4013
0	5175
0	1174
0	3574
0	1430
0	1950
0	2264
0	2438
0	4092
0	5716
0	3858
0	2238
0	3423
0	2004
0	5219
0	2165
0	6323
0	5434
0	2578
0	1496
0	2991
0	4323
0	2051
0	2337
0	2978
0	3025
0	2038
0	1696
0	3819
0	1957
0	7005
0	2412
0	1241
0	2126
0	2531
0	1947
0	1920
0	1587
0	3039
0	3120
0	2081
1	4282
0	1550
0	2992
0	4260
0	2049
0	6686
0	2671
0	4615
0	1523
0	1903
0	1991
0	3924
0	2448
0	2739
0	2481
0	3829
0	2797
0	4813
0	1728
0	2716
0	1994
0	2662
0	2507
0	3884
0	3699
1	3628
0	2806
0	1039
0	1917
0	5871
0	2229
0	1465
0	3310
0	4602
0	3205
0	2185
0	2957
0	3275
0	3600
0	2311
0	3793
0	2172
0	5079
0	4779
0	2780
0	3654
0	4366
0	5139
0	2481
0	2853
0	2886
0	5156
0	1828
0	2166
0	3063
0	2190
0	1743
0	5687
0	733
0	891
0	3366
0	1590
0	4830
0	3775
0	2296
0	2662
0	5489
0	3978
0	4712
0	4230
0	2426
0	2125
0	4219
0	3749
0	2260
0	1850
0	7124
0	3839
0	4834
0	2679
0	705
0	5404
0	4917
0	2509
0	1755
0	3612
0	2084
0	1178
0	1897
0	4443
0	1322
0	2847
0	2382
0	5036
0	2408
0	1797
0	1377
0	2211
0	2457
0	2803
0	2928
0	3136
0	3387
0	3490
0	2908
0	3570
0	2896
0	3439
0	5833
0	896
0	1085
0	3582
0	1343
0	3991
0	1442
0	3322
0	1125
0	3182
0	2325
0	3582
0	3348
0	3319
0	3271
0	3072
0	2613
0	2411
0	2621
0	1580
1	2480
0	1963
0	5006
0	1273
0	4990
0	5845
0	972
0	5270
0	4516
0	1866
0	2686
0	4573
0	3726
0	3086
0	3412
0	3185
0	4415
0	3508
0	2715
0	4205
0	3699
0	3369
0	2037
0	3703
0	1438
0	4095
0	1467
0	3869
0	4659
0	3111
0	1115
0	3764
0	3007
0	2568
0	1841
0	2986
0	1874
0	2538
0	3353
0	3538
0	2462
0	2504
0	1741
0	2228
0	2411
0	1686
0	1649
0	2701
0	5009
0	2296
0	1170
0	1474
0	5798
0	1515
0	3927
1	1138
0	2866
0	3134
0	1968
0	2551
0	3445
0	3568
0	5497
0	3526
0	4460
0	2542
0	2115
0	2050
0	5566
0	2988
0	2436
0	1464
0	2023
0	5841
0	2891
0	3125
0	2115
0	2991
0	2410
0	3303
0	2828
0	2577
0	1100
0	3966
0	3510
0	5049
0	2184
0	2630
0	4673
0	4363
0	3055
0	1252
0	1515
0	1272
0	1255
0	1310
0	2569
0	4426
0	2252
0	4318
0	2914
0	1653
0	3114
0	1426
0	4056
0	3010
0	2649
0	2835
0	2651
0	7578
0	1269
0	3516
0	1799
0	2648
0	2249
0	1525
0	2246
0	2762
0	1104
0	1787
0	2282
0	1749
0	2438
0	191
0	4518
0	1470
0	1507
0	3708
0	3048
0	2254
0	2906
0	1797
0	4935
0	1759
0	3104
0	3032
0	3204
0	2598
0	1516
0	899
0	1077
0	3872
0	1957
0	3397
0	4556
0	2187
0	1548
0	3318
0	2545
0	994
0	4765
0	1241
0	5934
0	3751
0	3396
0	1419
0	2818
0	1610
0	4200
0	5923
0	1466
0	1284
0	1608
0	4983
0	2888
0	2144
0	2203
0	1663
0	2994
0	3929
0	2966
0	5126
0	2420
0	2606
0	1725
0	3491
0	1290
0	931
0	4704
0	3242
0	2097
0	1542
0	1611
0	2830
0	892
0	1906
0	3325
0	1931
0	3053
0	3026
0	3271
0	3383
0	3035
0	1540
0	3899
0	3521
0	4524
0	3693
0	7815
0	5325
0	1387
0	1938
0	1423
0	1970
0	987
0	1673
0	1943
0	6292
0	6671
0	1277
0	1476
0	5265
0	1928
0	5222
0	8902
0	2483
0	3998
0	2836
0	5208
0	3162
0	3468
0	2491
0	3616
0	1153
0	2774
0	1046
0	3493
0	2303
