1	192
1	135
0	51
0	9
0	29
0	30
0	86
1	93
1	126
1	119
1	81
1	422
1	46
0	69
1	989
1	534
1	49
1	146
0	52
0	21
1	1803
1	79
0	23
1	425
0	14
1	109
0	11
0	8
1	279
0	25
1	138
1	113
1	185
1	56
1	137
1	97
0	67
1	90
0	2
1	152
1	76
1	779
0	41
0	38
0	21
1	227
1	325
1	202
1	603
0	22
0	119
1	153
0	45
1	32
1	309
1	102
1	124
0	54
1	138
0	27
0	126
1	98
1	633
1	1305
1	106
0	188
0	28
1	170
0	97
0	73
0	206
1	104
1	60
0	57
1	491
1	78
0	93
1	1864
1	61
1	87
1	326
0	164
0	112
1	7391
0	30
1	92
0	25
1	264
1	148
0	160
1	88
0	87
1	138
0	18
1	80
0	32
1	286
1	205
0	35
1	69
0	31
0	53
1	465
1	130
1	98
0	14
0	39
1	178
1	76
1	150
1	617
1	193
1	137
1	60
0	34
1	216
1	73
0	31
1	2230
0	20
1	311
1	59
0	16
0	32
1	262
1	626
1	148
1	72
0	9
0	21
1	15
0	39
0	20
1	52
1	82
1	73
0	26
1	123
0	50
1	125
1	72
1	50
1	442
1	221
0	109
0	0
1	103
1	351
1	187
1	256
0	50
1	94
1	91
0	33
1	1151
0	85
1	30
1	286
1	33
1	131
0	71
0	68
1	553
0	11
0	28
1	176
1	918
1	1898
0	16
1	178
1	888
0	9
1	77
1	290
1	200
1	138
0	18
1	155
1	484
0	48
0	13
1	50
1	170
1	80
0	49
0	27
0	71
0	16
1	94
0	56
0	10
1	100
1	263
1	650
0	12
0	17
1	213
1	194
0	20
1	82
1	106
1	469
1	124
1	61
1	171
0	229
1	275
1	109
0	20
1	90
0	53
1	136
0	27
1	199
0	13
0	44
1	274
1	2726
1	234
0	20
0	116
1	146
1	149
0	17
0	56
1	918
1	73
1	4106
1	297
1	53
0	43
1	126
0	191
1	220
0	115
0	100
0	23
1	326
0	21
1	138
0	54
1	37
1	87
0	96
0	29
0	31
1	371
1	73
1	346
1	131
1	123
1	205
0	71
1	230
1	289
0	42
1	158
0	14
0	19
1	111
0	54
1	126
1	267
0	19
0	37
1	4500
1	168
1	224
1	1548
1	142
0	24
0	45
1	286
0	24
1	36
0	16
1	254
0	90
0	7
0	92
0	17
0	19
1	544
0	10
0	163
0	9
1	338
1	144
0	136
1	208
1	1208
0	2
1	60
1	200
1	313
1	64
1	184
1	96
1	208
1	614
0	42
0	267
1	143
1	605
1	268
1	45
1	157
0	17
1	205
0	21
0	174
1	118
0	11
0	49
0	3
0	27
1	133
1	172
1	62
1	126
0	124
1	144
1	74
1	48
1	216
1	973
0	36
1	324
1	238
0	162
1	293
1	64
1	224
0	163
1	223
1	704
0	18
1	1142
1	33
1	37
1	52
0	23
0	9
1	69
1	169
0	39
1	250
1	149
1	237
1	181
1	115
0	474
1	424
1	39
1	333
1	664
0	107
1	84
1	76
1	1734
0	23
1	102
0	11
1	69
1	531
1	2336
1	100
0	33
0	9
1	62
1	154
1	102
1	200
0	164
1	62
1	123
0	18
0	67
1	220
0	49
0	10
1	532
1	88
1	90
1	74
1	82
1	57
1	125
0	24
1	171
1	70
1	1304
1	166
1	171
0	30
1	202
0	55
0	9999
1	160
0	14
1	450
0	18
0	26
1	119
1	155
1	51
0	17
1	666
0	24
0	41
1	90
1	33
0	24
1	130
0	35
1	133
1	163
0	66
0	48
0	80
1	117
1	3622
1	93
1	175
1	145
1	77
1	206
1	83
1	187
1	157
1	92
1	189
1	381
0	23
1	292
0	39
0	15
0	112
0	75
1	270
1	306
1	1916
1	52
1	179
0	64
0	18
1	72
1	182
1	156
1	109
1	191
0	31
0	34
1	88
1	202
1	339
1	79
1	195
0	17
1	626
1	42
1	94
1	733
1	146
1	493
0	67
0	10
1	87
0	3
1	118
1	135
1	183
1	295
1	168
1	228
0	38
0	107
1	183
1	133
0	11
0	27
1	524
1	287
1	154
1	128
1	438
1	72
0	69
1	632
1	202
1	52
1	174
1	57
1	115
0	60
1	144
1	97
0	18
1	161
0	48
1	155
0	61
0	15
0	168
1	371
0	80
0	38
1	482
0	59
0	37
1	120
1	61
1	128
1	118
0	13
1	71
1	290
1	84
1	194
1	239
1	112
1	88
1	204
0	52
0	21
1	100
1	1000
0	51
1	103
1	46
1	151
0	17
0	127
1	62
0	47
0	60
0	44
1	96
0	53
1	341
0	50
1	367
0	23
1	46
0	21
1	1073
1	150
1	153
1	567
0	46
0	126
1	234
1	199
0	14
1	130
1	228
1	125
1	655
1	63
0	191
1	240
1	73
1	254
1	94
1	175
1	92
1	204
0	24
1	45
0	31
1	1540
1	160
0	28
1	54
1	447
1	299
0	67
1	89
1	134
0	24
1	148
1	175
1	61
1	204
0	14
1	157
0	35
0	51
0	36
1	74
0	30
1	137
1	136
1	143
1	287
1	134
1	194
0	26
0	23
0	159
1	278
0	16
1	146
0	19
1	105
0	61
0	26
0	192
1	689
0	33
0	46
1	107
1	156
1	132
0	32
1	164
0	10
1	152
1	107
1	126
1	221
0	20
0	118
0	27
1	142
1	157
1	503
0	101
1	1736
1	137
1	82
1	212
0	128
1	128
1	448
1	61
1	268
1	174
0	44
0	20
1	130
1	270
1	136
0	99
1	97
1	109
0	22
1	1143
1	152
0	125
0	6
1	11
1	88
1	238
1	173
1	312
1	117
0	40
1	185
1	233
1	1176
1	139
1	257
1	88
1	146
1	162
1	137
0	89
1	158
1	29
1	83
0	21
1	86
0	118
0	34
1	81
0	14
0	78
1	192
1	119
1	75
1	232
1	265
0	38
0	36
0	67
1	95
1	200
1	189
0	38
1	302
0	9
0	57
1	617
1	92
1	196
1	281
1	61
0	29
1	608
1	72
0	36
0	14
1	121
1	124
1	55
1	120
1	97
1	99
1	106
0	30
0	36
0	48
0	68
1	189
1	218
0	28
1	409
1	307
1	171
0	24
1	238
1	157
0	29
0	94
1	76
0	42
1	703
1	217
1	137
1	253
1	101
1	415
1	1013
1	134
0	33
1	202
1	72
0	23
0	48
1	34
1	635
1	270
0	69
0	33
1	59
1	745
1	141
1	133
1	78
1	39
1	60
0	155
1	110
0	150
0	108
1	108
1	224
0	22
1	174
1	4592
1	382
0	239
1	162
1	3970
1	138
0	97
0	28
1	123
1	90
0	39
0	100
1	61
1	141
1	133
0	27
1	164
1	152
0	57
0	42
0	16
0	14
1	211
0	8
1	800
0	38
1	444
0	31
1	153
1	225
0	116
1	135
1	38
1	195
1	58
0	26
1	65
0	17
1	100
1	1138
1	288
0	16
0	16
1	145
0	24
0	275
0	40
1	192
1	257
0	39
1	142
0	26
1	158
0	172
1	61
1	83
1	23
0	215
1	1596
1	82
1	107
1	116
0	27
0	26
0	84
1	114
1	118
1	1115
1	181
1	170
1	197
1	96
1	200
1	136
1	120
1	85
1	113
1	164
1	382
1	206
0	24
1	260
0	47
1	102
1	260
1	167
1	146
1	787
0	151
1	184
1	98
1	102
1	154
0	7
1	201
1	113
1	80
0	21
0	52
1	65
1	101
1	117
1	87
1	161
1	90
1	641
1	1148
0	67
1	222
0	68
0	131
1	185
1	72
0	52
1	326
1	181
1	272
1	421
1	109
0	28
0	84
0	26
0	14
1	1579
1	138
0	90
1	906
1	667
1	66
0	18
1	181
0	24
1	147
1	259
0	41
1	383
0	25
1	52
0	102
1	651
0	29
0	2
1	490
1	279
0	29
1	271
1	146
0	28
1	405
0	53
1	76
1	1504
0	51
1	12
1	141
1	151
0	201
1	264
0	214
1	89
1	61
1	62
1	146
1	196
1	185
1	134
1	205
0	48
1	208
1	78
1	105
1	46
0	25
1	303
1	130
1	106
0	30
1	97
0	31
0	19
0	230
1	132
1	226
1	2817
1	61
1	869
0	19
0	10
1	268
0	28
1	130
0	40
1	108
1	149
0	43
0	27
1	1247
0	114
1	128
0	209
1	1735
0	148
1	218
0	14
0	11
1	125
1	70
0	15
1	77
1	659
1	303
0	51
1	78
1	121
0	56
1	77
0	43
1	4909
1	88
0	1
1	58
1	86
0	19
1	410
1	164
1	65
0	27
1	233
0	44
1	193
1	67
1	146
1	246
1	93
1	202
0	80
0	173
0	3
0	23
0	5
1	97
0	34
0	4
0	53
1	310
1	97
0	17
1	74
0	43
1	109
1	69
1	173
1	199
1	266
0	45
1	40
1	244
1	396
1	248
1	631
0	73
1	725
0	37
1	30
0	2
1	250
1	122
1	154
0	17
1	168
1	192
1	186
1	6292
1	171
1	135
1	53
0	20
1	105
1	95
1	41
1	198
1	115
1	51
1	73
1	88
0	137
1	207
0	178
1	153
1	123
1	128
1	266
1	498
1	150
0	61
1	93
1	70
0	7
0	32
1	140
1	179
1	156
0	24
1	128
1	92
0	4
0	33
0	113
0	310
1	125
1	116
1	5557
1	184
1	232
0	70
0	83
1	68
1	207
0	21
1	330
1	2050
0	12
0	52
1	133
1	92
0	9
0	87
1	264
1	260
1	161
1	41
1	705
1	126
0	50
0	20
0	26
1	487
0	10
1	252
0	5
1	145
1	55
1	3052
0	15
1	263
1	189
1	122
1	256
1	129
1	134
1	107
0	12
1	60
0	30
1	133
1	117
0	43
1	202
0	25
1	293
1	89
0	57
1	181
0	39
0	117
1	139
1	70
1	284
1	160
1	50
0	128
1	294
1	94
1	255
1	487
1	117
1	320
0	18
0	33
0	13
1	147
0	54
0	15
1	111
1	1506
1	203
0	51
0	31
1	110
0	9
1	77
0	1527
1	39
1	221
0	46
1	106
0	143
0	105
0	29
1	146
1	1608
1	1626
1	119
0	62
0	31
1	83
1	234
1	212
1	201
1	489
1	83
0	173
0	18
1	33
1	118
1	91
0	36
1	46
1	96
1	162
1	29
1	102
0	48
0	29
1	491
1	1119
0	44
0	16
0	121
0	20
1	69
1	189
1	116
1	109
1	473
0	145
1	137
1	160
1	123
1	909
1	696
1	55
1	173
1	208
1	241
1	201
1	365
1	567
1	185
1	155
1	2325
1	198
1	179
1	105
0	35
1	189
1	3451
1	122
1	159
1	57
1	26
0	10
1	460
1	137
0	27
0	54
1	1121
1	69
1	247
1	162
1	1882
1	1018
1	1509
1	108
1	80
1	109
1	115
1	201
0	58
0	18
1	1030
0	21
0	162
1	160
1	1511
1	125
1	72
1	45
1	89
1	155
1	139
0	6
1	452
0	118
1	58
1	209
1	111
1	94
0	219
1	244
0	39
1	227
1	7760
1	76
0	42
0	78
1	142
0	36
1	77
1	33
1	171
0	45
1	143
1	160
1	115
1	215
1	455
0	10
1	132
1	160
0	49
1	85
0	4
1	118
0	23
1	156
1	115
1	109
1	77
1	87
1	92
1	77
1	103
0	25
1	1095
0	104
1	177
0	137
1	119
1	97
0	12
1	116
1	163
0	28
0	93
0	75
1	170
1	61
1	243
0	53
1	114
0	41
1	1113
1	113
1	97
0	3
1	2394
1	1434
0	29
0	4
0	39
1	1031
0	32
1	154
0	103
1	228
0	13
1	153
0	10
1	150
1	79
1	54
0	29
1	129
1	180
1	80
0	29
1	82
1	119
1	99
1	1517
1	238
0	121
1	222
0	21
1	104
1	55
0	44
1	132
0	16
0	28
1	167
1	109
1	107
1	1230
0	30
0	24
1	76
0	38
0	25
1	302
1	117
1	267
1	42
1	100
1	27
1	534
1	96
1	152
0	65
1	148
1	141
1	52
1	203
0	11
1	154
0	112
1	230
1	58
1	134
0	17
1	48
1	71
1	299
1	158
1	251
1	203
1	1254
0	22
1	224
1	435
1	109
0	23
1	222
1	132
1	149
0	261
1	126
1	1017
0	193
1	153
1	135
1	104
0	98
1	157
1	135
1	221
1	101
0	46
1	151
1	509
1	426
1	200
1	104
1	167
0	11
1	58
0	23
0	9
1	50
1	120
1	177
1	43
1	69
0	4
0	61
1	179
1	51
1	722
1	185
1	296
0	15
1	181
0	301
1	177
1	143
1	975
1	3243
1	609
1	70
0	51
0	80
0	30
1	153
0	38
1	230
1	197
0	99
1	967
1	143
0	9
1	88
1	79
1	290
1	2039
1	115
1	98
1	487
1	139
1	91
1	68
1	252
1	245
1	94
0	22
1	108
1	2776
0	4
1	2950
1	614
1	189
1	281
1	1049
1	72
0	44
0	15
0	105
0	13
0	31
0	75
0	22
1	95
1	300
1	110
1	104
1	277
1	1040
1	104
1	188
0	36
0	13
1	4218
1	163
1	429
0	44
1	1258
0	128
1	165
1	462
0	56
0	1
0	16
1	122
1	173
1	171
0	19
1	72
0	5
1	78
0	28
1	506
1	253
0	33
1	178
0	41
0	72
0	31
1	141
1	147
1	117
1	101
1	74
0	27
0	21
1	703
1	1162
0	22
1	976
1	228
0	230
1	1296
1	720
1	136
1	178
1	105
0	144
1	130
1	189
1	123
1	203
1	178
0	52
0	118
1	228
1	903
1	157
0	31
1	179
0	177
1	93
1	173
0	39
1	74
0	114
1	48
1	211
1	135
0	34
1	81
0	142
0	7
0	78
1	130
1	1566
1	141
0	57
0	27
1	685
1	114
0	19
1	160
1	117
0	10
1	170
1	51
1	856
1	134
0	107
1	143
1	73
0	25
0	87
1	1145
1	77
0	91
0	66
1	152
0	26
0	17
0	62
0	14
1	670
1	767
1	62
0	37
1	145
1	552
1	93
1	194
1	142
1	145
1	34
0	77
1	146
1	172
1	131
1	137
0	28
1	1363
1	128
0	68
0	69
1	287
1	625
0	32
1	158
1	116
1	111
1	168
1	136
1	123
0	171
0	11
1	130
0	65
0	23
1	133
1	203
1	76
1	549
0	11
1	237
0	35
0	103
0	9
1	146
1	199
1	172
0	28
0	58
1	55
1	70
0	41
0	33
0	48
0	187
0	25
1	128
1	247
0	96
1	225
1	199
0	36
1	97
1	95
0	29
0	92
0	24
0	32
0	79
1	592
1	80
1	150
1	705
1	97
1	49
1	189
1	70
0	6
1	330
1	1456
1	136
1	281
0	53
1	103
1	226
1	708
0	33
1	218
1	1647
1	1158
0	13
0	12
1	2139
0	78
0	30
1	233
1	118
1	169
1	131
0	37
0	206
1	47
1	167
0	43
0	17
1	63
1	1617
0	12
1	154
1	92
0	37
1	138
1	144
1	129
1	59
0	37
1	143
1	160
1	130
0	24
1	735
1	138
1	85
0	40
0	23
0	112
1	201
1	56
1	78
1	435
1	1450
1	105
1	189
1	158
0	22
0	29
1	264
1	79
0	22
1	92
0	104
1	109
1	57
1	61
0	196
0	83
0	42
1	88
1	176
1	351
1	147
1	114
1	98
1	140
1	178
1	221
1	1958
0	50
1	122
1	239
1	103
1	89
0	11
