1	3581
0	4631
0	5001
0	5719
44	6061
7865	4
31	5404
4949	100
0	3216
469	2942
1	2524
12	2603
17	2729
1	3132
6	4749
3	4874
4	3545
679	3402
0	6335
5	2644
10	5392
1	2444
7	3721
107	3354
8	5322
4692	58
302	4169
1	6259
0	5094
14	5197
2	5042
37	3741
0	2575
1	4122
4	4386
0	4298
0	2973
953	1755
9	2802
2	6432
162	4007
2690	344
1	7049
16	4714
0	3863
65	3394
29	3576
369	3218
18	3650
17	5671
181	4592
0	4261
0	6706
70	3545
10	4934
24	3699
3194	238
0	4010
1	4595
1003	3080
1	4207
4	3337
1119	1322
2021	1075
1	3641
40	2796
3692	262
13	3369
2	4940
5	3855
4316	201
1	8552
0	4314
4133	146
47	2414
1415	1362
34	4188
2653	647
4	3324
670	3367
45	3817
85	2966
662	3888
226	2747
23	2657
0	4214
1149	1923
3	5234
0	3020
115	2001
37	3774
3	4115
0	4063
14	3290
2	3433
1	3557
28	3141
230	3846
25	4507
1	4304
92	3656
4	8124
0	5422
0	3418
1669	931
17	5517
40	3943
21	6195
22	4655
20	4110
47	3695
0	5264
2325	646
982	2225
13	3987
0	4221
0	4347
21	5046
1	4316
4	3663
1	7460
41	4226
41	3168
6	4688
900	4057
14	2487
1	4901
18	3477
5	5482
2782	610
0	2939
0	5226
7	5242
0	3128
0	4565
51	2432
153	3532
1	4349
78	5957
20	3855
3	6954
36	4184
18	3688
5	4237
0	6074
43	3447
35	4217
40	9999
56	2358
1	4311
3	2310
28	5361
41	3547
3299	149
274	6190
0	5382
1	2706
28	4105
4905	67
1157	1799
2343	556
1068	1230
12	3856
588	1683
18	4642
62	4275
3477	158
1	5346
21	3804
7	3537
4	5607
4	7030
0	7515
28	3890
0	2560
18	5152
2874	372
2524	496
1038	2241
1	5993
2673	635
6	4234
29	4567
0	5917
0	3221
9	4975
2	4468
0	3967
25	3285
389	4488
1368	1017
0	3574
1	6990
207	4212
7	2717
1724	1132
77	2873
7	2246
17	6415
875	2660
0	7781
4	6555
1	3038
17	3749
27	4097
385	1949
1189	1669
1	4094
31	5297
1	3910
1	7112
212	4130
357	3374
0	3804
110	4414
38	4943
0	2605
75	4629
2430	540
1	3548
25	5711
2	2324
18	4240
6	2805
0	4107
7	5637
28	4452
439	4010
97	5110
34	3540
0	5781
1	4598
0	4106
2301	907
22	5532
23	3307
26	3095
11	4546
1	3092
1	5838
20	3804
10	4560
16	3746
0	4321
2	6674
2232	772
0	4829
90	2729
4	2904
10	6283
17	3471
0	4676
1	5087
0	4253
22	5693
1248	1788
18	3555
1	3390
9	4243
44	5080
10	5936
12	5662
6	7450
3854	189
0	5401
41	3497
15	4052
742	2302
12	3263
757	1808
1	4047
80	3294
3	2637
10	2994
839	2742
3	5149
0	4176
5	2406
54	4686
68	5446
1	4674
2431	624
3305	250
3	2761
14	4628
0	5221
8	3145
1	3116
22	2912
0	3567
7	3297
2561	531
29	6547
0	2397
1	3282
597	1575
8	3572
973	1285
158	4177
2	4485
1	3396
329	2098
423	3415
47	4651
42	3624
1	8013
0	4850
2468	490
3709	106
27	4378
0	8497
0	6360
0	2686
26	6170
2330	545
1	3213
4623	79
44	4013
19	3903
39	6153
0	8758
9	4214
0	4091
0	4784
0	5987
30	4118
0	3005
518	2132
4	4022
0	2992
1	4703
42	2655
16	4812
0	2536
0	4256
238	3270
107	3318
2	2626
36	3781
28	7506
37	3409
21	7294
23	3080
15	4005
0	2675
184	3219
1002	1885
777	2311
22	4185
6	3223
9	3023
6	4194
33	4338
0	2829
2	2208
22	5095
2100	738
797	1896
1	2732
1379	1498
160	2122
20	5113
38	4657
2	3079
0	5234
659	3080
123	3290
0	4265
115	2207
33	3428
970	2226
0	4870
2260	863
1	4288
495	2376
0	5183
18	3160
2	4716
0	4971
1	3627
0	4758
78	4056
1095	1913
12	6497
5	4177
1	3436
13	4195
30	4212
2	3104
4	7032
0	6233
589	2735
355	4858
17	4736
7	4399
1992	582
8	5476
15	3653
7747	4
0	2892
16	2649
10	5600
0	2883
28	4533
29	4636
31	3304
1027	1252
5	5785
1196	1314
1	3206
8	3393
573	2690
1	4681
64	3621
29	2674
21	3928
12	4822
12	6956
1	4121
0	5766
2	4768
17	4366
322	3036
113	4588
30	6087
0	3920
715	2788
1957	961
0	3791
55	4351
1531	824
1	4486
3	3793
0	4606
0	2779
1506	1271
0	6865
27	4052
70	4236
2037	674
565	3637
510	3325
20	3157
19	4693
29	4000
23	5127
371	4693
1472	851
11	4889
14	4067
0	3344
53	6091
4	4173
5	3689
0	2764
18	2740
8	5514
1593	860
123	2821
48	2432
6359	16
1854	1540
0	4792
0	4868
8	4833
23	4928
683	2752
1	4749
16	3367
4	7890
60	4196
879	2322
1	6027
8	4597
1	3194
9	2845
0	5228
40	3316
0	2404
1	4634
0	2979
148	5605
499	3503
1	4469
1	2943
0	4077
470	3031
4	3323
26	2687
279	4360
4	4368
1	5028
3801	191
1	3433
1	5953
187	3115
1	3060
2	3218
305	2700
6	2996
510	3455
3930	181
40	6587
7	5079
3372	169
1	3167
11	5413
25	4699
480	3808
0	4065
25	6148
34	2753
10	4347
30	5343
7	3764
1	5588
197	2722
283	5180
1	3764
25	3022
7	4219
3	3970
0	5394
9	3237
0	4472
9999	0
573	2922
2	2893
502	2371
7	3490
629	3615
114	3640
421	4233
2314	598
504	2099
1	4331
595	1446
0	5032
42	3571
0	5263
4	5848
4	4280
12	3561
1328	1340
0	5520
0	2165
17	6045
527	1534
151	3386
6305	28
867	2600
0	2586
0	4216
32	3131
1	3751
10	5237
0	4066
741	2507
34	4009
3	4037
0	3733
9	3410
49	7058
1	3640
1	6943
18	4119
23	3108
25	2554
51	3827
1014	1955
9	4210
0	3609
11	5186
1	6289
0	3579
1	4092
997	1554
22	5201
166	3552
14	5413
8	4817
0	3196
64	4750
0	3853
1	4064
24	4208
18	5390
14	2991
3	3439
140	4652
2794	423
1	3268
11	4050
8	5252
2199	436
36	5320
3	4339
0	3742
199	5983
59	4988
25	3687
231	2442
0	3753
14	4550
1143	2304
64	2885
3	5684
22	6541
17	3385
0	4039
68	3976
15	5113
15	3523
17	3912
43	5182
18	4929
0	6419
2	3822
5	7545
1255	2353
17	6034
18	4926
0	3903
12	6014
17	4309
13	5019
21	4155
174	3418
15	3090
1	5005
1	3818
44	3161
38	3024
7185	9
221	3481
