6	14
7	5
6	1
6	5
5	14
7	1
7	1
6	9
7	1
7	5
7	1
6	6
6	1
7	1
7	9
7	14
7	5
7	14
7	1
4	14
7	1
7	5
7	1
6	5
7	14
6	1
6	14
7	11
6	14
7	1
6	5
7	1
4	16
4	14
6	5
6	1
4	1
7	8
7	14
7	14
7	1
6	5
7	5
7	16
4	1
6	13
4	1
7	9
4	8
6	5
4	2
7	5
6	5
6	1
7	1
5	1
7	1
6	1
5	8
7	1
6	5
6	5
6	16
1	15
6	14
7	5
6	5
7	5
7	16
6	3
7	8
7	12
6	15
4	12
6	14
7	5
7	5
7	14
6	1
6	12
4	8
6	14
5	1
6	16
7	1
4	14
6	14
7	14
7	3
7	1
7	1
7	1
7	14
6	14
7	14
6	5
6	2
7	14
5	1
6	14
6	16
1	14
6	1
7	1
6	14
6	1
7	1
7	5
7	1
7	1
7	12
4	1
6	14
6	16
7	1
7	1
7	1
1	1
6	7
7	10
2	5
6	10
7	5
2	5
2	5
7	1
1	1
6	14
7	14
6	1
1	8
7	5
7	14
7	1
6	14
6	1
6	1
6	12
6	5
7	1
4	14
7	1
7	1
7	14
7	5
6	16
6	1
2	12
5	1
6	14
5	1
2	14
7	1
7	5
5	14
6	1
7	5
7	12
7	5
6	15
6	14
6	12
6	1
7	14
6	1
6	1
7	12
6	1
6	14
7	1
4	1
7	1
7	1
7	9
6	1
7	1
7	1
7	1
7	1
6	14
6	14
7	1
4	12
6	1
5	1
6	1
7	5
6	5
7	1
7	1
6	1
7	5
6	14
6	5
6	1
6	14
7	5
7	7
6	16
7	1
4	5
6	5
7	1
7	14
2	14
6	14
7	14
6	14
7	1
6	5
6	3
5	5
7	16
7	1
6	1
6	14
7	16
7	14
6	1
4	14
6	1
7	1
6	14
7	1
7	1
6	14
7	16
7	14
6	12
7	1
6	10
6	1
7	14
2	14
7	1
6	1
6	1
7	14
7	1
7	3
7	5
7	8
7	14
5	3
7	1
7	7
6	5
7	7
4	14
4	1
7	5
7	12
6	1
6	2
6	14
7	1
7	14
7	1
7	1
6	16
6	1
7	1
6	14
6	1
7	8
7	1
7	1
7	6
6	1
7	1
7	5
6	11
7	3
4	1
4	5
7	1
7	1
7	1
7	1
6	5
6	7
7	12
7	1
7	5
7	14
7	3
7	8
7	1
6	5
6	13
7	1
7	1
6	7
6	9
4	9
1	1
7	1
6	1
2	9
7	7
6	1
7	14
6	12
7	5
6	10
7	5
7	5
6	5
7	1
4	1
7	2
7	7
1	16
2	1
6	1
6	1
6	1
6	9
7	5
7	1
2	1
6	1
7	14
7	1
7	1
7	2
7	10
2	1
6	1
7	5
7	5
7	5
6	1
6	1
6	5
7	1
7	1
7	14
6	15
6	14
7	15
7	6
7	1
7	11
7	14
7	1
7	1
6	5
2	7
6	1
7	5
6	12
6	1
6	3
7	1
7	12
7	1
7	1
7	1
4	5
6	1
7	1
7	14
6	5
6	14
3	14
7	14
7	12
6	1
7	1
7	12
7	5
7	14
5	12
7	1
6	14
7	14
7	1
4	1
5	1
7	1
5	5
7	12
6	1
7	1
6	12
1	5
7	1
7	16
7	1
6	14
7	15
6	5
6	1
7	7
7	3
6	5
2	5
3	16
7	5
6	1
6	1
7	14
6	16
2	6
6	1
7	10
7	9
7	14
7	1
7	14
6	10
6	1
7	1
7	9
7	1
6	5
6	5
6	1
7	15
6	1
7	14
7	1
7	1
7	1
7	14
7	1
6	5
7	5
6	7
7	16
7	8
7	1
5	1
7	9
7	1
7	1
7	1
7	14
7	5
6	1
7	1
5	14
7	5
7	14
6	1
7	11
6	1
6	5
7	16
4	14
6	13
7	1
6	1
7	3
6	1
7	1
6	5
7	12
6	14
7	14
7	5
6	15
7	14
6	5
7	15
7	1
7	14
6	14
7	1
6	14
7	14
6	14
6	10
2	1
6	13
7	14
7	14
7	14
7	10
5	3
7	10
7	14
6	2
6	14
7	1
7	1
7	14
7	5
7	8
6	5
6	8
7	14
7	1
6	13
7	1
6	6
6	5
7	1
6	7
4	14
7	5
6	10
6	5
6	1
6	1
6	5
7	5
6	1
5	6
6	1
7	9
6	2
7	5
6	16
7	5
7	5
7	16
2	11
6	2
6	5
7	14
4	14
6	8
7	1
6	1
7	1
7	1
7	1
7	14
6	14
6	5
6	1
6	1
7	14
7	11
7	14
7	1
7	8
7	14
7	12
6	1
7	5
7	1
6	14
7	14
6	1
5	1
7	11
7	1
7	1
7	14
6	16
7	1
6	1
5	7
7	16
6	14
6	1
6	8
6	1
7	14
7	3
7	14
3	7
7	14
7	5
6	1
7	1
6	13
7	12
7	2
7	1
6	2
6	1
6	5
7	14
7	12
7	14
7	14
7	14
7	1
7	14
7	5
7	2
6	14
6	1
7	15
6	1
7	16
4	14
7	14
6	14
7	1
6	5
6	15
3	5
6	1
7	14
7	2
6	1
7	5
6	14
6	5
6	14
6	14
6	14
6	5
7	14
7	5
6	5
7	3
7	2
7	1
6	5
7	1
6	10
6	1
7	1
7	12
7	14
7	12
7	2
7	1
6	5
7	2
7	1
7	1
6	1
7	1
5	14
7	1
6	14
7	1
2	14
7	14
7	14
7	16
6	1
6	1
6	14
6	5
7	14
6	1
3	1
5	7
1	14
6	14
7	1
7	8
7	14
7	1
7	1
4	1
5	1
7	14
7	8
6	2
7	1
7	14
4	1
7	14
5	1
7	5
6	14
2	5
7	5
7	14
7	1
6	14
7	1
6	14
7	1
6	12
7	14
6	14
7	1
7	8
7	16
6	12
7	9
7	14
6	1
7	1
6	1
7	2
7	1
6	1
7	14
7	5
7	5
6	1
6	5
7	14
6	1
7	1
6	1
6	1
6	14
6	12
7	7
6	1
7	14
7	1
7	14
7	1
6	14
6	5
6	6
6	1
3	13
2	1
7	5
7	1
7	10
6	1
7	1
7	16
7	7
6	5
6	16
7	1
7	10
7	16
6	2
6	5
7	1
6	1
6	1
7	1
6	1
7	14
7	11
7	1
6	7
6	16
7	16
1	5
7	6
5	5
6	14
7	14
6	4
7	5
7	1
6	12
7	8
6	12
5	14
6	14
1	9
7	1
7	5
7	14
7	5
6	7
7	5
7	1
7	16
1	12
7	14
7	14
7	1
7	1
7	5
4	5
6	7
7	12
7	14
7	1
1	1
6	12
6	5
7	6
6	1
7	5
6	5
7	14
6	1
6	5
6	1
1	1
7	1
6	1
4	14
7	14
6	12
7	1
7	14
7	5
6	1
4	10
7	1
6	12
7	12
7	1
6	15
7	16
6	14
7	16
7	1
7	16
7	14
5	16
2	8
7	1
6	14
4	1
7	2
6	14
7	5
7	14
4	14
6	7
6	5
1	16
6	1
2	1
7	14
6	5
7	5
6	14
7	14
7	1
6	5
7	1
7	1
6	1
7	1
6	8
6	16
7	5
7	5
7	1
6	5
6	5
7	16
6	1
7	14
7	14
4	6
6	1
7	14
7	14
7	1
7	16
7	5
6	12
6	16
7	8
7	13
6	5
7	12
7	14
6	5
6	12
7	5
7	1
6	1
7	1
7	12
6	1
6	1
7	12
7	1
7	14
7	1
6	9
7	1
6	15
6	5
7	5
4	1
6	5
6	5
7	5
6	1
6	14
7	6
7	10
6	15
7	2
7	14
6	13
6	5
5	5
6	5
7	1
7	2
6	16
6	1
2	1
6	5
6	14
2	3
7	5
6	16
6	1
2	14
7	1
2	14
4	8
6	5
1	9
6	1
7	14
6	16
7	5
7	8
6	16
7	16
6	2
7	1
7	1
7	5
7	16
6	2
6	1
7	14
7	10
6	1
7	14
6	14
6	1
6	1
7	14
7	5
7	1
2	2
7	14
4	7
7	5
3	2
7	5
6	14
7	1
7	1
7	1
6	1
6	1
7	2
7	1
6	1
7	1
6	12
6	14
7	5
7	1
7	14
7	14
2	16
7	16
7	1
4	5
7	1
6	12
7	14
6	6
6	6
5	5
6	5
7	12
7	1
7	14
6	1
7	2
7	1
6	8
6	14
6	12
7	5
1	1
6	5
7	2
6	1
7	16
6	1
6	13
7	2
6	1
6	2
6	1
6	14
7	8
6	2
6	5
7	1
6	5
6	15
5	5
7	2
1	5
6	7
6	5
7	9
7	2
7	8
7	1
4	1
6	14
6	5
6	1
7	2
6	16
6	1
6	1
7	6
7	14
5	16
6	6
6	5
7	7
7	1
7	2
7	1
6	5
7	9
6	5
7	1
4	1
6	5
6	3
6	2
4	5
7	5
7	8
6	5
6	1
7	7
6	14
6	1
7	5
6	14
7	14
7	1
6	14
7	5
4	14
6	14
4	5
6	16
6	14
7	5
7	12
5	1
7	1
4	7
7	5
7	1
6	13
6	6
7	14
7	16
3	7
7	14
7	1
7	1
7	14
7	14
4	16
6	16
4	1
5	14
7	14
7	12
7	1
6	1
7	1
6	16
7	14
6	14
7	1
7	1
5	1
7	1
6	1
6	1
7	8
7	5
6	5
7	1
7	1
7	14
6	1
6	14
6	2
6	12
6	5
7	1
7	1
7	14
6	1
5	5
7	1
6	1
7	8
6	5
7	5
7	5
7	1
6	1
7	7
6	5
6	5
6	14
7	7
6	14
7	1
6	1
7	16
7	9
6	5
7	12
7	1
4	14
7	1
6	1
7	1
5	16
7	14
7	1
7	14
6	7
4	1
7	7
7	5
7	7
1	12
7	1
5	12
4	12
6	12
7	1
6	14
7	16
6	12
6	8
6	6
7	5
5	1
7	1
7	1
6	2
6	12
6	14
4	5
1	7
6	14
7	14
7	5
7	14
7	8
7	1
6	5
4	16
2	1
7	5
7	5
6	2
6	14
7	5
7	14
7	1
7	13
4	3
4	16
7	14
7	1
7	1
7	1
6	14
6	5
7	1
6	1
7	14
7	14
6	5
7	1
5	15
6	1
6	1
7	2
6	1
6	14
4	8
7	6
5	8
7	1
7	1
5	1
7	14
2	1
7	1
6	1
6	13
6	5
6	5
7	5
1	5
7	12
7	5
6	1
7	14
2	1
7	16
6	15
5	1
6	1
4	5
6	7
7	1
7	15
4	14
6	5
7	1
7	14
2	14
7	1
2	1
1	12
7	16
7	1
7	1
6	12
4	1
6	1
6	9
7	8
4	1
7	5
6	2
4	14
6	14
5	1
7	1
6	14
6	7
6	16
6	7
7	1
6	14
7	1
1	14
7	1
6	1
7	14
6	1
6	1
7	5
7	1
7	1
7	1
6	5
6	8
4	1
5	14
7	14
6	16
5	14
6	16
7	14
7	15
7	14
6	1
7	1
7	1
6	2
6	12
7	14
6	1
7	8
6	14
7	1
6	1
7	1
7	15
7	5
7	1
7	14
6	14
6	14
7	1
5	12
7	12
7	1
6	7
2	1
7	1
6	16
7	5
6	1
6	2
7	14
7	14
7	2
6	16
7	8
6	5
6	1
7	1
7	1
4	14
7	2
7	5
7	5
6	14
5	9
6	1
7	1
7	12
6	14
7	1
7	5
7	14
6	14
7	14
7	12
6	2
4	1
6	2
6	2
7	5
7	14
1	14
7	1
6	5
5	1
7	5
4	1
7	5
7	1
7	2
7	14
6	1
6	1
1	8
7	1
6	1
6	1
4	5
7	14
4	10
6	5
7	5
6	14
6	5
7	5
6	1
6	1
7	1
6	1
7	1
6	12
7	3
6	1
7	14
7	1
6	1
7	8
7	5
5	8
7	13
7	16
6	1
7	12
6	1
7	14
7	1
7	5
6	1
7	16
7	1
7	5
7	16
6	14
6	1
7	1
7	14
6	5
6	1
6	1
7	9
7	15
7	5
7	16
6	12
2	8
4	14
7	14
6	8
6	14
7	14
7	14
6	12
7	1
7	5
7	16
6	14
2	1
7	1
6	7
6	16
7	1
4	5
6	2
6	2
7	14
6	14
7	14
6	14
6	14
7	7
7	14
6	1
6	1
6	1
7	1
6	1
6	16
7	14
6	5
6	1
6	14
7	8
4	8
4	1
7	1
6	12
4	1
7	1
4	14
7	6
6	14
6	1
6	14
7	14
6	1
6	2
7	16
7	16
7	14
6	16
1	14
6	1
7	14
6	14
7	1
7	12
7	7
7	5
7	16
6	2
7	14
7	13
7	6
1	14
4	1
7	14
6	12
4	5
7	1
7	2
3	3
4	8
7	1
7	2
6	14
4	14
6	5
7	5
7	14
7	1
7	5
6	15
7	1
7	1
7	14
7	5
7	14
7	16
6	14
7	1
7	14
5	7
6	14
7	14
1	14
6	1
5	5
7	12
5	1
6	1
7	1
6	15
6	14
2	5
7	6
7	5
7	6
7	15
7	5
6	1
7	5
7	1
7	14
4	14
7	7
6	12
2	14
7	14
2	6
1	3
7	1
7	1
6	5
4	14
7	1
6	6
6	2
6	1
6	8
6	3
7	5
5	13
7	14
7	14
7	1
6	12
7	12
6	12
7	1
7	5
7	10
7	16
7	5
6	5
4	1
7	1
6	16
6	14
6	14
5	13
7	16
6	5
6	14
7	14
4	14
6	14
6	5
7	1
7	10
7	1
6	1
1	14
7	1
2	13
6	14
6	14
6	1
2	2
7	1
6	10
6	1
5	14
6	14
7	14
7	5
4	8
6	15
6	8
7	14
7	12
6	1
6	1
7	5
4	1
6	14
6	1
7	14
6	14
6	16
5	14
4	3
6	14
6	8
7	5
5	14
7	5
7	12
7	5
6	1
6	14
6	2
7	5
6	1
7	2
7	5
7	16
7	14
7	7
6	12
6	16
6	12
6	1
7	12
7	14
6	1
6	1
7	16
7	14
6	1
7	2
4	3
7	5
7	1
5	6
7	14
7	1
6	2
6	1
6	1
7	4
5	14
7	14
6	14
7	5
6	1
7	8
5	1
6	14
7	14
7	1
7	16
6	5
6	14
7	14
5	1
7	5
6	16
4	1
7	14
7	14
6	1
5	10
6	14
5	14
7	14
6	14
7	1
4	3
7	5
7	14
6	1
6	14
6	14
6	1
2	7
7	12
2	7
6	1
7	1
7	1
7	5
7	2
4	1
6	15
2	15
6	1
6	14
4	14
6	12
6	1
7	5
7	3
7	16
7	1
2	1
7	1
7	16
7	1
7	1
7	3
7	1
7	1
6	14
6	3
6	16
6	14
7	1
6	1
6	5
6	1
7	10
7	14
7	5
5	14
6	2
7	5
7	14
6	5
7	1
7	2
7	1
6	5
7	1
7	1
7	1
7	1
6	14
7	14
1	8
7	1
7	2
6	8
6	2
7	1
6	1
7	1
7	1
7	1
5	1
7	14
7	8
6	12
6	5
3	16
4	9
6	5
7	1
7	5
4	1
5	5
7	1
6	1
7	3
2	14
6	14
6	14
7	1
7	5
6	6
7	1
5	2
6	14
2	1
7	1
4	1
6	8
6	1
6	15
6	14
7	2
7	1
7	14
6	15
4	14
5	14
7	1
7	1
7	14
7	9
7	8
6	1
6	15
6	14
6	5
7	5
6	1
6	5
7	1
7	14
6	14
7	8
6	1
6	5
7	14
7	1
7	14
4	1
5	9
5	15
7	1
7	1
7	14
3	2
7	5
2	1
6	6
6	5
7	5
4	1
6	12
6	5
6	14
6	2
6	5
7	14
2	14
6	16
7	14
2	1
6	1
7	14
7	1
7	14
6	1
6	1
6	16
7	14
6	10
6	5
7	2
6	1
7	1
6	1
6	5
7	16
7	1
7	14
6	1
6	1
5	14
6	7
7	14
6	1
6	16
6	1
2	5
6	6
7	5
7	7
7	1
7	14
7	12
7	6
2	14
4	16
5	14
7	14
6	5
6	12
7	14
6	12
6	14
6	14
7	15
5	7
6	16
7	8
6	1
5	1
7	5
6	1
6	14
6	1
2	5
7	1
7	3
7	1
7	1
6	8
6	1
6	1
6	1
7	1
7	1
7	14
6	1
7	12
7	12
6	1
6	14
7	6
6	5
5	1
7	14
5	10
6	14
6	14
4	14
6	1
2	14
7	1
7	1
6	5
7	5
6	15
7	1
7	14
5	5
6	8
6	14
2	8
7	10
7	1
6	1
7	1
6	14
7	14
6	14
7	5
6	5
6	9
6	1
7	16
6	1
5	15
6	14
7	1
6	1
7	14
7	1
2	1
7	14
7	5
7	1
6	16
7	16
7	5
7	1
2	1
4	1
6	14
6	1
2	12
7	1
7	1
7	6
4	8
6	1
7	1
1	8
7	14
7	5
6	14
6	5
7	16
7	2
6	5
6	1
6	14
7	2
7	10
6	14
6	14
7	1
7	1
7	1
7	13
7	1
6	14
7	16
4	14
7	12
7	14
7	1
6	1
7	14
7	14
6	14
7	14
4	1
7	16
6	15
7	14
6	8
2	1
7	12
6	14
4	1
7	1
7	1
7	5
7	14
6	1
6	10
7	14
7	1
6	14
6	5
6	14
5	8
4	5
6	1
6	5
7	1
7	1
7	1
6	7
6	1
6	14
7	12
7	5
6	1
7	14
6	1
7	14
6	5
7	5
6	14
7	1
6	5
6	14
4	1
7	1
6	1
4	14
7	13
6	14
1	1
7	8
7	1
6	14
6	13
7	14
7	16
6	1
7	14
6	16
1	14
7	2
4	1
6	7
6	12
6	5
6	1
6	16
7	14
7	7
7	5
7	1
6	1
7	14
6	14
7	1
6	8
7	14
6	5
6	1
7	16
6	14
6	5
7	8
7	1
7	1
4	2
7	12
6	12
7	14
7	1
6	1
5	14
6	14
7	14
7	1
7	1
7	1
6	1
7	1
6	1
7	9
7	10
7	5
7	8
7	14
6	10
7	2
7	5
6	2
7	1
7	14
4	16
7	15
7	14
7	4
6	10
7	14
7	14
7	14
7	5
7	16
7	14
7	1
5	1
6	1
7	1
6	1
7	14
7	5
7	1
4	1
2	1
1	5
6	1
6	12
6	14
7	5
2	3
6	1
6	5
7	14
7	5
7	1
7	14
6	9
7	14
7	2
6	14
7	9
6	9
2	14
7	14
2	14
2	5
6	14
4	1
1	1
6	1
7	1
7	1
6	1
6	1
7	1
7	16
4	14
7	1
7	12
6	5
1	5
7	5
7	6
6	14
6	5
5	1
6	14
6	1
6	14
7	3
6	2
6	12
7	5
7	5
5	8
7	13
7	1
6	5
6	12
6	1
7	1
6	5
7	1
4	1
6	1
7	1
7	1
6	1
7	15
6	1
6	14
6	1
7	1
6	12
7	1
5	3
7	1
3	5
6	5
7	14
7	1
6	14
4	1
6	14
5	5
5	1
6	14
5	1
1	14
2	1
7	2
7	3
7	10
6	1
6	14
7	1
6	14
6	16
7	5
7	14
5	16
7	1
7	14
7	1
7	5
7	1
7	1
6	14
6	5
6	5
6	1
7	14
6	14
6	1
2	14
6	5
7	1
6	1
7	14
7	1
6	1
6	14
6	6
7	5
6	11
7	14
7	5
7	5
6	8
1	1
7	14
7	16
6	5
5	1
5	1
7	14
7	1
5	1
7	1
6	5
7	5
7	1
7	14
6	5
7	14
6	7
6	5
7	10
7	14
7	1
6	1
7	9
7	7
4	1
7	1
6	1
2	3
6	5
7	5
7	1
7	14
3	14
7	10
6	1
6	1
6	6
6	1
6	1
7	12
7	14
7	14
7	12
6	5
7	1
7	13
6	1
6	1
7	14
6	10
7	5
6	1
7	14
7	1
7	1
6	15
7	2
2	5
6	1
6	1
5	14
7	2
7	1
7	8
7	14
6	1
4	6
7	14
7	1
7	5
7	16
6	16
7	1
6	1
7	12
2	16
7	1
7	1
6	1
6	1
6	14
7	1
6	16
7	1
6	14
6	14
6	10
7	3
6	7
7	5
7	2
7	4
6	5
4	16
7	7
7	1
5	1
7	14
6	14
7	1
6	1
7	14
7	10
7	14
6	10
7	1
4	5
7	1
7	1
6	14
6	14
7	1
6	1
6	1
6	12
6	16
6	2
7	14
7	14
7	12
7	5
6	5
7	9
7	5
6	16
6	15
6	1
7	1
6	1
6	5
5	7
6	5
4	14
7	16
7	5
7	1
7	16
6	14
6	1
6	13
2	12
7	5
7	10
7	16
7	1
2	5
7	1
7	16
6	12
4	1
7	5
4	1
7	14
6	16
4	1
7	14
2	14
7	12
1	7
7	1
5	14
6	1
6	1
7	5
6	1
7	14
7	1
6	5
7	16
7	1
6	14
6	14
2	5
6	1
7	1
4	14
7	1
7	1
7	1
3	12
7	14
7	14
6	1
6	5
6	5
4	10
6	5
6	14
7	1
6	1
6	5
6	14
6	5
7	1
7	5
7	16
7	3
6	14
6	16
4	16
6	3
6	1
6	14
6	1
4	14
6	1
6	16
7	5
6	1
7	5
6	12
7	14
6	2
7	14
6	7
5	14
7	14
7	2
6	12
7	15
7	15
6	6
6	16
7	1
6	7
7	1
6	1
7	1
7	1
7	3
6	1
7	1
7	14
6	1
7	14
7	1
7	7
7	5
7	7
6	1
6	5
6	1
7	14
7	5
5	14
7	1
7	1
6	14
7	5
7	5
6	14
6	16
6	5
6	14
6	1
2	15
7	16
5	1
7	1
1	5
7	14
7	14
6	5
1	12
7	5
6	1
5	14
6	1
7	14
6	3
5	6
7	1
2	7
7	15
7	15
2	1
4	1
7	1
7	1
6	5
6	1
6	1
7	1
6	13
7	5
7	15
7	5
7	5
7	1
7	5
7	1
6	5
5	7
7	16
6	9
4	1
6	14
6	12
1	1
7	1
6	15
6	1
4	1
6	11
7	1
6	7
6	7
7	6
7	5
7	14
6	9
6	12
6	5
6	1
4	14
7	5
5	14
6	1
6	14
5	14
6	8
6	14
7	14
2	5
7	16
7	1
7	12
7	1
4	14
7	14
7	1
7	14
6	6
7	1
7	2
6	12
2	1
6	5
7	1
7	1
5	5
6	2
7	16
6	14
2	14
5	5
6	11
6	6
7	12
4	1
7	14
6	1
7	14
4	2
7	1
4	14
7	1
7	1
7	15
7	5
7	10
4	1
7	14
6	10
6	1
6	8
7	2
1	13
7	5
7	1
6	12
4	7
6	1
6	1
6	1
7	14
6	1
7	10
7	6
4	16
5	14
7	14
7	5
6	1
6	3
4	12
6	7
6	7
7	1
6	5
7	15
1	14
3	5
6	5
6	14
7	14
6	14
7	12
6	1
6	12
6	5
7	9
7	14
6	14
6	2
5	12
7	9
7	10
6	14
6	6
7	2
7	12
6	1
6	12
6	14
7	1
4	12
6	1
7	14
1	1
7	1
6	14
4	1
7	5
6	14
2	1
5	14
6	1
2	14
7	16
7	1
5	1
7	14
7	8
4	5
7	5
7	1
7	3
7	5
7	15
7	5
6	14
7	14
5	15
5	5
7	14
6	15
6	5
6	1
7	1
7	11
6	16
6	14
6	5
6	1
6	3
3	14
6	10
6	2
6	5
7	12
7	1
7	1
6	1
6	14
6	1
7	1
5	1
7	1
6	14
7	1
4	1
6	10
7	1
2	14
6	1
6	1
7	14
7	8
7	1
6	1
2	1
7	14
6	1
4	8
7	2
7	1
6	1
2	1
2	5
7	13
7	1
6	14
6	12
6	2
7	1
6	1
5	2
7	14
6	1
6	14
5	8
7	5
7	12
6	5
6	14
2	14
6	13
4	1
6	5
7	7
6	5
6	5
6	16
6	1
6	16
6	14
6	8
7	14
1	14
7	5
7	15
7	1
7	1
4	5
7	14
7	14
7	2
6	8
6	1
6	8
7	16
4	5
6	1
7	14
6	1
4	14
7	5
6	14
7	14
6	14
7	16
6	14
7	14
7	14
6	5
7	14
7	14
6	14
6	14
6	14
7	5
7	15
6	14
4	2
7	1
4	16
7	14
7	14
7	14
7	16
7	16
6	12
6	8
7	1
7	14
7	1
7	16
6	1
6	5
7	1
6	14
7	16
4	9
6	5
6	15
7	14
6	1
7	1
6	12
5	14
7	3
6	5
7	1
7	14
7	1
7	5
6	16
6	5
7	5
7	1
7	1
6	8
4	1
5	11
7	1
7	1
6	6
4	5
7	16
7	8
4	15
7	14
6	9
7	5
6	1
7	1
6	5
6	2
7	14
7	5
6	14
7	7
7	8
2	1
7	5
7	16
7	1
7	1
4	12
6	5
6	14
6	1
7	12
6	8
7	1
6	1
7	16
7	3
6	1
7	5
7	1
7	14
7	2
7	5
6	14
4	16
6	14
6	5
7	5
7	14
7	1
7	5
7	16
7	16
7	14
6	1
7	12
4	1
6	14
7	14
6	14
6	14
6	14
6	6
6	6
7	14
7	12
6	16
6	8
7	1
7	14
7	1
6	5
6	14
6	5
7	8
7	5
7	1
7	5
5	1
7	1
7	1
6	5
7	1
6	2
7	5
6	3
6	1
6	1
6	5
7	10
6	7
7	1
3	5
6	14
2	8
7	14
7	12
7	8
6	12
6	9
6	14
5	14
4	5
6	14
6	5
6	14
7	3
6	1
6	16
7	5
6	3
6	1
7	1
6	1
7	5
6	5
6	2
6	1
7	1
7	5
7	15
4	1
7	8
7	1
6	1
7	8
7	1
7	16
7	5
7	1
6	14
7	15
1	1
7	1
7	14
7	12
4	14
7	5
7	1
6	7
1	5
6	5
7	1
6	7
2	1
7	14
7	1
2	2
7	16
7	1
6	5
2	3
6	14
7	7
7	14
6	1
7	1
6	15
7	1
7	1
7	1
6	1
7	8
6	1
7	7
6	1
7	5
7	7
6	14
6	3
6	7
7	14
6	14
4	1
7	6
6	1
6	16
6	14
7	1
7	14
7	5
6	1
7	1
6	16
7	14
7	14
5	14
7	1
7	12
6	6
7	5
7	1
6	14
7	14
2	13
6	1
6	14
7	14
7	1
7	16
7	1
7	5
5	1
7	1
2	14
1	1
7	7
7	1
7	7
6	14
7	1
6	1
6	14
6	14
7	1
7	16
7	14
7	14
4	1
6	16
6	2
6	1
2	1
7	1
6	1
6	14
7	1
7	1
7	1
7	1
6	1
7	14
7	7
6	1
5	1
7	1
6	14
7	5
7	14
7	1
7	5
6	1
6	5
2	14
6	15
6	1
7	12
7	5
6	8
6	1
6	14
7	14
6	14
6	14
7	10
6	1
7	12
6	5
6	1
6	5
6	14
6	1
6	14
7	1
6	10
6	5
7	16
7	1
7	5
6	5
7	5
4	12
7	10
7	14
7	16
7	5
7	1
7	5
5	7
6	14
7	1
7	1
7	7
7	3
7	9
6	1
7	1
6	2
7	1
7	1
1	16
6	16
7	1
4	8
7	16
1	3
7	14
7	14
7	12
7	14
7	5
4	7
6	1
4	16
6	14
7	16
7	16
7	1
6	16
7	2
7	14
7	12
6	1
6	5
7	1
7	7
7	1
6	5
7	12
7	14
6	10
7	1
6	2
7	15
6	1
1	1
7	1
2	14
7	12
7	9
4	5
7	1
6	14
7	1
6	1
6	14
6	5
7	1
7	5
4	14
7	3
7	1
6	8
7	14
6	1
6	3
7	14
4	14
7	8
6	5
7	8
7	14
6	1
6	12
4	5
4	5
7	13
7	1
7	12
7	1
6	1
6	1
6	1
7	1
7	7
6	5
7	1
7	14
7	1
7	1
7	5
7	1
5	13
7	1
7	5
5	14
7	1
6	1
6	14
6	12
7	5
7	1
7	16
7	1
4	14
6	5
7	5
7	13
7	1
6	1
7	1
7	1
6	13
7	5
6	14
2	16
4	7
6	16
2	3
7	12
7	16
7	1
6	13
7	12
7	1
7	5
6	2
7	8
5	10
6	15
7	2
6	14
7	6
6	14
7	14
4	5
6	5
7	5
7	5
6	1
6	13
7	14
7	3
7	14
7	5
6	1
7	14
6	14
4	1
7	5
6	16
7	5
2	1
6	5
7	1
6	5
5	7
7	14
4	1
7	14
6	1
7	14
7	1
7	1
6	5
4	1
4	16
2	2
7	5
7	1
6	3
7	1
6	8
7	14
4	13
6	15
6	8
7	1
7	1
6	10
6	1
6	1
7	14
6	14
2	5
6	15
7	16
7	14
7	14
7	5
7	1
7	1
4	14
7	11
7	5
7	14
2	13
7	1
7	1
2	5
7	14
3	13
2	7
7	5
7	6
6	5
7	5
6	5
7	16
7	14
4	7
7	5
6	1
6	16
3	1
7	1
6	1
7	5
7	14
6	1
4	14
6	5
2	5
4	16
7	1
7	1
6	1
7	3
6	1
7	14
7	15
7	14
3	2
7	1
6	1
7	16
6	16
7	1
7	1
1	14
6	1
6	14
6	1
4	5
5	16
6	14
6	5
7	1
6	1
7	13
7	16
7	9
7	14
7	5
7	7
6	1
7	1
7	14
6	7
7	1
6	1
6	1
6	7
7	16
7	14
7	1
6	2
7	2
6	14
6	8
7	15
6	1
6	1
6	14
7	14
4	5
4	5
7	1
7	16
7	13
7	14
6	1
7	1
7	10
6	1
7	14
7	5
6	9
6	14
4	1
7	1
6	5
7	1
7	16
5	5
6	2
7	1
7	1
6	14
6	5
7	14
6	1
6	5
7	12
6	14
1	14
6	1
7	14
7	1
6	1
5	1
1	1
7	1
6	1
6	14
7	1
7	5
7	2
7	5
3	1
6	6
7	1
6	2
6	1
5	16
7	16
6	1
7	14
7	5
7	1
6	1
7	14
7	16
7	1
7	1
6	7
6	2
7	5
7	1
7	1
6	5
6	2
6	14
6	1
7	2
6	5
7	14
6	1
7	2
7	1
6	14
6	14
7	14
7	14
6	1
6	1
6	1
7	15
7	14
6	1
6	1
7	12
7	16
7	1
7	1
7	1
7	8
7	5
6	14
2	14
6	10
7	1
6	3
7	12
6	5
6	1
5	14
7	5
4	14
6	12
6	15
7	5
7	14
7	12
5	16
7	5
6	3
6	16
7	1
1	5
7	5
7	2
7	14
7	1
6	5
6	13
4	14
6	1
7	11
6	14
7	1
4	1
7	14
6	7
7	16
7	5
7	1
5	5
7	16
6	16
6	4
5	1
6	11
7	7
7	5
4	14
6	15
5	10
7	14
6	10
6	5
6	16
6	2
7	1
6	14
6	7
7	5
7	1
4	1
7	1
7	1
4	1
4	1
6	1
6	1
6	5
5	5
7	14
7	1
7	12
7	7
7	1
7	1
7	1
7	12
6	8
7	3
7	1
6	14
6	1
7	3
6	12
1	1
7	1
6	1
1	1
2	14
4	2
6	14
6	14
6	5
7	1
6	1
6	1
4	16
6	14
7	16
6	14
6	14
6	14
4	15
7	5
6	1
6	5
6	10
7	5
7	1
6	14
7	14
7	1
7	5
6	14
6	6
7	1
7	12
5	14
7	16
4	1
7	1
6	1
7	8
7	14
7	14
6	14
6	14
6	8
6	14
6	1
7	14
1	16
4	14
2	5
7	1
7	1
7	14
7	14
7	5
2	1
6	1
4	14
1	1
4	1
7	14
7	14
7	12
4	1
1	1
6	16
7	14
6	13
5	5
6	5
4	5
6	1
7	16
7	5
6	16
6	8
7	5
6	14
5	3
7	6
6	2
6	12
7	1
7	14
6	14
7	3
6	5
6	5
6	2
6	14
6	1
6	5
7	1
7	1
7	12
7	14
6	14
6	16
5	14
4	3
7	5
7	5
7	6
7	14
1	5
7	5
6	14
7	1
7	9
7	1
7	5
7	5
4	16
6	1
7	1
6	15
6	9
6	16
2	12
7	2
7	5
6	5
6	5
4	16
7	6
4	5
7	1
6	5
7	5
6	5
7	14
6	1
6	8
2	16
6	5
6	15
7	5
6	10
7	5
6	5
6	1
7	14
7	1
7	1
2	16
6	5
5	9
7	14
6	5
6	14
7	14
7	7
7	7
7	14
7	14
7	5
6	1
5	7
7	5
7	1
6	1
7	1
6	1
6	1
6	8
1	4
6	12
6	14
7	5
6	14
7	14
2	5
6	14
7	8
6	16
7	14
7	8
6	15
7	14
6	1
1	14
7	1
6	1
7	10
7	14
6	7
7	10
7	12
2	14
1	14
7	14
7	14
4	16
6	7
7	1
7	1
7	14
6	14
2	14
7	1
2	12
4	16
7	14
7	6
6	6
6	12
6	5
7	1
7	14
7	16
6	1
7	14
2	5
7	1
6	5
7	7
7	1
6	1
7	1
6	14
7	1
7	14
7	16
7	5
7	15
7	14
4	15
7	1
7	14
6	14
6	14
7	14
6	5
6	12
7	8
7	2
6	1
3	1
7	1
4	5
6	5
7	1
4	14
7	12
5	7
7	14
4	1
7	9
4	1
6	5
6	1
6	1
6	5
7	14
6	14
7	1
6	14
7	1
7	5
4	1
6	14
6	1
6	1
7	14
2	14
6	5
6	1
7	1
6	12
6	14
7	12
7	5
7	1
5	7
6	14
6	5
4	14
7	14
7	16
6	1
4	7
7	5
4	14
7	2
7	1
7	8
6	6
7	5
4	5
7	1
6	8
6	1
4	7
4	16
7	1
7	1
6	1
7	12
6	5
7	14
6	5
7	5
7	5
6	1
5	15
5	5
7	15
7	9
6	14
6	1
7	5
6	14
7	1
2	1
7	5
7	13
6	1
6	1
7	15
6	1
7	15
6	1
7	1
7	5
4	16
7	1
6	1
4	1
7	5
7	14
6	8
7	12
6	6
7	16
6	14
7	14
6	14
7	3
7	1
7	5
6	8
4	1
5	1
7	1
7	1
7	3
7	2
7	1
4	14
7	2
7	3
6	1
2	2
6	14
6	5
6	14
7	1
7	7
2	5
6	16
7	1
2	5
2	14
5	14
7	1
7	14
4	4
6	1
6	1
6	6
7	14
7	14
6	8
2	14
6	1
7	8
7	5
7	14
6	14
7	14
6	5
6	2
7	1
7	14
7	14
6	1
7	1
7	1
7	1
7	14
4	1
6	14
7	14
7	14
6	5
7	1
6	5
6	7
4	1
6	2
4	14
6	3
7	1
6	16
6	1
7	14
4	1
7	5
6	16
6	9
6	5
6	12
6	1
7	14
7	1
6	1
4	12
6	13
7	14
6	2
7	14
7	1
7	1
7	14
2	6
7	5
7	7
7	14
4	10
6	1
7	5
6	8
7	1
1	5
6	5
7	14
4	14
6	1
7	5
7	1
7	1
7	1
7	14
7	5
6	14
7	14
7	5
6	14
7	14
7	14
7	1
7	14
7	1
6	13
7	14
7	14
6	1
4	5
7	14
7	14
7	1
6	5
7	1
7	7
7	14
7	14
6	16
7	12
6	7
7	1
6	5
3	1
7	1
6	5
7	1
6	5
7	6
7	14
7	14
6	14
7	12
1	14
7	14
6	8
6	1
6	5
6	1
6	14
7	1
6	14
6	7
7	5
7	14
7	8
6	16
7	1
4	5
6	14
7	5
7	1
7	3
6	1
7	1
7	5
4	3
7	1
6	16
4	1
7	1
7	1
6	8
7	1
4	1
7	14
7	10
2	1
7	1
7	1
6	5
7	16
7	1
6	1
6	1
7	1
7	14
7	12
7	14
7	15
6	7
2	14
6	5
2	1
7	14
1	7
7	14
7	15
6	9
1	14
7	14
7	5
2	1
6	1
7	15
4	8
4	1
6	1
7	14
6	5
7	2
4	5
6	14
6	14
6	1
4	1
6	7
2	1
6	14
6	1
7	16
7	14
7	1
4	3
2	3
7	1
7	1
7	1
7	1
6	16
6	3
6	14
7	1
6	5
7	1
7	1
7	3
6	14
7	5
6	1
7	1
6	1
7	1
7	1
7	1
7	1
7	14
7	14
7	14
6	1
7	14
6	5
2	14
7	2
2	7
6	1
6	1
6	14
2	14
6	1
6	5
7	1
6	5
6	5
6	5
6	3
7	14
2	12
6	1
6	14
5	1
6	2
7	14
2	14
6	14
6	1
6	2
7	14
2	7
3	16
7	16
7	14
6	5
6	14
6	1
7	1
6	14
7	8
7	7
7	2
6	14
7	1
7	1
7	5
7	1
3	1
7	5
6	1
7	14
6	5
7	14
5	14
6	5
6	2
6	1
6	1
7	5
7	14
7	15
6	5
7	1
7	1
7	1
6	3
6	3
7	5
1	1
7	1
6	16
7	12
7	14
7	10
7	12
7	13
7	5
7	3
3	1
6	3
7	1
7	14
4	5
6	13
4	5
7	14
6	6
7	5
1	1
6	5
6	1
7	3
6	1
7	14
7	1
5	1
2	1
7	5
1	8
6	5
6	14
7	1
7	1
7	16
7	5
6	5
7	16
6	9
7	16
4	14
7	16
7	14
5	1
6	1
6	1
6	1
6	1
7	1
7	14
5	12
6	14
6	14
7	14
7	15
6	2
1	12
6	1
6	14
7	1
7	2
7	7
6	1
7	1
7	14
2	1
7	5
7	1
7	14
6	14
7	5
7	5
7	1
7	14
7	14
6	14
7	5
6	1
7	16
7	14
7	9
6	1
6	14
7	16
6	14
7	14
6	1
7	13
6	15
7	1
6	1
6	14
5	5
6	1
6	14
6	13
6	16
5	1
7	9
6	5
7	14
7	16
7	14
7	15
7	5
4	5
6	14
7	1
6	14
5	14
7	15
6	5
7	1
4	15
6	14
7	14
4	1
7	16
4	14
7	14
7	14
7	16
6	5
7	14
4	1
7	5
7	5
4	14
7	1
7	1
5	14
6	15
6	14
6	7
6	14
7	12
7	14
7	14
6	13
7	7
2	1
2	5
6	1
7	14
1	5
7	14
6	14
5	14
6	5
7	14
7	16
4	2
6	14
6	1
7	5
7	14
6	14
7	2
7	14
6	14
4	1
7	14
7	14
7	5
6	14
7	2
7	14
7	1
2	1
6	5
7	5
7	14
7	14
6	5
6	14
6	14
6	14
7	14
7	14
5	1
7	5
7	5
6	3
7	1
7	7
7	1
7	1
7	1
6	14
7	1
6	14
5	1
7	9
7	1
6	14
6	1
6	10
6	12
6	6
7	16
7	1
2	1
6	1
7	1
7	5
6	1
6	2
7	5
5	5
6	5
6	5
2	1
7	12
6	1
7	1
7	1
6	1
4	14
6	14
7	1
5	8
1	7
7	5
7	1
4	1
6	14
7	1
7	1
6	1
6	14
7	1
7	14
6	12
7	1
7	1
4	14
5	1
6	1
1	14
6	4
7	1
7	5
5	1
2	5
4	14
6	8
6	1
7	14
7	8
7	12
6	12
7	15
7	1
6	12
5	1
7	1
7	16
6	1
7	1
6	1
7	3
6	14
7	5
6	5
7	1
6	1
6	1
7	1
6	14
6	1
7	8
6	5
7	1
7	5
7	2
6	3
6	1
5	14
7	1
6	14
7	14
1	5
7	16
6	5
7	12
4	12
7	1
7	14
6	5
7	1
6	1
6	14
5	15
4	1
6	1
1	16
4	13
7	1
7	1
7	14
6	5
7	14
6	7
6	2
7	1
7	14
6	5
4	12
7	5
7	5
6	15
7	1
7	1
6	1
6	3
4	8
6	5
5	8
2	2
6	12
7	16
6	1
6	5
5	5
6	8
7	8
1	5
5	1
7	7
7	5
7	14
7	1
6	5
7	1
7	2
7	14
7	14
7	1
6	10
6	5
4	7
6	2
6	6
6	14
4	1
7	1
7	1
6	14
7	5
7	10
6	1
7	2
7	12
7	16
7	5
6	5
7	1
1	5
2	1
7	1
6	6
7	1
6	1
6	8
7	1
6	2
7	1
7	1
7	1
7	12
6	1
6	13
7	1
2	10
6	1
6	12
6	16
6	7
6	8
7	13
6	2
6	14
7	14
5	15
6	7
6	8
7	3
6	7
4	2
6	5
7	1
7	5
7	1
7	14
7	14
5	1
6	16
7	13
6	14
6	5
2	14
7	1
7	14
6	1
6	8
6	14
6	5
7	5
7	2
7	16
7	1
7	1
7	1
6	14
7	14
7	16
7	5
7	1
7	14
6	14
7	5
5	5
7	1
7	1
7	10
6	14
4	1
4	14
7	1
7	14
4	16
7	5
6	7
7	16
7	13
6	5
6	1
7	5
7	14
6	15
7	14
5	1
7	1
7	14
7	5
7	5
7	1
6	14
7	5
6	1
6	14
7	14
6	1
6	14
6	14
7	1
6	15
6	1
7	2
7	14
5	1
7	15
7	16
7	5
7	16
7	5
6	14
7	3
7	14
6	5
6	1
7	1
7	14
7	7
6	1
7	9
6	7
7	1
6	16
6	12
7	14
6	14
6	5
6	1
2	5
6	1
6	5
7	7
6	5
7	14
