4919	3327
3490	5112
3604	2446
4820	2904
6339	3273
5803	3164
4156	2387
4399	3317
4950	3438
4920	3057
4212	3179
4726	3124
4731	2895
6326	2856
6463	3089
5380	3596
5001	3028
3916	2972
4739	3227
2857	6889
5203	2507
5256	3450
4228	3030
4665	3271
5521	3589
5078	3392
5502	3154
4394	8732
4618	3317
3943	3445
3792	3528
4638	2067
3744	3025
4516	2908
5174	3262
4916	3093
4833	3450
1703	9848
4654	3101
1593	7626
5237	2894
3324	8277
4300	2870
4907	3439
5591	1359
4060	3480
4365	3452
4271	2887
2679	8470
6252	2636
4798	2731
4926	3327
4483	3065
4408	2950
3403	3319
4015	3029
5686	3321
2852	8676
3774	3216
5554	2630
5183	3251
2452	2996
3445	2672
5279	3397
5771	3497
4154	3465
3945	3163
5299	3217
4417	3438
4082	3500
3505	3123
5945	2394
5229	3598
4641	3611
4730	1630
4968	2811
4561	3291
3378	3490
5731	3514
5160	3664
5094	3324
3816	3621
4930	3163
5774	3176
4757	3269
4403	3524
6406	3252
5479	2596
6265	3424
5498	3291
3287	3130
4412	3182
4891	3410
3542	8086
4668	3129
4081	3049
4568	3524
5990	3082
4612	2990
4676	3296
3042	2987
4768	3273
4586	3320
5473	3082
5049	3248
5457	3374
4269	6235
4497	2682
5634	2486
3698	3075
5246	3742
5831	3322
4036	2361
4155	3574
4873	2571
4831	3666
5311	3159
4186	3369
4315	3080
1781	7666
4067	2998
5159	3311
5129	2423
4616	3435
4497	2827
4470	3137
5386	3189
3782	2851
6066	3392
6528	2837
5239	2151
5730	2744
2094	8775
6043	3288
4800	2926
5217	3087
6111	3307
5065	2415
4560	3575
5172	2979
4584	3327
4557	2911
5466	2997
4911	3254
4372	3617
6422	2611
3521	3203
3175	9221
3940	3511
1626	8569
4041	3236
3930	3365
4653	3134
4089	3095
4842	3426
6580	3262
4181	3279
3872	3285
4448	3418
6413	3311
4431	3144
5125	3418
6369	3148
4576	2936
4940	2685
4607	2656
3942	3128
4529	2850
5093	3084
3261	7339
4374	3435
4165	3282
5693	3092
3787	3233
4798	3577
5249	3274
4678	3381
4609	3285
4244	3201
5138	3123
3622	2860
4920	3070
4593	2971
4680	3451
6175	3072
5335	3492
4890	3188
5303	3373
4167	3130
4947	3160
5457	3106
5736	3546
3957	2745
4757	2888
4811	3202
5470	3412
5646	2669
4007	3070
4348	3386
4861	2974
4545	6910
5432	3428
5100	3183
4375	3126
4246	3504
4117	3392
5121	2149
4568	3313
4157	3589
4989	3156
4189	3445
3134	3357
2200	8232
4479	3061
4632	3368
5609	3318
4770	2352
5914	2833
4482	3369
5093	3214
3292	3393
4285	3215
4850	3176
4653	2746
5068	2655
4803	3494
4876	3456
5982	3256
2543	8619
4297	2846
4498	3232
5395	3029
6016	3067
5164	3394
5880	3284
5314	3481
5090	2808
4724	3381
2594	9239
5103	3169
4283	3364
4139	3435
4703	3431
3620	3412
3986	7004
5640	3741
4222	2979
5131	3246
4245	2695
5629	3000
4118	2977
3498	2913
5537	3341
4933	3011
6911	3614
3881	2980
4231	3120
4612	3614
2884	3494
5181	2919
4614	3198
3922	3390
3892	4462
5314	3386
4427	3339
6433	3023
4612	3122
5261	2739
4781	3207
3211	3160
4392	3223
2431	7835
5740	3407
5142	3108
4520	3521
4712	3065
3448	3290
5228	3402
4520	2596
4515	2552
4102	3306
4173	2774
4476	3623
5530	3128
4912	2631
4795	2746
4955	3320
4969	3496
4472	3745
5321	3316
6519	3469
2582	7745
4097	3166
5058	3016
3946	2788
4710	3177
4539	2808
4205	3612
5474	3376
5089	3316
3056	3020
4229	3425
4843	3440
3789	3460
2216	8530
4308	3470
4574	3182
4559	2973
4473	3282
4651	3555
5658	3410
5059	2804
5147	3304
4418	3398
3648	3323
4554	3145
4567	2065
1806	8000
3943	3159
5932	3741
4342	3410
4626	2484
4647	2953
4751	3276
4864	3106
4137	3262
7335	2766
5960	3369
3391	3525
2764	3797
4817	3137
4665	2986
4250	3114
4798	3183
5634	3151
4305	2926
4593	3115
4705	3378
3859	3200
3567	8288
4670	3315
4810	3619
5411	2357
4918	3301
3883	2642
7060	3000
5005	2900
4847	3194
4566	2960
3243	3207
4866	3541
5246	2652
4510	3521
5633	2990
4608	2980
4284	2696
4746	2996
5532	2880
5154	3356
1702	8652
4559	2910
5664	2960
6464	3081
4724	3533
4746	3400
5122	3600
4346	3148
4941	3426
4409	3301
5895	3196
852	8308
5649	3421
4308	3387
5349	3413
3995	2993
4204	2987
4652	3244
4995	2967
5663	2287
5366	3026
3860	3376
4731	3228
5160	2398
4203	3689
4978	3131
5232	2964
5053	3202
3616	3501
5384	3457
4116	2779
4102	3604
5145	3323
5700	2549
4293	3078
3437	3445
4035	2874
4342	3378
4900	3305
5084	3099
4009	2894
5328	3396
4167	2994
5690	2178
5130	3414
2730	7280
4954	2931
3754	3733
5559	2557
4502	3552
4541	3288
4398	2933
4426	2780
4914	3374
4431	3498
5575	3556
5071	3051
3998	3500
5506	3407
5008	3179
4438	2445
4907	3585
4577	3338
4993	3590
4646	2813
3921	3193
5340	3072
5113	3044
3176	3412
3987	3078
5289	3274
3347	9763
6662	2466
5387	3186
4156	3215
5399	3217
4218	1756
4389	3106
5654	2587
4863	3570
4286	3029
5878	2392
4979	2303
4518	2759
5523	3430
6359	3406
4409	3539
4665	3501
6343	3161
4982	1929
4394	3402
4258	3073
5125	2794
4654	2667
4154	3010
5476	3052
4346	3341
5175	3171
4538	3190
3738	3291
4177	3376
6678	2095
5256	2847
1809	8474
4713	2625
5547	3346
5286	3560
4469	3260
5401	2905
5764	3450
4494	3406
1586	7632
5125	2570
4594	3256
3846	7899
4896	2624
3735	3278
4685	6651
4064	3207
4279	2289
4743	2871
5801	3344
4894	2832
5058	3213
3500	3085
5082	2591
5029	3566
5369	3516
3908	4219
4381	3229
5590	3405
4294	3478
4189	3161
5308	2816
2286	3261
4737	3087
4511	3269
4543	3353
4601	3492
4676	3141
4272	2575
4279	2856
4018	5252
5522	3063
5470	2842
3561	2796
2565	2898
4584	3508
4917	3422
4783	3034
4443	3268
6603	3493
6182	2746
3654	4831
4745	3073
5881	2573
5426	3454
4431	2799
3757	2787
4339	2994
4608	2457
4038	3571
6277	2155
6020	3128
4315	3191
5440	3161
4180	3074
3044	9240
4650	3285
4320	3362
5935	2872
5672	2904
4859	3123
4011	3310
5242	3206
4534	2901
6630	3318
4164	3063
5693	3049
3757	3068
4829	3669
4871	3269
6050	3280
4788	2950
5726	3299
4233	3105
3976	3025
3385	3619
3788	3206
4096	3024
5484	3121
5098	3261
4421	1787
5205	3274
5835	2301
4718	3691
3863	3146
5379	3337
3157	3652
1915	9163
2523	3585
4049	3566
3662	3433
5182	2795
4794	3272
4949	3235
3528	3310
5992	3269
4968	3280
6183	3310
4867	3409
6754	3410
5750	3390
5149	2579
4244	2894
6160	3277
3286	3063
3323	8674
3944	2644
4185	2730
6252	3340
6124	3145
5687	3121
5503	3206
4972	3261
4615	2916
6084	3119
4972	2424
1951	6873
5514	2974
4594	3652
2207	8192
6196	3062
5486	3453
5518	3434
4561	2995
5814	3504
5261	3373
4077	3497
4372	3416
1764	8974
4561	3180
4088	3339
4488	2822
3246	3066
4433	3298
3255	7683
4012	2908
4744	3592
6134	3191
4731	3267
6095	2900
5004	3326
6648	3196
4352	3543
4353	3051
5148	3599
1903	8025
4506	2810
3287	2708
5457	2635
5041	3272
5066	3084
5501	2913
4334	3174
3393	2771
4455	2983
4258	3044
5484	3540
3935	4677
5847	3786
4407	3659
4413	2962
3736	3606
4852	2832
5006	2918
4966	3530
4323	3202
4011	2708
5317	3201
4352	7910
4092	3414
4100	3694
4960	2982
4827	3424
4599	3437
5048	3081
7185	2196
4723	3878
2726	3508
5046	2656
5153	3310
5351	2807
4106	3133
4898	2772
4031	3314
3815	3369
4947	3420
4952	3193
5921	2833
5802	3576
3777	2950
5283	2434
5867	3195
4122	3202
4672	3436
5267	2470
4573	2255
4548	3289
4527	3403
4534	3135
5052	2652
5882	3255
5455	2626
3398	3591
4374	3772
4478	2877
4492	3468
5268	3075
1095	9037
5546	3430
4209	3179
5067	3609
2694	8519
1265	8319
4418	6528
4705	3205
5137	3271
4449	2669
4990	3310
5312	2884
4655	2396
3931	3307
3129	9742
4945	3349
2882	3268
4559	3368
7939	2934
4403	2943
4423	3250
5601	2860
4616	3470
6931	2840
5100	3330
5702	3610
5066	3071
5274	3357
3484	3410
4364	2958
4903	3491
4321	2563
4045	3147
5062	3050
4697	2427
3886	2418
3609	3456
5065	3108
4823	3063
4582	3505
5737	2696
4285	4570
5116	3293
4717	3218
5353	3280
4068	2812
6474	2700
4526	2990
3982	3231
3762	3245
4920	3164
4985	2990
4282	2840
6381	3524
4421	3427
4597	2980
4978	3166
3941	3031
4656	3373
4110	2687
4083	3166
5721	5561
5160	3186
3614	5492
1424	7076
6200	3042
3959	3143
2798	9385
5110	3497
4523	3186
1843	7972
4629	3331
4479	2954
5015	3282
4886	3463
5506	2913
2125	7851
5024	3229
4612	3022
5043	2358
4533	3323
5907	3258
5263	3440
5533	3022
4018	3359
3421	8378
4969	3490
6997	2968
5145	3167
4171	3600
3697	3453
5857	2999
2654	5403
4230	3293
5306	3458
4624	3222
5303	3443
4775	2882
4642	2953
4827	3080
5068	2708
4610	3286
4794	3394
4605	2854
3882	2674
4652	3488
5987	3098
4682	3190
5729	3332
4561	3257
5484	2953
4729	3711
5300	3218
4990	2994
3211	3280
3835	3041
4959	3221
4994	3311
3973	3271
4039	3417
4568	3363
4665	2916
5066	3505
5280	3470
5939	2812
4850	3369
5430	3489
5071	3024
5193	3309
4002	3244
5004	3156
5814	3076
3453	3285
2963	6968
2743	3051
4458	3538
4464	2958
4872	1641
4433	3357
5237	2662
4824	3215
4791	3076
5942	3141
4726	2962
2781	9580
5223	2863
4690	2728
2855	3259
6485	3431
4192	3417
3716	3212
3711	3450
4452	2989
4325	2775
4048	3289
3400	3261
6095	2705
5150	3337
4837	2862
5303	3555
2746	3219
4533	6441
4537	3409
5585	2783
6090	3115
5019	2988
2297	8295
4053	2680
5267	3008
4270	3538
5922	3698
4093	2914
5299	3500
4280	3010
4492	3427
5467	2923
5619	3369
4136	1905
5207	3635
4041	3258
4279	3175
3603	3122
3665	5541
5029	3299
4655	3239
5696	3152
4440	3172
3919	3069
3327	3903
4870	4845
4877	3086
6517	3534
1595	8219
4968	2941
4978	3445
4476	3014
4331	3304
6985	3068
5231	3136
5120	3409
3489	6524
6179	2856
2269	8578
5141	3053
4604	3407
5380	3448
4821	2757
2600	8306
4906	3423
6240	3456
5185	3078
4180	3177
4640	2992
2478	8486
5310	1990
5391	3341
4726	3091
5032	2745
4730	3334
5946	3456
4000	3060
3749	3038
4922	3314
3234	3086
4903	3531
3256	3553
4295	3286
4085	3475
4897	3250
7185	3419
4199	2779
5025	3424
4123	3511
2540	3343
4969	3607
4693	3193
3046	3534
4313	2276
4074	3092
5614	3220
2694	9005
1808	7295
4278	3439
4623	3217
4295	3492
4894	3405
4427	2929
3476	5783
2989	2812
5362	3041
4188	3200
3007	7500
6349	3529
2493	8255
6291	3385
3322	3280
5024	3442
4943	3472
4080	2703
5041	3318
4613	3612
4558	2800
3812	3491
5822	3434
4775	3450
4254	3314
5537	2992
5143	3552
4740	3005
5457	3517
3468	2976
3382	3056
3820	2615
4337	3344
4335	3414
6741	3431
4880	3084
5175	2515
3301	9155
3685	2925
5081	3439
7040	3202
4317	2975
5401	3325
3904	2920
3440	3189
4717	3503
5346	2912
4010	3327
4562	3186
4505	2481
4027	3544
4096	1754
5226	2771
1671	9487
4630	3475
5422	2695
5792	3382
5022	3188
5084	3223
6084	3504
4941	3267
5366	3174
3529	3053
3846	3401
4738	3348
4858	2972
4783	3265
4754	3075
5346	3194
3974	3122
4050	3258
2253	7927
5276	3485
6816	3189
4814	3245
5361	3354
4364	8208
5281	3014
3126	3485
5364	3189
4956	2943
5150	3216
4805	3685
3033	2456
2588	3463
3466	6557
3573	3107
3623	3460
3886	4574
3619	2684
6006	2828
4200	3019
4431	3293
2773	3268
3769	2614
4626	3558
5443	2895
4541	3460
4464	3577
2651	2872
4688	3047
4200	2983
2851	5662
4525	2257
4590	3308
5548	2713
4034	1782
4570	3688
4727	3042
3929	3439
5675	3539
5158	3422
4497	3503
4498	3476
3825	3288
2680	8565
5315	3093
3619	2953
5096	3082
4231	3330
4353	1826
3878	2664
5276	3233
2691	7260
3702	3453
5122	3001
4397	2961
4525	2943
5477	2480
5664	3172
3498	3068
4840	3130
3370	3155
5608	3001
4505	3159
2812	6772
1916	6130
5945	2789
4749	3266
4860	2851
5128	3432
3320	9304
4191	3404
5557	2757
5212	3336
5406	2334
3643	2691
4005	3104
4808	3671
5022	3261
2917	7969
4313	2174
4394	3233
5430	3061
5042	3238
4778	3277
4672	3241
3683	3676
4945	3356
4948	3437
4843	3176
4765	3068
5824	2859
4454	3178
4487	3567
2307	9122
4733	3336
4048	3412
6183	3261
2858	3522
4380	2989
7734	3331
4273	2998
6367	3508
4631	3389
4083	3217
5355	3449
5648	3328
4304	3042
6203	3422
1735	6750
4704	3333
5447	3418
3815	3184
3433	3132
5643	3007
5170	3125
4950	2755
4830	3421
4856	3141
4376	3702
4908	3262
3944	3676
3712	2182
4542	3027
4070	2655
4088	2864
2500	3325
4557	3319
2384	8795
4762	3380
5195	2803
4126	3218
4856	2754
5142	2965
4772	3327
4774	3289
4693	3064
5514	3208
4427	2745
5030	2957
4560	3147
4367	3121
4332	3411
4436	3256
5614	3493
4253	2878
4680	3120
4832	3197
5699	2986
4595	3383
3897	7116
4928	2953
4605	3646
2358	3738
5000	3049
4826	3405
4429	3404
4294	3042
1638	7485
2585	8730
5573	3532
5208	3156
6112	3135
3639	2888
5490	3349
5870	3701
5195	3077
5257	3217
4868	3610
4762	2779
5353	3447
4480	3404
5534	3331
2183	9340
5441	2891
3678	2799
4722	3302
4046	2756
4791	2875
4301	2877
6180	3201
5242	3203
6394	3264
4921	2759
5629	2488
5626	3050
4143	2339
4865	3847
5850	3279
4680	3075
5177	2512
4435	2960
1944	6633
4102	3220
4952	2912
5623	5495
4064	3472
3572	2515
5346	3353
4398	3217
3933	3464
3659	3300
4973	3222
4910	3200
4122	3063
4034	3079
5631	2888
4410	2897
4934	1510
3692	3390
5397	2863
4857	3392
4955	3062
4895	3113
4537	3405
5447	3040
4650	3007
5166	3649
4624	3040
4213	3383
5110	3009
4727	3211
5515	3352
3138	7635
4655	3461
2971	3330
5333	3601
6406	3032
4709	3506
4386	3422
6438	3412
4268	3585
3784	3208
5564	3283
3385	3350
4319	3123
3601	9127
5831	3451
4682	3205
5458	3175
4012	3706
5417	3429
5610	3359
7069	3486
4300	3529
2707	7524
3895	3100
4016	3103
3406	7632
4555	2951
3124	3421
5268	3076
3946	2737
5732	3562
3683	3037
5463	2736
5395	2950
4668	2778
4237	2974
5879	3094
4352	3449
4343	3132
3581	3324
6755	3354
6162	3575
6468	2783
4667	3055
6158	3092
3240	3318
5374	3105
4045	7329
4475	3548
2837	2639
4741	3417
4824	3430
3137	8816
3695	3407
4320	2571
4768	2895
4222	3108
4352	3302
4887	2605
6179	3263
4962	3038
4844	3385
4558	3499
5103	3312
5419	3116
3690	3295
5161	3179
5346	2854
5399	2937
5136	3136
5688	3396
3678	2906
5468	3220
4399	3070
5842	3413
3609	3546
5499	3184
5362	3134
5261	3133
3739	3163
4535	3392
5249	3154
5817	3427
4171	3363
3643	3681
3168	3435
3467	2743
5034	2969
4222	3320
5131	2681
4766	3407
5042	3065
1974	7929
4665	3211
4296	2674
5975	3101
4695	3382
6267	2626
4121	2936
3314	3161
4747	2976
3588	2715
4706	2696
4363	2407
4873	2662
5032	3294
5218	3382
3298	3235
3939	3086
4776	2998
3970	2717
4740	3005
4031	2482
5001	2991
3297	8059
4405	3075
3600	2395
4035	4416
3264	3120
5446	3202
4379	3305
4688	3123
3625	3327
4934	3236
2258	3394
4889	3041
3949	2847
5084	3672
2869	8244
2635	3088
2148	7646
3732	3513
5406	3564
4065	2526
4426	2859
3495	3026
3767	3153
2374	3098
5297	2679
5587	3078
4514	2611
4584	3255
4863	2949
5764	3008
4516	2895
5601	2698
5357	3368
5394	2457
4560	3339
4921	3544
4954	3108
4918	3528
4890	3180
3379	4970
2518	2975
4486	2980
5750	3211
4212	3222
5192	3420
8460	3452
3695	3252
5521	3303
3242	3324
2313	9140
4380	3839
6042	3225
3490	2992
3011	2545
5105	3230
2946	8834
1169	8715
5302	3333
5253	3073
5191	2810
5057	3458
4920	2780
4844	3410
4319	3580
5158	3169
3896	3303
5141	3457
2645	7953
4694	3480
3993	3178
1637	9198
5193	3434
4763	3227
6494	3276
5138	2043
5099	3114
4168	3136
5150	2932
4124	2598
4869	3164
5384	3301
3388	2834
4593	2738
5473	3017
5856	2519
4840	3146
5115	3343
3878	3155
2566	8179
3967	3391
4876	3041
3155	8857
4024	2790
3167	3629
5835	2845
3954	3205
5029	2929
4422	3243
5638	3577
4687	3632
5427	3114
5381	2738
5980	3241
4221	3575
4829	3285
5043	3146
3933	3447
4839	3412
5764	3114
5059	3248
5342	3479
4439	3202
4930	3074
3799	3299
4086	7357
2147	6495
2032	6587
5318	3243
7408	3552
4040	3228
5997	3014
4575	3262
7027	3157
4581	2794
4871	2702
4642	2272
3667	3714
2364	8876
4309	3108
3231	3105
5165	2930
5311	3742
5334	2582
4290	5030
4676	3076
4491	1933
4462	3135
4207	3315
6057	2297
4269	3589
3911	3272
5231	2705
4834	3524
6135	2825
3681	6022
5234	2879
4728	3696
3981	3360
5431	3272
2939	3138
4688	3440
5260	2492
4754	2942
5531	3555
4151	2860
5089	3348
4810	3240
3790	2668
4864	3080
4823	3062
6418	3279
5875	2752
4126	3600
4475	3370
4717	3406
5277	3355
3129	3313
3370	3156
3237	7589
4252	3640
5472	3342
4939	2901
4865	3094
4441	3272
5017	7337
6759	3006
3420	8391
3416	3259
4403	3005
5739	3310
3060	3044
5670	3577
5479	2842
5428	2962
4946	2837
4818	3107
3819	2171
5941	2744
5868	3286
4743	2447
2227	2718
4814	3082
3950	2950
5562	3286
4475	3447
5015	2784
5012	2619
5094	2924
4708	3548
4227	3056
4027	2485
5724	3378
5854	2562
5416	3452
5452	2608
4621	3363
5924	3089
5987	3183
4919	2984
3746	3365
5455	3126
5534	3349
6429	3547
4447	3194
5155	3429
3939	2938
5228	3535
2658	7381
5336	2988
5374	3325
4164	3150
4971	3369
4291	2873
5291	3284
3707	3234
1984	7229
3362	8026
5937	3078
4783	1910
4443	3885
5550	3490
5262	3765
4399	3139
3032	7878
2495	2675
4333	7442
6894	3730
4587	3117
4689	3290
393	6487
3929	2701
4400	3345
4267	2908
3967	3396
4462	2951
4766	3329
5213	2659
4828	3338
5404	3327
6167	2801
4224	3160
5643	3295
5061	2606
5981	3634
5291	3411
2722	6583
3897	7219
4365	2960
5552	3360
4789	1831
4118	3264
5020	3582
5392	3271
4302	3139
4367	3629
4649	2468
3154	3032
5010	3471
3844	3373
4132	3262
5653	3287
4850	2845
4266	3475
5502	3591
5860	2798
5798	3257
5730	3346
3506	3070
6729	3174
4523	2872
4025	3320
5054	2982
3085	2508
5570	3281
5293	3176
4584	2704
4643	3232
4399	2942
4651	3207
5472	3101
3623	3016
4091	3435
5198	3012
2422	8571
4364	3136
6406	2766
4655	3562
5269	3354
5872	3028
4014	2957
5308	3576
4254	3573
4325	3193
4558	3418
4920	2822
5918	2565
4943	3164
4157	3263
4437	3376
3153	5442
4556	2568
4170	8693
5051	3014
3442	8457
3670	3218
5746	3513
5684	2675
5756	3497
4864	3096
3956	3284
4406	4804
3713	3155
4755	3073
5837	3287
5134	3149
5807	3340
5127	3383
5846	3039
2564	8650
4805	2718
4476	3341
4083	3063
3843	2770
3611	2850
5095	3021
4353	2581
1718	8355
4047	2168
4419	2768
5122	3085
5524	2935
2842	3620
5380	3059
3360	3307
4530	3559
4353	3114
5400	2943
5130	2876
3877	9148
6182	1985
5218	3459
4265	7114
3508	2823
3216	9193
3758	3380
5104	3215
5671	3369
4777	3352
4279	2659
4009	3463
5099	6074
3581	2361
5995	3249
4520	3426
2789	2452
4783	3007
2773	3271
3646	3555
3627	3276
2805	3525
4966	3621
4441	2963
5606	3112
3629	3623
4666	4585
4439	3045
3269	6307
4993	3046
4248	3285
5629	2724
4810	2803
3108	3346
4373	1586
5010	3070
5638	3563
5301	2903
4801	3502
4594	2964
3540	2787
4232	3204
5900	2656
3722	3168
3937	6789
3615	3317
4948	3292
4597	2915
4915	2803
4656	3239
7306	3230
4814	3436
5458	2212
5038	3267
5181	2879
5689	3084
3444	3485
4274	3039
2095	7141
6818	3187
6209	3189
4223	3327
4076	3434
5316	3288
5724	2416
4506	3117
4357	3159
5371	3453
4068	3568
6275	3447
4344	3076
3834	3140
5880	3469
5229	2985
5058	3564
4755	3302
4789	3595
5105	3339
6016	3351
5591	3251
4337	3408
3822	2730
4907	2975
4135	3573
4688	2696
4428	2875
4984	3289
5190	3411
2843	7688
5203	3591
4010	3377
5447	3457
4659	3179
5186	2828
4889	3203
6159	2938
3892	3183
4499	3062
3791	3160
6099	3419
4811	3313
5079	3446
5026	2909
5972	2947
3547	3126
5470	2816
4735	3196
4929	3103
4633	3048
3936	2888
5497	3300
4137	3573
4215	3406
5276	2785
6201	3554
5478	2836
4627	3262
5571	3224
4482	3346
5323	3185
3408	2965
3839	3259
4473	5229
3762	7273
4670	3407
2838	3287
4757	3165
1094	6262
5258	3265
3106	3099
6494	3303
4355	2581
5567	2989
3577	2652
5602	3250
4965	3944
4554	3398
3989	3135
5136	2971
5388	3365
4723	3486
5282	3185
1580	8627
5017	3523
4937	3708
4080	3162
5113	3395
4500	3153
4441	3565
5070	3209
1999	7916
5185	2395
1970	6628
5154	3039
3169	3392
5566	2707
4629	2864
2850	7760
4923	3167
5836	2995
5031	3370
5051	3331
4477	3455
6109	3108
4195	2970
5173	3116
4940	3233
1769	8208
6357	2848
5780	2745
4262	2322
4463	7292
4982	2921
4135	2665
5806	2755
4156	3295
4643	3082
4275	9094
5365	2797
4458	2571
4742	2848
4926	3299
6216	3155
6104	3040
5472	3613
3815	3160
4174	3492
5103	2908
4919	3159
6092	3334
4747	3474
5343	2592
4919	3118
5690	3421
4401	3606
3685	7420
5464	3037
4755	2549
4059	3025
5300	3165
4530	3468
5164	3283
4280	2705
3867	3139
4107	3607
4785	2998
3305	3455
4469	2930
4470	2835
4375	2999
4259	3486
4278	3172
4172	3570
5868	3393
4394	3078
6646	3071
3914	9625
5754	3294
4865	2653
4366	3386
5089	2668
3976	3317
5882	3114
3992	3035
5303	3344
4802	3440
5078	3342
4441	3339
4325	2902
6073	2947
3723	3445
5386	3427
6007	3397
4275	3684
4577	3171
4768	2439
5397	2832
6202	2739
5034	3516
5457	2874
5710	3629
6331	3259
3781	3209
5149	3474
4736	2828
5257	2296
795	6629
5581	3429
5690	2737
5247	3157
4552	3380
4652	3683
4431	2760
5722	3102
3734	3303
4627	3383
5126	2734
4326	3045
5169	2857
4926	2591
3624	3369
4269	3420
4869	3365
2873	8531
3465	2280
5111	2767
4425	3299
6097	3184
4505	2880
4332	3015
4537	2972
3396	2290
3029	3273
3207	8039
2268	7860
5267	2956
2356	7292
5522	3218
3606	3298
5628	3371
5259	3037
4054	2665
3965	3136
5481	3491
5223	3113
3504	2971
4851	3335
5372	3005
3839	3541
5954	3358
3737	2980
4880	2465
4148	2985
5131	3197
5908	2966
3698	3036
4725	3575
6095	3399
5877	3264
6141	3199
4918	3433
4023	3723
4015	2668
4412	2470
6006	3544
4589	3397
4915	3021
6058	3087
4990	3369
5601	3162
3109	3501
3901	3052
4928	2975
4077	3435
4666	2787
4297	3599
3676	3170
5471	3190
5823	3198
4532	2747
5913	3311
5804	2634
4352	3126
5084	3193
4777	3323
4777	1485
5431	3462
4820	2770
2895	3470
5016	3006
6263	3386
4236	3557
3767	3131
4784	3190
5658	2783
1963	7341
4276	3276
5062	2411
5646	3263
4530	3126
4815	3099
4607	3414
4473	2813
3175	8528
4565	3375
4890	2808
5496	3388
4650	2797
4824	2721
5154	2010
2329	6622
5171	3269
4759	3133
4481	3317
4409	3267
4607	3369
5238	3014
4256	3126
2688	2723
5937	3592
4585	2780
4953	2923
5172	3450
3428	3305
4314	2685
4358	3202
4430	2845
3622	3217
1847	2837
5234	2764
5011	3215
2759	2839
4546	3166
5443	3556
4822	3030
4253	2858
4145	3118
5617	3388
5091	3285
5042	3453
4593	3122
4900	3477
6520	3358
4307	3077
5768	3324
4628	3097
4651	2541
4659	2766
5004	2927
4912	3286
5258	2939
5989	3305
5498	3087
6139	2865
5170	2920
3552	3086
5121	3664
4782	3355
6216	2838
5571	3283
4183	2798
4475	3261
5765	3053
4673	3166
4493	3373
4749	3469
5091	3183
4498	3567
5538	3053
4909	3521
4591	3319
5038	2411
4530	2948
3541	2608
5620	3085
3923	2611
3165	7086
4968	2721
5503	3601
4613	2892
5244	3435
4852	3001
4374	3545
5128	3436
4427	3302
3030	9050
4096	3495
4362	3352
4342	3129
4526	2752
4397	2348
2557	7762
5473	3270
5928	2783
4402	2978
3849	3314
4027	3112
4752	3297
4127	3428
3310	3006
4301	3057
4046	3613
4524	3511
4130	3166
5049	3292
2830	2722
4344	3389
3172	6600
2858	3364
2743	0
4888	3002
4763	2973
5543	3466
5319	3154
4331	2827
5123	4767
4155	3303
4297	3302
4953	3112
3884	3720
4293	3315
5796	3277
4374	2447
4368	3264
2859	6570
3819	3032
3335	6805
5424	2539
4160	8078
4711	2883
5073	2865
4853	2993
3802	3003
4959	2921
3804	3272
5085	2810
3771	2844
5438	2892
1917	4639
5554	3123
3814	2714
4429	3419
4764	3436
5761	3365
4480	3214
4844	3017
4270	3209
5364	3157
3959	3388
4998	3292
3424	3547
4943	2780
5572	3014
2777	3060
4775	3425
3847	2478
4841	2447
4034	2773
3632	3246
3888	3038
5129	2956
3128	2588
4923	2795
4172	3044
4275	1853
3804	3692
2923	6033
5423	3590
4879	3372
4674	3266
5102	3477
4948	2760
4803	3576
4846	3436
4317	3365
4681	3072
5547	3013
4449	5376
4382	2754
3951	3655
2126	8121
5576	2960
4515	3296
4589	2792
4012	2778
5695	3042
5007	2948
5355	3387
3102	6470
4471	2426
4628	2892
4641	3653
7085	3228
4160	3718
5096	3201
3732	3130
4179	2470
4930	3598
4215	3169
5600	3219
3777	3420
3589	3044
3573	3122
5312	3480
4421	3349
3884	2491
4592	3341
4064	2870
5823	3291
1553	8263
2677	3138
3974	3634
6604	2908
4741	3096
4090	3264
4023	3317
4701	3274
4631	2931
3636	2755
4204	3448
4813	2955
4777	2935
2400	8052
4911	3344
3492	5965
6554	2864
4495	3337
5839	3109
2354	2646
3994	6738
5828	3312
5520	2586
4993	3364
2891	8753
5356	2959
4710	3430
4500	3342
4979	3496
5146	3052
5161	3290
3668	5199
5278	3310
3329	3132
5763	2171
5388	3459
4480	3557
5180	3250
5531	3491
4063	3328
5199	2782
4823	2814
2569	3168
4205	3300
3518	7859
5657	3158
4920	2387
4759	2036
4517	3230
4392	3215
6526	3474
1745	6615
4258	2348
4636	2576
4197	3402
5455	2692
3044	8410
4213	3324
4998	3288
4017	3054
5765	3415
5286	3544
5357	3535
4154	4555
4877	3195
5823	2754
4483	3163
3338	3297
6138	3554
4182	3031
5482	2417
4480	3241
4741	3542
3709	3142
6198	2739
4369	3349
4574	3458
3232	9357
5656	3238
5446	2192
4788	2920
4891	3259
3706	3172
5867	2932
2642	3332
5813	3558
5033	2669
4008	3141
4799	3167
4492	3314
4188	3391
5991	2859
4901	2753
5011	1423
5337	3374
4697	2799
2406	8028
3770	3149
4066	3244
4816	3538
3792	3021
4271	3321
3060	8091
4931	3178
4737	3450
4707	3025
3370	2892
5287	3223
5298	3034
3360	7153
4406	3426
3616	3045
4721	3227
5355	2812
5358	2991
2675	8239
5297	3311
4891	2745
4603	3479
6449	3071
4493	3178
4729	3299
6285	2715
5836	3421
5283	3379
6518	3315
5573	3299
5529	2930
4822	3494
4473	3231
3551	3335
5645	2965
4652	2755
4534	3198
4478	3104
3448	9306
4560	2832
5221	2583
5254	2754
4736	3206
2066	2212
4065	3019
4268	2607
4597	2481
5430	2929
4532	2916
5267	3078
5233	3007
3089	6516
5702	3370
3956	2825
5380	3203
6227	2621
3439	3451
3405	2964
4959	2983
4181	3582
4531	3517
3380	3183
5182	2466
4534	2981
4369	3201
5264	3423
1609	8654
4624	3051
5754	3529
5517	3541
2426	3023
4556	3021
3823	3521
3816	4652
4791	3314
4242	3259
4746	3046
4380	2692
6187	3380
4315	3171
4944	2852
4612	2803
2782	3523
3025	3234
1639	6322
3544	2781
4069	3158
4840	3560
4876	3072
4071	3048
4155	3088
5907	3301
4715	3374
4643	2851
5414	3441
4446	2994
5898	3457
4824	2865
4295	3133
4921	2920
5533	3578
4188	2811
5457	2870
4280	2978
4409	3244
2277	8530
5697	3407
3365	9711
4292	3627
4753	3257
4600	3210
3699	3112
3951	3589
4405	3468
5012	2778
4582	3442
5599	2874
4733	3576
4263	3592
3500	2819
2250	3281
5866	3110
4205	3223
4857	2848
4559	3018
4193	3464
4259	2540
5178	3416
5106	3199
4411	3495
4552	3255
3822	2652
3888	3431
5630	4966
3755	3136
5741	3620
4873	2924
5265	3499
4973	3262
5048	3269
4102	3552
4916	3145
4173	1998
5685	3117
4954	3040
4575	3297
4546	2965
3966	3440
5180	3099
5902	3309
5625	3514
6748	3149
4372	3194
4602	3101
5125	3248
4853	3333
5331	3358
4777	3294
5285	2887
4431	3015
2210	8333
5369	2833
4897	3266
3556	8337
4647	2862
3010	8867
4115	3071
4936	3391
4955	2756
3741	8823
3153	4977
4106	3033
5520	2989
4507	3151
628	6779
4537	2779
5202	2750
4291	3196
6407	3223
5436	3386
5955	3586
5210	3215
5548	3127
5571	3410
5320	3339
5065	2302
4502	2794
3761	4821
4203	3454
6017	3609
4723	3212
5826	3154
5801	3253
3536	6493
2364	3422
5535	3251
4790	2829
4008	3081
4195	3048
3155	3432
2762	3103
5250	3219
5112	2642
4106	3488
4128	3460
4009	3343
3906	3267
5395	3390
5083	2165
5433	3233
4643	3173
5812	2612
3373	2915
4894	2382
4883	3402
4579	6411
4434	3466
4520	3250
4126	3158
4591	3559
5404	3016
4845	2960
4756	3343
4059	3402
4788	3319
3702	3499
3905	3319
4114	8657
3852	3103
5581	2144
5178	2889
2603	3143
5718	3025
4946	3735
2088	8212
4454	2677
4423	2575
2998	3304
5240	3429
3914	3254
4725	3473
5073	3206
4847	3222
4694	3376
4380	2997
4891	2687
4923	3312
4457	2555
4299	3590
4780	3556
4223	2601
5761	3366
4842	4244
5860	3497
5230	2912
5005	2906
4880	2651
3997	3390
4963	3362
5454	3174
4032	2815
4361	3087
4732	3684
4605	2650
4498	2766
3665	7867
4258	2846
3180	9049
5161	3421
5784	3005
2772	9740
4684	2899
5002	2836
4571	3376
4502	3302
4356	3237
5032	3218
4782	3453
2856	7800
4577	3195
4008	3354
3780	2879
4091	5540
4448	2905
3951	2760
4836	3328
3247	2816
5197	3304
4844	2870
5229	3311
4389	3251
4495	3080
4822	3587
5164	3415
4280	3391
4767	5547
5004	2728
5839	3155
5701	3483
4451	3038
4051	3022
5147	3056
4285	3364
5488	4736
3961	3618
4108	2771
5028	2471
5190	2830
5171	3394
4422	3294
4678	2464
5009	3402
5786	2976
3754	2911
5647	3323
5622	2893
3383	3111
4705	2867
7334	3652
4806	2933
4573	2872
3052	7079
4272	5097
3435	3528
4224	3435
4607	4257
5210	3194
4913	3530
4863	3141
4684	2978
5195	3323
5655	3173
2904	3269
2831	3224
4822	3169
6075	2931
5002	2403
5649	3127
3076	3247
4310	3138
6464	3116
3600	6760
5348	3024
4627	2974
4763	3223
4258	2997
3689	3113
4055	3394
4759	3186
4515	3106
5589	3252
4934	3272
5403	3376
2084	8324
3936	3377
5862	3214
4736	3657
3619	3110
2486	9361
3161	2253
4627	6101
1503	6934
3426	2567
5442	3244
4812	3548
7474	3017
4355	2937
4170	4348
3663	3142
3198	3185
5887	3444
2604	8611
5473	4775
5198	3360
4819	3060
5739	3488
4460	3303
5056	3425
3305	8626
4725	3229
5041	3373
4968	2949
6696	3639
4354	2775
4418	3395
5059	3381
4705	2501
5173	5089
4149	3086
3107	7823
5295	2869
4146	3551
5723	2633
4518	3134
4310	3526
3729	4124
5109	3505
4764	3316
4606	3523
5158	2422
6327	3525
4478	3183
3240	3264
5099	3320
3866	3220
4939	3627
4855	3587
2864	3591
4199	4605
5995	3234
4013	3090
5418	3460
4471	3087
3103	2837
4062	3500
5157	2966
4273	2965
5622	3233
4833	2920
2934	3704
5118	3377
4550	2993
5132	2572
3779	3351
3963	3305
5349	3014
4650	3010
5718	3213
5551	3462
4889	3080
5133	3407
4385	3266
7342	3645
5683	2803
6048	3294
4777	2629
5427	3224
4012	4542
4654	2869
3963	2605
3938	3484
5123	2963
4110	3239
5710	2765
5744	3394
5091	3168
2000	8319
5157	3180
4404	3027
3185	6910
5648	3146
4075	2281
4903	3398
2656	3059
3704	3404
5102	3182
4630	2324
2996	8573
4679	2780
6536	2452
5237	2716
5874	2756
4787	3601
4571	2494
3623	3374
2609	9052
4251	6824
3586	3488
4812	2935
4624	3608
5387	3369
4980	4553
4906	3609
4666	3543
3612	3139
4125	3342
4875	2948
4239	3520
6054	3133
4958	3640
5578	2965
3623	1872
5077	3182
4996	3060
3513	3119
3928	3489
4361	3168
5507	2945
4714	5241
4641	2885
4067	3279
4757	3037
3829	3216
3017	3176
3804	2761
3023	3472
5556	3202
4414	3281
4025	3386
5362	2988
4794	2962
4218	3252
3365	3378
3778	3409
6303	2481
4972	3440
3482	3683
4456	3245
6556	3339
4297	3234
5889	2772
4087	3230
4572	3330
2082	6063
5499	3370
5486	3501
5272	3568
5602	3604
4899	2884
4449	3046
4763	3093
2867	7471
3144	6354
5524	2790
6228	1667
4798	3725
4935	3524
4956	3252
4288	3139
4554	7026
4752	3277
4408	3215
5695	2629
4904	3547
4085	3252
2417	8473
6960	2368
4724	2280
5206	3339
4524	2535
4580	2328
4598	3356
5072	3423
5873	3138
5772	3382
5418	2786
5054	3413
5489	3263
4642	3145
5490	3550
5713	3031
5827	3308
5160	2554
4941	3518
4118	3166
4329	2954
5042	3298
4932	3143
5765	2715
2292	5910
3334	2486
3537	2899
1300	8087
3210	2935
1993	7091
4149	2774
5225	3277
4883	3532
4980	3102
5196	3393
5311	2951
3553	7265
5228	2865
2844	3118
4612	3014
6195	3173
6862	3170
5775	3114
4906	2935
6169	3069
4737	2015
5311	2884
4434	3638
5333	3391
4357	3331
4005	3173
5545	2402
4240	3468
4854	3617
4333	3141
5421	2815
5442	3048
5157	3201
4724	2830
3676	3178
4813	2841
6790	3558
4209	2789
4741	3252
5638	3657
4508	2988
5432	3396
5698	3516
5594	3020
3272	3465
3710	6542
5846	3487
4219	2871
4055	3054
4443	3543
2673	2983
2242	8056
3335	3520
8470	2743
3888	6489
4400	2929
5570	3184
4526	3373
3805	3477
4945	3257
4539	2744
5432	2884
1525	8362
6330	3117
4266	3484
4673	3394
3630	2721
5922	2823
4722	3022
4710	3130
5574	3317
6084	2876
4329	3540
4852	3404
4817	3490
3808	2629
6191	3589
5106	3222
4354	3552
1866	8901
3063	3367
4974	3198
3887	3102
5295	3442
4661	3296
4831	3535
4732	3256
4849	3117
5426	3320
4541	3549
4752	3394
5535	3487
6014	3279
4346	3370
5126	3540
4121	2677
4880	3133
5324	3199
5177	3412
3536	8488
4425	3310
5558	3333
5483	3283
6043	3370
5618	3108
4730	3550
4579	3020
2403	6929
3079	9999
5149	2771
3967	2618
4202	2695
5377	6988
2798	3221
5916	2732
4456	3183
5214	3266
5012	3347
4870	2813
4806	3019
3466	2809
4539	3075
5278	3427
5006	3645
4064	3098
2461	6766
4321	3593
2729	7787
2348	3525
3937	8071
4531	2691
5110	3441
5382	2884
1996	6796
4364	3284
4431	3483
6662	3010
4155	3398
6308	2680
4917	2418
6084	3362
4454	3090
4210	3103
5253	5137
4892	3203
3878	3333
4602	2835
4639	3300
1590	8369
6191	3045
4311	3469
5670	3456
4248	4452
4549	4779
5461	2874
4942	2995
5938	3475
3999	3062
6280	3532
4341	2710
5010	3031
3592	3200
4118	3247
3765	3130
4954	3618
5270	2901
5205	2906
5100	2858
5280	2661
4366	3407
5604	3220
3663	3131
3718	3373
5637	3278
5312	3148
3404	3042
3625	3165
5913	3192
4860	3110
4567	3294
4622	3499
4729	3163
4558	2160
4889	3040
4793	3358
5304	2648
6067	2508
4228	3073
3936	3347
5532	2861
5338	3355
3717	5191
5483	3509
4057	2963
4204	3062
4664	4232
5782	2005
3585	3307
4940	3377
4258	3527
3817	3441
4464	3077
4359	2572
4366	3306
5367	2830
5223	2972
2117	7949
4622	3483
5118	3501
4527	3409
5457	3278
3968	3217
5601	3382
3821	2854
5765	3088
4999	3152
4740	3179
5767	3243
4395	3279
4580	3553
4698	2484
5297	2314
2434	8067
5747	3235
4861	3656
4121	3315
2882	6926
6172	3308
4325	3381
5393	3263
2764	3478
5052	3307
3868	2289
3635	3410
6508	2680
5243	3183
4423	3046
4931	3476
4833	3073
3967	3411
4861	3077
6200	3052
6064	3229
3754	3289
4671	3217
5780	3348
4842	2906
6277	2787
4716	3445
6319	3353
5197	3087
4101	3344
5509	3505
2776	3488
4587	3419
5032	3444
4182	3042
4262	2461
5359	2947
3913	2700
4546	3233
5030	3517
2889	3442
4442	3342
5273	3587
5778	3467
3802	3436
4968	3322
4846	3419
5946	2947
4716	2585
4350	2891
4704	3572
4632	3084
2652	3613
3567	3324
4881	3240
4403	3337
5355	2754
6168	2362
5199	3343
3735	3431
1109	8740
4744	3044
5191	3214
5242	3171
4276	2485
2280	8959
4325	3108
4148	3382
6724	3236
6110	3262
3829	2828
5254	3174
4867	3265
4267	3095
5214	3290
6211	3045
5302	3103
5008	3559
4403	3036
4550	3365
6168	2975
2933	3333
4462	2821
4265	7367
5804	3193
4448	2963
3932	3119
4292	2663
5046	2981
3299	3233
4109	2377
4254	2795
6014	3471
3334	3179
4886	2769
3769	3273
5178	2922
3931	3288
4897	2932
5022	3381
5060	2880
5390	3248
3760	2937
5086	3215
4808	3423
4018	3159
4418	3311
5635	2996
4503	3016
4104	3417
5261	2947
4672	3289
2117	7905
5500	3422
4477	3316
3117	2866
4384	3313
5527	3319
5059	3368
4877	3359
4265	3536
5859	3522
4366	2478
4032	8974
5608	3333
4424	5050
4158	3062
5762	2914
4847	2967
3790	4930
4835	3244
4434	3364
4653	2972
6078	3353
3082	3641
5106	3298
5073	2484
4869	3499
5024	2442
3101	3340
4860	3387
5361	3602
5426	3126
4533	3037
5078	3059
5080	3453
5065	2834
5215	3453
4842	3603
4897	3507
4255	3346
5261	3233
4370	3399
5478	2645
5059	3577
4575	3278
4594	3248
2182	3554
3774	8448
4861	3765
4867	3297
7917	3108
6007	2812
2661	3429
4988	3184
5145	3155
2382	7629
3459	5435
4780	3133
4316	3501
3076	9486
5252	3444
1403	6934
4861	2766
4530	3554
4207	2956
4479	2958
5349	3376
4883	3404
4160	2818
5543	2910
4668	2975
4117	3451
4451	3320
4773	2942
6185	2941
4324	3256
1747	8470
5299	3414
4533	2806
5216	3513
2394	9470
3954	3035
5022	2882
3353	6043
5052	2891
6041	2770
5388	3106
5135	2877
2333	3429
2791	2930
3765	3511
5474	3325
4828	3300
3112	2653
4677	3303
3810	3604
4575	3425
5605	3384
4886	3052
3306	9385
4560	3396
5002	3247
4761	2974
4484	3184
5361	3062
5144	2923
4142	3720
5010	3277
5754	2626
4404	3334
4516	5221
4586	3493
2724	8664
5162	2325
4373	2634
5843	2972
4988	3163
3851	2848
5436	2877
5354	2921
4711	2620
1344	7965
3699	3079
5484	3315
4294	2763
4485	3269
4903	2760
3956	2770
4847	3188
4449	3474
3464	3339
6118	3511
4430	3003
4487	2443
6354	3416
6074	2954
5013	2962
4951	3175
4852	3010
4711	3246
3119	3566
3853	3413
4588	3008
3711	2919
5500	2877
5573	3081
3230	2842
2799	3527
5045	3001
4536	3336
3916	3199
4785	3303
5268	3458
4316	3039
4170	2829
4966	3182
5912	3348
3458	3301
4839	3296
4373	3098
3306	3326
4748	2936
4075	3606
3884	3287
3014	8001
4266	3063
4872	3057
5733	3293
5571	3360
4739	2893
5563	3314
6412	2767
5980	3314
5123	3312
2496	7357
4673	3498
5384	3416
4386	6218
4623	2942
3251	3279
4441	2688
4986	3168
1734	7298
1979	7947
5655	3364
2955	3214
4423	3087
4274	3536
4977	3084
4943	3100
5414	3295
3871	3260
4697	3422
4152	3154
4095	2746
4754	3420
4879	2778
5313	3469
5105	3405
5227	2773
4451	3501
4972	3464
3403	3252
5122	3056
4643	3326
4578	3647
4356	3006
6134	2742
4720	5991
5455	3097
3097	3418
4215	3408
6035	3657
4601	5333
4644	3126
4757	3450
2143	7818
5939	2666
4955	3267
4727	3278
5014	3230
3858	3321
4494	3023
3773	6628
6005	3323
4927	2994
4975	3406
4253	3034
4890	3181
3977	3296
3927	7216
4569	3608
4607	3510
2852	3203
3737	3460
5345	2797
5246	2980
4962	3048
4710	3220
4479	2791
4984	2986
1612	6840
2357	8831
4736	8116
3705	6088
4911	3404
2394	2651
4220	2798
6972	2813
5719	3167
4492	3288
4774	2826
4105	3004
3892	3322
4522	2599
4418	3283
3148	8184
3333	2923
5182	2948
3758	5586
4982	3537
4643	2919
5318	3384
4513	3487
5808	2845
6384	3263
5338	3713
6000	3300
3881	2323
5576	2840
5061	3109
4845	3391
2335	3574
4682	3278
4944	2612
5078	3491
4518	3051
4217	3473
4638	3316
6497	3370
5654	3102
1911	8717
4462	3541
5450	3202
4353	3136
5463	3499
4835	3171
2784	3413
2943	9083
4233	3295
3785	8637
4102	3310
5610	3628
1885	8461
5573	3354
5528	3221
5683	2990
1780	6963
5163	3225
6372	3463
4732	3631
6495	3266
4588	3468
4184	2639
4354	3338
4565	3258
5007	2864
4553	2569
2392	2991
4833	3381
3618	4141
6324	3153
5709	2608
4787	2791
2920	2991
4515	3459
2044	8199
2204	8536
2565	3576
4826	3119
3221	3470
4318	3291
3874	2083
5257	2107
5496	2661
3389	3241
4249	3613
4988	2755
4549	3093
4985	2568
6228	3336
4649	2719
4717	3470
4120	3158
2675	7965
3698	3660
4690	3541
4309	3342
4537	2711
5440	3174
4411	3016
6064	3611
3214	8692
1965	8110
4181	2838
5319	3223
4563	3672
3436	3243
3567	3350
5261	3079
3803	3153
5384	3478
4795	3292
4356	2760
5131	2899
4374	3188
3003	4768
2086	7171
4865	2306
3861	3126
2654	8815
4288	3385
5092	3323
3713	2888
3861	6367
2908	3395
5021	3314
3614	2450
3508	6848
4526	6258
5309	3012
3947	2738
5810	2909
3788	3134
4001	3345
4820	3263
4290	2977
3655	2823
4089	2348
4190	6567
2331	8878
5624	3139
3521	3187
4948	2516
4955	2667
5457	2865
5137	3187
3111	8815
4635	3185
5769	2472
4901	3291
5549	3217
4406	3428
4339	3079
4286	2718
4565	3115
3919	3362
4743	3291
4920	3114
4444	3651
4729	3240
5069	2630
4935	2847
4367	3511
5889	3141
4992	3375
2973	2281
2118	6360
4434	3106
6601	3161
2202	8266
3520	3018
4723	3118
4281	3601
3815	2958
6285	3565
3968	2939
4530	3470
4494	3576
4478	3303
4051	3494
4776	3408
5497	2598
3933	3314
4520	3058
3196	5688
3918	2716
4324	3339
4317	3218
2237	7193
4944	3661
2471	7502
4432	3289
5211	3276
5107	2761
5050	4020
5585	2547
5658	3090
3955	2658
5682	2946
4442	3265
5918	3426
4339	2923
4969	2969
5123	3519
4127	2727
7073	3502
2174	8143
4291	2433
4525	6072
4119	3704
3875	3362
5348	3166
4496	2983
5669	3333
4199	3473
4828	2843
3128	8321
4822	3174
4426	3134
3996	2781
4580	3003
4819	3198
5001	2982
3910	3449
5453	2966
6060	3186
4044	3364
2782	3167
3865	3470
2675	3298
3954	3052
5081	2648
4690	3184
5495	2929
4363	3469
4436	3358
5709	2963
5188	3215
5254	3321
4884	3443
4781	2196
6970	2996
5235	2828
4901	4326
5599	3308
3652	3138
5472	3450
5057	2836
4857	2738
4652	3270
5324	2143
4642	2651
5242	3350
5188	2579
4746	2693
4254	3456
5591	3710
4965	3295
3415	3508
1964	8508
5643	3397
5186	3379
4376	4173
5066	3194
1807	7817
5278	3011
5130	3381
4434	3417
4944	2786
4153	2805
4747	3311
4232	3504
4433	4223
5072	3400
4061	2908
5323	3538
5383	2977
1316	7466
4851	2619
3236	3478
3719	3136
5879	3247
4687	3264
4574	3355
5587	3342
4408	2901
6050	3378
4555	3238
4400	3134
2989	7547
4832	3378
4931	2934
4342	3465
4177	2459
5424	3315
5299	3149
3790	3038
5374	3167
4429	3447
1559	8486
3780	3180
4873	3219
4678	3329
5092	4781
4476	2819
4054	3129
4524	3063
4837	4598
3988	2645
4312	2880
4713	2544
1865	8329
4380	3430
4126	3701
5356	3066
3575	2794
4934	3416
4428	3502
6446	3573
5420	3220
4959	3141
4305	3311
3948	3344
4316	6859
3988	3557
3530	7382
4247	3586
4865	3029
4130	3130
4693	3390
4069	2957
3247	3358
2341	7387
4910	3377
5167	2513
3993	3170
3509	3552
5885	3576
4715	3013
6254	3058
3632	3193
4432	3391
5132	3271
7025	3489
3085	3336
3996	5346
5979	2764
4485	3595
3952	3008
5230	3312
4756	3290
4872	3559
3285	2929
4444	2962
3619	3497
4469	3058
6207	3217
4740	3165
4474	3109
4840	3243
2903	2772
4871	2741
4327	2992
5641	3130
2109	9716
4164	3091
3018	3208
6798	3595
3803	3033
757	8106
6069	3163
4475	2724
5121	3458
4752	3393
5352	3442
3963	1778
4785	2677
4764	3052
5585	3400
4503	2109
5239	3330
4130	2909
4631	3353
4605	2504
4975	2688
4129	2891
3601	7752
4983	3121
4648	3227
5795	3107
5477	3468
5124	3336
5097	3734
4775	2591
4803	3242
5322	2570
3140	9816
4358	2996
4641	3100
5500	3752
5755	2900
5127	3307
4013	3258
4762	2986
5312	2867
5279	3168
5375	3210
5666	3275
5068	2599
6378	3534
5017	3649
5046	3559
3920	3324
5223	3478
4955	3603
5859	3475
4865	3658
6431	3359
3847	3089
4798	3085
6775	2901
4413	5289
3910	2994
6526	3049
5689	3159
5622	3150
4712	3265
5133	2512
5414	2954
1333	7692
4142	3155
4502	2201
5030	3297
6515	3240
5299	8248
4836	2918
5019	3480
3989	2523
4919	3491
5609	3465
4957	2889
5523	2525
4685	3165
4388	3411
4959	2504
3015	2731
4083	2532
4903	3349
3967	3131
3365	2697
4372	3279
2931	3556
4482	3006
5003	2884
3303	8742
4389	3241
4199	2729
6824	3415
5061	2869
7575	3460
4104	2804
4524	2862
5866	5191
5846	3711
4855	2941
6409	3074
4320	2624
4775	3396
4845	3138
4643	3463
4079	2796
5072	2682
4813	3591
5356	3644
4564	2801
5448	3148
4640	3684
4327	3040
5223	3646
2156	8070
6270	2697
5420	3416
6033	3062
4959	2898
3235	3553
3991	5553
5576	3359
5884	3050
3544	3175
4444	3277
4993	3406
2366	8135
4849	3273
4072	3024
4459	3098
5709	3339
2816	2828
5171	3254
4359	2838
6187	3055
3928	3559
4121	3561
4345	3358
4186	3426
6221	3221
6432	2023
5723	3291
5499	3111
2074	7339
5824	3397
5145	3361
4619	2558
4902	2960
3513	2947
6227	3370
4714	3527
4610	3378
5834	2992
4582	3597
5187	3187
5333	3593
4332	3287
4181	3094
5062	2033
4767	3414
5570	2898
4555	2730
4558	3587
4821	3298
5668	3063
5110	2876
3960	2926
3677	3122
7456	3045
5883	2896
2797	2948
4456	3330
2354	5482
3539	2938
4919	3383
4430	2854
5893	3264
5393	4066
1941	7817
4901	2772
5365	3448
4391	3111
5570	2992
1980	9524
4424	3012
5791	3044
6222	3239
3777	3455
4012	3287
4018	2986
3242	3145
5563	3390
3993	8130
6593	2826
4414	2099
5600	3227
6230	2420
4617	3334
2892	7464
4787	2755
4329	3495
5369	3398
5432	3151
4154	3337
4358	3219
5820	2501
5672	2993
5432	2636
4502	3153
4600	3131
4952	2979
5034	2796
1584	9422
5275	3404
4144	3072
5832	3052
4560	3409
4167	3219
4217	3586
4866	3092
4959	3333
4714	3101
5969	3180
3867	2176
2723	9010
5574	3556
3946	3629
4872	3306
4004	3394
4283	3212
4372	2316
4448	2645
5618	3203
4619	3420
3969	3138
4913	5905
3277	2633
4077	3325
4044	3083
3689	9601
5514	2859
5128	4953
4205	3173
5682	3331
5325	3048
3443	3365
5252	3279
4634	3344
4363	3560
4370	3416
5354	3130
4846	3397
4059	2761
6108	3111
4600	3437
4507	3125
4572	2870
3955	2600
4387	3284
5274	3729
4286	3224
5066	3064
6080	2664
4533	2924
5310	2935
4595	3362
4278	2710
4470	3349
4929	3334
6123	3247
4629	3092
5286	3045
4760	3438
4814	3285
5223	2870
5948	3058
3801	5652
4755	3086
4745	2760
6607	3349
3830	3404
4419	3108
4987	3454
5469	3386
5010	3102
4632	3197
6103	3475
4405	3367
4541	2780
5005	3308
2199	8334
3931	3132
4112	3271
5542	2322
3961	3101
4553	3240
4932	3275
4306	2275
4155	3683
4364	3507
3882	3569
3232	3530
5613	2976
6418	3155
4301	3558
6317	2814
5009	3021
5218	3088
5053	3324
5989	3016
6078	3443
3447	7429
4597	3056
4491	2898
5572	2906
4111	6523
3780	7415
5425	2742
4421	3027
5535	3044
6110	3247
4049	6834
4026	4112
5312	3244
3890	2502
4961	3498
1846	6741
4635	3591
3582	2865
3811	3029
3180	6884
6844	3256
5055	3343
5138	3049
5013	2788
5571	3460
4141	8110
3607	2871
4827	2985
4723	2919
5093	3432
6512	3283
4875	3067
2923	3627
4791	2926
2386	3059
4964	3253
4230	3396
2446	7124
4732	2964
4090	7625
3991	2873
5211	3065
5681	3193
4693	3434
3609	4139
4936	2550
4634	3650
4943	3226
4789	3385
4108	3384
5068	3050
3734	3464
3776	3050
5623	3486
4983	3228
6292	3338
5453	3315
4716	3177
5025	3192
4488	3261
4728	3238
5233	3361
2812	8616
5141	3321
4501	2983
4545	3025
2693	8763
5101	3210
5272	2878
5240	3334
4741	2873
5242	3120
5274	3110
5118	3141
4993	2895
6308	2669
4490	3070
6773	3446
4812	3327
4140	3382
3204	2668
1986	8597
4762	2929
3294	3099
2746	3247
4561	3442
4533	2769
3490	2549
6460	3077
5366	3291
4692	3253
3813	2578
5024	3236
4917	2586
4213	2804
4581	3487
5369	2563
4032	2869
3976	3041
1842	7288
4586	2568
5117	3345
3550	3101
1605	4691
4809	3030
1726	8352
5247	3070
5508	3236
4867	3197
4800	3074
5559	3586
5344	3608
5566	3262
4564	3406
5125	2829
6601	3427
5206	3400
4789	2514
3947	3053
5017	3567
4927	3251
4825	3267
4631	2914
4033	3383
4611	3178
5240	1990
2225	8744
3631	2741
5225	2879
5221	3548
4673	3309
4447	3263
4006	3106
3729	8430
5385	3281
4034	2885
4092	3122
3009	8088
2977	3309
4473	2704
3970	3420
4577	3409
5200	3230
3943	2844
7094	3470
4258	2767
4530	3221
5062	3241
3086	5229
3493	3311
4920	3449
6195	3356
4806	3088
4200	3272
4401	3225
4112	3147
4450	3422
5245	3448
4711	3428
4383	2803
4488	3401
4889	3409
4761	3016
2513	3030
5745	2989
5410	3327
4772	3653
1749	2862
4321	3493
4267	2937
5123	3385
4880	2921
4277	2806
4809	3447
2280	8351
4797	2962
4189	3338
3476	5564
5596	2701
5115	3254
5155	3062
4136	3248
2655	7799
4405	3237
4616	2805
4811	2926
5026	2806
4982	2779
4150	3221
4665	3357
5075	3219
4554	3881
4232	3153
5719	3350
4067	3059
4295	3473
2544	6761
2785	3406
4694	3043
4991	2586
5713	3199
5261	3197
5966	2939
5047	3122
4426	3431
4300	2725
4751	3018
4560	2934
3754	2910
3452	2845
4758	3167
4840	2817
4533	3346
5346	2142
4322	3262
4629	3211
4248	2944
5666	2621
4711	3190
4952	2806
4199	3849
5593	2999
4520	3345
3909	3269
3445	3314
4850	3416
5177	3443
6246	2812
5988	3022
3772	2663
3840	3010
2838	8679
5240	2541
4726	3401
2852	1883
4729	3389
5141	3025
4248	3304
5534	3360
4171	3360
4834	2875
4449	3234
3136	2669
1361	7296
3161	2996
3899	2935
5400	2852
5468	3055
5007	3471
4037	3191
2724	3210
4802	2695
4495	3131
6960	3230
3961	2441
3204	8734
4179	2837
5198	3491
4510	3124
4371	3238
3515	3455
4799	3383
4772	2253
2987	2949
4437	2981
4363	2917
3034	2809
3112	3141
6484	2747
4321	3523
5203	3641
4301	2910
3979	2981
1572	6341
5193	2608
3585	3289
4097	3374
5135	3372
4125	3059
3225	7939
5771	2787
4849	2941
4892	2521
4303	3089
3692	2866
4672	2135
4905	2826
4550	3201
4398	2695
4394	3161
4838	3324
6416	2609
5722	2332
4351	3121
3841	3253
5832	3275
5643	3444
4705	2541
4236	3086
4491	2691
4307	3455
5625	3081
4269	3885
4746	3133
5160	3330
2283	7118
4363	2953
5415	3600
4622	3433
2743	2916
1533	7059
3877	3448
5417	2295
6101	3064
4919	2823
3276	3004
6060	2656
6127	3470
4853	3474
4865	3195
4618	2275
5020	2966
1734	7662
4700	2567
3148	8637
3430	3434
4985	3324
5316	2898
1905	8079
4704	3241
3701	2560
1804	8225
3669	3257
2200	6281
5161	3725
5072	2682
1895	8158
4489	3329
4702	2547
2223	7149
4018	2420
3846	2907
4304	3272
4306	3035
4554	3015
5683	2525
5125	3073
4324	3410
4355	2938
3274	2946
3459	3463
4420	3272
4314	3018
4882	3443
5040	3357
3146	9657
1470	6881
5667	2615
4089	3231
5062	2910
4897	3354
6327	3254
0	7446
4949	3409
5601	3484
5467	3992
4225	3365
4705	3435
5170	3220
4288	3395
2931	8362
4634	3217
4626	2578
3801	6274
4738	3377
4535	3099
4337	3329
4650	2733
4974	2595
4481	3041
4177	3480
4764	3146
3423	3571
3152	9600
5500	3447
3943	3271
5121	2933
4190	8758
7251	2635
4257	3320
3633	3155
4526	3276
2238	3312
5041	2985
3468	2959
4048	2710
3380	6968
3954	3404
4815	3671
4227	2624
4339	3650
1340	7310
3545	3551
3587	3251
4722	3239
4429	2982
5002	2900
4291	3272
3973	6471
4029	3479
4837	3244
3855	2866
4490	2947
3586	3340
3854	3175
4050	3373
4370	3359
5740	3479
2801	3185
2407	8341
4551	2652
3152	2989
5623	3035
6559	2933
2787	8391
5245	3118
4563	2984
4193	5830
6511	3440
5348	3571
5146	2633
3152	3342
4752	2987
5139	3427
3156	3269
5410	3514
4089	3362
4230	2510
5753	3266
4907	2611
5398	2869
4099	2998
4874	2994
4782	2887
4776	3534
4497	3611
5624	3498
5481	3365
1774	8268
5017	2242
4232	2997
4404	2891
4812	2645
3375	3549
4639	3188
5200	3547
4533	3105
4425	2670
5640	3270
6351	3520
4001	3342
4397	3569
5064	3420
3375	3007
4722	3279
3811	3053
4768	3307
4824	3008
4900	3341
5446	3544
2432	7783
1380	8620
2606	2924
3643	3024
5728	2752
4594	4630
4079	3013
4233	3713
4359	3104
4149	2205
5125	3604
4753	3449
4166	3382
4910	3490
4658	3304
4672	3549
3561	5730
5700	3086
2081	8042
4973	3487
5163	2942
4738	7311
6042	3103
5110	2520
4360	3341
4504	3320
2771	3100
5579	2839
4617	3343
4582	3158
4430	2739
5445	3059
4708	2862
4493	3099
4035	3393
4264	2605
3223	3320
3202	3194
4437	3320
5289	4157
5389	3180
4994	3180
4823	3531
5680	3012
4986	2563
5695	3525
3788	3320
4573	3417
4437	3211
4184	3127
2058	7864
5805	3473
3468	7343
4007	3569
3927	7233
4135	3420
3890	3275
3387	6379
4399	3481
5880	3311
3922	3328
4524	3107
4753	3072
6456	2753
5276	3421
4418	3096
4927	3021
5202	3697
2306	8691
6943	3510
3901	3297
5210	3302
5068	3125
5068	3410
2477	9159
3708	3526
4357	3082
4585	2730
4307	3195
4767	2951
4539	4242
5675	2475
5715	3279
4985	7172
4726	3202
4408	8666
4058	6933
4756	3363
3533	3081
3051	3403
4956	3367
4025	3493
4701	3050
5401	3283
4958	3093
3772	3634
3224	9445
5518	3296
4498	2885
4491	2616
3503	3602
3963	3450
5050	3485
4773	3396
5304	2928
5189	2912
4513	3303
4216	2844
4573	3286
4343	2863
4906	3450
5489	3565
2444	3206
5354	2967
5643	3542
6387	3026
4859	3344
5157	3459
5347	3514
4650	3338
6281	3290
4317	3376
4598	2863
5621	3109
5798	2642
4623	2623
4383	2569
4830	3093
4371	3375
4434	3530
5072	3502
5486	3181
5541	3083
4757	2940
5964	3255
4225	2535
4791	2360
3596	2698
5258	3569
4161	2964
5566	2647
4299	3168
1521	8967
3376	7186
4470	3351
4008	6899
5102	3264
4100	2957
4483	3370
4196	3259
4834	3415
4648	2832
4765	3381
5496	2723
5803	3436
6478	3015
3800	3139
4537	2917
6259	2761
2525	8768
3052	2979
3595	2717
5887	3496
4372	3280
5160	2930
2692	3275
4946	3461
4888	3170
4888	2779
3790	3375
3714	2665
3458	2762
4386	2633
5057	2529
4251	3028
4140	3313
3326	3128
4948	2784
4983	2868
4845	3249
3856	3377
4573	2929
5175	3039
4825	3348
5918	3355
5343	4728
6402	3107
5370	2930
4785	3180
5646	3454
4141	3189
5675	2733
4506	3624
4906	3246
4583	3491
5344	2907
5177	3547
4807	2849
4370	3352
5787	3790
5076	3401
4935	3167
3655	3042
4582	3256
2662	3425
3285	2517
4119	3326
4218	3113
4374	3036
4019	3614
6071	2265
5218	3304
4771	3098
4269	3524
3865	3453
3914	2959
6328	3165
3574	3131
3447	8745
3270	3386
2998	3293
4177	3381
4691	3548
4868	3492
5769	3198
5567	3523
3576	3064
2901	8287
4183	3576
3352	3302
2248	6932
4490	3411
3661	2993
4987	3541
4917	3449
4620	3096
4499	3250
3878	3104
5192	3150
3116	2527
5621	3132
4431	2902
4295	3168
3130	9316
5312	2798
2852	2870
4973	2771
2989	6801
3510	6716
5727	2941
5958	3271
4375	3342
4273	3281
4581	3275
3858	3351
4794	3386
5212	3388
5642	3032
5906	2524
5428	3377
3792	3393
4980	3338
4207	7015
4282	2634
4209	3671
5182	3640
4066	3440
4512	2523
3012	2876
4445	3212
4496	2990
3924	3229
4267	3269
3840	3366
6851	3280
3411	3155
4064	3244
5156	3253
5634	3330
5228	3091
6977	2705
3752	2819
4570	3291
4665	3360
4828	3340
4524	3191
3393	2923
4455	8692
4256	3101
4632	2987
3910	2580
4096	3225
5074	3482
5909	2863
3894	2790
6170	3199
4220	3454
4937	3238
5117	3261
2564	2698
5172	3280
3931	3645
3961	2422
4143	3428
4133	3409
6563	3241
4419	2532
2542	3048
5068	3400
4364	3493
4300	3321
4700	3807
4243	3567
5656	3246
4401	3585
6321	3114
5601	2705
5472	3438
3585	5552
4002	2933
5124	3017
4095	3077
2408	9033
4320	3207
2854	8197
4782	3481
5491	3425
4296	3367
2688	2453
4565	3529
5000	2895
4968	2953
5326	2889
2737	3463
5748	3248
5797	2693
5285	3357
5097	2763
3952	2680
3912	3453
4493	7058
3729	3220
2407	6998
3711	3464
6845	3209
5308	3443
5076	3368
5684	3449
4961	2540
5301	3463
4550	2849
4800	3305
5360	3308
5694	3005
3511	3392
4699	3136
4390	3409
5453	3132
5142	3244
5520	2405
3511	8452
5197	2980
5885	3139
4082	3079
5385	3490
3607	9238
3898	3448
3539	3383
4378	3386
4200	4199
6175	3286
3282	8612
4132	3687
1918	8042
4804	4518
4770	2882
5150	2907
6401	2718
4780	3569
5118	3244
5691	2992
4911	2548
4854	3225
5691	3199
5870	3155
5268	3338
3715	3084
4658	2727
5142	3618
4783	2417
4631	3372
5144	3114
4210	3468
6692	3601
5453	3351
5292	3252
4594	3194
5232	2978
5093	3353
3072	8531
5686	2356
5213	3121
4565	3203
5099	2639
5664	3113
4625	3238
3704	2937
4870	3407
4160	3377
4780	3030
5372	2821
2519	3403
3301	3369
5296	3074
4977	3342
3767	3446
3237	3337
5299	2934
4407	3365
4809	3157
5791	3387
4798	3003
5669	3126
5229	3402
4171	3024
3269	3002
6630	3152
4597	3280
6725	3701
6627	3153
4961	3286
4307	2872
4684	3532
4154	7110
4437	2824
3200	2703
3760	3361
5209	3170
5091	5780
4669	3497
6352	3282
3117	3056
4973	3228
4390	3368
5067	3095
5813	3239
3743	5940
4315	3334
3955	3470
4124	2858
3015	3077
4255	3297
4599	5757
4228	2827
5406	3561
4094	3370
5332	3241
7091	3400
5104	3323
4027	2698
4857	3354
4390	3101
4861	2087
5134	2938
5554	3183
5437	3061
5243	2962
4950	3425
4149	2489
4401	3319
4799	2936
4150	3155
5115	3443
5456	3063
6403	3362
6707	3050
4802	2692
5392	3282
3773	2952
4703	3009
4587	3139
3954	3471
5463	3166
4991	3536
4634	3246
5498	2829
4247	3318
4616	2597
4065	2920
3263	3374
4062	2961
4833	3320
6641	2409
4684	3311
1276	8467
3918	2793
4195	2337
7050	3154
4523	3131
4944	3220
5260	3556
3739	3057
5008	3269
4541	4905
2903	3067
4532	3011
5555	2822
4537	3412
4523	3445
4414	2693
4604	2779
5173	3372
5946	2844
5176	2983
4990	2344
5636	3516
4594	3451
5372	3437
5169	3151
5436	2897
4432	2850
5838	2504
4600	3400
2920	7415
5888	2732
5007	3273
4282	3420
5603	3599
5381	3285
5707	3246
6506	2827
2469	8364
5094	3565
3444	3241
2701	3065
4076	3303
4713	2872
4114	2590
5474	3545
4228	2907
1392	8695
4554	2776
4557	2716
5073	3148
6141	2565
4585	2947
5931	2954
3696	2962
5048	2330
4509	3123
4088	2590
4882	3046
4214	3260
4948	3065
4812	3480
5345	2933
4430	3328
4071	2088
5055	3062
4371	3111
4666	3076
1852	8397
4095	3328
3710	2389
4473	3392
3664	8816
4889	3338
6557	3471
4880	3300
4188	3588
4360	3755
3955	3066
4839	3559
4901	3158
4241	3345
6880	3088
5568	2992
4603	3395
4952	3285
5045	3467
4608	2677
6471	3640
2942	3460
4637	3551
5538	3224
4662	3184
5191	3387
2692	9283
4487	3367
4749	3249
5068	2625
4154	3319
4713	3645
3901	7674
4719	3644
5076	3206
4693	3090
4743	3269
5741	3234
4388	2897
5530	3228
4806	3062
4502	3406
3938	2948
4134	3371
5457	3551
5305	3504
6412	3593
5024	3301
5060	2558
2954	3067
4927	3183
4758	3422
3703	8580
5151	3259
4630	3100
4652	3511
4117	3110
5254	3528
4965	2854
3493	3541
4699	2951
2605	7654
5254	3484
4520	3380
5484	3185
4080	3307
2543	8195
3917	2761
4143	2984
4139	2913
5131	2894
4573	2982
3811	3021
5805	2834
4122	3366
4222	3551
5060	3229
5814	3239
5569	3402
4337	3610
2199	8499
5692	3154
5643	2701
4587	3205
4320	2876
4909	3031
5596	3445
6108	3245
4813	2925
4401	3336
2189	7586
4099	3491
3753	3132
3596	3107
4556	3457
4832	3271
4019	2993
4817	3338
4552	3189
2748	2948
4886	3417
4948	2599
4536	3072
4306	3657
4873	3474
5880	3138
3571	3340
3845	3227
6241	3358
4549	2293
4675	3081
5992	3209
4296	2215
4536	3622
5473	3203
4069	2406
3040	7926
4083	2253
4603	3286
4353	2571
5350	3384
3049	2476
3675	3176
4455	3444
3294	8805
5300	3242
3435	3066
4452	3427
3483	3234
5696	3279
5381	3158
3918	3614
2799	6632
5048	2706
1443	8792
3580	3142
5078	2825
4908	3428
3438	6263
5317	3408
3736	3490
5567	3362
5164	3170
5310	3286
3990	3258
6055	3063
6758	3086
4883	2424
4276	5334
5124	2779
4305	3265
4461	2498
5297	3553
5966	3093
5350	3359
4865	3482
5459	2314
4299	3330
5168	2305
4741	3469
5246	3293
5420	2494
5604	3009
3669	3070
5929	3095
4484	2758
5296	3072
4227	3336
6042	3471
3835	3153
4671	3379
4046	3322
3869	5635
4114	2430
4848	2977
6146	3240
3378	3413
4137	2878
4528	2600
5073	2517
6221	2994
7192	3088
4835	3404
6543	3354
5264	2778
4913	2761
4000	3295
4677	3224
4485	3283
6101	3295
6126	2783
5437	2977
3740	3349
5136	3176
5124	3246
4032	2789
4800	3593
4182	3173
3839	9141
6161	3758
4015	3406
4528	3277
3968	3015
4311	2882
5378	3277
5736	3059
2891	3515
3747	3402
5743	3269
4448	3400
4481	2708
5108	3379
2597	3320
4384	3331
6118	2733
4739	2645
5518	2486
5187	2067
5327	3111
4688	2988
4064	2975
4112	3162
4764	3203
4721	3161
3066	3168
5779	2616
5297	1925
3659	3512
5263	2736
4027	3556
3176	6688
5123	3199
5919	3376
4697	3249
4783	3239
4241	3473
4830	2916
2584	2652
4887	3400
5387	3166
6935	3352
4673	3525
3196	3329
4709	3263
3694	3683
5582	3118
5126	2331
4603	3188
4807	3301
4948	3160
4931	3245
3476	3515
5594	3071
5002	3346
4104	3404
4486	3030
3953	2673
3956	3232
4300	3290
4284	3176
5624	2572
4808	2850
2490	3727
4632	3444
4781	3078
4245	3046
2972	8858
5810	3288
4734	2916
3037	3033
5157	3191
5867	3181
5648	3345
4201	3329
6202	2742
4614	3452
5435	3061
3951	3276
4742	7467
4401	3352
6162	2705
5071	2255
4917	3421
5639	3237
4918	3246
5223	2104
5975	3484
4404	3220
4099	2854
4318	3115
4772	3209
3859	3212
5128	2788
2088	7761
6122	3193
5917	2614
3496	3843
4593	3075
4925	2923
5349	3092
4946	3124
4239	3105
6042	3411
4109	1575
4554	3342
4623	3209
5899	2767
3188	3459
5206	3283
6025	2552
4191	2611
5878	3413
4536	3405
5776	3480
4811	3125
5052	3560
5279	3416
5517	3430
4482	3291
5143	3152
4245	3502
3141	3013
6866	3212
2314	8346
2862	3124
4561	3360
4782	2404
5126	2843
5207	3429
5943	3310
4255	3276
5510	3020
4461	3484
5327	3588
3154	3082
2937	3557
6688	2949
5250	2486
2336	8769
4980	3547
5096	3562
5243	3343
5118	2756
3898	3179
4804	3329
3037	9433
3907	3300
1730	8368
5589	3042
5295	3420
5681	2875
5443	2769
3407	3124
4818	3473
7456	3338
4924	3875
4121	3324
2615	3328
6117	3190
2859	7858
4318	3261
3532	3343
5271	3231
5163	3407
3764	3416
5205	3381
4974	3509
6353	2462
1230	6851
3432	3237
4813	2846
4732	3656
3533	3125
4763	3422
4010	2625
4981	3066
4516	2493
4708	3613
3356	2674
4006	3272
5712	3374
5415	3160
3999	3499
5048	3308
3657	3411
2877	2338
4073	3660
2979	3185
7182	3066
6335	2995
2968	3063
4754	3193
4615	3365
4405	2906
2917	4939
3893	3587
3962	3042
5005	3321
4674	3191
5585	2763
2321	8381
5413	3529
5279	3179
5095	2994
4757	2856
4855	3351
3945	3169
2639	2908
6561	3554
5164	2868
5841	3310
4842	3096
3369	2906
6325	2938
5199	2887
4064	3410
3287	3088
5302	3466
2385	3929
5277	3541
4035	2547
4487	2949
4742	2952
2636	3167
4787	3050
4231	2794
4724	3271
4947	3254
4971	3250
4195	3178
2381	3004
4753	3269
4340	2880
6218	2604
4698	2795
4054	3365
5660	3204
3293	2637
4913	3176
4556	3090
4303	3546
4334	2984
4017	2883
5804	3575
6177	2878
4871	3399
4606	3314
4977	2884
5453	2669
5103	3021
4145	2826
3459	5949
5344	3204
4447	3532
6198	3229
5960	3333
4370	3385
5492	3159
4579	3422
4918	3345
4852	3031
1542	8610
4487	3077
4631	3128
4427	3100
5342	3363
4356	4638
5325	3081
5773	2629
5815	3339
4939	3247
5518	3419
5248	3337
5036	2937
4157	3109
4791	3398
3262	6415
3998	2889
5639	3233
4865	3050
6099	2955
5177	3131
5836	3312
4377	3210
4961	3520
4536	3257
3628	3215
3999	3381
3694	3422
4642	3346
4235	2741
4897	3354
3059	3227
2516	3693
4745	2956
4352	3194
2904	2975
2881	3320
5130	3227
4615	2601
4466	3346
4239	2772
4383	2784
4835	2780
2327	7632
4944	3066
5920	2218
3647	3421
4428	3267
7451	3309
3804	7180
4517	3393
5148	2689
4601	3441
5516	3401
4292	3147
4311	3158
4387	2515
5554	3185
5263	3099
4763	2957
5366	3057
4979	2895
5731	2911
4835	3287
4351	2992
4755	2279
5310	2668
4566	3365
5975	3363
4168	3371
4713	2531
4730	3555
5715	3276
5162	2754
5120	3305
5621	2963
5587	3331
4086	3307
4090	3313
5551	2976
4847	2750
5304	2422
2941	3038
2164	2855
5453	3893
3879	3166
5355	2314
4822	2867
4264	4014
5407	3236
3492	2755
3187	3711
5615	3457
4802	2570
3755	3099
5144	3308
4560	3197
4281	2736
4813	2864
4095	8281
3914	3261
2315	8029
3319	3226
4344	3229
4777	3031
4073	3503
6218	3535
5235	3034
5629	3130
7389	1983
5590	3460
3874	2963
3712	2936
6645	2690
8482	2318
4234	2386
4443	3399
4517	3072
4649	3450
5504	2902
4280	3408
4935	3136
4284	3209
4367	3540
5051	3112
4217	3138
4399	2831
4256	3638
5498	3064
6796	3250
2203	8105
5718	2951
4206	3028
4916	3143
5453	3023
2519	2244
4045	3518
5871	2699
4131	3103
4788	3391
4986	2937
5326	3193
4664	3079
3897	3267
5300	3428
9999	3401
4051	3171
4579	3247
5503	3539
4563	3037
3427	5687
2696	9698
4766	3301
5040	3029
4970	2698
4696	3468
4921	2911
4878	3538
4562	3287
5597	3093
4325	3171
4542	2888
4631	3135
3525	3463
4572	2877
5706	2518
5886	2803
4776	3379
4047	3365
5191	3605
6606	3744
5278	3295
4825	3722
5514	3140
6917	2935
4568	3592
1654	7346
3928	2744
5936	3607
4989	3219
5161	3120
3540	3378
2362	9672
4249	2881
6197	3287
3818	2853
2672	2873
4164	7483
4627	3177
6159	3352
6751	3200
5495	3049
5489	3359
5093	2865
6887	3311
4132	3367
4313	3561
3017	8179
5156	3359
4797	3324
2745	8243
4630	2944
3940	2940
5632	3327
4826	3497
4768	3009
4992	3594
4584	5232
5156	3189
5261	3397
3574	3194
4863	2781
4773	3379
5168	3370
6502	2658
2011	8137
4171	8587
5088	3072
4347	3046
6065	3300
5111	3094
4022	3303
5759	3112
3338	3436
5649	3310
4820	2435
4075	3463
5306	3079
4231	2494
5113	3441
4073	5542
1773	8427
4547	3325
5813	2809
5745	3356
6188	2910
4543	3062
5524	2876
5101	3033
4606	2205
4282	2943
5911	3022
4454	2951
4754	3519
4632	2498
5123	3117
4292	3172
4828	3183
4556	4678
4380	2927
2751	8359
6079	3271
4420	3566
5604	2857
4655	2658
5387	3325
3795	1983
3861	2565
4834	2471
4242	3149
4327	2930
4841	3579
6966	3112
4626	3309
5057	3252
4570	3246
5217	3279
5590	2104
4476	3568
4121	8641
4246	6457
4684	3227
4564	3261
4260	3165
5245	3188
4633	3125
4178	3175
5497	3447
2992	3614
5364	3258
3757	3098
2957	7895
4775	2936
4582	3451
3528	3429
4400	3461
6247	3207
4993	3101
4315	3150
2884	7201
5427	3564
4262	3150
4880	3265
5576	3507
4616	3468
5833	3574
4040	3146
4759	3097
5110	3173
4501	5414
4592	2742
5207	3727
4983	2686
4481	2795
3768	2862
4791	2819
5074	2614
5211	3477
4232	2706
5220	3423
5540	3021
4814	2611
5167	2911
5255	2703
3948	3008
3822	3193
3382	3494
4359	3218
5112	3263
5012	3547
4990	3543
4695	2375
4388	3341
4634	3264
5978	3782
2670	7544
5087	3045
3728	3407
4459	2496
3381	3291
2001	7920
5444	2873
4762	3327
4546	3507
5760	3094
5377	3573
4613	2418
3887	2866
6349	2783
3747	3105
4513	3598
4352	2630
4931	4183
3700	3443
4570	3099
2695	3201
5887	3342
3852	4953
2221	8951
5478	3003
4104	3320
5111	2793
5090	3435
4801	2794
2961	7831
5577	3691
3878	3317
4549	3434
5177	3127
4482	3664
5383	3425
2943	9101
4110	3007
3676	7058
4134	2854
4789	3179
5250	2646
2390	8247
7946	3773
4064	4092
4204	3222
4884	2958
4684	3087
3496	3078
6373	3259
5497	1784
5087	3352
3937	3100
2927	7413
4755	3343
4754	2949
4145	4303
3056	8454
2375	7833
5563	3233
4028	2928
3679	3541
4058	7677
5233	3082
4790	4883
6323	3048
6170	2743
4469	3021
4089	2982
1611	7336
5224	3260
2425	3209
4633	3423
4137	2624
4643	3117
5147	3316
2122	7820
5255	3408
5119	3130
4814	3270
4570	3544
5175	3259
3177	2582
5596	2947
4150	3175
5214	2808
4231	3084
4255	3407
3188	2658
6140	2514
3448	2414
4010	2402
5930	2336
4559	3039
3417	3031
4376	3039
3997	4562
5698	3263
2371	8810
4342	3354
3514	3192
4554	2923
5237	3270
4741	2540
3339	3208
4645	3371
2118	3279
4874	3383
1379	7687
5175	3531
7556	3073
5021	3184
6043	3151
5978	5086
4405	3282
3992	6740
5879	2638
4731	3619
4749	3217
4845	2990
4568	2844
4352	2948
5708	3310
3601	3626
5835	3260
4593	2640
5304	3358
5346	3527
3952	3419
2359	2743
3737	3588
3042	3613
4576	3300
2711	2853
6447	3029
6207	3123
5768	3596
3938	3264
3594	3242
5138	3069
5210	3334
3729	3300
3619	3466
5537	2758
4614	2985
3377	2893
5409	3405
5198	3173
4917	3499
4761	3238
2739	2253
5349	2743
5779	3408
5486	3104
5195	3461
3087	8171
5147	3323
4231	2762
4789	3308
4587	2879
4221	3290
7374	3050
3020	3175
5328	3014
4469	3344
5575	2774
3978	2893
3000	2559
4912	3081
4225	3251
5326	2943
6495	2991
4906	3399
4845	3300
5353	2649
4366	2695
4762	4044
5989	3195
5466	3361
3654	5378
4904	3531
4555	3001
4694	3213
2421	8502
4423	3795
4553	2949
4961	3325
5050	3194
4625	2981
5423	3461
2576	8965
5210	3359
1701	8456
5453	3060
4545	2840
5218	3418
3487	3265
3400	2475
5668	3156
3417	3255
3770	3567
4192	3097
4476	3069
5906	3100
4309	3063
5076	3048
4693	3036
5739	2890
4962	2899
3492	2572
3092	8173
1767	8515
5014	3541
3898	2850
4888	3050
6154	2502
4045	2763
4908	3235
2687	3237
6200	3472
4241	2450
4072	2784
5295	3542
2255	8206
4696	3148
5664	3075
4415	2677
6146	2931
5449	3097
5537	3262
4217	3446
4642	3578
2604	3335
4283	3532
6358	2151
4616	3445
4997	3525
3507	3149
5630	3110
5426	2679
5570	3254
4735	2770
4193	3362
4837	3706
4770	3344
6386	3267
2380	3225
4664	3336
3430	3384
5236	3290
4727	6480
6309	2480
5630	3211
5846	2968
4661	3137
1998	7365
4594	3508
3071	8130
2701	3035
4118	5847
4633	2347
5165	2617
5489	3148
