7605	22
6541	0
5663	52
5664	0
7045	1
6164	36
5150	0
5564	1
6810	126
5362	0
6020	5
4868	20
6615	1
6287	0
5216	178
6608	1
5941	9
5881	0
5631	0
7165	45
6350	2
5571	7
7173	2
6320	1
6516	103
8014	0
6072	1
6098	2
4279	14
6879	0
6523	1
5973	25
5958	1
4890	0
5561	1
7675	19
5552	13
6147	4
6247	2
8118	1
5028	1
6380	0
5417	0
7313	1
4513	0
8389	0
6255	5
7357	0
4908	0
6823	0
5652	3
5904	9
5602	0
8341	0
5185	9998
4480	5
8177	0
4763	2
4744	0
5754	0
6515	24
6617	1
7484	2
7039	101
7475	24
5663	0
6619	0
4676	1
5308	1
6026	0
5522	0
6628	1
6718	97
6366	0
4857	2
5215	1
6404	1
6405	0
6345	37
6025	4
6389	0
6268	1
6587	0
4654	1
5428	28
7048	33
6559	0
6408	0
8539	1
6638	1
6280	53
6168	0
5369	45
4093	0
5971	0
4953	0
6086	6
5497	2
8013	20
4275	0
7336	46
5617	7
5625	0
5927	1
6011	28
7275	1
7008	1
5271	0
5452	0
7076	9
5203	9998
7213	3
5490	1
6089	1
5669	0
2655	1
8093	0
9138	2
6921	305
5825	20
5881	0
5727	62
5790	0
6543	0
4062	1
5856	2
6171	0
5689	0
5295	0
5875	38
5627	13
6754	1
5764	4
6501	6
5647	0
5135	83
4883	5
5924	0
5110	309
6259	0
5957	1
6331	0
6324	5
5575	61
5352	0
6034	223
3933	160
5668	0
5993	98
3788	1
6023	48
6724	0
6012	1
7779	1
4345	50
7288	116
5981	5
7528	0
5527	3
6881	1
7593	0
5691	3
4796	14
5734	5
7690	6
7338	1
5018	0
4998	36
5471	17
5526	0
6123	10
6515	17
9157	61
7340	0
6569	3
6210	40
4354	1
5817	0
4050	1
4733	0
6797	0
5253	1
7519	0
6618	1
8066	5
5120	2
5231	2
5604	0
8322	0
6082	0
6999	10
6415	16
6097	1
6532	1
6267	1
5738	0
5734	0
5883	0
8280	0
5297	1
6664	0
6183	0
5337	12
6063	48
5990	1
4555	48
6885	13
5986	1
6695	0
5272	159
6184	15
9144	8
5916	1
8195	51
6482	2
5241	1
5063	0
4877	15
4515	403
5450	36
8702	0
6996	18
5176	0
5495	0
5393	5
5725	6
5962	23
4892	0
7938	1
5397	1
6273	0
6477	1
5820	0
6500	17
6076	0
4857	49
6281	1
5897	0
4990	5
6360	67
7152	31
6315	2
5765	0
5585	161
6611	84
4826	1
4566	0
4346	0
5591	3
6476	1
6647	2
6546	0
3480	92
6450	5
5633	41
5720	1
6260	49
6204	13
5409	0
5011	0
6237	52
6705	0
7234	8
6497	2
5999	32
6884	1
5418	0
7797	22
4628	0
4991	0
7640	2
6513	0
8512	0
5561	1
6315	0
8068	84
6066	3
5427	1
7119	0
7715	0
5876	7
5875	0
6284	81
6949	111
6908	0
8466	0
9448	1
5871	25
5795	0
5126	1
5300	17
6420	0
6885	11
5889	49
5945	7
6477	0
4696	72
7675	3
6934	0
5722	4
6073	0
6206	0
5716	0
5725	175
5906	0
6129	0
4505	1
5866	74
6133	0
5173	3
6702	1
5895	1
5975	1
3927	0
5534	0
4065	0
6160	0
5295	1
5376	69
5190	0
5967	2
8088	0
6949	1
5773	5
6052	26
5407	0
6731	1
6448	1
4915	1
5603	1
6131	0
5707	22
5455	230
6730	0
5065	4
5998	0
5786	94
5601	0
0	0
5658	0
5798	10
8055	0
4935	1
6672	199
5905	0
5941	0
5881	98
6818	0
5645	1
6009	0
4906	1
6359	1
5914	7
7022	1
6054	6
6715	4
5926	6
6056	0
5746	0
4346	1
6130	13
4724	1
6369	0
5310	1
6163	1
6410	0
7142	2
5576	147
5937	0
5518	1
6008	1
5230	0
5537	4
5902	76
5745	2
5385	20
7148	3
8123	2
7550	0
7718	0
5432	1
5353	40
5759	0
6252	0
6915	2
6249	0
6378	1
7050	0
8091	25
5400	1
6845	12
5857	1
7073	0
5650	27
5287	0
5313	1
5006	3
5735	39
9999	0
6579	1
7092	1
5584	0
7123	1
7140	0
5781	0
4973	2
6737	120
9051	1
5536	171
7691	34
5627	1
5985	2
4388	0
5722	11
7260	52
7457	0
6742	6
6918	17
6628	1
5729	147
6388	3
7050	0
4837	2
8392	0
6294	6
5186	136
5317	1
5582	0
3555	1
5162	7
5313	15
7017	0
5188	19
7294	3
5204	10
6264	0
6485	0
5004	21
4914	156
5271	200
6065	89
7475	17
5608	0
6106	0
6024	3
6351	0
4900	2
6465	0
5666	1
4463	1
6115	0
6169	4
7662	2
6119	0
5348	218
6560	20
5680	2
5686	35
5496	6
6449	0
7232	0
5298	1
6031	2
7533	1
6914	2
7649	67
7656	75
6375	1
4957	9998
5241	1
5332	0
5941	1
4014	8
5686	9
5613	1
6297	21
7123	0
5491	0
6488	0
7922	0
6294	343
6185	1
7788	0
5698	0
5706	0
7004	0
7124	1
4949	1
6158	61
4811	1
5431	0
5447	2
6513	10
6175	0
6064	0
6861	2
7177	0
6546	29
7216	0
5586	0
6310	19
4938	0
7040	0
5639	2
5962	5
6132	6
7924	32
7068	0
6399	257
6118	0
5108	0
6157	0
5217	1
5928	0
6940	0
8230	0
6118	1
4255	1
5190	1
6675	2
5415	0
6556	41
5884	47
6831	0
5733	3
8356	0
6272	0
6990	0
6893	16
5264	29
4776	1
6413	0
5326	0
4826	0
7162	0
5900	4
6606	65
4518	1
7198	29
5230	17
5188	1
5880	0
6450	119
4521	4
7038	2
6707	50
6684	86
5979	1
5377	0
6128	31
7896	0
7284	1
5612	11
5942	11
6215	2
7498	0
6223	2
6310	0
6758	1
6589	1
6872	0
5403	0
3601	0
6054	0
6497	0
5968	18
5306	0
5922	0
7234	0
6698	11
4668	3
5580	0
5809	0
6463	0
6234	0
6877	0
5657	0
7471	1
5698	0
4792	23
5627	12
5394	0
6250	19
7867	1
6696	80
4928	1
5820	4
6850	2
5292	57
6784	13
5591	2
7418	197
5681	0
7741	6
6832	137
5865	2
5842	9
6366	0
6076	2
6100	0
8942	0
6052	1
5694	6
6407	2
7289	10
5327	9
5317	0
5973	116
5638	2
5984	1
5673	0
6522	1
6300	114
5264	12
7716	4
7098	18
5861	2
7839	0
6295	17
6868	0
5938	0
5649	80
6110	86
5845	1
5161	12
5036	43
5167	2
6312	0
5376	0
5746	11
4824	0
8271	4
5572	121
5178	2
5950	30
6372	153
4964	233
5683	15
6324	0
5246	0
6917	535
5663	3
5806	0
6909	0
5518	3
6003	1
6154	13
6355	0
6547	0
6016	3
5688	15
5548	0
7686	1
6956	1
5846	72
7994	1
5014	6
4910	0
6553	1
4534	1
5662	4
6920	0
4717	78
6281	24
5865	2
4804	86
7421	19
6398	9
5117	32
6096	191
5442	0
5880	0
6532	180
5105	0
6006	0
5396	32
6033	28
5293	0
8155	1
5560	115
5103	0
8344	274
5087	0
7235	38
5923	4
6023	0
6120	2
6391	0
4916	122
4977	23
7705	32
5145	0
5210	2
6588	6
6718	2
4808	0
5286	0
5858	0
6072	2
7215	0
5616	0
5517	0
5792	1
5903	0
5347	6
6382	1
5928	63
5435	8
6345	17
6332	20
6150	99
6013	91
5426	15
5994	0
6614	0
5563	9
6352	7
5744	133
7737	9999
7622	1
6654	9
6181	0
7066	60
6473	1
6211	8
6168	0
6823	1
6472	1
6782	2
7222	0
5827	3
5319	0
6106	1
5571	30
6185	0
6620	51
5745	0
5432	0
8707	8
7153	0
7129	0
7159	0
7268	2
6306	0
6415	0
7652	6
6437	303
6683	3
5541	0
5811	14
6740	0
6956	26
5967	1
7715	3
4826	26
6562	2
4555	0
4966	320
6916	1
6799	104
4833	1
5198	1
6689	0
6065	0
5523	2
5884	1
5674	4
8186	3
5791	1
5313	13
7776	0
5250	0
7769	0
7165	21
6628	0
6713	1
7346	0
5844	1
5574	249
5096	1
7898	0
6082	3
7378	7
5489	0
5989	1
6802	1
4629	3
6187	5
6621	1
6416	1
8374	0
6452	0
5909	1
6628	0
5754	66
4720	0
7352	5
6646	50
7002	6
4825	0
5925	11
6447	8
5913	0
7010	0
9557	9998
6144	3
6962	17
4723	0
6172	0
4183	90
4787	0
7613	8
7295	46
4542	0
5227	0
3697	0
5109	2
5505	2
5615	0
6739	0
5109	0
6283	0
6239	1
4382	12
5580	1
3599	1
6252	0
6590	0
6590	0
5178	15
5845	3
6548	97
5393	0
6423	2
6852	1
8467	1
5377	0
5461	0
6703	1
5790	0
6670	1
5449	189
5996	15
5598	1
6339	3
5366	13
6942	1
6236	0
5324	0
6292	2
6303	0
7601	18
5999	0
4383	0
3986	3
5841	11
5922	20
6132	3
6215	30
6832	0
6739	1
5495	81
7693	1
5901	2
7043	62
5912	0
6589	184
6797	0
6785	5
4541	0
5706	28
5563	296
5477	0
5313	293
5434	0
5424	0
6711	92
6362	136
5180	1
6604	1
5303	74
5738	7
4985	0
6805	1
6365	4
7405	0
7207	0
7348	4
7897	1
5742	23
5988	3
4927	46
4908	24
5847	2
5720	4
7171	1
4742	0
6835	0
5687	0
5199	1
6368	1
6433	4
6104	4
6833	28
4869	0
6966	75
8509	0
7261	0
5217	38
6687	0
6287	3
4895	0
6061	70
6024	0
6452	207
4834	3
5386	0
6850	0
5778	0
7130	1
6098	0
6084	4
7171	1
4970	1
5343	0
6333	92
6377	0
5424	0
5796	0
5653	0
5537	0
7532	1
6926	2
5018	6
5920	7
6755	0
5768	0
5299	1
5813	6
6184	71
6383	0
7082	0
5588	1
5260	0
6394	11
7321	0
6864	6
6096	15
6663	0
5826	4
5607	0
6043	0
5485	0
7151	25
7568	0
5929	2
5512	3
7401	1
5884	0
6805	95
5696	0
5967	0
5644	1
5345	2
6016	0
6068	99
5887	23
6228	258
7477	0
5198	1
5726	1
6245	0
5198	1
5691	0
6148	1
6574	28
3178	0
5208	0
5194	0
6832	0
5749	0
6010	0
5890	19
6121	0
4603	6
6697	73
5410	0
4798	0
5664	0
6120	0
5628	202
4870	0
7388	19
5948	0
4102	28
5707	11
6008	0
6391	1
6342	0
6228	0
5446	1
6158	0
6721	0
6262	0
6214	1
5791	1
6327	271
6617	209
4869	0
6154	1
6703	1
7098	0
4829	13
6905	0
6360	0
7054	1
4789	0
6067	0
5855	0
6612	0
5831	0
5936	0
9009	1
5872	25
7457	0
8205	9998
5355	1
4930	1
6806	1
5402	0
4415	0
5216	0
7267	11
5886	2
5632	1
6401	0
5713	0
5724	1
5849	33
5963	2
5856	0
7382	3
5483	17
5113	0
5826	27
6365	1
5430	0
5229	0
5494	2
5883	12
6904	0
6110	23
5823	0
6454	3
6369	0
6638	4
5599	0
4927	0
6003	4
5684	1
6079	0
6505	2
5782	1
6245	25
5885	3
6563	0
5974	15
6950	1
5392	0
5801	2
4781	45
5559	0
4696	2
4907	1
6799	81
8729	105
5983	0
6011	0
5023	0
6717	0
5788	0
6719	0
5859	0
5590	0
5588	0
5826	0
5941	90
5656	2
5851	1
5064	0
5661	9998
6447	0
5624	2
6853	1
4794	2
3833	1
6606	0
5439	3
5218	0
6686	143
6250	1
