4868	9185
4373	8688
3862	7807
5555	8661
4666	9185
4695	8943
3382	9185
5083	7807
3885	8664
5483	8708
4534	9185
6367	6896
4243	7864
5802	5134
4713	7735
3867	9185
4478	9185
4907	7404
4516	9753
5846	8282
4719	5134
5613	9834
4436	6555
4745	7404
4613	8943
5335	8494
4211	7807
4241	9834
7315	7404
4055	9834
5930	9753
4690	9185
4295	9185
4403	8943
5474	6268
4577	7404
4196	9185
4466	9834
5046	7807
4104	7807
5667	9834
5292	5134
5136	5134
5314	9834
5814	6970
5165	9753
5852	8930
3997	8315
5495	8015
3531	7971
5863	9185
4266	9834
5106	8943
7061	9753
5139	7650
3713	7616
5050	6535
4663	8045
4532	6298
4238	9834
5613	8943
4265	6177
4630	9834
4166	7807
5640	9185
5332	8943
5086	6384
4198	8943
5497	8943
6056	8943
5976	8943
4247	9753
4802	9834
5553	6890
6272	6596
5738	6703
5712	5962
4313	9753
4315	9753
3506	7807
3819	7807
4400	7807
5950	9834
4588	9185
4594	7404
3564	9185
4481	9834
4274	7771
8119	5134
4329	9185
5943	8943
4980	9753
4764	7761
4047	8496
3928	7815
6691	9185
4639	8943
4449	5982
5487	9834
5467	9185
5189	8943
3997	8943
5115	7404
4663	7118
2852	7589
4343	9753
4302	5946
4201	7404
4385	9753
4583	8943
5497	9185
5342	5134
5787	8943
5244	8943
5678	5134
2198	9834
4805	8943
4369	9230
3671	9834
5400	2136
5787	7807
5311	5699
4964	7687
4497	8940
3818	7807
4933	7283
5162	5134
4544	6515
5231	9185
4604	8832
5576	9834
4930	9753
4880	7404
4339	8943
4231	7807
4045	9185
5474	8431
4580	9834
5294	9834
4398	9185
4241	9753
4539	5327
6063	9834
4513	8480
4476	7945
5295	9753
6451	7807
3892	9834
5894	9753
5542	8943
5372	9753
3171	9185
5413	9834
5644	7404
3966	8943
3708	8943
4029	9185
3759	5523
4579	5699
5511	9834
5572	8943
5193	7486
6072	7404
5077	6580
4819	9753
3602	8185
5687	8943
4451	6964
5700	9834
5072	9753
5617	8279
5790	9185
4378	9834
4729	9185
5678	8943
2285	7353
2710	9185
4626	7404
4865	9834
5754	7700
4006	7807
4737	6881
5019	8996
4241	7807
5274	9753
4447	7602
5093	9180
4731	7404
5381	9753
3807	9834
3426	9185
4703	9834
7682	8943
5569	9753
4027	9834
5181	9753
4984	7558
4086	7807
6277	5134
4415	9185
4988	9753
6333	7054
3329	8943
3318	5699
6043	7117
4593	7820
4143	7807
7096	9834
3774	8943
5768	7404
5530	8518
4387	8943
5582	9753
5002	9185
7352	8943
4925	7126
4368	9185
4719	9834
3485	9834
5773	9753
5356	9185
7268	8943
6385	7404
4627	9753
4841	8943
4997	8943
7556	8943
4473	9185
5836	9834
4199	9753
5639	7594
5626	7807
4447	9753
5767	9834
5267	2136
3636	9185
4355	7211
4590	9185
2941	7807
5005	9753
4492	7807
5255	7987
4314	7807
6784	2136
6263	6310
5055	8469
3843	9185
5713	8943
6082	9753
5330	9834
5026	9834
4253	9834
4669	7807
7437	5134
4616	8755
4298	7256
6014	4009
4454	9834
6638	5134
4751	9834
6570	9753
4812	9753
4423	9185
4384	7735
6731	9834
3918	7807
5202	8943
5513	6434
6091	7240
5046	9185
3554	7807
6321	8943
4736	9185
4770	8943
5228	9185
5971	9185
3813	7807
4804	9834
5349	9185
5102	6153
6367	7807
5147	7404
4725	9834
4798	7807
5650	8943
4396	7807
2777	7807
5122	7033
5120	9185
4008	9834
4148	7807
4644	7646
5562	9834
3679	9753
5860	8360
5413	8503
4007	7734
4376	7807
3727	9753
4482	9753
4966	9185
5732	9834
4399	9834
6101	8943
5426	7965
5352	9753
6306	7404
5702	7960
5485	7822
5475	9753
4306	9834
6610	9834
5960	5134
4210	6190
4823	8221
3847	9185
4607	8943
3975	8206
5941	7404
4677	7807
4737	7404
4217	7896
4981	9834
4806	8943
5112	9753
3702	7534
2909	9834
6116	7404
5274	9753
3389	7807
4677	3489
4846	9834
3757	7807
5133	8943
3869	7807
4915	9753
5912	7404
3914	8786
4579	9834
5087	9834
4233	8245
4816	7279
4329	9753
4732	9185
6035	8943
4355	7807
4595	7807
5820	8943
5894	9753
5026	7404
7044	9753
2893	7807
5258	7404
4376	9185
4738	9753
5766	8943
4452	8047
4690	9753
5089	9753
4910	6804
4654	7197
5647	2966
4616	9834
3738	8943
4117	9834
5355	9753
3943	7807
4762	9753
5388	7404
5156	9753
5614	7404
4340	6661
5175	8943
4456	8317
4764	8943
4747	7404
3828	9753
3765	9753
4784	9753
3836	8257
4979	5699
4676	7404
5236	9185
4421	9753
4365	9185
5666	8943
5151	8943
4875	9834
4040	5699
5240	8943
4591	8943
4795	9753
4831	8943
4596	7673
5220	9834
4833	9834
3804	8070
4255	7807
4301	9834
4542	9185
3789	8327
4203	7404
5927	7404
5705	7404
4031	7807
4177	8143
4143	8063
5852	9185
3768	9753
6598	9185
5214	9753
4136	9185
4528	7238
6621	4926
3532	7777
4954	9185
4429	9834
3515	9834
5604	8474
5343	9753
5181	9753
5032	9834
6184	9753
6028	7807
4944	7807
5517	8943
4364	9753
5752	7807
4219	9185
5141	9753
4924	5928
4566	9834
6255	7404
5666	8590
3569	9753
3178	9753
5436	8943
4686	9834
6677	3601
3731	7767
4583	9185
3902	7807
6375	9834
4840	8943
4020	9185
4588	9185
5059	8943
5415	5134
5846	9185
5451	7807
8217	8535
6783	8115
4120	9834
4676	8318
3901	8834
4868	9753
4383	7649
4623	7807
4002	5134
3625	7807
4833	9185
4527	9185
5132	7404
5088	8943
4374	7114
3574	9185
6105	9834
3792	8636
4692	9753
3877	9753
4405	7807
6143	6293
5619	8943
4767	7807
4385	9753
5545	9185
3071	7374
4479	8943
5137	7945
5325	9185
3864	7807
5239	7357
4303	9185
3412	9834
3943	7807
3626	9185
6021	8542
3641	9753
6033	8943
5102	9204
5508	9185
5808	7404
4614	5134
4750	6455
3549	9834
6984	7404
3991	9185
4347	2136
4540	5911
5546	7415
5918	6581
4383	8564
4413	2136
3569	5699
5121	9185
4633	9753
6500	7404
3784	9185
4466	8340
5102	7404
5735	8943
5251	3471
3970	9753
6842	5615
4312	6549
4615	9753
5424	9185
5249	5134
4752	7709
3983	9185
5552	8238
5127	9185
3619	6972
3688	7807
5127	7807
2447	9753
5024	6684
4286	7404
4623	9753
6813	7404
4172	9834
4118	5677
4136	5699
3845	9753
5218	8943
3376	9834
4629	5134
5792	8943
4249	9834
4307	9753
6003	9185
5740	8943
4274	9753
5642	9753
6622	8943
4239	7495
4275	8943
4780	7404
5942	9834
4003	8069
6253	5134
4430	9834
5118	9834
5622	9834
4843	9834
5574	7404
5336	8218
4146	8943
6171	9185
3841	9753
4266	7807
4058	9753
4245	5699
4475	6679
6183	8073
4738	9753
5418	7404
4172	9834
5580	9753
4677	9834
6082	9834
5909	5134
5450	7404
4721	7807
3925	9834
3913	8442
3992	7861
5934	9753
4488	7404
4532	7807
5202	7921
6112	8943
5120	8412
3795	9185
4701	7127
6795	7404
5780	8124
5494	7404
4682	9834
3520	9185
4500	9185
6250	8943
5833	8489
6467	3569
4439	9185
6100	7385
5443	8384
5355	7404
4140	9185
3999	6021
5009	9185
6344	5134
4806	7998
6390	7194
3867	7807
5362	8943
5170	9185
4402	8102
3401	8943
4648	8117
4814	9185
4230	8943
4297	8537
5275	9185
6180	9753
6494	9185
4192	9185
4379	9753
4527	9834
3954	7533
4573	9185
4818	9185
4654	4624
3266	9185
3966	8943
5083	7404
6034	2857
4410	7807
5132	7404
4511	9185
4115	9834
3217	7807
4302	9834
4260	9834
4918	9185
4695	9834
4879	7525
5164	5134
4693	9753
5355	8943
4481	9095
3627	7807
5918	9753
5030	5134
5303	9185
7122	6017
5211	8920
4068	9185
6029	9834
3224	9834
4562	6369
5028	9298
6070	5373
6914	5134
5189	3647
6573	9185
6401	9753
3850	9185
5147	9753
4504	7807
4651	7807
6342	6586
5509	9834
5932	7404
3999	8943
3477	9834
4107	8207
4360	9834
5885	5134
3366	8230
4927	7404
6276	5134
4678	3623
5429	7404
4006	9185
5246	9753
3534	9834
5267	7404
4584	7404
6628	7404
5162	8657
4008	8293
4034	7886
4471	9185
4239	9185
5059	4642
4257	9834
5211	8943
5930	9753
3461	9185
5627	7807
6098	9834
4114	9753
5070	7404
4491	9753
4525	9185
4737	7983
4877	9185
4572	9185
6745	8943
4109	7807
4237	8057
5647	9753
4870	9753
4675	9185
5160	9753
4057	8943
4106	6621
4497	9834
4590	7404
4429	5972
4359	9185
4640	7404
4517	6113
4740	9834
4260	9834
4298	9834
3595	8943
3625	7807
4483	7807
4169	9185
4138	8256
4457	7807
6156	8943
4821	7807
4849	7404
4024	7807
7525	7404
5480	7922
3302	5699
3936	7807
3806	7807
4889	9834
6316	9753
6142	8188
4108	9834
3777	7404
4005	8596
4937	9834
4080	8943
6911	5866
5282	9753
4161	9834
4672	8768
5261	7404
4522	9185
4437	9834
5460	8943
5364	9185
3855	7547
5265	9753
4526	9753
4311	9834
4813	7807
5524	9753
4360	7404
5529	8332
5914	8943
5179	9185
4000	9185
4807	9753
4398	9834
4686	8514
4351	5699
3771	7807
4388	9185
3747	9834
4317	8638
4773	6488
4813	9753
4733	7404
3581	6906
4678	9753
5275	9185
3646	8400
4995	6990
5405	9834
5319	9185
5388	5134
5187	8943
3781	5699
3908	9834
5008	7312
5310	9753
6568	9834
5088	9753
3859	9185
5811	9185
3742	7807
4808	8943
4142	9753
4719	7807
5422	9753
4724	7769
4257	9185
4526	9834
4524	9185
4849	5134
5439	7404
4116	9834
3780	8943
5717	9753
3742	8943
5368	5134
6256	6113
4856	9185
7176	9753
4737	9834
4058	7641
5156	2136
4369	9185
4914	9753
3780	9834
3867	8943
6585	8943
4739	7807
5105	7404
5203	5134
3668	9185
6165	7858
5094	9834
4642	9834
5094	8943
4523	8544
4448	9834
5218	8943
4699	9834
4771	9834
3388	9753
9870	7139
4728	8876
5274	8943
4442	9185
4003	7807
4897	7404
6391	9753
4216	8943
4966	7159
5892	7404
4647	9834
4349	5699
4494	8816
7385	727
4646	9834
4823	8279
4087	9753
4184	9068
3962	9753
4841	5292
6138	7807
5508	9753
3885	9834
3739	7807
4338	7434
4676	7404
4770	9834
4692	9834
4926	8233
5102	9185
4393	7243
5154	9834
5068	9834
3422	8341
4683	9834
5261	5758
5262	8943
5808	9185
4325	9753
3592	7807
4998	8943
3270	7404
5209	7404
4244	9055
5417	9753
3883	7807
4748	9185
4945	5134
3791	7404
5085	8943
4704	9753
5437	5134
4119	9185
5778	6054
4193	9753
6154	9185
6988	4358
4966	9753
4445	8943
4148	7404
4687	9185
4124	7807
3362	6473
4605	9753
6255	9185
4434	8943
5155	7375
4389	9834
5184	8337
4866	9753
5378	9834
6149	9753
6606	9834
4481	8595
4953	8943
4471	8427
4084	9834
3783	7807
4202	8527
4884	7807
5673	5134
4371	8943
5290	9834
6191	7730
4228	9753
5013	9753
2819	7472
5311	7404
5205	9834
5335	5134
4917	7404
5234	8943
4227	7807
4925	9163
3842	9185
4795	8936
4164	9753
4622	9185
4628	8943
4790	9185
4674	9185
5451	9834
4463	8943
3265	7807
4140	5134
6174	8943
5521	9834
3966	9834
6168	8943
4247	8115
5030	7404
5046	9753
5507	9834
3866	9185
4118	9185
3931	8943
3926	9185
4749	7807
3357	7404
7575	7404
1874	8893
3673	7404
3976	8943
4564	7387
5042	9753
3973	7807
5157	6725
4334	9834
4677	7807
4097	9753
5258	3370
3332	7807
5040	7807
4351	9185
4678	7083
5578	9834
6055	7807
4747	6196
4381	5699
5612	9834
4830	6473
5003	7889
4683	9834
4195	7139
4743	9185
3583	9834
5620	9185
4543	8655
4980	7807
3927	9834
4686	9834
6049	5134
4248	8943
4203	7807
5539	7404
4475	7807
4104	9753
4354	9834
4651	7807
4403	7897
4471	6600
5194	5699
3354	9753
4869	7404
6047	9185
7469	7404
4794	7404
5501	9834
5804	9834
5946	9543
3499	9834
4701	7877
5892	7537
6073	8943
4435	9185
3995	9753
3831	7540
3669	8943
4980	9185
3986	7807
4296	8943
5812	5134
3812	7807
4160	9185
2401	7807
5105	9185
5297	7807
4645	8943
4774	9753
3805	7807
4533	9834
4897	5443
4844	9185
6270	7404
4466	8943
5682	7604
6073	9185
4517	9834
4229	5978
6070	9185
4683	9834
4547	8347
3654	7840
7018	9753
5222	9185
5843	5134
3756	7807
4483	9834
5187	9753
5590	6678
4464	7807
3582	9834
3711	7807
4184	9753
3969	7807
3477	9185
4418	7807
6595	9834
6765	8943
5659	5134
3633	6127
4369	9834
5054	9006
3996	3600
4227	6699
5819	5134
4168	9834
5108	6167
5620	7404
4721	9185
5405	5879
3887	8474
4413	9834
5460	7807
5107	8323
4426	9834
4787	8405
4701	6666
5197	8943
4835	5134
5762	9004
3288	7404
4228	9753
6749	7278
3556	9834
5312	9185
4093	7807
3152	7807
4627	9834
4004	9753
4856	5134
4521	9834
6163	9753
4692	8673
5772	9185
4904	7983
4422	6227
4039	9185
5775	8943
3686	9834
5677	9753
4630	9834
4744	8144
4330	9834
3776	9753
3910	3477
4112	9185
5397	8943
5166	7807
4078	7807
4575	9753
4438	9017
4889	7404
6354	5134
6115	7404
4370	6111
6329	8183
5175	7807
5524	5689
4933	6874
4346	9185
5005	7431
5054	8943
4016	7780
6259	5134
3139	9185
6214	8683
4845	7367
5729	9753
4817	9834
3247	9057
5034	8943
4274	9753
6981	9834
4935	9834
5687	9999
4440	7807
3404	9185
5247	5134
4182	9834
3960	7807
5457	3965
5161	7404
4164	9753
4765	8943
5503	9834
5518	9753
4659	9834
5441	7727
5208	7857
3994	9834
4394	9834
4907	8172
3913	5134
4511	8943
4169	7807
4988	9185
6818	7404
5156	9185
3845	9753
5314	8472
4191	6722
4964	9753
6393	7404
5377	9834
5963	8943
4689	9834
6551	7807
4385	8053
5338	8943
5033	9834
5708	8943
3847	8474
3767	9185
5776	7404
4040	9185
4655	9834
4275	9185
4950	9185
4504	9834
4323	9753
4112	9753
5060	6788
3830	8943
5511	9185
5300	7807
5742	5134
4897	7807
3864	9834
3804	9185
4047	9185
2913	9753
4000	7463
4520	2136
4032	9185
5611	9834
4524	5134
6450	9834
4627	6973
4892	9753
5045	8943
4365	9834
6877	9753
5420	9834
4046	6878
4435	7404
5575	9753
3534	8392
4641	9834
5386	9834
4436	9185
3460	7404
5172	7404
6269	9185
5030	9185
4205	8674
6535	9753
7315	9185
5477	8943
5034	7404
4890	8943
4398	9834
4777	9834
4426	8943
4571	9185
4196	9834
5988	7807
3947	8253
4362	8943
4137	9753
6031	9185
3394	9185
4745	9834
4323	9185
5004	5134
3373	8943
5298	9185
4507	8101
4279	9185
4411	7807
4002	9753
4042	9753
4497	9834
5072	5134
4287	7404
4287	9834
4537	9834
4964	9753
4777	9753
5371	9185
3657	9834
5144	8531
6110	9185
4103	9185
3139	9185
5876	8440
6289	5134
5374	8508
4070	7807
4119	9185
4793	5749
4663	9753
5143	9834
6217	8943
4015	9834
4048	8943
5107	9185
2720	7807
4899	9834
5436	9185
5477	8943
3765	9185
4307	8943
4440	3721
4395	6294
5364	7404
4375	9834
4816	7572
5465	9753
6011	7404
5148	8943
4512	7988
3777	7579
4643	7807
5124	9185
5511	8943
8861	7404
6560	9834
4301	9753
3595	8943
4647	7864
3342	7807
4900	8923
5468	8943
4833	9834
4410	9834
5814	7404
4739	9753
4101	9834
6212	8943
5965	9834
5120	7807
4278	9753
4036	6627
3684	9834
6674	5134
6500	5134
4398	7917
4445	7807
6003	8943
5017	9753
2112	9834
7518	7404
5097	9753
5863	8943
5388	5929
5222	6566
5398	8042
4170	9753
5106	9753
4261	7655
5832	7570
6054	7404
4917	9185
2872	5699
4893	7592
4334	9185
5909	2136
4655	9185
5585	7807
6712	9753
4837	6783
6075	7404
5385	9185
5742	9185
4513	9185
4434	8168
3723	9185
3373	7104
5304	8848
4849	9185
5159	9834
3511	9024
7080	5134
5036	9185
4613	7807
4745	9185
5342	9185
5420	2136
5283	9185
4418	7492
4776	8943
5016	8943
4658	9185
5195	7404
3924	9834
3691	7807
3667	9185
4255	7807
3852	9834
4205	7630
6167	9834
5085	8943
4625	9753
5014	7710
4973	8255
4887	7807
4410	7807
5059	7755
5228	8943
5326	9834
4578	7807
6318	7388
3959	9834
3846	8943
6719	5134
4413	8388
4354	9443
4088	9834
4029	8895
4316	9753
5151	9834
5205	7209
4654	6782
5950	9834
4190	9834
5598	8943
4946	9753
5342	7404
4970	9834
4858	7590
4901	6174
4809	8943
6135	8943
5456	9753
5383	9834
4369	7404
6156	5237
4982	5134
4737	9185
7418	7404
2519	8943
5708	7895
5294	9185
8586	7404
5101	9834
4222	9834
3691	9753
5317	9753
6406	8943
4328	9753
7194	9753
5335	6471
3098	7807
4000	9834
3779	9185
5543	9185
4027	7807
4950	7729
4272	9185
4426	9753
3696	8943
4631	9753
5339	7404
5605	9753
4877	9185
4077	9185
6484	8338
4182	8943
4099	5550
4993	8943
4345	9834
4334	9185
3642	7807
4186	8541
5498	8943
3736	7807
4585	9185
2959	6410
3637	6663
4457	9834
4348	9185
6896	8957
3653	7807
2887	6185
4453	8943
4459	6462
5404	7404
3939	9834
5793	7404
5432	5699
4805	9753
6380	7807
3999	9753
4165	7807
4562	8153
6360	7404
4567	5134
4896	9185
5002	9834
3661	6476
5129	365
5830	9185
5004	6123
4569	9834
4460	8943
6099	5134
4511	6665
6276	9753
4424	9040
4248	8954
2878	5699
4171	8943
4089	7280
4231	9834
4685	8750
4065	9753
5323	9753
5305	9753
5031	9834
4103	7807
4033	9834
4979	5699
4089	7557
4200	9834
3102	8030
4313	8943
4928	8364
4093	8668
3672	9185
5539	9753
4263	9834
5403	9834
5200	8943
3827	7715
4703	9185
3276	7807
6592	8943
4766	6650
4253	9241
4179	8943
4474	9834
4266	7173
4839	7546
5823	5134
5133	8943
4601	9185
5027	9834
5066	9185
5721	2136
4815	9834
3702	8608
5478	9185
5520	8943
4079	9185
6275	6757
4356	7183
4899	9185
5435	5134
4225	9185
5358	9834
3907	9753
3838	9185
4509	7404
5277	7404
7062	8943
4394	7807
5067	8943
5595	7404
2609	9834
5003	8943
3254	7623
4445	8943
6106	8943
5963	9185
4106	8943
4196	9753
4928	9834
4182	9185
5766	8943
4505	9185
4239	9185
5721	9834
4735	5826
3610	9185
4351	9185
4370	6039
2826	9232
3688	9185
5957	9753
4471	9185
3926	9834
2376	9185
3270	5699
5541	9753
4972	8943
5577	7990
4386	6385
4813	9753
5013	7661
3954	9834
4041	9185
2967	9753
4184	5980
3756	7807
6102	7807
3173	9185
4505	5699
4573	7404
3218	9753
5153	9185
4950	9185
4861	8943
5869	8943
4239	9834
4609	7021
6721	9185
5312	7647
4888	5134
5843	9185
5045	7404
4108	7807
6333	7404
5515	9834
5304	8943
4191	9185
6666	7404
5658	8154
3846	7807
4190	7421
3253	7807
4471	9834
4382	9185
4621	8140
2217	8943
5703	8943
4382	9834
4343	7807
6027	5134
4793	5662
3667	9185
4691	9753
3984	7807
4792	9185
4401	7807
3679	7324
4805	9185
4948	8943
6121	7453
5468	8943
4591	8144
3537	5699
4915	7807
4960	7404
3695	9834
7446	5134
4465	7882
5419	5134
4170	9753
5174	9753
3885	9185
2299	9185
4313	9753
5614	9132
3709	9834
5806	8943
5468	8123
4932	9834
6961	7404
4374	7426
4263	6850
4156	7807
3753	9185
5501	7404
7482	9834
5142	8037
4830	9753
5230	9185
4186	9753
4049	7738
5682	5391
4460	8943
5041	9185
5510	5134
4387	8730
4661	5134
4487	9753
3744	9753
4543	8943
4705	8077
3983	7807
5635	8943
4415	9834
5013	7807
4569	5699
5290	9753
5157	9185
5570	7404
4787	9753
3717	9753
4895	9753
4905	8943
5547	2893
4555	9185
4682	7807
5284	9834
6211	5134
4114	8943
4762	9834
4092	9834
4393	9834
5009	3327
5290	9834
8403	5134
4512	6928
4610	9834
4391	8943
4700	9005
6033	5134
4311	9185
5535	7404
4617	9185
3559	9834
4828	9753
3661	6678
4344	9185
4303	7404
3588	7807
4381	7807
3040	7404
3750	5699
5723	8943
3444	9185
5343	8943
2767	7807
5690	7810
4867	8943
5017	8348
5295	7404
5460	5134
6841	6590
4977	7404
3878	6762
4838	9753
4647	7404
3139	9185
4511	9753
3918	9753
5402	8943
5471	4453
5323	8330
4842	9216
4781	9834
3695	6383
5270	8943
3226	5699
3435	9753
3756	9753
3887	2136
5560	8186
4888	9185
5243	2136
4434	9834
3985	7352
6357	7404
5515	7807
5232	7807
4295	3859
4336	9044
4051	9185
3586	7807
4166	6229
5515	9185
4716	9185
4701	7404
5861	9834
3287	8943
8147	8943
5182	5134
5325	9834
3673	7807
3984	9007
4137	9753
5895	9834
4372	9753
5418	2136
4475	7278
5645	9185
4838	7202
5957	7789
5113	9753
6465	7807
5372	7404
3878	8943
3817	7392
5176	8788
4798	9753
5312	9834
6191	9834
3479	9185
4110	8407
5254	8293
5055	6786
4100	5930
3830	9185
4366	9185
4347	9753
4455	8943
5948	9834
4783	7807
5560	7404
5183	8943
4614	9185
6327	6078
4772	9753
4789	9834
5962	7982
4028	8773
5137	9753
3232	7807
3824	9834
4029	8060
5236	7253
4791	7984
4620	9185
5022	9572
6759	8943
4186	8943
3682	5699
4185	9753
4130	9834
4622	7807
5090	9753
4583	9753
4517	9834
5716	9753
5716	9834
5113	9753
4771	7807
3679	9834
5469	9185
4883	6430
5273	8189
3468	9185
3511	9185
3395	8182
5751	8943
4800	9185
5105	8943
4361	7404
5620	9834
5403	8943
7255	8943
6003	9834
4812	7832
4626	7807
5873	7807
4661	8331
4496	7404
5815	9185
3614	5134
4457	7807
4195	5944
4855	9185
4424	9443
6585	7404
4069	7807
4515	5699
6394	7404
3822	9185
4459	5862
3981	9834
5980	7824
4417	9834
7301	7183
5648	7404
5688	9753
5782	7404
5551	9185
6542	7486
4800	8943
5559	7807
4344	9185
4890	9834
4703	9753
4859	9753
3604	9185
4787	8943
4914	7404
4411	9753
4793	9753
5980	8487
4465	9834
4083	9753
3373	7807
4962	6255
3449	9185
5396	7404
4760	7223
5879	9753
5021	9185
5868	9753
5732	9120
5311	8205
4533	7807
4540	7856
3647	9753
4277	9185
4222	9753
5886	7807
4240	9834
5326	9185
4327	9185
4130	9725
4525	7807
4311	9185
2965	7807
6151	9834
6963	8943
4275	9185
6673	8943
5743	9185
4850	5134
4255	6583
298	9753
5246	5784
4044	7807
5038	7807
4579	9185
5693	9753
5389	7550
4132	7807
5705	9753
3218	7488
6119	7404
4447	9834
3842	8206
5185	9753
4570	9185
4118	9834
3523	9753
4931	8943
3871	5972
3797	8224
4314	9185
5492	9753
4330	9185
4675	7807
5104	8020
3085	9185
5933	6731
4667	9753
5226	8943
5461	9834
3532	9185
5654	9753
5234	5134
6016	9753
4160	9834
6040	8943
5543	8059
3636	9185
5272	7807
4602	8943
4266	9834
4464	9834
3917	7976
6339	8943
4257	9753
5123	9753
5165	9753
4005	7807
4146	8553
5448	7992
4482	5134
5463	7404
6012	9834
4087	9185
5936	9834
4625	9834
4217	7776
5225	9185
4379	9185
4444	7404
5448	9185
5000	8943
6093	5270
4390	8260
4128	9834
3994	9834
5164	8310
3544	9753
6028	8943
5311	9185
5243	9753
6263	8086
3443	9185
6179	9834
5982	8052
6333	8943
6153	5134
3111	9834
4225	7404
3709	8943
4925	9753
5624	9834
4370	9834
3606	7807
3471	9834
4390	9753
4331	9834
5335	9753
4708	7844
4782	7404
3896	9185
4956	5083
5840	9753
6983	3887
3763	3714
3887	7404
3969	8943
4516	9185
4075	6502
4500	8571
4739	9834
5823	7610
4692	8943
5092	9834
4231	8064
4674	9185
4538	9834
5578	9185
3967	7741
5450	5134
4143	9753
5392	9185
5184	7404
5548	7404
4777	8943
3913	5946
4751	9753
3985	9753
3557	8130
4252	9753
4433	9834
5076	6775
4489	9185
4682	7807
7120	7404
4074	8943
4389	7404
4296	8943
4381	5699
3888	9185
5126	9753
5020	6175
5460	9753
4746	9185
4498	9185
5212	5690
4915	9185
4565	7807
5846	7404
4767	9753
4964	7404
7036	8220
4801	9185
5225	7404
4557	6903
4890	6842
4221	7849
6067	9185
5250	9753
4069	5134
6108	2136
4144	9185
3674	7807
4327	8933
4491	7807
6815	9753
4697	8494
4531	9834
4492	8943
4885	8943
5013	8943
6352	9753
4804	9185
2818	7807
5466	7404
6013	7404
5079	9185
5256	9185
4571	9753
3734	6334
4456	9834
4265	9834
4212	7592
6650	7404
5094	7469
6332	7404
4387	9753
4653	7807
5284	7870
5596	6010
4629	7800
3650	7807
6236	7404
4572	9834
5140	6816
3441	9175
3622	9834
4244	9185
5803	8598
4783	9753
4440	8943
4690	8943
3806	5699
4044	9185
3947	9753
5698	9185
5744	7404
3696	7807
4390	9185
4832	8714
3871	8085
4377	8861
5255	8476
5532	1984
6294	7404
6800	9834
4083	9834
5846	7404
4409	9753
4294	7213
6555	5858
4305	9549
4895	9753
4911	9834
5431	9185
4427	6361
4588	7077
4589	6356
4392	9834
4551	9834
3619	9753
4344	9834
5912	9834
6279	9185
4102	9185
5272	9834
5389	9753
9591	7404
3453	5134
7265	3459
5851	8943
5667	9834
4380	7013
4843	9185
4354	9753
5638	7404
4409	8382
4567	9753
6634	2136
3897	9185
4699	7404
5808	9753
5449	8885
4648	9834
4201	9834
5521	9185
4728	9834
4712	9834
7170	9185
6095	7404
5135	9753
5446	9753
3226	9834
4350	7807
5847	8943
4719	7752
4037	9185
6937	8370
5872	8943
3817	9185
4277	6150
4634	9753
5131	9834
5520	9834
4259	8943
4771	7824
5286	3334
5259	8969
6418	5134
3895	8943
4497	7060
5429	8621
4613	9834
6230	9185
6110	9753
5663	9185
3654	9185
4462	8943
5013	9834
5534	9185
6417	5134
5363	9834
5626	9753
5211	9753
4327	9185
5687	9185
4435	8943
5741	9834
4491	8943
5990	2136
4772	7807
5008	9753
5336	7807
5765	5435
5008	9834
6625	8943
3658	9834
3765	6149
4886	5134
4957	8245
5037	5134
5461	9834
4425	6969
4434	9185
4918	8943
5461	7807
5351	9753
3482	9107
4999	9185
4718	9834
4047	9834
3811	5677
4322	9185
4708	7404
5784	9185
6988	9185
5721	7404
5395	7404
4628	9753
5434	8943
5187	9185
4026	9753
4865	7428
5162	9185
4351	9834
5964	7404
5545	9834
4641	7807
4317	7216
6689	6026
4714	9834
5222	9185
6189	9834
4324	7473
5519	4052
4670	7851
3573	9185
4704	7807
4653	7322
3825	9197
4136	9185
4148	9753
4773	9185
5361	8943
7289	9834
5001	9185
4261	9753
6245	7404
3576	9070
4045	7935
8153	3429
4097	9185
4620	9753
5084	9185
4182	9753
4896	9834
6954	9753
4115	9185
4779	9185
4324	7807
4645	7807
3332	9753
6501	8943
5741	7404
4505	7615
5012	9753
3962	9185
4514	9753
5969	8943
4325	8243
5087	9834
4098	7807
4436	9834
6020	8853
5860	5134
3018	7807
5537	5254
5579	5134
4861	7807
4640	9834
4823	9753
4420	9185
4711	9753
5067	9185
3997	9185
4919	9753
6423	8943
6600	2136
4056	6091
6195	9834
7640	8943
4605	9753
3478	7807
5391	9834
4627	7807
5994	9185
6034	9185
7152	5134
4955	8943
5036	7695
5587	9834
4370	9834
4136	7610
4579	8418
5041	7404
4385	9185
4126	9834
4955	7807
5329	9185
4389	9185
4603	9185
5383	5134
4996	9185
5909	5134
3833	9185
6313	7404
4497	9834
4819	8013
3710	9185
5020	7807
4432	6679
4472	9753
5501	8289
3929	7883
3723	9834
5142	9185
3779	7891
5619	7404
5680	9753
5272	8330
3537	7807
4926	8943
4130	6276
6432	2136
4788	7807
3798	7807
4467	9834
4547	9185
5137	8943
4534	9185
4212	7807
4023	9185
4736	8178
4090	7968
4115	8851
4291	7807
4881	9834
5205	9185
4410	7807
4275	9753
5475	9834
3502	9185
4741	7807
5689	3496
4264	9834
5649	2136
4329	7807
4391	9753
4521	9834
4104	8943
5299	7807
3703	8482
4273	7807
5105	5134
3638	7584
5206	9753
5054	9185
6018	9834
5592	6803
4327	7807
4453	9185
5258	9834
4482	7740
4815	9753
3749	9185
4698	9185
6076	9185
5468	7404
4775	794
4052	9753
4076	9185
4685	7135
4566	8943
5755	9753
6249	8943
3940	8572
5166	9185
4032	9185
5137	8943
5805	7807
4166	8169
4158	9185
5167	7404
5417	7404
4325	5698
3741	9834
5724	7404
4382	7807
6416	7404
3722	9185
4962	9185
4760	7404
4378	9753
4154	9753
4528	7807
5805	9834
4202	8130
4632	9753
3943	9834
4314	9185
3846	9185
4297	9834
4633	9185
5065	7404
4466	9834
3810	5889
4289	8108
4754	7590
4187	5134
5187	5134
5558	6269
4815	7807
6022	5134
4292	9185
4790	7807
6826	6361
4492	9753
4797	9185
5088	9753
4259	5699
4647	9834
5722	8040
4828	7800
4951	7404
4245	7245
3540	9185
7206	6008
4660	9834
6122	9753
3917	9834
4557	9753
4357	8227
3910	8634
4136	9185
5620	9834
6897	8943
5703	8943
4907	9185
5998	7404
4376	8943
4785	9185
5328	9834
5505	9185
4873	7721
4990	5812
4335	7807
4423	9185
4606	9834
4173	8943
4751	9834
4070	9185
3682	9834
4737	7404
4041	7807
4305	9834
4962	3216
4379	9185
5575	8951
4018	7807
3629	6900
4012	5699
5255	8943
8265	7404
7081	9834
5293	7404
4365	9753
3346	9185
4285	2136
4842	9185
5713	8467
5170	9185
4718	8852
4892	7838
3229	9185
4511	9834
4462	5134
4224	9185
6093	9753
5347	7728
6029	9185
3714	8605
5331	9537
6380	5134
5928	7820
5126	9185
5757	9834
5372	9185
3998	7807
4570	5699
5885	7404
4262	7971
3928	9185
7109	2136
6483	7404
4970	9185
3847	7320
3755	7807
4224	8943
3377	8638
4697	7404
6049	9834
5358	5665
4125	8943
5260	6982
4314	9834
4666	9834
5175	8943
6622	7404
5033	2136
4528	9753
4153	8943
5401	9185
6062	9185
4064	9185
3417	5134
5786	9834
4946	9185
6776	5134
4841	7807
5545	8943
4882	5650
4894	6779
3287	8616
4173	9185
5016	9753
4707	9185
6331	7725
3847	7807
4557	8616
4220	9753
5249	9185
4703	8943
5269	9753
4526	9185
3687	9753
5247	9834
5852	7807
4896	7404
4173	9185
3588	2950
4840	6640
3597	7330
5855	3329
6499	7189
3684	7807
5048	9753
5052	9185
5425	9753
5186	7177
4619	8943
4253	8310
8154	3177
5661	8943
3431	7807
3430	8425
5289	9490
5450	9753
4731	8943
5588	7388
5224	8790
6687	8891
6015	8943
4281	9834
4594	7404
4684	2136
4615	7404
5005	8943
3890	7807
4071	7807
5787	6819
5435	9753
4738	9185
5031	8943
3935	8943
5457	2136
3261	9185
4135	8624
3864	8407
3790	9185
5808	7807
6326	1123
5427	9185
4579	8952
3722	7807
4638	7404
4959	9834
5554	9834
5500	7404
4914	9185
5581	8943
3573	9185
6249	9753
5731	5495
4311	8081
4873	7509
6765	3630
3422	8458
5166	8943
4748	9185
3340	9753
5014	7807
3829	7239
4679	9185
4143	9753
5943	9834
4645	7404
6021	9753
6359	5134
4448	7460
5360	8943
4482	9834
3767	9834
4669	9834
4356	8170
3928	5699
6094	5553
5283	9753
4867	9834
4175	7584
5077	9834
5424	7110
5970	9834
5156	7807
3692	8255
5392	9753
4976	7807
4353	7818
5150	8943
4612	8051
5463	8248
4020	7633
4987	8417
5538	5134
6358	9834
3935	7721
5119	9753
4299	7153
3716	7807
4432	9834
3905	9185
4493	9834
4339	9091
4052	9185
5087	7333
5622	8943
3459	4511
4285	9834
3398	8069
3368	5699
6586	6661
4850	8043
4459	7145
6864	8943
5037	9753
3106	8418
4962	8943
4982	8943
5740	7404
4262	9753
5678	8943
4435	9834
4183	9753
3801	5733
5138	5988
4757	8943
3332	7506
4026	7559
7104	8943
5895	9753
5704	8943
1733	5699
5075	8943
4520	3576
5634	7404
5958	7665
4002	9834
5580	9753
4581	7404
4782	7807
4589	9834
3340	9185
5525	9753
4842	9753
3119	7515
4135	8128
4852	8198
5896	9753
4187	9753
4125	9185
6128	9753
5540	8341
4100	9185
5184	7825
4535	7052
4891	9834
5398	9753
4536	8943
3682	7808
5487	7807
4840	9753
3652	7763
3695	7404
4203	7807
5012	9834
4395	9834
4630	9834
4746	9185
3628	9834
3777	9185
5360	8346
6312	7404
4669	9185
4927	7807
4742	8943
5081	9014
5337	7689
5736	9753
4461	7807
5822	7404
3714	9185
4936	9834
3996	9185
5746	7404
4690	9753
3445	7807
4516	9834
5165	7827
5111	8943
3908	7404
4733	9185
4277	9753
5255	5662
5491	9185
3303	6269
3351	7807
4155	9185
4068	9185
5238	9834
5272	9834
5514	7404
3775	9834
5623	9185
4184	9753
5688	7820
4270	7120
4231	5699
4911	8172
5013	9834
3496	7807
4899	9753
6066	5134
4083	7144
4516	4960
6598	7907
3981	9185
4037	9753
4523	9753
4568	8265
4185	7999
5207	9834
4797	7404
4350	7807
3802	9185
3833	9185
4813	8943
4991	7041
5544	8000
5173	5134
5292	9834
4797	9834
4908	6290
5042	9753
3554	7404
5065	7807
4078	8943
4280	9185
4438	9834
3890	5699
5234	9753
4568	7831
4824	8296
3405	9185
5561	8742
4325	7404
5441	5844
5563	9191
8014	9834
4642	9834
3780	9753
3132	7807
4396	9834
5741	7748
4099	9185
3594	7807
2941	9185
5767	7807
4283	5134
4402	9753
4315	9834
5623	7419
3859	7807
4332	9834
4982	7590
4972	5684
3805	5970
4910	8890
4999	9753
4470	5134
5006	8139
5311	9753
4123	8943
3916	9185
4634	9185
4111	9185
5281	8943
5645	8272
3649	7807
4326	9753
4653	3695
5267	9834
4123	9834
4559	5795
4723	9834
5227	5134
4224	9753
4493	9834
4526	9834
5262	6936
3915	9834
4216	9753
4620	5134
4739	9185
5348	2136
4979	7404
5233	9834
5229	8943
3548	6407
5522	8218
4503	8246
4283	7807
4141	9834
4549	7404
4039	9834
4958	9185
4409	9185
5708	9753
3548	9753
4400	7404
4557	9753
4205	7404
4744	9834
6348	5134
5968	9834
5267	9185
5605	5727
4599	9834
5035	7404
6487	9753
4815	7585
4929	9185
4292	9185
5043	8265
4179	8292
5374	9185
4844	9753
4441	7801
3591	7404
5516	7807
5078	9834
6317	8860
4233	9834
5643	9834
4530	8699
5252	9753
3837	5699
3222	9834
3676	7807
4243	6911
4753	8255
4160	9834
5615	9834
4860	5987
4511	7404
6542	9753
5248	9185
3589	7807
3592	7807
4737	7853
4221	9753
5475	9185
4206	9185
5705	8323
4169	9185
4159	8943
5514	9185
4993	4716
4722	8376
3876	9185
4538	8025
4597	7807
5163	8943
4388	9834
4977	8695
3889	5699
4810	9834
4642	9753
4021	9185
4413	9753
5995	9753
4263	9834
5037	9753
4458	9185
4524	9834
4832	8943
5843	7404
4394	7807
4313	8943
4468	7404
4021	6141
6129	5134
6260	9753
4937	9185
3833	5699
6339	7404
6471	5134
5217	5151
4003	9834
4345	7807
4093	5699
4584	8287
4752	8943
4997	9834
5264	5134
5056	8943
4341	7807
4809	8124
5215	5134
6558	9185
5387	9125
4784	7526
4348	9185
7336	8943
5880	8026
6045	9185
5047	9185
4958	8943
7385	5921
4707	8943
4154	8580
4975	8943
5550	7404
4780	7807
5923	7404
5232	6404
4305	9043
4244	9834
4514	9753
4730	7807
3272	6983
3523	9753
4619	9753
4562	9834
6036	8143
5017	9753
4940	7634
4251	7807
3232	8559
5047	9185
6407	7404
4337	6949
3812	6570
5572	7404
6178	7404
4882	9185
3973	9834
4716	9834
5477	8943
5103	7986
5965	5134
5074	9185
2616	8594
5576	7807
6040	9753
3775	8943
6087	5134
5203	7404
5216	7404
3972	9185
4578	5699
4957	7062
5440	9753
4806	8943
4018	9834
4735	9834
3614	6541
4799	5699
4403	9753
3141	9834
5319	7404
6680	9049
5254	9753
4408	8943
6333	1187
4694	9753
4624	7662
4074	9419
4994	9753
4102	9834
4572	8127
4320	9753
3902	9753
6602	5134
4670	9753
4526	6656
4888	9753
5639	8943
4506	3541
5913	8943
4068	8225
6057	9185
6101	8943
6243	7404
3279	6829
3501	7383
5073	9753
4143	8943
4675	7404
4934	9185
4101	7404
4456	9185
4334	5699
5203	8943
3247	9185
4423	7807
3652	8943
6011	7387
6386	8943
4656	7404
4061	9834
5793	7807
7038	9834
3287	5699
4319	9185
6113	8943
4544	7404
5536	7957
4778	9753
5210	8943
3507	9834
5098	6845
4860	5134
7341	3310
4397	9185
4650	5134
5987	7404
3977	9753
4602	9834
4602	7807
6182	8943
6009	9834
3965	9753
2940	6374
4395	6904
4899	7404
5013	8943
3689	9753
4473	6378
4871	9753
5342	7404
5460	9834
5127	7807
4344	7109
4955	8750
3795	9834
5285	8943
5568	7832
4833	9753
4864	9185
4240	8593
4213	9185
5239	6418
2921	9185
4379	8943
3899	7205
4838	7404
4041	5699
6117	9753
3824	9185
5394	8532
4917	9185
4772	9185
4090	9185
5140	9185
4569	9185
4437	7404
5353	7404
7936	8695
5004	8460
4079	9185
3979	9185
4303	5134
3547	8803
4902	9834
4517	9185
3805	9185
3848	8201
5046	8008
6191	8943
4341	9185
4360	9834
4811	9185
5554	9834
4319	5918
4950	5134
3470	6558
3935	9834
5553	8869
5067	8943
6091	7404
4763	9185
3819	8943
4081	8943
4994	7807
5588	9753
5347	9753
3949	9185
4790	9834
5113	7404
4373	7404
4573	9834
5239	7404
5819	3814
5135	6398
5584	8943
3619	9185
4972	9834
3944	7785
3893	9834
5008	8690
4616	7404
5204	9753
6005	7579
4866	8943
4796	7639
3749	8943
3876	8943
4494	7807
4533	9185
9485	6084
6709	6848
3555	9185
5662	9185
6156	7763
4717	8943
3319	9753
5150	8943
3752	7807
4693	9753
5068	9753
5122	9185
5586	9185
4465	7611
4735	2136
4379	9185
4942	9834
5086	9753
4234	9834
4568	9834
4781	8943
5175	8943
4749	9834
5924	6010
5661	7404
4166	9185
4990	8943
3889	7807
4297	8074
5062	9185
4817	7404
5361	7404
4916	9753
5983	8443
4866	6757
5859	8943
4883	8943
6351	8267
6197	7404
6296	8014
4004	9834
5211	9834
5302	5134
4795	9185
3780	8177
4883	9834
5880	7404
5064	9834
4672	7807
4644	8105
5597	7315
4571	9834
4052	9834
5225	9834
5661	9146
4304	5134
5291	7807
4189	7380
6162	9753
5027	7946
4709	9834
3790	6305
4094	9834
4832	9753
4215	7921
3639	7209
3648	7758
4899	7404
4903	8382
5437	9185
4835	9753
2550	6519
5845	9753
5272	9834
4276	5699
5635	5134
3977	9753
3189	9185
3890	9185
4000	9834
5639	9753
6223	9753
4900	9834
3655	7807
5104	7404
5560	7404
4820	9185
2982	5699
4929	6849
4391	3427
5064	7404
4998	8943
4775	9185
3829	9185
3669	9185
4381	6469
5740	8943
3922	9185
4702	9185
4413	9834
5123	9834
4516	8943
5081	7949
4503	9834
4067	7807
4957	9753
4027	7579
4349	9185
5121	8943
5307	7404
5462	5134
3984	8386
3683	8032
4278	9185
4260	8943
4749	9185
4814	9834
3880	9185
4405	5699
4413	8055
4081	9834
5696	8943
4953	9185
5407	8943
4293	9834
5181	9834
4478	7807
4075	7807
5496	9834
4395	9185
5773	8943
4487	6896
4103	9185
4612	9753
6324	8553
4590	9834
4670	9834
4180	9185
5153	7440
6418	9753
4573	7404
4361	9185
5418	7767
4973	8299
2700	9753
4613	9834
4278	9753
3779	7079
4044	9834
5490	6297
4957	9753
4867	9834
3624	7807
7759	7404
3573	8058
4222	9834
7066	8039
4412	9185
5066	8943
5229	7807
4249	9834
4815	8149
4907	7807
4483	8915
4915	9753
4094	7404
5023	6523
3877	9185
4424	9834
4465	7807
6877	7404
4543	9834
4930	7404
5263	9185
4659	9753
6288	9753
4521	9185
6040	7404
3851	7807
4375	9753
4077	7807
5421	9185
7094	4614
5431	9185
5816	5134
5845	7488
6469	9834
5455	8638
3698	6192
5556	9753
6337	3231
6439	4176
5022	9185
3802	9834
5383	3628
4327	9834
4247	8922
4748	9834
4933	7404
3756	7807
5873	7980
5608	7404
3633	5134
5385	9834
5423	9753
4421	8943
4170	9185
4624	9834
5154	5134
4430	9753
4486	7807
4826	9753
4557	9834
5220	8943
3932	7807
7179	5937
6051	9048
5255	8943
4366	7807
4661	8512
5092	8293
4365	9488
5615	9753
5694	9185
4386	9753
5222	9753
4751	7877
3575	7807
7345	7438
5318	8902
5165	9185
4232	9834
5594	7404
5590	9185
5575	7207
4273	9753
3750	5573
5081	7404
6095	9753
4955	9753
5874	5134
4579	9753
3855	7807
3354	5699
5010	9185
5700	9834
5097	5246
4396	9834
5530	9185
4245	7657
4889	8943
4076	8885
3565	7492
6327	7404
4243	8229
3764	8943
5814	7404
4593	9753
4832	9185
5219	9753
4176	9753
5044	9834
4288	6015
3545	9834
3892	7052
5024	9834
4059	9753
4439	8792
5910	9753
6439	8943
4623	7807
4882	9753
5351	7807
4446	7917
4908	9753
6132	9753
3880	5699
4857	8442
5466	9753
3623	4386
4130	7148
3891	9834
5361	8943
4923	8943
5011	9185
4356	9185
3914	9185
6251	7807
5208	9185
5765	7404
5286	7781
4590	9753
4680	8943
4174	7807
4221	7382
8030	9753
4060	9834
4494	8072
3370	9185
5676	7740
7170	2136
6448	9834
4526	7404
4045	9834
5621	8943
4679	7404
5299	9753
5623	9185
6051	8943
5387	9753
4352	9834
4459	9253
3870	9753
4092	9753
5408	7881
4577	7855
5368	8943
5767	5134
4624	9185
4208	9753
6239	9185
4350	9834
3747	8943
4202	7404
4269	9185
5659	8528
5246	9753
5134	9185
3970	9020
4942	9753
5786	7404
5559	7404
4775	9753
5466	9753
3900	7404
4961	9753
5125	9185
4442	7951
7579	7480
4793	5134
5805	7404
4484	9834
3340	8040
5132	7404
5566	9049
5256	9753
5900	9834
4957	8943
3278	9834
6280	9753
5165	5134
5022	9185
5216	9185
4582	8943
5493	9834
5749	7904
5194	9185
4469	7807
5432	7404
4401	7807
5006	9185
5521	7404
5878	7849
4848	9185
4127	9104
4311	9185
4670	9834
2760	9185
3461	9185
4235	9753
4479	7807
4426	9185
3488	9753
4817	7898
4129	7906
5768	7404
3399	3998
3672	7807
4719	8943
6524	8943
5728	9185
3976	9753
4217	7807
4857	9834
5261	9834
5597	5134
4279	7807
3964	9185
5466	8943
2982	9185
5305	9834
5024	9185
3939	8783
5899	7065
5391	7404
4498	9185
4873	9753
5667	9753
6256	8943
5544	9834
3814	7858
5661	8943
4487	7282
6972	8943
4250	8113
5724	5134
4377	9185
5995	8082
4610	9753
5410	9185
4422	9462
6050	5134
7548	7404
4663	9753
3771	9753
4487	2136
3394	9185
5829	9753
4664	9185
5250	9834
4597	9834
5364	7404
5027	7404
5108	9753
4838	9834
5068	7934
4481	4165
5399	9185
5952	9753
5318	3182
4621	9753
5420	5134
7256	9018
4381	9753
3319	9834
3934	7807
4638	7807
5337	7404
7010	6878
4401	8667
6409	9753
4198	7807
4714	9185
5704	8943
5391	7404
5590	9185
5281	5843
5701	7404
4755	7404
5226	7807
3685	8943
4155	9185
5633	7807
5843	9753
4863	9185
4360	9834
5323	8943
2833	4773
6644	7404
4398	9753
5620	8943
4110	9185
6361	7404
3334	9834
4982	9834
3989	8943
6148	7927
6450	9185
6144	5134
4394	9834
3886	9185
5131	3446
6336	7404
6106	9834
4377	8115
6128	9753
3618	9185
3613	9834
5401	7368
5222	5134
993	9834
5135	7460
4488	6963
5086	8910
4838	9185
3853	8458
4997	5134
5278	7686
6478	7404
4032	8943
3411	7807
4254	9185
4417	9834
5225	9834
5046	7404
5210	9753
6176	6297
3026	9753
5756	2136
5423	8474
5270	9834
5363	8943
5308	9834
5406	8943
4577	9185
3960	9185
4528	9185
4569	8943
5521	9185
3756	5699
4835	9753
5314	9185
4054	9753
7005	7807
2928	9185
3220	8245
4361	9834
5098	9834
4916	9185
5003	8943
4057	9149
5471	9753
4174	9753
3694	7386
4745	7404
5265	7807
5167	9185
4401	8943
5456	9834
5011	7807
5944	5134
5814	8438
6356	7363
6381	7404
6012	8874
4786	9753
7162	7404
5440	6057
6796	5134
4999	8943
6092	9753
4769	8101
6192	8943
4235	9753
3091	9185
3919	9185
4387	7254
5074	8943
5079	5938
4591	5914
5073	9753
5615	9834
4150	8943
4529	7807
4509	7796
4771	7404
4296	7994
3382	9834
5208	8318
4724	9834
5237	9834
5031	9185
4306	9185
4849	9185
5376	7342
5859	6800
5354	7404
3279	9753
5860	9834
5265	7153
4493	9185
4528	9753
4967	9753
5269	7796
5145	8943
6550	8943
6647	7404
4297	7807
4551	9185
4159	7555
4683	9753
3851	9185
7088	9753
4676	6065
3713	8553
3878	7150
4762	9753
6311	9185
3733	8219
4733	9753
5249	9834
4379	9834
3567	9834
6409	8943
5919	9834
4922	7744
4280	9185
4812	9185
4548	7659
6015	2136
4068	3936
4608	7404
5643	8943
5380	7807
4694	9753
4824	9834
6297	7404
5606	9753
3979	7807
5053	9185
4371	7807
5463	9834
4113	9753
6078	4193
3437	9753
5114	6131
4362	9185
4131	9753
4846	9834
6788	9367
4562	9753
3803	7404
5305	8943
4050	9753
3895	7807
5990	9753
4771	9834
4469	7807
5160	8943
6184	9753
3952	7807
4680	9753
4243	9753
4430	8943
3497	7807
4780	9834
4083	7807
4057	8465
7279	7404
3834	9834
3721	8010
5661	8943
5647	9185
5079	9834
4873	5134
3855	9185
5134	7639
5183	9185
4764	9834
4537	9753
4825	7807
4545	9834
5324	9834
3950	9376
4033	8104
4793	9834
3697	9753
5397	8943
4021	9185
5690	7404
6005	8906
4943	8146
4008	9834
5495	9753
3759	8808
4972	9753
4142	7807
7692	7404
4991	9185
3773	8222
4970	9753
4701	7807
4550	8943
4663	9185
5817	9753
4394	9753
3433	7818
5628	9753
6052	7807
4354	7404
3391	9117
4253	8596
4759	8432
6712	8943
3753	9185
5990	7404
3829	7384
5115	9834
4445	6684
4297	9185
4930	9185
3806	5699
5614	9185
4567	9834
4425	5956
5458	8943
4326	9185
4767	8943
4267	9753
5104	8220
4606	9753
3207	9753
5190	9753
6178	8520
5022	9185
4633	7807
5082	9834
3188	9753
5983	5134
4855	8943
4606	6549
4817	9753
5321	8943
3339	9185
4163	7807
3944	9753
6251	5134
5164	9834
3473	9132
5404	9834
4624	9753
4765	9753
4019	7807
4045	9753
7246	9753
4427	9185
5458	7807
6013	6001
4102	9185
4290	5699
6542	6231
3729	9834
5654	7404
3896	9834
4119	9753
4816	9834
5010	7872
4798	9185
4665	7807
4325	7251
4378	9834
5142	8943
4140	8161
5210	9185
5270	8502
4769	2136
3705	9834
6454	8943
4502	7404
4625	9834
3915	9753
5814	8943
4700	9834
4600	9753
4095	9185
5645	3611
5491	9753
4863	9834
4721	7404
4677	9185
4079	9185
4608	9185
5011	3890
4369	7807
4198	5699
4291	9834
4057	9753
4669	9834
5275	9753
4513	7404
4733	7807
4606	9753
4600	8943
6339	7404
5772	7920
4409	5134
3572	7807
5984	9185
4895	9753
4885	7807
4509	9753
4432	7491
4291	7441
5341	9185
3778	7903
4223	9834
4651	9753
3924	9753
3869	8943
4151	7807
4951	8137
6007	9753
5270	9753
6664	8677
4248	7777
5061	7807
4843	9753
6579	5134
4111	7181
5083	9834
4186	9834
6165	7404
4415	9185
5142	7456
6374	7404
5175	8943
4693	7669
5347	9753
5364	7404
6253	5134
5245	9185
4745	9753
5139	8943
4731	7352
5643	9185
5108	9185
4745	9185
4848	9185
4366	9753
6768	5134
4730	9834
4827	9834
4269	9185
3879	8811
3558	8943
5054	9753
6169	5134
4492	7807
3881	7698
4739	9185
5840	6625
4520	7807
5204	5134
3444	8943
4515	9753
6827	0
3698	9185
3073	9185
5108	7820
6136	9834
4458	8943
3977	9185
4145	9834
5989	7404
5057	7807
4212	7807
5519	9753
2996	7362
5232	8943
4856	9753
4570	8943
5673	9834
3398	7807
5074	9753
4665	5134
4969	5961
4879	9834
4855	9753
4395	9185
3288	7807
5401	9753
3946	9753
4614	9834
5017	7807
4605	8503
6849	9753
4791	9185
5501	7128
3810	7807
0	8943
4443	9753
5027	7807
5421	7873
5419	9185
5355	8943
4159	9185
3748	7807
4627	8980
3698	7807
4252	9834
4423	7553
3908	9185
5766	5134
4071	7780
5272	9753
5585	7404
3510	4854
4772	9834
6821	7404
4923	8943
3986	9834
4652	9185
5008	7030
6057	9753
3740	9834
4239	9185
4431	5699
4935	8685
3830	9185
6043	7807
5368	7807
4272	6921
5062	8943
5935	9753
4820	8943
3954	7898
3583	9834
4698	9834
5340	7404
5363	9185
5840	8943
4303	9834
5650	9834
4848	9753
3894	9185
5091	7206
7030	7404
5259	9753
6661	9834
6258	8943
5644	9753
4209	8943
4354	9185
5188	9753
6250	7404
4986	5968
4660	2136
3833	9834
3699	7807
4472	9834
4542	9753
3842	9753
5217	8094
5522	9753
4629	9834
5340	9834
5284	7967
5597	9834
4414	6366
6056	9026
5344	9834
6546	8776
4449	9753
4422	9185
6284	662
5382	9753
6396	6175
3235	8943
4993	9185
4900	5715
5214	9185
4821	8943
5521	9185
7250	7345
3552	9185
4138	9185
4327	9753
5537	9185
5970	8943
4845	9185
2311	9753
5570	7807
5036	7404
5511	9753
4096	6796
4915	7807
4915	5134
5056	8664
5115	6879
4620	9834
3380	7404
6594	8070
5182	8943
5199	8943
5274	7962
5129	7379
3737	4393
3836	7404
5258	9753
5781	9834
6029	5920
4167	9834
4233	7404
3945	9185
6138	9753
3043	8943
4684	9834
4812	6841
6913	8943
5240	9753
4480	8943
3073	9834
4937	8943
4440	7348
4683	9185
7232	9834
4990	7807
6485	9753
5850	9834
5630	9834
5142	8200
4164	9753
6273	2136
5523	9834
4866	9185
4998	8943
4603	7807
5222	9185
4794	8943
5309	9753
3655	7807
4606	7087
4016	9834
4512	9185
4987	7807
6496	8943
4068	7807
5401	7404
6097	9834
4462	9834
4560	7807
4784	9185
3042	4154
4962	9753
4649	8237
4151	9753
3638	7807
4950	9753
5341	5134
6071	8549
4111	9834
6611	8501
5129	8043
4483	8526
5200	8698
4115	7807
5011	9753
3968	9753
4460	9753
2472	9753
4651	5134
3801	5134
5377	9185
5815	9753
4341	8943
4593	6950
5643	7807
5398	7404
4064	9185
4266	9834
4457	9753
4954	9834
5356	7326
5586	9753
4355	8943
4641	9185
4882	6756
4930	9753
6682	8943
5230	9834
6052	9185
4078	9185
5452	7404
5347	8943
3828	7299
5271	7722
3219	8943
5482	8235
7651	9753
3661	9834
5164	9834
3550	8133
5506	7404
5586	8943
4752	7404
4642	7807
5582	7596
5201	8943
6483	9753
3863	7920
3719	9185
4388	9185
5768	7712
6095	9753
4743	9753
2443	6676
4004	9834
5022	6824
4284	7807
4499	8943
5119	7807
5090	8258
3236	6926
4229	9185
5427	6020
5221	8314
3912	9185
5001	8943
5463	5134
4924	9753
6526	8149
4321	9185
6481	7517
5447	3937
6297	9834
5450	8943
4618	8943
4270	8249
5273	2136
4455	7404
5359	8004
4891	9834
3645	9185
4798	9675
4725	9185
4920	8943
5260	9834
4845	9834
3801	7807
4396	9753
4723	9185
4293	5895
5291	8943
4902	9753
4179	8633
4735	8943
6308	9753
5487	7807
6114	7737
4016	9834
6515	7404
4578	9834
4306	7140
5138	9834
3050	5699
4963	5971
4017	6772
4352	7598
4752	7011
4396	9185
3966	7807
5385	9753
4449	7807
6655	8286
4470	7807
3866	6851
7217	5134
4410	9753
4126	9753
4917	9753
4468	8943
4730	7404
7353	8586
4440	9753
4467	7807
4819	9753
3999	7807
3547	5707
4396	7575
4342	9834
5840	9753
3860	9185
5227	7456
6314	5749
6084	7588
3513	7382
5501	8943
5604	9185
4236	7404
4943	8627
5796	3351
4038	9185
6026	6265
6405	5134
4040	7807
5372	6903
4819	9834
3869	6343
4137	7807
3864	9185
5703	9185
3761	9753
6370	9753
4397	9753
5169	7807
4010	9185
6638	9753
5073	8702
3880	5699
4684	7807
3629	7637
5860	9753
5064	9753
5253	8046
4269	8883
5821	9834
5215	6709
3978	7781
5631	7404
4153	9834
5128	7807
5288	7589
4819	7929
4741	7687
5413	9834
3713	7807
4664	9834
5086	9753
6666	5134
1824	9185
4216	7680
5618	7404
5053	5134
7359	877
5483	8943
5027	8943
3791	9753
4098	7807
4014	9185
7354	7404
2738	8943
4273	9753
4778	7258
5006	7807
4303	7807
5250	5906
5103	9753
4828	8414
3887	7807
3248	7807
5357	9185
3488	9185
4861	7807
5626	9185
3891	9185
4154	8943
6044	8943
4249	9185
5649	7404
4757	7404
5990	8943
6017	9753
6119	9753
6265	7218
5654	6188
4196	5699
4865	9834
5206	9834
5239	5134
5002	5699
4906	9834
5837	8709
4810	9185
5708	9834
3983	8584
7013	7570
4856	7807
4953	8943
4785	5134
4132	7807
5693	9753
9999	5134
3620	9834
4199	5829
5674	7404
3786	3377
3940	9185
3443	8943
7704	9834
4527	9185
5295	8943
5295	9834
4093	7807
4363	9185
4390	9834
4363	9185
2966	9753
4750	8943
3921	7807
6464	8943
5261	8078
4914	9753
3493	7807
4911	8943
4905	7807
5012	7945
3796	7807
5202	8943
5498	9185
6101	8943
4065	8943
5550	7404
4782	6139
4612	9185
5043	9834
5656	9116
5670	9834
4603	9185
6043	9753
5515	8943
4987	6598
4925	7199
5664	8943
5315	9753
4389	7807
5539	9185
3862	9185
5450	5846
3942	9185
3827	7807
6080	9185
6387	7911
3949	9185
4586	7404
4506	9753
5412	8943
3877	7583
5551	7404
4348	5134
4666	9562
4572	8282
5292	9753
3784	7807
5126	7404
5160	9753
4732	9753
5009	9185
6270	7404
4928	8943
3682	9834
5019	9438
4318	9185
4228	6185
5096	7881
6421	9753
5161	9753
6869	9753
4704	7807
6382	9185
8878	7404
5127	7404
4014	6957
4368	9185
6230	9834
3506	6838
5408	8420
5124	9185
5320	7807
5552	8943
3224	9834
5813	9185
5774	6246
4219	9834
4747	5134
5336	9834
5515	2136
5888	7979
5455	7404
6694	9834
4711	3333
5293	8943
4056	7807
5383	9753
5506	9753
5074	5134
3804	8943
3867	9834
3080	9185
4172	5134
5770	8792
5283	8943
4945	9753
4352	7404
6632	9753
3988	9185
3171	5625
4580	9834
3940	9834
5149	9834
2820	6438
4224	9185
5133	9753
4718	7807
4229	7807
3292	7807
4620	7404
4160	9753
4906	3164
3277	8943
6568	9753
4005	7807
4764	9834
4974	9753
5872	8943
4966	8078
4103	7807
4207	7807
4549	7404
2692	9753
4189	9834
3943	7343
5543	8943
6057	9753
5079	7404
4836	9185
3018	7597
4560	9185
5480	7807
5925	9834
6015	6164
4900	9023
5203	5134
4776	9834
4171	7807
5059	8141
3893	8943
4323	7404
5016	9753
5193	9834
3852	5699
3453	9753
3417	7807
5601	7404
5691	9834
4946	9185
4544	9834
4478	9753
4130	9185
4357	9834
3740	9834
4463	8030
3919	7497
4152	8943
5362	9753
3158	5699
4180	9185
6128	5134
6161	5134
3157	7370
4111	8057
4343	8943
4484	9834
3926	9753
4827	9834
4813	8943
5228	9753
6777	8287
5226	7404
5217	7807
1972	8183
4906	7404
5413	7807
4731	9185
4427	7838
5257	9753
4329	7807
6275	9753
5655	9753
5703	9834
3916	8958
4439	7998
4882	9185
5188	9185
5199	9753
3228	7328
3398	5699
4961	8943
4585	7930
5085	7404
3434	9834
7273	7404
5918	8943
4837	9185
6130	9753
3801	9834
5957	8943
4892	9834
3890	9834
5103	5134
4982	9185
6192	3425
4234	6747
6198	9753
3910	8306
3960	8424
5090	8943
5292	9185
4863	6701
4617	9753
4264	7807
5441	8841
3854	7404
6420	7404
4031	7294
5319	7445
5518	8943
6582	7807
5027	8943
4990	9834
7028	4040
4444	9834
5311	8943
3786	9834
4263	9185
4189	9185
4314	9185
4411	7807
6234	9834
5606	7404
4557	9834
4591	7404
4219	5699
4741	8425
4252	7404
2414	6266
5067	9185
4825	9185
5568	5637
4058	6045
5303	8943
5577	9834
6491	7807
4317	9834
4602	9185
4340	9185
5937	9834
2863	9834
3584	9753
5333	7404
5143	7404
6139	5134
4803	7807
4776	8943
4531	9072
3853	9185
2857	7807
3705	7681
6159	7520
5500	8943
4322	9185
3964	9753
5810	3351
4374	8500
5159	9753
4570	8943
3287	7807
5274	7404
4247	9185
5137	6426
5112	9185
4409	6781
5209	5699
5224	8943
6198	7404
4247	9753
4605	9753
7346	5134
4178	6356
4309	9185
4480	9753
5186	9753
3398	9834
4448	9753
6347	6873
6082	5134
6052	7404
3662	7807
3798	5699
4102	9185
5204	8943
5065	7404
5583	5134
3702	9185
4870	9834
5097	8217
5064	7807
3958	7154
3445	7841
3799	9834
5610	8943
3831	5134
4718	7682
4844	8423
4129	5699
4111	8110
4953	8114
5590	6449
4194	9220
4766	9185
4135	6529
4945	7807
4003	8943
4135	9185
4545	8943
5069	7666
4266	9834
5641	7911
4671	9185
5140	7807
5565	9185
4840	8943
6015	9834
6513	8943
4985	9753
4060	7807
4496	8262
3505	9753
3767	9753
5560	6782
5461	6318
4957	9185
4892	9753
5287	9753
4587	7807
3660	7807
5250	7210
6554	7807
5025	9753
3743	9185
3952	9185
4836	9753
4092	7404
4671	9185
4145	8363
5112	9753
5746	9753
4198	9753
3865	7807
4864	7807
5982	9753
5612	9834
4672	8943
4359	7807
3936	8357
3849	7807
3736	9753
4521	7807
6646	7125
4391	8943
5134	8943
5055	9753
4909	5134
4301	7202
4679	8943
4790	9185
3778	9753
4672	9185
5359	9834
3791	9753
5267	3731
3813	9185
4004	9185
3253	5699
5788	9753
6627	9834
4967	8943
5561	9834
6963	7404
3872	7807
3874	8319
5597	7404
4786	8943
6547	8943
5111	7123
5322	9753
5917	8943
3499	7741
5772	8521
5068	9834
6241	7795
3386	9185
4144	9185
3901	7807
5359	9834
4748	9185
4393	9834
3948	7996
4056	9753
4177	7807
4147	8496
4807	9753
6775	9834
5899	5699
3943	9185
3894	9185
4126	9185
4857	9834
6567	8943
3509	9185
4656	5699
5533	7273
5875	9834
4234	9834
4518	9753
4089	6780
5009	9753
5484	9185
5673	9753
5950	9185
4111	8413
3402	9753
5908	9753
6639	7352
5836	9753
4351	7838
4748	7758
5439	8496
5710	8943
6450	5134
4213	9185
4966	9753
3941	9834
6086	5134
4562	7807
6981	6660
5064	9753
4190	9834
5232	8943
5890	7404
3399	9834
5769	8943
4075	5134
4731	7404
4186	9834
5190	7404
4056	7807
4743	9185
6095	8943
7037	9753
4348	7932
3868	9185
5427	82
4874	5699
5098	9753
4136	9185
6200	5134
3448	4985
5812	9753
4683	8200
6131	7404
3597	7487
6158	9753
4417	9753
4430	7404
4261	5699
5029	9834
5012	9185
3733	7369
5091	7211
5515	5134
4166	9834
4532	9834
2822	9185
3518	7766
5630	9753
3734	9753
3406	3837
6450	5134
4823	9834
5789	7733
5549	7807
5093	5134
3763	9834
5110	7235
4210	7807
4565	7807
5455	6245
3874	8192
4651	7246
4903	5887
6350	8943
3975	9753
4747	9834
3895	8943
4982	5651
4064	9753
5461	9834
4981	8943
5483	9185
7014	5134
4524	9753
4713	9185
5057	8943
3975	8474
4111	9185
8274	8010
5676	9834
4517	8943
5927	9753
5327	8017
3459	9185
4280	9753
3764	7807
5200	8943
5402	5621
3904	9185
4603	9753
3550	7807
4707	7067
3898	9753
4504	7807
5794	7404
7525	5134
4509	8910
6753	2136
4549	9834
6078	5134
4615	9753
4442	7988
3966	7807
4106	9834
3834	9834
8431	8943
3298	6958
5710	9185
7625	7404
5372	9753
5800	8943
4189	9834
6649	7986
4203	7569
5600	9834
5830	9753
5106	7675
4355	9185
5431	8943
3872	9185
7409	5749
5187	9834
5940	8943
3596	9185
4512	9753
6005	5134
5119	9753
5401	9753
5039	9753
8191	8943
4740	9753
4490	9834
5336	9834
5118	9834
5549	5134
4819	8943
5121	9185
4608	8943
5618	8943
4912	9753
4641	7404
5452	7807
3678	8236
5339	9753
4751	9185
4588	9834
6358	7807
5509	9185
6697	7447
6565	9753
3609	9834
5474	5935
6273	7404
4230	9185
5369	9834
5186	9834
2704	5699
3863	7807
4202	7598
4040	9834
4225	7807
3946	9753
5320	8943
4072	8362
4269	9185
5242	8943
4914	7420
4056	9834
3698	7807
4360	9185
4051	7807
4358	9753
4658	7807
4853	6583
5244	8943
5120	8943
4144	8943
3986	9834
4423	7404
5274	7404
4938	6435
4103	9834
5436	5665
4274	5699
6491	8943
5165	9185
5060	7701
5156	7404
3459	7807
4078	8943
4604	7835
5964	7295
5845	7404
5863	8943
5331	9834
5073	8389
4091	8101
5006	7404
4325	9834
4550	9185
5463	3484
5159	7404
5202	9185
4278	9753
6033	9834
5112	7404
5695	9753
4250	8943
4352	9753
4613	9834
3891	8943
3547	7807
4326	7807
4497	9834
4145	9753
3757	7807
3984	9834
4923	7404
4252	9283
4978	9185
5315	7404
6515	4025
4109	9753
5219	7921
4908	9753
5181	9753
4609	7854
4181	9753
4545	9185
4039	5134
4167	7610
4950	9185
5046	8943
5483	5134
4541	8943
4732	6351
5823	6558
5313	6872
4574	9753
4773	8943
3912	7807
5164	9834
4549	9753
3944	7807
4841	9753
4863	6617
4635	7056
5599	9753
4196	8943
4068	8127
7120	7404
4295	8943
4451	6147
5429	5134
4180	7807
4593	7807
4682	8943
4161	9834
4591	9834
4070	9185
5104	8943
6512	9834
4150	8068
4094	9753
4643	9834
5495	7794
2666	8500
4439	7236
5510	9834
4676	9185
4369	6038
4408	9185
3458	7807
4409	7807
4734	8943
6259	9753
4797	9185
3942	8234
2402	7807
5555	8943
5335	7863
6385	8943
4096	9185
4249	7404
3734	7649
5069	9834
4799	8315
4780	7404
4542	9185
2987	7807
4056	9834
6370	5134
4816	5134
4584	9185
3767	9185
4291	9185
6030	9753
4404	9834
4626	5782
4981	9834
4639	9185
4059	9834
4418	9834
4876	9834
5829	9753
5281	8657
3918	4361
4251	9753
5344	7350
4644	6963
4603	9834
5021	9834
3797	7807
5087	9185
4582	9834
4679	9753
5668	7404
4493	8377
5666	8943
4378	6624
8223	9753
5059	7654
4877	8943
4113	9185
4680	8943
5497	7404
4282	7822
4723	9834
4561	9174
3618	8943
5217	7807
4986	8943
3959	7404
4957	9753
4000	9185
4276	9834
4838	8943
4022	9753
5668	7814
4707	9753
5144	7807
4116	8419
4102	9834
4937	7724
4687	7807
3253	9272
5328	7404
5619	9834
3852	9185
5335	8943
6264	9753
5657	9753
3311	7807
5134	9753
3206	7807
4598	7807
5460	7425
5781	8943
5718	8943
4699	8943
4466	5134
4207	8943
3940	9834
5645	9753
6404	9753
4515	9185
5203	5134
4247	9834
4956	7807
4756	9185
4841	9753
4903	4837
4232	9245
4342	7926
5042	9185
3930	9753
4018	9834
4755	9185
4928	9834
6205	9834
5944	9834
4089	8154
4874	6980
3965	9185
4840	8943
4222	9185
3427	9185
4898	9753
6423	7807
5075	9834
4347	5957
4318	7404
5538	8943
3093	8504
5508	5962
5581	8808
3304	9185
6016	7807
4455	9834
5212	9834
3889	7807
4864	8943
5137	7404
4961	9185
4180	8943
7049	8943
5218	4306
3710	9185
3088	9185
5550	9834
4402	7807
4783	8045
3698	6549
5225	9753
5471	9753
5263	7133
4110	8481
6165	9834
4577	7609
4651	9185
5754	8943
4854	110
4444	8523
4890	8080
5489	9834
6037	8943
3150	9834
4763	8943
3627	7807
4324	9185
4727	9753
5929	9753
4304	7807
5194	9185
4791	9753
3752	9834
4247	6686
4794	5699
4128	9010
4637	9753
4956	7404
3845	7807
4750	9834
5878	9834
3397	5699
4937	9834
5317	8777
4232	8943
5480	7800
6368	2136
4230	9753
3862	5699
4380	9834
7530	2136
4494	9753
4155	8040
4944	7807
3007	8943
5799	9753
4291	9753
4781	7404
5502	7551
2717	9185
4119	7807
4469	9185
6217	7811
4161	6116
4731	9834
4341	9102
4537	9185
3690	9185
5033	9753
7221	5134
5316	9753
5607	163
3895	8943
5665	8230
6588	9834
4193	9753
6060	7581
7144	8943
6012	7964
5246	9185
4030	9185
7196	7404
3456	6210
4321	7412
5068	9753
4790	5134
5181	9753
5075	9834
4203	9834
4758	9185
4271	9185
4552	7807
6042	8943
5049	9753
6202	9185
5477	7677
5027	9834
4802	8486
4349	9834
6382	9834
5828	7404
5270	9185
4203	7404
4028	7807
5412	9834
5082	7807
6161	9834
4050	8943
5330	8943
6675	7404
4957	6853
5427	8943
4740	7807
5115	9834
5708	8943
5552	5661
8686	2136
3875	7807
5502	8943
5129	7404
3854	7807
4346	8074
5951	7438
5014	9834
4962	9753
4043	9185
4563	7807
4624	9185
6632	8829
3830	9185
4952	9185
4918	7732
6517	5134
4801	9753
5168	8752
3806	5699
4522	9834
4443	7349
8037	8943
4262	9834
5737	8943
5029	7807
5620	8943
4658	9753
6513	6548
3892	9753
4867	9753
3778	8943
3654	7807
5060	9834
4330	9185
5785	7431
4651	9834
4566	9753
5129	8943
4441	9834
6023	7009
5249	9834
3654	7716
4966	9834
3996	9185
5577	7485
4250	7291
4859	5941
3315	9185
5831	2136
5125	9834
4064	9289
3812	9185
5439	7404
5505	7404
6702	8943
4811	9185
4398	7807
5167	8958
4888	9185
4520	9753
5997	9753
4268	9185
4543	8869
5857	7404
5068	8943
4626	8943
4830	5042
4546	9834
4662	9834
5333	8808
4728	9212
5135	4775
5862	8943
4820	9834
4749	9753
4471	9185
4351	8430
5963	9834
3035	5699
6232	5134
4419	9185
5104	9463
5121	9185
7083	8943
4823	8943
4494	9753
4013	5134
4835	7437
6173	5134
3873	9834
5039	9834
5732	8943
5127	9753
5175	5134
5240	7949
6576	8943
5672	7807
5349	9834
3647	8943
5609	5134
3740	5486
3568	9753
5286	6182
4612	7591
6476	7404
4138	4149
6555	9753
3787	7807
5210	8137
6364	9753
4419	8943
3847	6911
4548	9834
4751	9185
4634	9834
5056	8943
4873	9834
4466	8943
4473	8102
4880	6530
4224	7054
5610	7404
3523	9185
3980	7075
4403	5134
3161	7807
5253	8943
2999	8894
4760	6963
6532	9753
4096	7807
5614	9753
4422	6757
4122	9834
4627	5699
2776	7807
5276	8489
5657	9834
4810	7807
5641	9185
5200	9185
5580	7404
4828	9185
5608	7777
4140	9834
4525	9185
5120	5134
4775	7807
2446	8755
4677	5699
5758	8943
4585	9185
4166	6837
3857	7874
4707	9185
4448	9185
4453	7404
4912	9185
4799	7807
4724	9834
6123	8943
3912	7404
3675	7957
5373	7352
4078	6764
6719	5134
3546	9753
5929	9185
5348	7679
5202	8943
6704	9753
4157	9753
3918	9753
3403	7207
3625	7807
5598	8943
2617	9185
4847	9185
4831	5735
2708	7807
5976	9753
4989	9185
3513	9753
5213	8943
4248	9185
5664	6607
4693	9185
7844	7404
5398	7807
3262	9753
6229	3719
4947	9753
4253	9834
2781	9185
6791	8943
5385	7404
6756	9753
5084	7404
4200	9185
5006	8943
3716	7623
3066	7807
3356	9753
4957	9834
5548	9185
5476	9117
4555	7807
4598	9834
4745	7807
3930	7807
3903	9185
7427	6056
5047	9834
5560	8943
5389	7984
6111	7404
3611	9185
3626	9185
4249	9753
3409	7807
6432	8943
4375	7807
5574	9834
4530	9185
4400	9753
4168	7404
3125	9185
5571	5815
6988	9753
3675	9185
4605	7807
3828	7404
5330	8300
3740	7286
4257	8943
4676	9753
5553	9834
4231	6612
5472	7964
3932	9753
6028	9185
5724	8943
4816	8366
5332	8602
4186	5948
3967	8943
4971	8589
4091	9753
6340	7474
5168	6162
5301	7807
5151	7478
3571	9185
2894	6620
4976	8752
4684	9834
6405	8943
4565	7807
3732	9185
4048	7807
5903	9753
3315	7896
5744	8943
4745	5924
4945	8943
4282	9753
5736	7404
3361	7807
5466	8381
3433	7807
4289	8943
6419	7404
6542	7404
6981	8421
4257	9185
4862	9753
7230	9185
5732	7404
4892	9834
4357	9753
4013	7807
6057	7812
3823	7670
4003	8943
3750	7807
4036	7807
4677	9834
4710	9753
4813	9834
4852	9834
4534	7807
7953	7404
6467	9753
4319	9185
4921	5355
4453	9185
6935	7909
4484	7404
4490	9834
8315	9834
3445	7807
6090	7404
5087	7807
4166	8943
5254	8799
5997	9753
3428	9753
5104	9834
3852	9185
5798	7404
4297	8015
4932	9185
4997	9834
5551	7404
4872	9834
4529	7404
4823	9185
3599	9753
3971	9834
4262	8460
4836	9834
3670	9753
6241	7807
4211	8065
4614	6131
5070	9185
4263	7807
4842	9834
3826	7807
3322	8238
4753	9753
4987	7467
4266	9834
3901	7807
4919	9834
3544	7807
6011	9185
4766	9834
3216	9753
5912	8943
6060	6815
4548	8943
4710	7807
4770	9185
6801	9753
5422	9834
4915	5396
5625	8943
4147	7807
3224	7807
5108	8595
2908	7991
3861	9834
4979	9834
4156	6798
5869	9834
4631	7444
3824	9753
5813	2136
3637	7807
6264	8943
5893	9834
5460	5699
3195	9834
4643	7863
5025	8943
4504	6803
3964	9185
4784	8061
3992	9264
5464	7183
5470	9753
4411	7340
4546	9185
4283	5134
5634	2136
4956	9753
4736	7520
3791	9185
4908	9753
4173	9185
5650	9753
5235	9753
5527	8943
7591	3385
6234	7188
5628	9753
7373	9834
5181	3400
5229	9185
4790	7808
5056	9834
5221	7404
4323	9185
4879	2136
5300	9185
4760	9753
4081	9185
6004	8943
4228	9185
7152	9834
3116	9834
4117	7867
5374	9753
4350	6003
4923	9185
4952	9834
4035	8268
4971	8181
4850	9185
5218	9753
5995	7404
4521	8831
4209	8943
6829	7404
5167	3749
5874	8943
3503	9185
3941	9185
4947	9834
5305	7807
4465	7404
4525	9753
4722	8088
5193	8378
7136	9834
4463	9185
2658	7807
5877	5134
5196	8943
5123	7404
5110	9753
5302	8943
5062	5134
3427	9185
3580	7404
4420	8943
5443	9753
5828	8943
5547	8943
4381	9185
3783	8943
3851	8943
3930	9185
4833	8943
5111	9834
5140	7404
5276	9185
4060	7348
5254	9185
4463	9185
4201	9753
6409	9834
3934	9834
3721	7400
4862	7807
5094	9753
4711	9185
5741	9185
4148	7404
5986	7591
3741	8943
6154	9834
4498	3949
4610	9185
6237	8365
3341	9834
4739	9834
4580	9834
5214	9753
4930	9008
4187	7807
2976	7493
5820	8943
4520	7404
4869	9185
3910	9185
4890	9185
4642	9185
2885	9185
4321	9753
4644	9185
5158	7807
4062	8350
5169	7328
4768	8943
5917	8943
5481	8845
5876	7404
5577	7404
4764	9753
5478	8943
3786	7807
5674	6378
4745	9834
4017	8032
3712	9753
4079	9834
4924	7645
4381	9753
4566	8022
5925	7404
4612	6339
6189	8943
4661	9834
5231	9834
3988	9834
4099	9834
4998	6807
5532	9753
4965	9753
4263	9834
5441	7404
5308	5134
4572	9185
3861	5134
4323	9753
5075	7404
4995	9834
5018	9834
3462	8943
2868	7703
6059	2136
4499	9185
6066	7096
6142	9834
5479	7404
7286	9834
3314	7807
3656	6495
4102	6803
4998	9185
4949	6240
5012	9185
4608	9185
5879	5134
7010	5134
5520	6205
5322	8943
4800	5875
5021	7807
5292	9185
4793	8943
4514	7655
5401	9834
5137	9834
3284	6299
5595	8943
4857	7789
5054	7995
4394	9185
3647	7807
5664	7404
4870	8621
4505	7903
4679	8275
4771	9185
5832	8130
6476	8258
5263	9753
4781	7512
4193	9185
6473	9753
4633	8943
4381	7735
4619	9753
5133	8559
5247	5134
3045	9185
4697	9834
5976	8943
2990	9834
3694	6409
5784	8943
4827	9834
4783	7807
7037	7404
4144	9185
4502	9753
4835	8594
4210	9185
4735	7899
4212	9753
5272	9753
5085	7534
3681	9185
5072	7404
3853	7404
7201	8943
5192	9753
4692	5699
4242	6181
4358	9185
5548	3952
3506	9834
5649	9834
4789	9753
4991	9185
5472	3744
4990	9185
4923	9753
3762	5699
5035	6973
5182	3096
5308	7861
4549	9834
4210	8149
4823	5134
4641	9185
5566	6427
4488	9834
6212	6958
3375	5699
5267	4077
4453	9753
4734	8943
4247	9185
4699	9834
4367	7631
5021	8943
4599	9834
7088	7404
6133	7404
4325	7807
3593	8655
5841	7404
5886	8943
5937	9753
4119	8588
5176	9185
3804	7872
4687	9185
6137	8767
3572	8638
3648	6141
4274	9185
6110	7426
4287	8263
4432	9185
4457	8622
5456	7404
6075	7807
4099	7879
5452	9834
4131	7807
4817	7379
5541	8943
3974	4065
4488	9185
6713	9834
4960	9185
7273	5134
4297	7807
5019	7961
6210	5949
4201	9753
5821	9753
5957	7404
3354	9834
5534	7404
5242	8943
5178	9834
5460	8943
5243	5134
5742	8339
7678	8943
4720	9753
3913	9185
8431	7404
5909	9185
5820	9185
5863	5134
5311	8943
4486	7807
4472	7581
4836	7603
4237	9753
4149	9834
3952	8943
3716	9185
4879	9834
4061	9185
4273	7807
4268	9026
2864	7807
4755	7807
3434	9753
3535	9185
4497	7914
4891	9753
5122	9753
5602	8943
5961	8943
4906	9834
3486	9185
5254	9185
4234	8943
4278	7807
5035	8073
5641	5134
4661	9185
5898	8943
3284	8239
5548	8943
3455	9185
4897	7807
5563	8386
5398	9385
4870	9834
3200	9834
5579	9753
4589	8943
2687	5699
4367	7807
4482	9753
5196	9834
3858	9185
3263	9753
6148	6992
5331	9185
4685	7807
4687	7661
3509	9185
4315	9834
4309	9185
4134	9185
4268	8943
4661	7404
5311	7605
4647	6474
5389	8943
2924	9185
5004	9834
4875	8943
5509	9834
4651	9753
5844	9834
5342	7073
4432	9092
4882	9834
4954	9753
4057	9185
5827	7404
4250	6264
5868	8943
4944	9185
5337	7807
5392	9834
4558	8419
5332	9185
6236	9753
4266	9185
5699	5134
3300	8943
3068	5623
5099	9753
5371	7404
4704	9834
4518	8370
4262	5134
5816	7404
4724	5134
4758	8180
4027	9753
6164	9834
3830	9834
5403	2136
4772	7404
3712	9753
5747	9185
6053	7721
5420	5569
4776	9185
5234	7496
3669	7807
3560	9753
5219	9185
4633	9052
5225	7404
8009	5134
5872	7404
5074	8943
4749	7214
3608	9185
5645	5275
5212	8943
4567	9834
4478	6007
5802	8943
4041	9753
5321	7404
3631	5699
5546	7807
3682	6747
6385	8943
4361	7807
4984	9185
4945	7548
5019	9753
5642	9753
3582	9753
4512	8943
4735	7511
4947	9185
3784	5134
4659	7807
5752	9753
4665	8943
4466	9185
4243	9185
3948	6621
4099	9185
4567	9305
4566	9185
5010	9150
4222	9834
4715	9834
5247	9185
4366	9185
4603	7900
5790	9753
3481	8943
7272	7404
3945	7807
4017	7404
5109	7404
5236	9185
4111	5699
5721	8943
5836	6038
4909	8919
5024	9185
3299	9185
4380	7886
4828	9834
4987	7807
4018	6983
7101	8498
4732	9185
5095	9753
4057	9753
6991	9185
5242	9185
3974	9753
4240	7807
3912	9753
3649	9834
4663	8943
4040	9834
3869	7474
5534	9834
4040	9834
3787	9834
5979	5699
5975	7404
4374	9185
4695	9834
4042	7468
5698	5340
4447	8377
4285	9185
4039	7404
3715	8943
5117	8447
4806	9834
4594	5134
3417	9185
4537	6107
5838	9753
4064	9834
7244	9185
4000	9185
6923	4820
3930	9753
5402	7807
6260	8943
4939	9185
3749	9185
5073	5134
6637	4089
5927	9834
5280	9834
5223	9753
5069	9185
7390	7245
5402	9834
5137	8361
8527	8943
5131	7548
3780	8943
5785	8943
5307	7404
4244	9834
5213	5134
4567	4235
4431	9834
5387	9834
4755	9185
3991	9753
5044	8943
4565	6446
4575	9834
3940	5699
4136	8681
4831	9834
5020	8139
8249	9834
4729	9834
4367	9834
4976	7638
3289	7807
5000	7404
6241	8943
5596	7404
4071	9185
4765	5893
4395	7404
4500	8781
4485	9753
5083	7404
5832	8943
6686	8943
4667	9834
4453	9185
5782	9834
4749	9753
4503	8911
5144	7404
5000	9753
4894	6625
3549	4302
4154	9753
4121	9834
4705	9185
4314	9185
4176	9185
4391	9185
4439	9834
4038	5699
4698	8296
3505	9753
3905	9185
5104	9185
8086	6863
5320	9834
6329	6620
5084	9753
5609	5134
4688	9185
4945	9185
4702	9185
6902	9753
4781	9185
5763	9753
5897	9753
5250	9834
3511	9834
6552	9753
6253	9185
5009	5847
3386	7807
4050	7807
6177	7404
5230	8943
4725	5134
4295	7404
6034	2136
5263	9834
3633	8270
4577	5794
5457	9753
4557	6722
4895	9185
4683	7404
4231	7540
4951	8327
5166	8943
3679	9753
5033	9834
4024	8074
4830	5134
6272	9185
4993	8617
4506	9185
4049	7807
5691	6522
4479	8943
3626	9834
5136	9185
4810	9834
4864	7404
5567	9753
5579	8943
4503	9834
4659	9834
6526	9185
4758	7807
3929	4088
6036	9834
4032	7807
4079	9834
3962	8281
4736	7807
4340	9185
3881	7807
4539	9834
4629	9753
4653	7807
4587	7807
3432	5699
7069	8943
1736	7404
8549	2136
5643	8943
4801	9753
3854	9753
5653	2136
4866	7404
5803	8943
3106	6163
3298	4390
6558	7593
5502	5134
6530	7807
3854	8513
3104	9753
4466	9185
3832	9834
4738	9753
4918	9185
5254	7404
4538	9834
3665	9185
3453	6497
5520	7404
4342	6056
5760	8801
6829	7669
6126	8943
5340	9753
3869	9753
3580	7807
4536	7807
4705	8332
4253	6107
6440	5134
4301	9185
3689	9185
4604	9834
7071	3970
3934	7807
4860	5699
5450	8383
5450	7807
5125	9834
4815	9753
4238	9185
4626	7047
6084	9753
3618	9185
6672	9753
5117	7404
5338	8206
4757	9185
6602	7404
5507	8943
4702	9753
5381	8943
4580	9185
7990	8943
4916	9834
3475	7807
4045	9834
3583	9185
4530	5932
5092	9834
4308	9185
5215	6153
5249	8127
4855	9753
5072	9753
4512	8943
4745	9753
5848	6386
4570	9753
6486	9185
3970	7755
4032	9185
4739	7404
4828	9185
4937	9834
3771	6871
4714	9753
8286	7404
5666	7404
3317	9834
4412	9834
4315	9185
4457	8943
4796	9834
4042	8943
4606	9185
4119	9834
4078	9185
5279	9834
5041	7404
8179	7404
5405	7404
5128	9753
4549	7404
3715	9185
4878	7807
4764	9834
5991	9601
5807	9753
5475	5134
4857	9366
4936	9185
5125	9185
6534	8943
5229	8792
5166	3281
6266	9185
5262	8943
3666	5699
4356	8943
4321	9185
4199	9185
5487	8197
5932	6408
4354	9185
3727	5742
6648	9753
5334	7634
3675	9185
3909	7969
5015	9834
4142	9834
5582	7404
4575	9834
5905	9753
5853	8943
5264	4322
4951	9185
4401	9185
3601	8056
3769	7404
4748	9753
3645	5699
4493	9834
4739	7880
5025	5134
5584	9753
4687	5134
5536	5134
5677	7404
4746	9185
4273	7807
7009	8943
3893	7807
7152	3164
4905	9753
4959	8943
2990	7672
4754	7404
4459	9185
6187	5134
3389	5699
4690	7542
6809	8943
5744	8383
5925	9185
4230	8943
5545	9428
4914	8943
4448	9753
4979	7762
4515	5134
3293	7932
4710	7807
4548	9185
2183	8507
4107	7807
3123	9834
4194	7807
6157	9753
4928	7807
5252	9753
4300	8846
5185	7807
5118	9185
4562	7404
4285	9834
4447	9185
4817	4146
4850	9753
3601	6588
5067	5316
3412	5134
4511	8840
4557	7807
5615	7404
4585	6089
4444	9185
4890	9024
3668	9753
4434	9834
4059	9834
4756	9753
4363	9185
6495	1026
3363	9753
5303	9147
4190	7807
5129	7807
5021	8943
5241	8943
4184	9185
4009	9834
5063	8943
7068	8943
6048	9753
4219	9834
5453	7683
4681	9834
5308	7733
4522	9834
5650	7404
4456	9753
4307	9834
5388	7807
4982	8943
4364	9834
4629	9834
3108	8583
4243	7807
7618	9185
5750	8943
3761	7264
4203	7807
7134	7404
4019	9185
4994	8943
4861	7404
5154	9834
4928	6562
3888	7807
4919	7404
4648	7807
4771	6819
3935	7807
3249	7807
3586	7807
3865	7807
3805	9834
3559	7944
5409	9834
4171	6922
5598	5134
4507	9185
6929	9185
4658	9753
6484	9753
3448	7807
4478	8297
4750	7404
5792	7288
5469	8943
5619	7404
6016	5134
3981	7835
4454	9834
4137	9185
4939	9834
4332	8346
4905	9185
4545	8943
4509	7807
3735	8943
4368	8258
3962	6677
5676	9295
4753	9834
5652	7947
5423	9753
4694	9834
5110	8352
4176	7807
4733	8943
4281	9753
3830	9834
3908	7888
6724	9834
3755	7404
4152	9834
4720	5982
4074	9753
5703	9185
4525	9834
3535	9185
5925	8498
4578	7404
3475	9753
4498	7477
3685	8943
4949	9185
5215	8307
4846	9185
5313	9834
4432	9185
4639	9834
4752	9185
5283	9753
3465	9834
4314	9834
4358	8943
6118	9834
3562	9834
4237	7404
4056	8186
6205	9753
5658	8943
3690	7730
4761	7988
3923	7807
4944	3590
6071	9834
6263	8216
4821	9753
4936	7617
4184	9834
3539	9834
3701	7807
4116	9834
5725	7537
4929	8943
3761	9185
5428	9834
5865	8575
4268	7807
4714	7890
3772	9753
5019	7937
5395	9185
4681	9834
2988	7807
3983	7807
5271	9834
6036	8943
5355	8943
5235	7807
5494	9753
4398	8194
5490	8375
5692	7404
4087	9185
5522	8611
4466	7807
5087	8943
3308	9834
6893	2136
4794	7404
4258	9834
4200	9834
4757	7807
3997	9834
3887	9185
4031	8354
5170	9834
4972	7404
5854	9104
3839	9753
6809	9753
4698	7807
5400	9185
5363	5644
3616	9753
4936	7404
5822	7807
3963	7731
6344	7404
5011	9185
4949	9834
3768	9834
6127	9185
5163	9185
4557	9753
3271	9185
5229	5134
4278	9834
3819	7807
4637	9185
4605	7807
5642	9753
3375	8943
3595	9185
3725	9185
4844	5134
4821	9753
4142	9834
4298	9185
6031	9834
4797	7426
6724	8943
4722	7807
4373	9753
4306	7946
3236	9834
5533	9185
4580	8943
5333	5134
5160	9753
5848	7404
4877	7404
4433	9753
5597	5134
4225	9185
4925	5134
4641	8943
4480	8943
4672	7431
3633	8374
4919	9185
4143	6816
4360	7351
4886	7404
4706	9834
3737	7242
4870	9753
5279	8943
4854	7250
5511	7404
4641	8943
6570	8943
5663	7333
5168	9753
5093	7807
5397	8943
4696	9753
6531	7404
4689	9753
3792	9834
4726	9185
4825	9834
5365	5134
4408	9185
4415	8753
4349	9185
4265	7807
5107	8943
4514	9753
5806	7404
3151	7807
5757	5134
3850	9185
5175	7404
5673	7621
4968	7807
4016	7807
3418	9834
4670	9753
6330	8943
7382	5134
5904	7404
4963	9185
5060	8943
5715	6792
4487	9753
3976	5699
6174	7722
4676	9074
4505	9185
5345	7765
3927	5699
5261	9753
4837	8943
4961	8943
4949	9834
5963	9753
6006	9753
3560	9834
4028	9834
5763	7298
3512	9834
5010	7404
5593	9185
4416	7807
4239	5134
4914	7807
4703	9753
4443	7664
4789	8943
4884	9185
6360	9834
3917	7807
5288	9753
4288	9185
4570	9753
5219	9753
4313	9834
5890	8943
4128	9834
5299	7777
5947	9753
4477	6007
5042	9834
4938	7404
5333	8943
2167	9753
4513	9834
4573	7807
4428	9753
4351	9185
6099	9753
4775	9753
3139	7404
3799	8127
5358	9753
5096	9185
5290	5522
7184	8943
6915	7938
3474	7807
4793	8472
4711	7807
5035	9834
6373	9185
6003	7886
3260	9834
6662	7404
4626	9185
4152	8943
4254	9834
4522	8943
5664	8943
4041	9185
7325	9753
3545	7155
4604	9834
4227	7807
5627	8943
4258	9753
5371	7404
4720	9753
5059	9753
4453	7807
3899	9753
6350	7404
4877	7807
4473	9185
4939	6647
6351	9185
4581	9185
3943	9185
4918	8943
4662	8546
5453	9185
4621	8176
3821	9753
5999	8943
5067	8943
4734	7567
5480	9185
5469	7404
4990	7404
4528	8943
5894	7455
6575	8943
3901	8099
4707	8319
4101	6178
5194	9753
6080	7315
4636	7404
5574	7526
4360	9185
5070	9753
4923	8493
3220	9185
4786	5777
3533	8943
5224	7866
3609	2136
4480	8943
5275	8821
4470	7404
4248	9834
5754	9834
5797	9011
4064	8943
3528	9834
4466	8943
5617	9753
4082	7404
4677	9834
4392	9185
4861	8467
4737	8235
4523	9753
5532	8943
5124	9753
5254	9185
4924	9834
4747	8943
4386	9753
4190	9834
3525	5699
5652	6268
4592	8943
5991	6216
4135	7686
4763	9834
5289	9834
4484	7807
4409	9834
4859	5923
5193	7778
3544	9834
5767	9185
4678	9185
4726	9834
5240	8943
5221	7404
4675	9834
4842	7404
3989	9834
5993	6796
4538	8845
5773	7404
4433	7717
4667	7807
4469	9753
4013	9753
6214	7404
5681	8943
4569	7807
5955	9753
4927	9753
4083	8575
5634	9185
4949	9185
4059	9753
4241	7404
4641	7946
4349	9185
1918	9185
4069	5699
3610	9834
5219	8943
4680	8943
4737	7447
4955	9834
3940	6998
5099	9185
4820	5134
4067	7673
5026	9185
4830	8870
4894	7807
4556	9753
4726	7807
6027	8943
5090	9834
5782	7507
4223	9834
4788	9185
4118	9185
4245	7807
4513	8943
4660	9834
5898	9753
5247	9753
5190	8943
4625	9185
4724	8943
5711	7404
4931	7807
4763	9753
4787	9834
3981	5699
5492	9834
4121	5134
4639	9834
4329	7807
4907	9753
8628	9753
4709	9834
7639	5134
6602	9753
4306	6461
5683	8943
4450	9753
4784	5134
4308	7807
4606	7924
4580	9834
3850	9185
5245	9753
3828	7456
4603	7404
5644	5134
5228	9753
5677	8943
6951	8186
4341	7807
3943	7807
3600	9185
5236	7807
7060	3143
4777	9753
4800	7404
5126	9834
3103	8721
4432	7807
5566	8943
5818	5134
5041	9834
5777	8943
4830	9834
4058	5699
4427	7404
5956	9753
5847	9185
5633	7807
4931	7807
4637	9185
3975	9753
4387	7807
4321	7807
4264	9185
4603	9185
6560	8349
5108	9753
5197	9834
5836	7807
5632	7857
5384	9753
3468	9185
3806	9185
5190	9185
5064	7404
6418	9753
5229	9753
4591	9753
5662	9753
6611	7404
3887	9834
3201	9185
5380	7404
4168	9185
4440	8943
4374	8943
3374	9753
5109	9185
6419	7807
4446	7404
5362	9834
5384	9753
4317	9753
4386	9834
4981	9185
4758	3955
5805	9185
4025	9753
4063	7807
4199	9834
4815	8943
3963	8397
5415	9834
5614	7625
5145	8943
4514	6402
6088	9834
4885	9009
5651	9185
3861	6189
3426	8943
6182	9753
5475	9834
4340	9185
5062	9834
4952	8050
4224	7807
3759	9185
7195	9610
6961	8943
3376	7404
5909	5134
4487	9834
3534	5134
4596	5699
4258	7807
5709	8943
4648	7404
6152	8943
4586	7807
4511	9834
4284	9753
6337	5699
4700	3332
4508	9753
3589	7807
3717	7807
4306	8943
4830	9185
5426	5134
5364	7404
4053	7236
2624	8644
5191	8713
6060	8567
5167	8943
3980	8943
5326	8943
3777	9185
4857	9185
3131	6094
5632	9834
4425	9753
4375	9834
6374	7404
5549	9185
4978	9834
4863	3624
6369	7635
4000	9753
6283	7404
4552	7404
4963	9834
4106	6352
4328	7216
4822	5496
6389	2868
3901	5767
3926	9834
4110	9185
4672	8943
4636	8283
4707	8943
3800	6538
4508	9185
4691	5764
4915	8943
4376	9753
5542	7748
3063	9834
5866	7404
5637	9834
3833	8943
5642	5815
4684	5699
5861	8272
5208	8315
5062	9185
5499	9834
3685	7807
5030	9753
5628	7404
4439	7807
4414	9185
5377	9753
5195	9834
4073	7807
5292	9834
4765	7404
4057	9834
4232	9185
4229	8943
4449	8943
3795	9185
5893	5925
