4	4171
1	2669
2	9623
2	9702
1	7396
4	9818
6	7058
4	5654
4	9955
5	2466
1	1993
1	6507
1	8527
4	6969
5	6074
4	3024
1	4613
1	2016
1	2869
5	6073
1	1816
3	9486
5	1301
6	7475
4	4374
1	3275
5	2256
1	1929
1	8134
4	9996
6	9795
4	4141
1	4708
1	1725
2	9871
2	9648
1	2812
4	5498
5	1572
1	4865
2	5893
2	1614
1	2880
1	320
4	8222
1	57
4	1969
3	9380
4	4745
4	3921
6	9829
2	3066
4	9221
3	7779
4	7489
4	6004
5	101
4	9550
1	3577
1	3932
3	9617
4	3409
3	8261
4	2142
3	9286
2	8083
4	5762
4	9177
1	805
5	3109
3	9632
1	2860
4	8636
2	7969
1	2588
5	2917
2	8201
6	9996
1	3339
4	9975
5	3204
4	9311
4	5340
6	9394
4	4518
4	8344
1	6658
1	1736
2	9230
1	2822
1	1972
4	9932
5	2389
6	9903
4	3863
4	7456
4	737
2	7398
6	9319
1	4371
4	9743
5	4388
4	8176
5	1104
4	7646
5	1179
5	1112
1	5097
4	3925
2	5770
2	8148
5	3839
5	721
4	2041
1	1435
6	9861
1	2807
3	9980
5	1432
2	9893
2	9994
1	1549
1	695
1	5668
1	2771
1	4888
1	8860
1	3520
3	9986
1	763
4	3108
4	8955
1	6323
5	1804
5	6059
1	4147
1	2079
1	2262
2	982
1	2981
4	8789
2	7697
5	1009
4	7956
6	9959
6	9035
6	7544
2	6958
2	4979
4	4677
1	1879
6	9008
1	5007
4	7351
1	2950
5	1970
6	9346
1	4984
1	6786
1	3530
2	6431
1	7881
4	2937
6	9944
4	5068
1	3406
1	3185
2	3273
2	9170
2	5689
4	4564
5	242
4	7615
4	8232
1	2427
6	9706
4	7595
1	3046
2	9197
2	3646
1	6633
1	605
1	425
7	7109
2	6028
1	5598
5	1238
2	4949
1	3542
6	9111
1	2630
5	641
3	9965
4	3303
2	7735
1	9710
4	6026
2	4390
5	2918
6	8017
4	3007
4	3179
2	4477
1	3562
1	3255
4	3671
1	2618
4	3786
1	2293
4	8721
6	9771
2	8119
4	6389
2	2071
4	5298
4	9407
4	3214
3	8680
4	8404
6	9963
1	8450
4	6054
5	164
1	2923
4	9033
1	2636
1	1340
6	5030
5	1812
5	2778
1	7183
4	8219
6	9749
1	6017
4	7887
6	9342
6	9864
5	2086
4	8983
4	4534
2	5493
4	9976
4	5617
1	5582
2	9225
5	5324
4	3192
4	3453
1	4340
3	6277
2	9497
4	3403
5	2391
1	3182
7	8021
7	8877
1	2964
4	5601
1	9314
5	1305
2	7116
1	979
1	6226
1	2669
1	573
3	9806
2	9995
4	3781
1	2804
2	2958
4	3441
6	8561
1	2214
1	28
1	6702
4	7816
5	311
5	2302
1	2698
1	3037
4	997
2	5916
1	1139
1	64
6	9976
3	9849
2	3396
5	899
4	3075
3	9999
1	6588
1	3095
1	7307
1	2069
1	961
4	8539
3	5936
2	9914
6	8918
1	414
2	9682
4	4484
2	8656
4	5257
1	8923
1	9889
4	7480
1	6018
1	3526
4	9111
4	6475
4	2980
4	4096
2	4321
7	9907
4	6887
1	5485
5	243
1	9535
1	1221
1	6027
2	9966
1	1634
4	5284
1	2408
5	2065
4	8665
6	9895
4	2884
4	9164
2	4007
5	173
2	5424
6	9961
1	497
1	3380
5	69
1	8119
6	4428
5	2378
2	5565
4	5906
5	3529
4	3713
1	7568
1	4475
1	2599
4	9822
4	3286
1	248
4	9841
2	7205
4	1753
1	3860
4	336
2	4271
4	5115
2	3934
2	2886
1	5326
2	589
4	685
4	9000
1	7157
4	2032
4	2489
2	7014
1	4493
1	2231
2	2
1	6791
5	2572
4	9651
2	6846
1	9905
1	4712
1	904
4	9999
5	6500
4	5271
1	3817
6	8797
1	5832
4	8979
4	5735
3	9961
5	469
3	9582
7	6738
6	8221
4	9380
1	2487
6	5710
6	9609
3	9177
1	4368
2	7339
6	9779
4	5349
1	2348
5	1630
6	9480
5	16
4	9071
1	2791
1	2334
6	8608
4	4249
2	8049
2	9665
3	5920
1	1299
4	5414
4	4432
4	7057
2	7957
2	8888
1	2564
2	9969
4	9823
4	1636
2	3756
4	7647
4	8282
2	8391
1	2800
1	6619
6	9800
5	825
4	747
2	9761
1	4761
4	7859
1	4158
5	1938
1	2832
1	4021
1	2818
5	469
2	6636
4	2406
1	2995
2	9997
2	4673
2	8303
2	9960
1	2823
4	8314
5	2739
4	2935
4	405
5	6099
5	4655
4	1309
5	5383
2	9858
1	2927
7	6201
5	2233
1	3854
2	6374
2	9408
1	2567
4	1984
2	7119
4	9452
4	3748
5	189
4	7498
3	7160
4	9968
1	2854
4	3115
6	9582
5	4666
6	9521
7	5921
4	7171
4	4755
1	9928
1	3953
6	7460
4	9571
5	470
1	4861
4	6532
2	4601
1	2555
4	3365
4	2979
5	4842
5	2300
4	7004
1	4577
2	7181
4	9421
5	7519
4	7082
1	2586
3	8693
2	9839
2	9732
6	5173
2	7564
6	8852
2	8452
4	9280
1	2119
1	411
1	1716
4	9524
1	4581
1	2637
1	4571
2	9626
4	2440
6	8945
4	61
5	1983
1	3031
4	2575
5	19
6	6713
5	1231
1	2972
4	3798
5	4528
4	9427
5	3642
1	77
6	9180
1	1665
2	9998
4	8216
3	9126
4	3440
4	1502
4	5411
4	7168
1	0
4	7104
4	3364
4	3162
5	1242
5	3579
1	2004
4	5507
7	9933
5	2239
2	4776
1	5924
5	808
1	2313
1	1046
4	3135
1	4505
1	9457
2	3508
1	2020
1	6189
1	1418
1	3682
1	90
6	5705
2	9496
4	5454
1	9247
4	4415
4	6888
1	4051
4	8223
4	3951
5	82
4	9988
5	3255
2	9106
4	1909
5	4116
2	5963
4	3587
4	5608
2	7538
1	4787
1	3550
2	5876
4	5947
2	4434
4	3239
2	3546
4	9223
2	9982
4	5526
5	4360
4	1289
5	2422
2	9968
2	3413
4	7628
2	2355
4	8022
4	7622
2	7943
2	9793
2	4736
2	2186
4	8585
2	9987
1	3098
5	6227
2	6803
2	7308
2	9971
1	5785
1	2718
4	9753
5	825
5	2720
4	5081
5	4403
2	7521
2	3379
4	9985
2	4884
1	4338
4	8747
1	7871
1	2740
1	2283
3	8699
2	6559
2	9310
4	9883
5	1776
2	7128
1	1974
1	2539
1	1868
4	3377
2	8990
2	7857
6	9561
2	4893
5	6276
2	4215
4	6705
5	2052
2	3119
4	9491
4	1877
6	6531
1	1276
2	9231
1	1863
1	4325
2	5857
1	4219
4	4520
6	9192
5	384
1	4665
1	3039
1	3608
1	5163
4	7170
1	2104
5	3974
3	3562
6	9641
1	2875
1	9813
5	30
4	9943
5	673
5	0
6	1706
3	5830
6	7368
5	496
2	9406
4	8325
2	8709
2	6169
5	2008
2	5262
2	6851
6	9988
1	3831
5	3180
1	5043
4	4361
2	9735
4	3393
1	5352
4	3642
3	7986
4	4686
4	7629
1	1646
5	976
3	6720
1	2237
5	4813
4	9699
1	7524
5	4163
5	5845
2	9533
4	4583
2	8232
4	4869
2	9315
1	670
1	1887
1	907
1	2650
2	9019
2	9069
5	5051
4	3544
1	4697
3	9943
5	58
5	6215
5	2012
1	8200
1	1602
4	7444
6	9986
7	7332
5	2690
4	3239
5	109
1	4911
6	9105
5	8828
1	2374
5	3000
2	3667
1	4482
1	1137
4	1311
2	8955
1	3668
5	223
4	4786
1	3622
4	4673
5	4332
5	4224
5	6198
2	5657
6	6347
5	2230
3	9503
4	1209
1	2870
1	2640
3	7299
1	3250
3	9431
5	5086
4	1539
7	9040
1	2021
5	4830
2	9234
4	8594
4	5544
5	5251
1	3945
4	7590
5	2011
2	3839
1	1082
1	3345
1	2840
4	5580
1	1985
6	9826
5	3274
5	5567
1	7058
1	6281
1	995
4	3838
1	1734
4	8166
1	4907
2	9980
2	5555
2	4855
1	853
1	2416
1	2864
1	3646
6	9966
6	7730
2	7016
1	2216
5	2990
2	2828
4	4071
5	5823
1	8577
4	6085
5	0
1	2941
6	4706
2	8601
4	7180
4	6067
1	3001
6	9553
5	79
1	907
6	9827
2	9803
2	9914
1	1100
5	67
2	1834
1	2472
2	5933
5	6
5	1675
4	2889
1	6356
1	3778
6	9992
1	8940
