9964	250
9964	168
9964	269
9964	534
9964	87
9964	164
9268	597
9347	212
9964	164
9964	164
9964	159
9964	308
9026	202
8930	140
9964	120
8865	63
9237	236
9964	144
9964	101
9964	183
9964	72
9964	178
9964	87
9964	346
9964	250
8956	298
9964	428
9964	120
9964	197
9964	149
9964	207
9298	284
9964	2031
9964	173
9964	140
9964	366
9234	241
9964	29
9964	0
9964	173
9964	173
9109	154
9964	241
9964	140
9964	111
8776	202
9964	1025
9964	106
9964	154
9964	19
9964	154
9964	178
9964	438
9345	159
9289	168
9964	140
9393	452
9964	140
9964	192
9268	212
9067	265
9964	183
9964	135
9964	140
9964	202
9651	448
9964	164
9964	14
9964	178
9964	351
8966	510
9264	34
9964	14
9964	43
9964	149
9059	164
9341	106
9964	0
9964	192
9964	173
9163	14
9455	168
9964	245
9964	58
9053	159
9964	207
9964	231
9964	140
9964	144
9964	125
9964	197
9511	457
9964	515
9964	645
9964	1516
9964	298
9964	221
9541	462
9964	269
9494	428
9964	144
9964	265
9964	395
9964	38
9964	236
9964	0
9964	371
9378	192
9964	188
9964	82
9964	10
9964	207
9964	842
8873	48
9964	221
9964	58
9396	433
9964	168
9964	19
9964	289
9964	197
9964	159
9964	192
9964	313
0	9999
9964	202
9964	390
9964	140
9964	197
9964	168
9964	149
9964	63
9964	448
9964	183
9088	274
9434	144
9964	217
9964	173
9964	212
9964	192
9964	255
9964	221
9446	245
9964	221
9964	212
9964	43
9210	563
9496	140
9964	269
9964	188
9964	303
9964	207
9964	274
9964	255
9163	14
9250	573
9378	29
9964	500
9964	236
9964	77
9964	77
9964	38
9964	356
9964	164
9964	24
9235	221
9548	53
8973	188
9089	29
9964	188
9964	164
9964	140
9283	1131
9964	140
9964	188
9964	77
9964	443
9964	43
9964	173
8771	53
9196	19
9964	135
9964	197
9964	0
9964	654
9964	135
9964	82
9341	140
9964	168
9964	149
9352	159
9709	154
9964	188
9964	43
9964	154
9128	414
9964	207
9964	245
9288	159
9964	67
9964	130
9288	621
9964	197
9964	395
9746	197
9964	43
9964	1718
9964	197
9964	43
9964	1521
9964	101
9964	115
9964	168
9964	178
9311	192
9964	67
9964	159
9964	1112
9964	385
9964	140
9964	140
9964	140
9964	159
9964	120
9963	3421
9964	43
9561	72
9964	96
9048	178
9964	115
9964	294
9964	0
9964	53
9964	135
9964	688
9964	87
9964	135
9964	164
9964	0
9258	159
9964	29
9340	34
9427	140
9964	144
9708	38
9618	140
9964	91
9964	192
9964	130
9964	101
9964	0
9964	428
9964	712
9964	289
9964	183
9964	265
9964	188
9964	188
9414	332
9964	43
9964	125
9964	38
9964	10
9964	48
8665	130
9964	125
9964	279
9964	164
9964	144
9964	640
9964	144
9964	751
9964	173
9964	168
9964	34
9964	144
9964	77
9964	173
9964	159
9964	808
8953	24
9964	38
9964	140
9964	58
9127	183
9494	140
9231	832
8927	149
9964	188
9299	140
9964	154
9964	24
9285	159
9964	77
9964	245
9191	192
9964	183
9964	159
9964	212
9964	154
9964	67
9964	0
9296	164
9964	34
9964	106
9964	221
9964	0
9964	183
9964	241
9964	149
9964	0
9964	298
9964	111
9964	284
9964	164
9964	96
9964	34
9964	168
9246	630
9964	77
9964	144
9363	168
9964	115
9267	63
9964	0
9964	0
9964	149
9964	120
9964	43
9369	245
9964	342
9964	202
9964	443
9964	173
9184	149
9964	351
9964	279
9964	366
9964	43
9964	135
9964	380
9964	53
9964	351
9244	154
9964	452
9351	279
9964	82
9964	24
9263	250
9964	164
9964	34
9964	549
9196	53
9964	346
9964	115
9964	269
9964	140
9964	19
9137	24
9185	34
9964	149
9964	159
9962	4379
9964	192
9964	168
9964	140
9964	438
9964	183
9964	140
9964	712
9273	226
9964	611
9155	428
9274	38
9964	144
9964	53
9964	183
9380	140
9964	144
9964	168
9964	404
9964	135
9310	58
9964	0
9964	269
9964	0
9964	515
9613	433
9964	188
9964	125
9964	236
9964	48
9964	269
9964	188
9279	953
9964	24
9330	226
9964	669
9964	217
9964	178
9254	125
9552	192
9964	43
9964	313
9964	438
9964	29
9089	154
9964	154
9964	96
9947	154
9964	192
9344	144
9964	159
9964	654
9964	168
9964	298
9964	476
9964	154
9964	140
9314	164
9964	24
9964	72
9964	337
9964	58
9964	366
9964	284
9964	34
9964	197
9964	197
9964	101
9964	67
9413	197
9964	164
9964	245
9240	24
9964	87
9964	159
9964	82
9964	568
9964	197
9964	48
9964	91
9608	38
9964	77
9201	188
9964	48
9964	472
9964	125
9964	192
9964	53
9964	144
9964	120
8892	173
9964	202
9964	337
9964	164
9964	58
9964	0
9957	5221
9161	149
9964	188
9280	144
9964	221
9964	101
9964	159
8943	48
9964	0
9964	0
9964	63
9964	149
9726	168
9964	500
9964	58
9964	765
9964	255
9596	226
9964	217
9964	24
9964	0
9964	207
9964	77
9964	63
9377	452
9384	0
9964	91
9964	125
9964	135
9964	303
9964	1896
9206	67
9964	289
9964	1501
9964	48
9964	125
9964	144
9964	303
9964	269
9964	217
9964	144
9964	236
9964	274
9964	111
9964	144
9005	226
9735	659
9980	183
9964	294
9274	284
9964	231
8993	274
9964	327
9964	82
9964	72
9964	520
9964	428
9964	173
9964	303
9964	164
9964	43
9964	592
9964	294
9964	149
9964	168
9964	284
9964	34
9964	192
9964	433
9964	173
9361	101
9964	188
9297	125
9964	269
9964	144
9964	154
9964	67
9250	226
9369	53
9964	164
9964	120
9964	173
9474	144
9439	5
9964	140
9964	144
9964	303
9964	236
9453	375
9964	159
9964	58
9964	159
9964	87
9964	140
9298	38
9964	269
9964	900
9964	428
9964	67
9964	38
9618	173
9964	472
9964	635
9964	154
8922	159
9025	48
9235	168
9964	197
9964	0
9054	91
9553	19
9964	144
9964	53
9964	0
9964	144
9964	125
9226	419
9326	765
9306	587
9964	5
9012	0
9258	0
9964	577
9964	63
9964	260
9964	197
9060	5
9964	5
9964	135
9964	14
9964	212
9594	298
9537	38
8995	43
9964	496
9460	140
9964	212
9964	173
9303	19
9271	159
9266	217
9314	192
9499	250
9964	231
9964	72
9964	149
9964	510
9964	1318
9127	120
9178	173
9014	149
9964	58
9964	799
9083	197
9350	274
9274	140
9964	164
9964	63
9964	154
9745	72
9964	149
9964	197
9964	154
9964	173
9964	159
9964	34
9964	72
9964	87
9964	178
9964	221
9964	29
9247	197
9045	63
9963	3681
9300	43
9964	159
9154	332
9964	274
9964	380
9964	0
9964	192
9964	597
9964	159
9964	159
9964	154
9964	159
9964	58
9964	178
9964	173
9154	144
9964	202
9964	82
9964	144
9964	48
9964	135
9964	24
9010	0
9964	130
9351	125
9964	284
8864	135
9964	140
9964	48
9964	140
9964	226
9964	82
9964	0
9964	183
9964	67
9964	34
9964	558
9964	87
9964	14
9964	0
9964	0
9964	226
9964	34
9964	43
8778	1646
9964	135
9964	173
9234	173
9964	87
9964	630
9964	197
9964	265
9964	173
9964	149
9964	149
9964	197
9964	34
9423	438
9964	77
9964	241
9279	63
9964	5
9168	313
9429	192
9964	29
9964	265
9964	120
9964	178
9964	135
9964	202
9964	996
9964	58
9964	472
9964	91
9964	115
9238	38
9964	34
9964	14
9964	82
9964	327
9964	183
9964	87
9964	414
9964	144
9964	154
9964	269
9964	164
9964	58
9292	452
9964	140
9964	611
9964	236
9964	154
9964	192
9964	96
9964	1381
9266	53
9964	154
9964	164
9964	664
9964	135
9964	0
9964	168
9120	53
9964	149
9217	120
9964	87
9964	318
9964	168
9065	197
9964	265
9964	149
9220	303
9964	462
9964	188
9964	173
8658	168
9964	91
9102	366
9233	159
9964	727
9964	178
9964	48
9248	19
8841	48
9064	0
9964	221
9196	149
9388	284
9406	183
9964	125
9373	164
9964	221
8982	284
9964	207
9964	72
9964	241
9240	140
9964	289
9964	0
9964	245
9964	303
9678	226
9964	140
9272	289
9226	24
9103	72
9281	140
9964	48
9964	173
9964	544
9964	29
9964	29
9964	327
9964	245
9015	144
9406	144
9486	269
9237	149
9964	164
9964	101
8829	159
9964	154
9964	125
9455	346
9964	192
9964	14
9323	164
9964	207
9964	183
9964	183
9964	91
9964	486
9964	159
9964	188
9964	231
9964	274
9964	144
9964	2151
9964	140
9272	539
9964	351
9388	188
9964	130
9964	24
9964	24
9046	53
9238	67
9964	38
9051	115
9533	144
9964	58
9964	48
9964	298
9627	217
9964	135
9964	53
9964	0
9964	164
8962	135
9353	82
9964	149
9964	217
9964	688
9964	67
9351	0
9964	82
9964	149
9964	34
9964	164
9964	274
8920	2478
9402	24
9368	149
9964	0
9964	87
9964	144
9964	149
9964	0
9225	58
9964	419
9109	274
9964	313
9290	178
9964	91
9964	197
9964	178
9964	217
9964	303
9257	327
9964	164
9964	154
9964	1232
9964	375
9964	168
9964	82
9964	217
9964	207
9964	197
9964	303
9964	34
9964	140
9964	250
9567	140
9964	250
9221	0
9964	202
9173	29
9964	717
9964	837
9964	168
9964	0
9470	168
9964	29
9357	217
8971	226
9267	318
9704	313
9964	101
9964	101
9551	192
9964	111
9964	164
9964	140
9964	144
9964	419
9964	255
9964	29
9964	48
9964	202
9964	202
9964	0
9246	433
9964	443
9964	0
9964	164
9964	91
9964	183
9964	154
9964	82
9334	173
9964	149
9964	861
9964	106
9964	173
8997	183
9831	289
9964	0
9644	428
9964	24
9964	496
9964	183
9964	120
9964	48
9441	371
9964	115
9964	154
9612	149
9964	159
9964	53
9964	173
9964	164
9437	159
9964	106
9576	520
9964	188
9964	298
9084	423
9964	308
9964	188
9964	144
9964	34
8990	58
9964	149
9106	159
9964	178
9692	505
9411	140
9964	433
9276	500
8866	164
9964	178
9964	154
9964	279
9964	29
9964	524
9964	510
9964	703
9964	130
9964	298
9964	140
9253	289
8954	890
9334	255
9964	221
9964	144
9149	140
9964	24
9386	82
9964	111
9964	375
9136	101
9964	1116
9964	63
9964	154
9964	144
9964	149
9964	120
9964	294
9184	164
9964	144
9964	428
9964	106
9964	308
9964	72
8927	164
9964	120
9964	115
9964	144
9210	322
9964	202
9162	135
9964	159
9964	231
9964	703
9964	212
9048	342
9964	438
9964	72
9964	149
8974	183
8750	10
9207	72
9348	144
9964	226
9964	135
9964	38
9964	24
9091	14
9964	24
9964	144
9964	5
9964	72
9964	217
9964	0
9964	168
9964	178
9964	255
9964	67
9193	168
9964	712
9964	96
9964	58
9964	140
9964	120
9964	63
9964	48
9964	24
9404	10
9964	255
9096	303
9964	43
9964	144
9964	207
9964	154
9964	149
9199	650
9964	120
9964	19
9964	337
9498	58
9964	82
9964	202
9964	48
9964	183
9964	390
9964	63
9964	284
9964	236
9964	2305
9964	173
9964	212
9964	0
9464	173
9961	4552
9964	14
9964	144
9964	606
9018	144
9964	72
9964	130
9964	164
9964	188
9964	91
9964	168
9964	457
9964	0
9234	144
9964	149
9341	144
9277	125
9964	298
9964	72
9187	236
9661	159
8971	173
9964	457
9964	135
9964	885
9964	72
9964	135
9964	231
9964	366
9964	53
9964	29
9964	390
9964	236
9964	207
9964	14
8904	115
9964	173
9964	48
9964	524
9964	19
9964	245
9964	164
9964	168
9964	549
9133	775
9964	294
9964	82
9964	712
9555	63
9964	164
9964	1554
9964	448
9964	38
9964	24
9964	48
9964	500
9963	2800
9964	217
9147	154
9964	332
9964	0
9964	212
9291	34
9964	327
8947	601
9964	144
9964	332
9964	144
9964	24
9964	255
9964	212
9964	342
9964	159
9964	19
9132	192
9964	197
9964	250
9964	168
9964	154
9250	87
9964	144
9964	106
9964	82
9964	192
9964	212
9102	87
9964	5
9964	82
8959	183
9964	188
9964	0
9964	419
9964	38
9964	19
9999	77
9964	130
8952	173
9964	140
9964	173
9964	149
9964	274
9964	29
9964	217
9964	154
9573	164
9964	130
9964	207
9964	241
9964	553
9964	130
9276	346
9964	168
9964	337
9964	140
9964	298
9458	192
9964	443
9964	154
9964	19
9964	236
8838	0
9603	135
9964	409
9964	1198
9964	885
8922	269
9117	38
9964	0
9310	168
9964	188
9964	38
9135	144
9964	414
9128	443
9315	53
9964	140
9964	38
9964	197
9964	1347
9964	0
9964	125
9964	72
9964	857
9964	0
9964	101
9964	53
9964	10
9302	43
9273	144
8920	135
9159	164
9964	164
9451	366
9964	149
9964	828
9964	173
9964	159
9964	154
9964	164
9622	140
9964	289
9964	308
9964	34
9964	34
9964	197
9138	226
9964	72
9964	217
9964	221
9415	111
9964	419
9964	1612
9964	269
9964	43
9964	87
9181	58
9964	322
8817	101
9964	34
9240	87
9964	298
9372	38
9153	515
9964	130
9964	385
