73	4
1	1
95	6
513	4
5	5
47	5
1	5
1	5
1	1
1	6
1	4
73	1
6	6
2	6
144	5
501	6
80	6
69	4
2	4
1	2
1	4
18	4
1	4
143	5
1	4
11	5
101	4
1	2
8	6
1	2
18	4
1	4
12	4
1	6
1	4
43	4
8	5
37	4
5	3
1	5
7	4
1	1
560	4
1	4
1	2
1	4
119	6
155	2
18	4
103	4
153	4
48	4
77	6
51	6
1	5
48	6
420	6
310	1
1	5
1	1
147	4
36	3
263	4
1	6
76	4
1	4
48	4
1	5
79	4
9	4
1	4
1	4
1	6
194	4
2	5
173	4
324	4
1	4
17	4
1	6
54	6
46	4
203	4
275	4
1	5
628	4
1	4
45	6
595	6
1	5
41	4
1	4
201	4
39	4
1	4
113	5
151	4
35	4
153	4
19	4
44	1
6	6
1	4
277	4
29	4
104	5
1	3
1	4
323	6
158	5
19	4
19	4
16	1
1	5
1	6
64	4
1	5
1	6
1	5
329	5
1	2
1	6
57	4
68	4
126	4
1	3
440	4
13	4
80	4
24	6
101	2
182	4
327	4
505	4
177	6
78	5
404	2
1	4
189	5
1	5
37	5
1	4
1	6
50	4
70	4
1	4
1	4
67	4
27	4
31	6
124	5
1	4
2	5
1	4
1	4
1	4
49	4
108	4
539	5
43	6
32	4
115	3
57	6
1	4
1	4
1	4
1	4
3	4
446	4
1	6
6	4
527	4
1	2
1	5
125	4
34	2
229	5
1	5
8	5
11	4
10	4
1	6
133	4
1	4
109	6
1	4
37	5
603	5
104	4
1	5
1	5
1	4
1	4
68	5
1	4
42	2
1	4
1	4
469	4
1	4
85	4
1	4
106	2
122	4
1	4
38	6
1	4
40	5
183	6
11	5
319	4
375	2
1	4
193	5
30	4
10	4
28	6
92	4
6	6
65	4
1	4
1	3
25	5
37	4
1	4
1	6
51	4
470	4
1	5
287	5
1	4
206	6
440	5
1	4
191	4
409	3
28	4
1	4
495	2
12	5
144	6
1	4
1	2
1	4
150	4
1	4
191	4
1	5
210	6
1	5
18	5
112	4
134	4
83	5
43	4
68	5
1	1
1	5
1	4
101	4
40	5
1	2
15	5
250	4
39	6
170	5
161	1
1	1
60	6
1	3
1	6
90	6
34	6
1	4
1	4
128	1
1	6
296	6
1	4
56	5
1	4
1	4
1	6
362	4
38	4
75	5
24	4
51	4
37	6
1	4
1	5
53	4
1	4
1	5
127	5
330	4
314	4
106	4
1	4
1	5
1	3
1	3
25	6
26	4
550	2
1	5
1	4
122	6
1	5
1	4
1	6
45	4
2	1
1	4
198	2
11	4
11	4
523	4
144	4
110	4
1	4
14	4
290	4
1	1
52	4
1	4
1	1
14	1
165	2
142	6
601	5
1	5
1	4
1	5
148	4
1	1
1	5
51	4
17	4
1	4
116	5
1	5
10	5
1	4
7	4
71	5
1	6
124	4
1	6
1	6
1	5
98	5
119	1
1	4
1	4
91	4
9	5
1	5
1	2
1	4
1	4
31	4
1	4
7	4
197	4
141	1
5	4
1	1
1	4
30	5
1	4
1	4
15	2
1	6
128	4
1	6
15	4
90	4
76	4
1	4
67	5
1	4
66	5
1	6
282	1
117	6
1	2
9	4
92	4
1	6
1	6
536	4
99	4
1	5
1	6
72	6
9	4
1	5
546	3
7	5
1	2
146	4
27	5
114	4
231	5
1	5
17	5
78	4
1	6
1	5
1	4
322	3
1	4
127	5
141	2
1	4
517	5
57	3
212	5
422	5
269	1
286	3
1	4
81	1
603	4
269	1
1	4
1	4
1	4
1	5
156	5
1	5
1	5
63	4
80	3
1	4
1	4
1	4
63	4
1	6
55	5
33	6
167	4
1	6
72	6
1	5
1	4
1	6
144	5
1	6
1	2
18	3
137	4
596	4
1	4
1	4
169	5
1	4
1	4
116	5
1	3
1	4
1	4
72	5
208	3
33	4
1	4
1	4
1	4
48	6
6	4
349	3
22	6
88	5
1	3
1	4
7	2
1	6
1	2
2	4
535	4
32	4
1	5
1	6
1	4
1	4
11	4
56	4
1	4
1	3
131	4
76	5
1	6
404	5
1	5
1	6
37	5
1	5
1	4
1	2
12	4
120	6
1	4
85	3
1	4
1	6
73	4
54	6
7	2
1	4
1	6
1	4
1	4
32	4
252	4
140	6
2	2
66	4
1	6
237	1
143	1
1	6
1	4
143	2
139	4
1	4
46	6
1	6
62	4
1	4
18	4
193	5
123	1
1	6
15	3
110	5
1	5
21	2
1	4
176	2
115	5
1	4
1	1
16	4
47	5
386	4
112	4
1	4
6	6
105	6
13	4
103	4
1	5
21	6
5	4
69	5
35	5
97	4
1	6
5	5
467	6
1	5
164	5
1	6
131	6
44	6
44	5
203	4
1	6
12	4
1	2
1	6
1	6
329	2
1	5
11	6
1	5
225	6
1	4
19	6
10	4
459	4
37	5
533	5
122	5
1	4
401	6
128	6
26	4
1	2
1	3
1	6
25	6
26	6
32	4
82	5
1	5
1	3
17	5
4	4
113	2
1	5
1	2
1	4
1	5
1	2
132	2
24	4
333	6
53	3
1	4
1	6
1	4
122	4
470	4
64	6
1	4
1	2
309	2
77	6
1	6
1	5
1	4
1	4
1	4
1	4
69	5
1	6
5	4
1	4
116	4
260	4
206	6
1	5
142	4
8	2
274	4
1	4
79	4
1	6
12	6
11	6
1	6
175	4
230	4
1	6
1	5
294	6
467	4
22	4
144	5
1	4
1	6
16	5
51	4
20	4
1	4
274	5
290	4
1	4
21	6
1	6
12	5
1	6
29	4
362	2
1	4
6	4
1	6
6	4
1	5
182	4
1	6
153	4
1	4
306	4
1	3
24	3
1	4
1	4
185	4
1	5
1	4
619	3
286	4
1	5
1	4
12	4
1	4
95	4
1	5
1	4
12	3
1	4
574	4
27	4
1	2
49	6
124	6
7	1
42	3
57	4
1	4
50	6
13	4
1	4
158	5
1	5
8	3
7	3
29	5
93	4
25	4
12	4
5	4
1	1
2	6
133	5
1	1
1	1
1	4
534	4
32	5
1	4
401	4
21	6
1	4
226	6
1	4
1	5
45	4
1	5
1	5
85	4
45	4
24	6
31	4
1	5
1	4
1	5
167	4
1	6
184	3
1	5
129	4
1	4
266	6
1	5
13	4
184	4
18	5
1	4
1	5
1	5
603	4
10	4
1	6
152	5
515	4
1	4
321	4
1	3
175	1
104	2
221	1
61	5
8	5
38	6
30	4
95	4
1	4
1	4
97	2
196	4
1	4
1	4
1	6
203	2
1	6
391	4
1	4
1	4
175	4
1	4
311	3
1	6
131	6
1	6
380	6
22	4
93	4
158	2
43	5
1	4
159	4
59	4
5	5
77	3
1	4
154	4
71	4
196	5
21	4
3	5
1	5
10	1
232	5
1	4
1	5
53	4
95	4
1	4
63	2
11	4
1	5
1	3
292	4
1	2
1	1
1	3
1	4
159	4
69	4
343	4
504	4
130	4
168	4
1	6
1	5
339	4
307	4
60	4
513	6
178	6
8	4
111	4
1	2
1	6
8	4
43	5
1	5
282	1
123	3
19	6
420	5
1	1
456	6
1	4
40	5
1	5
308	5
35	4
30	4
16	4
28	2
1	6
1	5
1	6
1	4
3	4
1	6
1	5
65	5
13	4
503	4
143	5
1	4
90	5
265	4
22	6
1	4
78	2
61	5
247	6
1	4
14	2
4	4
1	4
1	5
82	4
193	4
92	4
81	5
1	5
1	6
1	6
307	5
513	5
4	5
202	4
26	4
271	4
101	4
11	3
1	4
445	6
1	5
114	4
10	2
1	6
79	4
22	6
99	4
1	5
38	6
127	1
255	4
1	5
1	6
218	6
1	4
24	6
22	5
1	4
101	5
1	6
1	5
14	2
1	4
1	4
59	4
240	5
1	6
1	5
1	4
537	6
1	5
21	5
1	2
38	4
1	4
119	5
1	6
120	3
322	4
1	4
107	5
1	4
1	4
1	4
1	4
128	4
139	4
174	5
17	6
39	6
1	6
133	4
10	4
78	4
1	4
9	4
1	4
32	4
374	4
1	5
1	2
348	1
78	5
1	4
10	5
1	4
1	3
32	4
1	1
536	4
1	4
1	4
1	4
3	4
1	2
11	3
165	4
31	6
1	6
121	4
166	4
1	4
103	4
216	6
1	6
28	4
30	4
1	4
1	4
42	4
1	5
1	4
137	4
27	6
92	5
2	3
7	4
1	2
1	5
5	4
1	6
1	2
1	2
1	4
1	4
25	5
1	4
1	3
86	4
325	5
332	4
1	3
16	4
1	6
47	5
1	4
252	4
1	5
1	4
436	2
175	5
1	4
34	4
3	5
196	4
1	4
1	6
1	4
1	4
8	4
96	5
92	4
1	5
38	6
59	4
104	5
2	6
1	5
107	4
443	6
1	6
1	6
1	4
138	5
32	4
1	4
405	4
45	3
1	2
1	5
1	4
25	3
1	4
37	5
23	6
1	2
1	6
10	4
254	2
1	5
298	5
10	5
502	5
1	6
1	6
21	4
1	6
1	4
1	4
1	5
544	4
154	5
27	4
60	4
183	4
19	4
10	4
676	5
1	4
123	4
11	5
1	4
1	4
1	6
1	4
1	5
22	4
1	5
1	5
13	5
108	4
1	4
46	4
1	4
65	4
1	4
6	4
358	6
16	4
1	6
313	4
13	4
1	5
3	5
1	2
10	4
1	5
238	1
52	2
1	1
1	4
41	4
1	5
1	4
1	2
1	3
1	4
1	5
36	2
60	5
1	4
1	5
417	5
17	6
86	4
259	6
5	6
1	5
1	4
193	2
1	1
1	1
1	4
50	5
1	1
64	5
98	4
1	4
182	4
274	4
1	1
1	4
120	6
315	4
1	6
1	4
104	6
1	6
1	4
38	6
1	3
1	4
154	4
1	4
349	4
35	6
424	6
20	1
20	4
1	4
4	3
469	4
1	6
24	4
1	4
1	4
259	6
1	3
1	3
17	2
1	1
199	3
53	5
245	6
1	4
56	6
225	4
13	5
138	4
1	5
1	6
1	4
46	5
503	4
98	4
36	5
102	1
30	1
1	4
198	4
1	6
12	4
170	4
233	5
1	6
341	4
1	1
79	2
1	5
7	4
89	4
1	6
1	5
14	6
1	4
1	4
1	5
1	6
43	4
13	1
1	6
1	6
147	4
1	2
1	4
69	6
1	5
81	6
1	6
1	6
14	5
13	4
256	5
315	5
1	4
1	5
1	4
178	5
83	6
81	4
1	5
1	5
1	6
1	6
25	4
186	6
323	4
57	4
10	2
1	4
1	5
1	6
71	1
1	4
3	4
1	4
1	2
1	4
10	5
1	6
26	4
1	5
239	4
1	3
57	4
5	3
1	4
1	4
1	5
15	4
172	4
1	5
1	5
1	2
61	4
1	4
1	4
1	4
264	4
229	4
1	4
1	4
218	6
1	6
22	5
55	4
8	4
124	2
1	4
114	4
1	4
1	4
1	3
1	6
1	5
1	4
1	4
11	4
149	4
1	3
1	6
1	3
1	2
119	4
78	5
1	4
1	6
1	6
1	2
210	5
8	5
23	4
1	5
15	6
1	2
1	6
1	4
1	2
1	4
191	2
17	4
36	3
68	4
20	4
222	4
113	5
1	5
58	4
1	4
29	5
1	5
1	4
1	6
85	6
5	4
69	4
230	3
1	2
1	4
20	3
1	1
1	4
1	2
1	4
1	5
1	4
1	4
28	6
346	4
1	4
1	4
91	4
1	6
89	4
46	2
1	4
81	5
1	4
1	4
2	6
1	4
38	4
77	6
1	1
35	5
15	4
1	6
11	3
75	5
104	4
1	3
1	4
115	4
222	5
295	3
17	4
126	4
29	5
1	2
1	5
502	5
12	6
129	5
6	4
1	4
12	4
239	1
1	5
189	1
1	4
283	6
332	4
88	5
1	4
2	5
4	6
6	2
1	5
20	5
1	4
1	4
1	6
183	4
1	5
60	6
18	4
33	4
329	3
49	4
1	5
29	4
1	2
149	4
80	5
28	5
327	4
392	2
1	6
539	4
173	3
3	5
419	4
516	4
34	4
21	3
63	6
1	3
17	4
1	6
485	5
8	4
74	6
31	3
1	5
108	4
303	6
1	4
90	5
534	4
1	5
6	4
1	6
1	6
1	1
2	6
71	4
1	5
82	6
1	2
1	4
41	5
119	5
381	6
67	4
1	4
1	5
42	1
1	6
1	4
4	5
3	4
1	4
399	5
1	1
17	4
1	4
244	3
57	3
74	4
11	4
422	4
401	3
155	5
32	4
275	4
182	6
64	4
1	5
1	4
20	2
1	1
1	4
1	5
22	4
1	2
1	6
1	4
14	2
20	4
82	5
109	5
1	4
296	4
46	4
1	4
1	5
1	4
317	4
1	4
294	5
1	4
1	4
1	1
17	4
78	6
10	4
269	4
22	5
2	4
1	6
1	3
1	4
123	3
1	4
131	4
386	4
34	5
4	6
8	2
8	4
261	4
63	3
536	4
111	6
208	4
464	5
1	4
94	4
7	5
7	4
37	4
18	4
112	4
193	4
5	5
8	6
41	3
323	4
47	4
25	3
1	4
294	6
6	5
71	4
37	4
135	4
1	6
436	6
30	5
1	6
56	5
32	5
10	4
61	5
1	5
1	4
1	3
148	6
115	5
641	3
113	6
30	4
141	2
1	4
24	5
1	6
195	5
74	6
1	4
48	4
346	4
1	5
155	5
88	4
1	5
244	4
1	4
1	4
555	3
64	4
14	4
268	4
166	5
47	2
8	5
410	4
4	4
67	4
46	2
1	1
1	4
45	4
1	5
5	3
12	4
1	2
187	4
226	4
45	6
286	3
1	2
1	5
203	4
185	4
159	4
191	4
1	2
52	4
6	6
15	4
1	6
132	5
1	4
1	6
1	4
11	2
21	5
45	4
20	2
20	5
11	2
1	5
112	4
48	6
1	4
449	6
169	2
506	1
48	6
67	5
1	4
1	2
139	4
1	4
95	4
93	5
1	1
58	5
29	6
107	4
60	5
31	4
1	5
130	6
12	4
5	4
13	1
1	5
63	2
1	5
1	5
7	4
1	5
18	4
1	3
1	6
68	5
71	4
108	5
1	6
306	5
1	4
1	4
169	3
1	4
92	5
1	5
152	4
45	5
64	4
246	4
1	4
1	4
1	4
183	2
304	5
426	3
12	4
19	5
16	4
247	4
1	1
90	1
32	4
94	5
230	6
60	3
1	5
1	3
47	5
1	4
1	5
1	4
1	3
1	2
27	4
1	6
1	6
77	5
154	4
254	6
1	4
1	2
88	1
4	4
1	4
39	4
263	3
135	4
1	5
1	4
6	5
27	4
17	5
301	6
1	3
1	4
102	4
1	4
5	4
301	5
255	2
156	4
514	1
219	5
61	3
1	3
9	5
109	4
1	1
78	5
1	5
1	6
56	1
1	4
24	4
249	4
514	4
1	4
661	2
23	2
245	4
1	5
1	3
1	1
11	5
1	4
1	5
154	3
1	2
1	4
1	6
1	2
11	6
24	6
3	6
288	6
131	3
659	4
678	3
1	6
35	5
67	4
1	1
168	4
164	6
45	4
1	6
20	4
1	3
1	5
1	4
24	4
329	3
110	3
121	4
1	4
4	4
24	4
114	1
1	4
265	4
1	4
10	5
1	5
1	4
1	6
43	2
1	4
76	6
1	6
11	2
19	5
99	1
1	4
1	6
180	4
1	4
1	5
2	4
72	4
247	6
577	2
34	4
1	5
587	4
81	4
3	4
45	5
1	6
1	3
7	5
36	1
159	4
1	6
1	4
77	6
1	4
1	6
9	5
11	4
50	4
504	4
273	5
33	5
76	4
1	4
88	4
82	4
1	4
363	5
1	4
4	5
1	4
1	5
1	4
1	3
175	4
1	1
623	6
1	4
1	6
1	4
6	2
131	4
330	4
1	6
1	5
16	4
1	6
401	4
1	4
101	5
8	2
1	5
1	4
1	4
1	5
74	6
20	4
56	4
1	3
20	6
68	6
1	6
514	4
1	6
324	5
246	4
1	4
1	4
1	1
1	4
1	4
1	4
1	4
1	6
1	5
71	4
45	4
1	3
1	5
141	6
40	5
18	5
145	4
1	4
69	6
82	4
1	2
32	6
162	4
1	5
114	4
1	5
51	5
142	6
1	5
1	4
196	5
6	4
188	2
89	5
1	5
1	6
1	4
1	1
8	6
1	4
50	4
1	6
317	4
52	4
407	5
64	4
60	1
1	3
33	4
42	6
45	4
174	4
7	4
1	5
247	4
72	4
1	4
195	4
1	2
30	5
17	6
1	5
144	2
1	4
1	5
1	1
3	4
1	4
62	3
1	6
1	6
73	4
1	5
1	4
1	4
1	6
23	4
9	4
39	4
1	5
147	4
1	4
1	5
1	4
9	3
6	1
14	4
1	4
1	4
150	4
1	6
1	4
1	5
60	4
441	4
1	4
1	5
1	4
29	4
390	4
313	1
1	4
1	4
24	4
350	6
1	4
199	6
51	4
1	5
1	4
11	6
42	4
23	3
1	4
1	4
1	6
2	6
498	6
1	4
64	4
484	6
197	4
472	4
288	2
23	4
38	4
1	5
120	6
1	4
1	2
23	3
1	6
1	4
1	5
457	4
1	4
1	2
1	4
1	5
1	6
1	4
5	4
123	4
13	4
1	2
1	5
155	4
1	3
235	6
1	4
1	1
1	2
1	4
108	5
29	4
1	4
62	2
69	5
43	1
447	5
287	4
173	4
2	1
119	5
88	4
1	4
1	4
1	5
65	2
1	5
1	1
1	4
1	4
1	6
238	5
28	2
1	4
1	6
1	6
1	4
22	5
45	3
1	5
1	4
1	1
260	4
201	3
1	5
1	4
1	6
1	4
159	4
1	4
1	5
48	6
1	3
297	4
1	4
1	5
70	6
1	4
1	5
129	3
1	4
1	4
1	4
429	4
1	4
24	2
1	3
1	4
1	2
467	5
1	4
1	1
12	5
1	5
1	1
86	5
105	2
192	4
195	4
1	4
1	2
1	3
1	6
61	4
6	6
152	6
167	6
133	6
1	5
293	5
1	5
1	4
193	2
1	6
8	2
1	6
1	4
14	4
1	5
29	6
1	6
1	3
1	4
1	6
187	5
1	6
117	4
141	6
1	3
30	5
1	5
294	6
1	5
167	2
61	4
186	4
11	4
90	4
50	4
122	4
22	2
207	5
1	5
1	4
1	2
81	4
430	5
1	4
1	6
198	4
1	5
1	6
1	6
116	4
281	3
33	4
1	5
188	4
1	3
1	6
56	4
10	4
70	4
1	4
47	1
282	4
582	4
1	5
2	4
1	4
1	4
26	4
8	3
1	6
12	4
1	6
241	1
49	6
1	4
22	4
6	6
410	1
337	4
1	3
1	4
31	4
1	6
1	4
1	5
103	2
1	4
91	2
212	4
1	4
1	4
43	4
26	5
1	4
1	4
583	3
1	2
116	6
32	3
1	5
54	5
101	5
136	2
8	1
1	4
62	4
89	2
1	4
252	6
1	5
311	4
14	4
153	4
1	4
1	3
293	5
179	5
1	4
1	4
59	6
25	4
1	4
20	6
1	4
114	3
38	4
1	6
9	4
48	3
13	3
104	5
530	5
271	4
1	5
45	4
1	4
1	6
55	5
7	5
24	4
1	6
1	5
10	5
1	1
1	5
50	3
166	3
23	4
78	4
286	4
1	5
1	4
1	5
603	4
569	4
1	4
1	3
321	5
13	4
1	4
1	6
60	4
1	4
24	5
271	4
1	4
1	4
58	5
1	3
143	1
1	6
38	4
1	4
1	6
454	6
1	6
1	5
41	3
393	6
30	4
1	5
1	3
78	4
258	4
88	5
25	4
10	2
346	2
19	4
304	4
1	4
121	4
1	5
1	6
110	4
52	4
1	4
242	5
1	6
137	4
1	2
25	4
1	6
35	3
1	4
74	4
1	4
70	3
41	3
51	4
176	4
1	3
18	5
300	4
25	4
22	4
200	4
386	4
1	4
1	4
1	4
303	2
1	6
1	4
1	4
17	5
1	4
1	6
65	6
198	5
441	4
20	5
1	4
243	4
89	2
73	6
45	4
9	6
336	6
261	6
8	4
445	6
144	4
1	5
1	4
143	4
5	3
12	4
1	4
43	4
1	4
1	5
26	4
1	4
106	6
178	2
573	2
1	5
1	4
470	4
1	6
1	4
97	6
1	4
1	3
1	6
1	5
1	5
468	4
38	5
38	4
52	4
56	4
26	4
1	6
1	4
1	6
28	4
1	4
254	2
171	6
1	4
7	4
447	5
1	6
1	3
1	4
1	5
1	1
1	5
441	4
1	4
40	4
170	4
22	6
1	5
1	4
92	4
81	6
1	4
5	4
1	4
1	6
25	4
2	4
5	4
1	5
243	5
101	4
438	5
22	5
51	4
103	3
4	2
293	5
16	4
1	6
1	4
123	1
1	4
2	4
9	5
1	4
1	1
121	4
1	3
20	6
1	5
188	5
1	4
1	4
34	1
473	2
1	4
57	2
197	6
15	4
21	2
1	6
343	4
6	4
138	4
7	4
260	6
1	4
1	4
1	6
1	5
277	4
118	4
1	4
5	4
1	5
85	6
76	6
269	5
3	2
156	5
1	5
1	2
8	5
1	6
35	4
1	6
1	5
1	5
30	4
323	4
150	4
252	4
460	4
143	4
1	4
1	4
128	4
562	4
125	4
135	4
53	5
24	4
1	2
160	1
125	4
393	4
15	4
161	5
1	4
111	4
16	4
254	4
153	6
1	6
1	6
1	4
1	6
1	4
319	4
87	3
1	4
1	5
578	4
62	5
24	4
1	4
598	4
18	2
1	4
1	4
1	5
1	3
534	5
1	1
1	5
243	5
86	4
1	6
1	6
1	4
50	5
1	4
1	4
113	4
444	6
80	6
256	5
1	4
73	4
285	4
114	4
24	1
1	1
16	5
1	1
4	4
11	5
1	4
166	5
1	4
10	4
1	3
1	6
1	6
6	5
107	6
1	4
4	2
1	2
422	4
1	4
161	4
20	5
263	6
1	2
271	4
1	5
1	4
1	6
29	4
1	4
8	6
386	4
20	1
1	4
1	5
388	4
30	4
1	4
525	5
82	4
29	4
23	4
25	6
76	4
103	6
1	4
1	5
1	5
1	4
23	4
46	4
44	1
1	4
1	4
1	6
15	3
1	4
667	4
1	3
16	5
1	2
28	4
69	4
1	4
1	5
164	6
205	2
26	5
92	5
548	5
28	4
463	1
226	6
1	4
9	5
53	4
1	5
1	6
1	3
1	4
225	5
212	2
16	4
107	5
18	4
17	4
26	4
1	4
1	6
134	5
1	4
1	4
1	4
101	2
421	4
118	4
53	4
78	4
236	4
2	5
1	6
590	4
1	4
178	6
1	3
1	4
1	4
1	4
1	4
249	6
60	6
1	5
20	2
1	4
1	4
26	3
32	4
31	4
40	6
1	4
1	4
12	6
1	4
44	5
96	4
1	4
41	4
1	4
3	5
211	5
107	4
340	4
9	4
27	1
1	6
4	5
59	4
89	4
4	2
124	4
94	5
1	5
17	3
425	5
1	2
1	2
76	4
572	6
17	4
1	4
1	4
1	2
1	5
1	4
6	6
1	2
1	6
95	4
511	5
23	2
1	4
1	6
1	4
1	2
1	4
1	1
10	4
1	6
74	4
1	4
470	4
253	2
44	6
15	4
571	5
1	2
99	4
1	4
190	4
564	4
1	5
100	4
9	4
112	4
16	5
81	2
21	4
83	5
158	5
422	4
53	6
128	4
46	4
1	4
1	4
8	2
55	5
1	5
25	4
117	4
1	4
40	6
1	4
1	4
4	2
1	5
140	3
1	5
84	4
148	4
1	1
150	4
1	4
370	2
1	4
486	5
81	2
109	6
1	4
57	4
19	4
1	4
406	4
1	3
1	6
1	1
29	6
1	6
1	4
1	1
1	6
21	1
1	2
1	4
289	3
177	6
54	4
1	4
1	5
517	5
1	5
202	5
189	4
24	4
102	4
353	4
1	4
23	1
1	5
2	4
21	5
5	4
1	4
1	1
125	4
1	6
1	4
236	4
1	4
1	5
1	1
1	3
229	6
1	5
1	3
1	6
293	1
616	4
1	6
1	4
1	4
25	2
1	3
1	5
1	6
1	4
6	6
262	2
1	4
6	5
30	4
86	6
88	4
1	5
10	6
1	4
58	6
1	4
12	6
1	5
1	2
321	4
278	4
49	6
1	5
22	4
116	6
177	3
51	4
470	6
18	2
2	4
1	6
1	1
1	4
1	4
93	4
5	3
1	4
54	6
1	6
1	2
1	6
38	4
88	5
548	6
1	2
1	4
9	5
272	4
232	4
445	4
1	6
10	5
131	4
1	5
29	4
1	4
54	4
315	4
14	4
5	4
1	2
379	5
1	4
6	4
54	6
1	4
12	4
1	4
508	6
369	4
2	6
1	4
360	5
1	5
160	4
1	6
1	4
20	4
6	4
44	3
10	5
30	6
1	4
436	5
1	5
102	4
13	5
55	2
1	4
56	3
1	5
450	4
1	4
1	4
23	4
122	2
110	2
49	1
90	4
46	4
1	6
1	1
1	5
1	5
1	6
39	4
1	2
1	4
1	4
57	4
142	6
111	4
96	4
66	6
29	4
100	4
1	1
1	4
285	4
1	1
1	5
1	5
159	4
58	4
1	3
56	4
1	4
1	5
49	6
150	4
49	5
32	4
1	2
322	6
172	4
1	4
106	1
1	4
26	6
1	5
1	4
42	6
24	4
391	4
46	3
1	3
1	2
34	4
1	1
1	4
1	5
1	4
105	6
48	5
3	4
1	6
1	5
3	4
1	5
1	5
1	2
7	1
375	3
1	4
1	4
98	1
77	4
234	2
1	4
89	4
1	3
30	4
1	5
3	3
179	6
1	5
1	5
1	4
1	4
267	4
187	4
1	4
37	6
1	4
53	5
2	6
171	4
1	4
242	3
42	4
1	1
1	1
156	4
1	4
29	3
33	6
60	6
141	4
113	6
1	5
1	4
474	5
1	5
516	4
107	3
271	4
1	1
41	4
307	2
1	4
1	6
1	5
1	4
1	4
1	4
1	2
62	2
31	5
1	4
4	5
1	5
20	5
119	5
40	4
224	4
84	6
8	4
1	2
72	4
180	5
1	4
1	4
1	2
29	1
60	4
1	5
25	6
1	4
1	4
1	4
410	4
112	4
56	4
1	4
83	4
1	4
1	5
1	6
1	5
152	4
489	2
84	3
1	4
15	4
44	3
1	4
111	4
243	4
184	5
1	4
509	4
1	4
79	5
1	4
1	4
1	5
1	2
45	4
155	3
438	6
228	4
283	2
1	6
61	4
1	5
1	4
49	4
519	5
80	5
291	4
1	6
1	4
166	5
1	6
1	2
48	4
1	4
1	5
294	4
1	4
1	5
84	4
11	4
34	5
57	5
1	6
457	4
1	5
1	4
13	4
71	3
4	4
49	6
1	4
7	4
38	2
22	4
12	5
1	3
1	2
1	2
9	4
146	4
418	6
1	5
1	6
78	5
1	5
1	6
1	6
125	4
41	5
60	2
43	4
264	4
1	5
1	5
106	6
1	5
1	4
1	5
1	4
1	4
100	4
346	4
215	6
1	5
1	6
19	5
4	3
1	5
1	6
1	4
369	4
1	3
1	6
191	5
19	6
137	4
1	5
70	4
162	4
1	5
411	1
1	6
10	6
10	4
15	4
1	4
1	4
36	4
1	5
1	4
340	3
1	4
1	3
12	4
26	6
38	3
1	4
177	1
1	4
24	4
384	6
1	4
53	4
1	4
1	5
1	4
1	4
36	4
11	6
1	4
242	4
10	6
40	4
41	5
24	2
335	5
1	3
62	6
156	3
11	6
1	4
12	4
1	4
1	5
98	3
61	4
183	5
1	4
1	6
1	5
1	3
1	2
312	5
270	4
50	3
80	6
1	4
1	5
1	4
132	4
1	5
238	4
1	4
33	4
215	4
1	4
1	6
131	6
129	4
45	5
122	6
16	5
20	6
50	5
1	2
1	6
1	4
1	4
72	4
135	5
1	6
104	5
1	6
1	2
100	5
8	3
1	5
1	4
1	4
470	5
182	4
14	3
9	6
373	4
1	2
1	2
1	4
139	6
1	4
1	4
426	2
69	4
70	4
45	2
1	5
1	5
24	1
1	6
7	4
1	4
106	4
1	6
1	4
29	2
1	4
58	5
1	6
1	4
246	4
1	4
3	4
51	4
1	6
8	4
24	4
51	4
1	4
42	4
1	4
1	2
3	6
42	4
532	4
17	6
1	4
50	3
1	4
141	4
91	5
185	4
63	6
1	4
38	4
1	4
1	6
1	5
1	4
15	3
1	3
245	4
1	4
1	5
12	4
1	4
1	4
93	2
419	4
52	4
297	4
1	2
413	5
1	6
1	4
1	5
290	6
1	6
1	3
69	4
8	4
615	4
1	3
1	5
368	4
1	5
230	4
1	4
143	2
600	5
288	2
609	4
9	4
127	4
12	4
1	4
43	3
272	6
57	6
120	4
1	4
23	4
1	5
1	6
533	3
1	5
326	2
1	5
67	5
8	4
1	4
49	5
16	5
1	2
1	4
18	1
393	4
85	6
1	4
85	4
1	4
95	6
1	4
201	4
1	4
90	4
1	5
1	4
1	4
79	4
1	4
1	6
1	6
11	5
9	4
1	5
87	5
177	5
48	4
3	4
1	5
1	6
11	3
1	4
102	4
96	4
4	4
1	5
173	6
55	6
86	4
1	5
58	3
1	6
35	3
9	5
1	6
1	4
168	4
1	6
1	4
1	6
89	6
1	2
44	4
1	6
19	6
92	4
581	3
1	4
1	4
16	2
12	6
1	2
1	6
57	4
1	4
1	4
181	4
89	2
1	4
1	4
1	3
13	4
78	4
1	5
1	4
209	1
17	6
1	4
1	6
1	6
24	6
143	4
1	5
5	3
1	4
310	5
451	4
17	4
58	6
16	4
613	6
371	6
62	6
346	6
30	4
1	4
586	4
38	5
37	5
1	4
1	5
1	4
48	4
238	5
1	4
194	2
1	4
110	4
1	1
47	4
1	4
379	4
237	5
4	2
39	6
1	4
209	5
1	1
22	4
1	2
16	6
1	5
40	5
37	6
73	4
1	4
577	6
149	6
1	4
29	4
101	2
1	4
443	2
1	1
1	4
36	6
96	6
1	4
470	5
88	3
223	4
1	4
1	4
46	6
13	3
99	5
448	5
605	4
284	5
1	4
1	4
62	2
417	6
92	3
85	1
11	1
67	6
244	4
49	2
14	4
1	4
156	6
12	6
1	5
1	5
56	4
48	6
1	2
1	5
1	5
9	5
129	5
60	5
1	4
166	2
1	5
187	4
1	4
401	2
1	1
1	6
299	5
1	1
38	4
36	4
26	4
1	4
302	5
1	4
1	4
400	4
5	4
1	4
1	5
1	4
1	4
1	1
5	4
133	6
156	4
1	4
116	5
1	4
262	1
143	4
646	4
24	5
142	6
1	6
467	6
1	4
1	4
2	5
1	6
116	6
69	6
1	4
53	2
676	5
73	4
132	4
99	5
1	3
1	4
1	4
1	5
181	4
47	4
1	4
1	4
69	6
1	4
1	5
1	4
37	5
21	4
129	6
54	4
1	4
46	5
1	6
90	5
1	6
1	3
10	3
218	6
22	5
36	4
299	4
295	6
7	6
112	3
1	1
116	3
290	4
1	4
1	5
1	6
1	6
40	6
35	4
1	4
13	4
1	1
20	4
32	4
1	4
2	5
154	5
21	4
1	5
15	4
1	1
54	4
1	6
167	5
216	5
1	4
283	4
1	2
73	5
217	4
1	4
20	5
1	5
1	5
1	4
1	5
1	4
1	5
1	4
1	4
2	6
1	5
63	4
1	3
114	5
28	4
1	5
1	5
1	6
246	5
4	4
1	4
279	4
1	4
1	4
1	4
1	1
322	4
443	6
1	4
101	4
1	5
78	2
66	5
1	4
79	4
1	6
1	4
39	1
44	4
1	6
1	5
137	4
1	5
12	6
22	4
1	4
1	5
82	4
368	5
49	5
21	2
67	2
1	4
35	4
9	6
1	4
1	5
1	4
1	5
4	4
197	4
338	4
1	4
167	4
1	2
205	6
49	2
634	4
552	4
208	4
1	6
351	4
108	5
1	4
1	5
56	4
15	4
1	4
1	5
1	3
15	2
84	4
1	4
1	4
78	4
34	6
28	4
1	4
76	6
54	4
170	5
352	4
71	4
37	4
284	6
13	4
1	2
272	5
33	4
1	5
1	6
5	4
1	6
1	6
1	5
1	5
69	5
124	4
1	4
1	6
63	5
67	4
1	4
248	4
297	4
78	4
1	6
632	4
1	6
36	4
1	2
1	4
177	4
1	4
59	5
434	5
438	6
1	4
1	4
1	6
4	4
79	4
1	4
12	4
4	5
1	5
181	6
77	6
26	4
1	4
421	4
281	4
2	4
1	4
150	5
33	4
4	2
1	5
1	4
1	5
1	4
26	4
1	4
1	2
1	5
1	4
308	4
161	2
68	4
1	6
1	4
12	4
1	6
1	2
8	4
236	4
259	4
496	5
11	5
1	4
417	5
410	4
1	2
1	4
1	4
71	4
93	5
66	5
272	2
1	4
24	4
42	6
1	4
1	4
28	4
124	6
29	1
106	4
25	4
57	4
29	4
270	4
57	6
170	4
312	5
307	5
119	6
1	5
1	6
33	4
1	3
1	4
1	5
1	4
374	4
10	4
42	6
25	5
1	4
6	4
1	2
150	2
107	4
1	4
1	4
17	5
1	5
1	2
66	4
1	5
141	6
1	4
1	4
1	4
1	4
312	5
200	6
1	4
1	4
279	4
1	6
37	4
75	4
1	4
15	2
32	5
23	4
131	4
1	4
1	4
69	6
26	6
43	5
11	5
43	5
1	5
1	6
227	4
1	2
49	5
148	5
1	3
253	6
14	4
1	4
1	5
1	6
1	5
16	4
1	5
1	6
1	4
1	4
570	6
37	2
1	6
87	4
421	5
1	2
1	6
1	4
1	6
217	4
207	4
1	5
8	4
79	5
1	6
1	6
1	1
1	5
27	4
1	2
228	4
1	5
224	5
1	1
82	4
1	5
12	4
1	4
183	4
590	4
25	6
515	4
9	2
1	2
57	4
90	6
186	4
1	4
29	4
17	3
1	4
265	5
1	5
432	4
39	4
1	5
35	4
6	4
2	5
1	4
48	6
1	2
1	4
13	4
539	4
104	2
1	3
1	2
1	4
1	6
1	4
1	4
390	4
7	4
7	6
1	6
17	4
486	4
1	6
1	3
257	3
514	3
1	4
25	5
70	4
133	1
1	1
75	4
158	4
1	3
1	2
1	4
7	6
1	4
1	2
12	4
1	5
42	3
11	6
301	6
96	4
133	4
198	4
1	4
17	4
150	6
11	4
34	5
1	5
1	4
1	4
1	4
71	4
1	5
1	4
1	2
1	4
298	4
143	5
132	4
1	4
290	3
1	5
111	1
146	1
1	4
80	2
1	5
2	5
1	3
12	3
68	2
28	2
1	4
63	1
139	2
1	4
1	4
1	4
1	4
10	1
66	5
3	4
21	6
93	4
103	4
177	4
82	1
592	4
1	6
15	4
57	4
1	5
1	5
41	4
1	4
2	1
158	4
1	6
1	5
1	1
1	5
49	3
186	4
1	1
40	4
1	6
1	4
1	4
1	4
179	4
46	4
1	4
1	4
1	1
1	4
23	4
469	4
1	4
1	6
1	5
7	5
306	2
16	4
1	4
26	5
65	5
1	6
16	4
249	4
48	2
11	4
38	4
1	4
1	4
27	4
19	5
1	6
449	6
1	5
33	4
45	6
60	4
1	3
6	5
57	4
1	4
45	4
1	4
140	4
1	4
1	2
1	2
32	4
78	5
1	4
286	5
325	5
459	3
1	6
84	1
68	4
419	4
163	4
1	4
1	6
1	4
21	5
89	6
1	1
71	2
84	6
1	4
128	4
18	4
193	3
178	3
1	2
502	4
165	4
376	5
2	6
17	5
38	2
370	5
423	5
1	4
409	5
1	4
1	6
137	4
92	4
1	6
375	4
1	5
106	4
1	5
25	1
1	6
1	4
1	5
38	3
1	2
20	6
201	2
39	4
6	2
9	4
139	2
1	5
105	4
176	4
53	4
54	4
1	4
38	6
1	4
74	4
39	4
1	4
31	4
145	5
1	4
1	6
1	2
1	5
3	6
1	2
1	4
47	4
513	4
144	4
1	5
297	4
1	4
1	4
28	6
1	6
1	5
1	4
304	4
1	4
1	4
13	4
98	4
1	3
420	2
16	5
4	6
1	2
1	5
3	4
141	5
1	4
306	4
1	4
78	4
74	4
1	6
23	2
1	6
27	4
8	5
192	4
1	4
1	4
32	4
18	5
1	4
1	6
1	5
1	4
1	5
1	6
319	4
1	6
62	6
204	4
63	5
1	5
1	5
201	4
212	5
1	1
1	1
1	5
415	2
148	2
1	4
1	6
1	5
1	4
53	4
187	5
1	2
165	4
1	4
1	4
421	6
493	4
13	4
1	4
1	5
1	4
58	5
1	4
1	4
45	4
1	1
1	4
1	1
1	5
1	4
86	3
1	4
80	4
98	4
69	4
1	4
1	5
200	4
1	3
1	6
1	2
1	6
359	4
233	6
118	6
1	5
347	4
202	1
117	5
124	6
10	2
1	3
1	4
73	4
23	4
79	6
1	6
427	4
39	2
140	6
353	2
253	4
190	4
1	3
1	4
1	4
63	4
1	6
1	4
7	4
81	4
111	4
12	6
1	4
1	4
3	5
1	4
1	4
104	6
1	6
1	3
1	5
41	2
3	5
1	4
77	5
1	5
1	4
1	5
1	4
12	4
1	2
42	2
4	6
1	6
1	4
1	4
1	4
1	4
1	6
1	4
381	6
1	4
1	4
16	4
12	4
585	4
1	6
1	4
1	4
1	4
23	4
1	4
629	5
547	3
107	4
1	4
10	5
35	3
1	4
1	5
1	6
1	4
19	4
1	4
1	4
130	6
4	4
1	6
4	5
1	2
122	2
1	4
1	6
7	6
57	4
1	4
1	4
1	4
1	5
62	5
1	4
48	6
135	6
1	3
86	4
24	4
1	2
1	5
6	6
1	6
1	2
1	4
1	6
16	2
36	4
1	4
1	4
14	6
43	2
436	6
1	4
90	5
1	6
24	4
1	4
1	4
1	4
29	4
278	5
1	5
195	5
1	4
223	6
50	2
1	4
8	4
101	6
249	4
1	3
17	4
108	5
210	3
15	5
119	4
94	4
270	6
7	1
54	6
1	4
1	4
1	4
1	5
1	4
1	4
442	4
1	4
5	5
281	3
1	5
1	4
65	4
1	5
169	4
397	5
112	6
81	1
3	2
46	5
22	5
1	5
20	5
227	5
1	6
170	5
1	6
53	4
16	6
91	4
23	4
1	4
1	4
1	5
20	5
103	4
1	1
1	4
81	6
76	6
113	4
1	4
1	6
80	4
85	4
103	6
1	1
135	3
1	6
1	6
31	2
80	4
244	4
367	5
1	5
67	4
225	3
7	5
47	6
3	3
1	4
1	4
1	5
1	4
46	4
46	4
85	6
1	4
1	4
50	4
1	4
311	5
69	4
1	4
79	4
222	6
1	4
264	5
1	2
213	4
100	4
1	6
1	3
146	4
116	6
35	4
6	5
78	5
56	5
1	4
212	4
456	4
50	5
1	4
17	5
182	6
295	5
75	4
528	5
66	5
144	5
233	3
1	6
1	6
293	6
1	3
11	1
1	3
59	5
246	4
6	1
17	4
111	4
408	4
1	6
1	5
45	5
1	6
36	4
56	4
1	2
1	6
62	5
2	5
19	2
1	3
37	5
1	4
1	6
1	6
102	3
1	2
248	5
1	2
344	4
51	4
8	5
12	4
180	4
5	5
15	5
669	6
40	4
66	4
3	4
1	4
15	4
1	4
12	4
1	5
68	3
159	2
1	3
1	5
1	4
1	1
1	4
1	2
1	4
20	4
271	4
109	2
220	2
60	3
375	1
39	4
35	4
1	4
269	4
1	5
60	6
9	3
298	5
48	5
1	5
180	4
265	4
37	4
542	4
53	1
30	6
81	2
31	5
27	5
66	1
135	5
62	6
1	4
85	2
62	6
1	6
113	4
100	4
1	5
1	5
1	4
12	4
38	4
46	4
18	6
1	4
1	1
23	4
119	4
1	6
115	4
11	4
1	4
55	6
250	4
221	4
1	1
25	5
12	4
36	6
90	2
1	4
1	4
108	6
1	5
101	6
1	4
6	4
81	4
1	4
22	4
46	4
1	4
1	5
125	4
5	2
34	6
21	4
1	4
1	5
92	2
17	4
310	4
157	4
326	4
1	3
1	4
1	4
1	5
85	6
42	3
74	5
94	2
1	4
42	4
1	5
1	4
208	4
29	4
30	2
346	2
98	5
1	5
44	4
15	6
1	4
150	3
8	3
275	2
226	4
64	4
1	2
1	5
68	5
1	4
1	4
130	6
137	5
34	4
4	4
40	4
22	5
1	4
275	4
24	4
1	5
84	4
455	5
1	4
1	4
10	2
13	5
31	3
5	4
45	4
1	1
58	4
16	2
4	6
109	3
510	4
88	4
52	4
64	6
1	1
1	6
15	6
200	4
1	4
1	4
20	4
1	4
46	4
223	5
1	6
1	4
1	4
1	4
1	4
166	4
66	4
1	5
14	4
283	5
12	1
1	4
9	4
199	6
25	6
233	4
1	4
1	5
1	3
1	6
190	2
1	3
21	4
1	2
159	4
1	3
250	5
1	6
1	4
1	2
344	4
400	5
1	4
1	5
1	3
1	6
67	2
10	4
173	5
224	6
1	6
54	3
80	4
138	4
157	4
63	3
15	4
41	2
190	2
33	4
420	5
40	4
1	6
1	4
83	2
235	4
74	1
94	3
117	4
109	4
34	6
1	4
191	2
82	5
1	2
271	6
1	4
1	6
199	4
1	4
1	4
1	6
1	6
1	6
1	4
1	4
32	6
74	4
117	6
1	1
56	4
6	6
1	2
133	6
1	5
1	3
236	4
1	4
1	4
1	5
1	4
108	2
30	6
1	4
1	4
16	4
1	5
1	6
1	5
1	1
1	5
194	6
1	4
391	4
33	6
1	3
1	4
67	4
12	4
5	5
1	3
1	4
1	6
1	6
1	5
216	4
174	4
1	4
2	4
1	6
82	1
1	1
1	2
117	4
1	4
107	4
1	4
1	4
201	3
1	4
1	4
1	5
18	6
87	4
1	4
2	4
1	4
484	5
1	5
34	4
1	5
208	5
1	1
1	2
261	5
18	4
1	2
51	5
1	4
6	4
1	4
206	2
369	5
1	4
25	4
1	4
124	5
1	2
79	6
19	5
1	5
1	4
1	5
63	5
1	4
61	3
370	4
4	5
73	4
1	5
1	5
19	4
26	6
69	4
1	5
1	5
1	5
1	4
50	4
13	4
1	4
1	5
1	4
6	2
1	4
65	6
109	4
1	5
57	4
209	4
132	5
1	6
1	5
46	4
350	4
57	2
1	3
1	6
53	4
395	6
7	4
69	2
194	4
1	4
230	1
36	4
125	1
1	6
1	4
1	5
200	4
1	4
15	4
1	4
469	5
1	4
70	2
75	6
206	5
8	4
1	4
54	4
10	4
46	6
1	4
22	6
1	3
27	2
18	4
1	6
1	3
15	6
47	6
64	1
1	4
1	4
56	2
1	5
1	5
274	6
61	4
51	6
1	4
84	5
502	5
380	4
66	4
19	4
1	5
1	2
18	1
391	6
1	4
433	4
76	5
1	6
64	3
1	4
87	6
18	3
15	4
17	5
1	4
44	4
1	4
1	2
211	6
182	4
9	2
1	4
4	5
1	2
1	4
1	4
137	4
69	5
1	5
1	4
1	5
1	4
1	3
134	6
1	4
1	4
1	4
2	4
1	2
91	5
1	5
9	6
1	4
1	6
1	1
146	4
19	4
63	4
46	4
14	5
311	4
1	6
36	4
1	4
9	4
24	4
124	4
1	2
5	2
1	4
141	4
108	4
41	6
158	2
18	2
350	4
1	2
1	6
1	6
402	5
5	4
111	4
1	6
53	6
34	4
1	2
1	6
1	5
1	6
1	4
1	5
20	2
444	5
1	4
223	4
96	4
517	3
190	4
21	5
10	4
83	5
523	4
10	4
103	4
1	5
39	2
1	6
1	5
1	5
11	4
172	5
83	4
70	4
288	2
243	5
678	4
103	4
8	4
35	6
1	4
1	6
265	4
236	4
1	4
12	5
49	4
1	1
265	5
20	4
20	4
1	4
1	4
118	6
1	3
8	4
256	4
143	4
185	4
143	5
172	6
1	2
346	4
79	4
1	5
521	2
1	4
1	4
109	5
1	4
1	4
1	4
1	4
179	4
87	4
1	5
1	6
1	6
66	5
1	4
1	4
1	4
310	4
499	5
58	6
76	2
102	4
1	5
1	2
304	1
11	4
1	4
1	4
1	4
409	4
1	4
1	5
1	4
1	6
46	6
49	2
34	1
62	4
1	3
1	2
1	2
1	4
586	6
187	4
93	6
36	6
395	5
1	5
28	5
1	4
1	4
27	3
1	6
1	4
1	4
1	6
53	6
1	4
70	4
18	4
1	6
10	6
246	4
194	4
101	1
126	2
307	4
1	5
1	4
16	4
39	6
97	4
412	4
59	3
1	5
1	6
1	4
1	5
1	4
1	5
237	6
25	6
677	4
38	4
1	4
279	3
13	4
80	4
42	3
24	3
1	4
1	4
20	2
1	4
47	6
218	4
25	4
1	6
35	4
1	3
1	3
171	2
1	4
1	4
16	4
250	4
47	4
1	4
17	5
1	6
95	5
1	2
1	6
1	5
1	5
1	3
111	5
1	4
48	2
54	4
42	4
21	4
97	4
529	4
1	6
575	4
92	6
187	2
1	4
18	5
1	5
1	2
100	5
73	5
1	2
8	3
69	4
85	4
45	4
65	5
36	4
1	6
1	4
1	2
41	5
1	5
1	1
102	2
1	3
9	5
113	4
1	5
4	4
213	5
128	4
1	3
189	4
69	5
319	4
88	5
12	3
7	5
16	4
17	5
61	4
72	4
12	5
1	4
43	5
1	4
14	5
28	4
193	4
1	4
1	4
281	2
1	5
1	4
1	4
196	4
77	4
631	5
1	6
1	4
103	6
311	5
59	6
1	4
18	4
1	5
1	4
53	4
1	6
153	4
1	4
87	4
58	4
1	3
1	5
251	4
229	5
17	5
1	2
185	6
1	5
128	3
1	6
1	4
123	6
240	2
1	4
18	4
4	4
167	4
4	6
1	3
26	4
1	6
1	4
9	4
180	3
1	4
347	4
219	5
1	6
92	5
2	1
143	1
1	1
1	4
534	5
1	4
387	4
1	3
1	5
369	4
8	2
1	5
1	4
1	1
85	4
1	2
1	5
104	5
113	4
1	2
13	4
1	3
1	4
1	6
44	4
1	4
1	4
1	3
1	2
53	6
1	6
5	5
1	3
1	4
1	4
79	4
1	5
1	6
1	5
84	6
8	5
1	5
5	4
1	1
1	5
39	5
470	6
1	4
1	5
38	1
1	5
13	6
45	4
76	5
88	5
116	5
192	4
1	5
1	6
1	4
45	5
148	4
149	4
563	1
1	4
1	4
156	6
23	3
1	5
115	5
272	2
178	2
160	5
1	4
1	3
1	4
22	4
469	6
458	4
1	4
344	5
22	4
1	5
36	5
559	4
26	4
155	4
21	2
1	5
75	1
1	4
552	4
104	3
1	3
48	5
95	6
74	5
15	2
10	5
1	6
191	4
1	6
56	4
49	3
88	2
177	4
48	6
1	3
423	5
1	1
37	4
88	5
1	5
1	4
1	4
50	5
119	4
45	5
34	4
102	6
1	6
1	6
1	5
614	2
1	4
224	4
1	5
1	5
13	4
21	5
1	6
48	4
1	4
318	4
1	6
96	4
1	6
1	4
125	4
65	1
202	4
169	4
14	4
30	4
104	6
1	5
1	4
73	4
1	4
48	4
1	4
1	4
162	2
15	4
1	4
485	5
91	5
159	4
104	6
1	5
61	3
100	2
1	5
1	4
268	3
1	4
1	3
417	6
182	4
1	6
107	5
71	4
55	4
112	4
57	3
1	3
1	2
1	4
312	4
40	4
10	4
1	4
1	5
1	2
1	4
2	4
218	6
587	2
236	2
3	2
1	5
1	6
1	6
46	5
116	5
97	4
1	4
1	5
219	5
1	4
215	4
479	4
361	1
1	2
96	1
1	5
21	4
194	5
1	4
1	4
8	4
79	5
228	2
1	6
57	4
514	2
582	4
1	6
44	6
1	5
184	3
534	4
1	5
147	5
1	5
1	6
1	4
197	2
1	4
445	4
298	5
270	4
1	4
510	6
1	4
1	6
1	5
209	4
537	4
72	6
253	4
1	4
1	4
1	4
120	3
158	4
1	4
1	4
1	4
1	4
63	5
181	5
27	4
282	4
37	4
1	4
520	3
39	4
1	4
1	4
54	6
77	3
49	4
1	4
154	4
98	2
1	2
163	4
28	4
3	4
1	4
256	1
33	6
1	1
1	4
56	4
152	4
1	5
1	4
1	6
1	5
1	4
618	4
35	6
189	4
128	4
1	6
279	4
1	5
366	5
1	4
8	4
79	4
321	4
1	4
176	5
510	6
105	4
363	4
1	4
2	4
185	4
273	4
451	4
1	2
1	4
1	5
4	5
1	5
121	4
1	6
1	2
1	5
270	5
219	4
15	4
13	5
93	4
5	1
8	2
35	5
224	2
1	6
53	5
40	3
1	4
1	4
200	2
1	4
112	4
33	4
1	6
200	2
1	4
2	4
70	2
1	3
1	4
5	6
1	3
1	4
1	5
33	4
1	5
1	4
531	6
1	6
12	4
83	5
6	5
1	4
55	5
243	3
1	4
12	4
4	4
1	5
1	3
1	5
1	4
1	4
91	2
2	5
45	4
156	6
1	2
149	4
1	6
1	4
1	4
68	5
1	2
1	6
1	5
1	4
16	4
1	4
64	4
1	5
71	6
225	4
1	3
1	3
1	2
7	4
67	3
100	4
63	6
6	4
40	6
1	2
1	4
123	3
1	6
90	5
1	4
53	4
44	6
1	6
216	4
6	4
17	3
1	4
65	4
8	6
1	4
163	4
1	4
1	4
14	4
1	5
1	3
6	5
309	5
1	2
1	3
34	6
1	1
1	4
1	4
1	5
75	4
266	5
1	5
39	6
1	3
1	5
1	4
1	5
211	1
1	4
1	4
22	4
242	5
197	4
13	4
11	4
18	5
69	5
68	3
40	3
50	1
27	3
130	4
1	5
538	4
18	4
1	5
85	4
1	4
84	2
1	4
71	4
100	6
1	4
82	4
77	5
1	4
1	4
1	5
3	4
129	4
1	6
170	4
1	5
1	5
65	6
72	4
55	6
1	4
47	4
33	5
475	2
106	6
76	5
1	4
488	4
113	4
24	4
1	4
1	4
52	4
12	4
153	4
1	4
430	6
46	5
1	5
5	4
1	2
1	4
1	4
1	4
1	2
1	4
141	4
1	2
27	1
41	4
31	4
1	2
5	4
358	5
23	4
47	4
33	4
195	2
179	4
55	4
1	4
93	6
168	4
80	4
44	4
76	6
149	4
1	5
331	4
1	4
1	4
439	4
2	4
60	3
27	4
57	5
61	6
101	6
8	4
59	4
1	4
1	4
124	5
1	5
215	6
1	6
1	4
1	4
28	4
318	4
92	2
259	4
1	5
1	6
1	5
427	4
1	5
1	5
290	4
1	4
1	4
191	4
1	3
43	6
86	4
1	4
269	5
1	4
1	3
15	6
26	1
40	4
1	5
60	5
82	4
29	3
1	5
1	4
49	4
32	4
59	4
1	1
210	4
1	4
1	4
54	4
22	4
1	5
1	4
1	5
152	4
1	4
20	4
80	4
398	4
204	3
57	3
41	6
17	4
1	6
120	4
1	6
81	4
44	3
265	4
21	4
1	4
1	4
80	6
1	5
301	5
3	1
25	6
1	4
4	1
1	4
116	3
1	4
272	4
1	6
36	4
1	6
81	5
1	2
38	4
1	2
1	1
166	6
1	3
1	4
257	4
105	3
1	5
3	2
1	4
450	5
1	4
1	4
1	4
1	2
431	4
1	6
1	4
218	4
137	5
1	4
1	5
58	4
1	5
1	2
16	4
1	5
44	4
1	5
77	3
1	3
1	4
248	4
1	4
121	4
31	4
11	5
1	5
1	5
1	4
1	5
71	6
1	3
34	6
1	6
243	4
6	3
329	4
60	6
1	6
108	4
9	4
6	4
87	3
90	4
1	6
208	4
1	4
1	6
189	4
1	4
1	4
1	4
45	2
1	6
55	6
317	4
1	4
24	1
1	3
60	2
1	5
24	4
3	4
56	4
1	2
1	5
43	4
76	3
13	4
18	4
54	6
534	5
1	4
1	6
20	5
4	3
82	4
1	4
124	4
1	6
122	6
13	4
136	2
1	4
414	6
48	5
1	4
174	2
1	6
8	6
1	3
30	4
1	4
173	5
239	5
170	4
1	4
1	4
48	2
1	5
1	6
1	4
1	3
15	6
65	4
136	4
1	1
425	4
8	5
1	6
1	3
43	2
1	4
39	4
120	4
1	4
1	5
398	4
152	4
127	4
1	4
1	4
31	5
26	4
114	2
82	4
1	5
1	4
54	4
10	4
7	5
219	5
1	5
65	5
416	4
1	4
27	4
47	3
1	6
72	2
1	1
72	4
27	1
1	4
1	5
1	5
345	4
64	4
77	4
1	6
302	4
72	4
312	3
1	4
1	5
1	4
12	4
188	4
252	6
1	5
1	4
3	4
5	4
6	4
1	4
1	4
31	4
80	4
87	6
1	2
1	4
1	4
248	5
11	1
20	2
1	5
1	6
30	4
37	5
2	6
123	4
197	2
1	4
155	4
1	2
2	6
1	4
28	4
23	4
87	5
76	6
11	4
1	2
1	6
1	4
6	5
180	6
1	4
1	4
1	4
71	6
1	4
7	4
1	2
1	4
1	1
1	2
155	5
1	4
42	4
330	4
313	5
14	6
24	6
31	2
39	4
1	4
63	6
1	5
26	4
11	4
191	3
37	6
12	4
133	3
1	6
291	4
12	6
159	5
111	4
142	4
199	6
7	3
106	6
1	5
1	4
1	3
127	5
365	5
138	5
59	4
18	6
90	3
103	4
1	4
1	5
4	5
20	4
1	4
187	4
1	4
376	5
1	6
35	3
81	4
5	5
12	5
440	2
1	6
24	4
37	5
1	4
2	3
27	4
64	6
1	4
373	5
1	2
379	2
1	3
1	5
19	5
1	3
46	6
33	4
1	5
2	5
20	6
213	2
1	5
1	2
257	4
1	6
1	4
217	4
63	4
1	6
58	4
163	6
393	3
2	1
105	2
22	2
139	4
1	4
1	4
582	4
1	5
7	2
117	4
21	6
53	4
165	4
1	4
119	4
1	5
9	4
1	6
1	5
1	2
78	2
1	5
75	4
1	6
39	2
1	4
441	4
40	4
35	4
1	4
1	4
1	4
3	5
257	1
428	6
71	6
51	4
5	3
1	4
1	5
1	4
1	4
1	4
109	5
1	5
113	4
1	4
1	6
1	4
1	5
1	4
1	4
11	6
1	4
1	4
1	2
1	4
1	2
1	6
1	4
1	6
190	3
55	1
1	6
1	4
24	4
192	2
25	4
614	6
1	6
1	6
167	4
1	6
24	4
34	4
1	6
83	4
36	6
178	6
1	4
1	6
7	5
1	5
514	5
229	4
1	4
62	5
1	5
643	6
28	4
446	2
53	6
2	4
1	4
252	4
1	4
1	6
1	6
1	3
104	4
33	5
10	6
439	5
110	5
475	4
1	4
476	4
96	3
95	4
262	6
199	6
1	4
1	6
130	5
5	5
1	6
1	5
1	4
337	1
1	4
14	5
350	5
1	6
1	4
47	6
422	4
1	5
73	6
1	4
51	5
474	3
1	6
144	4
43	6
1	1
1	4
132	6
148	4
1	6
1	1
23	6
1	6
596	1
59	4
1	5
8	5
87	4
33	2
58	5
192	5
1	4
1	5
32	4
1	3
1	5
1	4
3	6
1	5
39	4
1	5
67	4
537	2
37	4
320	4
1	4
1	4
1	4
126	4
92	5
37	2
1	4
8	5
11	5
436	3
1	2
1	5
412	6
1	5
10	4
5	4
1	4
37	5
11	5
234	4
1	5
262	4
219	6
1	6
1	4
60	6
1	4
1	5
99	3
1	5
1	4
27	6
1	6
432	6
159	4
1	6
1	6
1	4
1	2
105	4
1	4
6	4
1	4
555	6
1	4
1	2
76	4
1	2
1	3
1	4
2	4
102	4
464	3
17	2
1	4
1	4
1	4
116	2
1	5
1	5
56	2
1	4
87	6
29	4
1	4
26	4
234	5
161	4
1	5
195	4
1	2
34	4
1	6
1	5
47	3
30	4
1	2
1	4
31	4
1	4
147	5
31	4
1	2
45	4
1	3
12	4
1	5
133	4
179	5
103	5
1	4
164	4
1	6
47	2
1	5
1	6
252	2
227	5
1	4
1	2
93	6
1	4
1	5
1	4
221	6
2	4
18	4
34	4
1	4
111	4
64	3
219	4
29	4
358	4
1	3
415	5
423	5
25	4
1	6
33	5
87	6
1	5
151	5
60	6
1	4
93	5
152	4
89	4
1	5
426	6
1	4
8	4
1	5
1	6
154	4
117	4
477	4
1	5
96	5
46	2
1	5
521	5
1	4
180	5
371	6
1	5
1	4
181	5
378	3
1	4
1	3
413	6
1	6
44	6
1	5
10	4
1	4
1	6
1	4
65	4
61	4
360	4
1	4
197	4
648	5
33	4
1	5
136	6
1	1
7	1
77	3
1	4
11	6
1	4
1	1
28	4
21	4
1	2
19	6
219	4
1	6
28	4
1	2
109	4
158	5
1	3
15	5
23	6
1	6
12	4
1	6
1	3
100	5
1	6
1	4
73	4
9	2
12	6
16	4
158	6
23	4
308	4
1	4
74	4
160	2
3	6
1	6
1	4
1	4
1	4
1	3
1	4
176	4
29	3
25	4
1	4
8	4
1	2
523	6
1	3
1	5
1	4
136	4
167	4
126	4
47	5
68	4
92	5
192	4
1	2
58	4
18	4
34	5
1	4
487	3
299	4
11	6
163	5
100	4
1	4
179	5
1	4
37	4
1	2
1	4
7	4
31	5
1	4
1	4
137	2
239	3
32	4
1	5
253	3
1	1
13	4
1	4
2	2
1	2
1	5
17	4
1	5
1	2
2	4
137	4
13	5
129	4
1	4
125	4
9	4
8	5
84	6
1	4
1	5
1	5
141	4
1	5
418	2
1	4
47	3
1	4
5	4
1	6
1	4
1	6
54	4
14	5
20	1
335	4
13	4
1	2
192	1
1	4
1	4
1	5
1	4
15	4
71	6
1	5
177	4
1	4
370	6
1	5
23	6
1	6
23	4
1	4
1	5
29	4
78	4
1	6
48	4
1	4
1	4
120	6
17	4
1	4
1	4
1	2
116	3
1	4
4	6
1	4
276	4
1	4
1	4
1	5
1	3
7	4
21	4
1	3
41	4
58	4
563	3
22	6
1	5
18	4
4	4
454	5
1	4
1	4
74	5
22	6
424	6
1	4
128	5
1	4
1	5
7	4
23	4
96	4
439	4
130	4
1	2
1	4
194	4
119	4
325	4
18	4
38	4
48	2
29	5
330	4
1	5
1	2
343	2
122	6
65	1
1	4
1	1
52	2
67	1
226	5
1	4
30	4
148	5
39	6
1	5
243	4
1	5
7	5
76	4
51	3
133	3
65	6
359	6
1	1
602	5
50	4
1	5
79	4
37	4
148	4
22	1
1	2
196	2
32	4
1	4
231	1
40	5
557	4
45	5
147	4
1	6
1	5
1	4
1	6
148	6
131	4
23	6
8	4
1	5
1	1
150	6
1	4
1	6
69	5
5	5
1	3
1	6
75	5
147	4
1	4
1	4
54	5
1	4
1	6
1	4
1	6
1	4
169	4
30	5
46	6
50	5
17	6
1	5
72	4
231	3
1	6
28	4
25	3
1	5
1	5
58	5
1	4
1	4
9	4
67	4
1	6
1	5
264	5
58	4
265	6
219	5
37	2
101	6
332	4
39	4
7	6
40	6
16	4
1	6
15	4
120	1
1	4
28	2
1	2
1	6
1	5
1	6
235	6
55	4
337	6
1	4
1	4
1	4
206	2
1	1
1	3
1	4
1	4
20	4
1	4
1	4
23	5
1	5
11	4
92	4
1	2
40	4
1	5
22	6
61	5
1	5
1	4
57	2
44	3
1	4
87	4
24	5
7	4
96	4
22	2
133	4
1	6
1	5
1	5
229	6
21	6
85	4
1	3
1	4
99	4
207	5
462	6
40	5
109	4
1	4
9	4
17	4
1	4
1	6
5	6
1	4
1	4
1	4
35	5
13	4
93	4
1	4
65	6
1	4
435	4
266	5
226	4
16	5
194	6
1	4
20	5
1	5
1	4
1	4
114	2
1	4
75	5
48	3
6	4
44	4
1	3
22	5
24	4
1	4
6	4
40	5
1	3
1	6
356	5
1	5
592	2
630	4
105	4
27	5
196	4
58	5
45	6
97	4
1	5
1	4
400	5
1	4
12	6
1	5
58	4
1	2
1	4
54	1
202	4
16	6
10	5
1	4
1	4
1	6
211	6
1	4
52	4
1	4
1	4
63	6
1	4
1	4
231	4
1	5
49	5
1	5
9	6
1	5
46	3
1	3
1	4
98	5
1	4
27	4
1	6
1	5
1	4
367	5
1	6
1	5
1	4
23	4
1	6
37	3
200	4
30	5
34	4
241	3
1	4
1	6
31	4
1	6
1	2
155	6
24	5
16	2
344	5
18	1
1	4
231	5
1	4
28	4
1	5
1	6
1	4
1	4
25	6
1	4
86	5
1	4
34	5
178	2
1	6
15	3
37	5
29	5
1	5
602	4
101	4
56	4
1	3
150	4
1	6
1	1
146	4
374	4
1	5
602	4
1	4
1	4
147	4
1	4
1	4
1	4
488	5
1	6
64	4
41	4
1	3
1	4
1	6
57	6
1	4
30	6
1	4
22	1
285	4
1	6
186	6
1	4
1	4
1	4
41	5
558	4
108	4
1	4
2	4
292	6
1	4
77	5
1	4
1	3
1	6
25	6
40	4
1	2
23	4
1	4
599	5
22	6
2	5
1	6
1	4
54	2
56	5
164	4
62	4
449	3
5	4
1	4
1	4
1	4
1	2
1	2
40	4
1	5
11	4
1	4
1	5
56	4
1	5
1	4
1	6
1	4
59	3
1	4
1	4
1	2
1	4
1	4
86	5
1	4
1	4
7	3
230	4
1	5
281	4
28	4
1	3
48	4
1	2
10	4
51	4
1	4
298	4
1	1
1	6
47	5
10	4
1	4
450	4
168	4
26	4
100	4
85	4
1	3
13	6
1	2
1	4
180	5
26	4
252	5
1	5
14	4
149	3
303	6
156	4
1	6
13	2
1	4
61	3
1	4
1	4
1	6
1	5
1	4
31	4
192	4
1	2
10	4
1	1
1	6
194	3
1	5
69	4
178	4
1	5
51	4
125	4
129	6
13	4
9	2
1	3
40	6
137	2
179	4
1	4
412	2
198	6
315	4
1	4
293	4
19	5
60	4
1	2
511	4
88	4
40	4
1	4
48	6
1	5
1	6
1	4
167	5
210	6
1	5
150	5
46	6
1	1
182	5
97	2
417	6
1	2
1	1
1	6
1	4
1	6
215	5
1	4
1	3
1	5
164	4
280	5
1	5
1	1
25	4
45	4
1	4
66	4
87	5
6	1
1	5
204	4
120	2
1	6
221	6
193	4
1	4
11	4
1	4
28	4
1	4
50	6
329	4
1	3
444	4
1	4
9	4
1	5
1	5
12	4
1	1
1	4
1	4
191	4
40	4
1	4
159	4
1	3
1	4
505	6
1	3
80	3
55	6
40	4
1	4
250	4
1	5
572	5
82	4
1	4
185	4
23	4
65	5
509	4
104	5
22	4
1	4
122	5
1	2
7	4
470	1
331	2
8	2
1	4
8	5
2	5
9	5
13	6
588	5
51	3
23	4
357	3
1	4
54	4
40	4
11	4
145	4
66	4
1	1
7	4
18	6
1	4
1	4
155	4
1	4
67	4
4	4
46	6
1	5
26	4
132	4
1	4
239	6
247	4
88	5
9	5
43	1
98	1
1	4
1	5
1	3
53	5
88	4
1	4
1	4
42	5
84	5
1	4
12	5
1	4
1	6
319	6
1	4
1	2
1	5
12	4
475	5
1	6
1	4
196	6
1	6
9	4
1	4
1	4
214	6
316	6
1	4
1	2
12	5
28	2
6	5
90	1
1	5
293	4
1	4
1	6
20	5
15	5
1	5
1	5
1	6
14	6
161	3
1	2
1	5
17	6
81	4
1	4
1	2
11	4
1	6
244	5
11	6
70	4
71	4
29	2
10	4
127	5
164	3
1	4
119	4
89	6
14	1
13	3
1	4
202	4
1	3
1	6
1	4
1	2
1	5
1	4
3	6
207	5
1	5
12	4
13	6
267	4
344	4
1	6
56	4
1	5
465	4
1	4
1	4
74	2
51	5
1	4
9	5
1	4
1	4
18	4
1	4
1	5
45	5
63	5
1	4
1	4
1	5
22	5
59	2
1	5
1	4
11	3
1	4
1	6
1	5
96	5
55	5
1	5
246	5
1	4
34	1
119	4
37	4
1	5
260	4
53	1
8	2
1	4
1	3
1	5
1	1
136	5
1	4
62	6
78	2
1	4
22	4
15	6
48	5
417	4
1	4
1	2
48	6
1	2
48	3
1	6
1	6
1	5
1	3
206	6
28	1
1	4
1	4
45	6
16	4
39	5
1	6
38	5
1	4
38	5
1	4
306	5
314	1
1	4
89	3
320	6
229	1
345	4
1	6
1	4
1	6
79	4
9	4
26	4
73	4
1	5
1	4
1	4
1	4
1	4
1	4
1	4
119	4
7	5
1	6
257	4
1	4
33	3
17	4
1	4
115	4
1	1
455	4
66	3
1	6
1	5
16	4
166	5
167	2
291	4
557	4
52	4
34	5
206	4
179	4
420	2
420	5
335	4
384	4
1	6
1	5
180	4
8	3
33	6
18	5
100	5
1	4
