1	264
1	0
1	1
1	0
1	8
1	1240
1	1130
1	0
1	8
1	0
1	0
0	24
0	397
1	0
0	1
0	4
1	26
1	26
1	1
1	391
0	20
1	70
1	1748
0	0
0	8
0	14
1	53
1	0
1	22
1	78
0	19
1	18
1	19
1	412
1	0
0	51
1	21
0	81
1	105
1	0
0	12
1	33
1	1291
1	59
1	0
0	137
1	0
1	5
0	54
0	35
1	44
1	3859
1	1
1	243
1	34
1	14
0	3
0	1
1	510
1	168
1	0
1	0
1	12
1	74
1	6
0	44
0	0
1	58
1	13
1	553
1	1179
1	2
1	0
0	61
0	12
0	72
1	9
1	374
0	1
1	327
1	654
1	0
0	1
1	28
0	36
1	0
0	1
1	3058
0	1
1	16
1	0
1	2
1	0
1	0
0	0
1	0
0	24
0	77
1	48
1	0
1	15
1	0
1	37
1	1
1	32
1	3643
0	175
0	17
1	1
1	0
1	506
1	1298
0	0
1	0
1	0
1	141
1	23
1	8
0	14
1	4
0	0
0	6
1	1375
1	1
0	18
1	0
1	12
1	11
1	173
1	7
1	97
0	3
1	30
1	0
0	791
1	2
1	157
1	110
1	22
1	272
1	0
1	34
1	863
1	9
0	0
1	108
1	182
1	12
1	231
0	1432
1	9
1	16
1	10
1	5
0	5
1	1777
1	125
0	0
0	1458
1	512
1	17
1	903
1	1078
0	3
0	2
1	20
0	1
1	35
1	34
0	2
1	241
1	113
1	1
1	8
1	27
1	12
0	10
1	1643
0	17
1	7
0	60
1	221
1	0
1	68
1	44
0	0
1	519
0	4
0	206
1	3
1	40
0	0
1	53
1	1
0	20
1	0
0	0
1	6
0	0
1	0
1	25
0	115
1	20
1	30
1	2
0	0
1	214
1	34
1	0
1	20
1	1025
1	14
0	5
0	59
1	68
1	0
1	20
1	9
1	0
1	4
1	30
1	0
1	0
1	0
1	14
1	291
0	537
1	767
1	135
1	9999
1	7
0	0
0	0
1	13
1	0
1	20
1	0
1	0
0	54
1	217
1	1258
1	13
1	0
1	7
1	54
0	9
0	2
1	5
1	2
1	50
0	0
1	155
1	0
0	0
0	52
0	15
1	5
0	0
1	2
0	30
0	0
1	10
1	929
0	7
1	0
1	18
1	35
1	211
1	32
1	9
1	1
0	0
1	0
0	4
1	5
0	12
0	24
0	33
1	49
0	35
1	0
0	6
0	22
1	0
1	15
1	1
1	0
1	23
1	55
1	0
0	171
0	365
0	10
1	67
1	20
0	27
1	1
0	10
1	2986
1	1688
1	19
1	34
1	10
1	95
1	149
1	12
1	0
1	48
1	289
0	0
1	5
0	0
1	24
1	0
1	130
0	2
0	41
0	3
1	8
0	67
1	582
0	0
0	55
0	7
1	256
1	6
1	1057
0	0
1	0
0	132
1	61
1	30
1	0
1	12
1	0
1	5
1	27
1	158
1	285
0	0
1	44
1	6
1	3
0	0
0	1495
1	0
1	27
1	3
0	358
1	91
1	600
1	0
1	1
1	3594
0	9
1	169
1	152
1	774
1	642
1	61
1	609
1	25
1	0
1	95
1	1
1	1
1	314
1	134
1	44
1	70
1	10
1	24
1	10
1	111
0	38
1	32
1	173
0	33
1	0
1	513
1	4
1	127
0	93
0	124
0	13
0	79
1	6
1	0
0	182
0	7
0	982
0	26
0	50
0	214
1	0
0	11
1	95
1	21
1	0
0	59
1	210
1	1
1	0
1	16
1	51
1	7
0	4
1	0
0	0
0	15
1	30
1	13
0	0
1	0
0	2
1	0
0	89
1	16
1	2
1	202
1	0
1	320
1	6
0	0
1	1
1	22
1	96
0	1
1	130
1	40
1	8
0	0
1	122
0	11
1	2
0	28
0	0
0	9
1	931
0	5
1	39
0	86
0	14
1	11
1	1060
1	361
1	0
1	177
1	6
1	19
1	0
1	3
1	0
1	2
1	32
0	237
1	1165
0	0
1	20
1	112
0	30
1	25
1	0
1	43
1	4
1	2
1	594
1	1
0	15
0	3204
0	51
1	66
1	60
1	0
1	720
1	0
0	130
1	0
1	55
1	1324
1	0
0	165
0	240
1	10
1	10
0	10
1	0
0	7
1	77
1	22
1	2834
0	660
1	64
1	2
0	0
1	3
1	2
1	251
1	1
1	2
1	145
1	13
1	82
1	86
1	16
0	81
0	446
0	5
1	109
1	661
1	110
0	0
1	2
1	0
1	0
1	6
1	0
1	1
1	0
1	12
1	10
0	25
1	291
1	21
0	0
1	21
0	259
1	116
0	2
1	8
1	0
1	43
0	9
1	22
1	9
1	12
1	0
1	9
1	18
1	10
1	51
1	3
1	13
1	11
0	4
0	0
1	724
0	27
1	8
1	6
1	3
1	3
1	0
1	12
1	18
1	284
1	2
1	55
0	0
1	29
1	29
0	5
1	13
0	23
1	6
0	11
1	1
1	9
1	10
0	75
1	26
0	0
0	0
0	17
1	718
1	51
0	99
1	0
1	1233
0	5
1	26
1	9
1	9
0	0
0	114
1	93
1	0
1	0
0	0
0	72
0	0
0	0
1	9
1	69
1	458
1	0
0	270
1	1221
0	0
1	8
1	14
1	0
1	0
0	147
0	4
1	4096
0	31
1	26
0	7
0	4
1	0
0	165
0	106
0	0
0	29
1	32
1	5
1	4
1	163
1	2568
1	141
1	1
1	37
1	1
1	15
0	7
1	6
1	0
0	23
0	23
1	336
1	294
1	0
1	0
1	0
0	481
1	3
1	0
0	6
0	1172
0	360
1	324
0	5
0	30
1	21
1	1
0	29
1	0
1	14
1	0
0	357
1	351
1	14
0	75
1	186
1	8
0	13
0	3
1	0
1	256
1	4361
1	255
1	2071
0	356
1	10
0	1
1	42
0	14
1	2
1	117
1	6
1	0
1	53
1	12
1	20
0	120
0	28
1	4
0	198
1	0
1	8
0	7
1	248
1	76
0	50
0	939
1	30
1	67
1	0
1	412
1	40
1	84
0	71
1	16
1	1
0	354
1	24
1	23
1	3
0	60
1	520
1	0
1	22
1	16
1	482
0	0
1	1
0	1577
1	31
1	1
1	130
1	15
1	0
0	290
1	11
1	139
0	3
1	251
0	0
0	57
1	12
1	399
1	9
1	0
1	15
1	2
1	394
1	264
1	112
1	0
1	16
1	67
0	1
0	9
1	637
0	0
1	0
1	12
1	28
1	0
1	0
0	89
1	12
1	20
0	48
1	33
1	26
1	6
0	0
1	4
0	0
0	13
1	0
1	6
0	15
1	28
1	160
1	744
1	47
0	37
1	34
1	238
0	7
1	74
1	17
1	149
1	179
1	27
0	15
0	1
1	20
1	878
1	0
1	1150
0	34
1	0
1	0
1	0
1	1
0	0
0	17
0	0
1	78
1	6
1	28
0	0
1	3706
0	12
1	4
1	0
1	85
0	612
1	0
1	25
1	4
1	4
1	20
1	19
1	1334
1	24
1	42
0	17
1	105
1	5
1	0
0	70
1	256
1	17
1	2
0	35
1	171
1	63
1	26
0	0
1	0
1	0
0	0
1	18
0	0
1	8
0	25
1	15
0	39
1	0
0	9
1	4
1	0
1	195
1	24
0	0
1	6
1	1306
1	2
1	1
1	307
1	53
0	10
1	91
1	71
0	590
1	0
1	63
1	0
1	161
1	15
1	101
1	2
0	292
1	15
0	6
1	0
1	620
0	11
0	4
0	37
1	22
0	434
1	1
1	45
1	72
0	177
0	2
0	4
0	42
1	1175
1	158
0	333
1	19
0	4
0	5
1	600
1	130
0	2
1	2
1	0
0	24
1	286
0	330
1	8
1	36
0	92
1	329
1	21
0	313
0	0
1	58
0	0
1	0
1	2
1	0
1	0
1	368
1	1673
0	100
0	602
1	22
1	0
0	2211
1	3
1	2
1	1166
1	9
1	5
0	0
1	24
1	603
0	2
0	1
0	5
1	386
0	3
1	16
0	10
1	12
0	220
1	0
1	9
1	268
1	0
1	86
1	0
1	5
1	2
1	50
0	35
1	1273
1	183
1	39
1	151
0	283
0	107
1	72
1	211
1	0
0	18
1	182
0	45
0	3
1	13
0	1175
0	14
0	0
1	12
1	617
1	11
1	4
1	0
1	9
0	1714
1	24
0	7
1	0
1	67
0	281
1	0
0	8
1	134
1	16
1	64
1	0
1	0
0	10
1	68
1	162
1	201
1	1090
0	0
1	108
0	325
1	0
1	7
0	0
1	0
0	1818
0	182
1	17
1	374
1	154
1	0
0	0
1	26
1	253
1	39
1	49
1	2
1	8
0	0
1	1
1	0
1	7
1	0
1	0
0	5
1	0
1	2
0	54
1	3
1	0
0	274
1	68
1	2
1	86
0	10
1	17
0	38
1	24
1	220
1	954
1	17
0	0
0	25
1	93
1	72
1	1014
0	0
0	0
1	0
0	2
1	1
1	47
0	9
1	34
1	0
1	253
0	0
1	71
1	0
1	2
1	5
1	15
1	1
1	19
1	32
1	0
1	0
1	2
1	7
1	125
1	0
1	0
1	11
1	0
0	6
1	0
0	174
1	146
0	0
1	8
0	0
0	9
1	381
0	284
1	0
1	75
0	43
1	12
0	0
1	11
1	2
0	178
1	1512
1	27
0	1
0	22
1	12
0	3
1	0
1	41
1	701
0	1
1	546
0	14
1	6
1	6
1	0
1	1
1	8
1	1
0	0
1	0
0	0
1	10
1	28
1	0
1	4
0	7
0	116
0	48
1	6
1	86
1	6
1	283
0	63
1	11
1	41
0	7
1	2
1	104
1	0
1	0
1	12
1	13
1	0
0	49
0	0
1	0
0	360
1	0
0	143
0	10
0	12
1	0
1	0
1	104
1	5
1	29
0	0
1	305
1	3
1	0
0	3
1	9
0	35
0	12
0	5
1	637
0	18
1	0
1	1849
0	0
1	0
1	111
1	2
1	15
0	1
0	6
0	0
1	58
1	0
1	30
1	8
1	0
1	69
1	15
1	282
0	337
1	7
1	0
1	9
1	0
1	10
1	10
1	1
0	6
1	97
1	421
0	7
0	15
1	11
1	14
0	1
1	5
1	3
1	424
0	12
1	4
0	2
0	80
1	2182
1	0
0	572
1	15
0	19
0	0
1	73
1	21
1	10
1	58
1	0
1	4018
1	29
1	57
1	135
1	2
0	135
1	0
0	49
1	0
0	48
0	2
0	130
0	6
1	0
1	917
1	16
1	0
0	0
1	12
1	0
1	21
0	4
1	116
0	0
1	0
0	0
0	236
1	2
1	123
1	20
1	0
0	18
1	3
0	4
0	13
0	0
1	148
0	0
1	0
0	6339
1	16
1	0
0	54
0	60
1	1
1	22
1	425
0	78
1	5
1	0
1	11
1	84
1	0
0	1
0	42
1	280
1	1
1	1
1	0
1	7
1	168
1	0
1	22
0	0
1	471
0	1
1	274
0	5
1	553
1	13
0	41
1	667
1	251
1	95
0	0
1	45
1	854
1	0
1	3
1	5
0	18
1	58
1	13
1	7
0	169
1	5
1	0
1	63
1	17
0	821
1	1646
0	14
1	0
1	10
0	0
0	13
1	5
1	12
1	26
0	13
0	19
1	593
0	0
1	0
1	8
1	0
1	0
0	11
1	5
1	5
1	0
1	0
1	0
0	441
1	42
0	178
1	1
0	0
1	150
1	693
0	12
1	1
1	0
0	0
0	2
0	0
1	41
1	0
1	229
1	2
0	51
1	99
1	5
1	3
0	3
1	0
0	0
1	157
0	450
1	51
0	2
1	2
1	40
1	18
1	362
0	95
0	4
1	42
1	73
1	7
1	52
0	10
1	2
1	12
0	0
1	34
1	50
1	20
1	39
1	60
0	2
1	3
0	60
0	3
1	440
0	171
1	0
1	23
1	0
0	6
1	4
1	1
1	658
0	1
0	103
1	26
1	0
1	0
1	1445
1	29
1	2538
1	23
1	0
1	0
1	556
1	399
1	66
1	6
0	30
1	31
1	3
1	112
1	696
1	23
1	10
0	0
0	0
1	35
0	82
0	3
1	23
1	4
1	85
1	31
1	15
1	0
0	7
0	32
1	27
0	9
1	60
1	82
1	1
0	4
1	9
0	211
1	945
1	3
1	0
1	1786
1	9
1	59
0	5
1	6
1	3
1	24
1	1
0	6
1	7
1	5
0	234
0	0
1	4
1	0
1	10
0	0
1	3
1	11
1	0
0	19
1	19
0	18
1	1
1	4
1	0
1	15
1	0
1	30
1	16
0	2
1	35
0	11
1	1
1	1194
1	18
0	1
1	210
1	9
0	2475
1	0
1	5
1	383
0	638
1	124
0	0
1	20
0	1601
1	3
1	7
1	31
1	19
1	0
0	5
1	3
0	45
1	0
1	5
0	15
1	45
0	21
0	157
1	4
1	91
1	66
1	0
0	14
1	38
1	117
0	625
1	0
0	27
0	6
1	54
1	0
0	0
0	3
1	5
1	1
1	101
1	217
0	524
1	34
0	22
1	0
0	511
1	0
0	0
1	296
0	65
1	496
1	10
1	14
1	4
1	4
0	49
0	11
0	5
1	3
0	862
1	12
1	10
0	47
1	846
1	7
1	80
0	291
1	11
1	622
1	648
1	161
0	47
0	885
1	31
0	4
1	3
1	0
1	11
0	675
0	1482
1	72
1	797
1	63
1	6
1	13
1	81
1	5
0	10
0	477
1	3
1	221
1	1908
1	21
1	0
1	45
1	31
0	0
1	577
0	81
1	132
1	16
1	67
1	399
0	26
1	43
0	848
1	39
1	160
1	6
1	22
0	0
0	0
1	1882
1	14
1	54
1	178
0	0
0	22
1	21
1	84
1	3
1	22
1	1
0	95
0	2
1	294
1	31
1	838
1	0
1	9
0	131
1	3
0	0
1	0
1	8
0	12
0	344
1	17
0	480
0	1270
1	2
1	0
1	0
1	6
0	0
0	1
1	100
1	291
1	45
1	29
0	0
1	11
1	887
1	70
1	313
0	3
0	12
1	4
1	0
1	0
1	1
1	0
1	78
1	406
0	4
0	2
1	135
1	21
1	7
0	59
1	30
1	9
1	0
1	74
1	0
0	6
1	0
0	52
1	0
1	6
1	0
1	2
1	1
0	10
1	27
1	97
1	32
0	20
1	0
1	8
1	19
1	0
1	4
0	0
0	1
1	41
1	1
1	8
1	7
1	0
0	6
1	145
1	2
1	2
1	241
0	61
1	22
0	19
1	3
0	4
1	0
1	2
0	218
1	0
1	0
1	3
1	0
1	10
1	0
1	4
1	17
0	2
1	176
1	7
0	0
1	18
1	0
1	1
0	6
0	72
0	111
0	123
1	0
1	0
0	16
0	3
0	4
0	0
1	0
1	4
1	133
0	0
1	8
1	52
0	476
1	4165
1	0
1	925
1	364
0	2
0	0
1	14
1	2
1	158
1	18
1	2
1	23
1	1651
1	8
0	14
0	0
1	442
0	67
0	19
1	41
1	62
0	0
1	26
1	152
1	5
1	1978
1	3314
0	0
0	0
1	52
1	12
0	0
1	84
0	72
1	2
1	56
0	0
1	0
1	2674
0	16
1	64
1	11
0	521
1	3
1	14
1	56
0	79
1	29
0	0
0	134
0	5
1	44
1	355
0	74
0	48
0	0
1	61
0	0
1	4
0	711
1	295
1	0
1	13
1	0
1	27
0	15
1	272
1	20
1	0
0	86
1	25
1	23
1	8
1	25
0	54
0	16
1	0
1	153
1	7
1	132
1	0
1	33
0	8
1	316
1	0
0	83
1	278
1	22
1	0
1	7
0	140
1	35
0	0
1	32
1	1495
1	0
0	1724
1	91
0	241
1	7
1	193
1	13
1	41
0	8
1	330
0	0
1	16
1	111
1	194
0	2
0	15
1	8
1	14
1	0
0	0
1	972
1	292
1	134
0	22
0	45
0	7
1	31
1	18
1	15
1	1
1	965
0	1
1	87
1	19
1	24
0	30
1	0
0	2229
0	8
1	39
1	77
1	260
1	385
1	72
1	32
1	10
0	0
0	25
1	11
1	19
1	174
1	115
0	9
0	596
1	0
1	0
0	2
1	3
1	0
1	0
1	24
1	405
0	4
0	4
1	0
0	1
1	122
1	8
1	45
1	127
1	233
1	17
1	29
0	0
1	1798
1	11
1	5
1	2
0	184
1	125
0	28
1	0
0	0
0	0
0	1404
1	1118
1	35
0	1454
1	380
1	41
1	52
1	3
1	9
1	6
0	15
1	0
1	75
0	48
1	611
1	148
1	2
1	205
1	8
1	0
1	14
1	0
0	845
1	6
1	95
0	0
1	0
0	27
1	27
0	12
1	69
0	0
1	13
0	0
1	11
0	612
1	54
1	394
0	13
0	0
0	12
0	0
1	7
1	28
1	1381
1	15
1	176
1	8
1	2065
1	0
0	1060
1	0
1	15
0	0
1	0
0	0
1	29
1	0
1	0
0	228
1	35
1	71
1	22
0	43
1	140
0	4
1	1
1	0
0	0
1	0
1	24
1	86
1	41
0	51
1	0
1	1
0	0
0	12
1	42
1	337
1	7
1	6
1	5
1	337
0	3
1	433
1	53
1	1
1	105
1	547
0	7
0	1
0	3
1	119
0	1
1	11
1	7
0	0
1	12
0	48
1	347
1	23
0	20
0	58
0	33
1	206
1	808
1	41
0	12
1	1388
1	1372
0	0
1	15
1	9
0	18
1	111
1	2
1	158
1	16
1	215
0	0
0	6
0	4
1	29
1	21
1	0
0	71
1	0
0	44
1	0
1	10
1	0
1	45
1	167
1	77
1	29
1	4
1	69
0	34
1	2
1	9
0	29
0	0
1	4
1	15
0	0
1	0
0	72
1	62
1	77
1	18
1	26
0	0
1	1
0	17
1	0
0	18
0	0
1	0
1	0
1	143
0	2
1	0
1	87
0	41
1	0
1	92
1	49
1	0
0	0
1	14
1	20
0	9
1	28
1	0
1	39
1	6467
1	553
1	24
1	0
1	31
1	21
1	25
0	39
1	781
1	15
1	580
1	0
0	6
1	2333
1	17
0	24
1	292
0	1146
0	2
0	42
1	3
1	9
0	739
1	42
1	16
1	14
0	765
1	0
0	0
1	180
1	0
1	28
1	0
1	162
1	86
1	2
1	0
1	7
1	686
0	21
1	35
1	17
1	21
1	2839
0	1
1	21
1	19
1	32
0	138
0	14
0	18
1	0
1	17
1	0
1	427
0	0
1	38
1	17
1	13
1	0
0	7
0	9
1	103
1	5
1	0
0	2
0	12
1	1
0	17
1	0
1	38
1	54
1	18
1	2006
0	2
1	35
1	7
1	364
1	2455
1	0
1	14
0	412
0	152
1	0
0	1012
0	81
1	1001
1	27
1	220
1	1
1	71
1	8
1	7
1	34
0	119
0	0
1	0
0	27
1	0
1	0
1	1
1	8
0	4
1	84
0	0
1	96
1	1
1	0
1	0
0	0
1	8
1	517
1	11
1	22
1	3274
1	145
0	227
1	698
1	35
1	0
1	1410
1	761
1	0
1	8
1	57
1	1
0	0
0	0
1	7
1	0
1	0
1	504
1	6
1	1261
1	190
0	198
1	4
0	771
0	0
1	0
0	19
1	4
0	3
0	0
0	5
1	0
1	57
0	10
1	27
0	207
1	1
0	0
1	12
0	0
1	3
1	17
0	183
0	93
1	3
1	8
1	201
1	6
0	6
1	157
1	11
1	325
0	28
1	28
0	15
1	29
1	402
0	21
1	697
1	421
1	11
1	0
0	59
1	1
1	194
1	4
1	0
1	65
1	66
0	0
1	291
1	0
1	0
0	64
1	8
0	18
1	8
0	29
1	42
1	10
1	25
0	1192
1	9
1	32
1	248
1	6
1	0
1	611
1	35
1	0
1	5
1	1
1	4
0	0
1	0
1	226
0	6
1	3047
1	1358
1	1
1	14
1	63
1	2
1	73
1	8
1	0
0	44
1	13
1	0
1	0
0	5
1	0
1	1065
0	119
1	7
1	0
1	705
0	0
1	693
1	1721
1	13
1	40
1	0
1	0
1	357
1	0
1	1
1	0
1	1
0	356
1	8
1	217
0	4
0	16
0	9
1	0
1	80
1	0
0	1
1	444
1	8
0	21
1	109
1	230
1	73
1	23
1	0
1	1
1	1
1	16
0	227
0	0
0	642
0	299
1	22
0	14
0	202
0	1324
0	4
0	21
1	4
0	367
0	1
1	18
0	4
1	7
0	21
1	16
1	1097
0	28
0	0
1	23
1	32
1	0
1	486
0	2215
1	43
1	9
1	16
1	414
0	2
0	116
1	240
1	38
1	0
1	4
1	14
1	21
0	1706
1	0
1	3
1	10
1	243
1	12
0	109
1	12
0	171
1	0
1	324
0	2
1	25
1	0
0	0
0	0
1	20
1	0
0	26
1	46
1	21
0	14
1	259
0	115
1	489
1	19
1	91
1	0
1	440
0	0
0	0
0	0
1	558
1	0
1	13
0	13
1	1521
0	0
1	0
1	0
1	0
0	87
0	5
1	61
1	16
1	5
0	133
1	57
0	409
1	218
0	3
1	50
0	86
1	3
1	80
0	11
0	169
0	144
0	682
1	38
1	13
1	312
1	39
1	75
0	4
0	4
0	38
0	6
1	0
0	2196
1	4
0	297
0	29
1	0
1	9
1	43
1	0
1	29
1	965
1	35
1	1
0	2
0	5
1	23
1	620
1	0
0	164
1	19
0	0
1	0
0	59
1	0
0	4
1	22
1	0
0	0
1	21
1	6
1	0
0	15
0	13
1	7
1	16
1	9
0	0
1	0
0	0
1	2
0	114
1	59
1	0
1	34
1	21
1	39
1	32
1	0
1	7
0	701
1	0
1	1391
1	10
1	269
0	71
1	3
0	14
1	44
1	154
0	38
0	187
1	84
0	0
1	20
1	6
1	1009
0	23
1	0
0	0
0	1515
1	105
1	0
1	3
0	0
0	14
1	0
1	378
0	3188
1	29
1	23
1	321
0	6
1	0
1	28
1	1
1	511
0	0
1	12
0	0
1	39
1	2
1	80
0	295
1	1166
1	0
1	0
1	8
0	38
1	215
1	8
0	1
0	0
1	0
0	74
0	1
1	98
1	2
1	5
0	40
1	0
0	66
1	29
0	448
1	34
1	196
0	6
1	26
1	3
1	66
0	0
1	24
0	16
1	0
0	256
1	353
1	11
0	3
1	13
0	20
1	0
1	5
1	0
0	12
1	9
1	12
1	15
1	166
1	21
0	8
1	21
1	15
0	3
0	0
0	0
1	699
1	224
0	17
1	45
1	1
1	78
1	13
0	76
1	1
0	43
1	273
1	172
1	724
0	8
1	840
1	0
1	19
0	46
0	26
0	15
1	19
1	2
1	28
1	6
0	928
1	0
1	2
0	0
0	10
1	7
1	92
1	0
1	0
1	33
1	79
1	0
0	6
1	0
1	15
1	0
0	19
1	50
1	33
1	14
0	40
1	1
1	10
1	44
1	14
0	512
1	49
1	2348
1	56
1	0
1	16
1	3
1	31
1	0
1	5
0	0
1	0
1	0
1	17
1	464
1	1
1	0
0	62
0	69
1	3
1	52
1	1001
1	16
1	1
1	10
0	0
0	150
1	43
1	51
0	0
0	21
1	1
1	8
1	55
1	426
1	2
0	0
1	5
0	2
1	0
1	0
0	1
0	24
1	18
0	7
0	8
1	0
1	11
1	10
1	69
1	0
1	6
0	89
0	44
0	1
1	4318
1	71
0	217
1	1221
1	97
0	10
1	187
1	18
1	26
1	2
0	0
0	10
1	7
1	4
1	19
1	0
0	0
0	32
1	11
1	19
1	47
1	85
1	181
1	23
1	22
0	34
1	303
1	18
0	46
1	186
1	83
1	19
1	7
1	0
1	0
1	3
0	14
1	23
1	12
1	0
1	6
1	20
1	2181
1	0
1	14
0	166
1	94
1	65
1	0
1	19
0	25
1	0
1	8
1	39
1	36
1	6
1	0
1	8
1	0
0	0
1	1
1	9
1	0
1	485
0	0
1	298
1	417
1	408
1	14
1	76
1	9
0	78
0	85
1	114
0	1
1	853
1	14
1	93
1	0
0	479
1	750
1	50
1	29
1	509
1	24
0	0
1	45
1	27
1	4
1	9
0	496
0	30
1	8
1	734
1	649
1	85
0	5
0	54
1	0
1	9
1	0
1	3
1	84
1	0
1	247
1	12
0	1
1	9
1	0
1	19
1	53
0	31
0	14
1	6540
1	26
1	996
1	27
1	0
0	4
0	20
0	23
1	39
1	3
1	201
1	7
1	701
0	0
1	0
1	1
1	2
0	13
1	2
1	3
0	36
1	2
1	8
1	0
1	1011
1	61
1	7
0	11
1	259
1	109
0	0
1	0
1	4
0	243
1	0
1	19
0	0
1	13
1	9
1	2
1	11
1	0
1	5
1	7
1	4
0	1
1	3
1	7
0	9
1	112
1	0
1	34
0	0
1	23
1	222
0	5
1	35
1	0
0	36
1	14
0	0
0	6
0	2
1	818
1	13
1	32
1	18
0	0
1	21
1	287
1	0
0	940
0	32
1	0
1	85
1	9
1	1310
1	0
1	47
1	32
0	2
1	0
1	308
1	117
1	249
1	8
1	486
1	111
1	11
1	179
1	10
0	8
1	0
1	7
1	3
1	17
1	10
1	12
1	383
0	24
1	1
0	135
1	8
0	1303
1	42
1	106
1	85
1	181
1	232
1	0
1	127
0	32
1	10
1	7
0	3
1	17
0	1
1	262
0	30
0	155
1	0
0	0
1	8
0	33
1	16
1	76
1	503
1	20
1	79
0	119
1	146
1	55
1	653
0	198
1	3
1	1
1	85
1	766
1	89
1	0
1	2899
1	0
1	4
1	6
0	5
1	76
1	0
1	0
1	3
1	0
0	0
1	3
0	5860
1	0
1	4
1	438
1	0
1	147
1	3
1	324
1	141
1	2
1	6
1	5
0	1340
1	31
1	2
1	14
0	159
1	3
1	41
1	25
1	44
1	66
1	7
1	182
0	569
1	2
1	22
1	0
1	0
1	288
1	0
1	6
1	7
1	0
1	31
1	2
1	30
1	788
1	1094
1	0
1	90
0	8
1	25
1	3030
0	10
1	351
1	21
1	1667
0	441
0	4
1	38
0	6
0	58
1	213
0	0
1	0
0	1
0	572
1	257
0	0
1	0
1	12
1	42
1	7
0	35
1	8
1	22
1	4
1	11
1	578
1	28
1	6
0	54
1	32
1	2272
1	8
1	0
1	0
0	18
1	56
1	15
0	0
1	0
0	0
1	1
1	5
1	335
1	53
1	5
1	248
1	30
1	34
1	0
0	8
1	13
0	83
1	2327
1	458
1	9
1	3
0	138
1	101
0	108
1	8
1	0
1	31
1	37
1	7
1	5
1	571
1	7
0	109
0	14
1	62
1	72
0	71
0	10
0	25
0	2
0	2
1	0
1	0
1	66
1	5
0	17
0	43
1	518
1	1
1	9
1	0
0	21
0	1214
0	232
0	15
0	472
1	4
1	10
1	428
1	0
0	12
1	65
1	0
0	62
0	6
0	3
0	8
0	102
1	21
1	8
0	3
0	2
1	1
1	553
1	17
0	1563
0	2
1	1109
0	2
0	5
1	109
1	0
0	0
0	180
0	10
0	0
0	28
0	9
1	0
0	2
0	0
0	28
1	0
1	1
1	296
1	29
1	19
1	4
1	0
0	0
0	76
1	0
1	1
1	14
0	0
1	0
1	19
0	40
1	0
1	8
0	12
1	0
1	42
1	9
1	0
1	2
0	3
1	23
1	0
1	1081
0	16
1	174
0	26
1	2
1	10
1	34
1	17
0	33
1	0
1	9
0	84
0	13
1	17
1	7
0	1
0	14
1	1067
0	40
0	0
1	0
1	123
1	372
0	0
1	8
1	0
1	822
0	6
1	557
0	1
1	0
0	0
1	1
1	55
1	26
1	0
0	0
1	0
0	7
1	797
1	0
1	19
1	12
0	0
1	4
0	22
1	5
0	115
0	3
1	20
1	6
0	211
1	0
1	283
0	12
1	577
1	54
0	61
1	4
1	2
1	4
0	39
0	20
1	134
0	21
0	162
0	0
0	66
1	30
1	118
1	305
1	0
1	5
0	23
1	5
1	77
1	1
0	91
0	19
1	247
1	82
0	9
0	1
0	1454
1	0
0	0
0	246
0	1474
1	0
1	731
1	8
1	19
0	10
1	50
0	11
1	282
0	141
0	5
1	880
0	251
0	51
1	1
0	5
1	18
0	8
1	35
1	0
0	1233
1	3
1	862
1	298
0	4
1	21
1	105
1	850
0	5
1	0
0	379
1	2
1	1018
1	11
1	27
1	13
1	7
1	4
1	5
1	265
1	0
1	244
1	24
1	29
1	1130
0	1010
0	0
1	5
1	19
1	37
1	1529
0	83
0	31
1	2
