6197	2886
6724	3199
6435	3076
5398	2909
6431	3079
5125	2694
7530	5047
5578	3064
6506	4175
5474	3528
7162	2718
7693	4233
6053	3046
3813	1832
8018	2695
6914	2938
5966	2035
5674	1506
6160	2891
5087	2978
6299	4506
7599	3176
5374	2712
7495	3426
7459	3516
7315	2799
5478	3210
4431	1802
6482	3074
8470	3034
7749	2772
7546	3282
5987	2682
7777	3732
5989	2232
4354	2504
6763	2391
8461	4473
7600	2870
5922	2364
6117	2264
8194	3407
3980	2296
7901	3133
7132	2430
4998	3797
9388	3951
2854	3125
8630	3847
5757	2048
6317	2529
7272	4045
7675	2891
5393	2367
7789	3890
4149	2116
7791	4527
5993	1727
6803	3394
5924	2665
6567	2666
5972	2454
6702	2098
2622	2045
6815	3116
7147	2994
6464	3204
6282	2554
4942	2486
5433	2372
6699	2834
8216	3219
7163	3122
5934	3104
6163	3100
7809	3194
6150	3005
5051	2802
1954	1952
6433	2597
7905	2981
3862	2478
5984	3093
7561	3535
6726	2941
7781	3228
8222	3174
4466	2802
8750	4528
6234	2574
5949	3453
5010	3344
7349	3671
6306	2776
6354	1239
6534	3458
6402	3174
3945	1595
7656	4055
7715	4066
7697	3530
6019	2135
6445	3119
6138	2529
6442	2622
8027	4049
6979	3540
6463	2780
6550	957
7801	2447
6197	2666
7855	3516
7728	4571
8391	3970
5242	3625
6113	2969
5509	2090
5389	2300
7523	2471
3968	2071
7616	3674
5079	1193
6743	3348
7252	2904
8117	2996
6775	3664
5323	2634
7354	4243
5495	3043
3991	3176
5718	2403
5320	2277
6140	1726
9186	3423
4197	3090
4897	4284
5966	3747
8711	3690
9548	3953
6025	3269
8565	4185
7587	3560
7415	3240
7439	4139
6224	6494
5666	3654
5969	3588
7445	3171
5232	2569
6313	3757
6753	3088
8016	3189
6498	2928
7560	3347
3733	2119
8235	2675
6622	2956
5998	3461
3933	2265
7643	3678
5297	3344
6083	3048
6148	2960
7464	3845
6868	2918
8503	4425
6971	3397
5972	2761
5641	2770
4767	3692
8600	2905
5683	1380
8254	3263
6334	3200
6318	2613
5971	3014
7796	3411
4566	3282
6433	2418
8161	3839
6598	2788
6414	2911
7149	3796
5511	3067
7262	3646
4809	2762
4768	2541
5948	2615
7336	4332
3572	1606
4902	2402
6470	2991
5612	4403
7799	3742
6977	2583
6390	2352
7071	3323
7024	3904
7107	2329
5806	2517
5645	2780
7143	3311
5209	2199
5976	3334
6954	3311
8015	4505
5700	4694
6219	2903
5231	3466
4559	2349
6968	2534
5971	2580
7871	3953
5479	3275
6157	4270
6390	2353
6996	3497
8214	3504
7856	3943
6219	2119
6339	3759
6874	3220
8652	3424
5236	2077
6602	3115
6973	3505
6882	2459
8520	3753
6576	3005
5234	2967
5490	3501
8001	3745
3381	1782
9564	4192
6404	2465
6415	2825
5509	2744
6929	3591
5821	2607
6569	2942
8188	3832
5993	3649
5593	3430
8288	3692
7690	3826
7674	5307
6208	3201
5834	3393
5145	2897
5386	2941
6148	3196
6317	3572
6326	3100
7932	3927
9092	4025
6435	3004
5581	2213
8606	3442
4822	1381
7546	2791
5747	2801
5091	2845
6609	3144
7394	3325
6652	2766
5962	2619
4738	1834
6784	2383
6420	3505
6412	2902
6752	2874
5826	3637
7269	4573
8649	4287
5089	2286
4402	4194
8299	5067
4622	2440
7842	3893
7187	2787
5277	2175
7187	3092
5745	2938
4520	5670
6092	2109
7272	3444
3645	2221
6008	3382
6472	2207
6732	2657
4554	0
6823	3934
6495	3961
6039	2776
6319	2695
6470	2172
4852	1852
5360	3727
6004	2686
5824	2694
4679	3378
8759	3873
8569	2917
7649	2802
3645	3571
5405	3848
6234	1730
2022	2896
6180	2887
5635	2229
7236	3579
5249	3261
7207	3031
9881	5916
6833	3638
5705	2825
8132	2947
9233	3795
7052	3242
6227	2128
5630	2293
6073	2165
7509	3469
3892	2695
7630	4810
6160	2450
7864	3985
6746	2869
6717	3586
6361	2285
7488	3037
5491	4011
7280	4104
5894	1897
7665	3657
7374	3361
7273	3440
7230	2695
8189	3406
5183	3000
5698	663
8622	3384
4773	2265
6686	3431
6740	3507
6593	3120
7226	2590
5984	2329
6693	2775
7458	3570
6214	2100
7063	3372
5510	3788
5212	3689
6658	2957
7605	4078
6339	3053
6134	3723
7262	2214
4255	1134
6289	2942
7927	2463
5001	1790
5682	3713
6415	3063
7960	3061
7490	1944
7179	4021
6268	3878
5464	2892
5138	3546
6289	2067
7437	3835
7311	2892
7627	2766
7818	3437
7339	3475
5350	1819
6657	3205
5811	2609
5991	3016
5076	2401
6552	3513
7938	3641
6777	3647
4897	1611
7199	3374
3037	1040
8027	3708
6240	3019
3377	2365
6981	3434
8803	3509
6604	2779
7686	3530
7798	5288
4752	3010
5496	2142
6132	3277
7537	3694
5658	1541
4975	1142
5824	3996
5841	3252
8078	3449
6951	3648
6249	2712
5239	1715
5161	3613
7020	3602
1866	2438
6746	3787
6296	3017
5447	3102
6083	2447
7941	3651
5661	2499
8075	4095
8240	3590
5612	3563
4751	1145
6443	3128
7284	3273
4460	1639
6732	2665
7769	3485
8427	3369
2478	1141
8103	3288
6371	3094
5622	6113
4957	2606
5642	1992
6807	2664
7644	2963
4688	2822
7131	3306
4394	1016
6944	3278
5104	4057
5103	2671
8405	3377
7312	2351
9049	4427
5731	2590
8249	3557
5341	2019
6681	4103
4803	2396
5410	3431
8645	3754
6937	2827
6060	3295
5350	3139
5861	3053
6155	3553
4653	3001
4967	3161
6688	3544
7518	2995
5443	2893
7621	2446
4915	1885
5775	2122
8663	3188
6435	3702
6078	2305
5466	2162
7362	3944
7685	3017
6294	2823
7344	3378
7480	2980
7322	3107
714	1073
6224	3808
8624	4205
5747	3293
5119	2639
4049	1334
7852	3783
5658	2128
6591	2743
7157	3376
5138	1404
5132	2838
4475	2327
6105	2125
7810	3294
6712	3447
6299	2698
7871	3485
5464	2778
7276	1996
7049	4032
7597	3620
6447	3035
7222	3959
7363	2972
2851	2930
5133	3059
4474	1806
8367	3138
5317	3009
6919	3454
4790	3029
6330	2819
7286	3853
5597	2588
4999	1827
6837	3568
6631	3128
8800	4316
6221	2853
7669	3728
7772	3701
6614	2546
8760	5022
5686	3547
7099	2751
7573	3898
7954	3131
7595	3101
9072	5703
6385	3288
6049	4515
3601	1933
8024	3465
6028	3237
6685	3025
4529	3036
5856	4560
7974	3898
7012	3407
4209	2038
7232	3817
6910	3429
8474	2767
5521	2686
3782	1615
6496	4673
6229	3374
6767	3271
6184	3198
9908	5133
7388	4400
8805	4114
6298	2386
7732	3468
4350	2348
6535	3386
8577	4432
5409	4248
7106	2363
3059	1361
5623	2863
6877	2876
7883	3041
4881	1776
6907	2868
6269	903
7143	3600
7595	2712
7250	4280
5860	1246
5979	3191
7090	3432
8440	4465
5938	4060
5641	2229
7693	3216
7848	3872
7124	6175
4010	1471
8806	2356
7394	2731
7122	4432
7120	4259
4366	1684
5074	1680
6498	3769
5989	1453
7737	2592
6578	2461
7762	3679
5751	2790
3911	3262
7298	3506
8366	3420
7067	3661
5542	3663
5539	3526
7555	3250
5736	3387
8681	3521
6254	2430
7378	3975
6301	3878
7449	3557
5131	2280
6708	3649
4993	1642
9047	4603
7778	3610
7206	2357
5963	5182
4805	1952
5840	2422
6236	2105
8081	3333
9188	3438
4305	2574
6403	2005
7158	3140
5812	2935
6174	4444
5757	3384
7256	3660
6541	3178
8560	3556
8389	3547
7567	2015
6372	3453
6310	2991
9254	4967
7481	3152
5874	2384
7273	3147
8046	3117
7325	3109
6724	3299
2589	3123
5202	3257
7129	2694
6886	3217
5813	3344
4795	2925
8356	3038
5791	3173
7169	1504
5383	3210
8096	3039
6756	3043
5616	2935
6961	2472
6232	3180
7802	3831
8418	5433
6450	4067
6338	5681
4935	1781
7264	3531
6933	2765
7566	4140
6673	3238
4189	2122
5890	2630
3828	2999
5448	2842
7587	2884
6161	3193
4816	1079
6924	2486
6172	4639
4710	2711
7078	3249
5922	3190
6361	3447
5305	3063
6847	3218
7168	2821
8173	4163
6727	3457
7180	2897
7984	2347
5914	3016
5261	3725
4083	4071
6111	3481
6867	3145
3608	2821
7598	3378
6097	3774
6933	3214
5671	3483
8406	2515
6827	3985
7559	3380
5517	2274
6152	2953
4554	3934
9062	4325
6476	2147
7768	4443
7124	2371
6763	2742
7325	3454
4916	2589
6626	2237
6735	3366
6258	2526
5088	2820
7140	4380
7388	2664
7880	3478
4952	2966
7491	3298
5598	3306
4992	3265
5761	4445
6650	4045
7172	3751
8533	3888
6769	2987
4223	2612
4905	2901
7420	3981
7496	2648
8268	2662
5894	658
5335	2312
6241	3171
6427	4026
7556	3409
6432	3723
6705	2461
5769	2956
5478	3161
7326	3631
5232	690
4144	2554
7295	3762
5727	3332
7160	4588
5676	3285
5038	2134
6614	3194
4520	2522
5264	3036
8110	3870
7609	3993
4215	2081
6134	2643
5073	2395
5970	3431
4213	3885
7941	7779
5517	3227
4754	2863
7699	4525
5627	3716
4407	1578
6819	2421
5381	2023
7704	3306
5548	2562
8391	2974
6535	3181
6022	2016
8091	3380
7648	3084
6989	2662
3277	1690
7785	3179
6883	2419
6333	1374
6452	2918
6857	3114
4543	3246
3235	3091
7675	2123
4539	1909
5659	4340
8852	3112
7856	3666
6236	3939
7769	3851
5537	3959
8311	3370
5792	3064
5272	3304
6370	2913
8446	3771
7109	3876
8489	4083
5991	1524
7290	2962
7238	3742
6972	3478
6726	3932
4398	2579
7715	3733
7676	3001
5595	4023
5047	1521
6448	2583
7022	3469
3643	2494
7468	3260
7367	3090
5064	1956
5999	1958
4935	3513
5911	3491
7527	3925
4125	1854
9043	4613
4861	2052
4042	2399
7807	2626
7696	2111
1992	1498
7840	2690
6673	2889
3795	2105
7307	2854
7967	3777
6057	3408
5672	2926
8535	3696
8123	2951
7587	3772
7753	4742
7076	3640
6471	2865
6951	3553
7211	2935
7435	3538
8558	2912
7185	3561
8142	2336
8419	3931
8583	4562
4936	1928
6748	2839
6573	3190
2575	2860
5794	2812
6677	2871
9667	5626
6894	2587
7582	2558
4772	2695
3663	3333
7955	3004
5081	2249
7218	3368
7460	2917
4956	1505
7247	3579
4794	2539
5873	2782
8709	4523
4988	3330
9005	4293
7700	3280
5504	2970
7901	3288
4608	3355
8253	3568
7009	3751
6049	2377
7129	5983
6942	2806
7330	3160
5702	2611
8450	3073
6705	2238
6806	4392
6670	4219
5312	3506
6529	3056
5732	1877
3613	2210
7177	3259
7363	4562
7271	2564
6235	3125
6687	2503
7354	4499
4841	1513
5351	1386
5072	3848
6011	2242
6457	2676
5189	2741
6332	2552
7740	3585
7549	2911
8168	3619
6379	2814
6586	1663
7269	3509
5878	3076
5436	1977
6514	2689
6501	2781
6821	3691
6084	2164
7326	2907
6024	4819
5035	2940
7087	2783
8133	2557
6965	2791
6076	2382
5984	3036
7256	3586
6269	3103
7364	2961
7601	3144
7279	3071
6033	2020
6642	3955
6068	2837
5542	2890
5706	3118
6469	2526
7527	3300
7526	3263
6495	2191
7779	4055
7818	2961
7653	2898
6758	3513
6193	3447
4077	1211
6311	3266
6934	2364
8061	4906
5185	3008
6449	3519
6216	2382
7000	3089
5493	2266
7595	3732
5816	2237
7975	3536
4787	2710
7732	2484
6401	2439
6401	3275
6475	3599
4906	2573
6749	2437
7872	3510
6310	3161
2257	2796
5600	3985
6306	2197
6505	1863
7937	3024
4776	1546
8461	2838
8097	4223
7096	3160
5894	3974
6252	3216
7101	3644
5039	3208
7438	2285
690	1754
5963	3046
4250	2530
6242	3288
6799	3028
6362	2776
7360	4021
8113	3227
8846	4801
5720	2417
6667	3091
8305	2912
7876	3992
6468	3633
6483	3667
7363	2190
7394	4191
5291	3320
7770	3968
6264	3791
6723	2496
4501	2895
5733	2063
6224	2486
8160	2822
4961	1863
6096	2901
7100	2683
6212	2964
7275	2802
6967	2599
8079	2940
5129	3569
4134	1827
4944	2857
7452	2808
8185	3960
5951	2966
7825	2714
5509	2357
6441	3409
5727	2590
7915	3707
6344	2685
8423	3534
7873	4321
5082	2303
5739	3803
8936	4169
7734	3487
7470	3542
6354	3321
9358	5042
7619	2999
8694	3850
9090	3700
7944	2807
6020	4146
7586	3133
8528	3973
6191	4133
5688	2034
7927	2550
5454	2247
6047	3499
5142	2532
5694	3811
5503	3384
8804	3832
6899	3697
7887	4421
7864	3399
6964	3083
7109	3699
7744	2913
6043	4295
4064	2866
1825	1591
7307	3436
3377	1892
7337	3378
1863	2480
5422	1954
5760	2636
6527	3711
8120	3126
6320	2529
6440	3303
8676	4585
5099	3030
6078	3050
6086	3685
4088	1009
5918	752
1662	2125
8119	3399
7520	3980
3196	1213
7314	3387
7381	2823
5455	2944
5422	3169
5654	3403
6604	3161
6190	3039
7715	3337
8982	4038
4298	2629
4572	2508
6942	3205
6084	3513
6173	2657
7224	3462
3307	2073
7203	3252
5405	3586
5279	2995
7630	3331
6397	3070
8180	3487
7799	2522
6797	2084
6824	2450
7019	3965
6670	5129
6564	3980
9287	3917
8096	4118
4703	2661
4380	1650
6386	3363
5545	2220
5881	5090
8266	3696
6511	2386
9187	4333
5272	1213
6456	3174
6518	2335
6990	3022
5787	3961
7407	3463
8105	3232
7708	2879
4987	4137
7549	4357
7843	3651
8494	3033
3996	1276
4833	1743
4699	4133
8087	3803
7715	3597
7061	2872
5766	3365
7587	3855
7473	2996
4980	3019
6505	4651
5469	2303
9383	4278
6441	2429
8967	4062
6236	2457
4762	1831
7702	3956
7052	3212
7592	2820
7477	3033
4851	2539
2620	2145
7336	3004
5736	2327
4902	3780
5121	2818
5295	4099
6688	2820
6295	3182
5740	3913
6927	2729
7483	2802
4617	2526
4312	2397
7097	4930
6798	3128
5557	2848
6492	2919
6583	3828
4653	3439
5322	3335
7177	2890
7613	3754
6599	3513
8110	3537
5356	3483
5584	2326
7987	3440
6500	2728
7280	4057
7424	3559
4646	2514
8413	2656
6302	3225
6187	3597
4953	2618
5467	2314
7261	2946
7106	3391
5481	2339
5326	1952
4272	2297
7513	3255
4601	3958
5808	4109
5259	2908
7055	3295
7445	2406
6934	3121
6017	2989
5738	3388
4500	2602
5709	3526
7371	3559
7581	2899
6729	3888
8757	2870
7498	4138
3865	1867
5623	2734
5720	3599
6733	3290
6717	2602
5073	3003
6933	3286
6441	2982
5573	1766
4805	1885
7216	3558
6684	1627
7382	3065
7796	3460
4722	2257
5972	6313
5674	3380
8389	2953
7864	3581
8003	3235
7379	4005
7227	3094
4833	2652
7402	2214
7353	3986
6733	3033
4152	3829
7856	3156
6462	4128
4160	3393
7593	2376
5920	2619
6471	2471
6382	2749
7575	3865
4605	4043
5965	3091
4842	2908
4261	3521
6603	3194
8923	3703
9106	4365
7058	2538
6544	3449
6352	3115
5933	3052
7268	2618
8588	4064
6771	3191
3182	1793
6800	3136
5688	3002
6039	3205
7379	3155
4917	3511
4388	2688
6327	2692
5304	1504
6541	3446
6649	3319
5871	3045
7333	3150
6795	3142
5878	2369
3635	1877
5330	1006
6712	4417
7005	4387
6047	3239
7226	2846
5693	2928
5043	1710
6876	3786
7837	2055
2749	1327
6861	2184
4654	3132
7265	3666
6840	2753
5583	4440
7203	2184
7881	2921
6374	3476
6836	3309
5568	3794
4265	2693
5786	2884
5430	1889
3734	1152
5697	2887
6316	2463
8103	2999
6227	2484
7539	4803
7815	2725
6112	2697
8496	3427
7600	2875
5809	4283
7649	3365
6636	4164
2445	2539
5737	3684
5271	3271
5302	3861
6853	2931
6335	3016
7213	3020
8507	3475
9529	4233
5718	1922
6131	3862
6425	2541
8224	3416
6436	2591
5487	4359
5068	2563
6055	4077
6199	3824
4375	1802
6688	2879
7390	4294
6171	2839
8988	4003
6351	2659
5660	3504
6157	1935
5286	3792
6723	2071
8327	3631
4582	1963
6752	4282
8242	3221
5087	3952
7108	3172
6967	2643
5018	1626
3680	1968
6395	2778
7941	3326
5852	3641
8685	4196
6778	3604
5053	3789
8542	3042
8681	4226
6732	2653
9241	4240
5529	4124
7953	3302
5908	1123
6784	3378
4681	2899
7922	3613
7448	2015
5029	1866
5012	3829
5525	2965
7585	2982
7294	3685
3863	1290
7804	3109
7159	3586
8308	4759
8887	3420
6217	2780
7010	3991
5881	2079
5712	4030
8381	4260
5197	2660
4088	3719
7516	3554
5776	3660
6700	3894
6855	2675
6458	3034
5200	2998
7302	2977
7074	2721
7336	2328
6476	3290
5845	2935
5247	2779
7455	3217
7774	2948
4321	2953
8166	3505
8366	3865
7946	3316
6828	3112
5511	6301
7374	3418
8341	3503
5883	2034
6170	3225
6051	1990
5304	2547
7616	2940
7386	3104
4514	2458
7182	3004
5978	2768
7056	4089
7534	3137
4308	3603
6869	3895
6220	3426
4845	2066
4862	1752
7519	3001
7510	3177
8435	4204
7115	3044
5871	3937
7141	4536
7678	4159
3657	2372
6818	2616
6927	3698
6557	2971
6886	2726
5298	1895
6663	3472
6903	4086
4440	2282
6120	3385
6140	3093
6538	3097
4054	2321
6178	2819
7605	3692
7060	3245
3075	4510
8875	3505
5733	2924
5065	2402
2342	1843
5819	3046
7209	3565
7734	3267
5601	2787
5268	1792
4014	1051
7059	1964
7060	2471
6576	3777
7237	2374
5583	3488
6948	3307
7367	3325
7891	2354
6514	5573
4517	3002
6228	2789
8600	4051
6495	2970
3364	1764
5715	2922
5852	1618
6168	2382
7281	2247
7068	3429
8371	3107
7032	3878
7494	3564
6172	3312
5022	2951
7930	2821
6533	3388
7703	2545
6780	1887
7356	3479
5466	3419
6151	2248
4736	2193
5190	2948
6663	2361
7802	2672
2821	3127
5488	2641
7619	3800
6970	2997
5495	3643
7680	3744
5574	2315
5557	2236
7473	3329
7407	3575
7491	3341
7431	3108
7378	3457
7911	3015
4744	2901
7376	4668
5140	2722
6341	2374
4833	4170
6045	3645
6880	2649
5202	2669
6252	2384
7186	2059
7681	3097
4823	3457
5867	3414
4769	1529
5684	3102
7268	2571
6202	2200
6403	3050
5778	4135
5776	4452
5603	2039
7599	3394
5313	3935
7592	4066
6473	3541
8157	3916
5351	3195
9294	4587
8609	4555
5363	3503
6696	3627
7871	3704
7440	3450
8088	3613
7472	2514
6988	3092
6265	4354
6318	3854
4844	3119
7623	2473
5680	2599
5639	2744
5999	2760
6905	2725
7565	3941
8038	3007
8248	3416
6944	2293
7110	3407
4614	3153
8289	3424
7494	3523
7092	2038
4525	1242
4830	4508
9086	4066
8510	3075
4904	2558
4741	3789
7663	3030
6763	3260
7229	4221
6100	2420
4526	4424
6198	3432
5126	3104
6564	3699
5099	3266
7531	3621
6875	4072
6322	3059
6431	3790
7296	2981
4695	3464
6751	2662
8617	3609
7647	2530
6377	2919
6701	3440
7959	3371
5575	2083
6036	2793
5845	4504
7036	1822
8224	3332
6517	2442
6222	3190
2917	2180
6528	3102
6285	3523
4340	2831
7534	3461
7617	3518
4885	2251
7250	2317
6055	2532
6211	2508
7436	5494
7003	2721
7453	4517
4471	2346
7197	3164
2449	2443
5696	1721
5584	1842
4703	1455
6784	3361
6134	3168
6965	3807
6755	1538
3493	1947
7457	3684
4159	1914
5029	2333
7833	3732
7007	2688
6514	3385
5900	2116
5599	2991
7557	3247
7788	4014
7464	3877
6711	3402
4716	2961
5157	2503
2272	3415
6513	3821
4974	2671
6910	2975
7071	3489
6146	3325
3667	3804
7586	2238
5478	2993
5049	2042
4172	3115
4543	2693
3748	2804
8846	4156
4829	2063
6504	4040
4337	2043
6767	3129
6830	3009
8648	4000
6601	3182
7024	3401
7939	3016
6713	4076
6660	1813
6359	4291
5583	2459
4938	1882
5939	2472
8441	3069
8080	3778
6128	3236
8472	3345
5568	3210
7407	3267
7095	3563
5688	3858
5990	3335
8250	4433
6275	4017
7941	3285
8371	3595
8250	3344
7024	3009
6057	3415
7598	3795
7225	2802
6828	3490
6649	2402
7249	3942
5242	1940
8234	2783
7898	4308
6762	4340
5288	3220
6873	3224
8041	4254
6122	3019
6155	4250
7087	3696
6583	3646
8039	2150
5637	1797
7528	4297
7614	3326
3584	3076
5264	3379
7003	3479
7985	3024
4378	3746
5886	2812
2808	2619
8488	3753
3939	2101
5316	3330
6251	2599
5058	2463
6131	2553
8350	3680
7780	3419
5317	2591
7596	2974
3324	1516
7452	4226
7499	3616
6691	3429
6407	3609
6970	2967
7538	3760
5683	2045
6847	2821
4587	3272
5281	2378
8332	2868
6661	2328
6717	2457
6044	2573
7306	3983
7524	2919
7270	3250
5524	3293
6507	2291
5337	2608
4631	1811
6737	3642
7773	4897
6668	3203
4970	2987
8314	2705
4010	2021
8808	2924
6968	5600
5396	1278
4769	3775
7849	3202
5997	2807
3816	2711
7268	3110
8798	4170
6843	2394
7132	3067
3788	3410
6178	2758
6838	2104
5935	1439
5283	4080
7490	3013
6423	3070
7195	2805
6738	4339
6573	3482
4953	1223
5327	1954
6673	3793
7131	2303
7675	3893
6607	1775
6283	2538
2411	2221
7033	3560
6989	2982
7358	3603
4863	2839
7189	3289
7394	3926
5735	3613
1048	1390
6142	3409
5928	2287
6313	4298
6999	3204
7120	3620
6974	3855
6849	3508
7949	3593
5360	2755
5978	2425
6163	3301
7741	3947
5720	2554
6782	2311
6717	3242
5952	3007
8092	3778
7235	3957
6497	3578
8293	3940
7068	3750
7323	3989
7570	2414
7572	3577
6703	2498
6381	3165
5544	3110
7564	4015
7159	3646
9206	4217
7163	3195
8008	3120
5342	1810
9308	6196
6387	1427
6451	3659
3523	3294
7767	3929
7943	3055
6407	3178
5131	2350
7442	2753
5726	2295
6133	1982
6646	3102
7790	2468
6464	1569
3834	2549
6032	2655
6826	2817
7213	3143
7084	2940
6741	2579
7587	2883
7132	2859
6496	2300
7166	2916
7283	2435
6198	3070
5305	2836
7907	3870
5717	1646
8206	3388
8049	2895
7322	4908
6963	4287
6769	3192
6637	3126
7559	4219
6795	4027
6704	2853
7786	3759
5189	2711
5000	2063
5369	2382
6540	2864
6312	2814
6766	3106
2975	3419
6817	4193
8348	3763
6389	2913
6397	4376
6326	2797
7520	2598
5266	3134
9170	3824
6909	3261
6335	3010
5349	4088
6618	1580
7441	3614
8139	3666
6270	2853
9105	3470
7917	3118
5072	2553
5225	2208
6719	4840
6929	3246
6357	3565
6075	3599
5602	3936
5554	3716
8784	3914
8151	3620
7309	5389
6291	3308
5689	2336
5879	1957
6386	3517
7291	3993
6442	2190
6271	2752
5412	3345
5898	3440
8191	3298
6201	2664
8576	3587
6824	3212
7870	3079
7915	3789
4385	4147
6862	2618
8543	4377
5539	2901
7265	3845
7067	1562
7671	3286
5899	2923
6939	3020
7112	3000
7659	2553
8616	3992
7994	3628
6163	3454
8312	3186
6547	3444
6528	2676
6665	3855
3679	2202
6193	2214
6979	4017
7130	2626
6425	3359
5534	3768
7174	3119
4232	1628
7611	3869
7280	2646
4000	1023
8251	4333
5065	2949
6746	2725
8735	3479
8422	3834
7311	4031
8480	3849
5460	3067
5770	3317
7463	2400
7443	2846
8695	4178
6099	2325
6400	2405
6587	3191
8407	3741
6415	4244
8838	4408
4995	2653
6426	2204
6878	4701
5914	2660
6334	2967
7057	3377
7275	3715
8068	3898
6838	2659
5927	2294
6625	3016
8454	3988
5572	3210
6853	3576
5602	2804
8662	4735
7356	3612
8212	3613
7234	3960
7153	3928
7895	4066
4440	3319
6971	3601
7788	3059
6259	1886
7060	3715
6632	3258
5641	1207
5884	1560
7569	3322
4296	1839
8131	3645
7506	2277
8048	3808
5628	3493
6632	2414
6828	3130
6434	2011
7708	3555
6896	4292
7240	2781
4401	1817
7998	4473
5163	2476
5820	3949
6124	4109
5941	3880
4601	3358
8552	3653
6135	2009
4483	2784
5845	3581
6046	2479
7209	3620
6501	2720
4774	3212
5898	4589
7476	2247
8041	3595
8320	4611
7181	3219
7705	3958
4971	3095
5519	3050
5981	5198
8535	3707
5536	3130
6397	3368
6857	3364
3810	2522
5260	2972
6098	3063
6856	2850
6183	3216
4931	2138
7042	3649
6364	3341
4166	2211
3781	3105
6907	2772
7631	2729
6374	2503
6265	3385
7073	2609
6432	1572
5997	2270
6908	1825
4278	2928
6317	3375
6507	1966
4751	847
4202	1828
7207	2864
8265	3667
6295	2740
4801	3768
5947	2170
7839	3919
6952	3569
4471	2244
6646	4408
7166	2598
6091	2374
5604	1909
54	2292
6294	3792
6262	3011
5542	4053
6182	3440
6387	2846
8016	3719
5849	1049
7124	2632
3354	1588
6481	3700
7410	4081
5650	2877
4597	2719
5925	3121
4345	1380
7586	2625
6266	2858
6798	3260
5204	2054
9258	4105
5197	2366
8029	3251
6698	2813
5825	2541
6201	3653
6580	2972
7836	4239
6751	2683
6677	3410
7475	3605
4209	1754
6884	2984
9911	4270
6338	1458
7643	2877
7250	3109
6353	2329
5943	3497
8079	4208
5550	3367
8241	4382
6517	3404
7083	2784
5519	2997
6936	3194
8856	4754
5476	2938
4883	2960
6428	3593
4967	3511
5274	3280
7218	2967
5559	2254
8318	3586
6093	2402
4246	2602
6488	1805
6298	3101
6322	2469
7164	3450
7904	3469
7750	2977
6025	1748
5881	2710
6789	3962
6715	3943
6700	2354
4885	2340
5942	3024
5967	2197
6092	1724
7794	3715
7880	4250
5416	4473
5915	1777
4832	3286
7643	3801
6657	2429
5035	1922
5429	3521
5192	2673
4198	1598
5811	2490
7808	1775
5794	3078
5365	1151
5677	1483
5342	2552
7577	3204
8385	5662
4718	4735
5158	3007
4930	2924
5247	3482
6777	3071
5675	3158
8240	4608
5078	1124
5141	3119
2837	1287
6223	3301
5986	3532
6780	3076
3146	475
5810	1737
2572	2665
4368	2248
4449	1807
5514	2613
7222	2586
7066	2471
4369	1800
6205	2625
6649	3313
7554	3361
6844	2935
4652	3340
6421	3149
7042	3249
6602	3843
5744	2320
6561	2784
4269	2838
2532	3370
6063	4273
5453	1579
6618	2761
5101	2562
7566	1643
4659	1802
6328	2140
7490	3908
8830	3815
8137	3781
6102	3244
6845	3157
6406	7680
4466	2868
6178	3225
7846	4024
5460	1377
9235	4453
6556	2819
7926	3136
6427	2346
5932	3478
6133	2405
5363	3276
7345	3861
6462	1650
7136	2983
3735	2706
7689	2562
5540	2489
6024	3438
5992	2989
7338	4017
7454	4109
3781	3010
6113	1816
6228	2933
7486	4264
6102	3091
7415	2916
8119	3915
6264	2297
5723	2903
6912	2723
6765	2299
7604	4028
7382	2881
7658	3319
3321	2600
6675	1808
6636	3773
7195	4169
6118	2514
7772	1817
6531	1450
5652	3241
6336	3435
6285	4686
6325	3630
6338	2631
8520	4492
7673	3597
8284	3280
6993	3145
7922	2927
7314	3270
3745	2082
3257	2240
5537	3096
7229	3607
8572	3971
5880	2397
6981	2496
5014	1548
7188	3243
5275	1755
7698	3127
4581	1874
6245	1172
5184	1586
7155	3419
6118	1946
5131	1879
6607	2972
6694	2486
6940	3112
5423	2534
5694	2690
6675	2494
1251	1530
7531	2973
6390	2063
5232	1328
6635	4264
7047	4169
7127	3637
6635	2222
7177	2613
9473	4812
5363	1747
4925	2310
6939	3150
7296	2739
7628	4173
6365	2454
8284	3927
5002	2713
4500	2148
6787	2834
7226	3475
5097	2215
4055	2965
9130	4518
4842	2242
6287	3396
7463	3222
5976	2502
5609	1852
5967	3053
6553	3620
6313	4546
7417	3896
6477	3130
6316	2319
5671	2840
8055	3085
7131	2842
8067	2377
5924	3747
4561	2291
4830	2663
7514	3440
5631	3905
8247	2619
8100	3656
4585	2962
5581	2566
3093	2030
6506	3633
4158	1634
7789	3818
7879	3229
6562	2789
5760	2866
6730	2437
6994	2464
4455	1595
7138	3416
6100	2890
5877	2250
4834	3934
6665	3070
7273	3547
7710	4129
8046	3056
5728	3674
6014	2717
7826	3511
6607	3223
2653	2459
5744	2406
6286	2665
5766	3089
5448	3219
5371	2607
5648	3198
6027	2954
5999	3325
6695	1635
5980	4228
6129	2477
5868	2676
7540	3470
6553	3560
7068	3691
8302	3848
5937	3728
3690	2788
7064	3718
6067	2466
8316	3829
5841	3113
4453	3045
8743	3084
5095	3687
6748	3696
6934	3038
5850	3602
7857	4137
7306	3381
6594	2771
5822	2634
7402	3926
6238	1042
3347	2075
7449	3154
4032	2575
8148	3954
5982	1998
6020	3711
6829	1886
8086	4047
7666	3549
5936	2526
6010	3796
3429	1165
5928	3299
7520	2976
8420	3574
8178	2832
6809	2851
6161	2544
3507	2627
5788	1995
6276	3803
5117	1892
4919	3128
7977	3680
6808	2933
6169	3238
7375	3291
4513	2810
8063	2696
4584	2275
6488	3133
4946	1870
5989	4250
7792	3439
6636	3327
6630	2165
7906	3256
6523	3138
6584	3270
7268	4009
6390	2911
7260	3587
7031	4323
6673	3587
6793	3327
6230	3313
6691	2215
5907	2345
9259	3868
6991	2741
6869	3813
5046	2464
6900	3528
6354	3831
7431	3575
5515	3210
3941	2587
8862	4124
5758	4228
7753	3152
4635	2970
5322	2421
7666	2491
7249	2873
6998	2882
6739	2687
5004	2842
6762	3586
7513	3278
6110	2882
6952	3511
5043	1893
7245	2334
7992	3768
5297	3143
8735	3437
6175	1713
5909	3668
6117	1798
6580	2496
6347	3539
7131	3783
8764	4017
6583	3101
5828	2346
5088	3501
5591	2048
6356	2340
2529	1762
6009	4521
4470	2083
7433	3107
7831	2289
6115	3046
7925	3047
6615	3289
5761	2478
7241	3893
8173	3532
2387	1144
7548	2698
7000	2012
6655	2773
7860	3688
6741	3436
7981	3143
5074	2945
7357	4285
3920	1988
5243	2146
4647	901
5884	2848
4379	2032
6582	4197
3728	2222
6654	2072
7878	3411
7222	3072
6182	3188
6924	3496
4860	1049
6195	3630
9810	5529
4601	2942
6274	3780
4878	2548
7180	4058
6957	3526
6579	3726
7986	2876
6540	3220
7035	3364
6380	2691
8304	2816
6028	2197
7069	2753
5418	2740
5524	1420
7294	2917
5652	2739
6360	3643
2032	2476
6866	3847
7598	2294
9721	4258
3078	1597
6598	3876
6650	2516
7940	4710
8068	2486
7498	4470
6608	2972
7756	4277
4132	3251
4587	1938
6026	3130
6435	3898
5266	1062
5992	3387
6832	2612
6094	2218
5753	2470
4606	2372
7286	2611
3969	1463
8673	3562
7708	3719
7026	2305
6750	2775
7588	3552
4112	2329
8108	4138
8432	4134
5702	2120
7384	3469
2329	2827
7169	5148
6908	4511
4728	2109
7987	3854
7004	3450
6601	3266
5770	1428
5614	2533
6925	3617
5981	2090
6351	1461
5234	3673
5266	3512
2314	1718
5801	3355
7279	3866
7364	3896
4661	1561
4200	1196
7463	3313
5406	1343
5868	1885
6630	2395
7414	3172
4926	1723
6723	3783
2255	1689
7421	4026
5835	3530
5585	2146
6547	3015
7694	3784
7196	3804
7523	2679
6557	2806
7495	3316
5085	2681
7193	3644
7637	3753
7027	3476
6720	3571
6114	2503
5331	2292
4624	2399
6993	3521
6931	2690
7160	3358
5386	1144
6201	3064
6728	2786
8715	4003
6374	3619
4342	1599
4563	1564
6327	2193
6658	3347
6413	3873
8473	3200
6892	2424
5596	3878
8452	3234
8043	3308
7123	3442
5784	2835
4032	1431
6560	2628
5022	3231
4703	2790
8681	4128
6617	3581
7153	3740
8403	3944
7035	3569
7586	2545
5427	2452
6477	2464
6707	2652
4878	2548
7460	3106
7358	3550
6357	3091
7104	2785
7365	4096
4796	2318
4300	1912
6040	1136
5026	1987
7266	3746
4832	2376
4321	2781
6748	3210
6928	3133
5730	3822
7751	3784
8312	4162
7091	4537
5536	4018
8320	3116
5973	2770
4893	3036
6138	2508
7044	3193
4731	2234
4703	2129
6173	2838
7710	4107
5964	2232
5559	2802
6689	2697
6474	3464
6052	2462
7878	3336
8278	4145
6236	2824
6920	2784
6390	3243
6090	3260
6830	1656
6386	3786
6358	3662
6133	3458
7406	4097
5918	2749
5718	2500
4196	3407
5781	2221
7976	4072
7475	5982
5877	2223
5757	2856
5736	2887
6375	3656
6115	2362
7198	2235
9090	3909
6594	2114
7160	2472
8064	3548
6296	3044
7589	4115
7525	3768
7616	2971
6111	2428
7261	3711
5897	2109
6640	2106
7325	2621
7939	3219
7474	3341
6322	3153
8903	2979
6587	2848
5882	2416
7817	3118
9324	3332
7116	3383
7677	2810
8209	3134
8351	3723
6020	3291
7479	3438
5135	3536
7283	3686
7847	4247
4787	858
5380	4214
5876	1786
6383	3392
5671	2799
6656	3019
8640	2950
6200	3200
8053	3999
5199	2096
6585	3468
5513	2389
7667	3787
7468	4308
6826	2825
6662	2027
6537	2783
5707	2170
7870	2941
7346	3475
7236	3224
4058	1931
7035	2290
6715	3215
6316	3520
4820	1594
7172	3879
7071	3770
7475	4386
7484	3942
7868	3536
8111	3847
7470	3759
6384	925
4876	3153
5633	3968
6950	1856
7621	3629
6012	3580
8920	3659
7883	4397
4714	2793
6422	2779
6488	2314
7964	3780
6530	3767
7608	2862
6337	3235
6131	2868
6398	3620
6076	1955
8245	3691
4703	2504
5935	950
7091	3025
7828	3811
7223	3051
7517	2449
8128	4236
6752	3023
7852	3692
6438	3503
7383	3462
8063	3670
8300	3303
5288	1863
5279	4500
5754	3391
6789	3424
6112	2677
6980	1875
4932	2992
6029	3985
8212	3224
5828	2750
3606	2878
6360	1783
3918	3813
6407	3086
8106	4131
7653	3498
6718	2911
4540	1901
6539	1997
6936	3577
6266	2148
5895	2964
5416	3524
6246	2362
5844	3979
7055	3725
5351	3112
3218	1859
7366	2836
6491	2887
8285	3847
5702	2938
6089	1877
5159	1941
7738	2412
5524	2102
7747	4469
6727	2653
7287	3450
7053	3798
7461	3554
7981	3527
6946	1775
4584	3508
6149	4133
6846	3133
5911	3169
4434	2398
4721	1749
7848	3550
7077	3090
7904	3031
6304	3031
5314	2771
8839	3887
4756	2978
6754	3080
5484	1721
6620	3521
6288	3708
6425	3656
6742	3474
7727	2896
6200	4614
5527	3185
8305	4775
4793	2756
4985	2940
6705	2871
5691	2710
5126	2857
6553	1940
6401	3486
4388	2064
5926	2411
9521	3993
7330	3182
6190	2831
5024	2634
4257	2783
6342	2779
8481	3036
7941	3897
5492	2822
7871	3815
7346	4191
6013	3103
6723	3500
8191	5296
8018	2631
4762	2044
8246	3815
7684	3777
5158	2129
3727	1825
5240	3035
6076	1924
7574	4050
7454	4137
6858	2378
6914	3053
5739	1407
6827	2762
6705	3509
7355	4164
8413	3691
7295	3650
6426	2728
7503	2749
7309	3400
9715	4674
6396	4279
5804	4132
7300	3009
7710	5095
7732	4455
4720	2949
7453	3000
7980	2769
7191	3668
5127	3907
7752	3982
7348	3430
7947	5052
7492	2472
5625	3376
7361	2647
6587	3382
6043	2699
4099	3309
5504	4023
5673	4312
7481	3436
5142	3056
5464	3308
5894	2507
4048	2606
8387	4157
5385	2420
5273	2045
5668	2349
6407	2662
5737	2458
6483	2821
3503	3284
7795	3877
6963	3831
5830	2706
4919	1838
8001	4176
5960	2921
5637	2455
7069	2902
5481	3564
8291	3715
7069	4780
5156	2926
5254	2648
6850	2607
7097	2136
3902	1957
6937	3233
3333	3841
6219	2316
6876	3412
6695	3608
7859	3602
4723	2854
6157	2959
8796	3974
6572	2862
6281	1942
7045	3318
7187	4080
5773	1875
6360	2024
6374	3575
4058	1931
5119	2743
4970	3544
6558	3050
6969	3471
8065	3964
3020	2947
7560	2839
7141	3671
7338	2858
3178	4038
5827	3536
7139	2488
8403	3993
9999	9999
7284	3531
9568	4141
6750	2921
7300	3590
1867	2305
4552	2164
8455	4094
5617	2951
7017	2350
5929	2884
7163	2943
8536	4727
5196	1679
6514	3350
5557	1728
4324	2557
6669	2992
5989	2652
7267	3618
7092	3383
4696	1981
7470	2437
6283	3260
8608	4961
6338	3468
6713	3549
5203	3406
5045	412
6883	2588
7438	5043
3874	3723
4845	2822
4645	2737
7657	3299
7296	3850
5959	2847
3659	1751
8216	3493
8122	3647
5654	2181
7153	3375
5935	2999
6733	2493
7315	5700
7798	3153
1927	1459
7322	4013
6686	3247
7642	3467
6312	3148
7585	3400
6244	3910
7308	3909
5750	1897
4798	2792
6415	3578
7522	3600
8103	3551
6217	2849
5664	2966
8473	3506
4660	1889
6737	2966
5930	2989
7128	2500
7777	4087
6482	2130
7953	2164
7636	3996
3020	2132
5880	2724
8524	3974
4814	3108
8099	2528
5745	1809
5893	3731
8562	3238
6437	3657
7566	3311
5750	1553
6779	2433
8578	3758
8295	2443
7143	3423
6370	3139
6469	3427
8091	3471
4930	3210
6449	3988
3300	1940
7914	4240
6601	2410
6248	1829
6324	2424
5743	3889
6195	2471
6285	2990
6348	3709
4970	3460
6220	2202
7913	2774
8396	3099
3977	2943
5741	1778
5921	3250
7200	2936
6183	4676
6202	2251
7762	4648
6223	3523
4743	1588
4799	2851
6504	2157
6169	3645
6649	3579
5626	1175
7084	2604
7157	2566
6655	4023
6823	2385
5289	2563
8729	3435
6812	2664
6247	3010
7783	3070
6952	2695
7202	1155
6920	3481
7287	1887
4536	2042
7520	3193
7048	2637
8652	4309
7490	3007
5169	2231
4233	2877
8147	3889
5616	3716
6639	3688
6357	3147
5975	3228
7065	3348
7670	2950
6415	2808
6881	2380
6704	2278
4223	2728
4486	3359
7101	2869
7095	2534
7148	3183
9660	3577
7341	3434
7931	4592
7201	3151
6962	2635
5753	3107
6697	2714
6711	3057
6912	3529
7589	3651
3513	2588
4783	3599
6853	1489
4743	2934
4854	3592
7218	3408
5940	5229
5290	2377
8355	3079
6701	3845
9158	4878
4917	3550
3969	2961
6465	3239
4803	3427
5117	2667
8689	4107
7506	4260
5008	2784
6451	3645
4612	4272
8204	3219
7551	3320
8120	3401
3243	2579
8048	3090
7725	3550
7387	3013
5668	2955
3747	1862
7152	3320
6358	2751
7001	2033
4212	3256
7414	3396
6262	3114
6969	3736
4104	2513
7505	4123
5722	2502
5335	4140
5057	2745
7145	3727
6409	2203
5892	3398
6491	3040
8266	3195
6403	3355
5581	3681
7080	4614
8103	3963
6803	3199
5750	1723
5297	2027
6664	2794
7802	3871
6109	2976
2721	2967
6667	4275
5147	2896
3221	1330
2470	1894
4908	2746
8271	2415
8760	3243
6520	3848
6532	1323
8453	4221
4268	3123
4038	2275
5326	2436
6350	3332
6084	2211
7344	3882
6857	3190
6155	3546
5586	2809
5689	3099
4549	2618
7465	4436
4882	2638
7680	3261
7472	3021
6995	2792
6712	3905
7044	2908
4680	1774
6549	3682
6057	1946
5889	3425
5993	1879
3323	3535
6552	3853
4679	2404
6266	2420
9412	4736
4690	3829
3967	3620
7045	2732
5736	3315
7532	3809
5524	3701
5549	2689
8610	4495
7146	2955
5672	2597
7685	3249
7283	3794
7662	2003
8034	4130
6225	3522
5184	1471
8571	3722
3141	3043
5457	2854
7251	4618
7568	3259
6694	2452
4868	2968
7545	3237
7923	3325
8288	4595
6850	2883
6598	2772
5770	3982
8243	3621
6514	2756
4946	2894
7225	2982
6879	3331
6350	2841
3202	1415
5698	2994
7848	3856
6841	3834
8739	3124
6244	2471
7290	4248
5028	3877
7129	3264
6881	3177
3113	1449
4062	1912
6549	3587
7161	2682
6262	2369
6458	3231
8792	3993
6562	3293
3002	3958
5085	2404
7483	3021
7002	2860
6234	3111
6171	1174
4531	2725
7197	3284
5374	2878
5733	3373
5671	2737
6122	3435
7726	3195
6861	3087
6666	3214
6685	3100
6452	3455
7652	3958
7315	3153
7608	3951
5688	2847
5098	2623
5305	3283
5065	2592
7357	3613
7163	2817
5129	2011
5112	3640
6917	3119
6058	2472
5509	5855
7922	3315
5738	2848
6442	3106
4995	3780
5801	2740
5009	3555
7557	2318
6725	2581
6039	3382
7289	4563
7043	4522
5686	2820
8625	4232
5839	3145
5891	2000
7465	2726
5569	2320
6489	2069
6716	3875
2867	2021
5457	3056
7795	2626
6607	2290
7143	4895
4066	3462
6868	4452
8089	4032
4507	2467
8057	3846
3897	1622
6533	2919
7960	2773
7013	4321
7275	3016
7517	3290
7545	3505
9612	4506
4278	3202
8611	3199
5723	3184
2855	1022
7102	3622
4992	3554
6493	4075
6046	3672
7069	4659
7008	4266
6857	3485
7597	2484
8460	3807
8530	5364
3722	2749
7975	3072
5816	2361
6465	4317
4073	3295
5724	2316
8648	4387
6959	2646
7406	2548
5758	2205
6714	2610
7318	3819
3261	2478
4089	1816
4857	1825
7285	3871
6783	4721
7033	2892
8016	2838
6858	3683
5366	4176
3984	2763
6594	2695
5190	2335
6292	2532
5638	3354
6572	2783
4755	3787
5329	2428
5870	3609
6786	2887
4914	2876
5298	3148
4995	2033
7318	1262
6491	2582
5609	2656
6536	2887
7900	3530
7897	2906
6851	4319
5315	3920
4276	2717
6409	2800
4635	3001
6004	1975
6407	2337
5910	3116
6644	2828
5914	3495
7155	3668
7268	2761
5704	2156
5948	3582
6920	3562
5565	3300
5859	2850
7156	4478
9281	4877
7466	2875
4123	2202
4449	2536
4463	2259
4647	2347
3832	1024
6755	3223
8149	3253
8680	3982
3285	1725
7789	3653
6995	3521
8553	3403
6426	3246
7405	3623
6427	3963
7477	3208
7127	3314
7320	2705
6809	2717
8721	3280
6890	2157
5347	3141
6797	2884
5035	2394
5330	2967
7647	3616
7806	6079
6375	4101
6844	2635
6622	2111
4831	2184
5471	3369
8473	4426
6470	4601
5884	2503
8036	4253
7988	3333
4110	1395
6841	2849
7438	3345
8207	3828
6496	3198
6131	2473
6204	2740
7150	3347
4382	3162
5703	2581
5727	3467
6149	3667
4016	3095
4364	2702
5658	2970
8416	4060
6752	3607
6695	3612
6040	4333
4764	3308
7501	3511
8394	4849
5462	2719
7730	3480
7053	3718
6124	3238
6922	2955
4764	2787
7551	3618
6699	2929
7037	3905
3560	1311
6799	3474
7800	3038
5074	1864
6347	1633
7005	3168
7128	4170
4758	3655
4708	3051
5796	3041
7439	5944
7473	3446
6618	2741
6548	1635
6746	3321
5823	3257
8903	4417
7011	3335
5381	2473
7444	2726
6657	3462
6932	1959
5745	2038
7192	3785
5350	1884
7323	2653
5887	3426
4560	1620
8893	2331
8159	3261
5803	3348
8240	2971
5694	3131
7930	3146
6063	2420
6975	4080
6449	3131
8730	4231
7243	3554
7894	4137
6485	2438
7877	3705
8176	3936
6643	3862
6871	3047
7097	2976
4885	1260
5447	2950
5739	3244
7479	3063
9078	3725
5638	3475
7123	2827
4728	1945
5763	2323
6128	2714
5463	3570
7079	3446
4836	2266
8440	3441
6839	3536
7857	4997
4144	3088
4721	1508
7797	3923
6244	4555
9355	4364
7453	3501
6289	2692
6167	2966
7238	3314
7896	2848
6145	3333
6455	4727
6535	3571
5789	2313
7701	3309
4896	766
6652	2477
6170	2090
7864	2806
6656	3282
6817	2431
6501	2721
7111	4740
6657	3025
5907	3393
2829	1412
6774	2460
7296	3664
6772	2965
7014	3208
7402	3773
5410	3297
4318	1476
7955	3236
6098	3301
8095	3880
8195	2942
9292	3835
4884	1974
7408	2936
8209	4092
5472	3322
8654	4642
5679	2650
5523	4133
4772	2678
5908	2420
5835	2119
6442	2958
4913	1790
5780	2015
5067	2112
7450	3841
5127	3064
6670	3756
6350	3124
6977	2624
6279	3103
6412	3344
8793	3971
6882	3573
6654	2036
5085	2751
8804	4022
3377	601
6735	3362
7999	3653
5261	3358
6953	3080
6567	3071
4824	2644
5907	3791
6144	3125
8267	3473
8166	4558
5448	1527
5128	3024
5478	2951
5986	2397
8025	3191
6721	3266
5358	2845
4959	2377
6017	2538
7117	3972
7536	2627
7745	2980
4833	1442
6117	2965
8546	3688
7921	2234
5776	1546
7992	3906
4386	3507
8037	3915
5681	2215
7372	3202
6208	2855
7135	3713
7662	2989
7033	3855
7920	3124
7476	3434
6643	1780
7505	4644
5914	2968
6563	3274
5477	2412
5971	2198
6047	2125
4141	2072
5955	2526
7401	3301
6222	3364
4304	1969
2835	2172
8192	4489
8174	4105
7076	2902
7342	3623
7769	3199
7632	3618
7689	2590
8168	3776
5475	2976
6480	2873
5612	1826
5632	2998
7277	4228
7578	3240
4239	1879
6400	3204
5914	3182
9238	4428
6682	3130
5948	2899
6258	3835
4523	1475
6650	4136
7153	3543
7623	3149
7630	3239
7758	2762
7856	4366
7444	3625
6424	3199
8978	3202
6875	3157
6340	1709
6154	2637
7847	3341
6794	2546
5902	3180
8639	3994
8374	3479
5948	3344
7768	2983
7135	2805
5829	3305
4545	1957
4149	2382
5442	2100
7633	3635
7923	3801
6242	2759
5021	2975
5317	3261
6105	3543
6376	2823
6571	2944
5390	3825
7746	4155
6966	3378
4973	2776
6989	2477
4219	1419
5635	2843
7652	3987
8188	4253
8237	2844
5136	2753
6267	3149
4881	2729
8096	3548
6174	3444
7582	2896
6026	2360
8097	3230
7159	3000
6939	2303
6886	3705
5218	3449
4983	1946
6769	2629
4873	2936
6417	3370
8265	4810
8120	3488
7880	3514
5289	2748
6057	2598
5441	2931
6779	3449
7345	3996
5345	3045
7791	3547
7220	3468
6174	1795
4788	4480
5254	2782
5145	3048
7874	3246
8507	3363
8216	2307
4738	2294
7431	2269
8778	5009
5744	2476
7676	3256
5956	2331
5452	2608
4017	1908
6641	3155
6423	2557
7048	3008
5127	3879
3593	3121
7345	3902
5097	1875
6757	3305
4894	3406
3301	1593
6205	3179
5215	3199
7023	2621
6361	3266
6608	3007
6726	3037
7654	3940
5203	2180
4459	2677
6517	2712
8700	3849
7258	2468
6379	3699
6101	2945
6639	3799
5491	3585
5128	2613
8740	3987
7050	2711
5854	2768
6652	3557
7714	3863
5669	2311
5742	3483
6076	3417
6500	3424
5988	1814
8822	3426
5821	2327
6177	2156
5180	3679
7062	3586
8478	2710
7630	3091
7420	3931
6753	4044
8555	2378
6089	3191
6975	1903
3211	3907
8583	3621
5049	2208
5144	2142
6779	2619
3567	2461
7974	4573
6679	4207
5763	2239
3648	1711
3105	1845
4981	2715
7214	3916
5790	3452
8051	3469
4490	2806
5515	3194
6986	3760
5065	3289
6947	3407
7210	3417
6540	2967
4869	2815
4790	3109
6967	2990
5492	2108
8124	3248
6506	3723
6672	2439
5959	2658
6361	3348
7860	3404
5564	2074
6422	2102
5486	3442
4369	1920
4817	1399
6582	3386
7481	3007
3964	2068
5756	2478
6839	3321
3982	3038
7223	4570
6563	2391
4816	3174
4629	2537
5178	3250
7416	5744
7583	4238
5065	1791
5703	2227
8019	2522
8378	2315
6007	3848
5185	2853
3762	2526
7530	2736
8294	3258
6237	3215
6350	3156
7733	4874
5670	3530
6250	1861
5710	3333
7010	3092
5332	3028
5592	3788
6029	2536
5739	1729
6748	3391
6947	3461
6062	3615
5490	3591
5359	2966
6126	1940
7295	3681
5897	4325
5003	2612
5212	3415
5832	997
6477	2887
5280	3703
5799	2380
5578	3178
4393	2918
6910	2793
9513	5035
4907	3365
7642	3042
4553	2630
6269	3596
5740	2164
6057	3317
4009	2566
6589	4476
3419	2031
6065	5069
6187	2836
7545	3798
6408	2753
6670	3351
6495	2804
7637	3573
5870	3112
6620	3578
9011	3213
6473	2645
4968	1939
6622	2471
4424	2668
7801	2774
6895	2961
6538	2696
7289	3253
6681	3526
6113	2804
6529	4247
7364	3148
5145	2994
6508	2924
5791	2586
7095	3488
6576	3102
9101	3869
4451	2558
6260	2999
7315	2870
4716	2918
5031	2830
7391	2215
7497	3018
5807	3224
6307	3092
7055	3106
7201	2826
7040	3530
7364	4292
5684	1379
6448	3083
6664	2220
6177	2474
6683	3685
7050	3108
8699	4692
7616	3337
7654	4014
7708	2614
7336	4002
6424	3269
6618	3841
5007	2925
6779	3674
6587	3619
8026	3140
7128	4042
5385	2676
6523	3914
7095	2840
6544	2068
4964	2882
7373	2510
7569	4199
6105	2853
7447	3153
5544	3137
6948	2811
6876	3533
7740	3722
6567	1926
6159	3678
6188	3472
6218	3167
7073	3042
7166	3415
7820	3746
8093	4101
5766	4252
5972	3545
4605	2748
5088	1029
6322	3516
5711	3098
5556	2044
7472	3112
7292	3284
4800	1897
6406	2977
6763	3733
7167	3485
4913	3673
7395	3606
4121	3257
6437	2928
7635	2354
4018	2198
5153	2888
5489	3475
5516	2080
3668	3059
6835	2654
5798	1965
4618	2121
7592	3291
6532	2794
5197	2573
6065	2880
6399	2853
7215	3028
5954	2638
8419	4202
6700	3090
4866	1901
6829	2938
7759	2902
8322	3385
8301	4737
4622	4141
3846	2620
7328	3365
5962	2430
6949	2491
5418	525
6406	3689
6184	1947
4562	3206
6468	2593
7103	4285
8822	3709
8999	3874
5512	2621
6492	2795
7103	5262
5802	2971
4884	2992
6475	3150
8140	3348
6491	3164
7877	3732
5972	2935
4952	2258
6204	3490
8804	4229
8375	3754
6512	3613
4280	3076
8715	3861
8083	4468
6051	3222
6226	1486
3368	1305
6322	2886
3346	2543
7617	3450
7275	2824
2983	2449
8912	3661
2345	2468
5609	2262
8559	3807
3643	1734
5467	2515
8074	4064
9306	3354
5190	4658
6706	3751
7325	2975
7645	3519
5664	2741
7161	3996
6987	3369
6679	3344
7439	2650
5965	3527
6893	3972
6837	3017
8943	4919
9118	4726
4624	1874
6462	3105
6859	3235
7332	4583
5897	2892
8846	3692
7677	3433
6746	2652
5140	1238
8644	3034
7020	2515
6504	3331
4607	1076
6788	5768
4977	2006
7837	2820
3633	1679
6690	4057
6574	1550
7200	2655
5346	3120
4823	639
9703	5023
8611	3188
6986	3734
5278	2284
7086	4033
5731	3002
6950	2691
6777	4018
8147	3567
5847	2418
7704	3179
6290	2768
6428	1211
8650	2727
6065	3731
3011	1429
8473	2747
4809	3215
7411	3669
7801	3216
4961	3253
7802	3034
6849	3022
6009	1886
7209	3539
9124	2365
5306	2430
6476	2681
6541	2921
7508	3177
5504	2708
7805	3372
5636	2804
6888	2627
8181	4282
8322	3728
8502	4044
6809	3852
6777	3220
9023	4101
7847	2152
5138	2718
7585	3188
7324	3190
5834	2329
7987	3151
7896	4320
9258	4398
7606	3703
6165	3976
5948	2585
6380	2554
6890	2733
7530	4402
5093	2905
4618	4112
5598	2816
4726	3646
6642	4092
6140	3667
5629	2275
4998	2982
8172	3908
6357	2601
5154	3187
5728	2824
6784	2950
5501	3188
5394	2587
6804	2885
6507	2903
8004	3691
6530	3345
7704	3656
6879	2701
6101	4049
7462	3862
8599	4354
7915	2872
7215	3591
6068	3088
7716	4429
6150	3907
7092	4184
4768	3107
4988	2716
5867	3211
6308	2463
6369	2789
6411	3110
6697	3388
8523	4412
8059	3938
7776	3999
8114	2997
7933	3794
6606	3156
7532	2857
5412	2046
7415	3672
4417	1869
7788	6307
6397	4054
6820	3092
6611	3493
5849	2200
6000	3818
6444	2566
6756	3188
6012	3354
4126	1981
4973	3048
4091	2105
6378	1996
7441	3994
5119	1767
5929	3001
6822	3060
8596	3425
6863	3256
4582	3256
6110	2676
6578	3276
5883	1605
5743	2276
6417	3120
7910	3199
3324	2578
5863	2695
6985	3496
5893	3945
5564	3800
7210	3067
5999	3101
7092	2380
4161	2493
7733	3673
7242	3092
6379	3154
4543	3587
3927	3263
6444	2830
6286	2598
4546	3514
4516	1386
5030	1824
7484	3225
7854	5446
4315	4023
5435	3532
5563	1421
6286	2626
5962	3286
6153	2544
5698	3009
4956	2962
4482	3626
6918	2930
7455	2864
6922	3255
8305	3218
4457	3132
5683	3100
8257	3497
7434	5115
8187	4171
5419	2721
6618	2563
5294	1695
5586	2512
7203	2865
5521	3357
5876	2096
5578	1790
4614	1951
5488	2840
7756	4112
4217	2307
6338	3655
4851	967
6412	2764
6144	3057
6694	3087
7551	2171
7306	3044
6278	2828
6418	2239
2207	4127
4589	2288
7595	3565
7060	2834
8086	3925
5878	3450
5017	2409
8288	4120
7628	3385
7670	2940
5741	3043
6655	3544
6489	2539
5541	2244
8472	2735
5152	3178
6935	4372
4423	1925
5270	1528
4149	1993
7256	2393
7881	4354
4104	4067
7603	3515
6779	2301
8268	3424
6658	2515
8625	3951
5036	2953
4720	3096
7845	2954
8508	4119
6673	3187
5119	2989
7318	3383
6376	2439
6285	3523
7150	3485
7401	2045
4010	3208
6916	3762
8609	3429
6715	4155
6651	2865
7843	3661
5765	1675
7261	3684
7957	3289
5463	3651
6207	3506
6465	4024
6864	2615
4826	1412
7651	3710
6543	2768
4597	2169
7282	2935
6959	3293
5393	1696
4440	2691
4753	3396
5874	2622
6313	3947
7042	3077
6106	3859
6085	2827
9281	3883
6749	3222
6457	2499
6362	2890
4237	2920
6847	1830
6063	3685
7455	2587
5733	2359
8261	3432
8469	3041
4279	1700
7474	3563
7545	3731
5750	3310
7189	3965
5540	2848
8714	2495
8818	3838
5717	4673
5744	3279
9692	4569
6714	3641
6016	3763
5253	2827
7059	2410
4573	2368
3933	2879
5361	3837
4865	2943
7089	4152
4411	2878
5399	2785
8155	4241
5240	2263
1531	2845
4655	3349
7546	3446
5435	2613
7191	2690
6851	4948
7379	4019
5686	2414
6909	3003
5407	2919
8320	3471
3157	2097
6307	2959
4797	3011
5060	2693
5830	3643
8386	5813
6217	4091
7511	1984
5154	3233
6001	3077
9126	4281
6070	3733
6464	3684
5897	2842
7506	3398
7544	3312
6085	4056
7321	3545
3114	2911
5028	2525
6468	3367
7373	3269
5682	3617
5362	733
5891	1782
5034	2451
5535	3532
3762	1837
6440	2765
6212	3314
8230	4217
6138	2927
6448	4229
6886	3791
3734	1969
7167	3424
7804	4647
4123	1546
7059	3209
6482	3595
6898	2790
8486	4060
6333	3105
5553	3902
8529	3944
7269	3037
6873	2869
6513	2911
5313	3064
6549	2453
6483	3218
5537	4119
1506	2826
5940	3824
7108	4573
7847	4861
6912	2108
7858	2401
7120	3775
6183	2987
5497	1579
5936	2763
6381	2763
7291	2473
6653	4240
7367	2950
6400	2022
4925	3271
5730	2542
5879	2336
7604	3973
7443	3342
6507	2929
4234	2297
4639	2902
5409	2361
7684	4459
6820	3516
7640	2826
6472	2798
5245	1273
5370	4070
6665	3583
7648	3844
6152	2546
3547	2407
5079	2134
7081	2932
6983	3443
5623	3346
8126	2578
6944	3805
5674	1904
4116	3088
6839	2651
8431	3587
6848	3867
3733	2775
6950	3910
8154	4273
6442	2450
5706	3873
5567	3098
5127	3434
6026	3597
5295	3542
5932	1087
5489	4366
6649	1304
6266	3251
5777	2604
6661	3245
5425	2332
4496	2680
8784	3620
6621	2842
8400	4119
4734	2689
6089	3465
8520	3061
6229	3845
6261	3448
6020	2885
5633	2966
6310	3074
4269	1418
7413	4445
7584	4397
2905	2782
6768	3011
6714	2484
7827	3185
7748	2993
6110	4224
7751	3221
6109	2261
6263	3115
5671	2803
7425	3210
4820	2553
5953	3463
5450	2069
7729	3926
8336	3735
5428	3254
5916	3879
7589	3944
5692	3492
4023	3345
5774	2672
8554	3538
7913	2587
5241	3634
6515	1794
4662	3937
4792	2351
5377	1737
7736	3236
8569	3219
7730	2562
6564	2696
7222	3600
7368	3263
6422	3471
6619	2945
5805	3802
6232	3444
6941	4027
8305	4253
7396	3152
5520	2994
5791	3008
5309	3527
4900	2778
6197	2841
7485	2628
4765	2948
6614	3357
4985	3078
8600	4007
6758	4170
4869	3394
3787	761
7038	3464
6639	2815
6458	3426
3872	1846
5333	3289
5267	2230
6440	3863
7464	3167
5483	1773
5271	2705
9368	4051
7177	3736
7143	3875
6657	3341
5385	2854
6394	2427
6759	2042
6522	3138
8618	4466
5855	2864
7033	2207
5885	3140
6186	3174
6580	2778
6740	3378
6918	3226
6333	2135
4834	2043
8489	3527
6060	2219
3335	3733
4965	2490
7402	3601
7083	3078
9238	3673
8143	2632
5765	4213
6144	2572
4332	3136
3753	2393
6195	1315
7653	4151
8104	4217
4705	3336
5646	2940
6845	2475
8668	3641
7440	2759
7051	3767
4995	2087
6807	3757
7746	3090
7158	2477
7350	3451
7262	2768
6327	3710
5818	3881
5773	3661
6322	3219
4803	2680
5121	3584
7082	3188
6564	3191
6417	2691
6493	2381
6231	2277
8845	3897
6706	1634
5315	2784
7451	3625
7805	2321
7912	3246
4494	1961
5996	2479
6691	3119
8376	3702
6493	3692
4771	3184
5060	3258
8112	3720
5954	3466
4959	2362
9771	5580
6295	3665
6338	2499
4730	2435
7654	4403
5275	1739
8216	3208
7191	3953
6250	2915
7784	4128
7002	3448
5729	3213
5891	2903
7349	3220
7558	3576
7306	3509
7962	3271
6250	2848
4796	2628
6435	2710
7826	3308
6106	2238
8320	3890
6111	2192
7612	2292
6165	4290
7180	3417
8345	4713
6059	2550
5720	3630
6041	2594
7052	2561
6064	3008
5267	3272
5950	2104
7141	4041
7652	4166
8624	3285
4894	2839
6574	2039
4576	2171
6998	3722
8605	4496
7651	1772
6023	1794
7428	2875
7340	3290
6462	2805
6285	3341
6009	3029
4512	2530
5087	2215
8138	3973
6955	2744
6256	3757
2466	1970
8559	3727
5347	2020
7560	3662
4731	3597
7082	2562
6657	2793
2153	1636
6178	1141
6904	2804
7489	3223
7337	4048
6421	4067
6921	3357
5332	2176
6871	2594
8323	4074
5366	4659
7534	2874
5832	2552
6441	1713
7643	5717
4599	2736
6996	2598
6343	2839
4381	1537
5892	2041
6908	2910
7418	3423
5692	2912
7378	3049
5399	2615
7842	3486
6637	2624
6083	3324
8715	3956
4338	3349
7100	3700
6930	2869
4259	2357
5480	2257
5446	3382
5459	2708
6645	2679
6111	3435
8376	3160
8020	4125
6650	2256
6652	2520
6331	1654
4190	2630
4413	3648
6566	773
6931	2804
5129	3170
6432	3945
6375	3251
7771	3204
4874	3016
5075	3337
8270	2812
6027	3127
7620	3448
5754	3305
7841	3122
6172	4979
5134	3293
7277	2649
8680	7664
5372	3920
4904	2387
7871	2661
7347	2436
6492	3515
7762	3696
8254	3254
5932	3333
5504	1975
5440	1981
4978	1767
7460	3427
6799	3350
7526	3575
6347	3248
5458	2286
7601	3762
6658	3410
8499	2181
6455	4497
5397	1836
6587	3238
6863	2982
6796	2995
4746	1944
6715	3068
4835	2453
5434	3276
6358	2611
5282	658
6819	3536
7570	3634
7283	3342
7328	3575
7173	3673
5369	2526
6708	4037
7134	3334
7912	3232
8519	3483
4415	4880
7268	4920
6222	2916
5344	3468
7078	3279
4304	3808
6818	3642
7446	3269
6798	3663
4809	2706
6131	3162
9076	4375
7645	3244
7121	2813
7074	3364
5763	2863
5652	3758
8145	3615
6739	2880
6572	1830
5816	4867
6320	2013
6240	3986
7188	3983
7803	3470
6095	3460
3660	2419
5823	3014
5072	1504
6183	2232
7692	3796
8910	3988
6518	3245
4917	2837
5968	2213
7334	4028
6084	3677
8228	3045
4752	1796
8544	3347
6307	3074
7159	4192
8585	3037
7261	2334
7515	3592
9037	2911
6855	3213
7460	4832
8046	4060
5112	2377
6010	3317
5124	2296
4956	2484
8185	3734
8099	3219
6226	2096
7945	3298
6536	2499
6112	4830
6416	2563
6015	2996
5405	3281
6700	3347
7131	2699
4810	1653
4816	2847
6005	2085
6446	2378
7647	3536
8448	4191
6962	3290
7266	3423
5312	2828
5881	2811
6422	2029
6035	3483
6853	3052
6160	2531
6467	1951
6549	3309
7509	4471
5588	3198
7997	2800
8298	3384
5437	3201
8564	4827
6189	3612
6891	2423
7890	3394
6241	1946
5930	3841
6904	2411
7377	3731
5464	3373
4095	2884
2838	1491
9733	4638
5951	4274
7550	2784
5374	1580
7662	3909
3113	2233
6279	3283
5245	2555
7634	3319
5646	3674
7560	2341
8598	4148
5810	3409
5406	3302
5044	2171
6727	3219
6287	3177
8410	3299
5573	2279
5446	3250
5785	3505
3521	4051
6921	4044
4466	2378
6739	3092
5475	1504
4322	1893
6492	2365
6926	4017
6957	4412
7356	2753
7313	3036
6657	4880
5268	1940
7140	3958
4177	2844
7147	4074
6253	2649
7647	3298
8166	3541
6917	2795
2925	3200
6286	2645
4504	2598
7846	4169
5060	3491
6119	4049
7622	4716
6146	1347
6623	2692
5989	3639
4912	2843
5266	2940
6009	2407
4916	2017
6356	2540
7211	4896
6646	2695
8045	3565
7209	2801
6750	3674
6136	3310
7529	3991
7612	4073
5491	2528
6952	2589
8917	4584
7255	3308
5700	2129
8601	4077
6484	2899
7328	2054
3159	3525
4465	1202
4724	2838
5987	3277
5081	2511
7821	3754
4890	1243
4764	2759
6198	2647
7787	5656
4163	1930
5225	2704
6630	3090
5425	2681
6824	3343
7096	3091
6756	3162
5646	3308
6312	3493
6360	3922
5825	1867
5532	1133
6252	3266
6519	3878
6158	2493
5842	2875
6181	3114
5197	3008
6175	3718
6409	2483
5576	2298
6714	2723
6081	2789
7620	3996
7141	3496
5661	2366
6423	2834
6035	2343
7624	3872
6831	3123
6288	1673
7757	2640
5208	3309
7248	3085
6963	3227
6006	2460
8268	5261
7663	3355
7107	3031
5268	2856
7040	3413
6471	1803
8261	3791
8824	4271
6653	3658
7330	3427
4688	2862
4191	2257
7995	2671
8259	3914
6717	3751
6273	2845
6826	3457
5934	4022
6903	2951
5359	2889
4060	2286
6947	2662
6171	3614
7614	3502
4287	2263
6037	2359
7647	3239
8283	3433
6620	2098
5991	2738
5652	1074
6361	3175
6325	3225
5869	3267
7787	5050
6712	3103
7359	2605
7426	3424
7250	4196
8381	3336
3546	2710
5789	2151
7029	3471
4359	2658
7070	2911
6227	3674
6253	3741
5942	2281
6942	4285
7925	2777
6295	2568
7399	3233
8938	4594
6242	1911
5896	2647
7989	4079
5971	2262
6901	2316
8391	4894
7958	3607
6362	2695
8591	3828
5378	3284
5501	2741
5189	4341
8787	3329
6261	2949
4799	1776
6463	2817
6792	2640
8634	4452
6053	2725
7913	6410
5122	2700
7026	2876
8853	3306
4397	3825
5734	2678
7772	3839
4022	2456
6301	3399
7032	3876
6587	2914
4631	2358
6381	3963
6723	2265
7926	3962
4872	2462
8511	4077
5702	2691
5647	3100
7612	3923
5722	1035
6696	3312
8363	4532
4991	3991
5496	2125
3820	2297
6840	3031
5299	2678
7641	3115
6535	3944
6433	2415
7235	3842
6187	2242
4592	2135
6272	1949
5639	3047
8107	2912
5778	1953
5435	2666
7789	4267
6381	2296
8022	4423
7799	3349
6446	3900
6995	3936
7859	2992
7216	2976
6605	2472
8268	3109
7302	3297
8671	3456
6011	3225
6275	3005
7523	3597
6703	3514
5565	3420
4725	2790
6808	3228
4429	4291
4898	3215
6561	3073
7801	3937
6544	2446
6451	3477
5505	3642
6655	3447
9365	6055
6336	4357
7765	3908
7411	2593
7794	3096
6215	3358
5840	1994
4971	1072
7051	2206
7069	3343
6513	3338
7190	3068
5487	2266
8243	4478
6800	2401
4464	3003
6907	2106
6230	2957
9778	4612
6898	2830
2821	1843
6148	3072
8474	4184
7982	3362
6893	4639
7109	3445
7877	4160
4808	958
6457	3049
5620	3501
5189	3571
7041	3734
7822	4198
7409	3846
5766	2982
7663	3544
7655	3200
6261	3390
7619	4723
6935	3025
8727	3533
7358	3737
5173	2649
7846	3610
6009	3893
5415	3339
7535	2536
8575	4014
6417	1254
7121	3416
7005	3601
8710	4459
7242	3197
5916	2994
7845	4255
6371	2117
6595	3056
7200	3147
4653	1846
6889	2332
6937	2673
4808	983
4781	2314
4755	3064
7579	3627
7073	3303
7936	4140
7162	2281
6061	3265
5839	2317
4977	1735
5375	3290
6065	3734
6367	2814
6925	2608
5009	1720
6819	3583
6898	2777
5863	4176
7024	3633
7642	3480
6809	2885
8436	3664
7201	2728
5455	2303
5523	2326
7052	4575
4903	2124
8028	4966
5743	1745
8213	2829
6525	3049
6529	4248
7245	3069
6423	2800
5830	2163
5441	3277
7318	3155
6569	4788
6616	2226
4842	4630
7376	2517
6306	2792
7223	3871
7140	2772
5759	2476
6548	3070
6551	3186
4837	2613
8583	3850
5844	4928
6426	2796
6868	3473
6799	3548
8215	3637
7650	4027
7951	2744
7999	3566
1663	1521
7753	3160
6443	2106
6403	2986
3826	2954
5715	2485
8091	3968
5600	3447
5847	2920
7396	4835
3234	1475
7849	4139
7569	3639
6552	3866
6064	2091
2464	1690
8047	3792
5671	2784
6758	2451
5195	2602
4927	3223
6626	2820
5791	2353
8927	3498
6197	3454
5954	3110
7207	2739
4933	2361
6595	4052
6268	3737
7047	2991
4945	1772
6923	2581
8277	3669
6674	3556
6332	4104
4886	2354
5382	2380
5151	2356
6736	4249
7492	3808
6236	2519
7739	3393
4578	1810
5184	3297
6227	3107
7098	3799
5335	2673
6817	3299
8169	4023
7399	3395
4715	2881
6560	2811
8184	3432
6764	2794
7371	3181
7561	3438
7227	3187
8588	2650
7356	2990
8052	4620
8349	3974
6937	2191
7696	4187
7675	3191
5622	1657
5771	3036
6809	3438
3271	1310
8548	3125
4606	2238
6101	2481
6257	3780
7712	3220
7852	3806
5332	1995
7464	4074
6294	3394
5884	2794
7020	2649
6586	2931
5834	5924
6262	2106
6418	4250
5433	1656
7964	3573
7499	2463
7304	3990
6223	3434
6660	4391
3836	2004
5070	3066
9332	4043
7458	3886
5765	3440
6372	2671
8547	4426
6653	2638
5816	2565
5726	2111
5995	3363
5867	2919
6501	2910
6444	3032
6448	2672
5416	2662
9227	4424
7409	4502
6884	3407
5953	2571
5547	1084
5405	2315
6083	2322
4462	3303
5876	2369
6966	3287
6370	2285
7307	2860
5342	1832
6937	3516
8748	4005
6920	2873
5685	3323
6713	3869
6134	2779
6800	2832
6985	3405
5598	3406
8627	4629
7353	3321
2570	2510
7263	3323
6576	3733
8229	4531
6518	2577
6714	2538
6978	2360
7288	2713
6863	2774
6069	2556
3872	2813
6445	2700
5751	2422
4628	1731
4472	2526
7406	3833
5589	2579
8265	4173
4846	2798
5284	2598
7399	2336
6115	1706
5245	1573
7431	3596
3842	2112
7539	2857
6362	3587
6752	2784
6400	2529
9091	4853
4941	3171
8021	3531
4821	2747
4961	3295
7864	4347
6737	1958
7380	2991
6221	3579
6300	2100
5347	3600
6937	3557
5315	2868
7714	3834
8871	4387
7114	3736
7936	2551
5055	1920
4654	1998
6320	3771
7499	3717
8392	4512
3532	1867
7890	2781
5035	2734
7569	3449
7656	3966
6506	3857
6338	2303
6737	3244
7197	5428
8736	4748
6602	3184
6507	2374
8080	3037
7408	3488
7361	3132
6486	3279
7451	3032
6814	2760
6280	2677
7130	1581
3986	2119
5457	3046
5973	2127
6231	2821
6088	2554
8005	3296
6897	3783
6089	2646
6748	2753
7676	3929
5084	1657
5891	3072
6242	3664
7738	2754
6584	4138
6209	3122
7407	4332
5172	3623
6606	4031
4110	3855
6953	3554
7456	4669
4458	2144
8684	4071
6762	2956
7268	3156
5205	1865
5742	3540
7230	2973
8391	3227
5889	2621
6326	3001
8398	3268
8220	3586
4563	1833
7095	1700
5582	2864
7498	3642
4417	2317
4734	1874
6034	1799
7297	2830
4720	2354
7313	3863
6447	2299
7106	3448
8146	4287
6608	5433
5581	2686
6470	3420
5449	2602
4067	3085
6634	2250
7208	3125
5866	2411
7761	3529
6098	2146
6012	1863
7150	2429
7573	3652
4967	3718
7994	4026
7379	2867
7448	3140
8255	3043
7113	2918
5800	2154
6890	3848
5297	2996
5159	2520
6481	2373
4149	2327
7387	3977
8579	3649
5412	3492
6581	3320
6869	3262
8085	4489
6285	2654
3841	2972
6950	3232
7527	3491
4523	2045
5314	1623
9287	3127
5439	2813
4518	2839
3449	2485
7777	2178
7543	3376
7577	4294
6024	2752
5766	2414
6253	3640
7478	3285
6422	3241
6596	2917
8783	2922
7075	4031
6804	3241
8535	3552
6171	3167
6263	4278
4481	1534
7229	3880
6112	2994
7213	3524
6221	2525
5040	3267
4429	1487
5587	2156
6335	3122
6293	3637
4041	1847
4808	3043
5985	3151
7736	4149
5066	2449
7043	3299
7197	2021
6140	2624
7937	3646
3104	3124
5403	3056
6421	2683
4526	1666
6307	3560
8355	6057
6384	3177
6818	1589
6040	2860
5004	2349
7249	2470
6723	2175
6021	3330
6473	3707
7526	3635
5847	2927
7941	3975
4791	3694
6352	2832
9788	4260
5862	2429
7346	3291
7116	3496
7607	2718
7364	2260
7930	2966
7350	3027
5639	3376
5401	2633
5768	3239
6673	2244
4542	2733
7227	3420
7165	3038
6956	4034
7144	2668
7250	3086
6541	3175
6905	2106
6704	2948
5506	2810
7537	2680
6860	3392
4447	2883
6600	3686
3833	4086
6016	3829
3631	770
3739	2296
5588	3496
5008	1437
6610	3278
6662	3312
6198	2686
5828	4525
7968	3644
6713	3459
7713	4614
7689	3726
6220	2621
6184	2302
7175	4541
4671	2473
4787	3106
9383	3444
7106	3440
7346	2842
5368	3118
5092	2766
7155	2685
6227	3717
6172	3682
5824	2971
5027	3747
6107	3504
6619	2981
3377	2575
5848	1058
7480	3115
6074	3072
7199	3148
6719	2923
7232	3416
8318	4113
5519	3540
6847	3343
7475	3193
8886	3896
7817	2650
7564	3880
0	1859
5963	2255
7645	2957
4925	1514
5013	2834
4924	1291
7199	2428
4661	3358
5819	3198
6538	3896
5949	2295
7859	4097
5657	3345
