1	19
1	1
1	1
1	1
1	43
1	1
0	1
1	1
1	55
1	1
0	1
1	1
1	1
0	499
1	1
1	1
1	1
1	1
1	1
1	1
1	1
1	7
1	1
0	1
1	7
0	1
1	7
1	1
1	1
1	1
1	1
1	1
1	1
0	1
1	43
1	1
0	79
1	1
0	289
1	1
1	1
1	1
0	157
1	1
1	1
0	19
1	1
1	1
1	97
1	1
0	1
1	1
1	1
1	1
0	1
0	55
0	7
1	1
0	1
1	55
1	1
1	31
1	7
1	157
1	19
1	1
1	1
1	31
1	1
1	1
0	1
1	1
1	31
0	25
0	1
1	1
1	1
0	61
0	1
1	1
0	1
1	7
1	1
1	1
1	1
1	61
1	1
1	1
1	1
1	1
1	1
1	1
1	1
1	1
1	1
1	1
1	1
0	55
1	31
0	253
0	1
1	1
1	1
1	1
1	1
1	1
1	1
1	13
0	1
1	1
1	1
1	1
0	193
1	1
1	1
1	1
0	13
0	1
1	1
1	1
1	1
1	1
1	1
1	1
1	1
1	1
1	1
1	1
1	1
1	1
1	7
0	1
1	1
1	1
1	1
1	1
0	1
0	1
1	1
1	31
1	37
0	1
1	1
1	1
0	1
0	1
1	1
1	1
1	31
1	7
1	1
1	19
1	1
0	13
1	1
1	1
1	1
0	1
1	1
1	1
1	19
1	1
1	1
1	1
1	1
1	1
1	1
1	79
1	19
1	7
0	1
1	1
0	205
1	43
0	1
1	1
0	1
1	1
1	43
1	1
1	1
1	1
1	19
0	1
1	1
1	1
1	1
1	1
1	1
0	1
1	121
0	1
1	1
1	31
0	31
0	1
1	1
1	25
1	1
1	1
1	1
1	1
1	1
0	289
1	1
1	1
1	1
1	97
1	1
0	151
1	1
1	1
1	1
1	1
1	1
0	169
0	421
1	37
1	7
1	1
1	1
1	7
1	1
1	13
1	1
1	1
0	1
1	1
1	1
1	1
1	49
0	1
1	1
1	1
1	1
0	1
1	1
1	1
1	1
1	1
1	1
1	1
1	1
1	1
1	13
0	1
1	37
0	1
1	1
1	1
1	1
0	1
1	1
1	13
1	37
1	55
1	25
0	1
1	1
0	1
1	1
0	13
0	1
1	1
1	1
1	1
0	1
1	1
1	1
1	1
0	157
1	1
1	1
1	1
1	1
1	1
1	1
0	1
1	25
1	1
1	1
0	1
1	1
1	1
0	1
1	1
1	1
1	1
0	127
1	1
0	1
1	79
1	1
1	1
0	37
1	1
1	157
1	1
1	19
1	1
1	1
1	1
1	1
1	37
1	1
1	1
1	1
0	1
1	1
1	1
1	1
1	1
1	1
1	1
1	1
0	1
0	1
1	1
1	1
1	1
0	1
0	1
0	367
1	7
0	73
1	1
1	1
1	109
1	1
1	1
0	1
0	1
1	1
1	1
1	25
1	1
0	1
0	79
1	139
1	1
0	61
1	1
0	1
1	13
1	1
1	1
1	13
1	1
0	307
1	67
0	1
0	1
1	1
1	13
0	1
1	1
1	1
1	1
1	1
1	1
1	1
1	1
0	1
0	1
1	1
1	1
1	1
0	1
0	1
0	7
1	1
1	1
0	1
1	49
1	1
1	1
1	55
0	1
1	1
0	1
0	13
1	1
1	1
0	1
1	43
0	13
1	1
1	1
0	1
0	445
0	43
1	1
0	199
1	19
1	1
1	1
1	1
1	1
1	1
1	1
1	19
1	1
1	1
1	1
1	1
1	1
1	1
0	1
1	1
1	31
1	1
1	1
1	103
0	1
1	61
1	1
1	1
1	1
1	1
1	1
1	1
1	1
1	1
0	1
0	1
1	1
1	1
0	1
1	1
1	1
1	1
1	1
1	1
1	103
1	1
1	1
1	1
0	1
1	1
1	1
1	1
1	1
1	13
1	73
1	1
1	1
1	1
1	1
0	1
1	25
1	1
1	1
1	1
1	1
1	1
1	1
1	1
1	1
1	1
1	1
1	1
1	1
1	1
1	1
1	1
0	7
1	7
1	1
1	1
1	91
1	7
1	1
1	43
1	1
1	1
1	1
1	1
1	1
1	1
1	1
1	1
1	1
1	1
0	187
1	1
1	7
1	1
1	7
0	1
0	13
1	25
1	1
1	1
1	1
1	1
0	7
1	1
1	1
0	1
1	1
0	1
1	49
1	1
1	1
0	307
1	1
1	49
1	1
1	1
1	1
1	1
1	1
1	1
1	1
1	1
0	1
0	487
1	1
1	1
1	1
1	25
0	163
1	1
0	1
0	61
1	1
1	127
0	1
1	1
1	1
1	1
1	1
1	1
1	1
1	1
0	193
1	1
0	1
1	1
1	1
1	1
1	1
0	247
1	13
0	73
0	1
0	25
1	7
0	43
0	253
0	349
1	7
0	19
1	37
0	1
1	55
1	1
0	1
1	1
1	1
1	1
1	1
0	1
0	157
1	1
0	1
1	1
1	1
1	133
1	1
1	1
0	55
1	1
1	85
1	1
1	1
0	1
1	1
1	31
1	31
1	1
1	1
1	1
1	1
1	1
0	7
1	1
1	1
1	1
1	1
1	1
1	1
1	1
0	1
0	85
0	1
1	1
0	43
1	1
0	1
1	61
