1	8183
1	7217
0	2312
0	1189
1	7878
1	8003
1	5739
1	8418
1	7619
1	8921
1	8357
1	8071
1	3091
1	3482
1	8282
1	6757
0	2459
1	7942
0	2564
1	7726
1	8558
1	8218
1	6917
1	5509
1	6447
1	6953
1	5004
1	6411
1	4836
0	2761
1	8782
1	5769
1	8447
0	3275
1	9334
1	4775
1	5027
1	9264
1	8497
1	5521
1	8305
1	8624
1	7952
0	2526
1	7998
1	8091
1	7975
1	8342
1	7998
1	9203
1	7228
1	5933
1	7569
1	4113
1	9217
1	7112
1	7686
1	5654
1	6036
1	6884
1	6092
1	8802
1	7121
1	7324
1	7966
1	8369
1	7715
1	7236
1	7268
1	7839
1	6767
1	5074
1	7152
1	6291
1	8053
0	2656
1	7480
1	4678
1	7060
1	6459
1	8198
1	8092
1	3983
1	8040
1	5976
1	9999
1	8391
1	7037
1	6936
1	8045
1	8010
1	6900
1	8729
1	6524
1	5745
1	7346
1	7681
1	4034
1	8888
1	7036
1	6149
0	1891
1	8693
1	7426
1	6982
1	8368
1	7661
1	5805
1	8251
1	6432
1	7064
1	8052
1	2871
1	8276
1	7097
1	6256
1	6499
1	7613
1	7664
1	7341
1	8261
1	6685
0	0
1	8641
1	7109
1	7897
1	7847
1	8211
1	3796
1	8210
0	3028
1	5678
1	3386
1	5246
1	7941
0	1684
1	7671
1	3380
1	8389
1	8253
0	2714
1	7572
1	7193
1	6245
1	6307
0	2421
1	8006
1	5961
1	7119
1	4673
0	1075
1	7788
0	3188
0	2690
1	8403
1	8169
1	8242
1	6704
1	6931
1	6541
1	3030
0	2799
1	5857
1	8050
1	8872
1	8346
1	8310
1	7944
1	6174
0	1835
1	6262
1	8231
1	7691
1	7955
1	8039
1	7835
1	7515
1	7997
1	8686
1	6873
1	7723
1	5817
1	6893
1	4213
1	4887
1	8110
1	6893
1	8265
1	7054
1	8073
0	936
1	4914
1	6246
1	8034
1	6616
1	7095
1	8201
1	2459
1	8108
1	8311
1	7963
1	8337
1	5243
1	3809
1	8925
1	8566
1	5029
0	2886
1	7804
1	7603
1	6445
1	7190
1	7964
1	8215
1	6301
1	8921
1	5472
1	5253
1	8169
1	7646
1	5295
1	8587
1	8001
1	5689
1	8185
1	7294
1	7849
1	7462
1	6870
1	8295
0	2864
1	8068
1	7540
1	3462
1	6178
1	8160
1	8527
1	8548
1	7397
1	7282
1	8220
1	8484
1	6747
0	2578
1	7477
1	5652
1	7129
0	2417
1	4455
1	7865
1	7064
1	6753
1	7967
1	1574
0	2304
0	2946
1	8071
1	7612
1	7842
1	7094
1	5991
1	4430
1	4000
1	7019
1	8296
0	2722
0	2853
1	6076
1	7792
1	7836
1	7740
1	7487
1	7748
1	8483
1	5405
1	8633
1	4612
1	6526
0	2705
1	7168
1	8825
1	6707
1	8039
1	7271
1	7279
1	7249
1	5648
1	5366
1	7549
0	2518
1	7951
1	7955
1	8236
1	4237
0	2882
1	7146
1	8047
1	9003
1	4652
1	7957
1	6219
1	5011
1	6243
1	3093
1	8238
1	7968
1	8783
1	6140
1	7660
1	8907
1	7690
1	7962
0	2801
1	4815
1	3095
1	6363
1	8123
1	6356
1	5027
1	7665
1	7983
1	5915
0	3058
1	2054
1	9828
1	4486
1	7304
1	8914
1	7997
1	8247
1	8438
1	4304
1	5621
1	8663
1	8270
1	7650
1	7918
0	2539
1	8148
0	1185
1	7664
1	4008
1	6105
1	6463
1	8270
1	5716
1	8675
1	8671
1	9203
1	7714
1	3184
0	2711
1	5991
1	7312
1	8009
1	7857
1	8190
1	6973
1	8662
1	7736
1	6426
1	7423
1	4032
1	8005
1	5956
1	7439
1	5681
1	5880
1	7238
1	8238
1	5753
1	6434
1	8682
1	8308
1	8464
1	4940
1	3856
1	5471
0	1807
1	8735
1	9479
1	7972
1	8432
1	7837
0	2418
1	5092
1	5660
1	4934
1	7312
1	5974
1	7208
1	6376
1	4550
0	2802
1	5591
0	2871
1	4582
1	8379
1	9633
1	7285
1	2371
0	1488
0	2261
1	6301
1	8781
1	7907
1	7908
1	3378
1	8900
1	6618
1	7366
1	8248
1	7878
0	3192
1	8391
1	6544
1	8087
1	7055
1	8042
1	8559
1	7824
1	4353
1	5873
1	7441
1	6411
1	6251
0	2963
0	2189
1	4982
1	6520
1	8977
1	7308
1	5988
1	5736
1	6446
0	2302
0	2376
1	8496
1	8210
1	7148
1	8378
1	8389
1	7774
1	8019
1	7186
1	6948
1	8492
1	8008
1	4275
1	3713
1	7191
1	7453
1	3531
1	5943
0	3371
1	5728
1	7515
1	8538
1	7860
1	7542
1	6034
1	7754
1	6143
1	9035
1	5491
0	2632
1	8847
1	8345
1	8107
1	8048
0	2352
1	6239
1	7368
1	4373
1	2704
1	3323
0	2281
1	5783
1	8646
1	4579
1	8077
1	8024
0	1615
1	8002
1	5703
1	3516
1	8069
1	4206
1	7149
1	4898
1	8065
1	8535
1	7724
1	8190
1	7556
1	6118
1	7400
1	6935
0	2838
1	6206
1	7667
1	8657
1	8533
1	7846
1	8589
1	7032
1	6686
1	7199
1	7409
1	7101
1	8240
1	6661
1	6968
1	7046
1	9017
1	7056
1	6014
1	3783
0	2926
1	8084
1	8831
1	8856
1	7067
1	6162
1	7487
1	4569
1	7539
1	8349
1	7722
1	7037
1	6967
1	6641
0	3254
1	6489
1	7871
1	5868
0	3213
0	2899
1	6881
