3579	149
6029	134
4937	1077
3520	817
5211	1085
5041	163
5473	750
5728	1753
4254	817
5760	550
3202	327
5448	535
4414	52
4952	691
3632	654
6968	82
4937	186
8288	379
4694	171
2464	1114
4298	542
4378	201
5125	238
3285	654
4151	364
4925	1003
3775	728
6396	238
5243	67
1915	22
2994	371
4539	490
2595	1723
3598	0
4235	431
5690	609
5547	2110
4037	609
5065	743
3395	386
5134	2095
4972	253
2779	30
3480	817
4821	906
3101	59
6838	6017
2460	163
4179	253
4486	186
5362	1590
3138	201
4708	7
5328	1085
3398	282
3813	758
2977	305
4445	30
5986	67
2201	30
4030	178
4743	327
2589	423
4883	1746
5326	238
4021	82
4019	1575
2170	490
3440	215
6513	787
3096	111
2456	475
4597	1300
1727	0
3223	37
4052	475
2766	97
3894	423
4454	1686
2678	59
2408	223
4352	171
3465	82
3999	327
5474	446
3053	134
5584	706
5917	7
3957	111
3176	765
3105	215
5149	743
4133	305
5666	1174
4049	869
6837	498
4801	379
4972	193
4621	713
5141	565
5381	59
4540	394
2468	178
4194	1538
2203	988
5984	1597
7647	6002
5451	7
4181	1107
5217	275
3624	1411
5642	0
2643	275
3670	215
8798	416
5346	45
3898	1590
2201	379
3854	149
3529	290
2211	30
9519	6738
4343	1293
6525	795
2957	37
3177	45
2786	468
2176	817
8899	2154
1932	981
4895	45
3770	453
3500	37
3726	178
5088	743
3702	1092
3793	379
2352	141
4310	215
6262	1493
3093	357
4753	639
4449	527
4271	1203
4216	319
5713	30
4006	67
6787	773
6912	111
4597	245
6575	572
2959	149
7330	1820
3476	126
6799	743
7140	1642
4960	706
4389	386
4717	30
5504	587
5844	1664
5211	0
4117	0
4106	134
4005	141
3487	527
3660	401
5819	1753
9912	9568
4511	1285
4235	409
4989	743
4074	253
3586	431
3739	327
3229	431
5782	1768
5994	669
3100	260
3897	297
4411	550
6004	342
7376	2860
4801	2006
6387	1107
6248	1761
3315	661
5166	1226
2956	111
4040	342
5526	609
5479	364
5765	1196
6431	1144
5771	572
4513	527
5182	676
5556	817
2989	7
3731	119
3144	215
4843	15
4455	409
4624	7
3788	587
5345	4643
4591	1077
4898	74
3821	238
4868	22
5550	305
6864	2013
4481	602
4485	1738
2798	319
3807	201
4697	2593
7527	1879
6977	2102
3891	275
4627	1092
3354	787
6692	1270
6268	535
6035	3127
5206	579
4772	579
5476	854
5617	995
7223	3291
3566	111
5974	1137
4832	520
4741	7
4337	461
5081	312
4177	45
5090	862
3646	728
6200	386
4913	1241
4607	290
4963	275
4066	609
4366	215
8245	5869
2264	617
3537	156
4719	230
666	379
3231	0
4638	349
2676	854
3226	208
3748	201
3134	490
4933	921
1481	275
4986	357
4941	646
4558	572
5653	2459
2043	1040
3982	602
3884	238
4509	1679
4000	193
8101	2466
5890	1463
4461	59
5460	1226
5586	2399
4358	59
4527	319
5659	810
2587	208
3774	82
6038	802
3112	379
2738	438
3831	134
5866	37
3090	483
2976	609
4361	97
6421	1954
4103	319
2136	1129
5161	297
3749	550
3043	215
3222	0
2847	1114
4361	2229
2454	706
2979	74
4475	215
1594	30
5230	2697
3060	156
3623	1189
6146	253
3730	1166
4958	1085
4548	1605
3442	319
5469	30
3318	171
5504	15
5599	230
3940	104
3675	973
3852	423
2608	706
3614	111
4421	1813
6446	1300
3089	349
3926	669
5160	706
4918	327
4630	475
2072	178
3659	743
4209	260
6528	2860
4935	342
4713	2459
3565	810
2309	0
3346	0
5552	1545
4200	74
4142	30
2833	349
2437	186
2981	238
3499	104
4369	201
6239	713
2795	319
4477	97
4831	0
6351	1070
4785	1404
3812	238
7226	431
7835	5430
4466	297
2979	253
3943	267
5022	37
4786	156
6042	572
5611	936
4518	1174
5741	1419
3236	126
5215	542
2209	163
3919	275
3579	513
3823	1775
3823	230
3989	327
5610	453
4961	1122
6119	565
3448	97
6850	654
3030	557
4166	253
4347	59
3395	238
7233	1047
3822	505
3764	245
3148	238
5971	1003
5968	639
3562	253
2474	59
3362	104
4490	149
6189	906
4478	416
2378	327
5206	342
4225	82
5492	423
3727	379
5065	0
6113	765
4757	1040
5765	943
4590	1070
2306	230
4047	929
3871	958
4296	126
2737	111
4771	15
3170	490
3459	461
4374	186
1644	67
1907	186
3856	1033
4642	1397
3737	490
3388	2043
5877	475
5598	698
4970	498
4609	59
5375	735
5131	505
4365	1166
4244	750
5839	82
4192	97
4302	386
5332	557
4150	201
4374	557
3893	817
3384	312
4038	981
8815	4123
4464	431
5232	609
2887	579
3049	319
5618	527
4703	594
3270	119
5710	899
3817	111
4063	149
4483	364
5279	104
3970	646
5482	22
4679	253
3586	30
2697	119
8204	2191
4792	891
6764	1367
5538	7
5972	490
4823	193
3551	520
2325	342
2600	0
6197	416
5992	1055
4164	587
3119	438
3377	45
3597	691
3836	193
1371	134
4282	379
4012	15
2716	735
3125	193
2374	238
5330	253
3371	45
3771	342
4829	765
4630	223
5356	1612
2614	163
4767	683
3899	327
3549	349
5186	594
1988	409
3668	193
6761	4078
2983	349
6474	3826
5239	1070
3368	802
5279	884
3155	193
3815	0
5258	201
6050	869
4276	119
6063	475
4334	59
3524	438
3795	713
4804	134
4633	587
5218	1293
3553	483
2618	334
3544	0
4343	119
5093	1545
5443	1850
5672	334
3002	364
3694	527
4749	1033
3982	0
3694	401
4416	936
5933	2474
3150	134
5166	713
5978	3439
1374	498
5380	617
3253	1731
4393	461
4450	97
5516	245
2338	171
3802	37
3858	624
3822	1203
4873	446
4132	557
3423	67
3621	297
5169	171
4515	869
2378	7
2130	260
5712	1627
2256	89
2993	981
4373	379
4834	735
3724	171
3636	193
4969	520
2387	483
3272	245
3210	305
4506	1605
2303	97
5828	1345
3999	505
3572	82
3824	1085
5681	7
4265	594
3692	7
3636	446
2257	126
7088	1894
4040	223
8956	416
5324	743
4635	104
4814	119
4466	126
2626	505
4549	728
3842	215
3287	1010
3236	156
3300	230
4812	1092
4923	149
3221	2147
4341	312
2611	119
2836	111
4900	0
4929	1367
4454	862
5028	59
4489	275
5082	1835
4476	52
5611	267
4789	297
4310	891
2945	149
3790	126
3315	193
3695	37
5351	0
4660	966
4586	527
2690	178
5869	624
2909	238
4809	981
2764	37
3775	37
1768	7
2895	728
6757	253
5228	30
3858	97
3474	275
4086	282
2412	914
4250	787
5447	713
3686	149
2379	59
3128	82
4568	1352
5207	2459
4914	520
4901	364
4994	453
6561	2429
3152	721
3633	1159
3930	119
3662	877
4690	520
3244	0
5364	453
2280	1077
5272	15
3074	0
3887	59
5020	631
4600	22
4315	342
6057	832
4684	15
3226	282
2832	163
5438	305
5333	1805
4644	15
2442	423
4339	134
2372	1293
1617	416
3586	7
2632	149
7773	37
4071	290
6084	1211
5273	639
4683	721
6973	639
3685	416
2760	30
7399	386
5081	654
6970	3417
5244	379
4590	22
2557	149
5112	483
3009	825
2445	0
6945	839
4851	97
6005	557
3068	780
3624	349
4073	119
1762	0
7255	3120
6003	728
3359	67
4117	758
5227	1114
5738	1508
3625	82
3592	7
5036	74
5198	683
4810	1612
6342	1879
4952	691
4451	787
3018	97
5042	104
2420	1441
7092	1389
4408	7
5187	37
3127	97
3939	67
4661	305
9075	2823
2941	111
4707	15
6229	1545
2462	37
4922	758
4715	186
4150	2035
3903	461
4596	156
3310	290
6082	186
4044	215
4003	1062
6430	1270
5716	319
2886	565
4618	45
5984	498
3789	676
5991	817
4771	208
6122	587
4495	357
4545	891
4819	1166
3005	97
4110	988
2582	275
4671	126
3448	45
4293	82
5438	1545
4471	4130
3056	59
8097	3157
3393	82
3088	275
3338	7
5417	2191
4673	215
4322	82
4077	2347
4510	1196
4998	483
2575	37
3244	245
3552	104
4896	706
2635	149
2392	275
5063	765
883	171
4463	416
3917	67
4515	186
5717	1553
4219	453
5627	193
3720	1523
4556	825
5485	624
3774	401
5617	3670
4833	22
5474	1634
4302	446
5032	461
2012	89
5228	847
3970	149
4485	1122
4076	15
3372	1649
7364	1917
3425	30
5175	1330
7640	3283
6263	795
2685	15
6191	1129
3527	423
4596	1174
4395	2942
5900	669
3973	490
3644	981
5747	163
5083	253
3763	297
3524	22
4189	141
5978	7
3545	1085
5568	728
4077	394
7882	2243
5405	30
2480	0
3743	0
4935	141
4877	1694
4212	52
3674	208
7340	758
4618	253
4156	958
3528	557
4842	1122
5047	1241
2235	7
7127	2964
5735	884
4236	104
3607	82
6357	1300
6534	1330
4821	617
2879	1619
4370	1255
4346	371
3157	624
4270	1144
4985	134
4755	1501
6071	208
5362	453
2505	683
4131	30
5399	2318
5369	579
5224	67
5236	149
6450	1181
2786	30
5019	646
4644	0
2612	453
4126	483
7770	1917
5605	305
3536	67
5936	89
4083	7
5703	215
5578	89
1521	134
5088	126
4653	59
3674	312
3492	30
2099	379
3298	862
3896	572
5612	312
3546	0
5982	0
4799	2258
3020	230
4567	602
5501	2667
3854	208
5133	423
3044	2013
3672	275
4386	82
5152	282
4666	914
5159	134
3335	230
6357	230
4536	111
6779	1827
2817	357
3887	431
4568	1486
3933	22
4345	126
1626	149
3833	15
4466	951
3983	847
4349	1018
4507	193
4396	371
5810	1842
5947	394
5467	45
5247	1411
5445	773
7048	1998
2819	22
3502	111
5553	178
4910	527
4997	371
5647	3179
4482	1270
3525	7
5509	1456
3466	82
8930	9405
2709	1144
4256	52
7552	721
4637	275
4151	1018
4153	609
7818	2927
6201	2392
4507	178
4111	37
3489	654
2772	74
3749	438
4096	7
4325	639
2111	780
4172	371
2963	409
4470	416
3664	431
4173	386
4819	97
4774	461
5795	319
3498	149
4571	52
1968	357
3459	260
5792	119
5802	1233
3872	267
2521	386
3455	74
4798	1716
4076	267
4917	1790
5542	319
6323	468
5496	1850
3846	1062
5159	453
2212	1129
4037	223
5325	943
4094	282
5317	988
4048	37
1865	654
3493	609
4872	617
5073	349
6290	1902
5061	966
3946	141
4446	1144
6367	513
4109	1337
5792	550
2593	238
3961	30
4536	215
4951	401
5552	1181
4806	2355
4238	208
4660	1137
2028	282
5149	2808
5845	223
4698	171
5462	409
6884	1159
3188	97
4811	319
4782	349
4815	178
3899	334
3758	1018
3410	74
2799	156
6119	713
6352	282
3161	208
5706	1330
2422	193
3482	97
5205	446
3776	312
5239	89
6658	74
4551	22
3250	1025
4071	423
3282	423
3959	371
5587	966
3518	30
3712	936
4321	163
4546	1233
5260	780
3724	1359
4361	1530
5712	966
3535	438
4841	104
3740	52
5472	245
3514	45
5465	134
4613	825
4513	59
2685	126
7823	3945
4033	163
9999	9999
4778	319
7183	2726
4763	178
4297	15
4232	67
6062	349
1626	126
5247	349
4829	45
5295	111
3196	15
4959	82
2224	0
5225	30
7722	3841
3652	178
8507	8937
4608	149
2315	371
3856	15
4495	1419
2925	119
3607	186
3768	186
2397	0
4056	691
6302	275
4454	1107
5053	2236
2485	0
3672	74
4396	1902
3457	520
4879	134
4171	1441
4050	631
5923	594
6016	2229
3197	97
3027	178
4365	936
4622	1352
2914	624
4418	565
5552	141
3616	1085
6795	2964
3516	342
4072	676
3330	253
3579	713
2319	951
3789	587
4681	825
4631	178
5031	290
3478	513
4562	52
4342	758
4069	646
2845	312
4362	453
2861	290
5163	319
4183	899
3102	253
3936	126
5065	3677
3464	0
2870	260
4823	683
2570	1077
4708	134
5565	513
5054	423
4704	490
4823	1961
4654	602
3414	52
5200	1404
4902	1018
5642	394
2522	691
4252	15
5307	1055
5293	201
3591	45
3735	1404
3365	37
4645	7
2178	260
4409	74
6455	156
3994	795
3168	223
7601	1255
8067	4925
5765	787
5004	74
3316	0
4899	624
5911	461
5382	30
3498	475
3776	2236
5278	1894
2812	394
6531	1768
0	104
7344	1278
2196	22
3291	617
3817	446
4691	795
5237	223
5312	1686
4456	357
5497	1731
3485	7
5270	89
4485	1449
3278	409
3015	713
3092	163
5864	1144
4830	394
3997	327
3704	520
4405	1322
5441	431
4917	1062
4517	1307
4402	1025
4809	877
5571	267
3250	134
3324	379
5559	780
2698	327
4168	891
5415	82
5564	178
3707	163
4243	126
3817	52
4770	156
2414	178
4556	2466
4433	89
2209	97
5703	572
2826	74
5217	238
3693	513
