5167	5698
3452	5305
4995	5794
5200	4198
4605	4528
3618	6699
6897	7279
1694	6944
5699	6057
7120	6972
4229	6842
5350	6606
5076	7508
3997	5877
4076	6263
5733	7346
6441	7342
4104	4290
4156	6567
3652	6638
4497	5463
4428	6102
5568	6156
3455	4980
3799	5974
3829	4872
3874	4985
1125	4849
5627	4973
3661	6957
5730	4513
3970	4169
3980	5662
3684	7151
7729	6245
5647	6224
5568	4275
6507	3738
5267	6614
6742	5906
3117	6263
4883	8811
4615	4878
3979	6158
3991	6316
3286	5953
1597	5352
4459	5942
5081	5701
371	5591
4606	5532
8571	6568
5484	6966
5847	6870
7546	6965
4567	5511
5053	7050
4638	5708
5022	6550
5649	6853
5308	4561
5689	6718
3844	7268
7800	5370
4551	6640
4754	6843
4196	6125
7643	6244
3429	5292
3733	6379
8608	5687
1316	5923
3463	8448
5053	6067
3837	4630
3992	5973
3517	5664
4897	6529
1499	5647
5810	6462
3702	4725
3898	6189
7688	6880
1043	6694
6390	7222
6136	7035
6317	6430
5823	7502
5394	6540
8809	5638
5062	4447
7763	6419
6908	5944
4603	7587
5641	8017
4887	5798
3607	6042
4005	5577
4688	6437
4116	5398
5363	7651
2955	5746
5867	6760
5366	6412
4967	6260
4803	6037
4222	5745
2930	5901
5135	5692
5595	5262
4085	9999
1121	6762
857	6062
4551	7553
4404	3785
4993	5550
5877	6857
4914	6480
3326	4892
4837	7070
5310	6093
5336	6595
1520	7070
4011	8382
5253	5959
5039	5132
3944	8018
4017	6228
3521	6312
4999	5647
6005	4881
5661	7979
5033	7511
4444	5240
4371	6860
4388	6900
2834	8801
4343	5513
4774	6031
2491	7222
7210	6849
4585	6335
3785	5116
4691	6985
7253	6061
827	6106
4530	6273
1402	5773
2265	6599
3031	6277
3741	6220
5706	8157
5931	8649
3873	8107
3805	7232
6818	7888
1518	6337
2822	6942
4911	7190
3303	3813
5378	6188
1247	8333
4632	5965
4467	5842
3423	5323
5470	7021
4854	6163
3896	6589
4355	5348
3767	4755
4128	5957
3339	7797
5679	5790
5148	5791
6960	6226
6454	4749
3818	6750
4696	5756
1190	6971
4797	6023
4957	6599
4325	7198
5138	5903
1361	6992
4154	5955
4538	6155
2647	5420
4533	6653
4666	5490
4817	7335
5222	6476
1093	6007
4307	6565
5277	0
6005	6753
3529	6431
3797	6528
4191	5593
8782	8275
6623	7011
3744	6041
5927	5890
5449	7023
4068	7111
3278	6696
5488	6655
9240	5735
4898	6335
5884	5921
4188	4515
9306	5388
4047	4916
4304	6091
696	5623
6673	6139
5140	7652
7364	6498
4125	7112
3520	5912
9336	5743
3602	5709
3980	6985
8283	7069
4260	5041
3518	6280
5365	7252
4218	5928
3584	6855
4249	6654
5506	5842
6220	6925
4785	5887
2173	5163
4666	6901
5187	4085
5948	5638
4024	7675
4841	5704
5079	6201
3533	6946
6904	5236
5811	5762
4211	5328
4883	5435
4930	4957
6391	6282
7064	5549
4741	4336
4971	6420
4643	7642
6711	6139
4110	4565
6072	4999
6856	5241
4090	7259
4623	4112
3406	6375
3392	6351
6442	6694
3767	5577
3482	5098
5088	7068
1550	7506
1237	5467
1866	5151
4847	4762
4255	5084
4704	7499
4325	5666
3449	7390
3284	4776
3656	7206
4971	6502
2681	5883
5077	6869
4215	8655
4545	5832
4857	6692
4765	6729
4755	5853
5772	6111
4935	6258
6022	7725
5132	6928
3915	6487
4593	7320
3240	6172
6682	7607
4782	6052
5380	6967
5111	5782
4902	4056
4600	6448
4995	7318
3960	5522
3915	6704
4334	6249
5357	6411
2854	6577
5675	5879
3055	6106
2072	6676
5238	6175
4139	7403
6991	6420
1950	7890
5646	7014
6095	6975
5645	6597
3034	8720
4053	6507
3994	6021
4857	6906
4987	6200
2279	6746
5427	4817
2684	3917
6184	6933
5072	7638
4164	5794
4442	5341
6008	5623
3666	4205
1876	6264
4345	6500
4385	6969
4248	6182
1659	6526
1533	5792
4020	4727
3705	6329
3358	5969
4317	7370
5671	6493
4404	5865
4694	5738
5449	7341
6274	6589
3609	6411
7981	5692
4188	6320
4781	6392
7147	6350
5190	7717
5000	6082
7184	4089
2836	6443
1747	5536
4424	5029
5135	5506
9402	7005
3601	6808
4844	5650
4762	3888
4332	6989
4043	5830
4524	6744
4467	6281
5659	4894
4240	6265
3589	5770
6536	5119
6230	6229
3762	5684
5504	6207
4290	7169
6059	6662
5588	5984
7320	5783
5609	5745
3719	6319
4943	4678
4844	6089
5276	7587
7358	3931
4214	6711
1430	5393
1164	5600
4483	6735
3401	6985
1765	6901
3274	4481
5999	5213
5828	7418
4281	5384
1146	6263
1416	8107
4312	7041
3379	6979
1970	6351
6200	6534
1286	5383
760	4916
4322	5382
4585	6812
2209	6600
3583	5972
6024	6067
4362	6318
3753	5493
3123	6725
4623	6535
9187	5187
3420	4472
3373	7470
4558	6754
4033	5168
4539	7164
3866	6132
2902	7145
3769	5709
1857	4923
4224	5775
5744	6913
781	7268
3899	7018
5413	7824
4135	5760
4868	6618
9999	7125
6946	5871
4117	4322
4683	5545
3988	6202
1112	5064
4752	7037
6278	6285
4156	5647
6564	5007
4626	6645
6006	4971
4139	6074
3015	6313
4049	5982
4730	5545
2965	7824
5685	5394
1003	6638
8649	5270
4555	4870
5078	6354
1746	7678
4413	6974
3069	5219
4352	5667
4210	4166
8153	5013
3028	5631
3727	6711
4572	6286
5156	5635
8574	6197
3713	6295
5619	4253
4838	6750
4034	7203
6317	6069
1683	5907
4198	7027
4819	5363
4399	8284
5230	5546
5109	6931
6106	6501
5895	5869
5083	6822
4424	6434
4607	7020
5325	6669
4134	6840
4767	6661
3368	6726
4052	7106
5035	7316
5577	5995
4294	6610
3272	5756
3897	6674
329	6148
3247	5803
4675	4820
2051	6646
5876	8316
4518	7448
7086	7307
2606	8106
4426	5335
4343	6721
4261	6715
4536	6605
6484	4264
5302	6333
4557	4200
3626	6376
5106	6222
4510	6274
1286	5777
4109	6682
4573	7208
4137	6759
5099	8095
0	7452
3031	6560
4014	5615
8233	6690
7699	6077
5995	6130
5371	6398
4382	6559
4808	6499
5948	6164
2699	5809
4968	6930
3354	3805
5701	5489
4126	7385
6473	7373
3568	7591
4753	7461
3671	5902
5557	7172
4553	8689
3681	7731
4040	6522
2884	6406
3652	7415
5067	6604
4282	5312
4696	5997
5563	3932
2977	7479
5932	6657
4811	6464
4412	6773
3121	4553
4534	5324
700	6683
5580	6860
6743	7823
6362	6010
4530	5432
4371	6913
4553	7070
5118	6256
5477	5551
9695	6421
3830	4870
2163	6063
2634	6777
4871	6723
5006	7451
5614	7004
6137	6914
3995	5928
1143	6574
4021	6798
4695	7380
4863	5891
4747	6734
5361	4711
5345	5352
4084	7092
3821	5980
5172	7939
5696	6238
4619	5878
4047	6535
4598	6116
4839	7239
4968	7231
5140	4460
4270	6103
3026	7351
4191	5069
4607	7856
3772	5737
5593	5653
4295	6601
5078	4062
4400	5422
3287	6853
4655	6672
789	5100
4722	6446
1963	5234
4088	5518
3960	6750
3746	5835
5002	6972
4553	4042
3294	2872
2936	6569
4112	6468
5028	7061
6086	6635
6231	6712
4657	6371
4366	6615
3792	6831
3845	6766
1196	6993
6127	6336
3835	7660
4580	7869
7087	7086
5108	8202
4475	5496
3906	6091
4966	7118
5222	8072
4494	5869
4766	6005
5790	5656
3597	5758
1914	5311
2117	6398
4603	5517
5904	7265
4494	4946
4802	5753
4036	7233
4221	7512
5942	6269
5108	4924
5302	5882
5700	5919
4860	6976
4236	4356
3624	3662
