3704	1
4537	1
3024	1
2946	2
4232	2
451	5
989	2
3795	1
632	2
3422	1
3911	1
991	1
1436	6
3896	2
2126	2
2077	2
254	1
1273	1
3499	1
3661	2
3122	2
2703	1
1141	5
4144	1
597	1
1520	2
1081	2
1138	2
2797	1
5366	2
5770	2
91	3
1260	2
2777	1
227	2
4889	2
5489	1
4694	1
3228	2
4368	2
739	2
4665	1
712	2
961	2
1737	3
3571	2
2613	2
2971	1
3248	2
56	3
2074	1
4385	2
2040	1
455	1
2284	3
2914	1
268	3
1150	3
1121	1
1876	1
1425	2
3454	1
2534	2
105	6
3582	1
706	2
2920	1
4066	7
2387	2
1058	1
4761	2
1019	1
5632	2
1219	1
2330	1
1923	2
1081	2
1290	3
3705	1
1115	2
3225	7
1554	7
736	3
2394	7
1394	2
3298	2
4042	2
2588	2
1341	7
183	1
3547	1
1813	1
313	3
1604	1
1476	1
2767	2
3340	1
466	3
2569	5
3406	7
1945	1
1435	2
6541	2
1361	2
1771	1
1499	1
2001	1
991	6
818	2
2201	1
763	6
3547	2
481	1
642	1
2332	1
5837	2
2200	2
4574	1
5503	1
2990	2
2431	2
2710	7
1434	1
4839	1
2141	3
1772	2
541	3
1227	2
3075	1
4771	7
1484	2
5561	2
2554	2
1478	7
5958	1
1035	6
1382	1
438	3
602	1
3188	1
1039	1
1601	2
2889	2
602	2
1420	2
4257	2
95	3
544	2
1755	2
3692	2
3967	2
2309	1
3068	1
1340	1
2641	2
4891	2
889	2
816	5
2734	2
1777	1
1012	2
1876	2
3827	2
1390	1
523	2
885	1
1545	7
1873	1
4582	1
830	1
2081	3
2453	2
604	2
3111	1
547	1
5379	2
1394	1
1117	2
5239	2
1515	2
4291	1
4127	1
1476	2
4460	2
1279	3
3556	2
4576	1
3027	2
1247	2
2016	2
607	1
2900	1
2019	3
1863	2
3820	1
1880	2
4007	1
2295	1
3052	2
3456	2
5296	1
5362	1
2919	1
459	1
1803	1
1699	2
882	6
2512	1
1390	1
3429	1
2877	1
2320	1
5367	2
1407	2
3481	1
3082	1
5020	5
1690	2
2226	6
2092	7
4189	2
3311	2
5809	2
728	2
66	3
2216	2
1489	1
908	2
1563	2
4400	1
4242	1
1269	1
1521	3
818	1
5599	2
2291	2
1819	2
3442	7
1960	3
1512	7
350	2
2306	2
4043	1
4383	7
849	1
1725	1
5755	2
1653	2
1261	3
3484	1
1407	2
2184	2
961	3
5455	1
3913	1
4143	1
740	2
696	1
4094	1
631	2
4727	2
496	3
3063	2
375	2
2602	7
2642	2
2542	7
388	2
1702	2
121	5
141	1
4231	2
1066	3
5876	1
1111	1
3883	1
3624	2
1115	1
1385	1
306	6
4898	2
1195	3
3889	2
4051	1
2658	1
6398	2
4831	2
1555	2
2346	1
4324	2
1081	2
3243	2
1170	2
5486	2
2400	1
1214	1
575	5
883	1
3647	1
1742	1
1101	3
226	2
6614	2
3434	2
3649	2
1335	2
3341	2
455	2
2235	6
2534	2
1490	1
3182	2
1100	3
2055	2
2392	1
1534	1
1588	2
2473	1
3862	2
857	2
389	3
3125	2
2909	1
3831	2
183	3
578	2
1899	2
1422	2
395	3
511	2
1042	3
4291	2
796	1
553	1
332	2
4565	2
5847	2
2362	2
889	2
4673	2
2967	2
3137	1
79	3
124	1
3660	1
1474	2
2903	1
5380	1
1091	3
2615	1
1805	1
248	2
2500	3
3682	2
3713	2
5492	2
3697	1
2745	1
682	3
3183	1
375	3
5103	2
1484	1
692	2
1201	7
1821	2
1755	2
2010	2
1392	1
1386	1
550	2
2641	1
2330	2
1837	7
2729	2
1162	1
4481	2
1036	6
248	5
1381	3
401	2
3950	7
846	1
2460	1
172	6
1935	2
963	1
6129	2
1902	5
5549	2
4793	2
163	6
5043	7
3334	7
779	2
661	2
2929	2
801	2
5235	1
1380	2
4465	1
2249	2
121	2
2432	3
709	6
272	2
2629	1
801	1
3998	1
2166	2
3366	1
1876	2
620	3
4106	2
1582	1
3327	2
1608	2
845	5
1201	2
3302	2
1333	1
846	1
835	5
770	2
3502	1
1281	2
1351	2
3379	1
3284	1
2560	2
1055	1
3449	1
213	3
5701	2
866	2
544	2
2134	1
2823	1
1011	6
3003	2
4805	1
1460	1
1095	6
4010	1
824	2
1278	1
571	2
3964	1
4368	2
830	1
3218	2
366	2
740	1
1836	2
2923	2
961	3
1058	1
79	2
629	3
3008	1
3008	2
226	3
3194	1
2265	5
353	2
227	2
1028	6
5597	1
3548	1
1095	2
696	3
331	1
2229	2
146	2
1669	1
3828	1
731	2
441	3
1113	5
466	6
1261	2
2903	2
3135	2
2847	1
421	3
388	2
3022	7
6133	2
857	2
862	2
4108	1
662	2
3781	2
1826	2
3037	1
4607	2
2293	1
5905	1
280	2
248	3
847	3
2696	1
924	2
2837	2
5898	2
756	2
1021	2
2221	2
1244	2
6517	2
1626	2
612	2
4985	5
1261	2
1015	5
5159	2
1350	1
1595	2
3121	2
243	1
1063	1
1119	2
1078	2
172	2
4080	2
637	2
3548	1
213	2
1514	1
1139	1
1690	2
645	2
5207	7
3486	1
2595	2
4591	1
4810	2
2839	2
3375	1
1952	1
79	4
5198	1
4918	1
2984	2
677	3
1248	2
1432	2
3547	2
1253	2
395	2
3665	1
1577	2
991	2
697	2
3522	2
1711	2
2532	2
3179	2
1385	1
310	6
4984	2
2141	1
1072	3
1489	2
2116	2
3960	1
1543	2
3624	2
5761	1
1886	2
2751	2
4319	2
1308	2
2099	2
3625	2
3626	1
2284	2
4914	2
3640	2
379	3
2609	2
5282	2
2052	2
1665	1
2391	2
2792	1
1435	2
1694	1
805	2
5262	2
2085	1
5525	2
66	2
3493	1
2220	2
1319	2
548	3
161	2
1796	2
2863	2
1446	1
2587	1
3217	1
6083	2
353	4
1862	2
2268	1
1413	1
1582	2
5423	2
4443	2
91	5
2581	2
1688	2
1687	2
4091	1
1502	1
5629	2
1377	2
1784	2
1045	1
1250	2
503	6
2977	1
3935	1
1007	1
2450	2
1944	5
5048	1
4326	1
1281	7
1925	2
968	1
2235	2
1501	2
3734	2
3013	1
2925	1
4578	2
306	2
1337	1
4077	2
98	3
2744	2
2581	2
2721	1
3366	1
5263	1
2629	1
1119	2
5448	1
429	1
4404	2
3536	2
2670	7
1768	2
6186	1
1086	2
885	1
1564	2
1309	2
1985	2
1220	2
3434	1
5626	2
968	1
1421	2
4184	2
5903	1
952	2
2177	2
2283	1
2212	2
938	2
56	3
1147	1
3293	2
882	1
468	2
4789	5
1761	2
2538	2
1087	2
5574	1
5512	2
3310	1
2847	1
4022	1
146	2
5331	1
302	1
3083	2
1263	2
3599	1
2013	2
4144	1
2242	3
4076	1
4849	2
845	7
756	1
2341	2
5806	2
753	2
1711	1
1674	1
1702	1
4819	2
1624	1
2952	1
2619	1
1531	1
883	7
5450	1
841	6
1923	1
5846	2
2785	1
417	2
1530	1
842	2
1736	2
3278	1
1802	1
4673	2
2341	2
3824	2
1246	1
1895	2
2249	2
736	2
512	5
2967	2
5546	1
3856	2
3834	2
295	6
146	1
2239	1
2142	2
2055	2
38	2
1777	1
2136	1
5321	2
3000	2
4239	2
2837	1
1260	2
816	1
2902	2
306	1
3061	1
1821	2
2239	2
1074	3
482	2
1436	2
4734	2
1232	1
2146	2
2069	7
1501	2
2314	3
306	1
5568	2
5658	2
1733	1
898	3
2734	2
937	1
3073	1
1036	2
3733	2
1652	1
2311	1
1294	3
353	1
1095	3
671	2
3264	1
3312	2
2666	2
905	1
5713	2
2168	7
1436	1
589	2
1380	3
805	2
4122	2
830	2
1381	2
2883	1
4897	1
2656	2
629	2
401	3
2181	2
1097	2
440	2
2261	1
1921	2
4732	1
873	2
607	2
3192	2
3825	2
1371	1
3520	2
2074	1
2949	1
3218	2
4366	1
2386	2
4354	1
459	3
2958	2
2710	1
841	3
3083	1
121	1
2975	2
512	2
968	1
3749	1
5211	1
2371	1
3644	2
2899	2
4790	2
4265	7
4742	2
1530	2
1810	1
2081	2
3405	1
2250	1
4430	2
512	2
271	2
2372	1
4371	1
2067	1
151	5
1489	7
2038	2
3661	1
2225	2
5023	1
736	1
3075	1
1025	3
2576	3
1111	2
1178	2
2350	2
2096	2
6147	2
2008	2
395	1
1355	2
1536	7
2763	2
6037	1
3904	2
1878	2
2902	1
4672	1
2071	2
1561	1
2226	2
1803	2
1549	2
589	1
540	2
371	1
1716	1
736	2
1231	1
2177	2
1571	1
4057	1
5463	2
2064	1
782	2
5084	1
2651	1
2106	2
401	2
1951	2
1563	2
5029	1
5338	1
4021	2
1336	1
4701	2
1735	2
4010	2
2234	6
5006	2
1541	2
3194	2
2695	2
903	2
5431	2
1638	3
5037	5
3342	2
2083	2
5681	1
524	4
5330	2
637	2
1283	2
4682	1
463	3
2481	2
3229	1
2083	2
2316	1
2554	1
1679	2
5885	1
2737	1
989	1
2234	2
1202	2
5679	1
5397	2
901	2
589	1
2422	1
768	1
1179	3
1171	2
183	5
696	2
3208	2
1878	1
1409	3
589	6
5519	1
211	1
3328	1
4557	1
2063	2
1924	2
1062	1
1577	6
968	2
958	2
1227	3
5016	1
333	2
3484	2
3089	2
5237	2
5614	1
974	2
575	2
1803	1
1644	2
3929	2
1151	2
2402	2
2473	2
595	4
1046	1
1028	1
1032	3
2210	2
3387	2
1595	2
682	2
3196	1
4570	1
2019	1
3437	1
2016	1
2135	1
2071	2
2327	1
524	2
3768	1
379	1
2468	1
656	1
2288	2
306	1
3285	1
1717	2
765	1
726	1
4362	1
1012	1
758	2
4619	2
2372	2
2371	2
2819	2
1457	2
2825	2
1487	2
4501	7
2810	1
361	1
1823	3
1863	2
3842	1
1476	2
1865	1
1329	3
3726	2
4449	2
1520	1
2797	2
1653	2
5971	2
1771	7
2772	2
2630	7
105	3
1899	2
4689	2
2008	2
2821	1
902	2
740	1
871	2
4901	2
3066	1
5219	2
870	2
5751	2
241	2
736	2
2431	1
1348	2
5523	2
421	5
4899	1
1237	1
3920	1
4068	2
1777	1
1339	2
843	2
1170	1
938	1
2110	2
1736	2
3951	1
1087	1
2044	2
1653	2
2071	6
353	2
2587	2
3115	1
468	1
3666	1
765	2
5368	2
1236	3
589	1
3012	1
2086	1
3687	1
664	3
5153	2
3883	2
1850	2
778	2
2333	1
5192	1
395	3
1367	6
763	2
3920	2
322	5
2119	1
163	2
950	2
3068	1
2595	1
2306	2
1120	2
3044	2
2413	2
392	2
928	1
294	2
213	2
5676	1
669	2
1783	2
2179	2
587	4
1347	2
1563	2
1831	2
2797	2
1702	2
4741	2
1545	2
5236	2
1178	2
1810	2
1117	3
1793	2
4648	5
1139	4
146	3
440	2
1644	2
1499	1
1253	2
728	1
1460	2
935	2
1918	2
1125	1
4509	2
2119	2
4269	7
1240	2
4802	1
4384	1
6187	2
2080	2
843	1
1651	2
3564	1
682	3
2168	2
1716	5
5494	1
2603	1
1426	1
2292	1
3753	2
1568	2
1	6
1032	2
1354	2
1563	1
1026	1
331	6
5542	2
908	1
4864	1
1886	3
172	3
1986	7
79	2
3578	2
1129	2
1737	2
2230	2
3860	1
5699	2
3194	1
821	1
2795	1
2898	7
2929	2
714	2
306	1
735	2
935	2
3450	1
955	2
3626	1
684	7
3651	1
3539	1
1595	2
1575	2
1863	2
1281	2
928	7
3561	2
388	2
2729	1
849	2
2145	7
5494	2
2913	2
5604	1
371	2
1586	2
1313	1
5753	2
713	7
3554	1
1616	1
2076	1
938	2
2415	2
721	3
645	1
1499	1
1765	2
964	1
6556	2
889	1
4824	1
1579	1
2966	2
1897	2
1938	1
6095	1
845	2
671	2
1214	1
2574	2
256	2
5849	2
3409	2
2244	1
2179	6
1	3
1232	2
1432	3
3542	1
1290	2
459	2
1211	3
5147	2
3372	2
2428	1
1095	3
4657	2
2498	1
542	1
889	2
2881	2
2610	1
1361	1
4762	2
3313	1
1930	2
417	2
79	1
2159	2
4060	2
1171	2
121	2
589	2
1329	2
3060	2
211	2
604	6
2714	2
4526	2
2451	2
1622	2
4265	1
5865	1
1144	3
1457	1
1604	1
2395	2
1394	1
1729	1
583	2
141	2
1754	1
2627	1
1100	2
295	5
1903	2
1554	2
607	2
968	1
3313	1
5355	1
1262	2
1550	2
4394	2
3200	2
2099	6
3458	1
2353	1
1363	2
961	2
1220	1
2643	2
3624	1
714	2
587	1
726	1
2113	7
1363	1
861	2
1972	2
1469	2
6078	1
2521	1
3003	1
6029	2
183	5
5988	2
2531	2
651	2
1605	2
1565	1
2881	1
2754	2
5240	1
4449	2
3321	2
1591	6
3624	2
183	2
459	2
417	2
5894	1
397	2
2647	1
2818	1
2261	2
408	6
4297	1
544	1
2695	2
2326	6
5070	1
4578	1
1105	2
679	6
3795	1
924	2
2963	2
1771	2
1537	3
1263	2
322	3
5210	2
1087	1
2955	2
1658	2
4134	1
1546	1
1492	3
578	3
2228	2
1575	1
2901	2
1528	2
1077	1
5626	2
2371	2
2822	2
2138	2
1623	1
121	3
4578	1
1502	2
379	3
3274	1
3388	1
1053	3
2158	2
3068	7
1063	2
965	1
2308	3
3494	1
1446	2
2215	1
1614	5
887	2
2119	1
4723	1
721	2
2524	1
578	1
3899	1
373	1
2018	1
1283	2
2448	2
2306	2
5996	1
2729	2
1560	2
849	3
4060	2
3008	2
2192	2
1044	2
5166	1
3424	1
4877	2
3405	2
2709	2
1716	1
1689	1
904	2
931	1
1396	1
1589	1
1021	3
541	3
1764	1
2267	2
1292	2
1129	2
2001	1
1299	3
3170	2
2201	1
1836	1
1324	2
4068	2
1653	1
3926	1
1011	1
620	1
1046	2
871	2
1761	2
553	1
2525	2
1299	2
977	2
1091	1
2016	1
2643	2
1308	1
1055	1
3048	2
703	2
3902	1
1011	2
3205	2
954	1
2052	1
846	2
1178	6
3572	2
1796	1
1319	2
437	1
5610	2
2077	2
2595	1
489	2
1747	1
2073	1
4522	1
1265	7
677	2
3017	2
38	2
642	2
1186	2
4090	1
779	2
1085	1
1587	2
5253	1
2842	1
2266	1
248	1
939	2
2283	1
4429	1
4801	1
836	1
1230	2
3580	1
1429	2
1185	4
266	5
1466	3
691	2
560	1
268	2
2956	2
3026	2
629	2
2356	2
4374	1
1180	2
3591	1
1180	2
1718	1
1155	5
701	2
1308	3
4926	1
1437	1
602	2
3462	1
3811	1
3112	1
1626	1
3124	1
3165	2
1130	2
414	3
901	2
1742	2
322	2
2788	7
1878	2
1392	2
4032	7
280	1
2077	2
1818	1
2347	1
2220	2
5232	2
1442	2
3939	2
1195	1
2051	2
5140	7
3613	2
662	6
4232	1
1689	2
2923	2
1972	2
3851	1
569	3
1072	1
1171	1
779	6
5158	1
2343	1
4511	1
5100	1
3833	1
776	3
5552	1
2072	2
3592	2
2135	2
3956	1
1494	2
5013	2
187	2
256	5
2036	1
5291	2
682	2
5531	1
1138	2
2258	7
3377	1
2249	1
3285	2
1988	2
1541	3
2077	1
667	2
4413	2
836	2
6102	2
1094	2
2060	7
702	3
1543	1
2477	7
2204	1
523	1
2662	1
1565	2
961	2
1389	2
3445	1
2101	1
1466	1
1028	2
669	2
3165	1
3114	2
395	1
632	2
3451	2
1061	2
2792	2
1279	2
199	6
6109	1
362	6
764	2
1081	1
2581	1
879	2
1267	2
2228	1
870	1
3359	1
5215	1
2792	1
1053	2
5181	2
696	3
2371	1
1766	2
350	3
1905	2
631	3
3674	1
2134	2
2239	2
1915	1
6320	2
898	1
924	4
1397	2
1703	1
2707	1
6123	1
6033	2
1419	2
3918	2
2293	2
1366	1
937	2
1525	1
5037	2
849	1
2118	2
3737	2
4321	2
2071	2
1716	2
1623	2
5413	2
589	2
2784	1
3434	1
1208	2
2629	1
1011	1
1501	2
1169	2
5370	2
1528	3
239	2
1053	1
1405	2
2687	1
1281	6
3115	1
1111	6
2444	2
1502	2
518	1
597	2
5928	2
901	2
1202	7
4640	2
2373	1
1609	1
5151	2
3304	7
3508	1
1240	1
5225	2
1206	6
1569	2
3434	2
2118	2
1536	2
5169	2
2454	1
3474	2
3671	2
986	2
2300	1
1674	2
1755	3
226	3
937	2
961	2
1426	1
306	3
243	2
2884	2
1622	1
2161	2
2092	2
1810	2
1195	1
1584	7
801	2
1396	3
1097	3
723	2
2108	2
2116	2
1120	2
712	3
3396	2
121	2
3573	7
3872	1
1501	1
181	2
714	1
782	1
1018	2
790	2
1549	1
897	2
961	2
1172	2
3333	1
3242	1
1503	2
1504	1
3416	2
1610	2
3798	2
2611	2
1328	2
1332	2
2305	1
615	6
4815	1
1166	1
2036	1
3424	2
1278	3
1377	3
1178	1
1247	2
958	2
560	6
1805	2
495	3
631	3
1356	1
1083	3
3087	2
3579	2
5210	2
1045	1
3022	2
4813	2
749	3
2434	2
1707	1
5750	2
3037	1
105	1
4610	2
1821	1
3419	2
1681	3
2923	2
2400	1
2713	1
3919	2
5659	1
5315	7
161	2
2372	2
4175	2
1987	1
1383	1
1160	1
2864	1
5140	7
873	2
964	1
4810	1
4210	1
2846	2
1434	1
2335	2
1412	2
1837	5
1046	2
3021	2
2338	2
4962	1
1272	1
664	2
124	6
2913	2
5870	2
1005	1
313	2
578	2
2498	3
3931	2
1715	2
481	2
1727	2
227	2
2924	2
3445	1
1051	2
1171	2
3908	2
310	6
4540	7
2068	2
1396	1
3547	2
778	2
613	2
4987	2
1554	2
2460	1
333	5
366	2
849	2
629	2
1435	1
2687	2
2243	2
4295	1
837	2
5415	1
268	2
6229	2
1621	2
3871	2
5371	1
3040	1
391	3
290	1
3044	7
3007	7
5729	2
1780	1
2271	2
1141	2
2213	2
2585	2
619	2
1695	7
5549	1
392	1
489	2
1143	2
1339	2
1936	2
630	2
786	3
3531	2
3041	1
1753	2
1675	2
5474	1
3029	2
1081	6
256	2
3152	1
1288	1
3208	2
1807	2
651	2
2018	2
2704	2
5794	1
1051	3
121	2
5675	1
5333	2
4028	2
2072	2
3981	2
1859	1
2239	1
1407	7
2589	2
2998	2
3122	2
1172	1
3060	2
1525	1
4490	2
417	1
1255	2
671	2
1139	2
1237	1
1628	1
5343	2
3410	2
1045	2
2376	1
1117	2
1707	2
3496	2
3002	2
523	1
6086	2
2353	1
1117	2
271	2
239	5
4292	1
2701	1
3508	2
5173	2
4351	1
3500	2
531	2
6075	2
5322	1
1436	1
1741	2
4337	1
3965	1
4910	1
3512	1
4184	1
5403	2
5745	1
468	6
1053	1
3401	2
2615	1
2029	5
1965	1
2081	6
2984	2
1421	1
4241	2
1571	1
655	3
1908	2
3066	2
632	3
5065	1
4083	1
3682	1
1918	2
294	5
853	1
1743	2
1204	1
6416	2
4645	2
1561	1
2402	1
2161	2
1003	2
3842	1
428	1
2243	2
1003	2
3915	1
2563	7
3421	1
5256	2
692	3
1568	3
882	2
362	2
1471	5
1446	1
5080	2
1267	2
2074	1
3843	2
604	2
1197	2
2984	2
1593	5
2391	2
1831	2
153	1
1384	4
3450	7
1236	1
1095	1
712	2
3582	2
3040	2
310	2
5318	2
3929	1
3724	1
3325	2
1225	2
2207	3
849	1
2603	1
5776	2
684	2
5890	2
4750	1
3096	1
709	3
4044	1
3581	1
1860	2
1455	2
629	3
3999	2
1729	1
924	2
3977	1
1963	1
1437	2
3153	2
2447	2
3980	1
745	3
3153	2
1745	1
1575	1
1981	1
4298	2
3438	1
1335	1
4198	2
3267	2
5698	1
937	3
2300	2
1066	1
5831	2
5601	2
1451	1
1309	2
1381	2
422	2
183	2
1363	1
5286	2
1976	1
508	2
362	3
2193	5
1802	1
3526	1
1331	2
913	3
2775	2
1452	2
2656	1
2018	1
669	2
5879	2
1281	2
1807	3
1119	2
1345	1
2321	1
1460	2
4970	2
421	1
2266	1
2060	1
1372	2
1725	1
284	1
589	1
808	2
306	6
1851	1
781	3
2446	1
1160	2
3697	1
272	3
3526	2
1250	1
5387	2
1929	1
1504	1
5689	2
3225	1
3221	2
1024	2
1558	1
218	1
5073	2
4927	2
1813	1
1262	7
3503	2
799	2
1162	2
4315	2
4963	1
379	2
2194	1
2172	1
2637	1
4473	1
4087	1
3030	1
1711	2
429	3
1943	2
1972	2
2081	2
2146	2
3349	2
3784	2
455	1
213	3
3132	1
5679	2
1784	1
1286	2
2548	2
95	6
514	3
779	2
3908	7
1561	1
5348	1
1879	2
2643	2
3582	1
5855	2
830	5
2864	1
2282	1
1471	2
3297	2
2133	1
3429	2
1495	2
1195	2
1880	1
1688	2
1273	3
943	6
2525	7
846	1
1895	1
1478	4
5972	2
812	3
692	2
5990	2
2822	2
1186	2
105	2
691	2
3966	1
3889	1
523	2
1950	2
602	2
2020	1
3460	2
5530	2
4428	1
5780	2
248	5
3285	1
1994	1
2040	1
1012	2
537	1
3878	2
2163	1
2366	1
537	2
1513	1
1025	2
813	2
2941	1
1144	1
1831	6
4899	1
1138	2
578	2
1621	2
3111	1
4910	1
205	3
1335	3
2215	1
2553	2
3007	1
4573	1
1670	6
3609	1
537	1
637	6
1474	1
5735	2
2187	2
2231	1
5338	2
301	4
781	3
885	1
1972	1
105	2
948	3
2708	1
3295	2
1626	3
4305	2
1095	1
5512	2
5263	2
1977	2
2335	1
2295	2
950	2
3044	2
3379	1
1219	3
831	2
1159	6
1266	2
1797	1
2278	5
1520	2
2647	2
2052	2
1906	1
5041	1
2883	2
2137	7
1171	2
1645	1
3541	2
4077	2
954	1
801	1
1460	2
1437	2
1494	2
540	2
2498	2
2658	2
1595	1
3969	1
227	1
2324	2
1381	2
1420	1
1605	3
4120	7
121	2
2060	1
986	3
1386	1
2076	7
5269	1
4144	2
2402	1
1880	1
706	1
121	1
3043	1
1592	3
2462	2
2810	2
1004	2
1394	1
607	3
4097	1
2592	2
1910	1
4440	2
2356	1
1035	3
4231	2
1367	4
5091	7
5923	1
4065	1
2393	2
1004	2
607	6
3755	7
656	1
783	2
4068	2
1790	1
602	6
4492	2
4202	1
331	2
3168	2
321	2
5904	2
3415	2
1261	2
1444	1
1626	2
1434	2
1422	1
3596	1
1623	1
1805	2
3884	2
6068	2
2265	1
3123	1
2186	1
846	1
1835	1
3372	1
5721	1
3514	2
3564	2
1405	2
3719	1
2387	2
2127	2
2453	1
2386	2
1702	1
6102	2
2485	1
4546	2
1351	2
3328	1
5415	2
1759	2
3340	1
3071	1
4110	1
277	6
1899	2
2524	2
2234	1
1974	1
1899	2
401	2
1442	2
3794	2
702	1
4163	2
481	3
3178	2
1791	1
1255	1
397	2
1313	2
3002	2
2491	1
2709	2
2234	2
1085	2
332	3
2191	2
904	3
5040	1
1777	1
857	6
3661	7
787	2
4227	1
205	3
248	1
3754	1
2311	1
1825	2
6227	2
379	1
2411	2
141	3
4086	1
1063	2
1354	2
524	2
4535	1
4470	1
2903	2
1381	2
697	2
266	2
2811	1
3584	2
3644	1
1138	2
3882	1
671	6
1683	2
121	2
2074	2
5742	1
6015	1
3452	1
730	2
2789	1
1817	7
3956	1
1363	2
2962	1
1985	2
808	2
1019	2
1314	7
2634	1
481	3
3692	7
2903	2
4017	2
4159	7
3965	1
4058	1
2799	2
846	2
1201	6
2193	1
1045	2
1205	2
3789	2
742	2
1267	4
1478	1
445	3
1810	1
5879	2
911	2
1262	3
1893	2
3754	7
4607	1
1085	1
1321	2
1429	2
2161	1
3973	2
2184	1
5023	2
4284	1
2252	2
2839	2
1289	2
1063	1
153	6
481	2
3721	1
996	3
4352	1
272	2
1404	1
2974	2
2745	2
1328	2
5796	2
1267	2
91	2
2882	2
2881	2
1411	2
455	2
6030	1
891	2
1244	6
1216	1
2598	3
1625	1
3022	1
2563	1
1021	2
3760	1
6267	1
4241	1
4277	2
1520	2
3779	1
5930	1
3989	1
2496	2
1743	2
6123	2
2995	2
1536	3
1561	2
4578	2
1951	1
1669	2
2237	3
440	3
3730	2
1635	1
5524	2
3678	1
5415	2
2406	2
3719	1
455	4
713	2
2171	2
948	2
5007	2
1367	1
1698	1
889	2
2672	1
1453	2
4131	2
563	2
3425	2
1002	3
213	1
1745	1
4130	7
4177	1
1777	2
5110	2
3547	1
1981	1
482	2
928	2
926	1
2359	2
634	3
1216	2
2551	1
161	3
738	2
1081	2
2281	2
721	6
3874	1
3769	2
2250	1
430	6
1429	3
2406	7
2579	2
866	6
3098	2
1227	2
736	2
1799	2
3008	2
2102	2
1072	5
2693	2
3476	1
1987	2
5285	2
2623	2
468	2
1286	2
1973	2
6311	2
417	2
928	3
846	5
770	2
121	1
524	1
2401	1
5233	2
4992	2
607	1
1593	2
4600	2
965	2
1390	2
4172	7
3853	2
2783	1
961	2
1442	2
4002	2
1890	2
1817	2
321	6
1159	2
2389	1
2051	1
5940	2
1944	1
2181	2
3176	2
2311	1
5431	2
5839	2
1541	3
820	5
2802	2
1233	1
361	6
5232	1
4417	1
1966	1
3218	1
1810	2
873	2
2911	2
3083	2
2634	2
1718	2
878	3
6688	2
1204	1
4773	2
3156	1
4750	2
5583	1
4184	1
1111	1
1205	1
1019	3
1368	2
1623	2
679	1
587	2
6123	2
2976	2
1208	2
1352	1
2984	1
696	1
1958	1
996	2
779	2
2409	1
3238	2
1759	1
3003	2
1478	2
181	2
4906	7
2975	2
1289	7
1641	3
816	2
2203	7
3581	1
1653	1
1678	7
2049	2
871	3
1165	1
2931	1
2212	1
3474	1
1441	2
544	6
31	3
2539	2
2261	3
1333	1
3133	2
3841	2
723	2
1109	5
2284	2
508	2
6175	2
4150	2
1626	2
736	6
1422	1
1993	1
1160	1
1434	2
2507	2
2732	1
1407	2
3231	1
2242	2
459	2
6181	2
887	1
95	2
4053	1
2525	1
2627	2
768	6
4410	2
5057	1
3641	2
1152	3
4248	1
913	2
2161	1
825	3
6023	2
5952	1
1005	2
634	7
3367	1
350	6
4512	1
2702	2
2060	1
4693	2
1593	2
571	6
503	6
241	3
787	2
1352	2
4725	2
2832	1
1340	3
3119	7
902	2
1405	2
2701	7
3115	2
38	2
5652	2
2993	2
765	2
1568	1
739	2
645	2
1775	1
1393	2
6037	2
1957	1
2467	2
6000	1
4525	1
2311	1
656	2
66	3
4108	1
1591	2
1153	1
2542	1
1805	2
4405	1
637	2
3178	2
4889	1
1713	1
2307	1
3151	2
721	2
4607	1
2222	2
1058	1
1888	2
1801	2
4615	1
2674	3
1051	3
4385	2
2924	2
3663	1
3611	2
5136	1
1690	1
1888	2
361	3
1098	2
105	5
1392	2
6068	2
4822	2
846	2
871	3
961	2
1046	6
404	2
2144	2
2440	2
882	2
790	1
3574	2
2365	1
489	6
2010	2
1838	1
2559	1
503	5
2083	1
1568	2
2144	1
3200	2
1729	1
796	2
2429	2
1776	1
4251	2
2224	1
671	2
1520	2
2941	2
2379	2
3152	2
4077	2
1821	1
3476	2
1757	7
5017	2
1498	1
1736	2
2688	2
5183	2
1055	1
750	1
187	1
5043	7
5804	1
2419	2
763	2
859	2
5960	1
4197	1
2483	1
2311	1
1102	1
1028	1
4807	2
1032	1
1609	6
537	1
2189	1
2230	5
5871	2
2011	3
4055	2
6277	2
4482	2
3123	1
4224	1
5301	1
1654	2
954	1
1746	3
4105	1
1644	2
1436	2
4933	1
481	2
4431	1
3521	1
1593	1
2014	1
991	5
703	2
1384	1
505	1
229	1
2457	1
1559	2
5720	2
5281	2
4418	2
968	3
161	3
1436	2
1474	1
1514	2
1248	1
2848	2
1095	2
4424	1
3699	2
4228	1
3070	2
2508	1
3284	1
1136	1
1603	1
3154	1
1288	2
1377	2
669	1
3543	1
3374	2
199	3
2074	6
1147	1
2795	1
2439	2
990	1
5868	2
4600	2
5046	2
1125	2
1113	3
2122	1
3352	2
1635	1
1713	2
95	1
1263	1
395	3
5724	2
3613	1
926	2
1342	1
4179	2
4771	2
4445	2
1347	1
3253	2
1303	2
2583	2
2536	2
5560	2
1002	2
1681	2
2068	1
2695	2
1955	1
5229	7
5220	1
903	2
266	2
3278	1
4336	1
4759	2
121	5
2052	1
2975	1
487	3
3391	2
1253	2
1286	2
2863	1
3527	1
679	1
3451	1
1571	2
3515	2
1011	2
931	2
2686	2
1959	1
1409	2
3762	7
2015	1
1801	2
5094	2
5552	1
3375	2
161	1
2068	2
347	2
1678	1
1103	3
1407	3
248	2
1	3
544	1
703	1
2024	1
211	2
2385	7
1466	1
2810	3
1718	7
820	6
679	1
2983	2
691	2
2835	5
3597	2
3248	2
553	1
280	2
1831	1
901	1
4412	1
6041	2
1182	3
2293	2
1313	7
629	2
445	3
1171	1
1125	5
2110	2
1204	1
512	1
4284	2
2732	2
1528	3
277	2
866	2
4855	2
1101	1
1621	2
4707	2
2402	1
913	2
2193	1
1987	6
578	2
4990	1
4051	2
3564	1
2496	1
3111	2
721	2
974	4
1710	2
2952	1
5360	2
1715	2
3729	2
2041	1
1319	1
2602	2
795	3
254	1
5597	2
589	3
1702	2
408	2
1124	6
332	6
2795	2
1384	2
91	1
524	4
5031	1
1233	3
4343	1
2052	2
3157	2
2863	1
931	3
146	3
2861	2
3061	7
4603	1
2815	2
4837	1
2292	2
1925	1
5499	1
961	2
782	1
2819	2
3111	2
1501	7
2931	1
1475	2
1055	2
5360	1
2148	2
1180	3
3616	1
4279	1
684	6
1376	1
1741	1
6049	2
3120	1
3439	1
2079	6
669	2
5314	1
2481	1
1826	5
1214	3
938	1
1377	2
5639	2
1117	3
1856	2
1292	2
2669	2
1004	1
3633	2
6081	2
648	2
5567	2
1885	2
1732	1
3886	1
2265	1
1071	6
2138	1
2350	7
523	3
2019	1
1689	2
655	6
843	3
6087	2
5085	1
897	3
6017	2
3225	1
91	2
548	1
121	3
1219	1
2043	6
2585	2
1161	1
272	2
1582	2
2912	1
2004	2
2373	2
696	1
5297	2
706	6
3278	1
294	3
2220	7
518	1
2487	1
3083	2
2818	6
1335	2
1287	1
5567	1
3789	2
1392	1
484	1
1036	3
1442	2
1503	2
361	3
1919	1
2889	2
4724	1
441	3
2993	7
758	2
2353	2
954	1
1681	1
714	1
445	6
2732	1
1696	2
1890	2
1743	1
1263	1
1016	2
1180	1
4217	1
3049	1
4393	2
965	2
1232	1
2438	2
2261	2
799	2
4240	1
2283	2
630	6
655	6
2581	1
2643	2
2744	2
4499	2
2093	2
495	2
895	3
2189	1
3002	1
5503	2
2105	1
3200	2
256	1
205	3
1352	2
2707	1
3727	2
6090	2
563	3
1394	2
280	6
1326	1
3902	2
5189	1
5759	1
3339	1
742	2
4511	2
1501	2
1028	2
256	2
965	6
2306	7
587	2
4759	2
2413	7
355	3
508	3
1437	1
3417	2
529	3
4336	1
1434	2
1777	2
1332	1
5625	2
4149	2
905	1
463	3
4445	2
2933	1
205	3
1205	1
3098	1
1084	1
306	2
105	1
4581	2
4056	2
414	1
331	3
4764	2
813	3
2118	6
5755	1
6070	1
2172	1
463	1
684	1
1117	2
5237	1
2008	1
1474	2
553	2
1231	1
764	2
979	2
5703	1
1048	1
2417	1
1138	1
1890	1
3551	1
3326	2
5914	2
2067	2
1291	1
3450	2
95	6
1035	1
2453	2
1681	1
2978	2
229	3
1413	2
5534	2
4511	1
1408	4
4296	2
248	2
1342	3
1757	2
1791	2
5921	2
3900	2
2589	2
2710	2
2671	2
1412	1
4464	1
1977	7
451	2
2913	3
1569	7
441	3
1171	1
366	3
671	2
2672	1
1136	2
587	2
1965	1
2119	1
1635	1
3187	1
1011	1
1568	2
1281	1
1662	2
3153	2
2498	2
662	6
3737	2
3719	1
2271	1
842	1
1649	2
422	2
1021	7
863	6
105	1
4328	1
3416	2
121	1
163	2
421	2
1385	2
3977	7
5426	2
3119	1
2658	1
1204	1
2831	2
829	2
1451	1
4923	1
1261	2
1742	2
2692	2
1442	2
1394	2
3363	1
2060	2
1464	2
1983	6
751	2
428	2
1514	1
3592	1
1761	2
1419	1
1485	2
347	3
1024	3
825	1
739	2
3495	1
4052	2
2391	2
239	6
4341	2
2205	2
3041	2
1831	2
5613	1
1441	2
1548	2
1303	1
4134	2
768	3
2453	1
1700	2
736	3
5656	2
1091	6
1231	2
1393	1
635	2
1171	2
3607	2
397	3
4543	1
883	2
4243	1
1569	2
3417	1
948	2
4985	2
1777	2
1126	1
489	2
1100	1
3900	2
505	1
5865	2
1376	2
1195	2
2883	1
2647	2
2967	2
1292	1
2373	2
630	4
284	6
714	2
1246	2
1355	3
3178	1
1582	2
1885	2
5583	2
1367	2
2077	1
2731	2
1435	1
1005	1
1269	1
1501	2
3474	2
993	1
619	3
1737	1
1205	2
3848	2
5653	2
5192	1
2109	1
2900	2
4321	2
2962	1
2398	1
1213	1
1202	3
321	2
1649	1
2093	2
1299	2
2256	1
3755	1
3946	2
1508	1
1329	3
1582	2
920	4
4299	1
2402	1
1471	2
1562	1
763	6
523	2
401	2
1171	2
933	2
714	3
3208	2
451	3
937	2
1694	1
1125	1
843	3
1275	1
4368	1
1871	2
664	2
631	2
2708	1
2972	2
1111	2
1363	2
1314	2
1394	2
3087	1
2033	1
1719	2
2989	1
6373	2
3749	2
626	1
3567	1
1797	1
2918	1
2496	2
2780	1
5745	2
3238	2
1119	1
1179	2
5086	2
1021	1
824	2
441	2
5357	2
4725	5
425	2
2952	2
931	2
2457	1
2018	5
1675	1
2882	2
891	2
1178	2
5119	2
5799	2
6035	2
445	3
878	6
1236	7
2089	3
5528	2
2337	2
972	2
1923	1
2984	1
2848	1
1492	3
1669	7
1748	7
313	3
1652	1
821	2
948	1
648	1
2198	1
5903	2
5354	2
4802	1
1601	1
375	6
1233	1
2958	1
2545	2
1842	2
1753	2
1386	2
1244	1
3428	2
736	2
2168	2
1591	1
2438	1
1968	1
1448	3
1136	1
2401	5
4310	1
1396	2
3166	1
1765	2
187	2
4653	1
489	2
1775	2
6147	2
1444	1
5882	1
5995	1
2832	2
1571	2
6139	2
481	3
2819	1
1018	2
3581	2
5932	2
2662	5
1528	1
2776	2
1903	2
4165	2
1351	2
1753	1
5466	1
1129	2
1396	2
1732	2
2288	5
1392	2
2067	1
5108	1
1072	1
322	3
1260	6
4150	2
1777	1
983	1
3241	1
2992	2
2643	2
4061	2
779	6
1893	6
4427	2
578	2
1005	6
5941	1
1885	1
3007	1
3532	2
163	3
2417	1
2601	2
997	2
205	3
1189	6
778	1
544	2
1221	1
1186	2
1413	1
1575	7
2552	1
1777	2
5402	2
1502	1
2544	1
2198	1
824	2
1850	2
2807	2
1291	1
379	1
3125	1
1727	5
3212	1
2547	2
2747	2
1914	2
883	2
2286	1
3221	2
756	6
2547	3
1737	1
4506	1
248	3
1685	3
883	1
2264	1
569	3
5269	2
2036	6
997	2
4214	1
2109	2
1966	7
3917	1
671	1
673	2
1929	1
1447	2
702	1
1729	2
1453	3
1560	2
1058	2
401	1
470	3
703	3
3363	2
146	3
2033	2
332	3
5705	1
1036	2
213	2
422	2
2998	1
2496	1
5042	2
4212	1
455	1
4243	2
1267	2
1208	1
770	2
3168	5
824	1
468	2
1695	2
1234	2
4300	2
674	2
4484	2
2660	2
4623	2
5047	1
1311	1
1761	1
1150	2
1579	2
2802	2
968	1
883	3
2525	1
2043	2
770	3
239	1
5787	2
3813	1
671	2
601	2
2744	2
2612	1
4550	1
241	3
1645	2
3210	2
205	5
1556	2
632	3
1335	5
2258	2
687	4
631	2
1053	2
811	1
1488	2
1382	2
1471	1
2473	1
2737	2
181	5
4596	1
3871	2
2204	1
2498	1
1358	7
2947	1
3387	2
4175	1
2842	2
512	2
1405	1
5044	1
1270	1
4108	2
763	1
3496	2
1974	3
1381	2
1303	1
650	6
3812	2
4309	2
3349	1
4060	2
3002	1
4554	1
2122	1
280	1
468	1
254	6
1527	1
1264	1
5102	2
714	1
227	1
3705	2
1811	2
3057	1
2114	1
4946	2
2127	1
664	2
1800	1
1414	2
931	2
1195	2
6836	2
3310	7
883	1
388	1
362	2
2307	2
1718	2
3003	1
1652	1
3211	2
4921	2
2965	1
712	2
2510	2
2895	2
1333	1
931	1
5616	1
1384	3
1501	2
2134	1
3589	2
6042	1
1972	2
1981	2
5503	2
3111	2
2460	2
2941	2
1826	1
3342	2
531	2
4906	1
1412	1
1394	2
1595	1
2161	2
321	3
5135	1
389	2
1254	1
2831	1
1905	2
1621	6
5434	2
898	2
736	3
451	3
1165	2
2993	2
5338	1
4313	2
3612	2
1042	1
1411	2
362	6
1227	1
1694	1
2557	2
3264	2
3930	1
3070	7
1478	2
2406	1
4916	1
2118	2
2239	1
2755	1
1025	2
1921	1
829	2
3107	7
105	2
1136	1
3421	1
1350	6
2439	2
674	5
1824	1
512	2
787	2
918	6
1489	3
846	2
5735	2
924	2
523	2
4872	2
1801	2
1259	7
1878	2
1519	1
524	3
3086	2
3730	2
2449	2
3033	2
977	2
3678	2
795	2
2329	1
1423	1
5563	2
2976	2
5587	2
2764	2
3756	1
333	3
3518	2
3253	1
3870	1
846	1
529	1
271	5
3690	1
508	2
5539	1
2395	1
5003	1
4972	2
2847	2
679	2
879	2
1166	2
1384	1
726	2
1783	2
1569	1
2491	2
2581	2
1530	1
1356	2
1402	2
958	3
1063	2
2359	1
1297	2
1625	2
5977	2
3302	2
2789	2
5521	1
4527	2
4171	1
1034	2
429	3
5037	1
5481	2
1244	1
4592	1
1783	7
2023	2
1619	1
3272	2
2715	1
1021	2
3033	1
1101	2
1813	2
4497	2
1081	3
6396	1
2216	1
857	1
4143	2
2929	1
502	2
1278	6
3503	1
2856	1
2172	6
2099	2
1184	2
1369	2
1262	6
3044	2
1861	1
3005	1
6059	2
3030	2
1377	1
1481	2
1289	1
1761	2
1138	2
1299	2
1407	1
3562	1
1737	2
2990	1
3231	1
723	2
2027	3
3815	1
5155	1
4166	2
2207	3
2761	2
3387	2
1925	2
1696	2
5492	2
2189	2
1741	1
121	3
1162	5
2914	2
1380	1
950	2
637	2
2153	1
2695	2
1515	3
2811	2
3171	1
4905	2
3832	2
313	2
2201	1
1171	2
301	2
5677	2
1411	2
2279	1
199	3
1819	1
901	2
1736	2
3562	7
816	2
1685	1
1943	3
2115	2
1225	2
1635	2
4125	1
1201	1
3056	2
3280	1
1619	1
239	3
964	2
1372	2
3366	2
2701	1
739	2
4050	2
1474	2
2940	7
290	2
790	3
512	2
682	2
2744	1
3990	2
4604	2
1159	2
1429	2
2717	7
2376	2
3593	2
5011	1
1973	1
4802	1
1546	1
5174	1
1267	2
3479	1
121	5
3038	2
2071	1
3198	1
991	2
3508	2
1899	2
1819	1
1492	1
4316	1
926	2
714	3
684	6
2144	2
901	2
3305	1
2799	1
2042	2
1385	6
1372	2
531	2
2039	2
4177	1
1707	1
3807	2
3928	2
2467	1
4548	1
5244	1
3633	1
1588	1
141	1
5930	2
1729	2
5198	2
4041	1
2158	1
1512	2
1141	2
4705	1
1290	2
2166	2
1861	1
2091	1
3225	1
569	6
2567	1
1890	2
3751	1
1341	2
913	2
4996	7
1208	2
3197	2
3450	1
1055	2
3209	1
1121	2
248	2
2592	7
331	2
3056	1
1058	3
1471	2
1591	6
1689	2
3661	1
4659	1
2410	1
2342	1
4010	1
1665	1
4972	1
5351	2
1195	1
3037	2
1621	5
2629	2
2060	2
5537	2
661	2
1711	2
2011	7
474	2
1527	2
1219	2
863	1
1236	2
2311	2
2501	1
2052	1
983	1
2378	1
1870	1
3673	1
2791	2
1253	2
3284	2
3827	2
2166	1
3586	2
1141	1
783	1
3655	2
5727	2
4881	1
1113	2
813	6
5345	1
2440	1
1201	2
4273	1
753	3
1515	1
1155	2
1579	2
2704	2
1169	2
1166	1
783	1
2268	2
863	2
2725	2
2538	1
4640	1
1652	2
468	3
965	1
2251	2
612	2
336	2
3851	2
5292	1
597	1
2827	2
4869	2
3414	2
5205	1
4434	1
1844	1
1263	6
5482	1
2632	1
1981	2
939	2
1340	2
597	2
2950	2
1325	2
2817	7
4845	1
2276	2
3564	2
1783	2
997	1
1032	1
2995	1
2737	2
837	4
1119	1
2048	1
1404	1
1261	2
4800	2
1916	2
2292	1
4640	1
466	1
4075	2
1244	4
3218	2
5959	2
542	2
1531	6
4010	1
239	3
1591	2
1478	1
4313	2
1601	1
2119	7
4136	1
4280	1
417	2
1485	2
587	2
2293	1
1737	2
1451	2
2067	1
1414	3
1850	2
254	3
629	1
968	2
6126	2
3492	2
3805	2
4277	1
911	6
3006	2
306	3
642	2
2449	2
1951	1
5166	2
1813	2
702	2
753	2
3362	1
239	2
1003	2
3889	2
1562	5
1435	2
1374	6
1036	3
2971	2
1606	3
2213	1
1584	2
3102	1
1077	2
1549	2
1247	2
4820	1
3294	2
2161	2
3103	1
503	1
2929	7
2253	1
1247	1
1039	2
4023	7
1408	3
1568	3
553	1
5882	1
2131	1
181	2
4731	1
1113	6
2962	2
2177	2
1380	2
2286	1
2887	2
2039	1
1159	3
1055	2
2850	2
1911	2
2427	2
2703	1
1383	2
924	2
2443	1
5571	2
3870	1
2410	2
1231	1
1890	1
2004	1
2542	1
2462	2
141	2
5955	2
2327	1
1860	2
2000	2
1299	2
271	2
2283	1
1970	2
1687	2
361	2
1303	2
2831	2
3075	2
1368	1
2775	1
2386	1
2205	1
1694	2
1742	2
1358	2
2852	1
667	2
2348	7
3178	1
3261	1
4169	2
1797	1
4323	1
3967	1
451	7
1712	6
227	3
6085	2
1002	2
968	2
3325	1
121	2
2467	5
2539	1
5152	2
3125	1
835	2
3857	1
4166	1
518	1
1801	2
2654	2
38	5
3121	2
2306	1
1170	2
1930	1
4072	1
1543	2
1965	1
5806	2
531	2
1997	2
2119	2
361	3
4989	1
5103	2
763	2
990	1
1061	2
1531	2
456	1
2568	2
5529	2
1621	2
692	1
1681	3
1484	1
1536	2
3399	1
3758	2
1113	2
1623	2
2500	2
5920	1
1005	2
4689	1
2383	2
1772	2
395	1
726	2
1180	2
1036	1
482	2
1372	1
1477	2
2450	2
3268	1
1413	3
4934	1
5617	1
2976	2
2161	1
935	1
574	2
1471	1
1261	2
4680	1
5700	2
4144	2
691	2
812	2
553	1
1501	1
2822	2
701	1
990	2
1385	1
421	1
2810	2
2012	2
2490	1
2249	3
1291	2
4199	1
4447	2
1936	1
905	1
3499	2
5677	1
496	2
2347	2
799	3
569	2
4508	1
968	3
1019	2
1893	1
4735	1
5917	2
1668	1
1732	1
831	1
979	1
1860	2
1269	1
266	5
211	2
3244	1
3919	1
3079	1
991	2
401	3
1831	1
2436	2
1367	2
2052	1
1035	1
1248	3
2081	2
4505	1
163	3
820	2
1178	2
5687	1
481	2
3163	1
563	2
1261	3
375	1
1113	2
763	5
1648	3
3071	2
2043	2
1605	1
6568	2
871	1
820	2
1414	2
1299	3
4633	2
1641	2
470	2
920	1
2293	2
2660	2
3726	2
2495	1
1342	1
948	7
5670	1
5110	2
2611	2
2267	2
268	3
1869	1
3583	2
4927	5
667	2
1231	1
1043	6
1011	1
1214	3
3212	1
1321	1
5010	1
3616	2
2373	7
3487	1
3744	2
1760	6
3908	2
1313	1
4266	1
463	2
1662	1
691	6
1058	2
1061	1
1361	2
141	3
1626	2
5762	1
4914	2
3092	1
897	1
445	2
4905	2
697	2
1950	2
560	1
1085	1
1261	1
2726	2
2881	7
3966	2
1201	1
5125	2
511	2
1376	2
2403	2
735	2
1303	7
1107	2
1144	1
5654	2
569	5
777	6
4586	2
1803	1
1303	2
674	2
531	2
1537	1
997	2
2837	2
692	1
3884	2
2380	2
361	2
1319	1
495	2
3221	1
645	1
795	1
2546	2
995	1
6152	1
2045	2
3002	1
2038	2
1621	2
1063	3
812	1
2732	1
2523	2
4564	1
1702	2
1963	2
895	1
2262	1
4324	1
1861	1
5911	2
1085	2
620	2
1091	1
1129	1
388	2
1609	1
5168	1
604	2
2049	1
1261	2
1626	2
3574	2
211	1
924	1
1051	3
4390	1
1650	2
3355	1
5737	1
1314	1
4114	2
2983	1
332	2
642	2
548	3
4465	2
3996	2
1713	2
795	2
4851	1
2281	2
3520	2
199	3
3241	2
3954	2
3131	2
2038	2
1930	1
799	3
6043	1
1447	2
2701	1
697	1
1688	1
1005	1
3759	1
3517	1
1019	2
2295	3
1850	3
1558	7
1420	2
5131	1
2941	1
2644	1
3046	3
5369	2
589	1
5800	1
1611	1
1392	2
5162	1
3252	1
2883	1
4171	2
482	1
153	2
2793	5
765	2
2073	2
2684	2
602	2
1269	3
1291	2
920	2
514	2
1525	2
1153	2
3325	1
1103	2
604	6
587	1
2902	2
2779	1
2311	1
777	6
3216	1
1231	2
1303	1
836	2
1945	2
353	3
1342	2
854	2
3747	2
2386	1
1356	4
961	3
2383	2
4324	2
1873	2
2295	1
786	2
1621	1
626	3
1033	1
3688	7
105	2
2827	1
1489	2
863	2
218	1
607	6
1983	1
4537	1
5010	7
2729	2
853	2
2777	2
3759	2
1153	1
5852	1
531	2
1361	2
5297	2
2012	1
4823	2
1943	2
845	1
342	3
2076	2
4077	1
95	5
1248	2
2896	1
1845	1
2347	2
820	1
661	3
5024	5
993	1
824	6
1918	2
1044	6
991	2
571	1
6600	2
1237	3
560	1
2618	7
3291	1
1768	1
3375	1
679	2
697	6
3060	2
1613	3
2107	3
121	2
979	3
5208	2
391	1
837	2
1660	7
5736	2
1351	2
3078	1
1058	1
5612	2
1729	2
5232	1
3607	1
5114	7
2851	2
2145	6
2552	3
2883	2
218	2
2984	1
1024	2
1036	2
1846	1
5954	1
4613	1
511	6
550	3
4026	1
2528	2
332	3
3797	1
5255	2
1916	1
1204	2
5437	2
684	2
1223	2
578	2
2286	2
1983	2
2484	2
2127	5
2643	1
3250	1
226	3
2670	1
1550	4
3722	2
3699	1
1442	1
1442	2
1787	2
2403	2
38	2
3486	2
459	1
853	2
6073	2
2282	1
1361	2
2682	1
1314	1
2610	2
6025	2
2582	1
1555	2
1921	2
5186	2
816	2
542	1
2115	2
1117	3
1732	7
481	3
2980	7
3515	1
897	2
1352	1
1562	1
964	1
445	3
4707	2
968	1
5020	1
342	2
2998	1
3774	2
4573	1
760	2
161	5
5409	7
2678	7
1271	1
1764	1
5583	2
1658	2
566	4
3035	3
4792	1
5954	1
3366	2
1541	2
4479	2
2744	1
422	2
1495	1
1138	1
361	6
4973	2
428	3
301	2
5687	1
4411	7
781	1
4141	2
4092	7
1244	1
905	1
1290	2
226	1
1826	2
2913	2
226	2
786	2
4307	1
569	3
3319	2
3399	1
4328	1
3358	2
883	2
1111	2
1819	2
830	3
5968	1
5922	2
2607	1
1554	1
2792	2
871	4
529	3
535	1
1177	3
1685	2
1746	1
2106	1
4298	2
4082	7
5064	2
3307	2
3906	1
1983	1
3512	2
3651	2
3285	1
4989	2
2514	2
295	2
3061	2
2134	1
1747	2
4206	2
1735	2
3820	2
2241	2
1186	1
4038	2
2912	2
5291	1
1943	2
2314	1
417	2
4341	1
4044	1
2142	1
1025	1
2323	2
1787	2
4244	2
5657	2
3198	1
684	2
1169	2
1713	1
2524	1
1759	1
3982	2
1442	1
4002	1
2767	2
795	1
3017	1
3166	2
3676	2
629	1
3151	2
669	3
1151	1
1589	2
4939	1
2159	2
3255	2
3026	2
2789	2
544	2
2674	2
508	3
3918	1
4290	2
1178	6
2428	3
847	2
421	2
482	1
1331	1
1083	2
1782	2
4925	2
3127	2
1275	1
1474	1
2732	2
765	2
1308	2
970	1
4923	2
2590	2
5294	1
153	2
4419	1
1944	1
1563	1
3593	2
3463	7
3108	7
523	6
870	2
6250	2
1903	2
379	3
4099	2
4536	1
5386	1
2192	2
562	3
1488	2
3922	2
3393	7
121	2
482	2
948	2
213	1
790	2
2387	1
572	2
1223	2
337	3
805	1
3549	1
931	2
3352	1
1951	2
1492	2
3517	2
2572	2
1444	1
2981	2
909	2
5754	1
2110	2
1416	6
1660	1
2127	1
1742	2
518	1
965	1
2606	2
1289	6
1261	2
958	2
2365	1
1085	2
1879	1
5804	1
626	1
452	1
2001	3
541	2
553	7
1117	1
1233	1
4717	1
2092	1
1527	2
602	3
2156	7
347	3
587	3
2223	1
2695	2
1801	2
1480	1
3589	2
463	2
438	2
362	1
3302	1
3181	2
3441	2
824	2
3769	2
5453	1
3917	1
1742	2
1945	1
1543	2
1121	1
1385	3
3155	2
1053	2
935	1
831	3
4770	1
5126	2
1102	1
2755	7
656	1
3596	2
3779	7
2221	1
5017	2
2410	1
2320	3
2158	2
5115	2
5371	2
95	3
1587	3
2055	1
1442	2
944	1
2881	2
1021	1
1992	1
1124	2
4548	2
866	2
1341	5
4263	1
3344	1
3377	1
1405	2
1078	3
3325	1
2710	2
1819	2
1412	1
4381	7
1743	1
4491	2
3302	2
1893	2
1579	1
4644	1
913	2
2049	1
4279	1
336	2
1148	2
3510	2
4238	2
740	1
495	1
3321	1
1232	1
1	6
3159	2
226	5
2078	2
6441	2
986	2
2764	2
66	3
1224	3
1892	2
870	3
4891	2
2523	7
1537	1
1143	2
480	2
1985	2
2330	1
1138	1
1026	2
1486	2
241	3
379	2
3739	1
105	5
2678	2
2455	1
98	5
2210	1
1232	2
1328	1
673	6
1520	2
2126	1
1260	1
1353	2
4674	2
1091	2
3325	2
2538	1
2814	7
1354	2
2044	2
3778	2
4673	2
2154	1
2838	1
913	2
1745	5
1394	2
2442	2
1698	2
482	3
3342	7
2736	1
502	2
575	3
871	2
5530	1
4999	1
3027	2
4484	1
1232	7
5565	2
6545	1
1214	1
1091	2
2234	1
2922	2
5834	2
4570	1
3061	1
1024	1
589	3
1795	7
950	2
211	1
