2175	0
3125	0
3078	0
4764	1
2046	0
3444	1
5515	0
4368	0
3933	0
3514	0
3558	0
3248	0
3976	0
7550	1
4772	0
2048	0
1804	0
2351	0
3702	0
3434	0
5326	0
4236	0
4592	0
4131	0
5111	0
5481	0
6656	0
5647	0
2784	0
2955	0
538	0
4637	0
2183	0
4373	0
5131	0
3614	0
4368	0
6207	1
3024	0
5249	1
2631	0
3528	0
1214	0
5568	0
4789	0
4221	0
2775	0
2744	0
3183	0
3394	0
5723	1
3096	0
3892	1
5158	0
7562	0
3374	0
6018	1
5137	0
4291	1
2569	0
3457	0
2910	0
4435	0
2376	0
4882	0
3597	0
3900	1
4119	0
4896	0
3203	0
3027	0
2339	0
1058	0
4427	0
3333	0
4325	0
3483	0
2688	0
3636	0
3268	0
3018	0
3338	1
3667	0
2589	0
2232	1
4218	1
5252	0
2832	1
3771	0
4722	0
5194	0
5148	0
6058	0
3767	0
2263	0
4151	0
5074	0
7017	0
2424	0
2922	0
3918	0
4319	0
6492	1
3407	0
4656	0
3134	0
6305	1
4121	0
2991	0
2575	0
2352	0
2631	0
6628	0
2801	0
3554	0
2390	0
448	0
3181	0
6668	0
5847	0
4067	0
2042	0
2777	0
1639	0
5510	0
1860	0
3403	0
5025	0
2526	0
5198	0
4543	0
6770	0
2950	0
4947	0
3324	0
2144	0
1705	0
4457	0
5681	0
4157	0
3789	0
1923	0
1494	1
3077	0
5105	0
3776	0
4722	0
3055	0
4854	1
2383	0
2600	0
1573	0
3599	0
2728	0
2384	0
4015	1
3264	0
3927	0
3949	0
4590	1
5959	0
2930	0
6146	0
2828	0
2759	0
4502	0
4432	0
5503	0
5294	0
1652	0
4827	0
2971	0
2872	0
4281	0
4773	0
2179	0
1329	0
9461	1
6260	0
5788	0
3557	0
3703	0
4677	0
4718	0
5854	1
7545	1
1130	0
3354	0
3265	0
4941	0
5988	1
4358	0
4077	0
5307	0
4372	0
1366	0
2414	0
2248	0
7295	0
2669	0
3037	0
2218	0
6834	1
2349	0
4844	0
3058	0
5322	0
3581	0
1693	0
6434	1
3546	0
3146	0
2376	0
5733	0
4419	0
2893	0
3078	0
3869	0
5113	0
4512	0
1770	0
2794	0
3274	0
6082	1
2550	0
4602	1
1407	0
4621	0
6957	1
5338	0
2756	0
5321	0
3588	1
2603	0
1354	1
5135	0
3198	0
3463	0
5038	0
4408	1
6138	1
3282	0
2261	0
8060	0
4613	0
2673	0
2526	0
5046	0
4223	0
7637	1
2683	0
7137	1
4190	0
2972	0
3533	0
2357	0
5588	0
4053	0
3853	1
7265	1
3675	0
3221	0
4904	0
3629	0
402	0
3100	0
2196	0
4058	0
3903	0
7608	1
3060	1
560	0
5344	0
2609	0
5503	0
3017	0
3695	0
2375	0
5190	0
5521	0
2415	0
3886	0
3652	0
3853	0
2450	0
4312	0
3644	0
2543	0
4747	0
7137	0
716	0
2867	0
4615	0
3007	0
3272	0
2484	0
3671	0
5282	0
4306	0
1402	0
3764	0
4729	0
4771	0
4718	0
5564	0
4032	0
2028	0
4729	0
5339	0
2508	0
2042	0
2433	0
3028	0
1421	0
4400	0
5115	0
6348	1
4322	1
3893	0
3575	1
8186	0
4484	0
3833	0
2544	0
3499	0
3309	0
5016	0
3896	0
2584	0
4400	0
3325	0
3345	0
2719	0
3408	0
3789	0
4625	0
3453	0
4500	0
3177	0
2264	0
2698	0
4162	1
3452	1
9995	0
2613	0
5583	0
2493	0
1425	1
6259	1
5289	1
4097	0
6239	1
4079	0
5181	0
5341	0
5197	0
5712	0
3420	0
3093	0
6738	0
3666	1
4897	0
4417	0
5314	0
6209	0
6196	0
3063	0
2635	0
2546	0
4746	0
3747	0
3223	0
4057	0
4236	0
5406	1
2310	0
3864	0
1968	0
4121	0
4164	0
3792	0
2547	0
4884	0
4777	0
3993	0
5062	0
3295	0
4244	0
4199	0
3962	0
1423	0
0	0
3924	0
5589	1
3861	0
4638	0
4800	0
6160	0
4446	0
2720	0
4081	0
6873	1
3592	0
1098	0
3474	0
3312	0
5147	0
4374	0
3402	0
5422	0
3816	0
2351	0
1201	0
4196	0
6946	0
3764	0
5112	0
3228	0
3324	1
3439	0
1975	0
5555	0
3099	0
5862	0
3120	1
2582	0
3686	0
5626	1
2198	0
2710	0
6846	0
2098	0
2474	0
7487	1
2284	0
2964	1
6096	1
4124	1
3476	0
2293	0
4846	0
2680	0
3622	0
4662	0
4515	0
4194	0
4995	0
2903	0
4510	0
4409	0
2226	0
5592	0
2945	0
2895	0
2836	0
2787	1
3915	1
3769	0
7397	0
1450	0
4842	0
4209	0
3059	0
4146	0
2148	0
5662	0
3461	0
6210	1
2900	0
5769	0
2993	0
4023	0
2544	0
2100	0
2409	0
6317	0
5473	0
1758	0
4620	0
4032	0
2076	0
3539	0
4142	0
6062	0
3947	0
6336	1
2687	0
3951	0
2312	0
6036	0
2355	0
2668	0
1071	0
3212	0
6286	0
2368	0
3157	0
3548	1
5387	0
4906	0
4536	0
3863	0
4130	0
4393	1
4429	1
2276	0
3322	0
4913	1
3203	0
2250	0
2674	0
2289	0
4051	0
2637	0
3881	0
6315	1
4376	0
1913	0
5087	0
4944	0
3654	0
4119	0
3950	0
2307	0
1973	0
4966	1
5570	0
5293	0
2650	0
2986	0
2269	0
1036	0
671	0
6065	0
3252	0
4713	0
4375	1
4437	0
2268	0
5398	0
1229	0
3940	0
3226	0
1772	0
3115	0
4193	0
1224	0
2746	0
3751	0
2972	0
4478	0
3435	0
3844	0
947	0
1644	0
5532	0
3294	0
4753	0
4824	0
2939	0
4329	0
2414	0
4682	0
3034	0
2589	0
9999	0
3615	0
2811	0
5066	0
5056	0
2466	0
1998	0
1953	0
6333	1
3726	0
5314	0
4843	0
4284	0
5203	0
2370	0
6386	0
4278	0
4492	0
6125	0
4074	0
5560	1
4290	0
2580	0
2511	0
2459	0
3755	0
3981	0
4833	0
6411	0
5842	0
1789	0
4286	0
6556	1
3703	0
3152	0
7823	0
3134	0
3452	0
2105	0
4949	0
4562	0
5695	0
4246	0
6936	0
1978	0
4956	0
4453	0
2341	0
4898	0
4978	0
5005	0
5439	0
3018	0
1884	0
3638	0
1771	0
3282	0
3889	0
7066	0
4320	0
3621	0
2727	0
4666	0
4134	0
3142	0
4850	0
4151	1
2774	0
2425	0
5271	1
3612	0
4108	0
5537	0
2464	0
4228	1
4875	0
5029	0
3459	0
6236	0
3387	0
3192	0
7041	0
5782	0
3463	0
4306	1
6595	0
2228	0
4961	0
3297	0
4573	0
2231	0
5279	1
2887	0
4916	0
3538	1
3119	0
5541	0
2841	0
4360	0
2092	0
4564	0
3458	1
5755	0
4362	0
4565	0
5365	0
3996	0
5776	0
4205	0
2950	0
2782	0
5155	0
4329	0
2230	0
1679	0
3791	1
3456	1
3204	1
3213	1
2034	0
1715	0
3631	0
4670	1
1803	0
8348	1
2700	0
4507	0
5527	0
1920	0
2179	0
5274	0
2863	0
3295	0
4960	0
3768	0
4985	0
4750	0
3549	0
2046	0
3514	0
3676	0
3546	0
4379	0
2980	0
2016	0
3967	0
3461	0
2286	0
2762	0
4575	0
3385	0
4572	0
2463	0
2046	0
3976	0
5824	1
6293	0
6603	0
5226	0
2955	0
3205	0
4495	0
5663	0
2153	0
5101	1
3764	0
4302	0
2978	1
4332	0
3330	0
4343	1
1509	0
5737	0
3851	0
5455	1
2282	0
5158	0
1538	0
2718	0
3271	1
5489	1
2712	0
3499	0
5176	0
4566	0
6016	0
1926	0
6135	0
2255	0
2614	0
3547	0
2100	0
5878	0
3066	0
2725	0
5998	0
4930	0
4513	0
1959	0
5998	0
6660	0
5121	0
6223	0
4293	0
2417	0
2881	0
3936	0
4008	0
3508	0
4031	0
5561	0
3969	0
4507	0
4250	0
4667	1
3564	1
5528	0
4194	1
4785	0
3090	0
2399	0
4591	1
4566	0
2757	0
5781	0
2766	1
2523	0
1763	0
5861	0
1884	0
5129	0
5190	1
5494	0
2348	0
3569	0
3065	0
4631	0
4846	0
3686	0
2452	0
5425	0
3228	0
2657	0
2792	0
3098	1
3640	0
4049	0
2534	0
4993	0
3222	0
3962	0
2027	0
2888	0
4145	0
5092	0
2475	0
4281	0
6916	1
4081	0
6609	0
4961	0
5962	1
4246	0
5794	0
3338	0
5950	0
3381	1
4325	0
2613	0
6625	0
3307	0
1219	0
4846	0
5263	0
4447	0
4486	0
4439	0
4620	0
3984	1
3384	0
3841	0
4224	0
3689	0
4895	1
4046	0
2058	0
3398	0
4931	0
2564	0
3644	0
2741	0
4708	0
5298	0
4813	0
3578	0
2022	0
1732	0
5914	0
4857	0
3082	0
2703	0
5078	1
5472	0
3162	1
2920	0
3176	0
3390	0
2410	0
4905	0
4789	1
3262	0
3103	0
4615	0
4779	0
4439	0
4294	0
4885	0
1300	0
4186	0
2983	0
561	0
4576	0
2098	0
3967	0
2798	0
5379	1
4081	0
4659	0
5767	0
2314	0
3491	0
4183	0
4539	0
955	0
3250	0
1519	0
4325	0
4362	0
6938	0
2547	0
6042	1
3692	0
5729	0
3571	1
2363	0
5385	0
3668	1
5560	1
4903	0
4003	0
6446	0
5243	0
4315	0
4281	0
5609	0
2985	0
2219	0
4887	0
6176	0
3982	0
2383	0
3597	0
5155	0
2726	0
5466	0
2902	0
4521	0
4335	0
6223	0
6530	0
4534	0
3913	0
4386	0
4715	0
6083	0
3362	0
4708	0
2511	0
2691	0
4523	0
3177	0
4323	0
1053	0
4578	0
4741	0
3645	0
3369	0
5161	0
3990	0
3003	0
3521	0
1173	0
7338	0
2495	0
5050	0
3274	1
1922	0
3279	0
5261	0
4198	0
3810	0
3068	0
4311	0
3986	0
4346	1
5028	1
7932	0
574	0
3420	0
3649	0
2298	0
3771	0
3385	0
7538	0
4836	0
2212	0
2738	0
2121	0
5781	0
4149	0
6297	0
2684	0
3056	0
5506	0
4319	0
3599	0
3848	0
3489	0
4149	0
4366	0
4218	1
2868	0
4518	0
3906	1
4073	0
1817	0
2354	0
1877	0
4718	0
3814	0
1370	0
4379	0
1353	0
2565	0
4175	0
3106	0
2073	0
7699	0
2414	0
3475	0
3928	0
5937	1
1961	0
6197	1
4248	0
4582	0
3982	0
8055	1
2934	0
4776	0
2414	0
2454	0
4721	0
2832	0
5551	0
3047	0
3403	0
4224	0
3677	0
5338	0
2555	0
6053	0
2591	0
6108	0
4816	0
2367	0
2299	0
3576	0
3084	0
2538	0
5129	0
4613	0
4704	1
3870	0
3484	0
2777	0
7665	0
2958	1
4521	0
2692	0
4582	0
4518	0
5063	0
3124	0
4028	0
5858	0
3907	0
5148	0
2811	0
1788	0
934	0
3035	0
4043	1
2365	0
3211	0
1564	0
4525	0
2539	0
3032	0
5636	0
3944	0
4141	0
2002	0
2870	0
4175	0
2603	0
4228	1
3870	0
4421	0
5241	0
3197	0
1772	0
5488	0
3772	0
6513	1
3585	1
6596	1
5113	0
5232	0
5791	1
2916	0
3487	0
5744	0
2953	0
5065	0
4194	0
7624	0
4610	0
1219	0
5160	0
1909	0
3590	0
2437	0
4195	0
4812	0
4551	0
3833	0
5256	0
3011	0
4429	0
3539	0
4041	0
2766	0
3564	0
2429	0
5493	0
4547	0
5340	1
3365	0
3080	0
4142	0
5109	0
2637	0
1968	1
3077	0
4078	0
3390	0
5431	1
3843	0
5174	0
2901	0
3284	0
4725	0
2414	0
4922	0
5272	0
2792	0
4307	0
3435	0
4075	0
7139	0
5824	0
4509	0
4459	0
3510	1
3711	0
5671	1
2923	0
2692	0
3366	0
3799	0
5504	0
5529	0
3492	0
4650	0
2424	1
3805	0
3795	0
5086	0
6251	1
1596	0
2809	0
2564	0
4150	0
3172	0
2632	0
2978	0
3926	0
2705	0
4974	0
2997	0
1512	0
3615	0
3105	0
2572	0
5677	0
4889	0
4042	0
2928	0
5752	0
6442	1
4715	0
4047	0
3299	0
5815	0
4292	0
5163	0
3564	0
4002	0
5048	0
3188	0
6228	0
3811	0
2855	0
3407	0
3143	0
3222	0
940	0
3489	0
5826	0
3076	0
4718	0
3396	1
4501	1
3769	0
6350	0
4268	0
6967	0
4129	0
1901	0
2070	1
2996	0
2894	0
4272	0
1964	0
4509	0
3334	0
2298	0
3337	0
3628	0
5213	0
3958	0
4012	0
4849	0
3204	0
5686	0
4963	0
6189	0
4088	0
3168	0
3441	1
4340	0
2786	0
3194	0
4610	0
2542	0
2234	0
1852	0
3812	0
4108	0
4047	0
3450	0
3102	0
7572	1
3153	0
3419	1
3449	0
4560	1
3752	0
6404	0
3854	0
2531	0
5537	0
3269	1
3204	0
7541	0
3715	0
5619	1
2959	1
3790	1
2693	1
4197	0
3632	0
3576	0
2967	0
3504	1
6362	0
3699	0
2918	0
3083	0
3851	0
4677	0
2242	0
6128	0
5378	0
5026	0
3605	0
2164	1
3759	0
4815	0
3698	0
3802	0
2494	0
5878	1
2974	1
2970	0
3403	0
2008	0
2040	0
3355	0
2561	0
5712	0
6680	1
1830	0
3174	0
2046	0
4859	0
6355	0
6362	0
4012	0
2630	1
3334	0
5249	0
5119	0
4162	0
3967	0
4600	0
3673	0
2955	0
3715	0
2105	0
3353	0
3559	0
3728	0
4145	0
5353	0
1789	0
4434	0
6207	1
3563	0
3316	0
2438	0
560	0
5254	0
2066	0
3552	0
6329	0
1376	0
3181	0
2587	0
3076	0
4921	0
2799	0
4763	0
3976	0
3954	0
4434	1
1714	0
4621	0
1397	0
2640	0
1385	0
5813	0
5276	0
3987	0
5801	0
3841	0
4120	1
4027	0
4233	0
2891	0
4174	1
3987	0
5903	0
3402	0
4789	0
2352	0
7694	0
2777	0
3657	0
4224	0
3292	0
4072	1
4447	1
4890	0
4038	0
3360	0
4997	0
6115	0
5785	0
3987	0
3123	0
5223	0
6223	0
4914	0
3529	0
5214	0
5083	0
2564	0
4037	0
5246	0
4300	1
1315	0
3936	0
4229	0
3757	0
5442	0
4441	0
4661	0
7821	1
8246	1
5932	0
1743	0
3860	0
2079	0
3200	0
3298	1
3449	0
2113	0
6176	1
5793	0
3910	0
6296	0
6799	0
4357	1
2232	0
2859	0
4486	0
4465	0
2055	0
4500	0
2749	0
1537	0
3849	0
3131	0
4161	0
2135	0
4988	0
4579	0
4345	0
5701	0
5265	0
6484	1
4819	0
2742	0
3463	0
4327	0
3170	0
5569	0
3690	0
3972	0
2005	0
3673	0
2834	0
3638	0
4743	1
4736	0
5017	0
4439	0
3721	0
4637	0
5202	1
4430	0
5154	0
1879	0
2481	0
3226	0
3380	0
5682	0
4704	0
1813	0
3846	0
5012	0
3779	1
4079	1
4571	0
3863	0
3852	0
5900	0
3121	0
1835	0
2490	0
2798	0
2193	0
4061	0
4633	0
4765	0
3673	0
3657	0
6143	0
4006	0
2766	0
4051	1
4240	0
4550	0
5520	0
5815	0
3730	0
6165	0
4056	0
5348	0
1559	0
3455	1
4088	0
2419	0
6371	0
1389	0
3519	0
4468	0
3216	1
4205	0
1718	0
5049	0
5719	0
3830	0
5651	0
1495	1
4388	0
4101	0
4380	0
6274	0
1785	0
3521	0
3825	1
4301	0
2185	0
4402	0
5545	0
3140	0
1017	0
5185	0
2106	0
2318	0
4388	0
3237	0
