7097	1524
8306	1850
7767	686
842	6313
8505	1103
8843	1890
9115	958
8582	915
9365	1785
9039	1743
8790	1978
9233	1578
7406	1979
9490	2053
8968	995
8139	2163
9184	2307
8753	1706
8982	1467
8562	2218
7122	1546
8219	416
7160	1174
8988	1155
8358	1962
8567	2349
966	7582
8406	1446
8850	2111
8754	1855
9294	2187
8823	879
9064	1526
9035	1007
7060	1653
6949	1765
7985	939
8535	589
951	5051
8879	1222
8804	1182
7502	1254
8891	1541
8075	2251
8980	1622
8802	2216
9287	1072
7099	1279
8223	1318
8759	2435
9239	1847
7766	1375
9343	1156
8355	978
6522	1777
7121	1418
8481	1104
8905	754
9533	2290
8483	249
7139	2283
1228	6825
8092	1092
8806	424
8842	1387
7789	777
7772	1431
9498	626
548	9999
6500	1086
8559	2229
8723	1260
8237	2412
8906	1738
8646	1757
9196	811
9098	1020
8371	1941
8525	1213
8285	510
7967	1494
8899	1324
8566	798
8621	2276
7877	1082
8638	2063
8236	1818
9219	2230
6855	1780
9182	901
8767	1517
9226	1058
9039	1299
8372	604
8905	910
8772	1719
9034	2342
8824	1004
8969	1553
8421	1034
8825	2350
8927	1294
9016	1921
8521	1570
7736	721
8870	1538
9215	1128
8557	1373
9036	1744
9358	1441
9413	1634
8449	2189
1001	6319
9117	1284
7918	1589
9182	1591
9608	1796
8540	2367
8812	1280
9291	1171
8919	1428
8991	487
9187	1318
7855	859
1051	5396
8809	1287
9019	885
9304	1595
8281	1858
9016	2215
9182	2036
9433	867
8733	944
8705	1790
9028	2389
8646	1231
9484	1754
9169	863
8781	2124
5346	2087
9021	981
8280	1368
8990	2184
8633	2051
8275	2131
8709	1552
8876	794
6720	1377
8432	1354
8079	1276
9552	1205
9127	1839
8746	2184
9057	1521
9342	909
1163	7494
8727	1069
8810	1528
8672	2251
864	5101
9217	1890
8888	1668
8701	1568
947	8255
8761	1688
9233	1578
9199	1591
7497	2186
895	5970
8954	1274
8480	2269
9077	2157
9162	1906
8827	847
6544	1660
8137	1537
8715	1845
9197	1489
8823	1540
7755	1333
8193	1912
8855	877
6601	1178
8716	1454
8657	2298
8848	1259
9434	2141
9222	1421
7863	410
980	5399
9200	1524
6489	1809
8467	1271
9046	1828
8589	2004
9080	1803
8913	999
9157	1289
7081	1294
8924	2301
8497	1284
9185	676
1169	9792
8768	683
9477	1309
8698	2125
8887	1127
416	6824
8805	1005
8823	1470
8792	1815
9133	0
8549	1018
9054	1515
8388	2124
8727	2320
9008	1767
8152	1579
8734	1435
9263	1058
8943	1556
7694	1083
9207	1525
8711	1233
8879	1330
8408	2082
8083	1311
8952	1039
7741	913
9277	954
9043	1481
8723	1886
8434	1826
9293	1197
8647	566
7256	1043
8797	1085
8059	915
8925	993
8730	1304
9200	1644
5705	681
8807	1835
6884	1632
854	6509
9017	2182
8770	1694
7622	2240
9019	2034
9325	577
9415	496
9583	1343
8742	1406
8280	1348
1034	6048
8286	1206
8958	2304
8824	2321
8943	914
8548	2074
8784	2150
8390	1236
8643	365
9628	2061
8795	2288
8296	1595
851	5525
9267	1589
968	6056
6364	2370
8663	1971
9079	1399
8891	1796
7132	1791
9251	2401
1092	6040
8271	881
8776	1356
8452	809
9678	1514
8690	1951
6074	1462
8616	1070
9208	844
9518	1740
9340	1901
9168	967
8607	1980
9081	1742
8780	788
8747	2057
9637	1453
8345	1159
7710	2031
9088	1731
8763	1842
8383	2015
9007	2358
7769	652
9026	1211
9220	2217
8415	2085
7537	2007
9837	1915
920	8089
8969	1701
8921	1704
9080	1410
9471	1854
8760	1280
8868	932
9298	2100
9340	1087
8217	2017
7627	1523
8371	735
9205	1622
8125	1234
9525	2317
7548	1648
8737	1689
9085	816
8796	1753
8565	2005
8686	1279
6835	2423
7219	1325
7606	1482
9113	1677
9044	933
8931	1050
8304	1612
8998	1058
8649	1423
8291	1250
8838	1289
9231	1016
8489	1514
7883	832
9191	1627
8840	2154
8289	1094
9319	2320
8348	1020
8260	1199
9069	1015
8914	930
9119	1687
9582	1804
943	6538
9087	2226
5842	2272
7635	2196
8640	850
1090	5693
7334	1857
8510	1388
5885	1550
8686	1981
1080	6200
9233	1942
7646	1326
1124	5863
1032	6444
8417	1421
7845	685
9383	1556
8650	1847
8661	526
8951	1497
8707	2075
9147	1868
8516	1186
8969	1539
8901	1155
9527	2165
9111	1492
7888	1210
423	6002
9531	1049
9232	1024
9565	824
9677	1024
9260	982
7511	1582
7340	1274
8889	1370
8437	568
8865	1380
8856	202
9325	1473
8843	1127
8389	997
6218	1075
8554	1159
9797	1382
8866	915
8865	1387
9283	984
8514	978
8540	1784
8840	1376
9233	1644
8054	1161
8706	1221
8565	1083
8284	1193
9104	1800
9433	1578
8908	1257
7985	1036
9245	1321
8586	667
8855	2463
7181	1213
6713	711
9559	2179
8204	2231
9137	1881
8302	1672
7539	2288
8542	954
9001	1635
8866	1076
9285	1120
573	6712
9474	1736
8678	808
8186	1681
8909	1756
8726	638
1029	5901
8874	1487
8506	2424
8908	1619
9691	2158
8691	1223
9268	1002
8931	937
8483	884
7253	1726
7848	1812
6733	1440
8726	2222
7634	1151
7702	1242
7779	1868
8939	1136
9220	1269
9335	1805
8818	1375
8886	1226
9256	1653
8251	1700
7423	1526
8619	1374
8891	1260
9158	2122
9298	2238
8035	1324
8579	872
9003	2194
1067	9285
9254	1451
8695	1810
8873	1231
8919	993
921	4899
8998	899
8675	1510
8593	1791
7062	1499
8940	959
8480	1798
8562	1712
8804	2062
9039	1948
9326	1372
9467	1688
8911	1359
1035	6203
8743	1568
8322	1850
8632	2059
8553	365
8632	1236
9079	2069
8756	1735
954	7978
8810	1569
8829	1487
9291	2231
8077	1480
8636	1406
6834	1605
8370	997
9256	2205
9503	1078
8800	1019
6287	1244
8598	1404
8860	1375
1061	7330
8442	2328
9170	2037
7789	1030
7559	1329
9414	2033
8947	1081
9059	2040
9373	779
9116	1263
9258	800
9557	1412
8921	1348
8748	1163
9136	2183
8011	1168
8829	1602
8849	477
8924	890
9426	1778
8771	2234
8751	2239
9099	1284
916	5931
9009	1313
8252	2270
8583	2025
9022	1771
9738	1666
8736	1113
7486	1880
7760	1047
9526	1388
8510	772
9282	1812
8637	1009
823	9559
8620	958
9010	1642
8515	1435
1043	5369
5891	1484
8746	1461
6989	864
9082	2105
8635	1699
8601	852
9102	1202
7472	1873
8618	1937
9089	1315
9198	1190
9022	1312
8311	1541
8623	1290
8406	898
8310	1074
9261	1999
8735	1362
7358	855
8162	702
8876	2161
8938	1371
6993	768
9076	1637
8246	698
9216	994
8964	1010
8705	1129
7922	1717
6410	1187
8257	1639
8630	2286
8146	1407
7053	2164
8692	1138
7082	1507
8881	2437
9999	2078
7168	1191
8708	1584
8986	1801
9403	2239
9192	1760
8886	2248
273	6342
8770	1737
7804	905
8955	576
7253	1311
9294	1690
8251	1273
9554	1598
9111	2250
7973	914
8709	2377
8919	1262
1031	6540
8480	2162
9423	1731
8904	1844
9504	1848
9140	1069
8305	1440
9229	792
8723	1415
8922	552
9133	785
8628	1303
8195	332
8565	2038
8681	2064
9209	2226
8895	772
8786	1801
8477	1708
7851	994
9434	807
8446	2340
9481	2073
7539	2190
761	6171
9027	1139
9448	2252
8606	790
8842	765
6270	714
8742	1422
7522	2415
8872	2025
8622	1618
8380	569
9248	1935
8302	1114
7827	1605
1154	9573
7664	1588
9038	2220
8045	1529
7974	2082
7907	983
7590	1752
9124	1888
8742	1922
8945	2284
7291	2092
9314	1375
7082	1297
8603	1583
8615	429
7797	1088
8651	1300
7391	1303
8330	2437
9251	1208
6158	1023
9181	2288
8076	2277
8546	1140
9339	2182
9123	1694
8877	1048
9580	1254
8487	933
8488	835
633	5689
9428	1610
907	6792
7418	1986
9032	1112
8762	1971
7301	2014
8607	514
7545	1796
8918	2039
8866	574
8324	1961
8920	2208
8683	1624
993	7988
9021	1718
8849	1336
7624	1968
8602	891
9439	1623
9000	998
8623	2173
9338	918
9302	729
8858	749
8981	2220
7629	1211
5678	1068
7604	2348
9069	1411
8549	993
9882	1211
9143	2192
8652	1033
9456	858
9414	820
9308	783
6023	1451
9210	419
9153	2245
8622	1437
9129	2301
9278	2121
8740	1878
8453	1496
7745	1761
8284	1088
8723	1643
8009	2272
9384	1833
9369	1695
8745	1604
9713	1037
9345	1213
9053	1740
9342	1079
8807	1532
8522	1363
8521	2041
8578	2132
6905	1398
9005	970
9141	922
8939	713
9208	1338
8349	1550
8570	1524
8805	713
7895	1627
8830	815
8305	1372
9329	1251
8979	917
8812	1406
9101	950
8883	1303
8759	2043
9392	999
7065	2244
9479	2187
9080	1263
8768	859
9013	1717
8564	961
7155	982
8283	917
8672	1934
8633	1369
8089	1349
8377	2436
8995	950
1157	5587
8943	1793
9092	1574
9672	1636
7035	1747
9274	1053
8678	781
8912	1588
8976	2155
8208	1674
8799	1300
9464	2111
9752	1925
5888	1330
7977	762
9358	728
9012	939
8544	730
8719	1180
9026	1921
0	7106
9589	867
8552	1945
8595	1846
1083	7665
8958	2331
9036	2295
7255	1755
8356	1519
8522	1047
8618	1144
8814	2056
9346	471
8834	1683
8842	1739
8647	2029
8375	1066
8519	2219
8599	1440
9309	2259
8251	2018
8225	1186
7325	1686
8584	1929
8617	2280
9067	1314
8301	1725
7816	1370
7805	848
8558	1569
1167	5428
9303	632
7635	1658
9037	1750
9257	2337
9058	1017
8678	962
8751	1138
8974	1912
723	7129
9670	1986
1024	6243
8665	957
7281	1255
8832	1264
8971	1457
8870	890
8768	698
8852	1386
8770	991
6697	1210
9391	1778
7944	1315
7597	2101
8590	1793
7850	1513
6709	1546
8778	1278
8096	1300
9284	1670
9229	1122
8813	2052
9593	1952
9217	2225
8112	1871
9050	2299
9065	1120
8593	2199
8302	1229
8938	1541
7231	2378
8574	463
7503	1360
703	5544
9217	1361
7655	745
9236	1305
9027	1601
8999	2066
897	5559
8889	1358
8880	2421
9045	1196
8871	1439
8663	1671
8714	1089
9105	1000
9395	2341
8364	1642
8226	1150
1118	7899
7897	1492
8617	848
8355	2290
6353	200
7667	1158
8894	1861
7636	1999
9236	544
1207	7030
8751	944
8495	1811
8676	709
8992	1949
8911	1641
9134	2443
6828	2214
8360	1087
8721	1353
7296	1212
9549	930
9117	2038
8905	2421
8428	1159
9437	1247
8185	1118
8100	2288
7633	757
9050	1498
8960	1533
9235	1991
8981	2216
8406	939
8384	1606
8695	1914
8408	2181
956	8887
9201	2250
7531	301
8518	1639
8473	496
8962	823
8668	1619
8304	1388
8440	1041
8527	2316
8941	1554
7396	870
8923	996
9326	663
8774	670
9373	1298
8684	1617
9052	1558
1089	4821
9371	873
9149	999
8825	1550
7561	1915
4370	999
8818	1001
9007	1204
8148	1834
8493	1277
8278	598
7809	2150
7687	1626
6863	1555
8619	939
7511	2110
8845	403
8675	1660
8496	2044
8916	1808
8654	2086
8848	2164
9008	2307
977	5780
9507	1230
9174	939
8872	1965
8002	1714
9134	647
8574	2286
9184	1991
9144	1398
7827	1565
8988	1894
9299	2246
9407	1143
8763	1255
8344	1450
8153	1536
6790	2303
7361	1448
9354	1660
8792	2268
9328	2221
8721	604
9088	963
8453	1505
8478	1107
6714	1059
9106	1744
8554	2062
8026	1316
7697	2369
8911	1659
9048	1124
7452	2068
8543	2312
1147	5779
8968	1609
7814	673
7244	837
8955	1271
8742	1293
7195	999
8560	1597
8535	1774
9380	2173
9318	1492
8789	1341
7417	1816
9006	1548
9541	2025
9095	1774
8765	2223
9121	2090
8576	1695
7309	1838
8691	2028
8738	1368
8409	1731
8975	1918
9082	673
8859	1849
8807	1978
8729	418
7550	1655
9048	1495
8605	1960
8704	759
8418	1272
8779	924
8077	1400
879	6770
7682	1559
9132	2289
7595	691
7169	755
9157	1226
9218	1525
7876	1758
9198	541
8935	2294
8716	1230
9095	1201
9274	2322
9209	2168
8486	1235
8955	2088
9224	1162
8977	895
9321	2046
8360	1307
8651	1842
8232	1609
9175	1588
8896	897
7738	1397
8729	1640
8950	2035
8771	1003
7165	495
8885	1948
9096	1959
8675	1838
8808	1598
9250	1437
9557	1208
9191	1285
9074	1214
9364	1482
9646	1562
