1737	5107
1632	3951
4307	6574
1040	7060
3656	5605
2434	3091
1800	6436
1987	4404
3349	5610
7552	6419
5459	7995
3155	4530
3142	4879
2113	5664
3590	4647
2946	6559
2258	5727
1715	4247
3157	5318
7527	8605
1861	4786
1931	6115
3034	2368
9147	7452
3074	9999
2421	5516
4883	3906
3060	2641
1987	5275
1542	3042
2629	1585
1945	5546
2260	4332
448	4992
4325	7300
1463	5446
1401	5309
4923	2314
1520	5734
3060	4281
3448	4508
3158	4886
4985	7250
1436	4659
4271	5135
3005	2276
1848	6247
1121	6043
2994	4151
950	4737
2010	5246
1601	5464
3258	6104
3977	5279
8494	5073
5095	1992
3147	4936
1218	3362
3374	9092
1221	5319
4033	5670
3406	5349
2191	2731
1448	4002
2992	5577
1983	5508
2107	8334
2589	7102
1681	6203
3564	4715
2131	6769
2669	3421
3361	5635
3222	5011
3075	4702
2800	8122
3658	1505
2071	5508
5412	7400
2137	6123
2928	4300
8615	5207
1650	5370
974	4917
5477	2031
1183	2308
6258	8700
2296	3808
1769	5289
5846	8259
1471	1553
3899	5134
1989	4460
5957	8296
2033	4841
2969	4834
1224	2813
1385	3237
5241	4583
4931	7995
5978	8508
1645	4456
4625	4537
1510	1706
3787	3686
3125	4082
2438	4035
3996	5250
2016	6232
2380	4532
3216	5554
1578	5285
1935	4538
1720	5151
2831	4915
1781	5176
6271	7440
3273	5203
2141	5110
2415	5783
3780	9173
4019	7665
3264	5131
2295	5592
1573	4549
5562	7577
7014	6707
3882	5440
4579	7506
1861	5166
2005	6349
1616	4956
2554	6440
2234	5758
3304	5932
2382	3890
1503	2147
2001	5201
3593	5077
3661	5787
3714	4919
3712	4901
2242	9151
461	3646
1675	4934
3185	4660
1492	5075
805	2822
2140	5092
5148	5426
1201	3693
1843	4644
6321	8565
1276	6370
1396	5092
2862	2504
3258	5399
2239	7137
2840	6071
2340	3756
2706	8617
2443	2632
3498	5943
3067	1414
1437	4709
6495	8452
3742	4738
1791	4970
1618	5573
1499	4271
2138	4888
1438	4840
1109	1283
1950	5063
2393	2476
3658	5415
7137	2075
1192	4915
1656	4061
9999	7840
2966	8223
1577	3112
1012	3752
4022	5500
4578	5733
2938	5197
9019	5250
1815	5452
2853	7077
1121	4731
2445	6311
3451	5640
1845	4968
3813	5175
1314	4350
3794	7669
1054	2657
3164	8946
1913	4173
3201	5417
2250	5874
972	2896
3790	4567
4841	850
1988	5122
2688	6697
3667	5810
1488	5325
3635	5712
5031	7549
2198	4364
1909	5670
1439	4952
1848	5852
2898	4225
1134	2924
1969	4433
2722	5119
2302	7608
1392	1008
2745	2462
5778	8171
3572	4979
3574	5634
6014	8798
2293	2927
2829	7414
3728	5299
5672	7477
5567	7843
3371	4882
3322	4185
7705	6581
1941	3805
1480	1967
1511	5581
3195	4533
4446	6276
2314	5478
2422	3592
3119	5828
2987	5042
1405	4832
2711	9200
1585	4816
2856	6704
519	1133
6221	8495
2021	6885
2299	4893
1598	5610
2678	3825
3028	1603
2047	5130
1319	5051
1279	3915
5470	8059
2709	3007
3056	9478
1017	2560
4770	7590
3914	8914
1508	3162
3183	5349
3108	5165
783	5646
2407	6256
1262	4010
5536	8321
7143	7048
2117	5254
927	1772
6697	2268
1385	5184
6086	7569
1178	4527
130	5192
6286	8674
2086	6111
1645	5794
3357	5098
2626	3981
2112	4607
1452	4597
8337	4745
2066	6624
1550	5055
3433	5317
2147	4625
7119	6952
1407	7063
1501	4620
942	4303
1032	4070
3359	4643
1986	5233
2544	4759
2698	1715
899	5499
3004	4035
2927	5769
1669	3671
2929	3996
1418	3190
3333	9292
3212	5153
7823	6149
2053	7566
2305	6739
2217	2788
3581	3613
3432	5873
2151	1268
2568	7229
2006	4517
3310	5389
2419	9449
3327	5004
8044	6361
2425	5018
2123	1106
1115	1847
6159	8461
1609	5110
1064	6081
1429	4573
1711	5551
3370	5353
5821	8751
5823	7890
2985	8157
1468	6515
1298	5356
6201	7192
3291	8362
1832	4889
2099	5613
3097	6170
2794	8904
1616	4034
3834	5067
3938	7495
1133	2478
1969	5406
5309	5902
2611	2636
3639	4983
1596	4150
3012	6853
2257	5483
3592	9228
2196	4716
3773	969
1855	5341
2265	2590
1983	4261
4878	7017
1788	4984
2686	3146
3270	5073
1363	5425
1375	3491
3465	5098
1796	3826
2134	3668
4206	4861
9349	6855
7035	6430
8564	5688
3337	5142
3759	9171
3065	4659
2360	6319
2172	1926
1652	5029
1373	5094
1698	2859
2531	7735
2524	4305
5497	8436
1918	6041
764	1797
1919	2414
2343	2475
3177	6252
2730	4366
3959	7988
1721	5789
3319	6870
2679	2501
9342	5832
811	5400
2251	4471
1458	4949
3442	4251
2968	5024
2641	8216
2322	8651
1632	2997
1030	5048
2783	3376
1836	3917
1965	3119
1734	5992
2100	5603
2047	5620
1998	6915
1637	4079
1574	4353
3393	5444
4524	6743
3551	8976
4106	8129
3711	4562
2529	5105
2139	5602
2779	9168
2753	5398
1791	2691
1477	5858
2055	4855
2149	4156
2632	5245
4392	4255
1748	6051
1382	5394
1513	4830
1454	4373
672	2139
2368	7763
1791	5454
1319	5070
1019	3863
2202	2307
2369	3819
2303	7386
1519	6126
3555	4178
5778	8222
1455	4796
1500	1282
2938	2524
3431	7924
830	5252
1706	6564
2154	4443
5532	8244
3935	3799
3725	5476
3734	4812
3296	4973
4856	3653
738	3798
2121	3733
3272	5336
3494	5526
4214	5658
1987	5115
8632	8732
2301	5130
2567	3709
2309	6282
3002	9528
3239	6262
2721	9570
2299	6057
4323	6866
1673	6208
2899	2176
3785	4538
2990	7717
3124	5089
1233	5033
2140	5387
3800	5841
1434	5452
2342	5008
4046	5295
3576	3971
1933	945
872	2012
5275	8341
1948	1612
3085	5144
839	2414
4631	7877
1374	5781
1223	6058
2469	6500
2656	2970
7960	7335
2027	4057
5740	8293
4223	6061
1861	4856
2530	5856
3908	5875
1211	4695
3816	8093
2279	4936
1061	4881
3545	4939
6705	5772
3737	4911
2285	5388
2681	5136
2262	7031
5378	8685
3781	4422
1549	4589
2221	4568
2056	6519
3053	3992
1539	4290
2405	5110
1091	1990
802	1697
1983	5009
1771	4870
400	3048
1042	5727
1881	4031
3294	4625
1171	5262
4725	5494
1779	4192
2201	4881
1561	4332
2226	5114
2576	3339
1916	4213
1558	2201
3260	8739
1948	2455
5953	6597
3474	5833
2298	4966
1304	1691
3309	5827
5729	8015
2231	6181
3110	5356
2445	5041
5777	6321
3287	5179
1618	2038
1659	6234
3172	4050
2568	6705
1111	5556
3231	5674
831	4938
5689	6064
1557	4074
3795	5706
1061	4385
4174	5891
2256	4443
717	2228
1969	4694
1288	5031
825	3412
3166	4975
2386	0
6408	8231
5866	7941
2055	5595
4079	5160
1449	4309
3216	4909
1829	5328
2416	2842
7012	8542
4765	2098
1580	4479
2447	4533
2184	5685
5712	7885
2485	2721
2678	2737
1287	5266
1569	4290
2785	9130
3326	4940
1498	4817
2143	4368
9180	8773
1585	4635
3761	4453
3573	5777
2538	6186
3947	7208
2504	3504
2265	7480
1397	4617
2001	2950
7038	5848
2394	2835
3474	5186
2047	592
2621	9060
3323	5478
1409	4785
2955	9566
753	1419
3660	3446
1863	4637
2142	7050
1671	5054
2256	3204
979	4902
2126	8751
2042	5702
3141	9321
1435	5800
3374	2261
3532	5214
1800	1711
1902	5071
644	1405
6674	8546
3118	8458
2079	5324
1573	2722
449	2352
5494	8564
4342	6067
2189	4140
2097	8083
2092	4843
3304	4552
1164	5081
1654	8097
2647	4743
3889	4510
2063	3620
3093	6980
2595	3674
1496	4488
1452	4409
5244	8068
2567	5241
6116	8228
1870	5559
6363	8666
1607	5526
3359	5493
3075	5656
9289	8420
1316	4985
1724	6017
1376	5566
5127	3901
2838	6548
3769	4457
2413	3478
1627	3282
2302	4434
1252	3813
4346	6410
3603	5347
1500	6279
1928	4089
3055	9469
1291	4348
1605	4480
1510	4054
1421	5780
162	3993
1917	4704
1592	5915
3462	4728
4255	5436
909	4743
1977	7104
3388	8284
2326	3744
1585	2968
6235	7192
2106	6015
2904	5391
3230	3374
6419	5066
1744	4675
3814	4654
4112	8885
1386	4194
6153	7748
5320	6929
1491	5416
5985	8099
3182	5734
1781	5705
2108	4254
2338	3174
6235	7793
3695	5219
2139	4817
6181	386
3575	5597
2515	6199
2105	5776
2051	4598
2046	5060
2886	5506
4866	1687
1721	4894
4717	6467
4572	6552
8751	5731
1788	5149
1721	3370
2501	2959
2815	5097
9792	7561
784	5247
1827	6893
2394	5285
3661	4751
1765	5010
3860	5281
1968	5263
3676	4789
642	4676
5794	8348
1887	5464
2097	4757
2694	3841
2279	5930
2075	6008
3124	4194
3839	4883
1985	6445
1558	3465
3698	5904
6416	8450
1503	6424
5992	7736
3484	7914
5265	8114
4849	8093
1654	6070
1752	3926
2345	6571
1199	6805
2452	2965
3638	5021
2799	2701
3707	5245
897	2710
2981	6432
1680	5411
1484	4373
2204	5310
2481	2340
3483	5652
2646	3811
3694	5772
6390	7916
5636	7749
3102	5233
5987	7622
4204	6859
1379	1284
1302	5144
0	2040
1996	5554
93	6900
2105	5922
1477	5335
1905	5297
3713	1455
755	5310
3828	5577
2403	2621
1425	5079
2200	5851
9251	8873
2029	3852
3652	5106
1874	5454
3492	5188
2190	9175
2259	5216
1860	3400
3199	5691
2871	7757
1274	4438
1712	5258
1483	4179
2061	4443
3101	5187
6042	7776
1490	6139
2722	4076
953	5323
5882	6753
1391	2170
4999	8573
2425	4201
4107	3024
5094	6821
1021	4688
6957	3143
2319	5164
945	3578
3843	5400
1755	4764
1875	4831
7136	8655
1053	2547
1942	5445
2381	5579
2648	4904
1861	5397
3522	4931
1957	5113
3068	5234
985	3174
5228	5863
1568	1250
1088	5998
2021	5443
3496	5427
2418	4656
2376	7382
3629	1059
1394	4396
1738	3246
2708	3067
676	5266
3274	4207
1830	4963
2690	9352
2556	9258
2072	7450
3777	4226
4295	6109
2091	6773
2446	3699
8666	6419
2157	4493
2541	4692
1614	5105
2648	5718
3106	2675
2834	8100
2349	2620
2503	5344
8070	5812
1746	5962
4420	1164
1226	4658
1409	4683
2467	5069
2915	5902
3726	4040
6368	4815
2328	4412
8082	2495
3554	5529
1180	6379
2068	6820
2180	5911
5652	7368
1824	5122
3683	5135
2351	5859
2570	5828
2260	6206
1442	4296
2883	5381
1463	4172
3438	5952
1230	2111
2127	6067
3286	7099
2552	5457
3695	4621
1541	6266
3913	4909
3314	5808
1569	4487
1311	4519
1266	5649
2609	7401
2494	5458
2330	2896
1472	4680
1885	4418
2742	6426
4211	5582
1788	6521
3931	5812
5853	8506
5690	8182
2013	4708
1384	5185
2144	5283
3062	5580
6477	8940
3458	5810
1947	7224
2389	4863
2275	4919
2118	5916
3498	4188
