20	253
30	195
30	1
25	40
30	248
24	1
10	190
38	238
36	1
20	1
36	1
29	1
30	244
20	256
1	1
20	1
36	187
36	254
1	164
38	1
1	1
12	1
36	1
11	254
20	109
20	107
30	154
1	50
39	1
29	1
33	48
20	1
1	1
20	220
29	256
10	256
38	1
1	254
20	1
20	163
36	30
1	1
29	1
36	1
1	1
10	1
31	1
30	1
30	1
30	49
33	255
39	215
29	191
1	210
1	256
1	234
29	255
30	32
1	171
30	253
30	1
1	137
31	255
15	122
39	193
30	1
30	1
20	20
30	1
20	254
30	240
29	1
1	246
20	1
6	1
33	254
6	1
39	198
36	240
38	254
38	39
1	216
20	122
29	254
30	237
1	1
20	246
1	85
12	156
20	16
36	254
30	38
30	1
36	1
30	64
39	10
20	1
10	101
12	151
1	254
30	1
20	241
38	254
10	1
10	107
30	254
29	8
39	255
36	1
30	13
30	86
34	92
11	1
38	255
36	254
20	1
31	1
31	73
1	1
33	224
7	1
33	1
36	254
34	1
1	1
30	1
1	29
20	254
34	9
33	117
29	4
33	73
20	252
10	186
39	1
33	244
10	4
20	129
33	67
30	86
39	1
20	61
1	210
13	187
10	1
9	30
1	1
20	1
29	1
30	1
29	236
16	1
36	21
12	1
20	22
30	1
30	253
29	1
39	1
30	20
29	7
38	1
20	1
12	17
36	1
14	59
31	1
1	1
1	21
36	41
36	102
30	1
36	1
5	1
1	1
12	49
25	229
31	254
10	28
33	121
36	255
23	110
33	151
1	218
1	1
34	254
30	1
36	79
38	209
10	216
1	254
36	1
16	182
30	1
36	245
37	1
10	1
6	1
33	1
36	1
36	1
20	256
20	1
33	209
36	1
39	132
1	141
18	4
33	256
30	74
30	164
20	1
30	255
31	254
29	254
1	1
30	64
1	202
20	209
20	254
36	107
1	239
12	65
30	1
10	1
36	1
20	1
39	3
39	1
30	254
30	1
1	253
29	1
31	1
36	253
36	165
30	255
10	209
11	1
20	1
6	1
10	1
30	1
26	10
13	255
25	1
36	255
30	65
38	253
30	151
36	232
1	1
7	13
1	1
23	1
12	57
34	256
1	8
1	1
7	1
13	255
10	254
39	5
33	33
10	1
36	1
33	49
20	1
12	255
12	1
1	255
20	241
20	23
29	1
29	147
17	1
38	256
10	1
13	253
12	256
33	254
30	170
1	1
30	1
33	1
31	128
10	1
30	1
7	1
23	255
10	90
29	1
20	4
30	1
30	74
30	172
39	11
29	255
1	254
1	254
10	1
34	1
20	234
30	254
20	1
2	1
38	254
30	17
32	1
31	255
20	236
6	1
11	1
36	163
10	1
20	224
30	254
10	73
38	229
24	1
20	256
12	1
1	1
12	217
33	1
38	1
1	27
16	77
6	1
1	162
13	241
33	40
36	120
10	1
10	199
38	252
18	254
36	1
36	254
29	1
39	123
20	1
33	137
36	136
36	1
36	221
38	1
10	254
30	199
20	1
34	254
13	1
20	117
10	255
33	1
30	255
1	1
33	2
36	154
33	20
20	1
33	1
39	203
10	1
36	253
13	246
39	1
29	153
36	1
10	43
20	1
20	1
1	128
36	1
20	1
33	1
30	184
29	179
39	1
29	58
36	254
36	1
29	1
31	205
10	112
20	97
12	43
34	1
12	256
18	1
10	1
38	1
1	255
27	113
30	216
36	1
31	23
33	254
36	1
20	237
33	1
20	29
6	39
29	62
36	51
20	124
9	71
29	1
11	1
33	1
1	43
13	1
30	1
30	128
29	255
17	100
13	131
34	157
30	1
33	71
16	254
39	44
36	1
29	254
36	1
17	1
30	15
30	167
11	248
1	254
36	218
39	255
36	253
36	253
8	105
36	254
39	1
31	252
33	1
10	249
20	4
10	1
12	1
20	1
31	1
17	252
30	1
36	146
20	256
1	1
34	192
12	1
8	1
30	252
10	255
10	23
20	1
20	30
33	234
10	58
38	1
17	255
20	1
29	254
36	253
31	1
36	1
30	14
29	254
10	1
29	245
38	171
7	1
12	129
13	9
39	1
24	253
23	1
11	253
1	249
30	1
12	254
10	1
30	253
36	254
30	254
31	232
29	242
30	253
30	253
10	1
33	239
1	1
1	1
36	226
20	1
38	132
36	162
1	1
16	1
36	1
30	14
10	245
15	89
30	1
10	255
10	199
29	1
20	246
20	160
16	255
39	1
31	215
30	52
39	1
25	1
10	255
20	102
30	1
18	1
30	254
36	254
30	14
33	14
36	1
1	1
30	36
36	255
7	123
29	253
12	1
11	253
13	18
34	1
39	254
1	1
31	253
13	6
12	1
36	51
33	254
1	1
39	1
10	140
36	1
1	104
7	1
12	162
36	3
39	253
36	1
36	1
31	254
29	88
29	82
1	252
20	1
30	1
30	1
12	1
29	1
33	1
29	1
36	1
7	122
13	1
10	254
29	196
29	1
36	1
20	255
30	184
34	253
16	17
20	235
39	1
29	254
12	255
20	254
20	255
30	254
30	252
30	253
1	251
10	1
29	251
29	254
20	12
10	7
7	1
10	254
34	37
33	1
33	1
20	130
5	1
34	124
22	13
20	9
20	1
39	1
33	206
33	1
5	66
16	1
10	1
13	1
30	255
1	1
24	1
12	1
1	1
29	254
36	1
38	40
20	1
30	1
20	1
10	1
30	1
20	39
30	1
29	226
1	1
31	117
30	1
39	253
12	164
33	254
29	1
30	1
10	254
36	1
20	1
30	1
30	1
10	123
12	19
30	13
34	1
20	22
12	254
22	56
24	1
20	41
29	1
36	1
30	130
13	1
38	1
30	1
10	52
30	118
30	1
6	1
12	1
31	15
31	254
36	237
33	239
1	1
31	1
24	1
13	1
39	254
36	226
29	1
20	1
38	100
10	1
11	1
20	7
36	171
12	243
33	212
15	1
1	1
1	143
38	239
30	253
6	1
20	1
36	51
1	248
20	3
16	1
36	1
20	1
31	17
34	254
32	1
30	254
8	1
1	4
1	13
12	253
5	171
34	1
12	1
34	1
9	156
10	253
13	218
20	254
10	1
36	1
20	1
10	242
10	1
29	227
29	1
30	33
16	137
24	1
34	95
10	254
33	1
1	1
12	1
20	98
24	152
16	254
38	1
29	48
36	254
21	1
10	63
29	253
1	11
29	52
1	255
39	236
1	1
20	1
17	1
16	255
10	1
10	1
29	1
33	64
12	255
12	1
1	1
12	1
30	1
30	74
20	1
20	51
36	254
1	1
10	140
10	255
10	254
10	1
1	182
10	175
20	253
20	1
20	1
20	82
20	117
22	50
34	215
34	10
30	237
29	1
20	153
33	1
1	1
38	70
12	202
1	1
1	42
10	1
10	191
1	1
30	254
38	254
20	254
38	182
33	17
31	1
30	255
20	115
30	113
36	1
29	1
30	1
38	234
12	1
31	1
38	237
20	252
33	215
20	169
30	254
30	1
36	1
33	1
20	253
20	1
36	1
11	1
36	146
20	11
36	125
30	1
1	254
20	253
2	254
10	20
33	1
30	222
31	138
10	255
38	1
10	216
12	1
20	1
11	1
16	1
33	221
18	1
20	1
39	1
33	1
12	19
10	1
36	1
29	1
39	234
17	1
10	255
29	97
30	1
13	1
36	1
30	18
1	1
39	90
20	240
8	170
15	1
33	61
20	123
30	254
1	166
38	1
36	1
29	1
34	254
20	253
29	254
1	226
36	1
20	254
36	131
29	256
36	1
38	254
10	1
30	1
23	119
1	254
6	1
11	24
20	234
17	151
30	63
16	1
15	3
39	255
30	1
30	253
10	1
32	254
20	1
20	58
30	1
39	1
20	254
20	205
33	1
20	254
6	1
13	243
8	189
13	32
30	160
29	160
36	15
13	1
33	9
20	238
39	1
6	177
30	52
29	245
10	1
30	255
36	1
20	1
7	50
6	241
36	18
33	227
18	1
20	1
36	256
30	108
16	1
33	1
1	202
39	1
12	256
1	256
20	1
1	1
1	82
39	1
29	251
33	254
36	109
1	235
30	1
20	179
36	253
34	1
10	41
31	52
1	1
24	107
33	1
29	1
30	1
30	1
10	254
1	9
30	224
29	117
20	254
23	68
33	1
30	1
1	253
1	25
20	240
10	254
36	1
29	256
10	71
30	21
33	223
34	223
36	1
20	1
29	1
10	11
11	1
10	253
10	87
12	229
10	1
10	1
10	1
36	1
30	38
29	233
21	1
12	1
20	254
34	1
33	240
1	254
17	65
20	254
30	1
10	237
20	3
36	1
20	121
23	238
10	196
30	1
16	1
30	246
30	1
34	1
31	255
24	13
1	169
13	1
39	57
36	1
10	238
20	96
16	254
1	1
36	1
20	1
20	254
29	132
30	255
13	252
31	136
31	56
20	191
20	1
10	10
20	1
20	103
29	124
1	1
33	11
22	169
12	222
11	237
36	8
33	208
20	254
20	227
12	254
10	97
10	3
12	255
36	254
12	1
7	1
13	1
24	253
1	20
36	229
1	1
20	1
20	25
30	248
12	1
30	88
10	254
11	1
29	146
20	83
36	9
10	10
10	1
36	1
33	1
33	180
10	1
36	12
1	1
10	155
1	33
16	59
36	1
36	254
20	34
1	255
36	18
39	117
1	30
34	254
5	1
29	254
23	161
38	1
30	126
36	1
1	88
30	1
36	1
7	1
36	1
33	255
30	1
39	87
13	222
29	110
10	1
10	58
4	1
34	254
10	1
12	254
20	243
10	1
5	255
20	160
29	96
20	1
38	1
1	1
20	1
20	1
20	138
31	256
30	153
29	206
30	1
20	254
23	83
30	100
36	196
33	255
1	1
29	254
18	198
10	254
31	1
20	1
12	245
34	146
30	1
10	1
24	1
30	18
36	253
20	1
36	1
34	24
36	1
30	1
29	1
30	1
36	1
36	1
6	255
20	1
12	17
10	78
36	79
36	254
29	1
12	1
39	254
33	114
20	100
24	1
29	214
12	1
20	18
20	254
29	142
1	90
38	1
1	1
12	255
13	210
13	1
20	71
1	122
29	130
39	42
20	246
1	49
30	1
39	254
33	254
30	1
1	1
24	96
36	8
39	1
1	1
20	1
29	1
38	255
10	255
36	1
12	1
30	247
29	1
30	1
13	1
10	254
19	1
32	97
17	124
39	255
36	1
11	1
30	1
33	254
30	1
34	220
30	121
16	167
36	210
33	227
29	16
18	1
33	42
38	214
21	95
30	254
20	253
29	1
30	134
10	169
20	1
20	1
31	26
30	253
30	1
23	65
39	26
1	39
12	104
30	1
34	1
30	255
20	19
36	1
12	1
10	177
1	1
20	214
36	247
30	254
39	1
39	217
36	227
36	1
11	250
13	1
1	205
36	1
30	256
30	245
31	200
36	216
39	1
12	251
20	1
36	253
16	1
5	1
12	1
31	1
33	115
31	54
36	27
36	254
24	255
29	1
1	1
21	114
10	241
33	58
36	39
20	1
10	253
24	1
30	254
39	253
30	1
20	196
1	48
1	256
33	3
10	1
30	1
5	1
30	1
36	87
36	1
20	255
30	255
6	1
11	1
29	1
10	15
21	254
30	253
29	253
20	1
33	178
18	34
20	1
36	1
29	29
1	170
10	1
36	253
20	87
30	1
30	147
33	227
33	253
20	1
30	29
29	255
20	1
20	1
10	1
13	1
39	209
33	1
15	1
33	1
10	1
15	253
36	1
1	1
34	1
33	256
20	1
1	1
36	254
30	1
36	244
30	253
33	1
38	1
10	1
29	31
16	1
1	129
29	1
1	1
21	1
39	1
33	1
1	1
20	171
16	234
20	128
12	255
20	1
30	216
10	11
38	235
36	254
1	1
1	230
30	1
12	253
36	171
20	254
20	253
29	37
20	115
39	1
36	171
39	104
20	256
20	1
24	149
13	9
1	1
17	254
12	1
30	49
10	1
29	1
30	1
13	1
12	200
1	255
6	235
11	1
17	201
29	253
1	169
31	64
16	142
10	242
10	1
1	253
30	1
16	90
38	1
36	228
39	32
30	127
1	1
10	74
30	1
36	242
16	1
36	101
20	238
10	1
39	252
30	1
34	1
12	5
23	255
30	1
34	146
13	1
33	253
34	256
28	1
38	192
33	1
36	106
30	98
36	83
10	1
12	112
17	20
30	164
21	1
20	1
30	254
39	1
1	1
31	59
20	254
36	90
21	254
10	40
29	254
38	256
22	1
20	64
32	254
1	1
1	140
20	254
29	254
39	253
30	1
10	224
38	1
36	230
36	1
12	255
1	1
31	227
6	1
30	256
29	227
27	253
12	1
36	1
36	254
17	1
36	157
30	235
24	245
36	214
36	254
20	163
20	243
30	1
20	178
34	1
31	1
29	192
30	1
11	1
20	255
12	81
16	129
36	254
20	230
21	1
13	1
30	254
33	202
1	253
20	1
30	254
20	112
38	253
12	255
31	242
38	1
20	255
17	231
10	1
12	193
30	129
30	254
1	252
20	1
25	255
30	236
29	254
12	192
11	1
39	254
1	254
10	254
20	1
20	1
36	240
29	105
10	9
38	1
36	1
1	256
30	29
12	254
10	129
20	1
36	255
10	254
36	1
12	1
30	255
39	195
1	1
30	1
36	1
39	148
25	255
28	1
12	48
10	1
30	99
10	183
23	1
13	111
1	177
20	1
33	129
20	1
36	1
1	252
16	253
12	57
12	1
20	255
36	255
38	253
1	1
20	256
36	51
29	254
39	133
24	1
23	223
30	244
36	214
30	254
30	135
2	254
10	1
30	1
20	1
20	255
7	254
30	1
12	253
1	254
16	1
12	33
30	255
20	239
30	4
30	253
22	152
12	1
10	253
39	1
1	255
36	1
10	1
39	226
20	1
31	1
39	14
30	1
20	1
29	254
36	1
33	224
36	238
36	161
30	226
30	212
39	1
16	254
1	254
1	1
30	65
29	1
38	224
21	1
36	29
1	254
36	100
33	253
30	1
38	234
31	253
30	1
36	79
29	19
16	1
30	203
36	1
20	255
30	1
23	125
29	52
7	1
16	1
10	194
36	65
33	253
30	1
1	11
29	250
31	229
30	253
10	170
36	256
30	20
36	172
10	254
20	83
38	1
20	124
1	8
39	237
36	1
30	1
34	1
36	180
29	1
34	6
13	255
12	1
1	1
13	1
39	1
36	1
30	1
1	55
1	255
36	1
1	143
1	1
22	1
10	8
30	105
38	1
11	1
36	132
10	140
20	1
1	38
1	48
12	1
30	1
10	254
36	253
31	254
1	1
33	169
36	83
10	255
11	254
21	1
36	1
37	218
30	200
29	1
38	253
29	1
13	252
30	1
29	119
20	1
36	1
10	192
30	1
33	1
10	1
20	1
12	126
1	175
30	1
30	47
30	38
38	1
39	111
30	253
1	228
36	169
38	1
1	1
29	1
36	1
9	213
30	254
13	222
31	86
36	256
33	1
30	24
29	166
23	1
36	250
21	164
20	1
38	1
7	253
20	255
30	93
12	1
39	255
1	255
20	210
20	254
39	1
10	1
31	1
31	1
1	1
17	1
34	1
33	254
31	48
20	1
38	1
30	22
1	12
1	204
30	255
39	1
29	1
20	1
30	254
10	132
13	29
20	1
12	16
34	230
10	1
30	1
30	115
30	58
20	1
16	1
16	254
36	226
36	161
22	70
13	1
39	49
38	254
12	133
18	1
30	1
20	254
20	146
12	1
30	213
20	255
24	152
10	1
21	67
33	215
20	254
36	20
33	12
10	86
21	1
10	1
38	19
39	65
12	224
17	172
34	254
1	254
33	247
36	253
36	254
20	255
11	1
10	1
30	1
6	1
10	250
20	67
29	255
38	110
1	1
36	199
10	1
6	1
10	1
17	254
36	1
10	129
21	253
31	1
13	254
29	1
38	31
30	1
33	90
12	1
30	1
31	1
36	114
36	62
39	1
10	1
38	1
13	1
12	1
1	254
39	1
24	109
10	1
39	150
38	1
1	1
20	1
36	1
38	20
12	254
33	17
10	1
12	1
30	1
33	1
39	1
31	1
33	1
33	234
37	89
30	14
20	252
31	151
20	1
39	253
29	172
33	1
33	246
21	251
1	1
38	1
10	255
16	1
36	253
30	254
36	1
36	110
10	1
30	1
1	237
29	172
31	1
10	1
30	157
1	1
20	1
20	61
36	1
31	1
21	1
20	254
20	1
29	256
30	253
39	1
36	59
38	157
29	1
1	240
1	1
30	1
30	108
1	109
1	254
30	1
13	1
20	11
16	1
10	1
30	1
36	1
33	1
30	129
36	1
29	1
39	132
12	1
18	55
6	255
10	26
31	158
20	256
38	1
20	61
36	1
20	23
1	25
10	1
1	254
12	98
29	253
30	255
30	239
10	255
10	243
18	1
29	12
10	254
10	1
11	1
24	171
30	1
36	25
30	254
39	1
12	4
36	20
39	1
11	17
30	1
30	254
20	36
1	254
39	152
13	1
20	12
39	37
13	1
12	254
30	175
20	149
33	11
21	1
1	254
13	229
30	1
39	59
36	229
12	1
30	253
12	22
24	101
29	1
6	81
1	99
33	123
29	255
33	253
39	1
30	1
1	58
36	241
20	162
36	13
20	70
20	146
1	1
20	253
10	232
30	241
30	171
36	1
30	1
6	254
30	249
12	80
28	1
20	3
6	72
30	1
12	1
20	238
30	77
10	171
36	1
39	255
36	254
24	1
10	254
33	1
39	56
33	253
12	1
20	1
6	1
10	255
30	1
36	1
10	253
36	153
30	1
33	1
36	254
36	23
10	254
21	253
1	1
36	125
30	1
20	1
33	246
33	1
16	3
1	88
39	1
13	1
38	111
30	25
1	212
10	226
29	254
10	1
20	187
21	252
12	1
36	1
10	1
10	256
30	213
10	254
36	256
36	1
20	1
30	1
16	1
36	254
20	1
23	171
33	251
10	206
11	254
20	1
33	253
1	1
20	241
33	254
38	8
16	254
12	1
33	1
31	25
31	255
1	128
9	254
36	253
1	1
9	255
36	1
20	1
1	22
10	254
10	255
30	1
21	1
23	1
30	254
30	1
38	1
7	1
16	255
20	1
36	1
1	1
20	254
33	1
30	255
10	253
33	233
36	25
29	1
36	227
30	1
39	1
33	1
3	1
24	97
1	1
13	1
1	1
10	71
34	192
17	255
1	1
31	1
36	256
20	1
20	1
30	187
30	1
34	221
4	19
33	1
30	250
10	1
16	254
29	1
20	1
20	1
36	255
20	230
6	133
38	21
20	254
20	227
33	168
30	171
38	254
30	117
20	87
29	192
33	1
1	1
1	1
31	255
16	49
30	1
11	254
16	254
30	256
30	254
29	117
30	36
38	1
12	176
30	1
33	10
1	1
10	1
30	1
20	1
34	1
10	243
1	1
38	255
9	1
23	59
30	60
7	116
10	254
1	244
16	1
11	1
30	253
33	232
20	1
29	1
12	1
30	1
33	162
12	1
30	256
20	1
1	244
10	170
30	255
39	251
39	254
29	173
39	1
1	1
1	1
13	254
5	1
38	254
33	253
29	1
10	1
1	1
36	1
30	1
30	256
20	1
30	254
39	1
33	217
33	176
10	1
29	1
30	1
33	1
36	1
1	126
16	1
30	254
1	1
1	1
18	1
36	147
10	9
16	254
36	253
29	1
27	1
33	254
38	196
12	1
36	253
13	253
36	1
30	256
1	65
12	180
36	254
36	1
24	254
36	152
12	217
39	1
1	253
10	232
29	1
38	1
1	126
12	1
30	122
33	94
31	1
1	1
38	217
36	254
38	1
33	1
1	32
39	1
10	58
30	217
1	254
36	1
20	81
36	1
31	1
12	1
30	1
20	23
10	83
17	246
33	1
30	1
22	1
34	5
33	30
30	1
11	1
30	253
20	1
20	58
39	1
10	1
30	1
30	86
34	1
36	254
10	241
39	1
1	1
38	214
38	253
33	180
20	1
30	1
33	186
36	1
36	254
30	1
31	1
20	22
38	196
10	254
1	1
16	1
34	226
36	52
17	1
20	206
12	1
24	171
20	253
33	253
39	255
8	1
33	8
36	17
12	1
31	195
39	254
36	1
36	218
1	251
39	241
38	1
24	1
38	255
20	1
36	1
20	1
39	1
36	254
33	1
29	72
10	1
12	86
1	63
33	254
5	1
23	1
10	1
20	70
13	254
34	1
30	18
22	255
1	88
10	41
33	1
33	1
12	145
30	254
12	215
29	1
29	1
10	1
1	10
33	12
36	1
10	254
29	1
30	255
13	252
5	254
17	255
33	1
16	254
20	1
36	1
36	1
6	1
31	254
20	223
7	204
13	255
36	253
1	207
10	252
30	1
38	1
38	1
21	176
10	1
20	1
1	91
36	1
29	254
10	254
33	81
10	1
10	1
16	1
20	77
1	256
36	1
10	1
33	255
29	1
6	1
36	181
34	255
1	1
36	1
1	11
13	27
24	93
36	247
10	1
31	254
30	1
29	1
10	254
20	1
29	1
10	1
12	1
20	1
7	218
36	255
34	1
29	155
29	220
12	195
29	1
24	255
30	202
10	1
20	233
36	255
1	1
30	136
36	1
36	15
13	255
31	255
30	255
30	200
12	1
12	253
33	1
10	255
20	1
34	1
30	1
29	1
13	255
29	229
13	1
16	114
36	1
38	1
20	102
30	228
12	156
39	1
36	1
10	221
36	1
1	256
23	255
20	1
38	49
33	1
13	1
13	254
36	1
20	1
30	1
39	255
20	193
33	1
25	254
30	1
39	1
36	1
33	256
1	254
7	8
31	253
21	7
10	1
1	1
36	193
30	41
36	1
31	255
16	119
10	76
12	1
36	240
30	247
36	1
35	245
10	256
10	51
29	248
30	1
33	1
29	254
29	1
33	1
1	254
12	253
17	1
1	1
13	1
36	255
10	253
36	1
30	101
21	198
31	234
39	1
10	1
36	1
36	92
34	17
34	1
12	1
12	1
33	253
10	254
10	1
24	1
10	255
20	8
36	67
12	254
39	12
29	253
20	87
36	254
10	1
30	1
39	255
10	44
29	4
36	1
33	253
1	254
30	1
13	255
38	1
36	1
17	47
1	12
15	1
39	16
20	1
13	255
20	1
20	1
10	1
29	254
36	219
30	256
30	256
36	4
20	254
34	254
13	1
30	1
30	256
29	1
24	1
36	1
33	3
1	63
36	1
1	1
7	1
20	1
20	198
12	92
33	255
11	1
10	1
10	1
38	79
21	255
12	105
12	232
11	252
12	254
20	195
23	1
38	1
36	8
31	255
1	253
6	1
30	1
36	1
11	1
33	1
33	1
39	1
1	256
1	1
10	204
20	253
31	22
29	1
12	254
20	254
12	29
20	27
30	1
36	250
30	253
36	1
30	1
20	255
1	144
12	88
33	1
39	254
38	1
1	1
36	1
30	256
12	254
20	47
20	94
30	1
10	1
10	1
12	168
20	1
36	216
10	28
1	25
1	1
10	37
30	1
39	1
30	111
33	20
30	16
20	1
1	254
20	82
23	250
36	227
39	1
30	254
38	1
35	212
12	194
30	153
30	1
15	1
10	253
13	255
10	255
30	1
30	1
36	22
38	1
29	184
36	75
39	1
17	1
12	253
23	254
20	1
1	1
39	1
33	1
12	67
20	1
10	231
20	254
29	246
36	1
12	255
1	1
36	254
10	1
36	253
29	1
10	42
20	195
29	1
10	1
