3704	4662
6944	1073
3823	5495
3709	5003
3214	4801
4252	7574
6208	1508
4278	3753
4643	2902
4308	5453
5014	2287
3837	3782
3857	4303
5317	2315
5104	4720
5545	2220
4235	5042
4534	3765
3411	5249
3507	5471
5403	2754
4459	6250
3749	5957
3138	6168
4342	5834
3707	5915
6205	1628
4323	5827
4584	5996
5043	5509
4700	4955
4962	1342
5699	2472
4260	3444
4253	4066
4086	3171
6095	1969
4042	4301
4908	4313
3559	5229
5293	2680
3443	4804
6243	2265
4510	5117
4260	4547
5601	2386
4996	3170
4001	2905
6232	2164
4564	3745
4823	2593
3446	6118
3327	4891
5450	2682
4692	3808
5344	3861
4692	3672
3962	6381
2297	8732
4702	5552
4758	4338
3629	4683
4429	5797
5467	3751
5788	1967
4294	5788
4328	4890
3950	5112
4134	5413
4731	2674
4987	2964
4506	6380
5218	2951
3474	6317
3721	4346
4620	4088
3352	4380
3970	5853
4882	5359
4199	4038
3583	5831
5149	4591
4395	6083
4582	1762
5203	3997
5724	3356
6151	1335
3582	5859
4741	3738
3422	4721
3634	6157
4332	4614
4083	4872
5161	3056
4946	2194
4349	5353
4570	5054
4556	4890
3739	5132
5100	3582
5640	3640
4452	5965
3398	4732
3699	5925
4673	4367
4707	5867
6127	2261
4576	4413
4463	4353
3008	4701
4022	3059
4632	3698
4678	4763
5022	2099
5587	2345
3694	4586
3121	6042
3638	5987
3675	4993
5191	2980
4212	4128
4677	4749
5251	3824
4685	4016
3797	5654
5363	2462
5676	2774
5039	4370
5691	3143
4257	6051
5635	3507
4442	5703
4600	5023
4127	5260
5532	1958
4885	4429
3848	4436
4838	5951
4919	4178
3956	4669
4343	5424
4951	5601
4974	2379
4060	5510
3491	5974
3638	4129
3948	4837
4586	4963
5089	4314
5098	4675
2433	7320
5950	1624
3569	5805
4352	4309
4334	2218
4446	4955
5663	3221
4018	4728
3330	4851
3330	4573
3439	5527
5507	3304
4540	4267
5891	2095
4108	5874
4133	7100
4984	5463
3911	6081
4472	4770
3677	5484
4408	4210
4675	4911
5573	2799
4841	5815
3831	6236
4629	3361
3991	5931
4320	5913
3887	4482
3970	3891
4861	6069
4126	5227
5604	3483
3514	5771
4851	6143
4136	4996
3899	5607
3603	5815
4725	4326
3793	6010
4850	2996
5399	3084
3270	5671
3655	4730
4782	3998
4354	4374
3117	5371
3511	5083
6120	1800
4164	5971
4331	6469
4861	2768
4902	5245
4807	4669
3334	5179
4004	4319
4064	4152
5115	3656
4013	4453
4613	5932
4469	5346
3608	3344
2912	5653
4696	3195
4275	5493
4947	4634
3512	4519
4505	4907
5307	2390
4369	5453
4209	6455
4631	5797
2569	6746
3309	6062
5867	1951
4160	5464
5179	3363
3318	5997
5627	1610
5055	2335
3775	3770
4834	5350
3896	4540
3020	5810
4393	4555
3947	4459
3413	5839
4177	2910
5488	3996
3151	6751
3174	7436
4901	5062
4810	2379
4765	4049
4021	4170
2855	5555
4568	3726
6222	1095
4416	3698
4731	3642
4068	5467
3651	4867
4898	2647
4209	4955
4831	1253
4071	5258
5202	3021
3206	6352
5487	3677
3508	6023
5150	2196
2380	8434
4239	2702
4152	4811
4398	4694
5060	1988
5231	2942
3873	3740
3925	4104
5673	1980
4280	5405
3658	5074
3729	5011
4588	3405
3649	4985
4559	3926
4478	5964
6121	2402
6707	1481
3463	4747
4231	4939
4177	4740
3737	5528
4562	3410
4099	4414
4996	3991
5635	2051
6069	2072
4635	5996
5304	3454
4375	5427
5239	3848
3400	5905
4844	3339
3386	5018
4091	5204
3878	5629
5614	2537
5172	4023
3083	5445
4137	4450
3786	4702
5289	4154
3612	5665
5269	4506
3314	5374
4122	4846
4768	6084
5568	1304
6500	1123
6019	1320
4011	5229
5163	3930
4682	5164
5475	2295
4370	5238
5547	2189
6016	1564
3044	5427
4799	4430
5325	2591
6477	1864
3712	3947
5105	5320
4355	5602
4014	6048
3582	5937
5411	2403
5420	3394
4274	3830
5039	3632
3377	4896
4631	4412
4849	2827
3635	5905
3729	5203
3749	4494
3416	5648
5959	2594
3673	5531
5026	2663
4955	4623
4526	5477
3489	4466
4525	4534
5383	3345
4693	2041
3822	5913
3672	5147
5154	4339
2330	7435
5706	3762
3765	5665
6295	2091
4548	5144
4651	4157
4336	5494
5013	3930
3606	7672
3069	5908
4063	2625
3332	5794
3183	5897
3959	4768
3920	2740
3721	5846
5090	4436
6043	1566
4988	3694
4280	4116
4197	5052
5734	1541
4223	2673
3958	5055
4771	4676
4157	2961
3651	4284
3984	4143
5911	1643
5082	4911
4832	2694
4174	4160
3961	5775
4867	5616
4247	5912
4806	4022
3267	4812
4593	6003
5232	4965
4524	4906
3815	5000
4413	3435
4847	4219
3763	5385
6361	1401
3987	6093
4391	3960
4471	3553
5150	2667
4168	5647
5163	4259
4782	4440
4412	4374
5861	1636
3948	6330
6071	1639
4861	2168
4137	5144
4006	5424
5363	2695
4713	3171
4304	4548
4135	5323
4808	3551
3190	5805
5650	1879
5078	4329
4168	4080
5430	4362
4296	3407
2530	7891
3494	5492
4973	3383
5413	1636
4556	6282
4845	2470
4158	6021
3873	5934
4958	2135
4052	4889
4749	5923
4060	5597
4889	5515
4718	4790
3549	5660
4180	4479
4808	3174
6020	2643
4155	5091
3238	6183
3722	4795
5631	2562
3628	5204
3827	4220
4572	3162
4993	4775
4507	3426
4275	5555
6085	2578
4566	3453
4892	3207
4038	5982
3588	5545
5418	2153
4295	4623
4759	5021
4396	5264
3883	7664
3836	6418
3860	3475
3335	5750
3849	6754
2895	7490
3891	5195
3292	5334
6657	914
4058	5821
4244	5751
2559	8295
4413	4754
5222	2467
4179	2454
5301	3952
4466	6190
4682	4157
4192	5265
4057	3998
5281	3594
3561	3999
3911	5794
5031	5152
3899	5025
4278	2815
4360	3313
5385	3533
4753	3022
4109	5224
7044	825
3916	3289
5536	3614
5627	2368
4642	5515
3411	6157
4856	4388
4145	4877
4276	4937
3591	3882
4263	5102
4593	4998
3700	4564
3394	6454
4903	5358
4356	3320
4636	3672
2647	6760
4362	4524
6017	1397
4269	5016
4720	3329
3864	5921
4176	5571
4419	5252
3441	6072
5183	5118
2578	7788
3924	4084
4295	4249
3260	5771
3674	6337
4850	4944
4838	3531
5634	2861
3701	4497
3471	5452
3685	5289
3750	4040
3632	5229
5440	1559
4546	3591
3425	5314
4493	5419
3879	5432
4078	4116
4957	3759
4058	6327
4194	6062
4737	4393
4584	3567
4320	3860
3993	5198
5135	3897
4860	4384
4119	7300
5285	3307
3236	7764
3917	4410
5739	1578
4361	5270
4533	4123
4950	3325
4606	6260
4226	4430
4478	4491
2750	7635
4759	3531
5573	1999
3685	6093
4933	4181
5449	2042
4919	5794
3033	4934
3028	6375
5398	3860
4969	1523
4823	5825
4518	3960
5154	1517
5110	4408
5780	1939
5724	2583
3297	5065
3621	4934
5150	3323
3952	3897
5211	4623
2941	6150
3641	4273
4684	3822
5201	3083
4676	5003
4500	4679
4338	3715
3890	6830
4423	3808
4111	4484
2943	7352
4161	6021
4176	4090
3630	4378
5076	3890
5574	3005
5566	3476
5446	2211
5926	1814
3839	5520
4414	5805
6009	2280
4662	5051
4216	4380
4174	4858
4828	5289
5477	3608
3965	4389
5246	2345
4980	2468
4695	1614
3764	6719
4015	4848
2265	7755
4290	4828
5659	3221
4881	4289
3614	3690
3563	5109
4288	2681
4181	6630
4144	5930
4575	6246
4733	1981
4815	5475
3842	4595
4025	3432
4206	5899
4519	5370
3405	6211
5697	2536
4221	5111
6065	2575
4989	4509
5611	3520
3601	5050
3803	5400
4775	3158
5684	3612
4216	3800
5010	3346
2703	9117
3558	6365
4740	3568
5333	2447
4272	3678
5100	2657
4639	6030
4831	5384
3168	5705
4134	3809
4352	3767
5263	4752
4124	3434
4872	3170
4366	4248
4182	4295
5616	1866
4544	4983
4824	5671
3918	3950
3660	4879
3196	5807
5871	2682
3316	5446
4639	2180
3946	4524
4822	4205
4691	5063
5280	3425
5053	3422
3222	4661
5200	2994
4079	3868
3769	5181
4147	3634
2588	7166
5624	3779
4646	5536
4386	5083
3336	4066
3037	5799
4680	5421
4016	5595
4478	3006
4487	5316
5168	1919
4411	5718
3602	6077
3569	3678
5470	3519
3373	5942
4220	3037
3865	5512
3653	4780
3858	3401
3857	5318
3935	5454
4018	5822
3855	5669
3192	5405
4194	5835
3832	5182
4067	4472
4213	6006
6201	2267
4515	4606
5075	5144
4540	6592
3943	5404
5407	3257
5846	1813
3871	5225
4871	2902
5489	3714
5508	4162
4597	5513
3630	4484
4324	4831
4374	5287
5130	3872
4785	4041
4631	3528
5384	2257
4043	4142
5025	4092
5214	3908
5544	2198
4947	2477
3825	3643
2527	8726
4178	6297
4672	3557
4877	2901
5561	3379
3227	6135
5096	4580
5127	3381
2961	6090
4382	3787
4353	3511
4994	2468
3892	5121
6089	2581
5566	3540
3961	6018
3714	6196
4702	3129
4267	4777
4328	2393
4566	3997
4064	3425
4596	5895
3505	6008
4143	4310
4715	4499
5011	2044
5448	2806
4758	4361
6102	1869
4895	3521
3375	5015
5257	3750
4648	5666
4603	3109
5671	3119
4683	6026
4870	4082
4388	4333
3592	5291
4982	4473
3579	5554
3983	4957
4064	4518
4349	5773
5303	4175
5999	1519
3870	5468
4958	4413
4295	4711
4879	5862
3933	5439
4701	2860
3515	5489
2943	8509
4306	4601
4460	4620
5443	3385
4153	2469
3830	4672
5156	4601
4864	3695
4714	3960
4030	4723
4876	3729
4854	2014
4568	4905
4255	3818
4500	4535
4730	3417
3745	3327
5064	3558
3134	5520
4428	5099
3659	6641
5317	1840
5428	4304
3869	4151
3949	3080
5193	3065
3485	4009
3987	5704
3687	8294
3699	2978
3677	4431
4506	3946
5011	2884
3812	4990
5754	2302
6759	556
4030	3850
5798	2271
4802	3345
3355	5824
4660	3066
4588	3812
4510	5604
4697	4778
4314	3429
5874	2571
3202	5519
4325	5151
4639	5312
4069	6858
5277	4615
3972	7135
3301	4995
4476	1602
5359	2552
3377	5343
4560	2415
5825	2123
4329	4582
4304	2520
5504	3529
4330	4229
4581	4119
3939	4746
2764	6883
3413	6070
4471	6145
4300	4817
5158	5311
3502	5903
1898	8272
4849	3518
4704	6299
3994	4244
4843	5008
4371	5700
3514	4364
3939	3864
4819	1748
5128	4496
3352	5653
4005	4804
5068	5269
4588	2311
4388	4435
4629	5711
3877	5091
6289	1230
4201	4531
5281	4595
2815	6200
5149	3327
5192	2331
4721	3824
5578	2567
3782	3438
4741	6158
3434	4023
5335	3158
4400	4567
6361	1900
3439	5217
4119	4723
3898	5879
4563	2454
4384	4487
5980	1730
4788	4027
6370	1362
3907	4436
4754	4813
4290	4511
5531	2621
5542	3509
4197	3819
5505	3244
5977	1085
5021	4559
4835	3261
5071	4241
4244	4840
4128	7665
4872	4478
3270	7187
4657	5282
4598	4737
4986	1940
2888	7936
5743	3444
4799	3986
4363	4581
5475	4059
5926	2457
3116	7141
4510	4128
4670	4667
4623	3563
2931	5524
5968	1984
5431	3771
4173	4449
5088	2959
5447	2520
5066	2497
4402	4780
9683	27
4580	4564
3851	4768
4481	5131
5782	2589
6423	1386
4779	5198
3972	5760
4752	1766
4113	5945
5390	2086
4371	2888
4001	5197
4529	4099
4314	3832
3720	4408
3138	5474
3545	5681
3712	4135
4188	3586
4721	4550
5055	2304
4940	5072
3741	6381
4503	3730
2924	5934
4691	2859
3904	5349
4101	6021
5034	3435
5187	3091
4743	5299
3683	5930
4602	5079
4313	6089
4257	4509
5677	3350
4600	5406
5243	2616
3562	5194
3802	5817
6007	2163
4657	4807
4744	2865
4682	3738
4212	5692
4728	4575
4690	3890
4798	1964
4672	2691
5721	1628
5799	2954
5272	2677
5166	4429
3416	5711
5270	3033
4123	4931
2852	6379
5557	4055
3492	5758
3791	6951
4574	5021
4500	6336
3751	3915
4706	4690
5472	4051
4136	4477
3525	8250
3835	4301
4134	4180
4255	2953
4793	3669
4517	5278
5432	3109
4174	5553
4110	3560
4874	5144
5005	2423
4566	4631
5360	2695
5276	4125
4926	4227
3260	6265
3990	6015
4301	5057
4035	5627
4386	5233
3475	5952
3916	4296
4109	4233
5195	4155
5408	3790
4199	5439
3538	6085
4025	4796
4209	3221
4646	5641
3546	4390
5119	5396
2759	9065
4079	4368
4421	2950
4623	4593
4839	6007
5346	4311
4467	4187
4379	5196
5474	3897
4850	4533
4743	4921
5966	2156
5797	3200
5130	5215
5305	3955
4526	2985
4269	5671
4591	5583
4365	3103
6149	1846
4150	5062
3827	4069
4880	3854
5157	3648
6907	915
4670	3525
5662	3706
4786	4296
5509	3057
4550	5469
4924	1546
5184	1738
4282	4141
5430	3080
3874	5185
4900	4515
4295	3969
4855	3055
5016	2424
4013	6707
4381	3494
6187	2119
3472	3985
4519	3547
4647	2884
3783	5071
4255	4903
4310	4046
4505	5161
4442	4262
4617	4496
5543	2891
4554	4932
3861	6501
2323	9268
4998	4602
3984	5838
4364	5060
5648	3448
5531	2192
3065	6249
4082	6075
5320	4185
5011	3384
2745	6411
3739	5472
4584	4183
5311	4626
4150	3660
4715	1643
5165	1738
5511	1910
3605	5240
5536	2872
5412	3082
3920	5637
6378	1444
4958	1559
5221	2021
4934	3777
4369	6308
5636	2155
4861	5557
4471	4842
4290	5295
4481	4630
5211	4601
4288	5307
4154	3729
4388	5341
3359	5378
4954	3996
3266	5475
4657	4955
3953	4441
4827	4502
4441	4334
4501	4913
3727	5425
5590	2850
3873	3752
3712	6806
4531	3850
5203	1444
3991	5724
3397	6076
3149	4981
3966	4871
5029	4003
4407	5567
6590	1443
4731	5514
4907	3284
3852	5497
3880	4932
3562	4515
4169	3240
4888	4892
5059	1729
4895	1755
2969	6027
3355	6370
3367	5516
5889	1181
4524	5461
4093	4433
3724	4544
4498	4657
4157	5682
4902	4618
5477	2829
5259	4134
4002	3986
4144	4057
3956	6319
5092	4533
4631	4825
3961	5197
4865	5592
5027	5300
3916	3974
5065	2915
3110	5234
6029	2057
5366	1614
6428	1474
4751	5937
4378	5630
4821	5867
3020	5966
6257	1300
3511	5809
5338	3802
5304	2102
3655	5915
4474	3473
4558	4911
5072	3082
5717	1831
5627	836
3407	4991
6135	2045
5476	2668
3578	3625
4057	4145
5215	1974
2840	6309
5149	4744
4548	5490
4665	1962
5009	3684
5540	3754
3676	6094
3759	4566
4037	5716
5699	2645
5176	4979
3764	6915
4378	3659
4505	6402
4552	4960
6126	2110
4603	4078
4729	2396
4932	3958
3723	5951
5664	1419
3935	4219
4128	4916
4380	3064
5781	2520
4327	6120
4680	3977
3799	5172
5402	3635
5012	4510
6103	2020
5099	3403
5421	3085
5119	4865
4278	5451
3730	5655
4001	4977
3455	5730
4360	2774
4601	4528
3804	5395
4728	4907
3803	5471
3600	5817
3085	6818
4937	3100
4053	5160
3630	4268
5042	2909
4398	4291
3967	4937
6135	2167
4911	3993
5549	2466
5507	3200
4781	4290
4824	5420
6409	1717
4031	5382
4085	4810
4427	4356
4317	4026
4463	3441
4682	5185
4877	2104
4626	3808
3704	4413
5520	2222
4081	3904
5533	3746
4767	5077
3358	5443
4322	4210
4647	2599
4698	4972
5374	2467
3102	5445
4704	2884
4846	5545
3944	3339
5004	4539
4106	5292
5286	2565
2688	7567
4521	3441
4481	3991
4566	5068
4331	3831
5530	3897
4615	5564
4634	4076
5580	3800
4938	2691
5467	2899
3939	4152
4118	4619
4654	5473
4310	5156
3766	5025
5991	2530
4752	2126
5142	4561
5166	1998
5326	2419
4088	3344
4935	1255
4772	2529
4790	5549
4766	3429
4859	3791
4248	4063
5668	3564
5269	4034
4840	1743
5224	2330
4908	5455
5580	3889
4848	4591
3714	3644
4860	3691
4435	4770
5123	2439
5811	2044
5335	2954
3685	6424
4185	4677
5875	3149
3887	6628
3690	3989
3233	5658
5228	3319
5979	2550
5169	2572
4578	3774
3778	5881
3642	6251
4056	5041
5434	1919
2970	6272
4305	6256
4004	5478
3808	4850
3209	5365
4293	2464
5550	3554
4160	6319
3147	5760
3280	6108
4526	4047
5288	4080
5030	3987
5609	2676
4125	5927
4740	3774
3718	4807
4489	5220
3370	6653
4647	3779
4428	5503
5132	1911
5357	1546
4936	3377
3182	5589
3635	5291
4345	2553
5226	2799
3712	4337
5023	4975
3035	5222
3844	5306
4928	5003
4707	6438
4169	6310
3296	5448
4243	4963
3898	3700
4421	4474
4751	2622
3337	6016
4840	3972
4994	3219
5126	4242
4398	3147
3166	8244
3402	4062
3502	6375
4310	5677
4667	5083
2998	6214
2833	8522
4657	3763
6133	2370
4403	5420
4559	5414
5450	2305
5593	1995
5420	4485
4799	4388
3745	6279
4086	3376
3674	6042
4367	7021
4678	3212
4444	3669
4495	4172
5132	2977
3651	5624
4339	2880
4637	4408
4093	5260
3600	4568
4566	3583
5017	5346
3461	5606
5030	2787
5803	3238
5441	3157
4345	2760
3157	6387
3436	5333
4283	6840
5339	2386
5229	3222
4631	4397
4358	4546
4115	5714
4534	5783
5547	1746
3653	5253
5282	2435
4619	5723
4570	3788
4803	3170
3323	6134
4420	6631
3750	4973
3903	6008
3498	5026
5703	2648
4600	4887
4580	3936
6264	2228
4918	2580
5682	3351
3367	5493
3763	5261
3435	6692
4977	4174
4741	4066
4905	3800
3455	5235
5009	3840
4730	3551
5248	3178
3814	4428
4160	4563
4628	4433
5578	3140
5054	3346
4157	4624
4004	6345
4295	5917
4165	5290
5379	3351
4006	3916
4222	4065
4139	4332
5621	3402
3825	4791
5938	2336
4385	6211
3149	5034
5431	3771
5558	2872
3034	5022
4721	3734
4795	2686
3763	2838
3281	5922
4253	2985
4584	4580
5034	3730
4212	4210
4509	4025
4305	3643
3802	5661
5136	4599
4915	2325
4334	4594
5015	2532
3626	3763
4358	4389
3386	5639
3370	3969
4327	3511
3926	5628
3972	5557
4035	6607
3903	5472
3774	6365
3999	5865
4767	3862
4984	4510
4660	3881
4651	3009
3760	4474
5249	3426
4732	3620
2984	5467
4885	3154
4551	3604
3154	4737
3694	6412
3598	4263
3306	6047
3769	5120
5203	4445
4880	3702
3640	4978
4705	4993
5466	1728
4537	3660
4038	5372
5218	2273
3511	4107
4300	5156
4536	2340
6326	2011
3842	4113
3118	5383
3998	3858
4563	5626
3122	5405
5656	2284
5921	1791
3392	5321
4444	4971
4384	5253
5051	3987
4852	3064
4774	6125
2650	7846
4593	2426
5070	3893
5747	1054
5006	3534
4434	4677
3670	5128
4714	5194
3213	5683
4697	5031
4490	5339
5142	2971
5299	4332
5586	2152
1395	9704
4276	4103
3950	5847
1914	8443
4714	3683
4929	4719
3818	5565
4520	5763
4302	6191
4280	5254
3022	5525
3853	4230
4896	4870
6175	1788
3749	4033
4135	3451
3863	3881
4614	4214
3836	6344
1847	9066
4206	3085
4139	3799
4030	4952
4194	5512
5262	2372
3649	6301
4192	3931
4530	5636
4550	2170
4643	3915
5584	3180
4167	5599
4329	5684
4875	2932
4774	2476
4341	4421
4966	4732
4179	5388
3297	5501
4189	4867
5244	2044
3557	5813
4520	4305
4599	3324
4202	5053
4514	6190
4165	4513
4394	5437
5685	2305
3877	4111
3575	5929
5360	3804
4983	5051
4186	4919
6258	2071
5567	2880
4223	3492
5223	2250
4339	3314
5116	4014
4324	5074
3675	6674
3678	4899
4132	5251
4638	4127
5399	2105
4223	3500
5794	2762
4534	5405
4529	2173
5892	2589
4316	6476
4395	5514
4765	4245
3809	5515
3243	5043
3353	6397
4535	2792
5819	2615
4530	4878
3352	6099
4513	5420
4005	5539
5306	1135
5435	3589
5690	1957
5956	2607
4917	5019
5498	4039
5436	3349
4293	2719
4061	5938
4948	4825
4669	2564
3337	5926
3229	5739
4269	4814
4827	4180
3579	6851
4055	5366
5657	2066
5218	2197
5053	5021
3035	6419
3796	4302
5336	2376
4178	5655
4739	5089
4277	3563
4279	4833
3913	4394
5278	2725
4785	4073
4367	2858
4609	6203
4010	6207
4309	5798
4413	3224
3908	4177
4621	4694
3956	4393
4937	3067
3908	3264
4972	3803
3642	6099
4054	3726
5407	3046
4869	5633
4443	4663
3709	5459
4366	5895
3897	5554
3158	4608
4565	4244
5216	4102
3332	4369
5152	4493
4606	4993
4977	5399
3591	4354
3778	3969
4670	4359
5543	3480
4377	4412
3729	5742
3835	5069
5148	4576
4078	7425
4215	5198
4247	6087
4933	4119
3284	5352
3741	6368
5303	2993
4478	6055
4794	3937
4062	6081
4076	5783
3939	4216
3899	5169
3142	4829
4621	4287
4688	3926
4399	6168
4248	5196
3071	5713
4260	3627
3788	4220
5193	4148
3375	6248
3876	4828
3762	5226
4003	3161
4980	5268
3779	5687
6045	2351
5136	2098
5674	3707
4320	3731
2358	9541
5803	1687
4428	4457
5053	2180
4527	4191
4420	5047
4678	4894
3627	6244
4510	1811
3616	5452
4153	4442
3849	5380
4727	5264
4473	1782
4496	3254
3452	4923
6675	359
4457	2519
3293	5661
4552	3785
5248	3772
4266	3991
3845	3553
5421	1989
5156	3352
4353	4157
5010	4724
4622	4270
4919	3892
4765	4438
5102	3469
4970	4111
4912	2803
3832	4461
4400	3983
4763	3572
2949	5743
6382	676
5566	3201
4628	2002
5904	2290
3755	4675
4008	5375
4132	3443
4100	5228
4533	5520
4150	4465
6029	2456
5321	2164
4531	2871
4355	3121
4337	4788
3290	6520
5475	2315
5456	3969
4550	4745
4362	4925
3312	6132
3665	5153
5729	3529
4502	5167
3667	3739
3564	5455
4337	4978
5045	3234
3941	4817
4175	4619
3029	6345
4899	1984
5935	1740
5486	4105
3158	5583
3740	5432
4556	4667
4620	3697
4671	5867
5413	3418
3443	5555
4448	5436
4167	3612
5322	3986
4296	4206
3160	7626
4855	4118
4635	3031
3784	4395
4537	3858
3849	4749
4414	4471
4997	5110
6073	2170
4903	2538
3793	5691
5300	4597
5137	3612
4209	3869
3588	4863
4936	2916
5903	2174
3838	2909
3926	7578
3858	5615
5691	2633
4008	5705
4864	5758
5123	4347
4899	3010
5468	2514
4370	5153
4126	5579
4480	4444
3882	8252
5394	2383
5412	3268
4277	3981
4582	4977
5470	1632
5162	4037
5717	2392
6298	1363
3747	4924
4805	4781
5446	2858
4927	4235
4346	4568
4263	4356
3874	3101
4199	6847
5145	5068
3697	5399
3635	5177
3647	7608
4826	4679
4043	6235
6136	1288
4937	3977
5359	1707
5102	4511
3499	4826
3279	5908
5575	3364
3047	4850
4075	4079
4693	5166
5002	3686
4860	3859
2919	5785
4296	5089
4955	2942
4656	5090
3052	5509
4616	4451
3877	5056
5240	4214
3452	6090
3790	5325
3239	4848
3831	5453
3902	5668
5944	2564
4905	2680
3970	6820
4570	4073
4975	2962
2808	6241
5437	1207
3847	5933
5543	3132
3589	5924
5209	5227
6031	2155
4738	5348
4762	3286
4630	5052
3018	6296
5115	5052
4718	2171
4318	4297
4766	3976
4205	5290
2903	8197
4466	6144
4754	3432
3602	4303
3841	6187
4248	3526
4276	3545
4132	4882
5314	2219
4079	4511
4816	3994
4034	3918
4268	2529
3367	5377
3746	4159
5266	2604
4706	4272
4039	6174
4635	3679
3576	6115
4585	4415
3608	6336
4650	2831
3602	6368
5780	1418
4116	4778
4913	4450
3991	5673
4695	2781
4178	4545
3902	5991
3974	5695
5699	2019
4695	4398
3617	4301
4452	5171
4141	4602
3052	7892
3400	6081
4152	3796
6309	1078
2352	8716
3898	4705
4356	5073
4892	5361
5251	3555
5292	2301
5809	2680
4316	4428
4977	3138
4839	5531
4718	4546
3981	6271
4666	5954
4728	4379
3868	5308
3557	4216
5248	1893
5316	1636
4842	3300
4635	4369
5764	1413
4193	4069
4130	3857
4573	4373
4034	6413
5578	2494
3269	5265
5157	3483
4653	5028
3356	5536
4345	4292
4492	5381
3614	6280
3463	5122
6348	1302
3627	5994
5413	3964
4154	5019
5463	4201
4535	5122
5876	1635
4872	5805
6046	1441
5459	2590
3570	5932
3441	6322
4704	3347
4870	4232
4673	2268
5288	3996
4003	5780
4230	4623
5992	2465
5903	1075
5540	2352
5208	3136
5053	3144
4184	4566
5099	2239
5868	1713
4402	5029
4155	5549
5645	2040
4884	3936
3602	6359
5440	4087
4517	5228
3994	4238
4327	5078
5583	2860
5308	3467
5744	1938
5562	3557
4548	4695
4765	3735
3928	5798
5082	5239
4582	4202
5127	2547
5708	3463
3718	3971
4859	5483
5125	2308
4192	3660
3663	4503
4217	4620
3074	5339
4200	6599
5346	4013
4681	4927
4735	3551
5385	2031
4415	3589
3593	5491
4549	4459
4285	4305
4755	4410
4185	3275
4396	5827
3182	6136
5407	4302
5044	2003
3816	5115
5454	4016
4088	3986
3418	5207
4948	4765
3561	5900
3895	5785
4599	3071
2795	8416
4729	4195
4694	2719
3486	5387
4127	4673
4206	5550
4019	4832
4030	4342
4842	3310
4368	4959
4606	5490
3816	7967
4413	4528
5022	4410
4608	2317
4024	5401
5197	4095
6296	704
3168	5708
2962	7445
4441	3224
5049	3456
3598	4946
3972	3910
4880	3958
5471	4053
4539	6127
4297	5384
5798	2793
5771	1228
5332	3905
2431	8442
5433	4175
3556	4653
5387	2403
4037	3549
5274	4671
7401	459
4509	3484
4436	2464
3966	4262
4891	2515
4768	2696
4472	4646
3032	7026
3665	6861
4827	3597
5127	3963
4208	6209
5860	2716
3604	5828
4845	2383
3424	5520
4290	5762
3803	6035
4624	4067
4732	4460
3355	5608
5197	4604
4455	2831
4124	5206
3846	5358
5682	2465
5943	1924
3741	4376
4861	4345
4979	4313
3227	5082
5164	3764
3915	4833
4691	5528
5776	1939
6308	1844
5851	1540
5123	4928
4751	4881
3917	5535
4620	5101
4427	3004
4099	3513
5995	1117
5607	2828
3911	3766
5851	2403
3836	5023
4435	5529
4636	3094
5272	3636
4776	2611
3530	5379
4181	4948
3802	4005
3134	8352
4534	4404
4531	5646
5054	4255
4234	3023
3813	5320
4433	3936
4271	3648
3340	4795
4701	4006
4263	3573
5189	2016
4990	2163
3889	6887
5475	1560
5306	4121
4629	5794
5106	2612
4542	4202
4728	4183
5356	1102
5751	2271
4894	3313
1477	9249
4917	5196
3654	5879
4029	5373
4996	2410
4173	5497
4097	6117
5793	1932
3401	5159
4762	3041
3385	5869
3923	3733
5151	1750
4588	4181
4614	5177
4310	4452
4230	4913
5117	4383
4608	3796
4573	3671
3802	5633
3264	6133
4876	3160
4753	3938
4185	3599
3395	6332
2895	6851
4008	3959
5166	3656
3435	3775
1831	9265
5211	2052
3747	4020
3938	5718
4331	5982
4849	5386
5835	2346
4874	5639
4190	5459
4856	2556
4472	3765
4855	2937
6021	1529
4137	4510
4697	5648
6060	1539
4561	5420
4016	4949
5619	3870
5466	1429
3916	4783
3796	6605
3866	5597
4305	4098
4572	3057
3185	6295
5169	4238
5845	2513
4484	4606
4570	4115
3691	5575
5094	2676
4897	5019
4703	3171
5256	4635
4372	4820
2969	6555
4562	2015
3571	5228
4782	4182
5151	3706
4293	5641
4446	5106
4294	4336
4718	5766
5085	3419
4197	3872
4908	2495
4592	3140
4312	2946
4813	5377
5278	3044
4853	3052
3962	4135
3760	5258
3670	5229
3715	4084
3695	6534
4042	4388
5776	1716
4220	5337
3473	6169
4186	2778
4866	5748
3986	5429
5347	4204
5655	3516
5832	2406
4564	2584
4775	3671
5314	1926
4446	3803
5487	1873
3559	6205
3559	5655
4680	5278
4259	5848
3854	6088
4647	3995
5895	2177
3414	4642
3329	7161
5835	3025
5234	3718
4914	5322
4472	4988
3761	5607
5733	2697
4142	6100
2087	9468
3474	5489
3620	5544
3414	6094
5867	2305
5242	3947
5522	1397
4628	4523
3607	6001
3953	3596
3281	5122
4382	5030
3971	5235
3628	5158
4104	5845
4769	3345
4903	3792
5061	2536
5067	5447
4201	5621
4033	3754
3805	6063
4102	3817
4724	5080
3327	5854
4968	4280
4537	5277
5660	2555
4572	2877
5170	1190
4288	6906
5135	4947
5838	2726
4595	3812
5267	1721
4212	6102
4141	3874
4480	3521
4323	5555
3319	4841
4843	5223
3285	4162
3155	5102
6006	1562
3589	3903
4912	5038
4370	5765
4593	6292
3933	5834
3681	4805
4251	3979
5605	3782
3758	6525
4696	5639
4370	6016
4345	5079
4559	2116
4898	3837
4914	5311
3521	5244
5034	4199
5198	5191
3918	5137
3485	4527
4060	3721
5158	3884
4537	2910
5126	4221
5992	2374
4826	2582
5479	2439
6187	1203
4263	5422
6079	700
3467	5050
5302	4881
3887	5673
4697	5154
4156	4935
5391	3945
4347	4839
4733	5287
4244	5560
4375	5196
3590	4569
4565	5059
4853	4467
6338	2050
4773	3486
3922	5396
5434	3391
3570	4217
3999	4009
5256	3162
3679	5448
4632	5462
4630	2842
6556	956
5235	3039
3618	6043
4441	4980
3574	5680
5177	2960
5339	4106
6361	1959
4552	5072
5510	3018
4429	2969
3841	5808
5176	3386
4214	4544
4630	4869
5675	3221
5700	3342
3660	5855
5346	3755
4098	3915
4596	4532
4017	6504
4929	4237
3816	5447
4508	1754
5210	4840
4543	5590
4932	3583
4797	3860
4097	6260
4996	3388
3797	6570
4873	3296
3936	3983
3303	5828
4200	4065
3166	5780
4740	5247
5718	1534
4754	2445
3651	5283
5713	2220
4350	4391
4663	4340
4653	5826
4811	5594
4444	2621
4492	5476
3665	4155
4829	4521
4974	2221
3579	7402
5856	2613
5254	2965
3357	5246
4593	3753
5090	4815
3300	5219
4003	5209
4259	5908
4568	2094
5544	2853
5629	2579
4707	5104
5394	4596
4924	2246
3752	7088
4533	5066
4788	4054
3716	6327
5085	3536
5189	4598
4497	3693
4043	4415
6479	1483
4529	4526
3709	5580
4591	5435
3850	4884
5578	3729
4812	5424
4686	1600
4588	4316
3970	5483
5430	1194
4028	6111
3610	7779
4771	6285
4531	5443
4495	4137
4023	4620
5836	2660
5312	1898
4512	3310
5338	2342
4596	4344
5623	1760
4620	3162
4072	3920
4875	4328
4131	5001
4341	4248
4228	3435
4662	6016
4907	3020
3404	5514
4136	3381
5811	2330
3657	6415
4575	4650
4181	5398
4805	4361
3984	3908
4568	4760
5805	2553
5504	2408
3488	4974
4420	5586
5035	3884
3530	4411
5445	1135
4379	5255
4032	4991
3693	5260
5255	4465
3865	5336
3920	5153
4857	5226
2677	7858
4348	4668
4479	4975
4567	4932
3440	7498
3491	7547
4437	4917
5015	2225
4364	3014
4720	1925
4812	3070
4797	3346
3259	5524
5764	2927
4445	5852
3650	6041
3555	4221
5019	4834
4315	5613
5110	4734
3034	6150
4289	5086
4362	4601
4199	4983
5640	2154
2756	7837
4857	3785
3943	4677
4843	5866
5591	3347
4377	4562
3564	5672
5749	2051
5627	2293
4511	2982
4071	6152
4183	3779
3162	6322
4615	5555
3260	4942
5236	2322
5120	3269
5448	3339
4075	4982
5027	3701
5049	4922
4372	3174
4975	2071
3974	4991
4531	5097
3731	3884
4241	5257
2968	5929
3995	6237
4032	4305
3264	7826
5193	3854
3212	6170
3783	5924
5232	3838
3851	4159
3948	3441
6081	2573
4673	5901
4360	4355
3627	5310
3713	3910
4976	2836
4561	4723
5697	1777
5001	1559
6335	1956
4145	4829
5002	2345
4154	3666
4836	3423
3744	4971
4473	5021
3782	4468
3308	5104
4310	3844
4355	4726
4521	4015
3719	4011
4828	3967
4280	3870
3910	4546
4934	4916
5086	4744
6460	1780
3751	3901
3668	5783
5046	4528
4203	4522
3987	5624
5578	1882
5087	3247
4395	5519
5869	2345
4076	3382
5206	3368
4698	4540
4800	5144
3914	6675
4033	5783
3742	5995
3693	5594
6526	1754
4942	5466
4356	3259
5683	1313
4522	4453
3828	3409
3863	5071
4960	4895
5705	1853
4854	3782
2983	5398
3203	5294
4020	5354
5282	4742
4260	5992
4232	7157
4462	3729
3761	5327
3109	6641
4506	4100
4054	4933
4733	4905
4527	3914
4294	5586
4395	3464
5221	4648
3618	4790
4536	4850
4113	6192
5615	2177
3670	5117
5220	4694
4460	4883
3665	5439
5742	1583
3271	6266
4386	4819
4006	3502
4474	3712
5451	3738
5235	1353
5851	2538
6297	1976
5071	3864
4709	5123
4588	4165
3871	5593
3748	4874
4723	4488
5725	3317
3882	2880
4322	6125
3874	5348
6003	2087
4123	5727
1305	9683
3606	4789
5897	2357
5305	3152
3650	4661
2966	6606
5051	4772
4401	5531
4935	4361
5521	3672
3937	4250
4206	4747
4038	5104
6029	1782
3173	5468
5068	2935
4127	3122
5393	4196
4072	3122
4649	6046
4117	5343
5126	3929
3841	5664
3822	6298
2762	7845
5563	1432
5412	2160
5544	2483
4289	4427
5638	1964
3789	4144
4518	4112
5238	3517
4807	5082
5228	2209
4617	5497
5104	3253
3821	5474
3895	4852
4293	5508
5526	2312
5286	3590
3599	6030
4517	6079
5000	3501
4299	5508
3459	5376
4619	4415
4579	4052
4082	4030
4638	4903
4391	5196
4212	4622
5107	3680
5273	4161
4003	5729
5877	1279
5265	3928
4427	6409
3557	5414
5380	3873
4093	2948
3704	5310
4290	4945
4372	5209
3902	6691
4386	5960
4579	5728
5579	3874
4701	3508
5113	3423
5785	1995
3717	6203
4217	5366
4535	5218
5586	930
5340	4722
5474	2982
3693	3964
5776	2658
4762	4948
4281	3295
5114	4432
4287	4508
3528	6150
3978	3917
4720	4212
4127	4947
3538	5926
4709	4620
4767	4535
3711	5883
4610	5524
4675	3306
5287	3886
3962	4557
4093	5747
2613	7068
4270	4786
4608	6032
5161	4215
4419	3817
4771	5280
4857	3631
5356	4601
4316	5950
3665	5549
5080	2591
3887	4830
3098	5355
3264	4384
4645	5061
4243	2031
3562	5146
4468	7105
5749	2013
3543	5483
3980	4780
4624	2357
4228	3398
2837	7478
5084	4505
5816	3301
4448	5345
4199	4466
4334	5124
5888	2212
5396	2679
5640	3802
5521	2087
3905	5106
4941	2818
4810	4169
5523	3941
4780	4636
5741	2332
4313	3797
4882	4124
3616	4574
4861	3242
4687	5410
3802	5523
4659	3519
3973	4994
5131	2400
5306	3251
4903	4830
5336	2438
6146	1021
4340	5313
5161	5009
3138	7401
4294	3492
3539	5471
4557	5067
5465	2916
4123	5695
5195	3968
4126	4412
5716	3438
4340	4550
4899	3001
2553	8088
3725	5561
4738	2800
4431	3554
3900	3777
3875	6047
4719	4528
5328	4593
4102	4972
4899	3793
2853	7348
4076	3788
5137	1281
3453	5790
4745	6064
4333	4214
4271	3805
4436	5385
2990	6268
4195	2557
4834	2167
3875	6117
4325	5460
3687	4428
4217	7237
5960	1979
3227	5934
4168	4520
3579	5106
4207	5935
3475	5901
4951	5337
3925	4811
4529	5159
4646	3283
1647	9124
3906	2767
4999	4026
5152	3571
4963	2213
5033	3385
4626	4323
4981	3858
4987	2888
5613	3018
3782	5101
2987	5840
5493	3874
3731	5963
4636	5750
3820	5989
4878	5115
5822	2596
5999	1094
3782	5527
4405	5485
6146	1610
4288	5173
3680	3238
4398	6620
4581	3356
3656	3877
3787	6095
3212	5118
4945	3926
3610	3905
4636	5449
5029	5438
4815	3838
3791	5492
4444	4886
3966	4861
4920	5356
5722	3418
4734	2227
4157	4406
4312	3640
4857	2967
4790	5578
3310	4797
4969	2988
4337	4286
4302	2252
4033	4564
5375	3952
4553	4739
4110	5881
5041	5294
3940	3759
5178	4609
5925	1313
5737	2506
4231	3700
3691	5168
3605	5250
4356	5371
5146	1904
3736	4940
4012	4678
4892	3675
5167	3566
4726	4969
3753	6626
3546	5499
4488	4531
4774	3209
4640	4096
3586	4824
3701	6252
4972	2010
3383	5681
5256	3919
6387	1529
5713	2588
4982	5546
5141	4438
3503	5499
4537	4462
3582	5197
4241	4016
4508	3674
5149	5214
3962	5334
4239	3461
4648	5005
4947	2917
5750	3469
3982	5067
3530	4919
3945	5558
3180	6832
4812	3830
4788	4228
2936	5225
3964	5654
5116	1675
4171	5667
5853	2052
6343	580
6310	1402
3251	5724
3806	4477
4898	2278
3737	6409
3707	5316
5639	3672
4666	5214
5626	2146
3716	5789
3383	5164
4286	3999
4705	3434
5025	2190
5220	3648
4358	2695
4710	2828
4691	4245
4207	4814
3838	4874
4732	3327
3763	5434
3735	5501
6168	2043
4459	5260
4690	5130
4862	4456
5779	1260
4907	3968
4060	5790
5442	3432
5584	1691
5173	2746
4411	4690
4196	3818
5744	2253
5904	1040
3550	5217
5529	3661
5363	3912
4184	3636
4505	2562
4260	3582
4443	6199
3142	5484
3188	4760
3912	5483
3778	5126
2797	6655
3315	7497
4314	5191
4914	3874
5663	2684
4484	5851
4744	5042
3764	4955
5032	5410
4063	4582
5323	2969
5860	1835
5380	3911
3360	5575
5007	3045
5432	3454
5393	2323
4006	4121
4375	6455
4939	3943
5560	3722
5437	3046
4436	3912
4249	4940
5196	3728
4756	3213
3482	6589
5901	1769
4797	3413
3180	5634
4407	4375
3770	5601
3793	6090
5069	3824
4651	1659
4922	2656
4690	2684
4753	6238
4937	3773
4093	4834
3839	5312
4042	5627
4411	2739
3167	7663
5418	2142
4669	4274
4816	5567
4391	4988
5611	3940
4558	4284
4046	4267
3691	6690
5646	2947
4509	4240
4829	3460
5766	2175
5433	3821
3406	5146
5783	1480
5794	1809
5117	3934
5261	3853
4243	6186
3609	4296
4910	1793
5350	3304
4363	3625
5167	5141
4202	5420
4154	6646
4762	5121
5772	3314
3277	5407
4935	2923
4964	5644
5576	2191
3536	4769
6268	1507
3720	3037
4587	5341
4382	2654
3615	4998
4607	6037
3432	4445
3062	4793
4570	2233
4048	4767
4787	3705
5977	2000
5394	3251
5582	2595
4152	4105
3548	5149
4956	5569
5067	2492
6071	2365
5105	4407
5026	5244
3894	4616
3889	4353
3828	3615
4913	2451
3481	6412
5132	2613
4635	5474
5306	1923
4232	4511
4909	6021
5263	4085
3553	5574
5496	2816
4449	3268
4730	1809
4392	5289
5332	2417
5463	3841
5553	2366
6015	1993
5435	1334
3778	3547
3904	4962
3951	5143
4193	3746
5520	3822
3361	5485
4814	1870
4068	3113
3722	5092
4725	4129
3627	5618
4246	3690
4746	5568
4677	3837
3858	3965
3574	6122
4986	3214
5214	4935
3944	5148
4105	5983
4531	2347
5069	5112
4805	2411
5584	3809
3715	4490
4569	6244
4422	4166
3685	5373
5147	2915
3463	4403
4479	3192
4388	5135
4745	4694
4871	5796
5744	3039
3383	5624
3844	4017
3939	3363
4530	2575
4665	3331
4942	5346
5074	3563
3159	5755
4596	5745
6109	2554
3986	5169
5130	3673
3675	7703
6058	2069
3096	5961
4784	3622
4371	5896
3230	5334
4625	3476
5099	2927
3357	5272
3766	5695
5155	2347
3731	5824
4872	2697
5529	2876
3470	6044
4481	3867
2924	5425
5839	1177
4456	4874
3741	5164
4721	3889
4348	2983
3994	5459
5097	5233
4550	3840
4089	5470
4698	2987
4279	4788
6382	521
4186	4345
4645	3632
5442	2767
2684	7258
4655	3611
3443	6673
4259	5628
4452	4315
3892	5039
3865	4609
5083	4519
5907	2949
4783	3992
5034	2873
4485	3324
4873	5212
3869	5036
4892	4261
4972	5552
3227	6019
4156	3575
5268	3502
4768	5161
6420	1069
3774	5353
4556	2942
5169	2678
4477	3577
4017	5268
5273	2659
5069	5090
5038	2935
4068	4947
3445	4582
4284	3248
5513	2686
5264	2102
3590	3638
3368	5405
4444	4350
4322	5609
5201	2106
5692	2427
4824	3956
3405	8327
5096	4593
4098	4161
5140	4691
4463	5445
4655	5588
4999	4114
4701	4582
4442	4820
5638	2038
4265	3891
3843	4699
4964	3009
5249	1831
4154	4383
5178	4289
4464	5866
4263	5438
6215	2445
3942	5564
3883	4897
5629	2429
4408	6884
4708	6121
4385	4160
4432	3550
4717	4155
5840	2923
4032	3868
2853	7787
3117	6788
3985	5144
4114	4876
5365	3675
4055	4402
3776	5793
3966	5537
5212	2499
4618	1622
5432	4189
3679	5830
5486	3476
3520	5161
4917	3883
2969	5485
5314	4441
4415	6269
3936	3166
3909	2804
5761	2584
2435	9205
5713	3095
4848	3824
4470	3592
3586	5960
4855	3996
5047	5019
4938	5400
3528	6237
6187	1818
5609	3050
4278	4615
4233	5386
4655	5089
251	9984
3101	5678
3539	5118
4095	4850
3359	5443
4997	2253
5391	2905
4103	4105
3464	5557
4263	4990
4208	5285
3775	5807
3893	4129
5143	4961
3922	5648
4053	4253
4579	6320
4522	2972
4008	5912
5316	2147
3498	4401
5469	2237
4524	4956
5933	3097
4231	6691
4457	2677
4103	5778
4994	3876
4897	1544
5730	2139
4737	3862
3936	4784
4142	3786
4148	5181
5404	4231
4612	6014
4843	1689
4788	3976
5245	3487
5712	2837
4408	4284
3145	6206
5444	2514
3833	4878
5011	2894
3753	5390
4354	5624
4842	6024
5437	2406
4656	4520
2115	8209
5127	4165
5273	3761
4898	1980
3295	5587
5338	2437
4311	2740
3303	8896
4243	4407
3609	5181
5384	3713
5469	2805
4168	5554
5640	2150
5916	2587
5321	2473
5348	3699
5193	1592
4880	5964
5516	2121
3934	4662
4231	4704
4260	4606
4691	1945
5402	3060
4604	4204
3842	3876
4309	5144
3370	5910
4630	3813
4105	5620
3759	6191
6125	2375
4190	5663
3406	5662
4145	4497
4288	3473
4987	4177
4128	5126
4413	6194
3530	4619
5349	2644
4699	3760
3798	4834
3964	4410
4174	5888
5071	2030
4871	3826
5445	1805
4099	4461
4556	4940
4805	4433
3724	4435
5708	2923
5112	1690
4299	4912
4858	4268
4613	2562
4848	4260
4983	3618
5188	5248
4194	4229
4144	3443
3858	4208
5752	2281
4128	3728
4322	5606
4246	5735
5754	2220
3873	4177
3961	6610
3778	4416
6230	1380
4332	5056
4731	3356
3272	4125
5150	4272
3769	4460
5431	2585
4877	3798
3102	5708
4600	3248
3307	4438
4675	2195
3216	6251
4109	5697
3829	3834
5883	2846
5410	1846
5675	3185
5666	3422
4997	5271
5459	2389
4191	3916
5299	3315
4879	4338
3874	3845
4850	2602
4534	3092
4361	2664
3231	5589
5390	3709
5042	2368
5233	4851
5624	2715
5227	3308
4056	5595
3897	4877
5329	2720
4018	4066
4472	2346
4195	2090
4336	4579
5187	4629
1784	8065
4413	5277
5050	4353
4577	3218
4786	3558
4544	3352
4438	4693
5624	2209
3833	5399
4858	4070
4659	5455
3771	5282
7126	666
3547	3779
5017	4229
4114	3794
3409	5570
3755	5423
4316	5414
3996	4574
3788	4631
4182	5492
3420	4657
4230	5320
5375	1198
5129	1375
4694	4799
4253	5280
3594	5825
4813	5308
3640	7966
4847	5372
4909	3842
4879	2223
3344	6124
2452	6172
5182	3752
3783	4188
4499	4427
4629	2577
4590	5502
3926	6401
4133	3750
4638	5728
4156	4159
4660	2083
4560	3077
3618	4052
3245	6802
5135	3656
4509	4280
3213	5413
4690	4946
3634	4673
5910	2849
3824	5239
4954	3343
4616	5773
4993	2492
4369	3821
5811	1051
4797	3679
4437	4954
2962	5385
4492	3056
5129	4194
4605	2922
4906	4668
3358	5094
4199	5082
3995	4280
6124	1440
2980	5999
5406	3554
5896	1982
4598	6051
4902	2278
4911	4227
4105	4995
3816	6138
4476	4895
4447	3956
4312	3586
5244	2610
3249	4745
4726	3752
3692	5592
5077	4124
4106	2535
6090	2512
4752	6209
3616	3835
3805	5282
3928	4480
3869	6032
3427	5285
3070	5704
4761	1771
5697	3051
5743	3121
4378	2957
4329	7144
4800	4425
2977	5287
5006	5251
4865	5146
3994	4388
4092	5159
4423	4856
3345	8412
4463	2224
3076	5439
3633	4786
4033	5421
4192	4562
4754	2566
4574	2947
3603	3416
4601	6440
4122	4421
3562	4491
3649	4622
5046	2030
5606	1464
3520	5284
4774	3517
4007	4204
3286	4782
4605	6102
4299	2637
3830	4256
3604	6197
4518	4282
4620	4342
5131	2075
3300	4597
3481	5874
5077	5241
4582	3729
4554	2706
6047	2427
4954	5323
4476	3286
3401	4583
3633	5478
5404	2536
4680	3832
3333	4112
3805	4676
3413	5921
4972	4364
2914	6076
3992	4007
6114	1976
3411	4670
4359	3483
4940	4625
5008	2835
5927	1552
4103	3990
4984	4618
3857	6679
5509	1738
5024	5274
3717	5257
3408	5659
3999	5847
3648	6282
4486	5384
6024	761
4366	4647
3420	5571
4483	4962
4539	4713
4208	4725
5080	1530
5420	3573
4572	3918
5296	2103
4176	3872
4530	4416
3871	4737
3844	6054
4237	2880
4679	5161
5136	2175
3505	5544
5018	4640
3303	5752
3672	4657
3865	3793
4463	2649
4966	4966
3593	4022
5211	1005
4742	2967
3755	5168
5294	3633
4231	4515
5970	922
3467	8128
3457	5166
5776	2804
5315	3670
4669	5476
5780	2984
4218	6205
4911	5443
4113	5493
4615	6432
3517	6243
4104	3024
4443	3576
5281	2511
5364	3558
4737	2629
5359	3704
5012	5494
4788	4182
3579	4667
5110	3194
3500	4213
4029	4734
5255	2802
4641	5577
3621	6372
4986	2536
4973	4690
3717	5541
5542	2764
4665	2847
4197	5817
4961	3031
4164	6430
4754	5528
0	9999
5487	4066
5285	4295
4735	3745
886	9791
3656	4554
4917	4501
4939	3147
4714	1406
4604	5226
4288	4710
4016	5192
5148	2759
4979	1714
4685	5148
3649	5207
5299	4490
5277	3796
5585	2696
4405	4232
4047	5634
4727	2135
3592	4542
4109	5712
3755	7856
4840	5245
6310	919
3601	5970
4851	5623
5000	2076
4829	4209
4524	3540
4811	2672
3561	5827
5650	2582
4886	2588
5621	1971
5425	1816
3702	6401
3570	3979
4441	5593
4386	3970
4676	3594
5709	3437
3563	4004
3677	6220
3480	4922
4071	5124
4132	5409
4588	4224
4185	5284
3293	5688
4475	5863
3885	5604
4631	2783
4375	1940
4979	3398
4175	5506
5226	2398
3561	5096
4479	3102
3484	3589
3531	7390
2518	7726
4667	2156
4555	3957
5974	1615
4963	5617
5000	3400
4138	5614
3952	5314
5279	4071
4027	3086
4493	3206
4702	5437
4177	3869
3602	6647
2834	5942
4574	6033
4781	5721
4437	2698
4345	4968
5987	1913
3931	4792
3866	4844
5074	3367
4232	4461
3662	7071
4588	4565
5486	2749
5027	4837
3876	5824
4704	3993
5672	2353
4581	2613
4484	4582
1966	8965
4577	3232
4336	3378
4651	4388
4515	2650
6435	1257
4766	2479
5607	2315
4818	4301
4507	4214
4692	2687
3085	6109
5544	3807
3082	6746
4254	4053
3916	5214
4539	2965
5919	1958
5568	1664
4631	6290
6132	1697
5162	2844
3905	3739
4759	3856
4083	4378
3953	3498
5124	3970
3082	5802
4209	5433
3819	5013
5050	5391
5035	2196
4834	3993
4662	3621
4503	4899
3379	5389
4704	3039
4111	5264
6208	1964
3844	5886
4561	4412
4907	3358
4658	2036
5044	2778
6217	1561
5414	2655
4027	4034
5251	4945
3652	3770
3339	5634
4237	4665
5011	2053
3975	5619
4597	3845
5382	4299
5313	3340
5350	3593
4228	3184
4093	3403
3855	5888
4139	3489
4654	4730
4302	4319
4472	6106
4425	3987
4966	4760
4337	5248
5451	2357
4756	4402
4901	2890
4917	5506
5125	3779
4132	4058
3248	6280
4999	3659
4866	3832
3203	6130
3951	4918
4980	4476
4586	2032
3997	4527
3506	3974
5326	1982
3950	4804
5007	4079
5605	2432
4256	5077
5837	2039
6802	1004
4869	2296
3731	6894
3562	4070
4363	3518
5482	3970
4990	5642
5016	4533
4178	3687
5613	2857
4290	6434
4540	3198
4381	5254
4449	5115
4874	5392
5756	2461
3067	5743
5930	2156
5202	3533
3910	5724
2907	5809
5346	3298
3881	4822
3725	4574
5028	2999
4329	3808
5202	1622
3503	4217
3993	5359
4287	4983
4164	4425
4245	5244
4935	3703
4900	3626
5494	3460
3524	4548
4245	3756
4767	3053
3269	6550
4073	4132
5811	2626
4622	4848
3235	5929
4843	5571
4334	3831
4090	4534
4763	5280
5511	2617
3007	6059
4579	3436
4816	3180
4980	3327
4596	5119
4682	6688
3750	5044
3933	5349
5644	3559
4071	4464
4705	2346
3912	3432
4778	4934
5580	3850
4967	5014
5949	1252
4711	4356
4957	3279
4107	6173
5362	3018
4222	4451
5573	3616
4713	3896
3710	5339
5806	1862
4492	3419
6135	1995
4484	6427
4696	2998
4215	3679
4451	5836
6032	1066
3861	4858
4494	5973
2674	7715
3198	7076
6484	1772
2936	5660
3778	5519
4226	4288
4308	3123
4480	3188
4986	3160
5215	2350
2829	5825
3360	4930
3273	5461
4743	4735
4738	5609
6196	1704
4494	5251
4244	2552
4148	2757
4415	4351
4320	6048
4377	4727
4717	4682
4648	3765
5548	2133
5133	5409
4331	4339
3881	5013
5636	1382
5064	2324
4979	1655
2558	7763
4652	4489
3001	5983
4138	4960
4476	3332
3144	5371
2817	6883
3467	5975
4510	3308
5222	3584
4774	5198
4390	3784
3853	4994
4356	2396
3343	5541
4711	1850
5008	3237
5414	1974
4217	5030
3969	4771
4102	5092
3431	6370
3993	5040
4487	5085
5181	2485
4315	5082
4015	3787
4996	3854
3987	5946
2815	6250
6248	2081
5457	2748
4545	6358
3581	3820
3612	4905
5224	3970
3881	5989
6188	2140
4447	3464
5352	3597
3670	4622
3893	3614
5073	4957
3706	5958
2836	6704
4021	3938
4550	5681
4048	5984
3810	4062
4684	4748
5092	1873
4222	6358
3984	6199
3827	5715
4413	5935
4494	5922
4548	4706
3208	5707
4151	4682
5294	1053
4366	5101
4421	3921
6180	2219
4637	5416
5665	2418
5704	3045
5410	1949
6086	2392
4094	6422
5188	3184
5413	3064
5318	2936
3681	5685
4572	4275
4579	5730
3851	4218
3939	4657
3505	5716
3162	5618
4062	5039
4535	6144
4674	4539
5906	2367
4235	3974
5739	3568
4585	6710
4983	4294
3601	6649
5084	1773
4050	4144
3852	5076
3876	4689
5003	2374
4885	3012
3830	6511
3877	5551
4153	4944
6228	1915
5496	3802
4910	3226
4317	4973
3971	3904
4108	4153
4339	4512
6078	2270
4489	3800
5815	1837
2936	5103
4020	4629
5358	2238
3879	4828
3675	5300
2853	6243
5031	5512
4188	2867
4527	2885
4668	3609
3804	4080
5182	4819
5881	2212
3867	4272
3833	3316
4592	5522
4072	3093
5905	1763
3754	3787
3890	5101
4418	4508
4895	3760
4439	4437
4947	5721
5046	3814
4281	4060
4338	4717
3575	4933
3312	5187
6113	2309
4382	5934
3890	6102
4824	3833
4373	6022
4156	4618
4726	4151
4524	2849
5518	561
4860	3489
4279	3722
6364	1984
5248	3520
4329	6044
4630	4917
4103	4349
5564	2251
3363	5639
4801	4175
4348	5257
5130	4458
3989	5321
3251	6048
4127	3605
4408	3824
4260	5038
3876	4016
5512	1621
3791	5564
3948	4947
5572	3072
5200	3982
3266	4683
4409	6527
3319	8686
4386	5734
5081	4205
4950	4372
4648	2531
6431	1750
3049	5150
5268	2286
4185	3513
5317	3572
5184	2990
4700	5368
3761	5164
4158	3552
4249	4693
4131	4785
4641	3898
4342	5196
4587	3917
4478	3278
3691	4821
4890	5154
4584	3985
4665	2329
5443	3520
3666	5554
3569	7149
4184	1991
6269	1640
5628	2113
4269	2721
3568	4951
3492	6889
5449	4076
5045	4280
4120	6638
4654	2997
5184	4486
4637	2202
4502	5382
3442	5829
4157	5073
3479	7695
4480	4368
4863	2529
3765	5385
5783	1841
3344	6812
5180	2347
5116	3801
3990	4895
4120	3672
3883	4060
3978	3706
4820	4345
5181	4821
3909	4064
5092	2172
4897	2512
5173	2691
4166	4893
4895	4330
4691	5388
4767	3674
4602	3937
3572	4270
4424	5462
5513	2694
5675	1775
4258	4117
3069	6620
6092	2647
3889	5711
4873	2520
6571	1284
4711	3768
4558	3619
5720	2480
3935	3616
5288	2081
3859	5586
3263	4826
3426	4998
3095	6811
4207	4576
4670	5911
6062	2216
4939	3196
5053	2151
5779	1446
3864	5902
4529	5530
4202	4394
3783	6178
4390	4890
4142	6232
4586	4245
3303	4904
5011	3145
5158	2216
4052	2587
5832	2076
4867	5407
4733	5531
4620	3040
5358	1103
4876	3586
3526	6222
5809	2518
4717	5013
3969	5156
6376	821
4009	4737
4688	5123
3482	5548
3509	5814
4097	5410
4663	5428
4853	5884
3946	6442
4912	3949
4098	6203
4493	4684
5147	3918
5366	4120
5917	3088
5183	2774
2783	6855
4297	4196
5304	1664
4624	3622
3869	6629
4814	3160
5152	3658
5519	3266
5055	2638
5654	3536
3069	6595
3340	5581
6472	1049
3871	6575
4460	5551
3747	6486
4634	2471
3590	5828
3500	4800
5566	1369
6104	1853
3350	5516
4947	4637
5222	3286
4117	3722
5070	3722
3122	4409
5168	3057
5766	1705
4663	5482
3747	4498
4084	2405
3653	3739
4604	3706
4571	1662
4525	4231
5056	4053
6293	1753
5630	677
4311	4954
6291	2297
6197	1588
4649	3844
4658	3747
4023	7759
3207	5625
4801	4972
5077	2081
4982	4575
5085	2645
6102	2270
3987	5942
4136	5660
5246	4849
3865	3449
3227	5663
4116	5018
4453	5431
4974	3308
5011	5566
4560	3506
4488	3475
4356	5649
5972	2870
3961	5518
4611	4613
5305	4367
4100	6981
4999	4515
3530	5434
3871	3791
3492	4443
3475	4701
3836	6060
4500	4014
4516	3260
5712	2916
4584	5183
3071	5628
3945	5951
4377	2183
4272	4912
5044	3966
3292	8165
6418	1768
5571	3015
4551	4837
5453	3026
5285	3415
5363	4005
3743	4965
4087	6790
3447	4766
4879	3890
3656	4504
3101	6197
3574	4474
4447	2984
4715	4368
4043	6331
5090	3552
4587	3786
3888	4338
5333	3504
4842	5889
3243	4995
5419	1696
5232	1080
4917	4146
4965	2199
6155	2000
5369	4482
4497	4090
4218	5242
4387	5151
4800	4759
5595	2321
5421	2155
3629	5554
4856	2853
4267	5580
4880	2912
4615	5599
4762	4220
4515	6132
3234	5082
4562	5710
4382	4534
4464	3115
3093	6044
3522	6335
4266	6072
4182	5710
3028	5710
4866	4970
4541	4219
4039	3592
3469	4103
4483	4744
5115	3102
4772	4874
4488	4317
5168	4298
4928	4316
3887	4034
3126	6383
3705	5680
4568	3688
4821	2710
4320	4328
5105	4282
5634	3072
3347	4944
6104	1801
5865	2239
5870	3318
5506	2552
3718	4752
4098	4801
4827	4764
4755	4998
4612	5486
4476	2965
3773	5524
5353	4208
4127	3341
2992	6841
3438	5658
5138	3095
4458	5524
4535	2716
5688	2794
5540	2393
4896	5440
3425	5862
4056	4504
5151	3558
3897	4077
5145	1828
3594	5775
5326	2729
4397	5237
3905	3331
4179	3140
3694	5649
4443	4581
5941	2397
3719	4152
4950	3737
3591	5695
4005	4172
3401	6891
2653	7315
4132	6204
5218	3804
4873	5839
4962	5327
5106	4630
5374	2886
4379	4085
4875	2548
5130	5255
4159	5570
4414	5828
4218	5657
5160	2851
5287	4537
3827	5170
3041	5154
4608	5965
2399	8160
3662	5053
3941	5424
4608	4537
5296	2472
5213	3111
4850	4265
6173	2220
5926	2417
3897	5758
4691	2306
4383	3163
4683	6608
4705	4767
4496	4202
5852	3261
4749	5391
4392	3575
4680	3724
4503	4634
4627	3323
5160	2377
3516	4778
5217	4454
3880	4974
3674	5964
4968	3429
4225	4837
3926	6154
3919	7248
4602	1784
4741	4274
4002	5791
5305	3476
3017	6346
5294	4665
5150	5262
4008	3912
4631	4065
3325	5029
4640	6118
3169	5657
3899	4937
4655	3307
3948	3737
3967	6630
4477	5824
5435	3290
5574	2838
5239	1595
4590	6040
6044	2100
4586	5252
6255	1229
3559	5537
6132	2028
3621	6267
3391	4921
5113	4942
5069	4987
4239	4507
5429	3422
3948	5663
3469	5959
5199	2256
4917	3108
4821	3004
6067	2310
4677	3659
1994	8218
3773	5339
5057	3694
4993	3494
4914	3819
4131	6976
4440	5560
4823	5881
4058	5538
5358	2789
3960	5872
5108	4694
3706	4935
4913	2096
3886	4454
4132	5359
4007	5776
4473	6858
3814	4335
5339	2496
4541	5459
6177	2257
4253	4580
4701	3201
5507	3738
6481	973
5942	2927
4078	5227
3576	3383
5100	3209
4566	5815
5495	3309
3995	4181
3927	6622
3420	6453
4180	4802
5299	4313
5463	3709
5594	3472
3608	5913
4975	3055
3704	4070
4693	5925
4377	3111
3033	6598
5178	2365
3430	5123
3309	5846
4258	6066
4574	6851
4146	3377
5212	2688
5673	1227
2803	8208
3233	5187
3956	5368
5066	5581
4343	4245
5763	3289
4304	3037
3963	5861
4196	5712
5352	3646
4676	3858
6199	1173
3583	5142
4582	4319
2796	5581
4119	4112
4670	5415
5100	2157
6276	1363
3960	4946
5554	2022
4909	4845
4532	2960
4866	3464
5220	2087
5032	1900
3257	5660
5519	3832
4331	4679
4210	4669
4691	2281
5363	4483
2801	5731
4432	4768
4057	5132
4013	5263
3923	4665
3716	5115
5287	3058
5201	2896
4794	3115
3771	3825
3812	5591
4470	3682
5510	3973
4786	2875
6658	1529
4584	5834
5699	3003
6221	1909
3404	6309
3340	5752
3289	5324
4590	3171
5215	1908
4588	5403
4647	5207
6301	1235
4762	3896
5490	3608
4233	3840
4375	4667
4352	2322
4751	1887
2823	7849
4425	4165
5386	2249
5324	1637
4667	3434
5200	1588
3545	5645
6301	1004
4743	3466
4560	4659
4005	4411
4844	3175
4675	5799
4741	2695
3602	4967
4870	5850
5893	1688
4384	5603
3939	6340
5919	2562
5073	910
6289	2129
4539	5423
4716	3921
3490	4120
5974	1143
4368	2912
3767	3821
3833	3605
5072	4246
3969	3617
4559	6024
3854	5545
4086	3587
4002	4446
4564	3734
5894	2816
4583	5025
4182	5521
5590	1561
5147	2495
4082	5980
4948	5769
4226	2769
4847	4770
4547	3874
4492	3218
3645	5822
3922	7833
4314	2402
3487	5310
4283	3625
3925	5440
3775	6567
3486	4697
4634	3250
3979	5567
9999	0
5155	4375
3609	5691
5092	5450
3787	5262
4620	5981
3788	5599
5443	1151
4933	4543
3491	4098
4105	5977
4873	5532
5454	1670
4869	2474
5003	1887
3242	5013
5111	4265
6246	2240
3687	4366
4265	4360
5260	3840
4374	2529
4133	4007
3759	5951
3478	5083
4958	3009
5742	1807
3986	6237
4363	4946
4163	5008
3773	5702
3178	5443
4919	2110
4509	4073
3785	5735
6138	2309
4361	3724
4899	4220
4020	3834
5365	3055
4188	5079
4352	4637
3121	7238
3057	7046
3893	5786
3997	4470
3939	5228
4456	5426
4565	5314
3474	5748
4376	5053
5464	2289
5555	2430
4748	4416
4630	5836
4239	3743
4903	4513
3432	6344
4770	5094
4586	3585
5201	4780
4067	5918
5826	3114
4442	5367
4279	3632
2466	8734
4020	5242
5461	3097
3521	3871
3786	4109
5058	4614
5300	4555
4908	5482
3948	3359
3771	4616
3057	6946
4997	4678
4571	4816
3516	5435
4850	2687
4628	3818
3706	5233
4867	3475
4670	5257
5457	4083
2791	8475
3967	5647
5972	2293
4664	4697
4018	4228
4759	3717
4928	2498
4797	4504
3932	6284
4207	5496
4610	2058
4558	5459
5080	3961
3760	5304
4111	5031
2685	8898
5251	2138
4955	4849
2844	5936
5507	2407
4217	5142
4833	3674
5660	1459
4053	4185
4598	1863
5419	3422
5338	3653
3585	6809
4117	5116
4526	2488
6302	1472
3647	4074
5117	4366
3420	6142
5369	3720
5725	3386
3131	6322
5731	1955
2785	7465
5512	3361
4396	4659
3641	3782
4480	4713
5632	3177
5318	2722
4360	5427
3835	5223
4342	4112
4348	4099
4559	4815
4819	4727
5921	2795
3309	5483
5281	2421
