2929	6
6686	6
2133	11
4904	2
5673	2
3195	11
5313	6
3340	12
4206	12
4174	2
2669	2
4382	2
4827	6
3593	6
1892	11
2581	2
6402	2
4134	9
3351	11
4556	12
2525	2
1601	2
6651	12
5017	6
8173	2
2970	9
3186	11
3601	2
8130	2
4031	2
5139	2
2655	12
3561	9
4285	12
6047	2
3764	2
2683	9
3781	12
4475	2
6404	2
4547	2
5603	10
2455	6
3578	6
2538	2
6670	11
3490	12
4520	10
2875	2
5393	11
3843	2
2804	2
3057	11
5272	2
4923	2
2857	11
2024	2
4014	12
3560	9
1813	6
2325	12
2756	9
7814	2
4318	2
3191	9
3021	10
3990	11
3870	12
5725	10
3901	6
3772	2
3783	11
4713	2
3340	11
3592	2
3265	10
7806	2
5487	2
4644	2
4156	9
4022	2
4489	4
1148	2
4918	2
4001	2
5058	11
2258	9
4459	10
2740	9
2653	2
3857	2
4341	12
3891	11
1971	6
3595	9
4320	12
2783	12
4555	2
2602	6
3338	6
3113	2
4585	6
3521	2
3134	11
2785	2
4512	2
2587	2
3651	6
5107	2
1252	12
3417	2
2247	2
5226	2
3629	6
4956	2
4612	12
2811	11
5755	2
4163	2
3661	2
3255	10
7259	2
2279	10
3054	2
2915	12
3991	3
4253	6
3261	9
4799	12
2746	11
4763	2
3601	2
2782	2
2939	2
3973	2
2798	2
4364	2
3074	2
4666	2
4547	2
4504	2
2572	10
3048	6
5587	11
6162	2
7183	9
5135	2
4278	12
4122	6
4356	2
3631	2
2072	2
1743	1
2883	2
3300	12
4350	9
5956	9
5051	2
2169	6
4103	11
4795	8
2867	10
3591	2
3459	2
2946	2
2594	2
2697	6
1187	12
4771	6
5826	9
2321	6
5639	10
1593	9
3458	2
3966	10
2640	2
3486	12
4763	9
4073	2
5003	3
2355	2
5535	11
1774	11
3596	6
3445	10
5220	11
3277	2
2017	6
4250	3
3116	2
2400	2
5303	7
4646	2
5721	2
4354	2
3808	2
4853	4
2180	6
4684	12
4519	2
3048	7
6543	6
4225	9
2653	2
3610	2
3446	2
3877	6
8280	2
5226	12
4594	3
3333	12
4665	6
3165	2
2633	2
3843	2
2383	2
5702	12
3395	9
3974	2
4776	6
2518	2
2761	6
2977	12
6028	2
4788	2
3212	2
4584	11
6890	9
3849	2
1830	2
5175	12
2663	6
3926	11
2515	2
4919	12
8824	6
3921	2
2385	2
3391	12
3510	7
2546	12
5632	2
710	2
5827	11
2569	2
2426	2
3291	2
4523	2
3972	2
1804	2
4350	11
1847	6
3930	9
1761	2
6168	6
1637	2
4297	11
3618	2
3742	2
5015	11
2344	11
4616	2
6053	9
4873	7
8397	9
3698	2
3652	2
5435	2
2767	2
3815	2
2539	2
5814	12
4326	2
5123	2
2958	2
5557	9
2668	9
5667	2
5753	2
4411	2
2672	9
1339	2
7525	12
3544	12
6813	12
3488	2
5324	2
3563	12
5956	2
5752	2
3783	2
1413	10
703	6
4894	9
3500	2
2177	3
6265	2
5433	11
843	2
2326	2
3490	2
2306	9
5182	2
6065	6
2642	2
3076	2
3685	12
3406	2
4256	12
6627	2
2373	6
2405	2
2777	2
4365	2
3992	12
7529	2
4495	2
5897	10
3659	2
3118	2
4016	2
5115	2
3303	6
4477	11
3241	2
1610	2
1771	2
3987	2
4074	2
4516	6
2416	12
5319	11
3289	3
5751	9
3823	3
5979	2
3515	9
3815	10
4022	2
3600	9
5194	9
3861	2
4836	6
3624	6
7521	2
3598	6
7763	9
2836	6
4091	2
3865	2
4198	12
5402	2
8872	2
5250	10
3497	2
2723	6
3006	10
3390	2
3859	2
2780	2
4574	2
2553	9
7314	2
4051	9
5146	2
3000	2
2802	2
1944	2
3592	12
3178	2
2618	2
4169	12
3871	6
5464	2
5933	12
3944	2
2802	9
4047	2
7013	12
3844	2
5349	2
3545	6
2403	12
4476	6
2906	11
8216	9
4453	2
3527	12
2475	2
3173	12
4045	12
3590	2
4675	9
3800	9
2977	9
3875	6
4725	2
4305	2
2898	2
5318	2
4784	12
3667	2
3639	2
2726	2
2537	10
2733	2
1985	6
1618	9
3990	2
5399	2
2982	9
3944	7
3821	7
5042	9
5550	2
6024	2
3471	2
1570	12
4934	12
2104	2
2720	12
2722	6
5315	2
2480	10
2789	10
5616	3
4447	11
5046	2
6561	6
5146	6
2798	2
2525	2
2887	4
6948	6
3490	3
4043	2
2236	2
2761	2
4701	2
1761	1
3178	2
4591	12
4525	9
3120	2
4184	7
7240	12
4098	11
3991	1
4604	10
4359	2
3452	11
3693	11
5860	12
3085	9
4397	2
3932	2
5653	2
3403	2
4624	2
3234	11
2827	2
4379	2
3611	2
4142	2
2309	9
2067	6
3413	9
5318	2
4886	2
4459	2
4991	2
4022	6
1942	2
4043	2
2513	11
4668	6
3020	2
2607	6
4045	6
2598	3
2731	2
4865	11
3141	2
3166	2
6276	2
3288	2
2278	9
7577	2
4588	6
2770	2
4068	3
3946	6
4539	9
4282	9
2437	6
2556	2
5669	2
1741	9
6384	2
2765	2
5585	2
4356	2
5141	9
5368	11
2210	2
6836	2
3946	10
4177	12
3948	9
4486	2
3573	12
5400	4
4308	3
4727	2
4030	2
4359	12
3129	2
3737	12
3456	12
7550	6
2305	6
4498	12
3204	4
8284	12
3299	9
5844	10
1805	10
4781	2
6340	2
7028	2
3005	7
3680	6
3401	2
5551	10
4088	9
6147	3
6370	2
4076	12
2783	9
3234	2
5079	2
2933	11
4341	1
3635	12
3662	10
3670	6
2191	2
2875	2
3346	2
570	2
3100	2
4015	2
3116	6
2992	12
2646	11
3803	3
3064	2
2180	9
2574	2
3285	2
4698	12
2667	6
3999	2
2777	2
8870	6
1539	2
5423	2
4121	2
3428	2
2794	2
6400	11
4870	11
5463	2
5376	2
4574	6
1607	6
4926	2
2837	2
4016	11
2587	6
2180	12
2421	12
2875	2
2536	6
4631	10
3496	2
4083	2
6949	2
8068	2
3233	2
5276	12
5151	3
4166	2
2415	11
1917	3
3520	6
3204	2
4961	2
2582	2
2352	2
4416	10
3652	9
3627	2
3824	6
4408	10
2637	2
3620	2
3495	9
5015	1
5481	6
8051	2
3578	2
2639	10
6801	2
4198	2
3188	2
2614	9
5832	12
1952	2
3414	12
4667	2
4312	2
3779	2
4731	11
4090	6
4312	2
5641	10
6509	2
4184	9
2633	9
3827	2
3056	2
3993	2
7916	11
3655	2
5593	2
3683	2
4278	2
5894	2
2560	10
3690	2
2263	6
4276	2
4839	2
1689	6
3779	12
3374	10
3314	6
1662	2
5041	11
4398	2
3519	2
4935	2
2725	2
3030	2
5754	11
3390	9
1385	6
4347	11
3894	2
4398	2
4392	2
1838	12
4875	11
2901	2
4000	2
2708	2
4000	12
3425	9
4129	6
2049	2
3817	2
926	2
3777	2
3263	9
4975	2
4934	2
4131	2
3355	2
4210	2
3746	6
3099	11
5189	9
2826	6
1719	11
1716	2
6627	2
2745	11
0	9
2777	6
3327	12
4644	6
3637	2
5983	6
1769	2
6556	2
4770	2
2583	2
3093	1
5855	10
3324	2
4034	1
4762	6
7318	2
3615	2
3938	6
3884	10
6153	12
3592	2
3354	11
4421	11
3312	9
5202	2
2559	2
3450	6
5625	2
3424	12
4983	12
2563	2
4928	6
2705	2
2718	2
3114	12
3583	7
4028	2
2540	2
4609	12
2791	2
2888	2
5517	2
4812	10
3208	2
3475	4
3448	12
3130	7
3137	6
3359	10
2948	2
5362	2
4420	2
3934	10
7283	2
7793	2
2713	2
5447	11
4126	2
2054	12
2292	6
4449	6
3430	2
2391	2
2455	2
3077	6
5308	2
4969	9
3713	12
4267	6
4370	12
3300	6
3083	2
2194	2
2002	9
2878	2
4627	2
3478	7
2251	2
3514	2
3518	7
1927	6
1398	2
3849	11
4163	12
4111	6
4742	9
3781	9
3039	11
8642	2
5905	2
2442	2
2895	1
2591	2
5921	2
3487	2
4964	2
2179	6
3219	2
5396	7
2852	2
3113	11
4841	2
4395	2
5894	11
3027	2
4173	10
4666	9
7971	11
4817	9
3830	2
3422	11
8775	2
5215	11
5505	3
6540	2
5574	11
3894	12
3444	9
8908	2
4456	6
4045	2
7138	9
4323	2
3763	2
2943	9
3634	6
6176	12
4713	6
3324	2
2208	9
3180	2
3632	2
2951	3
3210	2
3159	2
3789	11
4812	6
3640	12
2936	2
2515	9
5543	2
3567	6
8893	2
4056	3
5356	12
2871	11
2868	2
4554	2
2955	11
3019	2
3676	2
2854	6
2341	2
5083	2
2622	12
5032	2
5880	2
3156	12
3642	2
3698	9
6385	6
3990	2
2834	2
4253	9
3554	2
3284	6
3713	12
4880	6
3103	2
2469	12
9958	2
2746	2
2994	10
5177	2
4145	6
5044	6
5350	9
1666	10
5981	11
6128	6
4097	2
5892	9
3994	9
2693	2
2291	2
2667	11
2990	2
2705	12
6114	12
3224	2
3240	7
5478	6
3465	11
3329	2
2677	9
3728	12
4504	2
3621	12
3404	9
3598	2
2506	2
5774	2
3655	10
3680	6
1240	2
2385	9
2189	2
4164	11
4638	2
4097	3
4917	10
7830	2
3628	2
3136	11
3118	2
2080	2
3631	2
4633	2
2192	9
3069	12
6909	2
2203	2
3578	2
3906	2
2563	12
1817	9
3366	2
2344	2
2598	2
5695	2
7684	2
3043	2
3781	12
5436	12
3146	2
3297	1
5332	2
2642	2
2980	2
3741	2
4485	2
2894	10
2180	7
3362	2
4249	6
4590	2
3015	2
4293	2
4217	2
4738	2
7162	10
1407	2
8434	2
2599	2
4029	6
3487	6
3464	2
3020	6
4334	12
2848	2
6046	2
9999	2
3265	2
3420	2
2242	2
3277	12
2047	2
4808	2
5733	2
4248	2
5951	2
5208	9
1630	6
1538	2
3522	6
3564	11
6981	2
5485	7
1620	2
2761	12
4147	2
1346	2
7779	2
4965	9
4824	2
3612	10
4372	12
4007	9
4948	12
3998	2
1760	6
4618	9
1246	1
3093	12
6317	2
4298	2
2946	2
6000	9
3311	2
3129	2
5137	6
5370	2
2383	2
3076	2
6453	7
3752	2
2721	12
3828	2
1657	6
3840	2
2886	12
2701	6
3544	9
5008	2
4213	2
3107	6
5156	7
3097	4
5315	2
4105	12
5262	2
3460	9
2925	12
2165	6
2362	12
4262	2
1575	2
6864	6
2277	10
3411	11
7956	2
3212	11
3681	6
4149	6
1295	12
3929	11
1263	2
3612	2
3647	2
5362	2
5309	12
3149	6
3032	2
3824	11
6241	7
3344	2
4725	9
5598	2
5086	11
5475	2
2614	2
7409	6
4153	2
3533	2
3570	2
2367	6
7455	2
2933	9
3744	2
4183	12
3449	2
4451	6
6207	9
5025	2
4863	2
3240	2
1579	6
3680	2
3974	2
2727	2
5238	2
4128	12
4247	12
4641	2
4308	11
1641	10
4364	2
2119	2
2752	2
5718	6
4365	2
2119	7
3593	12
3244	6
5438	2
3285	2
4833	2
4263	2
3672	2
5331	12
5392	2
3346	6
2677	11
3545	6
3569	2
4902	2
2853	2
2756	2
3261	2
9041	2
4986	2
4026	9
3978	2
4155	6
3289	12
6378	2
6496	12
3101	5
4063	10
4046	12
4523	2
3930	6
2470	2
2818	2
2846	2
5011	6
3344	2
2673	10
4372	12
3222	2
4278	2
4290	2
1824	2
3982	7
6570	2
1820	10
2223	6
3068	10
4733	2
2621	9
2792	2
3739	12
2253	2
2785	2
2831	6
3972	2
3374	9
852	2
5119	2
3402	2
2954	2
3944	2
3082	2
8263	2
3329	2
2803	2
4541	12
5367	2
3543	2
3979	9
3337	6
4517	12
1878	9
3353	6
3087	2
3146	2
3592	12
5263	2
2957	6
2527	2
2790	12
4871	2
6363	2
4068	2
2562	10
4356	10
6153	6
2869	10
3186	2
4935	10
3444	9
2913	11
3291	2
5545	2
4141	12
5148	2
1276	2
3473	2
5222	10
2944	12
5986	2
3422	2
2698	2
3920	3
4837	2
3158	2
4013	2
4464	6
2695	12
4218	12
2426	9
3257	2
3747	12
3694	2
3604	6
3195	2
2394	6
2493	2
3352	6
4963	11
