4257	33
6193	84
5010	171
7060	107
6938	159
7038	81
5398	217
5365	224
6049	214
7050	189
3328	135
5762	190
6117	176
3916	62
5784	200
6328	89
8245	30
5900	213
5347	218
5039	62
4771	214
6506	150
4124	9
3649	127
6889	208
3200	209
1358	56
827	218
3756	31
6500	153
2808	191
8483	102
7365	72
7556	48
697	207
7555	126
6005	192
5995	193
3066	223
5010	190
4100	45
5716	199
4516	221
7944	33
6268	47
6072	208
7852	35
4412	18
4394	228
4925	199
3190	180
6187	191
6880	210
7753	96
3823	50
7932	151
5324	220
7856	44
8612	28
8176	59
4380	8
2843	219
3862	142
8155	12
6844	119
7607	171
3265	143
5465	218
2735	217
6341	79
6239	58
6843	157
7548	48
7002	204
5146	4
6316	184
6217	198
7690	40
7520	117
7938	38
4394	33
1584	190
6239	176
6218	62
949	81
4907	186
1573	188
7283	191
7911	30
6734	31
7841	25
6893	14
6270	192
5376	217
2669	10
1869	183
2900	185
3398	122
9286	34
6537	183
6030	111
2775	226
7199	103
8008	137
8604	94
3308	176
7438	119
4798	201
5609	95
5457	216
8545	112
4559	55
8057	4
6479	2
3537	111
6559	159
6326	159
4933	205
7421	87
8374	24
6601	172
3172	210
1349	223
2857	201
3370	89
3186	220
6580	164
5469	217
4046	103
8447	122
6211	42
792	122
2733	188
5768	201
8321	50
2102	19
5999	189
4996	193
1281	31
375	88
6295	196
6546	154
6307	183
2888	214
4246	218
3847	134
6127	91
4912	111
6856	19
6076	180
7142	159
5852	214
6167	110
5887	121
3184	211
7380	116
7118	94
5831	143
7887	24
6638	154
4668	177
6284	198
2096	72
6573	161
2738	165
6659	213
3651	160
3063	205
7832	14
6013	198
7033	158
6048	176
3286	107
5924	200
5930	215
1690	160
7521	61
6490	176
5428	164
6694	128
6219	166
5829	98
6540	151
4594	193
4604	224
6623	143
8556	42
6500	30
6562	220
6363	184
3464	97
8067	91
6382	167
7578	86
4669	222
8117	74
5776	120
8278	27
6550	163
5731	204
2754	201
3173	137
7630	71
4209	52
7825	99
5129	178
7146	142
1042	218
6526	143
4579	220
3063	207
2736	226
2327	102
6057	201
5414	130
5865	126
6329	44
6199	86
5590	214
7748	83
6704	124
9603	37
7003	90
7629	54
6048	212
6007	199
6475	146
3848	130
7543	89
2520	219
1190	212
3722	29
6066	91
8440	42
5319	225
7273	194
4835	209
3130	146
2989	184
3388	151
3142	179
5276	91
6446	178
6177	203
6261	197
6835	158
5752	203
7921	73
7739	27
4119	122
1423	60
6598	217
6347	175
7384	189
6485	146
3836	124
5458	171
6292	64
7583	108
5554	146
6148	90
9178	82
909	217
2651	225
4967	189
4097	22
4856	173
5534	221
5555	222
6213	187
5419	220
1551	138
3551	95
8459	102
6415	79
5210	189
8231	46
6687	45
7362	114
6662	136
975	195
6620	131
6454	187
3465	193
5838	90
6425	159
971	210
3080	205
6582	138
3171	216
7173	152
7080	133
6266	42
6522	190
5822	41
5772	44
5384	152
6609	132
5686	208
3837	150
3113	220
5764	209
2536	89
1751	127
7442	64
7551	84
7888	43
6002	82
7217	141
3894	47
7888	75
6253	171
5574	204
3653	50
6708	142
7722	168
7479	63
5460	41
5134	194
5660	213
5941	61
7195	89
5494	135
6615	139
5178	180
5718	125
6112	176
8181	6
4883	212
6203	212
5370	146
5889	190
4725	205
2803	201
6662	213
9231	47
9199	77
5708	125
3193	186
7641	172
6315	26
5553	212
3971	169
5396	98
6911	157
1446	212
5600	214
3304	173
1473	131
6642	167
6935	115
6007	183
6865	134
5680	225
6344	200
5499	211
3421	165
7176	9
6344	196
5604	219
7076	139
5398	168
5700	135
7329	70
5726	224
5962	113
1757	32
6448	183
1173	205
6631	146
6802	122
5846	191
5430	211
7622	53
5451	221
5620	207
7240	96
8000	95
7981	141
6436	187
6392	197
9121	48
5819	200
4387	222
7078	135
5812	220
7807	26
7919	16
8194	140
6407	147
6860	129
939	162
5152	188
6910	113
8888	99
5872	191
3350	119
6282	189
6440	146
4820	208
7421	191
8324	39
3282	136
2944	183
3321	200
5718	221
8096	54
1850	121
7786	58
8915	60
3911	154
5858	216
3701	163
7154	136
8832	13
7483	66
3549	95
5327	162
8334	42
1773	74
5788	193
5686	201
3958	33
6430	197
7187	92
8267	137
7126	88
981	82
8623	22
3446	155
5982	211
1527	77
3642	168
4776	202
3305	27
4677	202
6539	34
7555	159
4826	201
3225	160
3305	124
6418	168
7215	106
5400	219
1331	196
7011	154
5893	191
7586	40
6799	132
4795	212
7407	99
3906	51
5723	127
6977	19
5932	184
1373	145
6396	192
5648	192
7914	75
1050	171
8002	29
6365	149
6048	191
5088	184
6146	65
2521	214
1098	87
8046	82
5466	158
5310	224
6096	174
2886	141
7463	117
8316	134
6649	163
6221	168
3660	128
1611	169
6167	94
5841	191
3762	49
5951	96
5110	26
5513	217
5864	199
4712	202
3686	163
6789	141
4643	203
6810	142
5470	221
6140	207
8367	35
6478	185
2880	189
3562	167
6696	220
5655	229
5198	64
5672	150
7316	133
7356	74
4563	4
5946	75
891	215
3259	212
3018	215
5791	219
6995	116
5952	129
5910	199
8361	56
5528	149
1050	15
3183	209
7294	68
8173	10
6838	159
4815	37
2155	51
3848	89
5056	185
7815	24
6779	113
6520	80
3003	203
1537	206
5607	224
7668	50
5774	212
8096	70
6687	147
5645	224
2644	198
6842	159
6329	55
5683	205
7699	132
8338	52
6317	163
1431	61
7164	92
5958	211
6105	214
5546	226
3475	188
6510	197
3837	44
9395	25
8294	111
5343	222
6681	135
7245	131
8011	58
7517	112
6274	191
5280	224
2029	54
3812	111
7885	62
5616	203
6608	33
6494	155
6059	204
6004	182
5737	208
6715	144
5788	227
1803	83
6817	161
3205	182
2977	169
8787	100
6894	120
2873	1
5518	134
5788	217
5226	192
5085	191
8027	37
8399	114
6920	118
5448	216
2547	225
6392	162
4812	190
1167	37
5734	205
3096	197
4323	147
7847	72
5850	102
7521	56
6494	76
5605	140
7946	82
4631	225
6397	193
6062	172
7631	95
6896	160
6427	194
6544	190
7204	81
6716	168
7460	78
5465	218
5025	188
5450	226
3931	223
6332	177
6046	85
2177	139
5665	225
2865	227
2162	49
4950	180
6967	119
2034	90
590	204
1188	176
7368	123
6055	207
3928	50
4702	228
6787	129
7353	54
2445	216
4813	211
6374	186
7450	51
6310	63
6705	30
6454	139
6027	133
1525	105
3591	102
5023	196
5613	157
7987	9
3541	101
7811	27
5959	214
6511	27
3907	50
6459	155
7789	98
5980	131
2845	178
7515	118
5850	130
3992	219
5206	186
6061	195
8038	57
5123	181
6303	157
8497	96
5546	210
6746	169
6794	164
5717	204
4686	217
6034	204
5317	151
4158	109
8426	37
4439	51
8679	24
7411	88
5762	199
7343	69
5928	212
6699	172
779	86
7371	102
1053	83
7167	88
8288	41
4848	209
5678	201
6067	208
6032	204
7893	79
8421	42
3779	94
2371	103
7986	74
7387	113
7046	105
6440	37
4415	225
871	223
7737	24
6952	201
5170	25
3044	219
7186	85
7600	101
8425	3
8535	88
3466	151
2801	197
4232	30
4656	185
9255	39
7117	162
5255	228
7869	63
6626	169
3216	215
5600	222
4727	13
7169	89
9624	22
5593	148
3327	94
9653	24
8842	88
5479	217
6274	171
6907	121
8242	57
9042	75
3507	91
6722	168
5725	207
4002	122
6150	184
3488	159
7185	142
5838	202
7637	41
4633	225
6711	119
3791	217
4889	204
7431	81
8223	40
7779	89
5457	216
8001	77
7763	65
2800	225
3220	157
6028	211
7555	111
7093	101
5635	57
5622	209
3835	65
6806	175
3752	217
7761	26
1078	156
3627	99
5346	119
5519	218
3293	117
5109	210
7393	56
9149	44
6005	179
4043	127
7950	144
3056	172
6681	139
4334	38
6350	192
8331	130
2786	85
5583	216
4911	200
3102	208
4234	52
6636	43
6136	41
7127	99
6073	188
6205	176
3076	168
7284	99
8456	123
5604	208
6611	40
3916	93
7724	38
6886	116
5575	125
7223	17
6652	8
7619	80
3787	129
4345	10
1991	113
2890	191
8046	50
7532	52
3801	223
7335	154
4059	109
6195	56
6427	44
6976	171
3108	149
5232	179
8280	137
5823	215
7545	165
3544	135
7474	115
3898	134
8098	68
6131	205
5295	153
4673	228
5433	220
6326	167
6766	125
6879	164
6310	80
4146	44
3597	100
7078	136
3993	81
6832	159
5330	163
7344	120
3302	147
7927	8
1697	89
6703	156
3988	125
3000	179
7462	46
6201	202
7842	87
8407	40
4495	67
6296	47
6274	182
4198	217
3161	147
4703	143
6544	176
8078	20
5520	209
5545	211
8306	116
7005	204
8292	36
4439	227
6012	187
3275	54
5246	225
5659	207
6056	64
2965	218
5665	151
4214	53
4803	192
5699	223
3388	163
6559	146
7216	132
8435	50
3120	154
3248	160
3307	142
7291	140
5058	208
5541	153
6125	103
5950	114
6803	138
1893	62
8188	139
7486	78
2012	104
3408	70
7211	130
7904	156
6011	209
6463	174
6285	188
2503	75
7079	108
7125	85
7913	157
6076	94
4160	54
6639	124
470	128
6554	181
5316	221
8235	40
6748	157
5023	205
4120	166
6654	147
5615	207
6971	121
5458	218
3372	109
1172	175
6835	135
7138	199
6194	201
3695	112
9344	49
5172	131
5649	120
7206	195
7267	83
8275	129
7005	18
9444	37
6925	204
8446	99
6331	223
3486	122
2781	222
2094	167
4742	166
7387	76
9535	29
3019	222
8629	78
5859	114
3791	60
6281	52
3764	77
6192	176
6567	143
4573	212
6076	175
7772	85
5566	205
8931	67
7465	79
5802	198
3185	207
3120	216
3656	86
5202	167
4402	21
7238	76
3787	168
7379	91
3367	200
3971	220
4724	192
7599	75
8306	33
5354	214
3172	203
6109	78
4159	91
5137	161
5681	219
6680	136
7802	92
3465	68
7904	47
6478	160
6907	128
6055	185
5334	225
6934	8
8069	49
3248	149
8449	114
3913	137
6686	139
7976	16
5992	120
7146	98
7487	105
6602	141
5645	205
1447	192
5319	223
5906	208
7128	197
6083	178
6703	141
5467	222
5093	145
2617	219
7566	105
5836	192
182	202
6650	123
6115	181
3073	123
7531	48
5653	141
7467	100
7797	74
3131	175
7447	123
6063	140
5305	178
7074	145
5789	110
2144	193
7275	121
2404	197
3737	153
4788	200
6622	80
6594	174
4562	220
8473	6
8039	58
4731	209
7665	40
3361	74
5397	167
5407	217
3474	149
7245	188
5986	113
3018	216
5326	222
6956	113
2960	164
4636	212
8391	39
6640	128
6168	180
2988	182
7700	171
6920	118
7387	114
6407	61
7772	39
5814	220
2584	96
5944	205
3878	185
4286	51
5364	219
4968	196
6674	179
6720	129
5520	217
6589	181
3059	212
4098	197
7690	157
4392	43
6609	176
4036	39
8789	14
1301	200
5479	216
5518	205
4155	40
6171	213
7503	52
6191	86
3849	41
7283	99
6003	196
6490	185
7114	186
3581	86
8023	28
3441	87
6969	105
778	122
7541	174
6578	136
7941	36
7177	135
1378	113
4966	205
1206	213
6243	196
7023	139
1565	225
5441	139
5640	204
6121	189
6850	203
2645	221
5616	211
6199	162
7260	19
7603	99
8339	116
8399	37
7925	47
9278	59
5844	214
2104	180
7914	21
5756	195
6808	150
5296	224
1124	28
6578	180
7797	102
6055	185
7055	149
5640	223
3766	217
6185	198
7655	47
6239	74
5698	200
7887	53
1846	211
6661	174
2543	223
2633	202
5901	108
3109	210
5322	80
6502	7
6225	177
5963	187
6872	34
5923	211
3321	125
5478	137
5630	162
5839	217
4808	211
7282	128
6684	192
6964	107
7345	83
5757	199
6079	98
4063	121
7453	110
4702	193
6337	187
5922	155
6686	133
5882	168
4625	208
6186	202
7423	67
5592	208
7676	39
5697	209
4712	200
8625	92
7244	70
6465	224
6344	53
6523	66
6475	17
8095	45
6240	66
5952	222
6429	160
5772	195
7243	65
7391	177
7731	167
7561	100
1564	176
6147	195
4988	47
6700	161
7862	38
7268	196
5899	132
6064	207
3321	187
5230	159
1707	125
4517	198
3635	155
2831	226
1517	171
5834	191
4873	184
2924	221
5625	158
3431	95
5020	184
5432	224
6494	224
6580	192
6060	178
2965	195
6197	189
4887	204
6481	167
3502	57
7480	51
5654	213
6184	76
7703	34
6424	55
7398	133
5780	25
7481	67
6837	139
7346	131
5744	203
6641	214
7268	116
8275	63
4483	224
5793	172
6718	132
4262	27
5315	221
6152	203
7511	114
4038	122
3042	178
7389	191
4877	156
3796	47
2958	223
7547	106
6197	183
7074	134
1424	101
6067	199
9050	59
5415	217
8688	84
3736	116
6566	54
7654	158
6674	226
5996	212
3083	143
7248	128
6437	148
7080	84
4618	218
6790	148
1874	37
5769	198
5267	149
6793	11
2652	220
3837	125
5715	225
7576	119
6086	197
6058	184
4974	200
6320	59
938	134
6442	20
8111	39
6947	124
6911	111
4408	224
6128	85
7262	79
7431	64
5535	210
7733	63
3024	174
3647	90
6139	204
4710	211
4342	13
1476	67
3629	170
3564	156
8068	64
5574	222
7179	140
7399	74
3662	133
6029	213
7120	145
4168	221
7903	23
6961	103
3472	205
7238	98
7467	65
5428	171
4025	190
6557	184
8274	35
5924	215
7277	72
3103	205
7710	62
6379	154
4535	224
6710	167
5315	157
5486	225
2864	225
5352	223
3715	144
5566	132
5922	217
5994	126
6174	194
3383	178
7141	99
5933	111
2866	220
5751	103
6007	122
2520	78
5418	221
6867	214
5474	145
3499	175
5931	110
3194	222
5802	221
8056	30
5791	221
7774	18
7750	33
7022	102
6763	169
4960	199
5646	150
7839	10
7762	151
5202	190
8028	56
6991	194
6314	163
5412	213
5535	214
8422	33
2812	217
7488	106
6252	204
6708	161
7950	138
6753	136
5046	144
3290	99
2819	186
7696	50
5188	224
5768	221
5489	171
4664	220
6261	193
6215	206
5506	75
5380	218
4610	152
4645	218
5335	121
5307	222
6919	12
5996	12
7329	79
4816	203
3917	75
5395	171
6355	58
7596	102
5737	194
3653	211
1029	224
6789	142
2760	176
8025	70
6854	66
5545	228
5530	156
7663	55
5722	226
6852	165
5843	202
5802	206
7968	32
6827	127
1224	221
6104	64
7208	129
6671	11
5554	60
8919	82
3605	72
7123	93
7636	44
5644	127
4368	168
3031	129
6854	160
5674	146
6627	223
5278	174
3054	124
1262	211
8513	105
6990	28
7600	151
5935	186
7492	167
6210	115
5656	131
6644	47
4314	227
6495	141
7476	181
9156	51
8988	72
1510	143
6554	28
4277	16
6217	173
7178	193
6120	192
3684	93
4590	217
4040	39
2705	17
3736	121
6160	198
8041	55
5606	146
3072	211
5215	223
5934	106
5971	153
6334	85
8695	17
5629	150
6300	197
5774	199
5158	172
6540	196
4030	89
6926	41
8219	51
8019	70
6375	203
3020	192
5224	224
3413	106
5610	111
6475	169
4742	213
5789	122
1750	149
8024	75
7768	157
7362	104
6736	212
5552	208
6287	194
1831	204
7625	48
4585	220
5168	194
7003	100
5437	69
8265	39
4610	227
5537	217
8405	18
8127	56
7096	146
5540	214
7435	119
5037	215
4516	226
6967	209
5824	210
9024	65
8167	38
5754	221
3787	209
6045	198
7648	33
6107	94
8456	22
5377	136
7716	56
4082	62
1105	64
6972	140
6872	107
3025	171
7479	91
7592	114
4344	218
6840	124
6439	15
3038	198
2543	218
5881	210
6703	121
4561	223
4935	192
5723	138
7523	94
7894	7
3757	125
7673	36
6636	163
6038	102
5451	216
6909	102
7751	41
5713	224
6537	190
6135	202
6868	14
8420	28
7480	44
5691	63
7295	93
5614	220
4820	212
6382	190
3475	75
4392	39
4634	221
8051	26
7505	112
5233	160
6018	126
4800	200
4513	19
7304	75
1530	65
7305	85
5817	205
7036	100
7151	135
8669	90
5762	203
6612	139
5488	217
7406	81
4688	210
6977	15
2567	221
6777	133
7839	46
5150	164
6743	165
3143	170
6373	155
5104	52
2997	202
7846	86
3575	90
4037	2
5370	227
2640	226
4467	187
6810	112
6134	212
9091	69
6611	171
1674	108
8389	6
5833	195
6286	65
6336	142
4292	223
3244	170
6424	184
4697	210
8678	115
5902	212
6942	214
3382	100
4495	218
7216	81
6089	176
5693	132
1437	185
7485	92
2968	226
5939	63
2905	214
3614	99
1480	179
8107	45
7196	185
4622	72
3101	169
4756	218
6555	152
6580	60
7625	100
5777	218
3513	160
7300	112
6976	213
6932	118
7733	22
7351	131
6254	9
3426	125
8251	45
2983	192
7564	105
7922	31
5064	175
6570	146
6045	196
5162	183
3277	174
4629	222
3712	52
7453	54
4834	213
4008	102
4906	190
5937	217
5659	197
7849	10
6532	144
7388	111
4728	102
3628	78
2943	207
8291	8
7416	51
5187	177
7523	70
3201	140
4944	177
5452	148
7980	35
7374	97
7074	195
739	199
5897	119
3798	20
3491	55
6284	191
6888	130
6588	147
5405	217
6692	124
6443	156
4742	206
2571	225
3176	148
137	91
8098	67
4228	57
5460	140
5527	129
7806	27
6402	180
6661	218
6488	59
8998	59
5160	178
2838	59
2877	157
6261	161
3140	111
3531	197
1548	215
6853	123
6619	168
3466	185
6528	143
4273	208
7578	63
7852	89
3028	193
9304	21
4453	48
6263	60
3974	89
5997	213
7054	116
4729	219
7056	100
6546	67
8021	29
2474	22
5409	219
6253	195
5709	121
6257	173
4131	218
6565	172
2146	124
5436	218
6854	132
7172	105
9078	86
7657	93
2557	204
6222	175
8293	122
9379	11
6599	170
4793	194
5372	158
4360	200
6473	13
5506	219
2942	217
5879	128
1611	175
7903	92
7922	80
4431	221
7202	86
8349	41
4913	198
6963	202
4683	221
6089	104
5301	224
6845	114
1857	210
6248	52
6470	223
4200	205
6728	137
7309	128
3479	191
6264	42
6944	116
4010	111
5790	188
8857	94
4637	222
4116	221
6371	189
3746	135
6298	162
3938	48
7700	117
7974	20
2910	217
6437	35
4816	201
6145	186
5548	160
5507	218
9431	22
6144	196
6653	137
4492	213
2669	182
5116	187
7756	98
6495	151
5642	217
5806	196
4305	140
8037	86
2711	214
7027	108
1156	223
8057	60
4715	210
3781	39
4562	214
5203	227
5487	217
3588	178
9161	49
5060	173
7213	94
7170	98
4905	195
5354	223
5582	213
7318	105
6942	108
3704	77
6499	174
5634	200
7674	30
5321	153
5662	203
2900	226
5626	157
5558	142
4505	35
3145	211
3784	133
6987	197
7316	182
3719	39
2919	220
8074	66
6746	146
5831	120
7937	12
6697	52
8162	63
6880	117
5475	212
7383	66
5213	193
6137	199
6895	149
5035	202
6148	195
6508	178
6898	162
6419	110
5796	205
5771	219
6565	67
7599	59
1711	138
1588	173
5376	216
3843	82
8468	108
6208	68
8124	34
5966	72
7706	109
7111	97
2979	218
7708	22
6493	163
5426	168
5317	168
8819	9
6396	58
4445	161
2436	29
6138	193
8189	83
6137	175
1440	124
3356	78
5568	154
6505	61
6841	148
5726	226
5703	148
7313	109
9377	55
3735	140
4972	196
6441	184
5557	107
7503	65
6059	67
7071	204
6592	163
6001	86
6900	141
6346	189
6405	166
7929	63
5953	107
6700	32
3444	106
5723	206
8463	22
6510	86
7766	20
7886	114
3394	200
4665	222
6315	188
5174	180
6194	102
6227	15
3567	86
1849	20
3916	120
5050	185
7917	80
6633	184
7905	93
2917	227
6115	197
8935	26
6198	26
6223	209
5721	225
7062	110
5352	226
6867	151
1929	185
5823	196
3336	122
1888	226
4691	165
5352	225
4200	209
8139	52
3109	176
351	56
6269	193
1711	209
7537	104
6189	201
6881	168
3725	125
4577	172
5174	192
3855	21
5934	188
8374	51
7915	147
7048	157
7794	62
3926	95
7797	36
4919	181
7746	148
6042	212
6925	102
5565	113
5431	226
6411	196
1832	161
4982	194
6744	161
8600	12
7653	126
5345	222
5190	184
4797	199
5720	211
6562	151
5737	131
951	202
5625	128
5440	155
3042	55
5840	214
7768	111
6877	130
5452	219
6446	149
5676	153
7190	54
6412	175
1080	193
1586	204
3343	113
6312	202
5924	90
7636	44
6028	191
6953	161
7505	167
6713	208
5751	207
2791	212
2861	221
6959	199
7696	162
2969	199
5154	179
6025	205
2745	215
2902	210
5843	202
7490	52
3436	173
5511	160
4769	197
8322	46
3462	222
7740	29
6801	36
6682	166
5952	124
1353	201
6318	196
7683	38
6120	183
7032	105
6818	150
7393	124
7734	109
2551	213
5514	212
3425	123
6184	199
5479	208
6235	76
7072	82
4120	28
4880	193
7132	132
2930	164
6709	158
6856	177
7252	75
7788	167
2509	220
8467	10
7521	59
6276	42
1479	196
6648	154
4106	15
3225	180
5659	53
7709	103
6281	90
7958	77
5733	228
5776	192
6379	28
8145	60
5829	225
8435	29
7672	160
1782	122
1713	104
6738	137
1306	160
6576	40
1713	183
7474	111
5336	224
6313	166
8698	77
5968	185
4442	223
1002	196
2590	213
5456	141
6086	207
7030	122
5660	207
6587	188
5566	129
5747	220
1912	14
7059	206
4103	89
3680	154
6089	175
4527	152
6541	186
6194	192
3686	133
5910	184
5370	225
3867	103
7113	79
5833	198
4369	22
3233	212
3163	39
7920	77
3159	193
8043	32
5418	223
5552	211
6484	139
5813	197
7951	7
4465	63
6970	114
8177	32
7227	90
2850	161
5837	203
6046	184
6249	78
5344	220
7739	88
3927	73
5711	218
8167	30
2542	223
5224	163
6537	126
2890	207
4665	215
6165	181
5498	150
3600	46
9683	23
5860	90
5977	193
5686	154
5994	189
7286	104
3003	218
6882	137
6287	38
6398	184
6709	48
6657	165
3839	20
6880	164
5670	224
6442	220
5757	227
4354	172
4875	218
3161	154
5435	221
2995	212
7303	93
7986	156
2038	26
6755	120
6729	152
6613	133
7744	160
5585	208
6602	21
8107	11
7131	96
4904	214
6429	159
7419	95
6357	73
6839	125
6622	163
5609	148
1312	194
7843	86
5984	77
8209	35
3596	167
8340	49
3125	220
5939	208
5941	200
7720	47
2912	226
5585	140
6289	225
7633	52
2952	172
7641	38
7190	143
5904	188
5925	209
2932	220
7072	111
6779	4
6166	71
6890	46
7672	47
7339	119
7526	68
5825	191
6410	79
3740	177
4323	227
4029	132
2507	226
3363	170
5217	187
2875	204
7165	90
5241	186
5778	124
6639	93
7045	47
5195	183
8297	35
8562	35
5686	127
8260	27
3652	146
3379	217
6962	17
3236	155
4832	191
6841	173
4055	52
5269	183
5796	215
6664	217
3452	135
8225	99
6594	119
5718	207
5922	117
1059	212
7715	39
1533	163
5426	224
5557	81
6616	143
5906	190
7178	90
6642	51
4181	59
5720	60
6440	161
6888	144
4756	219
3972	85
6488	150
9210	62
521	150
5431	184
4629	151
6891	165
4061	81
5152	221
5974	128
6846	38
4898	205
5579	141
5751	225
6758	145
5874	188
6202	178
6846	156
5512	215
7773	51
1815	61
5425	220
6799	118
7744	152
5484	226
2845	206
6237	154
5712	140
7076	90
8273	29
6106	76
6147	175
5871	190
3948	214
6180	79
5288	186
6130	76
8031	12
4668	12
1565	176
7485	54
7664	116
892	177
3039	143
5419	96
1603	227
6393	160
6547	217
5757	227
7888	39
3551	163
7920	42
8038	40
1277	160
5904	222
5899	113
2360	36
5048	188
3057	191
6209	185
4539	213
6661	217
5897	187
5877	113
6894	159
7434	84
6298	178
8176	35
241	170
7128	100
6055	177
5692	220
6673	147
4849	152
6670	136
5802	147
3191	147
6411	147
6073	110
9407	23
5716	162
7456	77
3846	73
7110	107
5466	143
3642	151
6192	70
7927	90
7702	88
1946	185
7113	144
6004	109
7654	54
2979	200
5883	63
5934	193
5921	216
8426	40
6476	147
7700	56
6986	205
8109	23
7137	197
3392	204
6290	176
6814	128
6246	177
6383	148
6691	182
7669	96
6105	201
5894	187
6499	217
6672	132
8145	148
4914	81
5805	190
8030	5
5375	228
4894	153
5996	210
8255	39
6487	151
7220	127
8729	12
8094	70
7081	17
8043	45
6809	163
6316	193
4761	195
6255	174
6815	124
7120	112
4163	65
5630	142
3931	110
6515	221
5741	229
7727	43
2908	223
5150	176
850	201
6214	186
7434	58
3886	139
6879	169
5722	207
6272	51
3406	147
6792	155
3101	128
7316	88
4704	220
5571	209
7527	23
2746	221
3653	40
1336	133
6771	112
5504	207
7630	50
3213	179
1036	63
4589	214
6233	74
1432	202
5773	119
3905	220
3508	91
6516	217
5622	223
7172	100
2932	147
5738	196
8262	23
6018	195
6997	145
8124	47
6981	152
5698	211
4098	73
5825	223
3320	147
3454	163
6901	109
2912	192
4651	206
5939	102
5416	220
7331	175
5218	228
3746	156
4535	208
2551	203
9307	45
7326	81
7405	51
5764	119
7121	153
6158	198
4535	21
5724	202
4710	216
4667	208
7827	39
5681	205
795	137
6765	207
7615	153
7205	130
5908	216
4372	27
5584	145
2853	215
5866	200
1564	94
8114	12
7451	174
5929	188
6635	29
2755	202
7716	33
5653	218
4470	219
5888	108
6936	152
6646	222
6218	179
6701	130
908	214
7255	75
5626	134
2520	206
2691	206
4549	225
7407	107
4935	209
5961	221
6989	202
6603	184
7445	52
5889	193
6110	63
7923	18
2501	225
7357	112
2692	203
5580	113
8039	67
3368	110
5422	215
5316	161
5336	159
5672	131
6756	10
8548	106
6965	201
6406	185
5804	214
2948	222
7353	75
3766	118
4256	46
7510	114
7362	60
3044	192
2941	147
6980	103
6292	191
7404	82
5580	210
1898	26
3498	147
5637	209
7306	179
3514	90
7078	108
9138	44
2068	75
5141	193
6256	183
4932	209
4596	221
6929	214
7819	21
5694	225
3574	130
5819	205
6341	223
5966	50
6447	160
7859	28
7065	197
4643	184
4542	30
5944	191
7707	130
6973	207
8240	14
7985	15
1865	57
6630	180
9565	28
7858	148
2912	225
8654	93
3026	228
3726	55
3729	166
6149	200
5953	208
7565	40
6627	174
5479	220
6504	178
8164	59
2703	201
8334	16
1245	159
4581	167
4517	17
3460	177
6525	81
6254	50
6064	202
5867	213
3287	158
8102	39
5653	151
6222	104
7771	51
6023	88
5851	220
7085	135
8266	9
5788	111
6054	179
6095	202
4095	40
5699	224
7332	90
4530	225
5422	216
1347	69
4185	53
6638	23
4396	64
2913	196
3410	35
2535	203
8130	50
3804	121
4922	154
6155	191
9610	30
5611	121
7928	80
4085	114
8119	43
4084	80
1231	218
7427	46
5482	226
5762	216
5596	209
4814	183
8023	73
6914	152
7789	143
8509	33
2733	223
6058	96
5485	217
9488	59
6348	87
7509	54
7621	38
8362	52
8090	52
6318	181
3277	131
8250	34
7016	134
4331	18
5894	114
5899	105
6018	202
2633	211
6172	185
6561	173
3309	189
7497	181
1534	154
2400	137
7159	180
4590	219
6433	38
3807	153
5803	208
6370	82
3610	68
6231	189
7685	35
7284	82
1936	31
3813	103
6854	142
6113	203
5157	165
7017	132
6087	181
6488	188
7782	25
6126	201
6036	216
4535	218
2805	173
5928	212
3639	149
6115	20
3697	155
6420	182
6205	166
5695	202
6746	169
5862	216
6303	88
7848	74
6685	74
3404	167
5768	204
5339	223
4155	38
4786	195
7914	156
5951	212
5312	220
7529	44
5474	212
7873	76
3822	128
5593	153
3459	176
6900	130
706	217
7627	91
6676	136
7892	14
6997	101
6310	164
7453	112
5096	186
4526	213
5576	120
3599	152
1389	225
2765	224
6471	187
3512	142
6358	12
6395	67
6794	145
3500	156
4288	176
5498	155
5661	204
5560	147
9452	22
7476	59
3992	18
7803	158
3785	85
5841	221
4560	220
7943	12
4442	220
8035	28
6500	42
7040	108
2528	203
6202	168
5511	226
5645	204
5847	161
8754	15
7232	205
5589	204
5614	206
0	193
5994	225
5185	180
3029	136
6608	126
3932	104
6243	173
6856	164
6041	187
4941	198
3891	136
2701	219
8067	80
6091	13
6026	116
5154	181
8036	20
7778	50
6515	181
4645	218
6250	88
5838	227
1874	195
8472	17
6451	151
6347	181
3415	121
1744	226
5881	119
6384	143
7607	110
8114	57
1075	218
8023	68
2838	219
6552	140
7127	88
4562	223
7634	37
7295	185
6086	210
4525	225
1822	192
4742	89
4502	224
7889	75
1858	182
6085	194
3257	204
7192	149
3115	178
5704	198
8207	38
6618	163
7266	129
7178	77
5817	221
7807	25
6402	66
6169	112
5942	118
7309	183
4234	58
6852	138
3980	21
8501	118
8829	99
5430	157
4654	222
2712	225
6744	16
5549	216
5291	221
5170	171
6383	48
3533	147
1334	201
5433	220
6140	180
6535	142
5654	223
4159	103
5866	199
3239	176
2666	224
6798	29
8362	123
4378	43
5144	181
1116	210
3506	64
3971	58
5716	201
7188	137
3003	218
3434	148
4031	120
2620	5
1535	197
7545	114
1967	142
5456	156
5582	205
8317	22
6683	126
5686	203
7322	74
6553	151
7075	105
6134	172
5515	219
6920	153
5464	222
7810	78
4557	210
5057	180
7614	118
7476	41
6247	194
5521	88
8613	105
6693	148
8556	35
7086	72
2685	224
5956	183
5950	69
7449	172
3294	128
7683	27
5578	207
7171	148
2927	220
9728	10
2843	224
6002	185
7335	131
3612	145
9302	48
7875	83
7439	104
6188	197
7763	34
2635	223
5864	218
6984	156
3108	175
3582	147
6206	205
6807	211
4113	103
6840	125
7100	127
7075	150
8502	9
5773	218
6446	179
3068	119
6227	101
7640	56
5867	201
7004	134
8479	104
7303	112
8419	46
4972	196
5139	167
8129	18
6747	57
5075	185
4626	205
6748	32
6536	225
8499	23
5155	157
2789	227
5425	209
6709	210
7821	82
6099	81
7209	119
5861	183
6247	176
2692	204
5952	213
6648	163
6674	51
4499	58
2293	177
9999	5
5001	200
4718	204
7914	19
6611	176
2785	215
6497	226
6373	158
8016	79
4861	190
6586	152
880	217
6303	41
6307	166
1240	226
2784	218
5425	220
6347	162
9506	22
5883	192
5954	206
6706	145
6480	223
4194	97
2893	215
6545	221
5905	189
8317	113
8357	21
3586	46
1560	175
5770	221
3082	215
1593	216
1805	160
1586	213
4325	60
5744	213
7335	68
8444	34
5636	210
4580	228
6066	211
8084	17
7648	79
4613	125
6397	224
4621	207
5904	188
4657	205
7697	42
2038	53
5085	89
6789	129
7721	106
7709	48
4453	224
3067	211
6016	212
2739	225
5419	218
6589	223
5072	200
8596	20
6898	112
3471	183
5701	219
3583	88
6844	16
8912	64
6717	128
5910	192
6486	162
5851	199
7615	54
5863	212
9630	34
7420	111
6571	224
4112	61
7083	98
6607	225
7102	58
3061	171
7986	7
7660	118
7070	116
2650	215
4786	80
2040	198
4779	226
6145	181
6661	161
6107	94
2910	215
5789	221
6436	164
9599	30
5712	201
366	123
2752	4
6399	184
5998	96
4983	187
4600	225
7766	45
5431	226
3813	112
7730	94
6881	156
7200	102
7875	80
5459	222
5464	164
7032	110
5748	209
5887	222
6862	130
3680	123
2773	213
5628	137
7764	43
8718	7
2145	155
6774	132
7362	98
4623	223
5488	215
3959	155
6246	190
8245	105
1649	102
6298	154
6523	219
5529	216
7736	6
1285	212
5802	129
6100	87
5917	224
6599	38
3064	170
3976	76
6487	149
5704	158
7757	96
5502	213
5768	109
6774	148
3165	210
5764	219
7121	140
6028	183
2691	200
6745	173
5569	135
7398	123
1629	209
8490	17
5704	103
5433	217
1788	185
7713	55
7583	60
5767	205
5894	222
5816	213
3103	217
7079	86
7530	49
4232	104
3395	119
4950	184
5487	213
4223	23
6026	204
5841	187
7497	108
7140	40
5650	149
2976	205
4453	212
7404	131
5871	218
885	69
6220	205
6618	225
6414	220
5354	145
5780	191
5801	223
7023	103
6437	149
5464	218
6653	176
3922	209
3273	180
2753	218
5907	102
6008	193
5503	164
1725	225
7490	101
6133	198
5379	221
3214	205
6049	217
5251	192
3453	137
3473	114
6893	116
5342	227
6620	160
7031	14
5006	214
5570	205
6844	135
1080	211
1081	105
6738	160
7296	79
7982	55
2955	164
5128	181
3200	133
4831	204
6644	164
5610	216
564	190
4741	214
6664	191
6427	168
5722	203
6106	87
8197	125
7531	82
7052	201
5678	142
6231	77
5784	197
5579	227
4595	221
5814	216
4698	215
5741	196
7352	124
7374	64
5825	222
5448	214
6780	205
7937	10
6458	226
3290	122
4338	52
7733	44
9605	19
5173	165
5847	102
157	130
7702	79
7070	102
7469	113
6932	109
4969	84
6988	162
7356	177
5262	224
8460	33
3531	148
9216	48
5857	215
8406	22
7778	94
6694	124
4585	205
3443	98
6587	174
7050	138
4835	206
5451	109
7174	127
1910	35
5639	215
6006	86
7375	74
3447	91
7740	112
6338	90
3542	145
3672	105
6117	81
6741	133
6407	158
4480	223
5868	63
7888	26
6715	174
8051	21
7379	127
4649	214
6840	140
5142	115
6979	152
4827	213
5442	216
6083	81
3636	217
5505	223
9167	64
