6829	372
6829	30
7316	49
5609	1
6341	15
3878	159
6999	123
4926	131
5609	523
5317	463
5609	88
7560	255
5121	1
5536	13
5634	121
4170	115
5243	42
8292	18
4634	50
6829	11
7560	119
5756	28
6829	348
5670	45
4390	29
6097	195
7902	35
7560	644
4804	204
7804	73
9999	411
5365	30
7072	241
6585	867
8536	37
4146	13
5609	1
5853	1
3902	156
7341	484
2439	749
5365	1
5365	1
6707	18
4634	88
4390	12
5853	71
3170	252
6097	40
7316	1
7072	138
5804	13
6829	174
4878	45
5853	545
6829	92
4634	39
4878	113
3219	304
6585	42
2439	472
4634	143
8536	1
6585	174
6585	181
5609	124
5463	131
4926	743
5609	197
6146	182
7316	484
4390	147
4146	13
2927	282
5853	77
6341	831
0	828
4146	1
7072	189
6585	238
8536	23
5365	429
8048	1
7316	1
5121	588
5731	13
6585	1
5853	1
5341	1
4878	171
9511	124
7316	438
5853	1
5975	183
5999	28
5365	42
5853	182
7560	398
5609	41
5292	42
7560	12
6585	661
5365	355
5853	22
7560	1
8438	1
6097	282
6365	15
5853	77
6585	13
5365	40
5609	579
4634	68
7072	58
6341	23
6341	50
8536	1
4975	233
5829	744
6707	1
2195	670
6585	21
6585	1
7560	1
6341	17
7560	1
2439	469
5219	436
5853	169
1951	195
4878	1
5365	71
6341	505
5634	298
5243	233
4634	1
6902	1
6829	525
5853	26
5853	152
5682	171
5853	145
7316	302
6487	1
1293	120
5780	221
2927	304
7804	13
6097	20
6097	374
5121	89
4878	899
5853	268
6097	17
6585	166
6829	1
6097	182
6829	128
6097	15
6512	408
7072	569
7072	376
7072	20
5438	1
2878	420
6585	1
4390	30
5609	541
7560	124
3902	340
6829	1
5365	42
5853	172
6829	20
6585	36
6341	25
5365	663
4390	35
3902	73
6902	93
6097	288
8609	11
4122	249
6268	60
4756	700
6097	1
7072	58
6097	34
4634	79
4390	1
5804	25
3634	298
4390	42
5365	38
6585	296
5609	25
5609	35
5853	79
7072	1
6463	152
5853	81
5365	191
6219	25
6341	199
7146	569
5438	145
7316	34
5609	1
5365	29
5121	166
4268	507
6829	519
6390	505
6097	23
7072	1
5999	1
4146	1
3902	340
6390	398
8536	1
5999	93
5365	1
5365	353
7072	1
6097	16
4634	34
5609	820
7072	25
8048	33
5902	1
7560	77
6707	15
6097	169
6829	24
6341	22
4878	121
4878	1
7072	114
6658	749
8292	1
6341	161
5853	392
6121	43
5365	60
5609	426
5365	105
6341	16
7219	126
7072	1
6829	20
244	169
6097	319
6097	20
6097	172
6243	37
5731	13
6097	34
7560	23
4902	319
5121	120
732	753
5926	1
5170	312
5121	1
4390	127
3609	298
3756	104
7072	26
4024	156
6585	18
8048	13
6341	467
5609	22
5951	1
3414	643
2439	470
6755	285
6707	15
7975	1
3902	25
4878	1
6585	329
6097	70
6341	1
7560	408
6097	86
7170	193
5024	180
6585	42
6097	650
7072	47
5853	1
2439	244
7072	190
7072	43
5731	1
5365	15
4512	322
7560	13
2439	626
6097	1
5121	167
6341	13
4390	109
5853	104
6585	1
5658	743
5121	98
7463	125
6585	16
2902	217
6219	1
5365	20
7194	18
5853	759
6902	12
4390	148
4878	416
5365	1
7072	360
6341	125
7268	39
7072	146
5365	1
4487	556
7072	387
6024	32
2439	792
5365	41
6341	1
5609	1
6219	1
7146	15
4634	1
6438	133
6341	29
5414	1
6341	307
