5360	9765
1018	2404
4549	7207
7734	8214
4787	9475
3350	4595
3891	9557
7054	9943
6460	7527
5608	7773
4678	9989
5184	8611
5944	8992
2450	8062
5291	8601
5797	7547
3915	9931
3773	8784
211	6426
5294	8995
2184	5704
6289	9940
1547	5035
6293	9766
2606	9131
3728	9941
5886	7519
4722	8274
5288	9824
5270	6928
8015	8882
5025	6928
4858	5282
1446	7340
4213	9814
3290	8946
5318	6762
6627	7436
2262	3725
5427	9166
3829	8401
4867	7312
3183	7058
4644	6642
7013	5377
2254	8725
7773	7118
2964	8464
3582	7967
6842	7585
5355	8122
3469	3233
5556	7471
4446	5815
5688	7700
5739	7207
6356	9171
5727	8753
6975	9345
3434	7182
8131	8609
5585	5418
4474	7198
884	7727
6664	9606
1911	4116
6179	9378
2164	8971
6241	9678
4064	8623
1493	5138
6760	5866
4831	7988
4659	3307
5941	7980
5117	2261
350	3947
3583	8436
5163	8225
5625	9770
4253	7004
6189	8833
3026	3216
5396	9992
3966	6958
4071	3538
5947	9161
4538	5994
1218	4434
1296	7535
3963	9012
4437	8838
5134	7113
1865	9226
3881	4093
2668	8752
5876	9780
5201	7295
5388	9820
5139	9249
4443	5769
1309	6669
7858	9883
5097	8967
1858	7387
3301	5819
6579	9302
8534	8739
5350	8385
6576	9347
6624	4273
6947	8437
1500	5840
5936	6274
4250	9480
2634	4018
2914	6801
1693	858
4891	5617
5274	8916
5133	9991
4212	8741
5220	6761
3996	7038
636	3977
5350	5617
5214	4011
2821	6084
4777	9029
5450	9795
3867	1865
7126	4562
5104	9923
4384	8809
5402	7392
3948	7270
5738	5534
5091	8191
6740	9904
4469	3862
5601	7320
5952	7838
3176	5435
5376	9977
5687	4785
6106	6834
2687	3543
6065	7076
4778	6695
6360	3359
6035	6900
4787	2
7783	8598
4940	8106
6074	9565
3223	9435
5602	5085
1386	6139
425	6647
1658	8459
5898	8474
4117	3685
3992	6488
6222	9103
5743	9828
2326	5334
6665	9468
5782	8232
5091	9148
3852	9445
6228	8393
6065	9999
7707	7251
7391	7767
5369	8494
4009	7874
5273	9557
6218	9393
2000	7899
3683	3575
4423	7242
7270	5842
1832	3685
5856	9999
6759	9061
3824	8868
3985	6492
3530	8928
4915	8520
4949	9088
3453	8041
7660	9315
3902	9795
3263	6670
5352	6384
5032	7745
1200	6820
6154	9781
3702	6754
1841	7143
5971	9690
8169	7367
4187	8089
6016	7127
3175	6627
4186	8479
5860	9847
4260	3682
4623	4449
6436	9502
2414	5303
2998	6100
2208	8316
7076	0
7351	9707
1887	6413
4793	9163
4845	5918
3750	7544
4431	1992
3386	8195
3462	9110
5403	7122
5373	7162
5684	6374
4282	7667
4948	8120
1838	8358
3404	7015
6340	9598
4455	8078
4371	8907
4507	7441
2306	5920
5033	9019
3456	8286
6143	6823
5152	5179
4030	7679
2887	4487
311	6297
4889	6840
3992	8560
3803	9095
3310	5478
3225	5300
4618	9850
4980	6597
5227	9435
3725	5009
5548	9570
5828	8290
5372	8092
6406	9846
2358	6201
5946	8150
4860	9141
3818	6894
3293	5885
5810	9465
6969	9838
3331	8332
6211	8133
6097	7318
4449	8627
3184	6629
4619	5861
5944	8528
6573	6780
4779	5442
4056	6107
2440	5223
5180	8250
5809	5842
6842	8773
7119	5771
1004	4115
4226	9831
3292	7895
3242	9548
4123	8178
6404	9690
8141	6166
7032	7390
4331	6183
3887	5199
3867	9839
2917	343
3846	3843
968	9744
5385	9496
4311	5998
6876	9223
4892	7657
4129	7924
1650	7912
4738	9431
5658	6409
4515	8565
4811	8334
7489	8423
925	5710
4739	9993
4977	7756
4054	6707
3954	8110
5421	7701
4027	7610
3869	7632
4520	9756
5537	8796
5208	8611
4687	7309
5940	4011
9641	9615
944	2174
2399	6926
2891	9353
4933	8019
4753	6074
5765	7640
4350	8662
2442	3787
1974	6161
1497	8427
5166	9225
5271	9968
3129	9855
4468	9739
5039	2902
5237	9194
5722	8374
4948	7477
5527	8243
4513	9994
4709	8572
6660	8929
1922	8986
4337	8491
4825	6928
5628	9349
6111	9209
3313	7904
2203	5692
7562	5834
9407	8084
5833	6113
6209	6864
3814	6537
1764	4147
6118	5934
3633	4978
5016	6708
5233	9186
5987	7996
5380	9404
6303	5004
5009	9418
4986	6406
2310	8857
3251	8578
4852	8144
4045	8625
5245	7748
6203	9748
5722	6743
4457	8579
4781	5507
7856	6090
1730	3997
2521	9499
4784	7077
6347	9650
3366	9364
6527	6816
7104	9667
4944	9278
6873	8335
5771	5380
6485	6978
6681	9598
4620	4725
1089	1124
2940	5516
3602	7897
3311	6388
4345	7648
6091	7487
6989	7032
5182	7102
3484	7748
4304	9591
5952	9695
5540	9973
642	8368
3152	8118
2066	5317
5460	1599
1813	1973
4778	7059
3703	2485
1089	7959
6485	9589
7696	9388
5298	7111
3930	7484
5651	9164
5860	6199
5503	8251
4425	8957
5686	5984
1672	5774
6669	6138
5596	6383
6066	8007
5129	7655
5429	8105
3212	9596
1707	6793
3751	5059
5162	7404
3891	4593
8612	6351
5136	9993
4810	7153
5453	9583
2774	7659
6969	9438
5250	9999
1774	6303
6693	5836
8650	7230
5035	7142
8024	7859
4238	5924
6660	9212
7260	7765
2534	6852
6213	9984
5814	7860
3333	8161
1264	6823
1943	8934
3319	8346
7244	6532
6169	5788
2516	4658
7765	9390
3730	6859
5232	995
4116	5414
1220	7895
3258	5459
6508	9814
4210	6400
4510	6033
5249	9492
4755	6793
1550	6933
4339	5581
6295	9047
4278	8865
1136	5341
1552	8158
2623	8826
6615	9273
4082	5804
5565	9598
4527	9561
3927	8938
4423	6291
5716	6967
3515	6624
7329	5666
6873	7767
0	7889
3755	9827
4174	7385
3183	8981
1205	8616
4593	9615
6218	7047
6406	9797
8366	7709
6085	8412
2824	4507
7908	8669
4094	7667
5326	6026
6515	8102
2282	7664
4768	6142
2639	9094
5733	9861
2202	4478
8615	7080
948	5909
5017	4200
1837	4819
5082	5354
3752	9116
4167	7218
6354	9863
4905	8581
5597	6637
2634	9210
4846	5888
1839	8187
4737	6199
6527	8009
6068	8094
2936	7576
4261	5596
3965	5884
2424	5467
4307	6894
5171	6689
3294	9949
2108	1606
5171	9817
2899	7342
4674	4579
4030	8385
9820	6965
5014	9959
6318	4735
4449	8676
6547	7878
4099	9232
4634	8294
3706	5000
6063	7789
2113	4381
4053	2433
6165	6318
6160	7332
5074	6411
9999	8932
3301	9486
6332	9945
3732	9215
5755	6183
5385	8516
3143	7215
5546	9762
4221	5606
3407	8073
1076	8800
5247	8654
3950	4184
1492	8541
6358	7680
5884	9756
5211	9986
5009	8547
3876	3696
5487	9483
3611	9479
3914	9736
