6912	4907
4571	3921
3148	430
6976	5416
8139	5001
6436	5961
8981	5486
6908	5344
6477	5006
5994	5654
6384	4859
7182	5289
5490	5581
2615	3572
8597	5120
3769	3058
2721	753
7036	5359
6646	4859
6209	5716
4687	5527
7450	4955
5560	3948
5818	4987
6999	5863
8926	5439
5546	4963
8274	5221
5725	5154
5990	5102
6191	5670
4872	5673
8000	4719
3554	5483
3740	358
7562	5017
3915	3729
6246	5034
7585	5683
5338	3695
5874	5831
7800	6224
7816	5003
2914	2275
8550	6135
4418	7841
6935	4625
8032	4717
8549	5668
7915	5600
7158	5743
7554	6109
8250	5424
7766	5188
6021	6023
8874	6543
6954	4966
8327	5835
4319	3095
5359	4943
6134	5914
3556	2323
7651	5557
1753	614
9336	6395
6848	5343
5269	5114
5151	2246
7860	5773
3540	3937
5916	6293
7104	5842
5475	5469
6753	4783
6410	5946
6685	5535
7138	5516
6841	4858
8725	5798
7210	5468
0	0
6159	1995
7268	5570
7188	5889
3793	2264
4748	5050
7225	4692
5203	5901
5814	4739
4524	1963
9632	5958
7343	6408
5064	6686
6262	5644
2336	2219
7665	5172
7440	6353
8224	5510
6104	6515
4598	2959
6476	3580
7303	5306
5417	2162
7536	5046
6117	5112
7406	5489
5313	5649
7894	6950
7358	5552
6483	6150
7673	6770
4493	3633
6261	4894
3813	2262
5725	5109
8442	4940
7742	4928
4781	4900
6651	3068
8384	5196
6215	6111
4804	3111
5819	5923
4479	3752
7464	5929
7387	5068
7565	4940
6558	5507
6437	6219
7255	5059
4507	2234
5935	1949
8285	5606
4212	3667
6697	5619
6878	5028
9025	4767
2864	2613
6227	5530
7177	5729
6528	5588
8557	4825
7933	5500
4934	5350
5220	5759
7813	4708
7469	4756
3014	1073
8090	4905
5258	5577
6978	6120
6607	5816
4928	2379
2243	3138
3113	1584
6788	3750
7546	5001
7654	5511
7110	5815
4075	1490
5120	6843
1653	4052
7570	4982
5995	5500
4534	3806
7314	6226
7376	5923
6759	5567
2189	2700
8306	4826
6761	4733
8987	5429
8045	5057
6887	5078
8090	5126
1526	2066
7448	5296
7943	4926
964	2017
6097	5718
6108	5482
6220	5494
7967	5586
4596	5160
4806	1408
7508	5001
8306	4861
6289	5930
5766	4964
6712	5799
3425	2061
5351	6767
1308	504
7152	4554
6154	5050
8243	5546
7320	4851
4403	2290
4148	4718
5361	3315
5967	5306
5456	7226
7808	5460
9428	5402
4141	3809
6157	4754
8349	5638
7080	6031
5754	4945
7727	6435
8116	5485
4338	3647
7144	5097
2243	2148
6557	5202
5640	5863
5263	6537
7400	5005
7824	5088
8296	4921
2798	795
7756	6351
8314	5623
7465	6501
4660	2933
8143	6030
7490	5302
5753	6270
2326	3588
6783	4852
9182	5528
2595	896
8022	5397
2847	3209
7066	5563
8852	4606
6966	5763
6164	5080
6463	4708
7204	5776
5194	7005
4964	4824
6008	5712
9414	4886
6565	6008
7533	5514
5578	6250
6080	6590
3620	4659
4036	6231
9438	6089
7615	5894
7679	5594
6784	5031
6045	4676
6489	5080
6509	5402
7791	5139
7786	5576
7639	5073
5699	4912
4674	3882
6159	5387
6552	5716
5772	3083
4221	1477
5561	5488
7729	4910
6037	4936
5675	4862
4917	5512
5755	5447
5815	6335
5335	2454
6506	5029
8110	5154
6239	5129
6028	4956
6188	5590
6622	5072
8242	5069
5726	5712
6762	5185
7335	5541
8018	4868
7932	6393
7641	6653
3177	3721
6319	5012
8045	5213
5785	6354
4953	5375
8737	5948
6409	5623
7155	5541
6868	5495
3980	5852
8912	6615
4280	5812
3205	711
7436	5889
7679	5475
1936	1776
6615	5536
8186	5655
7357	5013
7092	5983
4781	1981
5703	5437
3491	3683
4277	3621
6253	5462
5210	5917
4173	2527
7229	6274
4930	3767
4833	1755
2497	1253
7599	5704
6153	5583
6623	5849
6979	5841
5838	5245
5660	5194
5392	4788
3020	2141
6990	5521
5543	5153
7280	6052
7272	9109
5861	5678
6448	4975
2656	1279
5883	4864
3757	2647
6647	6424
6115	4943
7295	5267
6163	5617
6187	5451
6546	4929
6962	4978
6237	5627
6880	5087
6871	5631
4529	2541
3534	3221
7837	4764
1946	1570
8398	5044
3685	1684
2355	1486
2081	86
8760	4925
4052	5132
6965	5944
6598	6416
8176	5439
2830	2636
7428	5711
6754	4879
6672	6319
5844	5499
8154	5367
4795	4964
7162	5229
5704	6183
9640	5095
6459	5876
7340	4865
6689	5437
7323	5050
6199	5307
4398	3309
6102	5042
8335	5337
5848	4923
3312	1560
7710	5430
4705	3615
3883	1284
6774	4979
7147	6178
3203	2482
5407	3281
6806	5202
6248	5529
8074	5061
5060	4793
8194	4755
5469	5320
6509	4962
5620	5099
7966	5324
6007	5297
7877	5791
6113	4877
5236	5653
6841	5312
7342	4790
3336	5566
3374	2070
7043	6078
3037	3344
3770	2446
3362	2477
4388	2365
7567	5017
5256	5670
6231	5438
4788	4762
6877	5232
4298	3919
3398	4071
6856	4833
7334	4707
5268	5430
5849	5064
4151	2996
5586	5619
3412	3252
7474	4898
3593	2877
4930	4072
5275	5452
7577	4820
6408	6203
5712	5283
7402	5571
4373	577
3995	877
5796	4962
1673	1005
3408	2526
7593	5799
6990	4696
5761	4975
7383	6257
6732	4992
7634	4952
6122	5591
6564	5492
8578	5078
7706	4701
6061	3416
6213	5722
8888	4798
4204	3346
7684	5650
6524	5664
6743	4970
3957	2867
7524	5287
6376	3503
6687	5596
5590	5347
7561	4982
8076	6808
8830	5410
6720	5531
7129	4907
4013	4964
6797	5658
7984	4923
6912	4908
6403	3062
6267	5011
7903	5655
7630	5502
7905	5495
5525	4612
4676	2013
6699	6283
7830	5509
4640	5558
6658	5610
5941	6045
7750	4884
4251	1699
5731	1933
3883	3524
7555	6235
1749	697
7673	5102
1101	2551
6490	3152
6804	4783
4294	5516
7149	5279
8086	5077
5786	2325
4647	5701
5619	5887
5187	3251
7341	6699
7545	4494
6825	2953
4809	4267
6143	4877
6948	4974
6454	5904
8314	4902
8231	4991
5350	2235
8541	4865
2693	3284
5247	5592
7099	4663
2782	3060
6149	4942
8099	4910
7120	5686
7931	4988
5077	5863
6912	5384
8641	5028
5278	4903
6716	4917
6525	5159
7774	5271
6567	4929
7934	5835
6730	7011
7817	6551
6265	1680
1942	2118
4895	4782
5563	5715
6344	5074
8233	5886
8964	6986
7873	4935
3685	2886
7486	5271
5187	5636
6807	6148
1240	771
7286	5125
7124	5584
5783	6450
3707	3377
6309	5738
8298	5837
7851	5047
4131	4571
4203	5407
2562	2532
5795	5730
1888	1962
7438	5058
7222	5626
7549	5673
2488	3470
4392	5485
5516	5741
5391	4992
6482	4612
5215	5880
7441	4821
8185	5696
7779	4927
4292	5661
6024	5465
7427	4925
9134	4740
4962	5426
6408	5396
5545	1692
8310	5026
2985	3220
6965	5616
8492	5459
5921	5060
6428	4956
3793	788
7080	4591
3770	5664
5070	6144
3958	2032
6911	6042
5659	4958
5699	5347
6334	5760
7884	4829
8808	5151
1902	3322
8419	5016
7471	6325
2029	4077
9365	4931
7156	5345
6433	3905
5056	4904
5974	5680
5395	6491
5726	4932
5309	3761
8055	5553
7984	5653
8714	5985
6959	4807
6237	6281
6460	5415
8273	5823
7205	5011
7459	5663
6683	5703
7406	5509
7246	5655
6440	3373
8558	5235
2832	2991
5525	6989
7037	4936
5500	5739
2239	2006
6003	5192
7838	6453
4041	3136
7952	5585
6632	5003
5341	6770
5286	2472
6094	5554
7516	4767
8112	6086
3789	1527
7693	5567
7774	5069
5665	3350
8305	4927
6710	5009
8155	4843
6431	4917
7490	5382
7382	4809
7302	5177
7514	5590
8342	4956
5885	2983
4528	3109
5051	2152
4640	4784
7883	5193
7612	4909
5949	4820
6578	6002
6075	5212
5269	3402
5182	2989
5688	5092
7668	5702
7056	5043
6522	5235
8413	5473
6472	5866
8434	5884
6507	5931
8147	6128
4680	1850
7038	6280
6814	4849
7777	4833
4299	5051
8582	5461
5341	4650
5035	1628
4654	3632
6549	5475
7174	6373
7432	5167
6956	5055
5860	4750
6226	2405
5175	5342
6263	5777
6338	5945
6988	5791
6205	6302
7466	5524
6705	5696
6839	4826
6162	5788
5416	5008
5151	4005
242	2731
6787	5097
2561	3043
4363	3138
6031	4800
6959	5878
7570	5911
6468	5256
6902	5505
7628	6879
7197	5198
8171	6314
6097	5061
7636	5052
4707	3001
8220	4960
1797	1537
7434	4902
6362	4828
6483	4893
5510	2807
4975	5064
5750	5137
7100	5112
5515	5376
7426	5577
7626	5533
6423	5540
8554	5455
6945	5524
5922	5037
8042	4828
3561	3915
6377	5671
8517	5130
4076	3287
7764	5148
7650	5108
3250	3332
5900	4948
5702	4976
6268	5520
7379	5131
5870	5657
6488	6133
7715	5964
6281	4725
7269	5488
3933	4785
6846	5729
7609	5650
4292	1853
4678	2666
6229	5548
5381	5530
7297	5506
4260	5679
5585	5001
6435	5928
6901	3739
5731	6387
5991	5096
5270	3994
6067	3673
8024	5277
5604	3092
3790	4875
5072	5333
6033	5599
2391	2137
4877	3705
2618	2519
5738	5087
3741	3198
9039	5031
7641	5031
6900	5833
4805	5456
5463	6193
4217	3803
6774	4636
7719	5211
6998	5029
7133	6035
2300	2665
7474	5297
5925	5934
7927	5601
5921	5481
4977	4987
5522	4994
9029	5030
5558	4736
5670	6776
8095	5442
3271	339
8098	6084
5877	5098
5919	6336
7430	5085
8554	5382
4378	957
5565	5114
3715	2988
8195	5063
4222	2154
5636	4998
5637	2285
7164	5177
5027	6014
7935	4813
5165	2974
4987	3306
6389	4885
6865	5219
7676	5392
7365	5200
6929	5452
3806	1663
7384	5159
7737	6316
2994	3663
5376	7240
6656	4841
8640	5690
6875	5897
4199	2756
6334	5027
4663	4965
8380	5388
3642	1780
7407	5526
6368	4727
4230	1101
5049	5602
7574	5895
6720	5472
5159	4283
4061	2060
7490	5179
5363	5254
7800	5171
8325	6088
7416	5931
7939	4847
7531	5204
5555	2963
5818	5045
4399	3491
5742	4934
7725	5425
6546	5789
6078	5006
5751	4881
9099	4714
5392	4978
6511	5068
6597	5001
7910	5039
6330	6265
4382	4770
5085	5193
8197	5257
5302	5805
8049	5253
6582	5141
7122	4892
7448	5595
8016	4870
7855	5081
6282	5444
3931	6054
6341	6216
7178	5609
7383	4414
6939	5679
6925	4904
4707	5244
5015	5101
6864	4851
6312	4986
4246	3607
4701	2224
6586	4975
7274	5002
4009	2991
6953	5036
6220	4984
8293	5262
5692	4823
3752	3545
6322	5556
6522	4990
6937	5160
3117	2816
5888	4956
5896	5252
5198	6223
7461	7192
6838	4978
5760	4978
7432	5375
6840	4973
7929	5738
6023	5951
6678	5104
4891	1106
7152	6371
4870	5123
5197	5590
4284	4881
5522	5288
5261	5303
7656	5425
3432	4651
4939	3605
2042	2929
8643	4867
5551	5798
2786	2757
7543	5259
4988	5587
6689	4973
6607	6015
7489	9010
4467	3605
8216	5600
7291	5447
7824	5046
4454	3224
6905	4725
8918	5701
5597	1901
5281	4914
8605	5678
3768	1408
4155	1938
5727	6390
8848	5676
8943	5916
5384	6391
8038	5065
7190	5479
8621	5048
6766	5967
8480	5418
5064	5032
2549	2563
7564	5116
7138	5713
6133	4018
5715	5691
8229	5557
6562	5029
7161	5802
7489	5475
6925	7790
8425	5815
7217	7928
4703	5966
5559	5258
5199	4891
6929	5436
7587	4894
8236	5315
7543	7345
6231	4955
8959	5264
7668	5433
6808	5079
2934	2900
3329	2988
6694	5591
4609	3094
7939	4960
6465	5761
8259	4893
7082	5452
6888	5100
5232	4535
5548	4951
6961	5908
4834	4918
6181	4931
3414	3764
6574	6393
6323	6092
7548	4039
6701	5149
7524	4606
5152	4629
7050	5064
8236	4738
4580	3001
6200	5806
7860	5330
7851	6065
5824	3670
5380	1507
7148	3917
7251	4914
4807	3410
7920	6423
7181	5868
5445	6443
4461	927
7223	5024
6681	4742
7860	5011
4834	3150
5100	2323
4725	3094
5786	3374
6980	5051
3559	2493
8847	5117
5682	4659
7636	5799
7313	5630
7254	5284
3862	3450
7594	6397
2747	2173
6797	5243
2936	2045
6830	4968
6794	3120
4578	1910
7456	4807
3123	1868
2826	4291
4714	4489
8568	5474
3480	3569
5306	5033
7221	5593
5501	6094
6911	4762
4945	2786
7828	5824
4760	5576
5662	5205
2816	1180
4064	2875
7583	9999
6738	6096
7467	5105
6599	5686
5114	2987
6874	5515
9579	4781
4779	5276
6068	5063
5373	6066
8026	5714
4210	3568
7581	5387
6746	5036
6128	4860
6814	7327
7397	5081
5144	3150
8200	5996
6833	5431
6986	4881
7931	5715
6992	5434
7719	5569
1064	15
4996	5197
5412	1577
7207	5571
4130	5497
7528	5041
3906	3197
6468	6591
5244	4939
1492	2787
7766	5788
5454	5025
4242	1483
5609	4941
5552	6417
6030	5354
6552	5554
942	2112
3766	5261
6089	5484
6865	4916
8131	4908
7326	5492
6995	5360
6025	4958
5799	3252
5410	2542
6856	5482
5056	5815
8306	5817
8734	5594
7687	5361
2075	1498
6615	5622
4317	5998
6133	6460
6416	5787
4231	3175
5985	5080
6044	5297
7211	5187
7223	4954
7062	5730
7544	4834
1242	1521
5506	2049
6086	4857
8418	4764
7864	5481
7918	5207
7857	5240
5159	1063
4198	3252
7737	5465
3970	3124
9688	6182
6636	5903
3312	3122
6280	5250
5137	6667
3547	2610
5572	4973
7545	5029
7141	4975
5123	3098
8200	5037
5907	5206
6880	5361
6945	4744
8066	5148
6594	5646
6516	6478
6905	5960
5211	5546
6001	5538
8000	4865
6539	5125
7109	4970
4813	2166
3981	2034
5838	5041
7656	5119
5624	6237
6885	6793
4805	5435
5730	5835
8594	4970
5859	5143
2831	3461
3630	3207
6232	5440
7579	5718
6736	3584
7071	4946
7305	5034
2509	2896
6094	5836
7482	6022
7099	4819
8365	5340
6785	5261
1994	1093
7819	6431
3386	1584
7109	5841
5947	3087
2331	1295
4301	4816
5550	5005
7344	4934
7347	6076
2140	2993
3523	4174
6173	5761
4213	2700
8091	4806
6430	5375
6057	5793
6343	4963
7024	5519
6862	5669
7508	5062
5080	2094
3952	2527
4341	3403
4287	3141
7884	5826
743	523
6519	5164
8505	5405
8892	8635
6544	6060
3316	565
5157	5450
8105	5058
7812	4950
8167	4658
5444	6135
7012	5587
4725	5341
4900	3243
4800	4921
7766	5316
7041	4752
6961	5153
6607	5566
6404	4107
6010	5841
144	20
2636	1169
6662	6147
3969	3498
6250	5481
5892	5273
7485	5755
7032	5703
6526	4920
7376	4978
2827	2704
7955	5087
6025	5508
7033	5734
7926	5526
7840	5573
4849	3305
2479	1496
5333	1004
5440	2599
6802	4865
5653	5297
7082	5236
7607	5000
6927	5937
6613	5850
6375	4863
1190	2314
7841	4929
6633	7278
6822	5811
7482	5867
6190	5916
5654	2131
5391	3391
5522	4974
8165	4943
7633	4898
3672	3140
1789	3352
4884	5060
6905	4842
7970	5528
6568	5933
3995	2046
5504	5702
5975	6299
6341	5187
4994	6852
4172	997
6880	5024
8125	6134
2049	3058
7813	5722
5642	5037
5403	1540
6718	6411
6443	5580
5427	5595
7440	4919
6952	4947
5062	3485
7046	4804
7129	5372
4860	3242
6981	5851
6363	4855
6090	4912
6271	6407
7255	4874
6589	5086
5257	5606
5373	4083
7340	5114
7017	5051
5377	4990
7415	5193
4747	3419
8365	4952
6628	6145
5531	6318
4212	3774
7303	6831
5123	6774
7953	4923
6172	4992
6588	4938
7403	5139
5432	7184
2828	3151
6646	5267
6537	5443
3185	1617
6129	6500
3379	967
7364	6189
6468	5412
8329	4708
4446	5515
4708	5500
5664	5807
8065	6512
6886	5786
6013	5974
3194	4279
7453	5153
8127	5627
7613	5559
6181	5526
7999	6533
3128	2835
7875	5979
6545	4929
7663	5589
9371	5354
6451	5161
4977	6423
5568	5127
5132	4995
8379	5349
7489	5369
6002	5391
1767	4506
2057	3788
4853	5068
5433	4963
7417	5053
4394	5595
3823	5595
8205	5039
7701	5018
6722	4816
7057	5028
2697	2090
8646	5270
6537	5306
6733	5803
7427	5150
9999	5157
6166	6345
7734	5042
5915	4774
5798	2973
7536	5557
8281	5568
7323	4701
7428	5393
5216	5121
7231	6108
8608	4985
6601	5270
7213	5888
7141	5406
3403	4776
2826	1692
4111	5021
7766	4880
7338	4993
1540	2711
6546	4945
5881	5930
5930	6018
6701	4812
7328	5474
6191	5627
3568	2846
7092	5935
8573	4814
7567	6694
9098	6029
4848	4971
4670	2474
7703	4936
6730	5138
5626	3667
6223	5970
3058	6567
5354	5014
6875	5218
3648	1560
3291	2846
6349	5103
5928	5483
4263	3602
5709	4695
6207	5081
4684	3329
7426	5524
6346	4877
4209	2994
7531	4943
7607	5728
2120	3605
8774	4975
5455	4913
5598	5453
8183	5941
9206	5304
4961	3624
7522	5051
6642	4981
7359	5485
6692	5464
7862	4951
5092	4832
6143	4111
6949	5453
4004	1388
5382	5121
6495	7238
3912	3779
5878	6368
7946	6151
7625	4814
7025	5902
7006	6017
7726	5811
7172	5668
6613	5011
2100	1063
4400	2933
7938	4880
6572	4640
9064	5495
7151	5170
7404	5178
5650	5923
6203	5045
1670	2551
5168	5582
2695	3357
7900	5146
5428	4215
7145	5835
6555	5001
5378	2047
7589	6089
9595	5369
6056	3888
3314	2410
6334	3581
2916	2512
8617	6334
8702	5572
7140	5575
6939	5504
5925	5189
6457	5390
7536	5876
4894	5649
6697	5846
5599	4916
7552	5003
5950	2305
5697	5204
7313	6202
7359	4852
7971	5423
6965	4917
8386	5431
3083	1509
3276	3133
8699	5042
5722	4783
6597	2809
8111	5484
8226	5486
4137	2976
6202	4818
7720	6238
3597	3550
6049	4881
4813	4919
7744	5737
3752	2110
7420	4928
5613	2534
9038	5227
7558	5295
3913	3060
5332	6087
7281	5324
6301	5680
5873	5142
5479	5084
2884	2056
7761	5418
6569	5225
7098	6550
4090	3605
2844	2479
4182	2407
4611	5488
6557	5037
5794	5464
5076	5294
7149	6144
7899	6077
6538	5602
6825	5330
6510	2046
3326	3049
6817	5971
6718	4928
3710	3215
5132	5111
4125	5246
5898	5910
6934	5163
8700	5015
7872	4839
5696	5011
2388	759
7834	5503
5212	4041
5512	3530
9227	5146
7747	4771
8132	5080
3391	771
8195	5026
7632	4873
4968	5731
4511	3308
2555	3016
7216	6558
7411	4922
4676	2716
4847	2911
6673	7391
5351	5852
5064	6353
5047	2088
5462	5211
7262	4830
4676	1552
7631	5981
5686	6257
7708	5499
8505	5508
6896	5552
7790	5621
8813	4853
6656	5577
6037	5031
7289	5246
3315	713
8780	5569
8740	6107
7635	4844
7573	4652
6853	5718
6860	2489
5961	6032
2825	403
4979	2835
6377	5461
9046	5646
7160	5618
6599	5681
8844	5621
1480	2218
6342	4957
4905	3031
6179	5172
4201	3703
6874	5545
8205	5485
6555	5854
7548	5691
6518	4902
6967	5421
4567	3495
6995	5933
7789	5488
6163	4773
7901	6072
6939	4923
7067	4706
7602	5466
5574	6231
6456	6158
4435	3856
4913	3197
4336	3129
8014	5666
6102	4744
4097	4808
7438	6000
3811	2191
5662	5834
7656	5145
7092	5148
5412	6420
6925	6691
7088	6075
8301	5982
3794	5749
7135	4852
6034	6340
7118	5809
4811	5175
7774	4935
5459	4956
6933	5208
5716	5518
4759	4713
2045	1024
6726	5214
6958	5209
6302	4910
7113	5231
7634	5168
1899	317
5183	5407
7241	5531
7327	6024
6402	5708
7162	6253
6802	4993
4200	1170
6174	5513
6624	5294
2307	1564
2580	2941
7385	5081
6379	4895
6558	5017
5419	5432
7657	6042
4253	1268
5712	5704
5028	5582
8162	5844
2113	2128
6050	5051
7589	7177
4389	6369
6286	4991
4935	4832
4503	2983
3606	3809
6798	6300
4537	5341
8759	5045
5964	4763
6960	6256
8262	4908
6794	5554
5393	2985
5846	3804
7810	5822
6723	4772
2559	1258
2555	2332
8992	5154
8029	4534
5080	5482
6794	5932
5500	6769
6896	5814
3640	1787
4561	1045
7538	5977
4951	5169
6480	5350
4401	3088
5755	1403
9216	6020
5587	4978
6104	5194
5246	6063
6680	5128
7769	4937
3624	3839
6579	5257
6660	6851
4094	3196
8650	5688
8766	5734
6358	5569
3264	736
6516	5385
7254	5299
6548	5606
6517	5629
5991	5158
8681	5724
