1	225
1	153
126	635
1	32
241	10
166	121
314	12
1	40
1	204
1	77
1	588
88	53
16	302
6	89
1	340
20	304
1	190
143	126
1	0
99	257
50	110
1	209
89	192
9	278
1	169
521	314
1	298
1	195
145	229
15	15
49	26
19	49
8	86
601	516
1	18
1	944
106	396
8	388
418	62
5	415
1	164
423	150
1	850
1	476
1	30
32	1064
1	738
38	151
290	16
1	73
1	124
15	35
1	8
1	76
121	46
37	98
1	62
1	50
217	962
91	55
40	77
299	18
314	2
1	793
7	94
1	102
42	1554
1	2
1	102
281	34
24	238
7	14
113	51
177	1120
1	5
1	39
1	211
1	149
1	736
1	139
193	292
1	1511
86	1025
1	97
151	123
14	227
36	8
1	105
1	135
108	43
210	128
1	19
1	75
99	745
27	96
1	7
70	61
1	2
1	136
249	183
1	12
67	14
1	207
1	228
17	685
1	7
1	481
86	111
9	104
226	85
1	5
1	185
116	518
16	663
1	289
49	248
7	47
1	314
5	94
4	610
128	0
282	126
1	33
20	74
59	864
130	190
28	417
1	20
1	20
77	35
101	123
123	2088
161	179
52	16
111	116
1	1
450	28
1	335
1	59
157	357
88	482
1	65
42	5
54	1169
1	55
86	1
40	265
16	138
1	125
124	70
31	23
1	95
1	36
1	1370
1	89
1	212
1	51
150	126
1	214
21	93
1	292
1	162
281	413
62	206
515	85
1	82
152	416
203	265
15	119
16	539
1	195
235	5
595	218
138	861
509	589
1	35
219	164
1	159
2	451
1	373
85	46
18	330
1	257
102	428
1	448
1	3
1	24
1	249
490	9999
57	71
37	79
1	73
449	242
103	279
1	490
1	1443
59	310
13	30
27	26
38	237
260	285
17	263
1	228
100	30
1	693
1	645
1	326
4	669
38	1448
283	9
1	50
178	97
1	686
279	252
1	73
50	1479
212	120
1	870
1	396
1	37
687	87
530	92
19	143
5	710
1	1736
103	89
98	4
1	445
445	195
1	42
193	137
1	461
1	40
404	514
170	226
70	104
1	317
1	881
23	32
61	7
1	101
56	145
1	2
40	293
62	288
1	209
1	29
1	31
1	95
45	9
1	238
2	121
1	326
43	19
89	18
4	223
1	78
583	112
32	9
1	302
163	715
1	164
99	176
1	333
382	1862
1	2
14	335
53	47
10	267
1	553
1	17
1	399
456	372
1	36
29	438
7	35
1	213
1	278
95	205
78	46
1	34
29	1
32	635
35	88
132	303
1	267
1	288
1	659
1	1188
1	928
17	0
439	800
1	41
132	555
1	7
241	0
1	504
59	207
1	206
307	26
16	1
26	243
58	212
116	465
1	72
55	170
77	4
107	471
33	156
1	278
1	374
68	77
1	5
402	468
77	230
9	531
237	1260
1	409
1	726
1	202
72	359
449	2
163	30
1	575
47	166
66	164
1	543
477	63
267	83
1	29
69	484
1	195
5	111
71	155
416	3
11	619
18	21
22	137
1	10
223	0
43	1
1	87
3	80
1	113
104	92
1	237
1	5
41	575
1	259
118	364
42	2213
6	77
27	408
42	12
1	46
1	105
1	431
1	909
1	90
322	1230
399	349
314	87
114	16
1	1195
247	258
1	31
5	593
24	485
319	747
1	119
101	183
1	91
134	143
1	803
4	191
1	398
130	129
6	250
1	14
1	30
1	77
237	189
50	100
7	228
5	63
25	437
283	476
42	285
156	2154
1	73
170	152
1	13
1	45
1	195
1	291
143	434
300	35
28	65
1	55
72	294
1	815
51	579
1	198
1	917
1	54
129	63
1	0
283	108
1	130
139	537
1	526
197	228
9	345
43	392
25	21
309	710
7	240
1	743
173	142
1	14
1	33
27	513
59	452
1	3
131	62
21	152
1	65
1	35
1	455
412	429
1	246
99	477
29	2293
40	63
14	0
20	17
1	665
1	75
1	69
1	119
70	62
1	168
21	21
1	1
1	332
287	96
2	115
79	15
1	100
27	335
14	2623
337	335
20	180
1	72
3	13
194	186
444	21
1	461
138	440
1	98
1	134
1	362
125	201
96	386
1	19
1	72
1	8
1	55
5	293
55	234
1	36
215	71
18	232
1	15
36	27
194	163
1	21
285	461
190	59
1	298
1	8
1	276
110	111
1	293
1	302
1	112
137	420
12	97
1	498
1	55
205	107
1	49
445	20
54	59
1	320
271	606
1	1381
14	49
26	35
67	121
227	6
253	498
13	987
1	2974
1	479
145	227
253	776
2	190
1	988
1	116
1	35
362	0
20	40
86	168
1	166
1	388
1	1
25	340
399	2
179	237
18	15
26	352
23	274
196	618
171	64
1	162
1	189
600	28
1	31
1	260
1	176
167	22
112	67
1	25
1	84
154	82
8	8
1	95
190	521
1	292
227	326
1	1015
114	119
10	213
277	177
1	821
29	1146
44	59
68	332
1	299
1	35
77	47
1	120
44	521
1	84
64	180
1	45
1	415
99	416
1	77
87	58
424	157
39	12
29	25
154	233
273	656
1	171
45	88
1	26
1	180
11	89
215	576
1	2077
58	478
1	47
65	452
1	260
1	406
1	43
1	391
153	4
1	82
269	25
7	424
1	87
6	254
275	212
23	75
67	530
1	189
1	157
49	102
1	504
19	189
1	49
1	16
1	28
612	445
375	176
36	193
1	38
80	2
6	377
1	377
53	13
1	239
487	14
1	206
109	199
193	30
403	9
32	1359
106	274
1	372
18	219
163	76
13	13
1	30
502	364
1	226
183	273
47	557
58	101
1	204
172	336
1	106
1	215
15	48
1	122
63	36
106	1094
1	501
39	338
14	55
25	101
1	82
1	6
1	478
56	67
1	37
56	184
1	13
341	34
1	26
1	24
1	424
291	1
1	13
1	105
1	205
1	450
74	266
102	142
358	43
1	385
148	207
1	398
687	34
77	27
9	0
1	190
1	247
1	215
1	124
112	790
1	200
20	334
37	83
111	153
1	575
4	35
36	30
1	83
40	250
398	119
35	233
1	60
139	264
183	213
1	75
1	59
123	35
1	88
113	27
76	96
1	130
1	12
1	390
1	23
1	175
133	177
1	420
1	917
1	2
1	162
13	218
1	279
425	2
13	416
1	12
126	54
1	248
154	277
178	157
53	266
1	354
13	6
46	148
527	330
1	219
1	159
3	87
1	12
488	87
1	22
1	446
16	0
3	105
84	23
40	194
1	55
58	185
42	221
94	485
41	149
26	1141
79	238
94	12
47	359
111	7
126	178
42	57
14	2742
93	220
96	41
61	53
1	97
1	9
1	262
45	405
1	360
1	285
84	21
20	12
438	506
1	149
144	437
95	284
1	74
164	143
27	46
337	12
6	201
12	42
1	411
112	120
1	26
151	72
1	431
17	198
1	302
1	248
263	170
40	48
420	20
48	1344
1	274
188	188
1	17
1	31
352	0
30	117
12	43
2	35
32	947
1	61
1	3
1	345
203	561
1	248
21	167
79	56
212	43
1	284
1	113
1	585
1	453
1	8
124	96
1	332
1	406
238	71
18	490
1	862
33	3082
94	110
110	145
7	233
1	1612
1	309
8	4
1	1
71	164
29	532
467	379
1	631
1	7
1	940
336	285
1	78
82	93
1	7
1	19
94	202
1	237
443	204
1	41
84	196
55	9
26	3325
13	6
1	272
213	195
32	395
132	130
2	13
29	146
51	16
640	22
12	66
300	289
106	1090
382	122
1	714
48	144
145	282
34	17
71	2271
388	82
1	237
17	400
41	20
1	410
359	79
1	37
1	434
1	178
38	344
184	49
27	326
2	140
76	138
1	405
11	178
183	312
1	38
55	1296
35	49
27	0
566	1038
159	82
25	22
1	260
259	22
235	189
1	247
134	100
198	175
1	355
1	54
47	297
25	50
1	111
1	218
124	1271
1	330
75	138
35	261
55	175
1	92
61	71
1	29
45	42
18	24
1	23
96	162
209	0
25	64
496	57
45	358
65	445
1	1044
119	510
4	436
1	1201
17	1071
4	7
342	73
90	53
1	190
1	30
105	87
126	15
1	1462
1	3
1	30
1	307
23	307
1	96
127	6
1	39
132	0
522	55
89	45
1	26
1	2
1	70
1	5
1	96
203	879
225	906
1	391
1	1423
276	6
369	186
130	90
440	96
1	1221
6	4514
2	219
1	5
1	61
1	317
176	38
1	157
20	90
1	2
101	601
13	327
1	880
1	213
106	1148
1	223
276	13
1	41
249	191
1	168
1	119
548	369
236	706
1	124
155	486
89	13
1	8680
53	31
33	55
1	33
347	1484
71	134
7	129
1	16
1	366
1	11
1	92
247	174
21	348
11	37
37	17
1	269
13	3
1	274
1	1076
1	177
91	363
1	166
1	317
1	143
5	35
1	315
18	538
2	860
1	100
155	75
1	12
1	273
32	487
249	1662
14	20
203	480
1	407
78	49
18	40
1	191
55	36
182	60
1	26
1	532
96	43
1	61
54	37
1	1303
22	41
25	922
1	166
322	91
89	665
123	161
1	16
