9216	6795
6875	181
7849	5229
5352	2876
7299	1988
7400	4718
7799	5336
7197	7406
6359	4206
6996	5115
6549	2880
5645	4624
8130	3335
6728	7165
6818	7274
6349	3118
8165	8420
6414	6492
8149	4311
7607	4795
7451	4238
7222	3628
6991	5142
6935	3915
7019	6784
7747	2500
7651	3977
7471	5430
7858	7287
7433	5535
8535	8443
7460	3121
9999	2721
8221	7789
6207	2961
8745	2534
7681	1775
6804	1105
6725	1770
6662	5657
9176	1876
8071	5782
6204	6803
7244	5421
7539	5650
7093	2068
6989	1133
9239	1308
7967	6814
7877	7606
8119	3936
8902	6202
5007	4752
6808	1927
8944	2815
7139	3515
5407	3319
7216	4912
7852	4301
6965	3804
8774	2808
6980	6976
8077	5917
7740	4713
7250	7771
7682	5472
7912	7067
8622	6560
7645	3709
7172	4299
7652	1523
5267	0
7242	6645
8048	8126
8301	6611
8043	4498
6585	1738
6166	6841
7665	4653
7169	3055
9945	4443
7623	4105
7739	4917
7482	4143
8862	2888
8088	6672
6622	9014
6335	2248
8312	9293
7844	6072
8009	3616
7840	3312
7613	4726
7175	6803
0	2087
8179	8880
6955	2903
7531	2805
6105	759
7363	3996
7260	5110
8545	1167
5930	3156
5516	2108
7234	7176
7135	2933
8021	2542
7257	7475
6886	3549
6991	8225
7023	4065
7329	4327
7087	6101
6794	6496
6714	8565
7310	6986
7085	3721
5659	3443
7246	7641
8259	4364
6839	1213
8595	705
6721	6776
6970	4275
6423	3924
8167	5397
6838	480
9591	2882
6883	5285
7201	763
8137	3026
9458	4754
7883	4848
7773	3865
7518	5316
7166	4891
8255	2830
7776	3875
6783	4222
8183	8637
9620	1212
8297	1639
4921	5492
5940	4809
7044	2141
7019	6802
7625	4504
7961	3966
7338	4518
7104	4605
6498	4440
8226	7865
7912	5604
7310	4577
9185	2234
6933	3433
5551	5349
7925	626
8580	5515
7318	3979
6966	1904
7987	4863
6378	5084
7806	3744
7774	2548
8554	9373
6698	7000
7832	7033
7575	5275
7841	3796
7216	4912
6886	3505
6614	1733
6618	5880
7439	6059
6843	3067
7473	5124
8465	9123
6925	3545
6285	638
7103	7560
7717	3673
8449	6304
7483	6479
7895	6346
7405	3282
7686	2370
7913	3171
6539	3442
7251	7936
7317	5901
7685	5276
8629	3433
6736	6077
6554	2683
5789	4030
6568	7016
8264	2062
7909	4396
7565	4102
8221	5869
6575	3724
8219	3585
5545	4732
6849	6920
7923	4288
6564	4891
5842	3413
7497	5561
6821	2075
7963	4929
6594	3669
8799	9887
6935	4119
8919	4315
7977	4989
7444	3012
7015	4224
6980	4656
7871	4599
7983	2433
8781	9999
7847	6543
7815	4101
6731	2735
7622	6820
7100	3826
7138	3108
9290	2252
7269	4201
9046	1484
7218	873
7664	4253
6699	5959
7505	5658
6377	3287
7663	4352
5682	633
9521	2968
9515	1474
7671	5024
7245	5039
8854	2775
8594	1430
8151	6544
7475	2554
5975	6842
8123	3222
7743	6876
6522	4194
8508	6888
7183	1033
9888	2907
7032	3345
8878	6938
6262	1995
7698	3168
7534	1994
6890	2702
7538	4368
5485	4634
8537	9688
6581	2679
7452	5074
7699	5711
7968	6584
5755	2509
7063	8079
7388	2906
6404	7960
9183	2762
7504	3713
9119	8429
7324	7411
8115	5918
7092	578
6766	3660
6550	1787
8548	6249
8288	4832
7303	7104
6352	2506
6399	1840
7347	2182
8864	5308
6692	2864
8014	5575
8734	8549
6407	1767
7539	6119
7465	5299
7599	1962
7311	6237
6662	4604
8153	4421
7104	642
6726	2154
6241	2264
6943	3487
6054	3394
7407	4805
7173	2860
9239	8604
7860	1725
8209	6833
7488	2918
6227	3590
6061	2991
7462	3204
7778	2652
7836	3063
6997	5238
7867	1286
9882	4027
6630	6358
7481	2893
7948	7959
7676	6377
8225	5781
6705	1926
7349	2768
6755	3990
8594	4218
7982	1983
5367	5127
6596	2711
7692	6275
8057	5862
8723	1478
6258	3227
5997	4259
6359	3192
8468	3457
8243	1128
6467	3848
6796	1869
8015	2258
7452	3980
6947	7048
7968	5516
7452	5074
7575	9004
7656	4217
7637	5935
8742	2374
7826	8124
6511	4711
7028	3023
6540	3175
8680	6088
6038	4983
7069	822
7562	4436
8839	8517
6652	2973
8534	8679
7351	2180
6429	3800
6099	2861
7922	4023
7220	6903
7819	3362
7010	4332
6565	3471
7984	5671
7088	4950
7088	1297
8157	7031
7784	2671
9130	5958
7638	6863
7610	4568
6274	3190
6733	5742
6789	2566
6674	4244
9540	4141
6314	3641
8019	2841
8560	6783
7789	4353
7933	7534
8045	2179
7115	2939
7502	3390
7720	2426
7691	1720
7625	5187
9558	4889
7234	5570
9392	4476
6628	4165
6866	4196
7069	1225
8216	3588
7131	3232
9461	2251
7705	6118
8277	5053
8740	2303
7896	7638
5829	4774
7381	4427
6844	1593
7959	2936
6390	2285
6583	7775
8452	6975
6948	4034
6803	1394
8266	4935
6766	7436
7513	3197
7009	3769
7715	5903
5828	3531
8692	1293
7000	4261
7901	8067
6807	2690
7135	2022
7627	6038
6015	4159
6418	2223
6800	3327
8111	3453
8954	2083
7043	1702
8520	5767
8983	2797
8461	8538
9317	4120
9197	1530
6459	761
7647	7076
8021	4161
6819	5980
7631	5595
8157	2698
8167	8117
7756	5064
7584	4001
7755	4077
7542	6839
6239	2410
7374	2181
7501	7118
8102	3043
8360	7580
7205	4158
8130	2949
8384	6714
7231	3169
5968	1717
7947	4866
7993	3549
4244	3683
7014	6014
6050	4086
6932	3163
8198	7127
6922	3184
8269	2546
5909	4875
5474	3984
7202	5255
7947	9179
6900	2137
5366	989
7500	5270
8412	5309
7463	2863
6064	3700
6559	6701
7734	3753
6362	4685
8592	2156
7211	6556
7479	6204
8231	9176
7515	5050
7981	5981
6081	4816
9671	8703
8467	6506
8156	7566
7741	2577
8448	3487
5711	5566
7349	6513
8027	7626
6365	2788
7240	3907
9129	2437
7772	2949
7899	2947
6877	989
8282	8930
7964	4231
6070	1561
7352	5568
7545	4297
6717	7603
7761	1689
5655	2731
7845	7451
7436	5005
6979	2474
7947	6641
7811	7710
7606	5765
7179	5109
9273	1608
7791	4215
9210	8886
7283	5556
7486	1959
9140	6921
7909	3546
8187	4213
7083	6936
8238	5154
7977	4893
8138	3219
8079	6095
5559	4972
7117	1478
6900	3086
8862	820
6998	4044
