0	9982
0	9993
0	8508
0	9800
0	9997
0	9980
0	9986
0	9998
1	9910
0	9925
0	9996
1	7623
0	9995
0	8795
1	9998
0	9955
0	9914
1	9171
0	9876
0	9998
0	9928
0	9998
0	9995
0	9999
1	9998
1	9931
0	9925
1	9985
0	9287
1	9922
0	9997
1	9992
0	9968
0	9947
0	9933
0	9942
0	9735
0	9868
1	9987
0	9947
0	9989
1	9990
0	9996
0	9995
0	9979
0	9804
0	9810
0	9978
1	9987
1	9982
0	9993
1	9549
0	9975
0	9826
0	9133
0	7971
0	9999
0	9997
0	8295
0	9999
0	9999
0	9997
0	9999
0	9999
0	9955
1	9965
1	9842
0	9985
0	9990
0	9986
1	9803
1	9646
1	9906
1	9499
0	9998
1	9807
0	9865
1	7761
0	9998
0	9968
0	9943
1	5559
0	9910
1	9997
0	9813
0	9964
0	9999
1	9970
1	9983
0	9979
1	9941
0	9847
0	9998
0	9947
0	9830
1	9732
0	9993
1	2629
0	9992
0	9954
0	9704
0	9997
0	9999
0	9994
1	9748
0	9928
1	9109
1	9706
0	9829
0	9996
0	9982
1	9998
0	8499
0	9984
0	8825
1	9986
0	9998
0	9991
1	9850
0	9788
0	9974
1	8995
0	9996
1	4562
0	9999
1	9998
0	9844
1	9994
0	8531
0	9998
1	9625
1	9980
0	9995
1	9993
0	9703
1	9980
1	9996
1	9993
0	9996
1	9997
0	9999
1	9962
0	9886
0	9995
1	5581
0	9985
1	9972
1	9998
1	9998
0	9766
0	9999
0	9994
0	9939
0	9998
0	9998
1	9985
0	9166
0	9787
0	9999
0	9724
0	8887
1	9960
0	9174
0	9993
0	9798
1	9433
1	9997
0	9995
1	9998
0	9999
1	9994
0	9986
0	9856
0	9999
0	9859
0	9990
0	9958
0	9996
1	9998
0	9163
0	9999
0	9999
0	9966
0	7893
1	9925
0	9999
0	9553
1	9978
0	9903
0	9962
1	9671
0	9998
1	9749
0	9931
0	9966
1	9929
0	9821
1	9988
0	9990
0	9975
0	9954
0	9991
1	9964
0	9960
1	9998
0	9999
0	9658
1	9844
1	9954
0	9480
1	9998
0	9978
1	9953
0	9689
0	9888
1	490
1	7012
1	9352
0	7514
0	9994
1	9996
1	9986
0	9901
1	9993
0	7061
0	9999
1	9970
1	6219
0	9749
0	9990
0	9297
1	9938
0	9995
0	9988
0	9777
1	9990
1	9921
1	9991
1	9802
0	9980
0	9999
1	9960
1	9995
0	9990
0	9819
0	9954
0	9991
0	9999
0	9963
0	9654
0	9998
0	9235
1	9998
0	9957
0	9999
1	9371
1	9765
0	9999
1	9985
0	9975
0	9887
0	9999
0	9715
1	9811
0	9981
0	9835
1	9989
0	9943
0	9995
0	9994
0	9998
0	9997
1	3639
0	7044
0	9725
0	9991
0	9979
0	9146
0	9976
1	9928
0	9988
0	9998
1	9989
0	9995
0	9226
0	9978
0	9994
1	9824
1	9758
0	9749
0	9787
0	9838
1	9988
0	9898
0	9999
0	9409
1	9921
0	9948
0	9927
0	9999
0	9982
0	9942
0	9978
0	9999
0	9589
0	9702
1	9993
0	9999
1	9996
1	9991
1	8854
0	9856
0	9599
0	9999
0	9990
0	9970
0	9999
0	9999
1	8053
0	9999
0	9865
0	9978
1	9994
1	9405
0	9995
1	9987
0	9956
1	9983
0	9970
0	9999
1	9926
0	9964
1	9989
1	9685
1	9662
0	9996
0	9858
0	9993
1	9994
0	9988
1	9913
0	9621
0	9999
0	9193
0	9913
0	9994
1	9920
1	9439
1	8888
0	9998
0	9976
0	9778
0	9999
0	9945
1	9939
0	9996
1	9942
1	9468
1	9982
0	9999
0	7214
1	9992
1	9997
0	8878
1	9552
1	9996
0	9987
1	9965
1	8846
0	9995
0	9318
1	9864
0	9927
0	9995
0	9995
1	9793
1	9998
0	9739
1	9981
1	9900
0	9999
1	9907
0	9999
1	9995
0	9980
0	9999
0	9975
0	9973
0	9978
0	9997
0	9989
0	9826
0	9998
1	9080
0	9995
0	8692
1	9869
0	9997
0	9810
0	9994
0	9998
0	9996
0	9998
0	9926
0	9948
0	9756
0	9975
1	9945
0	9964
0	9625
1	9942
1	9939
0	9897
1	9959
1	9998
0	9614
0	9742
0	9995
0	9976
0	9999
0	9992
0	9998
0	9932
0	9995
0	9937
0	9899
0	9011
0	9295
1	9998
1	9960
0	9995
0	9993
0	9497
1	9993
0	9548
1	9981
0	9992
0	9999
0	9968
0	9994
0	9969
0	9982
0	9994
0	9995
0	9807
0	9995
1	9977
0	9999
1	9617
1	9133
0	9735
0	9995
1	9975
1	9953
0	9998
0	8820
0	9994
0	9999
0	9992
0	9912
1	9104
0	9935
0	9494
0	9995
0	9996
0	9966
0	9984
1	9838
1	9998
0	9954
0	9988
0	9998
0	9952
0	9184
1	9955
0	9999
1	9990
1	9992
0	9992
0	9986
0	9980
0	9739
0	9989
0	9990
0	9628
0	9846
1	9993
0	9990
0	9998
0	9857
0	9997
1	9998
0	9998
0	9999
0	9993
0	9984
1	9998
1	7222
0	9974
1	9995
0	9999
0	9992
1	9961
1	9981
1	9919
0	9993
0	9999
0	9996
1	9995
0	9696
0	9952
0	9283
1	9996
1	9996
0	9999
0	9978
1	8756
0	9817
1	9986
1	9506
0	9997
0	9996
0	9990
0	9840
0	9785
0	9866
1	9996
0	9989
0	9990
0	9994
0	9995
0	9998
0	9803
0	9998
0	9996
1	7804
0	9988
0	9998
1	9508
0	9992
0	9222
0	9527
1	9994
1	9970
0	9994
0	9999
0	9997
0	9993
0	9138
0	9962
0	9998
0	9996
1	9997
1	9689
0	9916
1	9989
0	9994
0	8702
0	9998
1	9765
0	9967
0	8053
1	9998
0	9968
0	9845
0	9998
0	9999
0	9999
0	9952
1	9996
0	9950
0	9994
0	9791
0	9868
1	9993
0	9969
0	9776
1	9998
0	9999
1	9787
0	9994
1	9997
0	9998
0	9874
1	9986
1	9997
1	9961
0	9996
0	9876
0	9784
0	9922
0	9212
1	9945
0	9979
0	9840
0	9997
1	9841
0	9986
1	8310
0	9988
0	9987
0	9985
1	9996
0	9988
1	9948
0	9876
0	9917
0	9878
0	9969
0	9971
0	6722
1	9998
1	9862
0	9999
0	9985
0	9982
0	9833
0	9989
1	9966
1	9975
0	9993
0	9998
0	9977
1	9981
1	9978
1	9973
0	9998
0	9999
0	9991
1	9990
1	9932
0	9939
1	9996
0	9974
1	9808
0	9961
0	9930
0	9916
1	9980
0	9980
0	8998
1	7823
1	9509
0	9997
1	9998
1	9227
0	9998
0	9992
0	9941
0	9999
1	9992
1	9497
1	9988
0	9994
0	9935
0	9896
0	9937
0	9990
0	9996
1	9709
0	9709
0	8247
1	9949
0	9963
0	9995
0	9998
1	9935
0	9999
0	9977
0	8554
1	9776
0	9977
0	9999
1	9901
0	9937
1	9988
1	9957
0	9706
0	9642
1	9945
0	9997
1	9948
1	9581
1	9995
0	9995
0	9900
1	9973
1	9976
0	9986
0	9999
0	9999
0	9999
1	1024
0	9944
0	9998
0	9875
0	9998
0	9998
0	9999
0	9976
0	9472
0	9985
0	9999
0	9786
0	9948
0	9981
0	9967
1	9973
1	9870
0	9979
1	9996
0	9994
0	9903
1	9944
1	9954
0	9938
0	9965
1	9997
0	9885
0	9990
0	7850
0	9692
0	9993
0	9999
1	9995
0	9908
0	9813
0	9366
1	9182
1	9106
1	9741
0	9341
0	9716
0	9965
0	9848
0	9998
0	9692
1	8662
0	6966
0	9993
0	9684
0	9983
0	9937
1	9751
0	9997
0	9875
0	9960
0	9878
1	9963
0	9999
0	9997
0	9986
0	9999
0	8481
0	9769
0	9998
1	9835
0	9988
1	9994
0	9589
0	9973
0	9999
0	9984
0	9996
0	9993
0	9992
0	9999
1	9940
1	9898
0	9999
0	9981
1	9997
1	9997
1	9933
0	9995
0	9999
0	9995
0	9995
0	9919
1	9974
0	9893
0	9672
1	9758
0	9999
0	8572
0	9999
1	9877
0	9981
0	9347
0	9998
0	9388
0	9563
0	9995
0	9976
0	9764
0	9993
1	9908
1	9998
0	9999
0	9927
1	8389
1	9986
1	8419
1	9725
0	9997
1	9967
1	9998
0	9996
0	9953
0	9974
0	9997
0	9984
0	9999
0	8686
0	9922
0	9368
0	9994
1	9876
1	9674
0	9953
1	9908
0	9998
0	9997
1	9923
1	9998
0	9999
0	9996
0	9998
0	9984
0	9686
0	9996
0	9999
0	9560
1	9951
1	9960
1	9304
0	9794
0	9989
0	9991
0	9989
0	9989
1	9998
0	9780
1	8609
0	9961
1	9288
0	9997
0	9983
0	9864
0	9941
0	9962
1	9226
0	9998
0	9980
0	9966
1	9995
0	9665
1	9969
1	9980
0	9981
0	9402
0	9888
1	9914
0	9974
0	9838
0	9995
0	9940
0	9368
0	9990
1	9965
0	9997
0	9943
0	9998
0	9534
1	9994
1	9666
1	9859
0	9947
0	9991
0	9894
1	9980
0	9521
1	9875
0	9998
1	9593
0	9999
0	9675
1	9930
0	9908
0	9768
0	9994
0	8818
1	9998
0	9997
0	9871
1	9878
0	8731
0	9996
1	9959
1	9850
1	9998
1	9996
1	9998
0	9990
1	0
0	9951
0	9973
0	9900
0	9992
0	9991
1	9798
1	9987
1	9998
1	9998
0	9998
1	9689
0	9997
0	9998
1	9985
0	9999
1	9600
0	9993
0	9982
0	9970
0	9956
1	9633
0	9999
0	9999
0	9889
0	9996
1	8892
0	9999
0	8669
0	9837
0	9998
0	9872
0	9999
1	9853
0	9927
0	9973
0	9980
1	9996
0	9987
1	9998
0	9289
1	8742
1	9992
0	9798
0	9977
0	9698
1	9984
0	9994
1	9967
1	9991
1	9787
0	9814
0	9052
0	9996
0	9986
0	9997
0	9593
0	9206
0	9956
0	9981
0	9961
0	9999
1	9998
0	9981
0	9986
0	9978
0	9999
1	93
1	9907
0	9905
0	9985
0	9412
0	9994
0	7761
1	9997
0	9982
0	9862
0	9994
0	9848
1	9998
1	9993
0	9998
0	9998
1	9991
0	7284
0	9999
0	9969
0	9938
1	9998
0	9963
1	9990
1	9722
0	9998
0	9987
1	9901
1	9903
0	9998
0	9939
1	9950
1	9991
1	8123
1	9809
1	9916
0	9930
0	9998
0	9861
1	9997
0	9732
0	9837
1	9969
0	8978
1	9873
1	9971
1	9754
1	9987
0	9990
0	9998
0	9763
1	9831
0	9948
0	9995
0	9936
0	9005
0	9995
0	9976
1	9855
0	9999
0	9992
0	9999
0	9966
0	9623
1	9988
0	9996
1	9829
1	8941
1	9944
0	9994
0	9988
0	9998
0	8755
0	9504
1	9997
1	9931
0	8904
0	9984
0	9994
1	9825
0	9923
0	9998
0	9996
1	9993
1	9945
1	9988
0	9996
0	9975
0	9997
0	9276
0	9994
0	9996
1	9892
1	9583
0	9999
1	9965
0	9969
0	9977
0	9978
0	9984
0	9844
0	9990
1	9899
1	9079
0	9999
0	9975
1	9998
1	9596
0	9999
0	9951
1	833
1	9992
0	9999
0	8309
1	9978
0	9996
0	9947
0	9996
0	9962
1	9124
0	9997
1	9952
0	9989
0	9723
1	8841
1	9954
0	9999
0	9982
1	9931
0	9856
1	9751
0	9806
1	6994
0	9999
1	9852
0	9915
1	9978
0	9186
0	9981
0	9988
0	9924
0	9998
1	9852
0	9908
1	9996
1	9998
0	9996
0	9869
1	9874
0	9996
1	9974
0	9992
0	9999
0	9990
1	9937
0	9994
0	8619
0	9951
1	9952
0	9984
0	9394
0	9995
0	9998
0	9997
0	9587
1	9958
1	9996
0	9999
1	9966
0	9995
0	9953
0	9997
0	9994
1	9975
0	9406
0	9810
0	9761
0	9998
0	8787
0	9960
0	9936
0	9998
0	9998
0	9637
1	9997
1	9184
0	9993
0	9935
0	9876
1	9961
0	9926
0	9999
0	9996
1	9979
0	9418
0	9998
0	9916
0	9986
0	9937
1	9809
0	9981
0	9662
0	9999
0	9937
0	9963
1	9989
0	9999
0	9993
1	9947
0	9996
1	9575
1	9994
0	9999
0	9998
1	9989
0	9996
1	3722
1	9978
1	6862
1	9986
0	9999
0	9941
0	9606
0	9913
1	9213
1	9990
0	7209
0	9107
1	9984
0	9994
1	9855
0	9998
0	9994
1	6660
0	9966
0	9915
0	9015
0	9994
0	9930
0	9993
1	9981
0	9992
0	9972
1	9998
0	9642
0	9988
0	9939
0	9993
0	9949
0	9997
0	9997
0	9964
0	9941
0	9227
1	9957
0	9993
0	9993
0	9998
1	9874
0	9998
1	9998
1	7874
0	9215
0	9935
1	9300
0	9998
0	9930
0	9999
1	9998
0	9985
0	9992
0	9940
0	9995
0	9994
0	9982
0	9929
0	9996
1	7636
0	9926
0	9841
0	9999
0	9685
1	8524
0	9997
0	8980
1	8137
0	9986
0	9990
1	9740
0	9999
1	9878
0	9992
0	9999
0	9955
1	9997
0	9995
1	9988
0	9575
0	9999
1	9877
1	9756
1	9978
1	9991
1	9995
0	9998
0	9991
0	9933
0	9999
0	9997
0	9996
0	9984
1	9969
1	9981
1	9993
0	9996
0	9997
1	9883
0	9870
1	9789
0	9999
1	9448
0	9997
1	6865
0	9153
0	9999
0	9999
1	9910
1	8440
0	9934
0	8633
0	9999
0	9620
1	9980
0	9980
0	9996
0	9969
0	9872
0	9981
1	4334
0	9935
0	9996
0	9998
1	9974
0	9881
1	9756
0	9857
0	9993
0	9996
0	9922
0	9984
1	9905
0	9954
0	9987
1	9831
0	9997
0	9911
1	9997
0	9913
0	9889
0	9996
0	9998
0	8033
0	9937
1	9220
1	9572
0	9922
0	9140
0	9995
0	8402
1	9998
0	9818
0	9997
0	9959
0	9944
0	9962
0	9565
0	9997
0	9909
0	9609
0	9982
0	9847
0	9945
0	9302
0	9996
0	9999
1	3661
0	9320
0	9999
0	9939
0	9970
1	9694
0	9976
0	9999
0	9995
0	9999
0	9997
1	7528
0	9970
0	9988
0	9978
0	9658
1	9953
0	9510
0	9985
1	9704
0	9964
1	9992
1	9974
0	9999
0	9977
0	9999
1	9996
0	9986
1	9988
0	9997
0	9992
0	9997
0	9923
0	9681
0	9996
0	9982
1	9996
0	9870
0	9997
1	9728
1	9988
1	9838
0	9994
0	9993
1	9998
0	9999
0	8293
0	9868
0	9999
0	9999
1	9978
1	9133
0	9996
0	9968
0	9999
0	9979
1	9213
1	9988
0	9766
0	9993
1	9998
0	9999
0	8832
0	9999
1	9977
1	9938
1	9798
1	9969
1	9916
1	9986
0	9998
0	8997
1	9920
0	9963
0	9997
0	9999
1	9659
1	9772
0	9996
0	9999
1	9692
0	9971
0	9998
1	9946
0	7474
1	9918
0	9998
1	9709
0	9998
1	9998
0	9999
0	9682
0	9998
1	9915
0	9891
0	9999
0	9668
0	9980
0	9998
0	9871
1	9997
1	9608
0	9848
0	9993
0	9914
0	9981
0	9998
0	9992
0	9990
1	9879
0	9906
0	9952
0	9998
0	8944
1	8986
0	9974
1	9942
0	9998
1	9921
1	9795
0	9996
1	9995
0	9999
0	9975
1	9995
0	9999
1	9491
0	9996
1	7911
1	9926
0	9995
1	9997
1	9998
1	9570
1	9951
0	9990
0	9312
0	9994
1	9948
1	9973
0	9986
0	9998
1	9859
0	9998
1	9905
0	9968
0	9991
0	9994
0	9998
0	9999
1	9982
0	9998
0	9781
1	9032
1	9835
0	9999
1	9979
0	9997
1	9933
0	9912
1	9759
0	9997
0	9871
0	9998
0	9964
1	9996
0	9977
0	9999
1	9928
0	9994
1	3921
1	8583
1	9993
1	9567
0	7423
0	8665
0	9925
0	9929
0	9953
0	9997
0	9956
1	9997
0	9993
0	9839
1	9991
1	9911
0	9998
1	9507
0	9954
0	9990
1	9997
0	9996
0	9998
0	9998
1	9987
1	9997
0	9983
1	8600
0	9876
1	9979
0	9994
1	9848
0	9788
0	9437
0	9998
1	9800
1	9844
0	9998
0	9966
0	9895
1	9978
0	9998
1	9800
1	6558
0	9916
0	9999
1	9987
1	9959
1	9926
0	9967
0	9927
0	9997
0	9865
0	9996
1	7481
1	9993
1	9543
1	4309
0	9999
0	9996
0	9995
0	9995
0	9925
0	9999
1	9979
0	9999
0	9612
1	9985
0	9973
1	9997
1	9597
0	9961
0	9999
1	9939
0	9949
0	9993
1	9907
0	9970
1	9989
0	9974
0	9993
0	9997
0	9989
0	9999
0	9998
0	9967
0	9986
1	9460
1	9997
1	9996
0	9982
1	9839
0	7887
0	9565
0	9994
0	9981
1	9899
1	8938
0	9973
0	9908
0	9994
0	9884
1	9998
0	9983
0	8003
0	9999
0	9985
0	9996
0	9999
0	9593
0	9997
0	9993
0	9737
0	9999
0	9997
1	8716
1	9995
0	9997
0	9972
1	7136
1	9944
0	9997
1	9346
0	8652
1	9825
1	9994
0	9997
1	9998
1	9980
0	9992
0	9999
1	9998
0	9684
0	9998
1	9300
0	9684
0	9980
0	9980
0	9999
0	9985
0	9997
1	7137
0	9998
1	9994
1	9992
0	9994
0	9806
0	9944
0	8988
1	9501
0	9996
0	9999
1	9970
0	6932
1	9811
0	9555
1	9986
1	9997
0	9982
0	9984
0	9972
1	9986
1	9545
0	9965
1	9992
0	9809
0	9990
0	9128
0	9989
0	9992
0	9992
1	9183
0	9998
0	9868
1	9928
0	9998
0	8682
0	9997
0	9996
1	9836
0	9974
0	9669
0	9968
0	9995
1	7457
1	9996
0	9999
0	9998
0	9951
1	9997
1	9998
0	9999
0	9854
1	987
0	9903
0	9999
0	9994
0	9998
0	9995
0	9932
0	9998
0	9996
1	9977
0	9995
0	9949
0	9999
1	9973
0	8514
0	9848
0	9712
0	9995
0	9980
0	9975
0	9987
0	9515
1	9991
0	9744
0	9921
1	9468
0	9998
0	9998
0	9987
0	9974
0	9999
0	9998
1	9995
1	9827
0	9360
1	8839
0	9930
0	9995
1	9783
0	9994
0	9739
1	9989
1	8968
0	9948
0	9995
1	4096
0	9994
0	9998
1	9905
0	9999
1	9933
0	9993
1	9995
0	9974
0	9801
0	9997
1	9242
0	9989
1	9992
0	9999
0	9731
0	9999
1	9873
0	9949
0	9415
1	9976
1	9925
0	9990
1	9729
0	9998
0	9989
1	9991
0	9998
0	9998
0	9966
1	9998
0	9998
0	9682
0	9947
0	9983
1	9972
0	9998
0	9954
0	9998
0	9995
0	9917
0	9960
0	8604
0	9736
0	9997
0	9998
0	9960
0	9916
1	9997
1	9997
0	9964
1	9997
1	9900
0	9997
0	9991
1	9937
0	9972
0	9999
0	9994
0	9983
0	9993
0	9995
0	9997
0	9983
1	9916
0	9988
0	9997
1	9963
0	9995
1	9949
0	9760
0	6423
0	9999
0	9994
0	9998
1	9998
0	9999
0	9997
0	9990
0	9989
1	9969
0	9997
1	9910
1	9559
1	9618
0	9262
0	9964
0	9941
0	9996
0	9995
0	9954
0	9891
0	9981
0	9994
1	9998
0	9995
1	9961
1	8027
0	9696
1	9781
0	9892
0	9980
0	9999
0	9999
0	9995
0	9992
0	8358
0	9624
0	9258
1	9651
0	9994
0	9835
1	9986
0	9997
0	9993
0	9998
0	9425
0	9998
1	9981
0	9993
0	9998
0	8376
1	9991
0	9995
1	9997
0	9996
0	9995
0	9964
0	9936
1	9964
0	9968
0	8635
0	9997
0	9877
0	9994
0	9998
0	9995
1	9954
0	9995
1	7433
1	9980
1	9977
0	9982
0	9869
0	9998
1	9652
0	9813
1	9770
1	9998
1	9132
0	9302
1	4567
0	9983
1	9814
0	9999
1	9990
0	9998
0	9719
0	9985
0	9997
0	9998
0	8226
1	8012
0	9998
0	9996
0	9999
0	9894
0	9833
0	9904
0	9983
0	9999
1	9998
0	9968
0	9998
0	9981
1	9994
0	9613
1	9438
0	9896
1	9992
0	9959
0	9999
1	9996
0	9709
0	9995
0	9993
0	9988
1	9995
1	7160
0	9894
0	9918
0	9996
0	9038
0	9909
0	9999
1	9971
0	9995
1	9996
1	9997
0	9884
1	9570
0	9997
0	9990
1	3363
0	9950
0	7803
0	9999
0	9856
0	9895
0	9990
0	9994
0	9763
0	9900
0	7258
0	9991
0	9992
1	9826
1	9847
1	9941
0	9946
0	9999
1	9993
0	9070
0	9995
0	9940
0	9997
1	9993
1	7944
0	9994
0	9984
0	9981
0	9994
0	9977
0	9994
0	8906
1	9991
1	8474
1	9997
0	9998
0	9993
0	9998
0	9995
1	9014
0	9928
0	8458
0	9998
0	9995
1	9811
1	9831
0	9998
1	9959
0	9995
0	9999
0	9585
0	9988
0	9996
0	9993
1	9972
0	9844
0	9995
1	9998
0	9819
0	9995
0	9951
0	9944
1	9965
0	9995
0	9997
0	9913
0	9998
0	9895
1	7284
1	9998
0	9995
1	9992
0	9994
1	9994
0	9986
0	9993
1	9664
0	9991
0	9999
0	9998
1	9185
1	9997
0	9999
0	9891
1	9996
1	8606
0	9994
0	9998
0	9986
1	8840
0	9998
0	9958
0	9999
0	9998
0	9988
1	9915
0	9991
0	9581
0	9980
1	9996
0	8894
1	9910
0	9988
0	9998
0	9999
0	9998
0	9998
0	9990
0	9967
1	9930
1	9903
1	9997
0	9999
1	9996
0	9935
0	9663
0	9827
0	9993
1	9992
1	9950
0	9988
0	9994
0	9967
0	9998
0	9985
0	9987
0	9992
0	9999
0	9965
1	4896
1	9501
0	9932
0	8914
0	9997
0	9999
0	9997
0	9996
1	9998
1	5249
1	9975
0	9730
0	9961
0	9919
1	9814
0	9758
1	9981
1	8029
1	9974
0	9999
0	9888
0	9996
1	9891
0	9995
1	7939
0	9899
0	9985
0	9966
1	9998
0	9905
0	9967
0	9993
0	9982
0	9990
1	9996
0	9865
1	9998
0	9993
1	9940
0	9998
0	9994
0	9946
1	9924
1	9970
1	9992
0	9969
1	9977
0	9999
0	9984
1	9932
1	9997
1	9953
1	9995
1	9997
1	9998
0	9981
0	8846
1	9995
0	9991
0	9984
0	9978
0	9989
1	7578
0	9916
0	9999
0	9813
0	9990
0	9994
0	9992
0	9447
0	9936
1	9929
0	9993
1	9996
0	9982
0	9993
0	9827
0	9996
0	8782
0	9949
0	9997
1	9994
0	9741
0	9996
1	9808
1	9135
0	9915
0	9998
0	9995
1	9996
0	9999
0	9983
0	9860
1	9996
0	9997
0	9998
1	9997
0	9994
0	9998
1	9859
1	9954
1	5849
1	9998
0	9997
1	0
0	9891
0	9909
1	9900
0	9999
0	9997
0	9937
1	9877
0	9655
1	9964
0	9925
1	9991
0	9999
0	9956
0	9928
0	9390
0	8063
1	7732
0	9996
1	9804
1	9987
0	7989
0	9904
0	8940
0	9996
1	9998
0	9979
1	9987
0	9999
1	9987
1	9996
0	9992
0	9974
1	9927
1	9956
1	9944
0	9939
0	9988
0	9996
0	8093
0	9987
0	9993
1	9831
0	9976
0	9883
0	9997
1	5979
0	7847
0	9998
1	6075
0	9931
0	9974
0	9999
0	9998
0	9887
1	9997
1	9581
1	9998
0	9997
1	9988
1	9984
0	9985
0	9962
0	9986
1	9956
1	9899
1	9972
0	9608
0	9903
0	9251
1	9968
0	9986
0	9831
1	9992
0	9934
0	9977
0	7198
0	9995
0	8290
0	9968
0	9999
0	9757
0	9175
1	9997
0	9999
1	9027
1	9867
0	8635
1	9995
0	9994
0	7284
0	8815
0	9991
1	9863
1	9992
1	9611
1	7936
0	9998
0	9725
1	9985
1	9660
0	9999
0	9999
0	9996
1	9998
0	9897
1	9243
0	9869
1	9298
0	9999
0	9972
1	9988
0	9997
0	9999
1	9993
0	9999
0	9930
0	9703
0	9999
0	9672
0	9986
1	9995
0	9869
0	9998
0	9937
1	9998
0	9993
0	9999
0	9999
1	9993
0	9986
1	9959
0	9996
0	9987
0	9956
0	9993
0	8752
0	9996
0	9988
0	9942
0	9972
1	9988
0	8857
0	9996
1	9989
0	9992
0	9969
0	9997
1	9963
1	9636
0	9998
0	9897
0	9953
0	9987
0	9998
0	9994
0	9019
1	9955
1	9887
1	9788
1	9978
0	9999
1	9169
1	9985
1	8862
0	9973
0	9994
0	9953
1	9869
0	9815
1	9998
0	9998
0	9995
0	9170
0	9996
0	9998
1	9856
0	9956
0	9999
0	9950
0	9998
0	9976
0	9964
0	9975
0	9997
0	9999
1	9993
1	9990
0	9662
0	9995
0	9923
0	9998
0	9994
0	9998
0	9995
0	9974
1	9985
0	9711
1	9900
0	9040
1	9933
0	9998
1	9131
0	9999
0	9996
0	9997
1	9997
0	9998
0	7918
1	9924
0	9956
1	9318
1	9997
1	9746
1	9957
0	9948
1	9998
0	9958
0	9997
0	9991
0	9949
1	9924
0	8770
1	9709
0	9994
0	9994
0	9922
1	9775
0	9611
0	9999
1	9997
0	9990
1	9956
1	818
1	9997
1	9800
0	9931
0	9967
0	9881
0	9643
1	9998
0	9998
1	9998
0	9998
1	9994
1	9953
1	9478
0	9996
1	9998
0	9898
1	9993
0	9997
0	9986
1	7687
1	8253
0	8837
0	9997
0	9241
0	9792
0	9942
0	9995
1	9986
0	9978
0	9991
0	9967
0	9998
1	9927
1	9252
1	9642
0	9824
1	9944
1	9909
0	9991
1	9705
0	9851
1	9998
0	9622
0	9481
1	9998
1	8830
0	9963
1	9181
