7113	2935
7398	2105
7368	2021
7169	1357
6881	3185
6600	3639
7454	1235
5441	3813
7259	3464
7627	2773
9058	1485
6857	3334
7193	2313
7279	1965
7628	3514
7233	2317
8882	838
7058	2464
7195	2878
9154	1868
7609	2284
5290	3910
8405	2570
7140	1689
7237	1430
5522	3813
7652	1771
7122	2453
6699	3400
7087	2856
7687	1591
7297	951
6384	3559
7386	1433
7077	2812
8378	3096
7450	2485
7088	1605
7218	1783
7514	2228
6566	3476
6576	3556
6852	3562
9183	922
7534	2665
8753	1968
3843	4296
8498	2878
7074	2994
7165	1226
7380	2595
6428	3533
4304	4019
7952	1382
7328	2394
8232	3428
7200	2792
4967	3911
7111	1179
8290	2493
7127	2236
5492	3830
7915	1504
7665	1845
6568	3495
9043	2992
7403	1814
6774	3357
7576	1270
6353	3557
7759	1064
7268	3291
8017	3313
7399	1925
7126	3239
7164	1828
1874	4449
8538	2896
7179	3139
7195	1956
7376	1472
8480	1832
7382	3118
7121	3190
8024	1188
7131	2019
7092	552
6349	3556
7152	2340
6321	3545
7912	2309
6193	3820
8249	1181
7069	1544
8580	3308
7379	3304
7164	2210
7775	2197
7156	1748
5649	3759
7383	2631
6967	3190
7925	1726
5790	3737
3293	4187
7141	2972
7138	891
6199	3695
7477	1849
7058	2932
7132	1406
7193	1152
7965	1618
6339	3657
6818	3433
7623	1619
7195	1793
7108	2295
5630	3784
7112	1808
7131	2763
3914	4088
7278	2825
6922	3236
7553	1792
7111	2717
7270	1893
7406	3088
7698	2750
7920	1886
6882	3259
4986	3930
7464	933
1092	4608
7146	2127
7222	1397
7797	2832
7109	2738
6711	3340
2755	4370
8758	253
5645	3765
7057	2849
6990	3029
7110	1756
7058	2383
7119	1100
7071	1595
7580	2658
7184	2094
7282	2600
7408	2274
7299	1190
7395	1754
7155	2477
7908	2993
7115	2646
7087	3221
7166	2070
7540	2323
7067	1380
6693	3424
6103	3729
7078	3833
6992	3032
7379	1803
7761	1822
7136	2769
5764	3989
7954	1978
7412	3684
7483	2726
8322	3096
7291	3013
7142	2105
6544	3545
7316	2121
7595	2156
7264	2607
7161	1370
7191	1817
7280	248
8948	2314
5884	3750
7562	3148
6957	3205
7155	2058
7098	2099
7369	2608
7369	2983
6604	3902
7238	1325
7106	2548
7492	788
4890	3952
8325	1817
7168	1814
8247	2818
7164	2336
7030	2993
7141	1759
7778	2790
7174	1414
7648	2333
7304	2698
7347	1847
7482	2967
2530	4305
8732	2135
7156	1972
1603	4583
7113	2963
7172	2462
6806	3342
7311	2269
7177	2715
7090	1985
7137	1932
5941	3716
7381	2099
969	4776
4942	3914
7125	2436
7079	2912
7347	2147
5958	3815
6606	3439
7168	2267
7355	1194
7215	1497
5586	4263
7142	879
7436	1955
7225	1189
7025	2913
6446	3536
7698	3252
6662	3638
7624	3511
7132	1732
8054	2820
6876	3213
7084	2903
7076	881
7143	1854
1993	4378
7211	2051
5855	3732
7214	2700
7751	2737
7027	2974
6544	3487
7416	3625
7144	1469
7497	2965
7179	2947
7166	1604
6934	3141
7159	1675
6967	3025
6933	3075
7098	542
7086	3382
7298	1066
3659	4124
7171	2368
7997	1933
7155	2565
7490	2081
4333	4012
7173	2049
7184	2122
7157	2131
7353	1859
7561	3168
7646	1821
8453	3246
7193	2285
7183	1254
7055	2600
9613	1815
8658	3024
7043	2885
7267	2744
7544	3085
7114	2816
8318	1651
7402	1937
6617	3517
7076	1683
3608	4690
6294	4121
7304	2592
2350	4391
7420	2136
6989	3382
7437	2638
7164	2487
7552	2530
7105	1729
7765	2495
201	5185
7127	2403
709	4743
6035	3690
7878	2487
7645	2580
7626	3201
7136	1040
1418	4615
7108	2582
7015	2994
7588	2972
7742	2731
7822	3268
7135	2979
7927	3051
7286	966
6701	3428
7093	1010
7220	2460
7144	2241
7168	2323
8325	2293
7166	2857
5756	3733
7177	2268
7148	1936
7988	2295
7197	1374
8050	2589
7155	2579
7575	2149
7100	2789
7116	1890
7440	2083
9110	2026
1826	4418
6655	3424
7185	2182
7176	1437
3951	4380
7139	1080
7039	2747
7092	3044
7047	2789
8070	2705
7343	2656
7133	1679
7201	1873
7623	2530
7611	948
7146	2545
7872	2726
9580	2396
264	5039
6576	3458
7178	2068
7724	3181
7189	2318
8087	1107
9540	2287
6969	3116
7296	1339
8314	1773
7128	1457
7057	2472
7189	2025
7555	1487
2850	4264
7843	1858
8945	2176
6953	3112
7625	1958
7021	2919
7232	2927
7222	1063
1256	4609
8204	2567
7249	2403
7126	1897
7650	1291
7186	2216
7104	3064
7187	2532
6463	3554
8817	1567
8301	1727
7169	960
6889	3689
6303	3802
6974	3009
6980	3141
7027	3011
4393	4004
6535	3500
7313	2939
4027	4067
7130	2732
3315	4251
6396	3550
7033	2926
7249	1937
7093	2987
7113	1583
6306	3597
4997	3914
3705	4112
7301	2312
7142	1810
7098	1700
7511	2442
7128	2609
6969	3274
7494	2139
7181	1970
6928	3261
6846	3220
7141	2466
7181	1245
2647	4265
7101	2801
8248	1434
798	4759
7178	1272
7041	1098
7213	2065
7272	1950
6457	3544
9047	1544
6834	3419
5733	3757
7221	2381
7091	1228
6519	3559
7686	1295
6936	3215
8504	1457
7174	2443
6826	3382
7035	2964
4206	4076
2358	4395
3630	4131
7160	1984
3222	4195
7157	2392
6045	3669
7093	2215
7177	2808
5089	3882
7171	2006
7088	3195
7771	1922
7184	2728
7099	2823
7225	1818
7107	2835
7501	1195
7211	3261
4877	4218
7418	2436
7283	2378
7112	1304
6664	3376
7185	1139
5697	3764
7024	2936
6820	3847
8007	1393
8639	3157
7140	2505
8304	1306
7134	2467
7202	2152
7353	2868
7177	2429
8356	2015
7412	2696
8157	2341
7206	2288
7126	2029
7194	1616
7110	2342
6834	3324
7212	3229
7204	445
7149	1880
8926	1781
7089	2853
7396	2246
7165	1273
7001	3033
7007	2434
7018	2884
7054	2760
7421	2805
7186	2605
7373	1375
7446	3302
6086	3673
7535	1835
2337	4325
7540	2920
7051	3117
7102	2738
7921	2992
7237	2453
2692	4285
7143	3084
2237	4423
7078	1696
8501	1704
7381	2304
7266	3361
7313	1289
7131	437
6563	3457
7173	2009
7272	2644
8337	1039
7725	1020
7111	1473
7175	2458
7206	1102
7091	2762
7066	2859
7717	1812
7048	2687
7162	2336
7135	1580
7637	2469
7208	715
8204	1747
2982	4223
6769	3403
84	9999
2678	4281
6858	3229
6621	3602
2286	4409
6098	3804
5298	3846
7256	2181
7186	2573
7569	2385
7288	957
7057	309
7275	1628
7006	3211
7161	2587
7536	2837
7439	1449
7140	1929
6751	3358
7227	2186
1325	4559
7326	929
7104	2132
7363	3550
7635	2756
7285	2868
7602	2111
7278	2069
7200	1496
8530	1087
7624	3021
8015	3027
5668	3855
7491	3289
6646	3616
7989	2467
5663	3771
7198	2233
7159	2239
7238	2123
7213	2603
7104	1183
7080	2934
6140	3822
7161	2434
7331	2081
7118	2415
7420	2044
7851	2935
8257	1387
7257	2466
5434	3842
5648	3810
7210	2685
7052	1553
9153	2083
7149	2871
6999	2956
7123	2985
7126	3276
7901	1994
7289	2629
7143	1838
5058	4082
6930	3176
7762	914
9025	3018
7181	1952
7483	1294
8894	1952
7236	781
7715	2409
135	5389
7031	3104
7080	2688
7579	2938
7244	2884
7126	2066
7427	2063
6837	3261
7161	1057
7311	1475
7221	2253
5659	3862
7561	1042
7486	2506
7180	1230
7550	1954
7115	1950
7193	1888
7425	2008
7684	2649
7456	1067
7472	2369
8284	1730
9081	2857
6989	2658
7074	2803
7266	1706
7152	1858
7179	910
7181	2300
7148	1983
8657	2243
7696	3181
7371	2736
4959	3945
7139	1905
7971	2360
7650	2728
2876	4285
6903	3084
7119	2995
7399	2112
7149	2147
7795	2962
7125	2253
6974	3155
2880	4400
7471	3504
7144	2124
5158	3877
7331	2848
6640	3460
7241	2412
7086	1551
7457	1799
8023	2388
7170	2796
3384	4169
7059	3226
7341	3063
8964	3087
7126	2247
7125	2245
3577	4193
7185	2026
7652	1701
7101	866
7178	2816
7184	3066
7249	2010
6271	3592
7132	1088
7146	3134
7016	3348
7462	2114
8477	3448
7166	2745
3906	4082
7478	2761
7254	895
7401	2390
7118	2973
7129	2461
7225	1789
7183	2331
8788	3330
7517	1753
7945	2275
7416	2971
4606	3965
7349	2371
6049	3694
6470	3538
7052	2964
7125	1944
7479	2449
7234	2588
7056	2904
7559	2171
7872	1340
7302	2077
7210	1674
7968	1971
6792	3454
7284	2348
6918	3291
5159	3884
6591	3527
8168	1193
7947	2287
7367	2064
8530	1246
3050	4344
4999	3981
6511	3520
7205	2297
7203	1858
8699	2767
7339	2486
7309	1907
7526	2403
7053	2995
8022	2331
7182	2078
7399	2579
7347	2284
7904	3128
7281	153
6947	3080
8044	1852
7307	3170
4897	4009
1102	4844
7108	2078
1030	4630
7062	1924
7729	1265
7695	1045
781	4893
7326	2841
7421	2444
7170	1954
7182	2169
6231	3726
6701	3391
6106	3678
6644	3419
7055	2779
7036	2933
7093	3805
7189	2140
7196	2954
5164	3925
7188	2756
6304	3821
7426	2333
7077	1988
7383	859
7114	2594
7165	2520
7168	2629
8432	2537
8355	1600
7199	1908
7125	2647
7580	1595
7061	2965
6243	3609
5908	3715
7192	1696
7842	3397
7321	2955
7638	2825
7158	1387
7617	2301
8785	2787
8811	3027
7976	2436
209	5204
7111	833
1402	4520
7184	2876
6502	3510
7096	2239
6411	3761
7575	2735
2746	4318
7076	2692
7060	2696
5427	3809
7674	1854
8330	1074
8107	2275
7134	2584
7171	2247
5502	3895
7107	3096
5995	3695
7310	2230
7587	1352
8014	2649
7215	1257
9568	1450
5685	3753
7152	3019
7232	2043
7159	1679
5929	3734
7183	1326
5795	3739
7141	1309
7300	1881
4031	4061
7298	2269
7314	1646
7087	2628
7440	1900
8420	2152
7307	2757
7225	2813
5961	3829
8390	3771
7019	1380
3991	4071
7167	1421
7076	2618
7498	2934
1399	4620
7193	2755
7425	2170
5558	3794
8270	2930
7547	2006
3126	4209
7187	779
7065	3063
7692	2124
8247	1673
7180	2199
9025	2331
978	4654
7131	2215
7170	577
7042	1757
7112	1676
7125	2892
6647	3575
8943	2176
7119	2119
8078	2995
5897	3968
6961	2653
8733	2160
7649	2081
7089	2638
7242	890
8009	2798
7153	1823
7530	2497
7380	2464
7366	2107
7229	1453
7380	2678
7094	2793
6777	3318
7564	3275
7395	1960
4083	4139
7374	2503
7205	2452
7219	2482
5046	3925
7144	2681
6646	3511
7752	2075
7265	1886
3718	4116
7531	1536
7178	2011
6505	3523
8264	2715
7832	2443
7160	1303
7097	2629
7113	2497
7226	2623
7259	2106
7049	2599
7403	1408
7193	1257
7102	2126
7177	2542
8469	3166
4451	3982
6754	3330
7142	2505
7255	1328
7197	2049
7519	2871
7668	2257
7453	1684
6941	3036
8096	2238
7157	2973
7155	2147
7507	1985
8989	1572
7191	634
7212	2387
7101	2671
7136	2559
7205	1436
7034	2976
7234	1446
6399	3651
7278	2637
6937	3091
7888	2991
7061	2960
1128	4855
8086	2863
9571	3003
7193	1627
7218	2553
7760	3137
7089	2152
7135	2262
7630	1682
7058	2953
7773	3166
6515	3708
7165	2049
7530	3055
6881	3866
7284	1884
7327	2091
7138	1457
7120	1844
7963	3103
7137	1648
7125	1415
9502	2251
6942	3182
9750	758
7584	797
7141	1867
7194	2008
7209	1750
6202	3628
1591	4484
7561	3029
7203	2440
5034	3952
7341	2994
7410	2574
7216	943
7209	3630
5889	3689
5982	3677
7184	2009
9001	2651
7256	1648
8766	1133
6585	3556
7382	2205
7788	2400
7261	2611
7932	899
8188	2490
7171	2602
3305	4205
7430	1487
7427	2004
4653	3979
6865	3248
4564	4002
7448	3377
7195	1460
8191	1967
7289	3363
2276	4425
7175	2168
7787	2392
7126	1697
7128	1939
9137	1498
6874	3368
8456	957
7424	879
7624	1744
7707	1409
7419	2015
7099	2625
7408	2231
7098	3003
7315	2988
2280	4437
8727	2175
7175	2215
8189	1494
7174	1812
6700	3572
7608	1404
9244	2130
7620	2364
7232	1992
7185	2791
9116	819
7196	2017
7127	1180
7210	632
7705	3311
9693	2139
8399	3320
7081	2509
7116	2403
7149	1626
6379	3546
7253	2187
8555	988
7111	1450
6973	3107
8166	2386
7149	1786
7074	2552
7138	2489
9310	1673
7479	1233
7121	2705
8579	3693
7465	1707
7170	2635
4930	3913
8594	1424
7208	1918
6814	3418
7862	2371
7132	1482
7346	2599
7137	1698
7920	3116
7278	2027
7132	2735
7538	1817
7102	1232
7293	2217
7493	1588
7118	2332
4823	3941
8266	2913
2211	4376
7299	3083
7131	1229
7106	3060
8413	2568
7221	2087
7605	1751
7288	2058
7108	2490
5702	3761
7336	2906
7129	1601
7148	1849
1008	4688
7066	3100
7217	1894
7149	1646
7472	3430
7428	3086
6594	3464
7150	2480
8067	2704
7325	2109
7223	1715
7261	3180
7017	3015
6902	3180
7225	1603
5617	3957
8371	1460
7405	743
6657	3382
7102	3353
7117	2385
7407	2976
6998	3042
7178	2505
7746	2808
7297	1980
7220	1241
7131	1218
7146	1703
3282	4170
4220	4034
7416	1985
7107	2905
7477	1967
7424	2921
7147	2722
7170	1576
7219	1554
7519	1414
7207	2758
7134	1547
7086	2908
6973	3130
9155	2798
7092	2150
7237	2507
7121	2941
7202	1563
8079	2494
0	6187
7157	1798
8316	2141
7088	1947
8996	2698
7697	1615
4665	3960
6178	3648
7911	2125
7249	2046
4778	3982
7430	2666
5946	3702
7171	1965
7252	3192
6651	3409
7120	1403
7150	2009
7398	2417
7198	1304
1032	4736
7199	1764
9077	2735
7098	1943
8124	2496
7059	2752
7509	2034
7207	2617
7421	2294
8563	1760
6670	3761
1984	4430
7567	2676
5367	3886
7141	2189
7138	2835
7364	2968
7210	1870
6782	3359
4100	4053
7340	2654
7112	2603
6528	3479
7397	2901
6577	3771
7739	2424
7168	1830
7133	1919
7164	2397
8497	2133
7533	2508
8079	1249
6578	3477
7034	2070
6765	3499
7267	1738
7193	2097
7411	2675
7503	2866
5953	3680
7138	2092
7141	2783
7205	1682
7293	1826
7055	2917
7142	2896
6404	3604
7274	2558
6986	3070
9004	1973
6839	3222
7084	2694
6840	3449
6500	3529
6553	3508
6605	3464
6423	3666
7673	2151
7143	2613
7134	2084
7095	2403
6997	3070
7775	2819
7282	301
7015	3094
7236	2623
7121	2679
7742	3480
5503	3796
7188	2453
7925	966
982	4630
7460	1520
7182	894
7379	2730
8225	1519
7432	3051
7124	2240
7740	2494
7147	2765
8139	2333
1655	4469
7447	3622
7173	1079
7167	1875
7166	1426
7659	1095
8103	1108
7526	2261
7131	1302
5014	3911
6392	3560
7564	2802
7166	2151
7095	675
6643	3942
7143	794
9347	2163
471	4920
6961	2940
7530	224
7165	2311
7292	2176
7591	3370
7125	2366
8225	2859
7785	3582
6994	3073
6536	3487
8150	3000
7158	2287
5189	4253
7126	2355
7297	1266
7132	2383
7130	2170
8044	1406
4817	4186
3218	4211
998	4635
7822	1832
8193	1552
7111	1243
7272	1892
7692	1013
7025	3024
7083	2756
7126	215
6676	3429
2545	4334
6869	3311
7728	2339
7546	2845
1633	4486
7304	3266
7127	817
7583	2887
9335	3270
7114	2551
7154	2792
5684	3883
4332	4016
7276	1459
7100	1140
7238	2843
7631	3716
7226	1922
7239	2452
4754	3945
7080	2567
3629	4122
7619	1854
8322	1305
7578	3544
6378	4007
7158	2117
7152	1981
7171	2130
8293	3206
7169	2598
7116	2858
8448	769
7511	2713
7882	1735
7102	2535
7090	2808
7048	2820
6952	3237
4728	4183
8459	2832
8472	1849
6448	3567
7533	1746
7419	3178
7218	1566
7656	2166
7934	1991
8312	3497
6687	3399
7171	2114
7278	2268
9057	2629
7070	2806
7825	2117
6567	3447
7522	1995
7157	2362
7182	2403
7164	981
7092	2448
7155	3144
7201	1815
7520	3489
7938	3311
7471	2332
7557	2652
1156	4734
7131	1834
7153	2321
7082	3012
8158	2739
6875	3304
7501	2000
7232	2070
6480	3560
4173	4044
6598	3518
7613	2613
6581	3452
8641	1287
7100	2903
7166	1973
7286	2003
7134	2127
8646	3343
7812	1572
7602	2033
6884	3317
7222	1663
7182	2250
7148	1830
7952	1835
7236	1602
7099	2704
4053	4492
6716	3403
5799	3881
848	5144
7178	1945
7208	244
8954	2843
7076	2600
6795	3312
8780	2485
7190	2840
8899	3373
7127	1199
7192	1839
8964	2102
2219	4350
6979	3162
7123	2379
7152	2010
5823	3725
7335	1574
7869	3206
7344	1809
7166	1489
7046	2736
7719	2110
7070	1919
8978	1522
7643	1470
7346	2003
7177	2060
7479	2271
2856	4255
7156	2353
7187	882
7271	3395
8140	2237
7172	3286
7766	2347
2361	4341
7224	1556
7036	3535
7174	2787
8325	3354
8097	3207
7168	1380
7079	1283
2634	4585
7110	1626
7157	2800
7116	2008
7420	1899
7427	1310
6874	3200
7587	2019
7141	3257
6979	3161
7886	3012
7154	2032
7226	1218
6702	3440
7133	1367
8789	1634
7829	3213
8694	3685
7142	2568
7296	2665
7131	2433
7376	2954
7124	2690
7080	3643
7104	2247
4928	3954
7163	1427
7641	3465
6936	3365
6664	3423
8982	2807
7265	1207
6082	3807
7146	1913
7108	2435
7635	1819
7515	2622
7156	2261
5375	3809
7187	1424
7079	2717
7353	2250
7140	1416
7539	1561
7218	1754
7678	1625
7143	2888
7095	1616
6787	3476
7205	1811
7517	2852
6892	3271
7857	2868
6944	3143
8767	1167
7578	2103
7890	2436
7101	2511
7406	707
6377	3584
7222	718
7113	2191
6972	3162
7203	2071
7504	3032
7363	3740
7148	1895
7505	2413
8995	2303
9224	2273
7849	2555
7131	2122
6825	3353
4705	3985
7090	2099
7178	1718
7692	3019
7219	604
5389	3897
7637	1261
7129	1988
7126	2756
7260	1792
7039	2774
7422	2580
7291	2324
7151	2012
7140	2475
7178	973
7770	2545
7254	3087
5843	3725
7473	3564
7142	2604
7915	1120
7065	3280
7175	1023
7084	1548
7101	2815
7104	2813
4108	4080
7425	1939
7622	2727
6772	3377
7238	2247
7264	2276
7122	1144
7490	1131
3790	4109
7120	3144
5476	3907
6822	3320
7117	2408
7166	2013
7100	3263
7325	578
7086	1457
7253	2162
7867	2560
7226	1878
1537	4946
7969	2562
7843	3371
7117	2515
7158	2743
7124	2803
7199	2643
7183	685
7158	2270
7136	2034
5595	3793
6893	3194
6207	3643
2864	4249
7096	2130
6921	3146
8936	2634
7140	2091
7205	3109
7388	1249
4219	4035
7126	2338
2053	4410
7111	2536
7246	1523
7025	2984
7760	1185
6686	3801
4184	4054
7148	762
3963	4078
6846	3282
7782	2314
7153	2068
7417	3157
8476	3374
8893	3090
7424	2433
8337	1522
6580	3490
7120	2573
7124	2385
7473	1677
7171	1592
2125	4380
7759	2101
4934	3912
8298	3603
6683	3365
6932	3141
7136	1997
7090	1265
7197	2352
7178	2457
6806	3375
6338	3705
6385	3584
6958	2966
7852	1576
7338	1272
7846	1317
7051	2791
7130	1727
7418	2048
7287	2103
9989	2362
7173	1553
7357	2629
7231	2531
7129	2594
7114	2918
7180	2052
7565	2221
8735	2718
8519	3535
7187	3565
6579	3638
7176	2405
7814	1565
7081	2162
8528	2731
8920	2536
7165	1935
8893	2496
7124	2686
4821	4006
7175	2490
7218	3272
7259	3426
7150	1153
7188	1577
7964	1835
7216	2161
6733	3535
7172	2200
6311	3552
7592	2901
6633	3605
7157	1321
7066	2972
7109	2804
7073	2037
7201	2840
7685	3163
8166	2369
7191	1302
6423	3566
8395	2111
7243	1082
7363	2798
6963	3028
7403	2510
7281	2293
6810	3304
8966	2598
7135	2626
7550	1662
7118	1994
7086	2903
7208	2163
7037	2963
7148	2609
7090	2630
7201	1621
7135	3218
7237	2349
7055	3024
6628	3402
7118	2735
8084	1576
4451	4039
7593	3461
7586	2756
5456	3817
9058	2699
7755	2832
8381	2171
7501	3082
7214	1272
7081	1900
7476	2065
7206	2600
7213	1545
7396	1573
8127	2197
7554	1063
7292	2308
8197	3482
7362	2612
7102	1975
7419	2290
7221	2243
7752	2638
5698	3755
7193	2603
9111	2670
7673	2465
7271	1522
7226	1560
7067	1777
7191	2103
7138	52
7067	1909
7451	3266
7103	2589
6185	3742
7055	2854
7191	1574
6628	3595
7074	2912
8720	3183
7072	3199
8167	1044
7884	2715
7104	1254
7163	3374
7113	2862
8971	1618
7702	2267
7126	2774
7275	2933
7227	1326
7473	2928
7315	3158
1518	4561
7624	2021
7155	1021
2616	4280
7829	2953
7029	1340
7620	1834
7094	1771
7058	3622
8499	3329
8684	2865
8019	2855
6963	3164
7189	2078
6995	2860
7070	2992
6954	3109
7138	2500
7126	2719
7792	1307
7135	1547
7142	1259
4854	3922
7174	1873
7213	3388
7192	1450
7423	1795
7103	2918
7099	2620
7148	2819
7209	2039
5699	3753
3900	4089
6429	3543
7470	2809
6642	3423
7309	2445
978	5162
7679	2593
3360	4886
7146	1592
7171	0
7189	2890
3851	4216
7693	2021
7582	2559
7240	472
7214	2637
6460	3637
7207	3589
9063	1054
7192	2112
7000	3003
8578	2814
6758	3627
7125	2883
7075	2314
7152	2233
6756	3363
7977	2847
7144	2620
7196	2889
7128	2644
7257	1893
7286	2921
4660	4223
7139	1703
7163	1798
7384	2912
7045	3046
7181	3046
7157	1968
7254	2276
7063	1962
8054	3283
7396	2975
7225	2668
7172	1473
6968	3058
7113	2449
3481	4209
7138	2815
3481	4183
3950	4144
6988	2982
7498	2875
6298	3586
7998	3494
7110	3016
6923	3239
4091	4244
4561	4021
8022	1335
6923	3335
7081	2225
6753	3626
7231	1949
8192	1519
7642	2505
7224	1825
4000	4258
1062	4626
7272	2731
8919	2225
7033	3056
7169	2723
8855	3358
7147	2628
4153	4099
8101	3010
7094	2587
7480	2817
8035	1689
3654	4116
7410	2660
7156	2736
2826	4271
7305	2979
6404	3527
7231	2027
7109	2990
1861	4479
7100	2885
7420	1958
7416	3449
8032	1455
8354	2619
8099	3439
7566	2404
1498	4575
6845	3274
8277	2476
7258	1062
8929	1512
7161	1837
7773	2444
8223	2829
6722	3493
7186	1518
4398	4024
8104	3081
6951	3304
7207	2767
5656	3765
7015	3016
7173	2446
7221	2678
7350	1770
9579	2328
7139	2593
7373	2977
7923	2375
7124	1122
7733	2212
7389	3305
7794	2389
7109	2310
7163	3098
7448	2265
7191	1862
6584	3485
8500	1632
7072	2008
7010	3087
6293	3809
6907	3218
7447	1525
7063	3146
7149	2404
7128	2304
7180	2229
7651	2569
7080	3007
7149	2785
7177	1595
8013	1349
4164	4075
6364	3538
2222	4352
7387	2973
1121	4649
8802	2109
6054	3667
7523	2419
7181	1352
7105	1953
6727	3614
8381	1898
8036	1895
9076	1718
7388	2107
9005	2915
8341	1364
6684	3605
7282	2461
7124	2992
7222	1544
3725	4144
7089	1589
7418	1447
7221	1997
8395	3323
7125	1212
8695	1681
1891	4522
7349	2049
7108	2346
8083	1380
7861	2290
6748	3354
7080	2203
7582	2970
7208	2591
7732	1650
7177	2173
8165	1446
6816	3299
7530	1680
7620	1803
7141	2498
2109	4412
7466	2084
7232	3120
6862	3295
7464	2359
7193	2085
7142	2883
5547	3843
7309	3267
7623	3361
7550	2251
7041	3229
8761	2277
6991	3035
7534	2697
7167	2898
8495	1975
7142	1930
7720	1480
1870	4471
7063	2202
7154	1891
7757	1843
1338	4534
6676	3440
7543	3595
882	4723
6558	3631
7571	1967
7131	1956
7960	1107
6617	3452
7124	2257
7899	2093
7121	1244
6545	3591
4415	3997
2835	4251
8609	2284
5941	3711
7565	3004
6894	3268
7111	2499
7236	2873
7077	2804
4507	3993
6483	3532
8723	2550
7199	2988
9364	1523
6979	3058
7163	1646
7321	2190
7137	2773
8084	1227
7303	2103
4198	4332
7091	1889
7217	1939
7722	1644
6350	3567
7086	3382
6841	3402
7333	2044
7184	1794
7060	3036
6825	3337
6668	3404
131	5312
6881	3199
7172	2676
7724	1746
7115	2772
7263	2104
7151	1192
7449	3036
7724	1977
6113	3653
7259	2963
7507	1902
7668	2639
6815	3330
7190	2694
5570	3774
3250	4293
7104	2441
6701	3566
8265	3605
7348	2732
7173	2222
7128	2364
8678	2524
6550	3459
7220	1153
7610	2400
7112	2189
7354	1624
7157	2907
7183	2535
7281	2008
5331	4070
7542	2527
8447	2401
4762	3937
5546	3787
7036	2714
143	5230
5805	3849
7022	2978
7728	2164
7580	1351
7520	2998
7115	1588
6693	3606
6265	3585
7508	2938
8263	678
7056	3430
7782	3270
6173	3671
7111	2064
821	4769
7047	3038
7466	2567
7107	2274
6792	3366
7176	2215
4418	3998
7161	1573
7387	2790
7190	2278
7825	2776
7197	1702
7305	2541
7196	3352
7219	2084
7681	2098
7285	2330
6617	3802
6790	3699
7762	2216
6639	3401
7149	2396
8219	1659
7157	2380
6927	3358
7210	2659
3872	4154
6992	3791
7398	2608
7372	1996
7315	2146
7092	2392
7099	3055
6814	3369
8131	2500
7120	1810
7134	2935
7546	2407
4764	4005
7075	2890
7620	2740
7111	1268
7147	1935
7177	2550
7274	2094
3777	4129
6271	3656
7609	1793
9495	3251
6737	3458
7129	1418
7886	2588
7305	3502
7161	996
2266	4348
7190	1971
6804	3373
7300	814
9799	2445
4770	3983
9834	1898
7229	1001
6928	3196
7085	2979
6305	3597
7235	1096
7058	3132
1833	5259
7092	2358
7137	1575
6764	3359
1704	4527
7096	1914
8672	2150
7217	2284
7503	1353
7145	1468
8264	2045
7323	2006
7570	2687
9000	3042
8803	2845
7051	2700
7148	1446
7401	2712
7307	2128
7218	1939
7741	2015
7110	2015
7051	2700
7364	2511
7193	2136
7448	1989
7198	2777
6700	3789
7412	2348
7091	2747
7126	2748
6463	3526
8504	2152
7208	2294
4915	3973
7743	2902
1470	4580
7195	1186
7243	3363
7128	1120
7347	3005
3322	4175
5923	3680
7081	2525
6672	3524
8460	1528
7635	2850
7811	2944
7526	2364
7777	2391
8018	2663
7115	2576
7125	2537
7935	3370
5582	4004
7322	2721
7087	2534
7020	3064
7184	2302
3996	4096
7269	1840
7695	2874
7577	2852
7175	1851
7199	1833
7204	1823
7177	2161
7286	2562
7188	2583
6380	3959
7257	2674
6751	3616
7194	2043
8062	2785
7268	3399
7138	2285
8479	1420
7111	2898
5539	3802
7167	846
6954	3306
7158	1034
7088	2536
7216	1494
5751	3757
7186	1749
7600	1809
7178	1913
9999	1617
7115	1194
7253	1375
6243	3787
7589	937
7232	1760
4048	4156
7437	2867
6386	3609
7149	2529
6933	3518
7096	2258
7087	1941
8604	3231
7235	2307
6988	3189
1282	4588
7211	1730
7217	1934
7597	1286
7289	3297
6235	3790
7553	903
9416	2603
8175	1674
6910	3213
7198	2723
7136	2255
7124	2737
7082	2474
7563	1740
7072	3161
6798	3330
8072	2714
7456	2356
8583	2374
8970	2232
6635	3453
7104	1792
7727	2226
3059	4368
2680	4271
7182	865
6962	3088
6843	3297
8638	2365
7290	2028
7123	2890
7239	195
7501	1888
7071	3146
7220	1765
7196	2781
7448	1556
7105	2021
7478	2778
4238	4068
7523	2301
8274	2125
7129	2325
9374	3160
6627	3762
7030	3076
7019	3644
6648	3566
7232	1893
7741	2843
7162	2791
6890	3185
7131	1566
8038	2861
7231	3205
7134	2788
7241	1318
6052	3651
2194	4403
7114	1043
7277	2061
7855	1740
2994	4294
7091	3004
9138	3484
6698	3435
8947	2459
7547	3226
6930	3402
7685	561
7209	2394
7162	1963
7342	2621
8800	3191
7674	2451
7188	1938
7096	2607
7113	2750
6478	3509
7159	1612
7225	1870
7209	2060
7644	2713
8639	2088
7234	1218
7133	2497
7243	1936
7161	2724
7347	1887
7196	2365
6945	2961
832	4661
2670	4347
7222	2663
8185	2913
7176	2138
7456	2823
7191	1922
8024	2572
7444	2425
7128	1773
8029	2017
6566	3461
9231	2020
4511	4098
7083	2988
7143	2336
7133	1614
5932	3699
7118	2129
7241	2934
7209	2101
7756	1816
7908	3547
7071	2937
6224	3602
7478	1784
7183	1851
5479	3858
7140	2181
7205	1444
7085	2181
7330	1665
7111	2176
8992	2447
7080	2494
7177	2345
1767	4491
7446	2168
5457	3814
8239	1152
7149	1463
7473	3115
7146	2420
7517	2604
7570	2381
7189	2270
7150	2000
7308	2608
7609	2190
7440	2968
3172	4217
8256	811
7699	2005
7652	2139
7061	3302
7266	2574
7193	2262
7489	757
7537	1942
9299	2926
5188	3927
7111	2046
7155	999
7271	2263
7084	2944
8049	2118
7782	2062
6942	3172
5858	3734
3939	4086
9002	2665
6854	3411
9930	2079
7205	1964
7242	2554
8263	3029
7242	713
7900	1587
7502	2656
6910	3177
7149	2840
6845	3242
6930	3212
6173	3661
5841	3777
7095	364
7529	2795
7132	2823
7108	2796
7681	2744
7496	1714
6761	3485
9332	1683
289	5869
7085	1924
7124	2278
2444	4440
7085	2966
7382	3075
7140	2601
9189	2518
4194	4043
7654	1516
7312	1204
9151	1342
7673	1698
7208	2395
7137	2253
7430	2838
7306	625
6692	3397
7293	1754
7199	2147
8216	2250
7556	1895
7548	2873
7112	2299
7063	2960
6994	3137
4229	4026
8058	2006
8520	3338
8785	1940
5579	3910
6960	2906
7223	984
7683	2435
8711	3182
8056	3603
7550	2609
7608	3359
7191	619
7182	3329
7666	2653
7146	2220
7686	1897
7569	1900
7270	3082
7157	2570
7600	2496
7177	2355
7074	3365
6220	3643
7114	2879
5023	3896
8989	2723
7651	2550
7018	2958
6814	3339
8576	3311
7288	2580
7152	1891
4993	3917
7204	2448
7452	2112
7048	3017
3831	4111
7291	1505
7220	1531
8884	2991
7370	964
7166	1417
8612	2828
7211	1466
7113	2304
7148	2388
8261	3322
7175	2569
8430	1011
7515	893
7203	1410
7662	1996
7057	2611
7300	2060
7347	2021
8035	3206
7183	2659
7006	3107
7133	1978
7586	2189
7286	3414
1188	4572
1247	6096
3867	4097
7172	2659
6996	3128
4953	3926
7215	1140
3228	4192
7166	2146
7082	2905
6774	3368
7264	2603
1442	4550
7198	1101
7101	3211
7452	2801
7165	1611
7797	2281
6361	3524
7192	2065
3416	4169
7173	919
7445	2670
2495	4359
8963	769
9140	2506
1228	4970
7213	2967
8825	1852
7271	2913
8030	1189
7002	2961
6255	3590
6800	3281
7354	931
7341	1406
8026	2320
7301	2223
7208	2633
7185	2423
7600	2224
7251	2867
6648	3465
7623	2490
5833	3724
6519	3517
6976	3224
5872	3705
7713	1901
7103	1509
7285	2288
2322	4520
5021	3918
7062	2686
7041	1802
5967	3809
7490	2649
6957	3196
7025	3118
9507	3334
7237	2455
7046	3116
9615	1870
7061	2994
6749	3491
7144	1456
6776	3278
7312	2970
7436	2792
7264	2763
7895	1727
2616	4266
7044	3014
6993	3106
8461	1458
7456	2543
7237	2840
7240	1624
7736	2030
7234	1748
8816	1890
7007	3053
7211	2871
7465	2854
7012	1726
7646	2423
7744	1666
7343	2700
7271	1249
6748	3414
7195	3709
7679	1506
7086	1329
7087	2201
7169	2799
7572	2581
4244	4140
9806	1418
8172	2570
4953	3909
7207	2122
7157	2631
8497	2297
7721	2689
7107	3542
6567	3521
7340	3818
7429	2168
6214	3637
7480	2097
7343	2898
8965	2291
7072	2695
8951	2157
7163	1528
7208	2014
7095	2100
7161	2522
5654	3777
7660	1706
9182	2868
7095	1654
7131	2465
7006	3042
7087	2411
7146	2033
7080	2561
1719	4440
7227	2272
3327	4162
6251	3627
6377	3564
1974	5393
7114	2451
7713	712
7182	2159
7265	2091
7167	2678
7387	2323
7940	2211
7103	2395
7802	2585
7173	2282
7530	2766
4930	3996
7474	2280
7544	2399
7152	981
3037	4280
7296	1409
7094	2945
7059	3067
7184	1775
8280	2621
6509	3502
7773	2958
7050	2873
6907	3213
8306	2964
7392	2499
7162	2026
6170	3618
7051	3013
3993	4111
8592	2070
7408	1217
6977	3013
5752	3963
7429	2136
8159	3024
5629	3748
7241	794
7948	1985
7134	1846
8492	1177
7134	2722
6316	3572
7093	2271
7193	1176
7107	2286
7581	2535
8641	2156
7828	3696
7562	1212
7676	2072
7364	2627
2766	4277
7163	1576
4080	4048
7722	2020
7202	2048
7272	2625
7143	1400
7138	2191
7316	2499
7254	1299
9065	2274
6637	3391
8901	3575
8857	2255
6812	3346
7155	2028
7175	1834
2103	4359
3908	4078
7383	2016
4140	4122
7350	1712
7047	2571
7055	2899
7038	2898
7003	3124
7299	2287
6888	3218
7176	1456
7493	2800
7178	1630
7111	3174
7148	2462
7858	2164
7868	1670
8438	1548
7433	3283
7099	2821
7736	3112
8234	2497
7270	458
8419	2318
8746	263
7089	2986
7870	817
7073	2410
7171	1236
3047	4938
7194	2328
7082	2409
7191	1651
7726	2718
7119	2144
6720	3379
8722	1610
7354	1742
7106	1579
5780	3777
9100	2672
7135	2051
7271	2696
8139	2433
7101	3674
9019	2525
6553	3499
7416	2149
7420	1838
9021	2517
5342	3835
7076	2223
2663	4326
6946	3117
7159	2206
7190	926
7695	1831
7238	2021
7306	1511
6953	3205
6928	3211
7019	2854
7192	2925
7134	1930
7107	1419
8114	2300
7164	2480
7236	2100
7638	2082
7512	2640
6916	3168
774	5157
6002	3711
7849	2812
8485	1515
8002	1294
7181	2401
7091	1418
7310	2701
7165	1944
7167	3432
7115	2105
6080	3643
5822	3731
7286	853
5013	3918
7126	2844
7345	2713
6195	3650
7093	954
7421	1653
8011	2775
6250	3640
7563	2687
7646	3236
1228	4572
7804	2300
7783	3071
7292	2095
7055	2650
7035	3045
7202	2324
8000	2378
7232	2259
6220	3599
4474	4022
7188	1974
7915	2283
8832	3220
7070	2735
8073	2719
1994	4382
7623	1559
435	4873
4071	4086
7169	2354
364	4909
7123	2842
6943	3234
6461	3552
7280	2430
7184	1227
7080	2352
5051	3992
7705	2355
2315	4382
7697	2366
7190	2310
8354	2737
7067	2978
7431	2250
7178	1828
7996	481
7813	3230
1474	4511
7142	2228
7066	2380
7420	2898
7152	1885
7368	1729
7154	2256
4479	4070
7129	1553
7142	2125
7175	1982
7503	2611
1708	4519
7612	1636
7208	2139
6363	3650
7093	1868
7156	2766
8995	1235
6776	3320
7093	2677
7251	3086
7516	2139
6250	3653
6889	3253
7462	1052
6752	3587
7339	2509
7453	3469
5466	3820
7132	2648
7729	1946
7519	2907
7242	1952
7199	2256
6512	3501
6649	3397
7200	2152
7154	2042
7181	1939
7105	2956
8394	1084
7120	2537
6679	3453
6464	3499
8313	1509
7097	2497
7163	2428
8922	3106
7232	1864
7778	2046
7619	3948
7083	842
7259	1222
8007	3362
7092	2404
7509	1998
7190	2594
7293	2353
7091	2305
7551	1330
7028	2763
7127	3257
7109	2280
7495	2855
7652	1333
8115	1985
6300	3549
7445	2685
7100	2830
7405	1447
4765	3940
6561	3459
7034	3100
7066	3015
7268	2349
7348	996
8756	3283
7634	1892
7479	2364
6364	3534
7294	1252
8117	2848
7348	1758
7154	2631
6168	3621
7162	1115
7155	3166
7079	1886
7118	2212
7096	1478
7076	1817
7443	1616
7223	2609
7837	2921
7373	2192
9721	2326
9179	1457
7474	2654
7223	717
3380	4166
7179	2148
6157	3742
7194	1714
7057	1466
3334	4185
7780	2891
6988	3042
5925	3712
7125	2253
7129	2480
6930	3250
7127	2418
7159	2487
7157	1869
8290	1837
7534	2388
5685	3827
7473	2601
5494	3810
7173	2150
7385	828
7346	1855
7273	2392
7340	2141
7269	3522
5976	3748
7087	2796
7344	2998
7967	2703
4405	4020
8798	2929
7412	2312
9071	1759
7126	2521
8356	2022
8037	2437
7183	2067
9400	1928
7157	3278
5840	3836
7308	2171
7399	1742
7182	2212
7588	3102
7721	3065
7170	2972
7155	2396
7192	1094
7070	3002
7112	2905
7342	2931
4968	3910
7091	2271
6676	3458
7585	2655
7181	2130
7763	1830
7278	1455
7825	650
8847	3191
9549	2060
7064	1859
7613	3332
7085	2557
7561	3001
7094	2892
4936	3934
6851	3315
7097	2707
7104	1802
7126	1217
7575	2518
7205	1457
7317	2873
7251	2068
6253	3586
7160	2250
7712	2708
7179	2078
7174	2355
7239	1595
7104	2889
7217	2738
6776	3496
7404	1889
2112	4393
6872	3907
6978	3048
7564	2920
7078	2938
7173	2916
7227	1410
7172	1119
7140	2004
6561	3455
7179	2837
7115	1986
6752	3380
6422	3492
7117	606
6037	3701
7114	2705
7130	2334
7050	2568
7094	2476
7870	1589
6663	3422
7583	1385
8626	1478
7102	3030
9350	1455
7133	2636
7446	3220
6193	3655
7526	3007
7996	1914
7255	2788
5452	3996
7130	2352
7413	1939
7168	3258
7824	2314
7152	2674
7126	2073
7616	2648
7113	2498
6474	3509
7161	2793
7086	2412
8278	2718
7116	1764
7200	1938
7178	1477
7141	2007
6604	3466
7467	1841
5194	3863
7453	2672
7393	2309
7165	2848
7279	1903
7386	2407
9729	2065
1393	4526
7911	1725
8985	1362
7191	2951
7100	2044
7285	2277
7747	3428
8415	3103
7803	938
7383	2728
5148	3871
7867	2586
7233	2027
7863	2633
310	5007
6932	3109
6929	3246
6917	3178
7150	2249
6667	3484
7336	1702
7157	1565
9601	2953
7924	3263
7017	2915
5076	3881
7086	2630
7849	2937
7775	2000
3027	4274
7093	2077
7156	2297
7003	2834
6872	3340
7336	1520
7197	1238
6876	3334
9016	2172
5665	3764
7463	1789
902	4688
5068	3887
7783	1591
6926	3141
3460	4155
6941	3455
7258	1124
7163	765
6969	3347
3842	4193
8840	2226
6854	3227
7109	2789
7100	2033
7381	1570
3786	4106
7171	1496
7452	1485
6566	3632
3099	4226
7322	3191
7174	2325
6543	3464
7672	969
9026	2646
7103	2303
7114	2754
7651	1973
7133	1293
7253	2372
8420	2112
7106	2849
7258	3227
2994	4232
7339	2187
6998	2107
7143	1485
4354	4064
7155	2588
7087	2140
9338	2082
7459	708
8369	2126
7186	1247
8608	466
8382	1799
1504	4493
5069	3898
7855	3274
4745	4000
7192	2049
4203	4039
7051	1741
7640	2297
6994	3153
8161	1593
7738	1212
7144	2312
7097	903
7285	3232
8875	2363
7311	3246
7131	2429
7169	1123
6072	3749
7894	2281
7106	2958
7120	1557
7173	2544
7280	2049
7704	1633
7161	2120
7187	1630
7246	2496
9157	856
853	4814
7113	2681
7174	1503
7042	2892
7548	2700
7120	2446
7048	3076
7302	1529
7139	1483
7153	2015
7166	1067
7027	3494
7114	2478
7444	2461
7136	2456
8762	1839
7037	2142
7103	2544
8797	3011
6833	3328
7119	2892
7923	2647
1595	4507
7145	2650
7030	3311
7673	2887
7196	1740
6973	3127
8920	1340
7112	2537
7741	2698
7181	2703
7101	1261
7531	1439
7866	3637
8537	1637
8715	3050
7021	2918
7533	1981
7120	2279
7070	3070
7162	1426
7607	2906
130	5251
7	9061
7660	2481
7293	2158
7196	1658
6592	3439
7481	2670
8185	2404
8308	2558
7142	2315
8032	1951
7320	2372
6827	3277
7134	1632
7139	1850
7263	1214
6503	3548
7448	3056
5825	3738
7841	1923
9009	3050
6114	3629
7283	1666
7152	2382
8163	847
7692	3443
8036	2810
7512	2688
7186	1514
7848	2792
5248	4075
7296	2686
7002	3120
7040	2455
4380	4059
7131	2010
7066	2457
7314	2452
2654	4289
7213	2116
5764	3746
7384	1309
7111	2568
7141	252
7146	1596
7091	1944
7220	2215
6631	3450
7118	3845
7488	1125
7170	1527
7809	3322
5004	3958
435	4866
7194	1908
7037	3064
5308	3848
7043	2918
7082	2371
7211	2081
7205	269
7214	1258
6888	3180
8194	2007
7358	3700
7150	2386
7086	2739
7136	2621
7798	1290
7110	2573
7127	2345
6592	3434
7268	2642
7101	2430
7599	1003
7068	2553
7170	2501
7251	1311
9010	2388
6199	3596
7107	2029
7620	1871
7436	1193
7108	1916
6649	3462
9095	2173
7969	1689
7890	1857
6117	3649
7547	2894
7276	1895
8802	3070
8428	2075
7168	2073
7414	2318
4756	3937
7997	2341
6472	3512
5632	3785
7189	3374
6963	3055
7144	2169
7547	215
7188	1538
5778	3772
7244	1092
6895	3199
7054	3309
6177	3753
7111	2783
7263	1445
7227	2409
7184	2511
7129	3062
7608	818
7415	2275
6970	2937
8151	2870
6723	3367
7086	3199
7468	2879
7020	3073
7807	2476
7463	3358
8325	2206
7117	2896
5851	3723
7163	1780
7416	3039
7041	1819
6311	3591
5679	3764
8984	2122
7372	3155
7303	878
7201	1862
7306	1965
7135	3028
7374	2139
6365	3595
7176	1549
7619	2454
8104	2187
7043	2083
7099	2923
8647	3131
7155	2273
4473	3986
7706	1901
7074	2830
7236	2695
7152	1433
8811	1511
7501	1633
8657	2944
7378	1275
7198	1372
5577	3970
7117	2374
2394	4587
7420	1883
7887	2154
6835	3466
7615	1949
7089	2912
9478	2287
4327	4009
7371	2004
6291	3574
7087	1826
8619	2480
7139	2136
7227	2006
7160	3123
7218	2390
7179	2832
7131	2701
7164	2473
7151	1969
4273	4079
6950	3222
7128	1249
7255	1829
6845	3284
9135	2317
7152	934
7128	1434
6966	3068
8136	2159
7163	2614
7076	3036
8481	2421
7077	1721
6980	3217
6097	3993
7640	691
7991	3657
7424	2840
7615	2352
7212	1798
7125	2670
7186	1052
7169	2115
7841	1589
7350	1268
7069	2668
7370	3141
7942	3282
7087	2741
7159	1692
6514	3548
6944	3103
8268	1716
7138	2240
8732	2160
2800	4253
7057	3151
7100	1083
4005	4105
7096	2228
7787	1499
7117	2590
2339	4344
7171	900
6671	3421
6940	3186
6324	3655
6979	3057
8480	2626
6793	3332
7089	2166
8983	2065
9548	1199
7491	2260
6766	3643
5701	3759
7192	2434
8547	2966
7514	638
7232	3490
7162	1778
7517	1951
7418	2798
7106	1483
7647	2413
7162	1986
5152	3864
8915	3017
7013	2877
7093	2425
7124	2595
7104	2388
8617	2347
7584	2355
7172	2257
6968	2953
7211	2779
7389	2895
7187	2404
5752	3757
7741	2232
7122	1683
3183	4210
7196	1395
259	4968
3762	4107
6777	3542
7168	2549
7146	2515
6803	3191
7153	1519
6966	3146
7095	2795
8748	3614
7214	1432
7146	1636
7035	2971
5844	3722
7036	3033
7069	1698
7242	1694
7428	2051
6996	2934
1843	4980
7204	2146
7480	1758
7221	2583
7612	1648
4354	4009
8087	978
7131	2309
9153	2976
7479	2963
8777	2374
7045	3065
8073	1821
7088	2906
7153	2881
7073	2265
5658	3765
6603	3463
6812	3468
7190	1329
7214	2156
7517	2431
8500	2830
7189	1921
7033	2934
7296	1233
