5597	9933
7516	9005
6414	9713
3540	5341
4111	6889
4979	8945
7659	9659
6703	9778
8459	9831
7127	9894
4824	9719
6880	9752
6496	8447
3334	8090
5156	9892
7492	9954
6498	9744
7597	9941
5272	9838
6496	9864
5704	8686
5926	9561
5615	8868
7160	8413
7562	9819
7716	9810
4030	9377
6858	8418
3428	5786
6456	9566
2172	8138
7491	9216
3557	6098
5835	9352
6422	9962
5928	9781
6782	9989
6926	9365
2109	7360
8663	9998
6307	8706
3487	8358
3971	9420
6064	9964
5500	9802
5412	7713
7037	9973
7460	9844
3597	6802
2516	7410
4881	9864
2940	3684
5934	8046
6656	9542
8662	9982
5650	9427
7402	9948
5788	7115
7379	8577
7468	9730
2234	1307
5756	9700
6439	9901
7053	9671
3774	9559
2002	8959
7214	9784
7125	9527
5667	9970
7825	9036
5455	9837
6423	9605
5581	8885
6955	8416
7385	8463
6760	9900
5885	9664
7238	9981
5625	9878
7486	9924
8457	9993
5544	9553
5348	6593
5887	9705
7663	9988
8233	9936
6487	9926
7541	9613
3536	8570
3298	8722
5601	9421
6025	9960
6605	9356
7051	9815
5117	0
4276	9456
7386	9996
5818	9729
5040	9999
5843	8940
6853	9333
4832	8363
3408	8244
9999	8940
5024	9865
6804	9825
5401	4980
7228	9630
6116	9999
4199	9873
7954	9971
6622	9955
6816	9998
6781	9574
5151	8610
2519	9202
6306	9880
5338	9614
8335	8877
8388	9942
6876	8933
7540	9812
5056	8350
7183	9758
9133	7860
4301	8151
4199	7867
6735	9999
5748	5781
9780	9864
7030	9995
3519	6253
5818	8171
5725	9522
3922	2920
636	9340
6008	9691
7546	8820
5989	9752
3660	7550
7928	9958
6117	9961
6479	9833
2872	3878
6598	9714
4191	9451
3882	8683
5715	9281
5253	9515
7420	9233
7011	9806
5561	9757
7570	9890
7063	8585
3739	7434
3532	4482
7482	9910
5695	9950
4205	9868
7365	9425
5161	9883
6553	9433
3653	3608
5948	9067
5574	9897
7174	9959
2958	8328
7169	9997
6153	9225
1814	9986
7583	9245
6561	9287
7440	8238
8649	9001
6136	8995
7416	9742
4844	8620
4073	7780
3018	8241
6307	9995
7318	9962
7957	9794
6405	9599
6907	9721
6747	9959
1695	8567
5846	9837
7246	7813
6834	9599
7100	9805
7236	9925
6347	9450
7304	9653
6366	9970
4802	6565
7571	8764
7235	9616
5539	8312
5554	9388
6303	7795
5619	9493
6324	9817
4324	9035
7606	9856
7455	9673
2594	3357
6101	7734
7160	9996
7052	9762
5599	9999
5774	7699
8043	9053
4816	9793
5480	7604
1681	6818
6412	9634
7083	9992
2815	7698
8944	8686
6152	9037
6429	9786
6951	9029
8495	8321
7556	8977
6203	9965
6527	9504
5131	9409
5606	9658
7389	8862
6308	8990
9586	9989
6748	9999
4811	9865
2408	3320
7995	9901
5575	9831
6100	8985
4144	6480
5769	9452
6596	8818
3369	7494
9010	9998
5807	7973
5111	9567
6477	9992
5435	9773
8482	9794
7319	9700
5234	5544
7138	9799
7938	9945
3792	9988
4135	9592
5422	9229
6955	9989
5713	9723
6804	9518
7277	9960
6490	9923
6556	9914
5339	9938
6549	9962
6770	8629
7751	9999
7249	9809
4713	9666
5797	8127
9133	9963
6663	9802
6725	9917
5950	9995
6621	8611
6847	9661
5162	9527
6902	9998
4021	6983
6230	9872
6285	9983
6907	9062
2675	1535
4383	9355
6030	9958
6305	8622
8384	9978
8074	9520
8125	9872
4918	8695
1567	8397
3356	8773
3974	9882
2110	8802
7098	9976
7356	9926
6842	9480
7067	9863
7798	9896
7342	8565
4132	9857
4623	8723
9030	9692
5712	8272
7137	9988
6517	9990
5158	9789
4906	9980
8282	9868
7617	9874
6551	9544
7910	9993
6209	9981
4604	8462
9094	8964
7787	8985
6674	9808
8208	9790
6949	9987
6642	9536
2467	7377
5509	9932
8118	9073
7652	8847
2376	9796
7407	9063
6560	9411
2649	5696
4689	9575
5065	9840
7112	9734
6317	9559
2688	9696
5465	9923
6848	7723
6958	9974
7204	9999
5074	8133
4559	9299
7528	9578
9014	9850
5217	9742
6875	9760
5257	9761
6809	9950
7455	9694
6081	9484
7284	7386
6377	9993
7761	9991
6577	8601
6998	9295
4969	9199
4466	8693
2043	3086
6827	9890
7012	9730
3156	8706
3526	5867
2484	5504
5836	7193
7256	9899
7546	9978
7463	9861
4950	4635
7282	9861
7268	9482
6002	9992
6616	9149
6415	9106
7514	9607
6202	7803
4254	9986
5097	9523
6946	9919
5605	9361
6540	9614
5125	9950
7196	9497
6344	9094
6909	9637
6762	9868
7731	9838
5399	4247
6524	9188
5382	3385
8484	9892
6165	9783
6617	9996
6918	9965
9208	9854
7163	9642
7053	9718
6009	9149
5094	9000
6928	9936
9156	9880
7041	9997
6036	9471
6972	9964
5664	9398
5559	9931
7757	9320
7612	9772
5848	9344
6137	9234
1981	7130
3912	9249
6300	9944
6094	9945
8224	9451
7705	9978
6846	9877
7005	9490
7646	9925
6602	9452
963	7202
6698	9241
6858	9547
6783	9951
4878	7171
6144	9971
7608	9357
5650	8852
7003	9735
7506	7983
7650	9993
7447	8998
7020	9872
5896	9875
7985	9121
5344	9928
2420	6490
6529	9401
6918	9921
3587	8551
6773	9290
5861	9294
0	5520
4264	9271
5856	9998
2371	8998
5468	9577
6649	7920
6583	8925
6467	9996
5043	6560
6270	9835
6677	9986
6521	9455
7413	9499
6433	9925
4083	9497
6416	9994
5742	9824
5700	9468
6504	9654
7132	9777
7007	9432
5508	9734
5614	9420
6728	9962
6604	9223
6083	8426
5382	4819
5768	9907
5626	9744
6686	8716
7569	9850
5105	9167
1525	5527
5120	5312
2249	9988
5694	8465
6195	8834
2614	4015
3462	9319
7252	9800
5200	8494
6518	9845
7060	9766
6930	9999
7403	9345
5350	9990
4986	6534
4457	8308
3503	7543
7297	9336
7686	9663
7382	9953
7996	9219
3728	9949
7308	9505
6496	9924
8538	9981
5643	9441
7973	9095
5730	5716
4458	9306
3696	8628
7607	9914
5194	8919
4808	9824
6539	9997
6658	9429
6590	9438
2784	8536
7750	8353
4821	8926
6808	9825
7705	8458
6746	9929
5060	8004
4769	9794
5769	9807
6370	9943
5629	8961
5308	9873
5810	9555
7161	9711
7397	9910
4761	9460
7169	9742
5113	9460
3693	9384
8731	9972
4535	9998
7370	9537
7752	9997
8389	8430
4771	8756
6477	9416
4735	7324
8714	9896
9117	9883
7065	9994
2977	8892
4686	9743
6771	6845
5698	9849
6802	9995
6578	9784
4899	9835
5848	9967
2010	7088
2532	8083
7200	9738
6678	8303
9409	9343
6090	9700
7221	9042
5795	9625
4953	9998
3134	5111
7248	9013
7191	9867
7187	9241
6616	9752
7069	9714
3868	2044
6221	9575
4826	9909
4711	9522
5744	9159
4578	9642
6835	9419
6948	8923
7019	8163
8361	9952
5448	9882
7380	9522
6822	9964
7228	9995
5905	9996
6433	9973
3039	8548
8602	9554
6547	9776
6005	9980
6332	9678
5969	9980
4992	9196
7821	9595
5458	9920
6432	9964
6731	9853
6825	9939
2484	9168
8083	9840
7089	9625
4180	9586
