15	3000
14	4170
19	4237
9	3691
19	4814
11	3921
14	4828
23	2510
27	4447
10	2829
33	4874
12	4176
24	2505
15	5419
16	4308
13	2834
6	2272
3	4101
10	4435
16	4996
12	3290
22	4625
9	4244
20	4649
10	3684
29	3966
5	4825
16	3175
7	4605
25	4492
15	3736
19	2707
21	4072
12	4336
16	5379
16	4499
17	3028
11	5290
21	4533
10	4687
10	4717
19	3333
17	4261
4	4291
15	3204
8	4427
15	4454
8	5248
11	4990
10	2997
20	5932
9	5497
18	4755
10	5066
18	4473
14	4534
13	3760
7	4231
26	4892
14	4064
4	5547
24	3957
20	4990
16	3636
11	5087
14	4135
39	4225
14	3682
18	5273
23	5757
9	3232
10	5208
6	4904
12	1759
10	4338
12	4185
12	5422
26	1752
9	3530
17	4985
5	4820
12	5138
24	5388
27	2200
9	3920
9	5133
25	5043
13	2816
22	4110
17	5085
13	4239
33	4717
10	4858
15	3616
17	5304
11	5502
2	5902
10	5134
10	4992
11	4126
10	3174
5	5420
10	5265
15	4054
6	3811
12	3326
28	4433
13	4085
31	3297
22	6109
9	5448
34	4858
18	2855
19	3863
11	2681
27	3738
14	4574
6	3923
6	4832
9	5530
16	3060
27	3857
9	5229
5	4950
14	3997
6	4320
27	4355
14	5113
26	1718
4	3170
26	3308
5	5810
5	4963
16	9474
9	2615
7	5309
7	3966
21	4733
16	3332
9	3938
25	4795
15	4640
21	4136
8	9215
8	3373
11	5201
13	3951
7	4710
10	5008
6	2076
9	2465
13	5371
18	3948
10	5307
33	3625
19	5231
7	5227
8	4025
4	4020
12	5199
26	3746
28	5736
12	4496
9	3823
14	3808
10	3551
25	4449
22	4125
16	3174
20	3782
11	5522
18	2962
25	4609
21	5490
40	5075
16	4558
17	2121
12	4311
16	4521
31	3617
9	3760
13	5079
12	4178
5	4486
22	3401
10	4957
30	4970
7	3425
21	3772
40	3490
13	4863
15	5793
9	3487
2	4019
13	4873
21	4213
22	5019
14	5299
7	2157
4	4518
33	4483
5	1583
8	5578
23	8860
6	3814
16	5544
8	4363
8	4961
8	3613
15	5408
5	3967
29	4411
12	3332
9	5162
9	5756
14	3935
20	4865
8	4552
17	4275
16	4852
26	3222
13	4173
22	3697
8	3527
27	4310
1	3181
5	3942
8	4689
10	5022
15	3189
14	4742
3	4497
12	3954
13	3442
13	4910
14	3265
8	4614
20	4404
22	4895
11	5117
26	3371
13	3941
14	4669
10	3579
33	5500
28	3802
4	5191
10	3762
18	4641
12	4928
16	4352
11	5004
16	3831
9	5339
5	4052
8	4449
14	3848
19	3182
8	4809
20	1640
7	4697
16	5269
12	5284
9	5092
25	2666
19	4794
5	4096
7	4124
17	4290
19	3057
16	5075
10	3612
10	2846
9	3217
10	3478
23	4312
10	4563
14	3563
3	9657
19	5556
22	3980
18	3300
25	4174
6	3523
28	5252
15	3524
9	5014
12	5387
21	5535
18	5051
11	4322
19	5174
4	5156
24	4488
20	4880
25	2339
12	5296
8	4060
10	4190
17	4889
14	3154
27	5689
38	5287
28	5071
14	4623
12	4089
15	2836
11	4478
11	3207
15	4096
14	4399
16	3389
17	2854
15	4475
28	3117
32	2581
7	4626
18	5481
24	4594
8	4179
8	4430
20	4560
10	4880
12	4913
18	5073
21	4750
11	4981
18	4595
20	5008
15	3099
30	3922
8	3951
19	1322
27	5207
20	4507
12	6005
13	3806
8	4406
7	4690
19	5245
10	5312
15	3388
23	2153
13	4987
10	4410
10	3895
20	5261
20	4314
5	2984
5	4571
9	2811
11	4224
24	4621
13	4526
15	4041
13	4695
23	5552
12	5361
19	5216
6	3870
19	4772
9	3470
25	4355
6	4309
20	1825
13	3147
12	3937
5	2662
8	4773
4	5319
13	6157
17	4538
10	3823
9	5839
5	3197
7	3239
11	4515
18	5394
10	3316
5	4728
32	5347
8	5141
5	5336
14	4428
9	3988
19	3764
8	1811
16	5720
9	4674
6	5059
10	4952
26	5295
16	3999
33	3891
12	4145
12	5109
16	3982
18	5171
10	4268
16	5463
16	3573
4	4435
27	3483
20	4164
30	3157
9	4941
17	3274
11	3439
20	2531
19	5697
17	2820
6	3801
22	3177
12	5627
17	3642
30	4536
16	4283
13	4299
11	5085
14	4780
13	4268
16	4731
7	6284
9	5029
15	3690
20	4401
9	4630
5	4214
27	5036
9	5036
7	3858
3	5081
20	3349
14	4421
6	3456
16	5447
11	5941
24	4537
8	3635
26	4405
10	4519
5	3446
14	3978
20	4647
16	4567
6	4557
11	3941
6	5636
19	5582
19	3435
14	5088
6	5805
12	5121
12	2512
8	4783
13	1861
3	4487
10	5162
16	5180
12	5370
19	5036
23	4154
9	5261
32	3627
26	4968
8	3370
22	4399
10	5413
4	3394
15	4447
13	4833
4	3000
15	4784
10	5179
26	4461
10	5368
23	4480
10	4145
9	4386
12	4207
16	5541
14	9649
24	4131
12	3598
15	4180
32	4881
19	5044
12	5043
4	5245
7	4105
20	3159
4	5034
7	5509
19	2014
19	3913
28	2629
14	4512
16	5145
3	3135
5	4515
14	4720
7	5163
10	4121
21	2147
29	3981
22	4206
10	3911
18	3952
22	3581
9	3582
7	2410
8	9551
15	2700
5	4256
31	3218
19	4772
11	4067
9	4877
12	5525
15	2249
11	4704
8	2985
22	4531
6	5278
21	2254
20	4032
7	3596
12	5098
15	5534
29	4119
11	4475
33	4031
6	2978
15	2782
22	4305
17	4429
5	4558
11	4570
21	3844
15	5368
8	4949
11	4736
9	3161
23	3213
13	4028
5	4623
19	2702
34	4036
13	5047
14	4218
26	4522
16	3855
14	4582
24	3337
34	3545
18	5010
13	5081
20	5156
13	4662
14	4244
12	3989
9	4271
10	3777
27	5127
4	3097
9	4246
10	4479
10	3868
10	4305
8	4627
14	5290
10	2846
24	5079
23	3834
16	5974
21	4612
15	3911
24	5595
12	3149
39	4312
9	3645
29	4528
24	2542
11	3168
10	5122
19	3531
14	4305
3	4176
15	3713
4	4768
24	2504
3	4380
10	5512
26	3266
6	5175
20	4594
6	5434
26	2912
14	4130
23	1553
16	3364
8	4300
9	4954
3	4808
23	5212
9	5664
11	5439
14	4476
35	2512
36	6073
22	5825
17	4703
27	5109
6	3630
11	3061
13	4589
15	4468
37	4815
18	4307
15	1887
15	5614
20	4564
13	4916
25	3117
14	1895
30	3180
11	3049
15	3908
7	4851
8	5152
15	3942
24	5470
14	4770
6	4142
13	3719
5	3855
27	3419
2	4704
18	4423
20	3015
30	5222
7	3201
16	5444
29	5558
5	3132
12	4506
4	4240
4	4929
11	4973
10	5268
18	4519
14	4454
18	5455
9	5254
17	4798
15	3964
8	4988
18	3447
13	3212
9	4489
25	2941
16	3629
9	5350
21	2754
28	4591
7	4260
10	2998
16	4550
10	2867
7	2072
9	2944
13	3214
10	5215
15	4828
13	1733
15	3134
10	4020
6	3893
20	4430
9	4576
14	4735
8	5074
25	4483
8	4814
14	4586
5	2648
22	4924
13	4426
10	4008
15	5467
6	4586
14	2867
11	3823
26	5034
34	3863
22	3527
13	4295
7	3222
16	2854
15	4740
3	5564
8	5235
9	5003
10	4418
20	3602
16	3600
7	4586
10	5099
26	4211
6	3620
38	2545
10	5476
9	4675
8	4346
12	4673
17	3450
15	4334
27	3444
22	4141
11	4154
15	1964
14	4921
19	5285
8	4471
11	5325
16	4180
6	5467
14	4973
11	4072
10	4804
5	2754
16	1439
7	3374
22	2969
25	4880
18	4347
9	4357
16	5603
15	5495
11	5054
30	4970
11	4209
6	4509
11	5431
6	4411
20	2660
12	4095
10	4098
8	4478
29	4861
17	4289
33	5741
18	5378
15	4778
28	4710
15	3910
14	4167
12	5235
19	3669
29	4423
14	5390
18	5454
21	2516
18	3902
19	4688
32	2316
6	5363
14	4557
12	5065
7	4267
10	4574
13	4957
30	4617
16	5724
3	4279
22	4523
13	4264
12	4030
7	3897
14	2521
10	3735
17	4470
15	4552
31	3930
12	4239
16	5114
21	3705
11	2807
6	3418
13	4382
11	4615
16	2732
18	4409
9	5273
16	4883
14	4907
6	4431
9	2112
9	4736
16	5707
15	4852
20	5444
21	3417
12	6597
20	4004
28	4732
9	4663
12	5364
13	3107
4	4921
14	5844
5	5392
13	4403
15	4161
12	4910
16	3423
3	5413
15	5298
35	4210
21	3320
13	4688
12	4423
12	4438
16	4627
17	5556
5	4924
40	4801
28	2509
11	4735
6	4842
19	4214
13	4160
26	3042
16	3421
7	3269
5	2698
12	4994
17	3449
14	5170
9	3182
10	5026
15	4550
17	3767
18	4741
6	3716
23	3741
12	2913
26	1835
16	4725
11	4986
29	5062
13	4595
4	3710
18	4299
2	4035
17	4744
23	4467
33	4978
17	5374
3	2342
14	3410
21	4684
14	2435
7	4644
11	4854
27	2627
25	3986
18	3999
42	4103
12	4928
14	4612
26	3911
26	5015
9	4620
19	4610
11	3043
13	4721
11	4170
18	4653
10	4036
7	4488
6	4871
19	5174
8	4089
19	4123
11	5982
16	4176
2	4556
13	3990
32	4428
11	3368
17	4553
36	4889
9	4501
30	2653
10	3078
24	3897
30	3554
11	4749
10	4245
13	3433
20	4569
9	4436
8	5501
19	5127
6	2767
14	4626
22	4497
11	4053
8	5394
16	4886
13	4517
11	4429
8	5525
11	3678
23	4383
14	4582
24	5019
10	3691
6	5479
19	5914
8	3142
14	3441
15	4783
16	4413
10	4697
5	3402
10	4841
9	4006
23	3203
17	4305
6	5554
12	3007
9	3636
19	1583
14	3325
18	3217
20	4231
9	5317
8	3466
14	5707
13	4866
9	4547
15	4506
16	4192
26	4573
8	4758
18	3615
24	3812
4	4429
26	3912
18	4349
16	4572
15	9586
17	4719
8	4500
6	4674
14	4421
11	1622
11	3516
12	4778
27	3152
16	5248
10	3220
19	4088
29	5088
4	2417
9	3466
8	4287
5	2990
24	4973
13	4535
7	4917
11	4683
29	2627
26	4869
6	3442
21	4230
12	4229
14	4534
12	6116
11	4840
13	3637
2	5483
11	3500
6	1850
19	4501
14	4222
13	4685
9	6349
13	4518
17	5300
25	2160
15	4455
20	5321
8	5598
30	5276
9	2396
5	4449
17	5007
10	4733
6	4874
14	4253
9	3234
9	3096
25	3650
16	4905
28	4838
8	3243
34	5245
6	4122
7	3117
10	4512
5	4874
25	3864
19	5055
14	5054
37	4970
33	3477
33	4753
13	4150
18	3333
13	5624
31	3080
20	4272
17	4818
19	5567
12	3082
14	4864
18	4509
26	4862
13	4745
6	3810
23	5277
12	4059
15	5466
7	5194
12	5128
14	4460
16	4956
11	4750
11	4073
17	5297
25	2908
25	5617
16	4695
20	3936
14	5412
14	2703
15	3405
22	3318
5	5146
12	4829
7	5495
4	3412
4	5288
9	3759
6	2857
24	3513
23	5797
12	4472
7	4078
10	5099
11	3064
21	3138
10	5083
8	4737
14	2036
3	4013
21	2847
31	4596
22	3080
15	4870
12	1994
7	4459
10	2026
20	5576
10	4869
15	4266
7	4675
24	4242
11	4926
9	4675
20	4070
2	2664
11	2306
6	6043
14	8672
14	3404
9	4432
5	4196
18	3723
14	4494
30	1878
13	1482
20	4190
25	2751
4	5475
31	3994
22	3708
16	2831
7	3990
16	3701
13	4100
6	5645
16	4773
15	4345
14	4604
13	4229
32	2984
8	4893
27	4798
13	4038
24	4606
25	4883
33	4721
36	4165
16	4893
16	4812
20	3683
16	3560
17	3043
10	4663
12	4678
11	3626
25	1603
19	4920
15	4443
20	5186
19	4367
9	5594
24	5037
10	3791
8	4746
23	2307
24	4525
17	2979
3	6020
10	5277
10	4719
6	5027
17	3195
11	4104
12	5708
9	4187
18	5103
24	4480
11	3816
12	3086
10	3095
7	5078
8	5246
10	3700
7	4360
4	3944
18	4253
10	5020
8	3265
23	5503
5	5698
12	4054
10	2418
12	5282
7	5615
9	5616
5	3563
18	8685
27	2710
15	4532
15	4934
26	3699
11	3541
20	5368
7	4998
13	4538
13	4226
27	5319
14	3921
21	4542
5	1399
23	3968
11	4821
21	4864
21	4997
11	3211
20	4393
25	5115
34	5457
9	3737
15	5037
14	5466
14	2884
33	4067
10	5517
12	1526
20	3687
5	3294
18	3943
31	4496
31	4320
8	4030
16	2516
5	5378
11	5442
14	4207
9	4969
21	4211
9	4323
6	5207
3	3905
8	2882
17	5077
15	5456
13	3266
19	4388
6	3979
19	2575
23	3592
5	5040
15	3251
9	5271
22	2390
17	5336
12	3063
18	4377
20	4575
9	5653
13	4225
22	5689
15	4078
12	5409
22	4932
16	2812
22	3999
16	5128
11	4872
21	1784
24	4690
19	5651
13	5254
2	4855
15	4294
14	4528
13	2440
15	6231
18	4082
9	5395
14	2937
17	5726
17	5661
17	4523
26	2882
26	5053
36	4496
23	3726
18	4419
9	3622
2	3997
8	4528
23	2098
18	4554
12	4915
9	5469
11	4164
21	4579
16	4347
9	4196
23	5135
17	4457
13	4770
18	4091
9	4320
18	3917
13	3615
16	3964
26	3117
24	3025
8	4823
27	4841
21	4800
5	4770
11	4317
11	4577
8	5129
7	3684
17	5208
14	3912
15	4361
16	3031
15	5565
26	2921
42	3497
6	5344
4	4237
10	5043
4	4627
13	4122
20	2602
10	5627
26	4182
11	5272
10	3345
8	4982
6	2497
22	3627
13	3983
5	3656
17	5184
20	2312
10	5970
18	6186
11	4013
26	5372
8	4273
19	4062
21	3165
11	4323
13	5162
10	4510
9	5349
13	4740
5	2540
17	4248
20	3996
9	3192
9	4820
11	4954
3	4646
12	5443
16	4113
17	2469
16	4588
8	2891
12	4282
11	4911
25	4127
13	3701
4	3671
9	4676
19	4199
9	4129
11	5434
22	2578
17	3847
17	4047
21	5092
25	4808
9	4574
9	3785
26	5306
19	3178
24	2790
25	5494
19	3774
10	3625
8	4305
11	4920
27	4823
31	3802
14	4019
8	2781
23	4691
12	4743
10	3029
8	5753
9	2194
13	4301
16	5939
21	3979
5	0
2	3708
11	4710
9	3745
9	5018
13	5278
25	1782
11	4582
8	3775
30	5003
15	4227
11	4918
5	5001
37	4602
13	4953
14	4247
17	5776
18	3662
22	5245
7	4582
18	4429
17	1970
19	2082
10	5232
20	3903
19	2790
30	4926
10	3060
10	2919
27	4119
4	4924
10	2652
14	5053
16	4088
26	5424
13	5636
15	4325
2	5436
7	4924
19	4629
12	4169
29	2091
11	4292
15	5330
22	3128
2	4990
15	4977
18	5091
24	4720
25	4098
9	4107
16	4556
20	4893
11	4234
20	5279
13	5194
10	4849
7	5132
15	4963
29	3022
14	3798
9	4903
5	2627
4	4519
17	4363
7	4106
8	3093
18	4690
7	3310
13	4276
18	3166
19	4661
11	4678
12	5192
17	3965
9	3330
7	4353
28	4338
7	3603
7	4953
9	5003
5	3427
15	4823
14	5277
6	2621
10	2891
18	5310
19	4535
11	3458
4	4839
8	4211
19	3748
6	4671
12	4080
5	5368
22	5223
21	9732
14	3864
8	4730
6	5425
29	4131
8	5263
11	4813
15	4414
7	2872
8	4980
18	4628
11	4476
10	4205
10	3031
11	3791
4	2778
7	1646
10	4351
25	2551
8	4498
10	8819
13	5133
28	4320
15	4588
9	5203
14	5680
13	4149
10	5680
17	4451
17	4687
23	3969
8	4463
16	3196
18	5107
8	4328
17	3012
13	4556
9	5971
9	3830
21	4289
49	2599
12	5296
6	3416
10	4840
14	2982
19	4764
10	4233
7	5119
9	3905
10	5034
8	4590
11	3568
26	4018
2	4959
22	2974
21	3602
16	4918
31	4326
35	4375
18	2474
7	4176
12	4535
13	4145
3	3274
20	5190
15	3380
12	4322
8	3789
20	5330
16	5430
18	3586
7	4727
15	4709
2	3077
14	3624
14	4243
30	4722
9	5459
8	4482
20	3751
23	4543
10	3013
18	5152
8	4502
11	4103
25	4439
10	5531
8	4272
14	4875
12	4370
18	5648
17	4330
9	3403
16	5657
20	5210
16	4449
17	3315
7	4997
14	3569
10	4033
8	3546
9	4630
12	1068
25	3823
12	4331
17	4769
9	5095
10	4462
11	5414
12	4555
16	5366
15	4512
11	4689
11	4776
20	3789
19	2997
5	3842
10	3740
7	3700
10	4247
25	4750
10	5281
5	4806
15	5545
19	5580
16	4876
6	2625
23	4957
23	4353
19	5201
6	4670
20	4385
36	4233
16	4295
24	9765
10	5163
12	4561
6	3989
30	4261
20	4336
14	4559
11	5513
13	3764
35	4620
20	4401
20	3251
23	4151
13	3334
13	3050
20	4605
15	3244
13	4894
17	4401
3	4836
10	5276
14	5428
9	5069
9	3991
12	5402
12	4551
20	4946
17	3149
12	5397
9	4948
25	2780
15	4894
5	3668
22	5462
15	3174
29	4602
8	3739
8	4076
19	3962
17	5316
14	3955
29	4068
12	3336
24	2522
20	4865
7	5153
17	5175
12	3572
22	5358
6	4475
9	5093
6	2457
10	3034
12	4844
35	4885
7	3750
17	4306
8	5205
16	4911
17	4509
7	5639
17	3236
22	5561
20	3078
29	4712
24	1771
15	4416
22	5255
24	5079
1	4963
9	4131
13	4278
3	4712
16	4845
13	4226
5	4118
9	3279
9	4171
19	4998
16	2518
10	5370
33	3600
25	4763
3	4611
7	3150
10	5522
14	5151
7	4147
11	4961
19	4013
12	5806
18	3585
15	5242
12	4980
13	4261
11	5157
14	4507
20	4227
15	4277
6	4890
16	4532
19	4211
16	5385
10	6211
12	4739
10	3448
10	5103
11	4577
13	4449
21	2444
7	3175
27	4656
25	1947
12	3810
14	5299
11	3763
16	5002
12	3453
18	2842
17	3331
8	4617
20	4792
7	3863
5	2436
14	4443
37	4886
30	4521
9	4602
28	4554
13	4301
11	4250
8	3844
25	5248
11	4048
9	5028
5	4757
11	4332
26	3232
12	5360
17	3106
8	3724
10	5321
5	4153
9	5434
14	4249
21	2457
9	4600
8	3607
6	4545
25	4239
15	4948
5	6446
12	3993
19	3238
10	3811
6	5193
15	3919
16	3515
27	2033
21	4652
22	3688
7	2090
5	4960
24	4186
11	4165
23	4963
22	3187
27	3732
13	9539
8	4233
36	4170
15	4587
5	5408
19	3146
13	3495
10	5186
21	4366
26	5899
34	3761
20	4124
14	5399
15	3986
17	2154
13	3771
32	4390
22	3782
9	5159
9	5468
19	5687
20	5368
17	2880
14	2234
14	4392
15	5186
27	5084
12	3768
12	3930
10	4299
28	2639
11	5209
15	1451
9	4529
8	3195
25	4932
18	4611
16	4500
14	3055
7	5662
11	5441
12	2327
29	4306
32	4965
19	5138
11	5901
9	5515
34	4232
12	3761
11	4149
16	4253
18	5493
12	3066
21	5115
8	5622
32	4818
6	4717
15	4356
5	4754
12	2887
9	3127
21	3391
11	5569
27	5136
13	3345
24	5067
12	5574
24	5316
7	2300
38	4592
26	3640
25	4367
9	3641
4	4647
11	4962
14	3236
11	4110
10	3563
8	4007
33	5389
13	5094
14	5283
11	5190
6	3871
15	5287
12	4968
2	3659
25	3644
10	5701
13	4827
36	5439
9	4673
12	5508
12	4643
8	5847
20	5114
8	4390
16	3283
7	4401
40	3987
12	5613
9	5115
4	4476
11	5277
9	3200
34	2870
8	2629
19	3743
6	4232
12	4565
7	5392
11	2766
26	5113
24	5394
15	4340
6	1604
31	4212
13	2535
6	4766
4	1870
17	3305
11	5744
5	2976
20	2609
17	4653
15	5415
17	4172
14	4195
11	3807
13	2866
24	4282
7	4851
12	4855
14	5573
9	3801
25	5266
6	2802
8	4058
3	4645
13	3099
17	4933
18	5523
12	5163
12	4332
14	4556
12	4121
7	2226
22	3972
35	5683
3	4650
12	4585
20	5075
14	3868
32	4182
3	4914
11	4651
5	5262
12	3681
17	5092
18	3262
19	4007
21	6011
19	4835
8	3115
11	5132
12	2941
4	5357
14	3957
11	5632
14	5691
10	2866
26	3918
8	4802
8	6283
14	4645
15	3613
30	4750
12	4005
3	3831
8	5397
12	4358
30	4611
11	2360
12	5231
23	4996
15	5220
35	3265
27	5083
15	2912
13	5316
12	2075
9	5011
9	2494
8	4197
27	5418
4	2899
8	3808
11	2610
27	5831
21	4510
17	5856
21	4550
9	5230
8	4203
7	4628
10	3473
11	3779
12	5106
19	1932
22	4626
17	5065
21	4350
13	5448
11	5095
37	4936
18	3950
18	4514
12	5688
7	4299
20	5703
10	3226
12	4914
16	4232
8	4156
30	4789
2	3902
18	4207
25	3956
14	2916
11	5390
14	5021
16	4497
12	4074
8	4972
10	4884
9	5179
19	4447
13	5249
15	4991
5	3795
14	3303
15	2370
9	3363
8	5212
10	3481
13	3435
10	2560
16	5393
16	3843
26	5431
5	5384
20	2647
15	5128
3	3999
6	4098
25	2748
4	5007
12	4604
9	4714
19	5139
5	5691
12	2739
19	5351
6	5603
4	2433
9	2859
19	4712
3	4917
12	3571
10	5141
14	5479
15	5715
20	4174
12	4042
12	2536
5	5400
4	4868
10	4101
10	4999
7	5149
34	4577
24	5158
19	4686
12	4171
15	5265
7	4573
21	3228
15	3548
26	3389
32	5570
17	4695
12	4009
45	4998
10	4716
11	4867
18	4242
28	5550
8	4877
25	4344
8	4732
21	2880
28	2464
31	5319
11	4567
18	2470
32	3208
21	4218
3	4514
21	3688
25	4974
17	4117
12	3461
22	3876
11	4214
18	3214
27	4280
16	4615
20	5393
29	5021
7	3830
5	5149
10	4544
11	4169
20	5262
23	6173
7	5574
31	4798
13	3306
12	3539
11	6163
11	3413
12	4509
28	4525
9	3988
23	4901
11	2496
11	4079
24	2108
18	5075
24	5463
13	4938
18	3096
8	4418
11	5006
13	4388
31	4983
8	4341
10	2166
7	5082
18	4638
5	3275
27	5225
25	2903
15	2298
14	5010
12	5197
14	4546
6	4874
16	2299
24	2588
29	2666
29	5108
3	5476
23	3335
9	3709
12	4437
6	5590
13	4884
34	4396
4	2925
7	4566
21	3495
15	4233
23	5282
18	5288
21	5055
9	5737
22	5293
6	4369
12	1661
6	1778
14	3238
25	5430
14	4849
3	2655
26	3653
11	4090
23	3499
1	5045
14	3615
21	3718
30	3506
12	4352
17	5568
15	6170
18	5541
21	4716
16	4034
21	4420
13	5033
14	4651
17	4979
15	4849
15	4491
36	3894
17	3274
18	1753
17	4044
19	4273
27	2915
4	4819
11	4513
7	4972
22	5218
14	5020
27	2667
11	4638
7	4598
16	4181
19	4630
14	5487
14	3758
8	4414
14	2564
23	5387
10	3680
21	5315
10	5832
35	4821
11	3914
17	4601
6	4447
17	5049
22	3672
13	2382
15	3753
17	4613
9	3631
19	3850
10	3938
22	4385
20	4634
5	5239
10	3321
8	5376
10	3764
15	4089
8	1558
25	4267
13	2374
19	2074
22	3996
9	4400
17	5398
10	5300
30	4116
14	4947
10	4472
24	5593
20	5121
16	3162
20	4832
22	5193
11	5656
13	3784
6	3055
13	4419
9	4473
13	3882
7	5112
8	3373
13	4151
26	4854
9	2447
4	5197
15	3131
10	4671
11	5122
20	2537
20	4696
9	4144
21	2650
13	5681
9	2497
19	5088
11	4881
24	5471
12	4152
2	3304
9	3943
5	3286
26	4338
11	1500
12	3158
4	4419
24	3896
35	3289
3	4369
20	4042
12	4668
26	4005
10	4197
12	5052
9	4928
24	1453
10	5205
8	3180
5	5265
7	4800
14	1816
14	3844
28	5464
16	3340
6	2873
10	4235
13	2724
19	4557
11	4925
25	4565
6	4639
9	5206
12	5288
4	4225
24	2599
11	4840
30	3701
18	4244
17	5533
21	3312
11	3416
7	3395
27	2930
14	3911
8	2403
14	4933
8	5309
15	5986
37	3372
30	4968
17	4653
28	3993
26	5422
6	4154
10	4957
9	5327
21	3995
26	2868
11	4436
9	3827
6	5279
22	4976
11	4801
8	3504
11	3413
15	1221
12	3732
5	5168
10	3164
7	5101
5	4656
12	4482
16	6072
14	2882
16	5433
17	5229
21	4269
20	5176
8	4930
13	2829
28	3773
11	4161
20	2457
22	2408
12	2558
25	4248
33	4829
11	4856
3	4979
5	4167
17	2901
7	3534
21	3828
15	5245
10	5443
10	4405
19	4047
22	3124
10	4447
12	5902
8	3893
13	4460
8	5408
19	4586
10	4260
13	4447
40	4608
17	4425
21	4523
18	4872
12	2931
9	5607
11	1590
20	5230
11	3802
13	3723
4	4182
19	3118
17	2772
18	3343
8	2971
4	5152
8	3965
17	5392
25	5270
45	3611
11	4232
7	2051
26	4846
14	5315
21	4369
22	4948
14	5269
16	4227
14	4617
21	5427
27	5062
3	5033
26	6060
15	3573
10	4691
12	4508
8	5334
13	4906
9	4747
15	4849
16	4974
16	3458
12	5322
15	5158
21	427
18	3704
12	5210
19	3248
11	5215
13	4922
13	6387
5	5566
8	4311
13	3394
16	3098
6	4215
15	4303
8	3192
12	2464
12	4743
23	3456
17	5074
20	3405
4	2725
20	5332
5	3216
9	3475
15	2796
13	2554
16	4275
5	3633
9	3584
3	4495
16	4399
12	4242
3	4137
15	5285
6	5366
14	3025
18	4588
6	5779
12	6066
5	4117
9	4459
10	1687
26	5162
10	4082
13	5302
25	5044
17	2768
19	5016
5	4477
14	3284
25	5591
18	1635
14	3928
27	3137
4	3929
14	5534
11	3725
10	3725
18	3381
5	1841
16	3982
20	5232
14	3007
8	2952
10	4511
21	3268
14	4735
32	3596
9	3287
12	2640
15	4048
4	5848
19	4888
12	5657
6	4003
7	4773
12	4209
18	5825
11	4131
15	5148
19	5213
36	4690
26	5687
7	5165
17	4657
11	4334
14	2940
25	4955
29	4929
2	4502
8	3164
16	4392
26	5458
13	3639
13	5471
13	5390
14	5940
23	2991
10	2074
3	1597
17	5623
9	3730
7	5024
16	3119
12	5338
33	5070
21	4286
24	4076
16	4254
8	5016
11	4252
24	2153
28	1713
19	63
20	4242
17	5112
23	3551
13	3218
15	4482
24	5478
24	2939
12	4215
28	3631
9	4681
17	4148
18	5490
6	2850
25	5607
25	5889
13	5273
16	4582
27	2124
17	5186
19	5035
11	5383
12	3884
11	5199
7	5696
14	4407
13	5425
9	4753
13	3629
13	4845
9	2330
15	2799
3	3594
14	4184
19	2855
13	5265
10	3413
12	4655
11	3412
8	3937
23	5145
19	3999
19	3715
18	4029
1	4637
18	4280
9	2399
14	4552
19	5030
14	3836
25	5470
2	4727
21	3494
22	3378
6	5130
18	4062
13	5109
24	3485
6	3964
9	3852
18	5889
14	4018
12	4297
5	4029
11	4632
15	2899
11	3820
4	4098
22	5209
28	4385
22	4532
17	5463
11	5279
19	4792
25	4416
12	4837
12	5682
16	3777
6	5015
18	3845
22	3803
5	3674
16	3287
14	5124
28	3689
20	2833
16	4827
14	5791
15	4649
13	3316
23	3261
30	5328
17	2530
14	3317
13	4227
9	2695
3	3642
5	3831
9	4664
12	3927
14	4769
20	4635
11	4956
11	4997
16	4257
14	5862
12	4877
7	4181
7	1975
11	2446
14	4879
3	2895
12	4404
28	3251
15	4431
13	1567
24	5582
14	3793
19	5741
13	5808
12	3923
18	4406
17	1771
32	3404
29	5819
20	4359
10	5358
24	2065
13	5237
11	3593
7	2805
9	4829
18	3079
21	3255
25	4003
24	5265
15	3085
20	5069
2	4298
25	5601
9	5716
17	4986
12	3729
14	4545
17	4410
27	3703
20	4314
3	3386
13	6203
17	4039
25	3482
14	4731
17	8615
19	5343
6	4976
10	4745
16	4085
12	4569
13	3956
12	4350
24	4829
19	4130
11	4679
21	3866
16	4232
15	1899
22	3580
27	5316
8	4436
17	4364
15	4116
9	3816
21	4797
3	4457
13	4072
19	4747
4	4583
6	4137
15	3566
17	5536
25	2027
35	3067
13	4479
16	4077
10	3444
12	4842
31	4495
8	3638
9	523
14	5731
24	3337
8	4748
16	3551
10	2727
10	3226
31	5213
8	5061
15	1613
12	4589
12	4471
13	4987
19	4794
25	4074
18	2884
15	1963
16	2599
12	2538
24	4335
15	3654
16	5276
17	3048
5	5436
23	4590
16	4753
12	1719
19	4926
18	2139
24	3427
10	2338
20	3795
5	5127
19	5857
15	2995
17	5294
15	2964
11	3873
23	3407
8	4545
20	4020
29	3524
15	4322
20	3220
7	4312
30	5110
23	3020
15	4402
14	4333
13	4233
25	4063
18	4599
27	4779
12	4556
12	4497
28	2196
17	3636
11	5382
17	4895
7	5502
16	4323
7	5721
14	4196
24	4534
10	4591
3	4519
14	4600
11	4650
12	3720
17	4966
7	4283
15	4273
12	4676
22	4607
11	3469
20	4758
22	2058
17	4768
9	4127
15	4478
19	3853
20	5347
15	3248
15	4910
30	4711
23	5223
7	4700
7	3061
6	4778
13	4309
37	4798
29	5489
26	4488
7	5161
16	4831
10	4142
14	4568
11	3687
33	4933
19	4281
15	3573
10	4697
15	4304
18	4248
24	1818
20	3184
7	3971
16	4733
16	4891
18	3497
10	4653
18	4781
12	5534
13	4903
12	4988
16	5514
16	5304
14	5727
17	6073
10	1808
26	4838
7	4950
6	4094
19	4688
29	2303
13	4045
5	4466
12	2314
8	3882
10	2288
5	4447
15	4988
26	3708
24	4237
13	5215
11	2622
10	5038
13	2418
18	4297
17	2818
21	5749
13	3442
11	5396
23	4458
17	5935
15	4352
12	4103
18	4648
14	3654
11	5484
13	2470
20	4879
18	2965
10	4073
6	3654
21	5712
16	4200
35	4326
21	4235
12	4225
22	3995
7	4426
32	4725
13	3721
11	4560
5	5227
12	5198
19	4155
15	3982
10	3485
12	5092
3	5230
10	4027
35	5020
19	4047
6	4818
14	5098
9	4257
9	4110
14	5296
13	4502
14	2804
13	4509
6	4916
11	5089
14	5313
12	5334
11	4309
22	4525
5	3377
7	5194
5	5667
39	4435
13	4869
18	4124
15	4560
11	2891
29	3939
10	3780
24	2102
5	3614
10	5277
9	3066
25	4430
11	4863
13	4130
23	4445
21	4583
12	4306
13	3021
11	3975
7	5027
15	5780
27	3414
23	2703
17	4740
24	3217
24	4924
14	4077
4	4358
13	4239
12	4908
13	5082
11	5152
31	4586
16	5319
13	5637
20	5455
18	5113
19	5190
15	3020
8	4797
41	4684
28	5266
25	4024
8	4236
13	3546
18	4537
15	3376
8	3565
8	4527
24	5758
11	3894
14	5119
12	4936
20	1917
8	5755
10	4400
26	4919
5	4824
39	3647
12	2577
23	4631
18	4994
27	5280
11	4964
17	5480
20	5408
13	2680
6	4511
18	5734
4	4727
25	2306
20	3080
24	4415
12	5092
17	5299
9	4782
11	3542
2	5014
17	3018
16	4613
27	4522
10	5380
17	2760
25	3129
9	5232
11	3621
8	5897
4	4539
17	5630
16	4243
13	4619
12	3402
32	3725
10	5551
16	4432
16	4735
28	3593
23	3972
30	3312
20	4097
24	4065
6	3457
15	3172
8	4273
19	4688
19	4901
18	4913
13	4688
30	3539
22	4460
25	3960
15	4592
6	4913
6	4064
10	3824
8	3918
11	4623
28	4400
4	1924
11	1481
11	4786
9	2278
7	5062
15	5352
31	5507
6	1340
16	5899
4	5267
7	3205
7	5159
8	3167
20	5140
11	3745
17	4816
15	5343
22	4399
17	4777
13	4623
17	5458
28	4082
14	5474
4	3307
10	5381
15	5348
31	4399
9	4943
17	4904
15	4713
14	4505
7	4667
18	3203
20	3635
19	4611
11	4366
14	3434
19	4125
8	3614
11	5389
24	4579
7	4567
18	4264
28	5273
20	5300
21	5312
15	4415
11	3333
20	3559
11	3933
19	2051
3	3627
20	4319
17	4178
10	4560
19	3255
15	4802
25	3785
9	5365
6	4000
5	4421
20	2945
22	5485
10	4346
18	3789
16	4472
11	5137
13	5287
15	3360
5	4696
15	4753
26	3499
21	5336
5	3874
27	3894
10	5030
25	3208
16	1675
20	4723
30	5148
10	5187
14	5346
11	4211
35	5064
17	2858
27	4043
8	2483
19	5506
9	3091
11	4988
33	3637
22	3384
15	4404
16	4308
12	4800
20	5227
18	3762
6	4684
4	4405
6	4916
11	4791
25	4528
6	2774
10	3364
7	4613
15	4214
17	3503
29	3883
5	5762
34	4378
10	4632
6	5073
28	4751
9	3155
19	1671
15	4809
18	3951
23	4499
24	4714
26	3676
15	4046
13	3504
14	5162
26	3936
16	4633
11	4928
13	2892
11	3867
28	3649
29	5322
13	3625
9	4707
20	4471
17	4580
7	4536
14	5140
9	3190
14	4390
32	5305
11	4662
35	5547
37	3921
23	3031
7	4969
15	4348
23	5605
22	3976
4	3872
12	4833
30	5388
23	4916
3	1638
13	4388
11	4727
6	3660
20	1901
8	6721
11	4885
9	4615
10	4624
13	4268
17	4297
12	4930
5	3156
25	4837
12	3635
14	3617
16	4235
9	4315
27	5138
11	5133
13	4541
12	3885
10	4429
12	3991
8	3383
14	5568
7	2891
30	2926
22	4010
4	4862
14	4006
10	5026
8	4539
18	4515
11	4977
16	4487
17	4959
10	2978
10	3871
13	2436
17	3264
13	4359
27	4114
8	5319
6	3281
15	5108
18	4509
20	2674
11	5534
32	4917
5	4508
10	5138
11	2767
12	3832
35	1685
16	3530
15	3672
7	5282
29	4730
14	3163
11	4430
17	4230
14	3296
23	5001
9	3849
14	3525
16	4055
20	5089
12	5186
15	5012
19	4224
9	1380
7	4222
11	2538
15	4353
11	5438
14	2564
5	3995
9	2495
16	3416
12	4438
11	4485
5	3268
15	4173
10	4750
8	4181
24	5693
16	3535
8	5308
47	3588
13	4006
20	3177
14	3722
21	3617
6	4381
7	3551
17	3959
8	3277
9	5504
23	4996
3	5231
12	4219
14	5070
16	5055
15	4126
16	4414
15	5027
14	2185
17	4220
21	4961
10	4510
18	3241
24	4169
17	3050
7	5569
17	2740
20	5303
16	5437
10	3232
17	4275
18	5407
17	3940
14	3956
19	2051
12	4335
24	4526
16	2510
13	4811
18	3541
22	4253
7	3671
11	2128
8	5005
14	5103
31	2780
15	4090
11	3578
18	4825
10	4397
17	3065
8	2846
13	4657
14	4585
29	5202
6	3300
16	5032
14	3245
12	4678
23	2910
20	5157
20	5061
28	4790
27	4209
20	3035
20	3160
14	3263
15	4125
4	3459
14	2770
33	5206
17	2073
11	3610
13	1442
17	4178
23	5063
17	4480
32	5295
14	4187
19	5342
16	3308
11	2918
22	4299
21	3559
7	4298
25	4774
9	4188
15	3453
18	4813
22	4581
13	5111
18	3544
16	4532
11	5566
19	4616
17	5320
15	4620
5	4002
23	4926
23	4203
10	2070
19	5251
17	5186
2	5126
16	4613
6	4350
6	3931
16	2230
14	3267
10	4878
10	5347
4	4624
12	4571
8	2960
8	1497
3	4735
12	4631
11	5609
18	4801
10	5849
8	4288
12	3071
13	4660
19	3327
17	4104
28	4233
6	4899
20	4188
11	4876
7	5882
28	2906
11	4813
7	4007
19	3429
21	5084
19	3927
21	5330
16	3686
21	4924
19	5373
36	5789
4	4749
14	4966
19	3926
37	3663
5	5478
9	3516
37	4145
11	5413
15	4566
25	3568
6	4894
20	4024
5	4505
17	2649
9	4724
3	5082
9	5957
11	5632
15	4393
7	4957
22	4599
13	4451
12	3504
19	5680
11	3082
9	2825
2	4428
13	5872
11	3674
11	4323
15	5186
21	4458
7	3897
11	1144
10	2209
19	4101
14	5005
28	5194
12	5098
14	4498
15	3533
16	5436
25	3577
20	9999
15	4416
21	4100
10	5199
32	3889
12	2466
20	1365
7	4592
14	3152
14	4566
21	2919
11	4449
17	4118
12	5281
16	2729
10	3021
17	4443
11	4784
11	3301
29	4270
23	2190
6	3983
12	4472
13	4446
10	3010
10	4799
13	3064
8	3294
13	4244
6	3514
7	4475
11	3830
13	4359
17	5389
16	4837
24	4385
6	4249
15	3899
20	2906
4	4999
33	2945
10	5292
23	1956
8	4004
17	4905
8	5156
13	5330
11	4608
17	4342
9	5182
16	5477
28	3499
4	3535
18	4739
21	4344
18	4297
12	3997
13	2793
21	3794
18	5726
11	4726
12	3865
15	1896
9	4234
15	5394
16	5512
10	4648
13	4194
12	4598
25	4358
8	3927
21	3992
8	5154
16	5180
16	4423
13	5287
12	3657
4	3529
13	2197
20	4915
11	3461
14	4463
12	4525
4	4245
19	2457
22	5370
12	5820
11	4483
5	5563
11	5014
40	3201
10	5572
11	4831
14	4149
23	4130
26	4278
7	3179
8	2620
10	3635
9	3169
26	4389
14	3408
12	4363
32	3075
21	4699
7	4758
5	3049
7	3210
16	5302
10	3403
11	5207
16	1976
9	6047
5	3966
1	5128
7	4327
8	4467
20	3975
21	3263
12	4378
22	4129
27	3528
18	3565
17	4418
20	4880
34	3144
24	4793
17	4577
4	3073
24	4814
16	5485
9	5253
25	5784
24	2993
24	5228
12	5135
6	6495
14	4723
26	4114
22	5500
11	5278
5	4568
29	4681
6	5172
11	2782
4	5048
22	2075
17	3246
5	2926
16	4783
14	4879
22	4598
14	4195
4	5041
11	4831
8	5309
15	4394
10	3975
11	4132
19	2234
14	2741
12	4025
23	5412
21	3881
23	5643
20	4429
12	3962
8	3835
25	4472
22	4050
10	4420
15	5171
6	3156
16	4086
17	3525
22	3048
12	3154
2	5112
13	3220
8	4662
33	2617
16	4152
28	5012
24	3869
11	4786
16	4667
14	5220
14	5185
6	5407
7	4800
11	1466
11	5038
9	4177
20	5448
31	2140
6	4426
16	5718
26	4105
30	2617
14	4607
25	5243
10	4125
28	3873
28	4313
21	3939
24	2497
9	4653
15	2439
4	3209
19	2564
8	4764
16	4133
17	4091
8	4558
29	4193
29	3883
11	3686
13	2563
9	1659
11	4776
17	2514
16	4183
13	5511
14	3970
16	3967
13	5479
7	3810
16	2329
14	4668
24	4453
13	5039
13	4321
17	3981
21	2705
17	5850
14	5328
19	5434
12	5029
19	4203
11	3661
12	5520
15	2639
17	5051
15	5510
6	4564
15	3447
10	5336
17	5474
8	4958
6	4255
29	5156
12	5532
16	4539
10	4144
9	4287
24	4722
7	5737
15	4451
18	5189
14	3272
28	3187
19	4857
9	3269
10	4820
24	4439
13	5725
25	4481
17	3465
14	4475
11	3638
8	3258
10	4753
24	4529
10	5119
16	2426
28	4077
7	4945
8	4229
7	4656
17	4411
15	4414
20	4312
12	4753
23	4158
31	2229
9	4531
26	5245
29	4948
14	4195
29	4482
19	4554
32	5537
30	3945
28	3859
17	2084
16	3243
18	4817
21	4024
11	5257
11	5747
31	5436
23	2938
7	5315
20	4732
7	4167
20	5253
16	5137
34	4515
2	5117
14	4108
11	2882
12	5515
12	3914
10	5058
11	4787
24	5266
26	4494
7	4141
24	5335
6	4537
9	2871
10	4051
7	4558
14	4799
7	3153
18	2967
15	5258
6	3462
15	5575
18	4639
20	4418
15	4046
11	5503
4	3897
6	4405
17	4665
12	4590
20	3836
23	4177
9	4236
16	3669
7	3807
18	4984
9	3263
7	4772
8	5466
10	3252
15	3546
4	4118
15	4918
8	4907
31	3938
5	1703
12	5370
26	4929
22	4276
8	5021
7	6100
6	5027
13	4422
7	4890
14	3837
22	5245
27	4747
19	3817
21	4909
14	3829
14	4589
10	5232
14	5431
14	4622
11	4282
8	4391
31	2707
14	4139
17	5452
14	4017
30	5001
17	4142
13	5400
12	4683
15	3088
6	5359
7	2895
13	5839
12	4338
6	2341
16	3578
7	3752
11	5948
25	2670
10	2548
4	4182
30	4036
9	2933
16	4138
22	4396
7	4208
20	5324
9	2204
19	4294
33	4743
33	4434
13	2226
10	3482
14	3999
25	4687
13	5427
10	3913
29	3901
17	5221
21	5476
9	4824
23	3637
12	4652
13	5492
14	4864
19	1798
20	3776
11	3774
9	3986
23	4197
13	2990
14	3748
17	4307
12	4838
15	2971
13	1976
8	4085
18	4890
28	4362
10	2912
11	3740
14	4687
13	5976
11	5391
12	4773
11	3162
11	3154
14	4629
10	4945
21	3006
6	4640
7	4740
3	5042
9	4154
14	5114
16	5523
13	5309
13	4515
13	3707
20	3526
17	4690
15	5007
14	1439
4	5470
14	4448
9	5862
11	2516
11	5182
13	4026
11	5155
7	5003
28	5295
14	3247
4	4054
14	3842
6	4828
19	4721
9	4024
12	8585
11	3080
19	4403
12	4653
23	4239
21	3238
22	5328
11	4931
20	4785
15	4700
36	4193
19	4092
5	2542
15	3700
9	4473
5	5189
20	4866
20	4695
5	5001
20	4709
17	5419
19	4999
13	4936
25	4854
14	3879
31	3945
16	4772
22	4840
13	2843
13	3756
18	4845
22	4063
13	4445
31	5098
14	5070
11	5593
7	4382
18	4737
11	5325
3	4868
13	1985
20	5842
14	4012
9	4570
6	4005
16	2556
16	4319
8	5083
6	2946
8	5080
19	4223
19	6315
7	4397
8	3371
19	3767
4	4593
7	3535
21	4970
25	4206
17	2276
21	4123
11	5216
24	2049
19	3072
15	4570
23	5169
23	3742
9	4510
11	5053
4	5155
13	3836
19	2939
12	3529
9	3251
7	3901
12	3657
15	5102
28	3751
11	4653
12	3885
12	3117
7	5219
19	4810
9	5893
11	3243
14	5239
16	4784
15	5080
19	3131
9	3579
13	3955
4	3818
18	2987
13	3004
14	5229
11	4412
17	3220
5	5630
25	5623
15	4523
21	4417
18	4855
15	4716
19	3649
16	4902
12	4455
22	4442
8	5271
6	4836
5	3294
29	2793
20	3974
46	4730
16	4895
12	4857
16	4697
15	4081
25	3687
14	4116
19	5427
21	3940
23	4981
8	4198
5	4275
10	5220
15	4056
12	4704
20	4981
17	4595
15	4659
2	4356
24	4234
19	4910
13	5351
12	3174
16	2660
19	5234
14	4308
20	2467
11	3290
26	4426
18	4656
11	3132
14	3877
19	4878
9	3201
13	2514
25	4110
17	4332
11	4299
20	5638
15	4209
9	3085
9	4197
13	5188
24	2392
6	3204
15	4319
9	2746
21	2866
20	4334
9	4208
9	4487
25	4219
14	5042
37	4574
25	1365
21	5844
12	5216
9	3277
11	2260
5	4369
12	4012
8	2852
17	2507
12	4572
9	5357
19	5347
8	4562
7	2504
7	5208
23	3805
11	3587
13	4566
10	4040
14	4767
15	5911
11	5522
12	5330
11	4968
10	4813
15	4323
13	4080
10	4498
19	3744
12	4356
5	4248
12	4893
19	4263
21	5434
22	1643
37	4002
22	3163
15	4928
14	3596
22	4419
11	3046
17	4495
17	3576
26	5449
15	4504
11	2737
28	4098
8	5362
8	5091
12	3414
13	3230
22	2658
20	4720
9	5005
31	5709
25	2834
12	3541
14	4820
11	2847
11	5486
8	4373
15	4285
20	4536
20	4730
19	4669
12	3303
7	6294
13	4796
17	4512
13	3993
19	2991
16	5005
2	4376
12	2764
19	4822
17	4227
19	2915
17	2196
13	4625
24	4568
18	3137
26	5306
24	1762
4	3574
20	4437
16	4729
28	4556
18	5369
8	5213
16	2835
9	1975
14	4390
12	4802
8	4852
28	4418
11	5557
16	5684
22	3698
21	5374
23	4454
20	2039
26	4735
11	4966
4	2005
13	4938
10	4759
7	4636
12	4444
9	4747
21	3714
14	4234
12	5419
22	4491
5	4497
22	4923
31	4688
12	4003
15	1836
31	4743
28	5396
16	3000
7	5203
30	5563
18	5241
20	4937
11	3879
26	4866
10	5467
17	3516
14	5661
13	3186
13	5026
10	4072
24	4792
10	5401
17	4610
26	4720
15	5491
13	4204
12	4482
16	4001
24	3541
7	5496
8	3287
4	3724
5	4713
31	5866
17	3919
6	2961
29	3460
8	3166
4	3068
17	4683
12	4866
21	2769
38	3921
15	4331
9	4965
19	3587
18	2194
25	4045
12	3626
9	5334
8	4537
12	4068
15	4405
9	5040
9	4549
17	3792
9	3381
9	4346
22	5859
11	4054
8	4680
17	5095
13	4600
8	4277
4	5252
9	3848
13	5123
23	4319
20	5120
10	4699
22	6101
15	4914
33	3797
17	5106
16	3530
22	3330
6	3607
20	4467
26	3636
4	4031
5	3765
23	4687
18	4871
17	2506
17	4515
5	2622
8	4540
28	3992
11	4658
11	4895
11	4229
5	5336
9	2288
11	3080
11	5362
14	1923
12	2335
10	4713
6	5047
22	4574
6	5373
16	4876
22	3590
2	4914
20	3688
24	1885
11	5294
28	4144
20	5423
21	4570
23	4115
9	1507
22	3996
12	4140
14	4267
10	3938
4	4168
24	3978
8	5159
19	4799
13	3913
13	5017
17	2279
10	3355
20	4881
11	4104
12	4253
9	3606
15	5412
10	5441
11	5145
9	5346
14	3930
4	4195
26	4798
18	4841
19	5202
29	5605
8	3694
5	3029
5	5591
21	5546
12	4429
8	4226
14	4385
6	4524
7	4683
15	3707
7	4637
33	4506
14	4552
26	2656
26	3807
17	5145
13	3702
7	4127
9	4363
8	5647
10	2705
16	4800
19	5683
12	3544
16	4939
10	5515
10	4874
8	5164
12	3853
19	4666
8	3893
35	5668
8	3196
28	5536
24	5423
16	4179
8	3707
14	4202
23	4720
10	3996
22	4484
25	5867
15	4277
11	4690
6	5279
7	2429
20	5725
17	4863
9	5296
27	3695
10	3598
21	5351
9	3769
17	2429
14	5647
16	3973
4	5168
6	4927
16	5453
16	4272
9	4523
11	5084
17	5429
14	5299
10	4681
5	4496
21	2109
16	5327
13	5641
7	2475
47	4413
18	4541
16	3891
13	4676
19	5066
29	2311
16	2166
14	4559
34	3859
37	4664
3	5330
17	2970
18	4256
16	4329
17	2321
17	4643
26	4602
18	2987
15	4454
28	2596
33	5354
10	4630
17	3834
16	3506
9	5272
14	3473
23	2997
5	5233
15	4464
18	5158
7	4378
12	4335
17	2861
33	5180
15	5208
18	4590
10	3426
9	3729
21	3177
13	3090
29	5333
13	4246
15	4553
9	4483
32	4
7	5093
23	5007
28	4692
4	2520
9	9656
13	3496
23	4500
22	5441
13	5203
17	2618
7	4021
16	4537
5	4210
7	4665
23	2517
29	3680
21	1979
17	4882
15	4407
9	4380
9	4039
14	4389
17	5430
37	4369
9	3009
11	4632
19	4303
12	4404
15	4035
13	5448
21	3416
9	5523
17	3100
19	2753
13	5250
24	3398
27	4801
13	4079
14	3452
27	2899
3	3305
24	3913
9	4816
16	3941
8	5512
21	4590
22	3778
10	5763
11	4528
4	4936
9	4298
11	2020
18	3045
10	5064
15	4431
18	2632
11	3845
7	5160
23	4731
3	4252
22	3922
21	5677
17	5654
5	5557
22	5298
21	3781
10	4667
30	3151
7	5356
17	3172
24	5004
10	2888
10	3560
29	4019
13	4651
13	2753
15	4359
25	1655
16	4193
7	4427
20	1254
12	2928
15	4338
11	4316
15	3612
9	3807
31	3794
33	2855
4	4779
22	3225
23	3921
10	4486
28	3543
20	4710
16	4463
10	4713
16	4857
12	5614
15	4429
19	4975
15	4947
7	3329
18	4796
18	4006
19	4156
20	5122
9	4966
15	5243
19	5116
32	3736
10	3936
20	3991
14	3846
11	4925
28	5641
21	6037
25	2539
16	4567
25	2953
20	4666
5	5883
10	4560
3	5042
25	4699
12	4189
27	5672
20	4083
9	4609
12	4223
34	1544
10	4387
19	4871
26	5164
20	5087
6	3389
10	3494
13	4049
14	4937
9	3591
14	4342
31	4539
4	4968
2	4029
6	4883
8	4526
6	5595
11	4502
20	4591
11	3841
20	3841
9	4361
17	3603
11	4434
5	4165
17	4265
11	3190
9	5179
10	2540
2	4935
14	4897
6	3845
14	3730
4	3383
7	5419
15	4361
36	2558
18	4709
12	4317
22	3649
28	5537
4	2667
34	5216
19	4780
15	3411
12	4801
5	4200
13	3326
10	1937
4	2673
11	5209
4	3449
16	4769
10	3573
19	5104
16	4493
10	5393
12	3701
10	4911
13	3107
10	5186
36	3478
14	4427
8	4093
41	4140
8	4323
8	2877
26	5249
6	5067
36	4654
26	3019
14	3631
6	2744
22	3607
5	3645
19	5306
9	4619
5	3495
13	3626
11	4796
15	5485
13	4783
4	4634
18	4565
10	3091
23	5481
16	270
13	3914
28	4984
17	2664
5	4363
10	5123
29	3924
17	2405
20	5678
11	4383
15	4430
23	4434
10	3407
12	5137
27	4086
4	4918
29	3651
9	5610
22	5145
16	2837
18	3652
18	3959
7	4602
18	4460
11	4628
23	3799
7	5155
11	2700
6	2584
18	4761
25	5040
25	3841
11	5064
30	3206
7	5237
24	4854
16	4187
5	4529
8	4483
20	4470
18	4830
13	3585
10	3578
21	5141
7	3509
24	4102
29	5391
18	4534
8	5312
17	4343
12	4013
8	3688
12	2891
14	2765
6	3886
13	2521
11	3749
6	4762
21	3646
16	5655
17	3286
24	3035
24	2227
10	2893
30	4597
11	4169
25	4425
21	3896
12	4727
11	5157
12	4686
24	4446
13	4342
10	4758
27	4699
23	4827
10	4825
26	4116
12	4790
7	5403
16	5395
13	2503
20	4651
13	3762
13	4235
21	3842
9	3595
10	4422
12	4076
24	2525
9	5177
14	3976
13	4374
13	4855
14	2954
10	2287
5	5712
11	4574
9	3526
8	3878
35	2784
13	3954
18	5136
33	5444
19	4509
6	3261
23	3454
20	5691
12	4844
18	3603
19	4073
5	5346
15	5235
8	4500
7	3131
12	5314
6	5704
6	5383
23	4526
15	5127
23	4671
7	4091
14	5530
17	5411
11	3588
16	3788
11	5128
22	3173
20	3372
22	5645
23	5095
2	3411
16	6199
7	5424
12	4239
26	4276
21	5830
18	5480
14	4354
14	4527
11	1689
15	5472
10	4186
7	3806
4	3280
13	3347
11	5371
18	4690
6	5418
19	5759
19	4851
22	4255
38	5488
18	5599
19	4368
9	5104
8	5180
14	5749
25	5434
23	5102
23	4371
13	3707
16	4578
9	3908
7	5130
9	4390
22	5030
5	3693
11	4317
15	5011
18	3138
13	3363
14	5972
15	4027
9	2538
7	4368
8	4595
6	5168
17	4688
26	4283
11	1979
5	5792
33	4770
11	4735
12	2164
11	4390
11	2558
8	4680
7	1758
22	4775
23	3096
9	3350
14	4948
16	2608
10	4575
4	3336
14	5842
7	3150
6	4824
30	3425
31	5264
28	5144
9	3234
8	4027
20	4930
27	4719
26	3811
10	4721
25	4498
6	4115
29	1918
25	3271
11	5108
19	5141
3	3676
8	4943
12	3964
13	3346
18	4187
13	4381
9	5139
7	3397
11	4050
6	4364
28	5632
25	1934
5	3738
21	5587
22	4001
8	4994
13	4674
7	4791
17	4026
7	4498
14	5314
20	3764
9	4670
3	4614
35	3313
17	3975
8	3846
20	4460
6	4499
12	4903
6	4995
6	5466
10	3439
17	3470
13	5521
5	4539
31	2999
18	4669
21	3784
28	5607
14	5499
7	4891
29	3709
4	4270
28	2914
29	3724
35	3662
3	3967
9	4449
42	4172
23	4105
12	2484
12	5036
13	4431
23	4004
16	4357
7	5240
36	4784
9	4154
11	2803
10	4432
13	4203
24	5100
32	3393
3	5804
16	5652
7	4961
8	4628
24	3526
7	4822
11	5577
9	3848
11	3838
5	5028
11	4926
15	5531
14	4762
14	4998
23	4561
13	2456
9	2861
27	4520
4	4375
14	4475
3	5807
8	3366
10	5614
8	4197
12	4167
20	3535
6	3154
7	4436
12	4090
9	1921
21	5411
12	4575
12	4787
17	5163
11	4478
7	3415
11	5449
31	3176
13	4882
9	4436
5	3905
4	4404
11	3146
43	5672
13	3469
17	4554
19	4739
11	2278
4	4588
11	3362
23	5648
10	4510
10	4776
14	3530
14	1480
18	3429
1	2369
15	3228
9	4508
19	4325
19	3916
15	4152
9	4221
28	5042
31	4655
22	3007
29	3434
12	5206
17	4359
9	4129
21	4205
11	3554
18	5021
12	4796
22	5264
16	5942
9	3179
23	5302
20	4594
14	4204
7	2123
12	5407
25	4899
16	2663
15	3698
31	3503
5	3446
7	4270
35	4728
8	5252
8	2329
25	3278
23	3837
8	4717
20	5135
34	4847
6	4172
9	4917
28	4647
17	5608
7	4058
34	2694
6	5393
20	2244
14	2953
15	3393
4	4052
12	4378
7	4566
21	5119
6	3921
27	2048
8	5737
17	4263
8	5105
6	5266
11	3571
19	4762
15	4298
25	3462
10	4244
15	4693
12	3580
17	4025
5	5318
15	4221
17	2720
25	4543
20	3554
27	3676
18	2750
21	2595
13	1363
12	4593
16	5482
7	4244
12	3941
10	4342
7	3749
23	4558
17	3350
16	1913
13	3964
19	4986
31	3016
12	3148
10	4358
16	4879
17	5320
15	3751
2	4606
18	4197
15	3307
17	2880
6	4894
15	5000
19	5933
27	2548
18	5260
24	4132
21	4214
13	1675
25	4420
18	3883
12	2089
4	1884
10	4134
9	3983
20	4860
17	3634
31	3813
16	4181
12	5491
11	4992
10	5200
17	3980
13	3351
20	5335
14	4154
23	4796
23	5244
20	5090
12	4428
17	1735
18	3505
10	3229
16	4250
22	4347
22	4423
8	4101
47	3587
5	3431
6	4498
10	4435
14	6006
9	4407
11	2550
13	5125
11	5975
13	4731
4	5387
6	3166
11	5618
14	4521
19	3924
27	2995
13	4352
10	2550
19	4667
8	3423
18	3336
14	4671
28	4736
18	4366
16	3732
22	4793
11	4476
12	3642
7	4929
8	2375
9	5147
27	2915
27	3221
12	1205
17	4322
17	4950
10	3316
8	4256
10	4400
16	4765
13	5039
46	5076
14	5572
24	5741
20	2662
13	4545
5	5138
19	5152
7	4023
22	3878
4	3273
22	5212
16	5308
6	4712
12	4030
19	3380
14	3799
10	5435
12	4506
7	4958
21	3234
6	4527
15	4066
16	4506
12	4309
18	4323
19	3464
2	2840
18	2734
8	3241
10	5138
20	5573
10	3927
10	4445
26	3083
16	5539
9	4033
13	6017
26	4027
5	1868
36	1971
4	5137
6	2817
9	3152
10	4176
18	4157
6	3258
36	2864
5	3384
5	4503
18	5261
25	4619
4	3488
24	5454
11	5617
17	4601
6	2254
11	5571
11	4638
16	4445
12	6177
14	5331
22	2646
12	2717
3	4264
11	4256
12	4289
15	3731
13	3749
14	5126
12	5617
27	5531
11	4932
4	4103
25	4458
30	5087
22	2974
24	4806
7	4071
9	4978
16	4290
4	4907
5	3440
11	5087
17	4535
13	4848
14	4964
12	4203
16	2896
15	5017
29	3006
13	5145
22	4234
2	5618
6	4667
3	4541
11	4443
7	4431
11	4926
27	3807
9	4405
12	5376
18	2476
4	5696
6	3442
10	4445
25	4714
21	2884
20	5021
9	3122
4	3846
13	5018
19	4738
5	4694
19	3809
14	4024
16	4627
12	4195
17	5750
11	4992
25	4503
26	3604
18	4830
26	4909
16	3346
11	3211
9	5038
4	5843
27	4105
13	4297
27	4025
5	4366
12	4677
14	3203
15	5324
19	2646
35	4498
12	2013
22	3441
9	4195
14	4572
11	5112
18	4518
14	3551
10	3584
17	4921
22	2931
10	2598
29	2606
15	4884
11	3985
23	4394
23	3867
15	4580
25	4731
35	4783
10	3882
8	4641
6	2787
19	3927
25	5257
16	5380
12	2732
10	4907
5	2422
28	4513
4	5526
23	4655
38	3560
11	3804
17	4467
8	4890
23	3863
30	3120
16	5267
22	4534
21	4243
8	3247
8	3118
19	4022
17	4656
12	4606
8	3910
10	5391
7	2852
14	5035
18	5431
12	5043
21	5902
15	4204
10	4976
8	3585
22	4880
14	4531
12	5514
33	4482
16	4070
7	5017
16	3583
9	4550
11	4716
17	5082
20	5409
10	4269
16	3343
24	5053
19	3242
11	4221
17	4030
10	4510
33	5141
18	4780
30	5368
11	4661
39	4778
9	4664
18	4885
21	3181
11	5294
12	4380
23	4603
14	3126
13	4348
22	4578
3	5034
23	3213
16	5038
20	2803
44	5439
15	4686
11	4133
8	4403
11	4221
26	5134
6	4539
8	3080
4	3462
6	5521
11	4175
19	3939
13	5401
17	4506
26	3275
17	5692
18	3273
5	4999
21	4344
22	4129
7	5191
7	5544
17	3864
18	5083
14	3551
21	4265
18	3378
13	4978
16	4039
20	3266
26	3996
12	4721
12	9599
9	4108
14	4849
12	3823
19	3368
22	5280
25	4340
10	3892
12	2844
28	5023
32	3318
12	4250
16	3574
14	3714
33	5634
16	5076
3	3648
9	4959
5	4661
12	4798
19	4600
19	4619
25	4974
5	3928
13	4549
17	4508
13	2726
33	3914
30	4553
24	3630
21	2699
34	5765
8	4840
15	5058
19	5063
20	5286
18	2790
10	2445
1	5103
19	3564
11	3368
18	3702
11	3601
13	3568
7	5117
13	4464
11	4411
16	5553
13	4215
14	3791
30	1460
8	3925
19	5087
18	4457
10	3196
32	5047
8	5661
13	4674
15	4351
16	2790
29	2051
15	3101
18	5687
27	4698
19	4479
8	5619
20	5010
19	5342
10	5410
5	4816
10	4103
15	2801
20	4008
17	5523
10	4925
7	5036
9	5279
7	4712
10	2206
5	3567
17	4648
10	4481
9	5699
16	3159
6	2987
27	5213
12	4105
8	4975
14	5445
6	3000
17	4554
25	4413
24	3226
21	5043
5	5688
30	2037
10	4658
9	3702
23	2900
14	3735
12	4873
24	3020
22	4089
23	3030
20	4939
13	3628
3	3633
22	5936
32	3809
11	5388
12	4136
17	5040
18	5284
14	4716
32	4558
7	3752
18	4689
19	4660
8	3568
11	4300
11	3513
11	2296
8	4883
10	4863
23	4019
7	3173
6	5406
20	4200
9	5166
17	5833
7	4217
5	1531
6	4751
23	3368
17	5302
3	3027
11	3456
6	4093
12	5245
10	4972
10	4352
13	5164
26	4765
12	4191
16	4862
14	4648
2	4820
11	4679
12	4796
19	5094
16	4556
15	9647
14	4568
16	4186
16	3335
18	2673
16	5042
21	5753
32	2604
12	4744
13	5521
30	5410
18	3786
9	4841
9	3966
14	5358
9	4268
17	3681
14	4719
15	4003
8	4847
6	2109
8	4143
17	4578
12	4892
14	2673
27	3813
19	5280
15	5428
11	2409
3	3919
18	4711
14	3722
21	4283
12	5289
14	4054
6	5445
5	4241
10	4810
7	3245
20	5035
9	5209
7	3593
21	5132
10	4208
9	4915
6	5211
11	2236
15	4769
11	4254
13	5241
5	4378
13	3844
7	4332
13	2680
12	3942
14	4268
30	2734
37	3982
7	4059
14	2248
11	3239
4	4442
17	4994
11	4951
8	5514
17	3652
9	4326
11	4588
15	3775
5	4670
14	4220
11	4566
32	5075
12	5322
10	3071
9	3192
11	5183
5	3983
15	4442
7	5080
20	2252
12	4627
8	3801
11	4294
16	4205
18	4441
11	5743
15	2863
19	4944
12	2945
13	4045
25	5215
16	3838
10	3939
11	4798
18	4537
22	5810
27	3782
20	5536
7	5352
24	4234
5	4457
23	5252
17	5374
18	4665
12	5271
7	5191
11	4714
15	4382
8	1318
15	2734
21	3443
20	4830
21	4514
19	4760
16	5254
13	5054
11	3187
24	1979
24	4551
36	3255
11	4565
6	4504
6	4422
17	4450
11	3564
8	4141
18	4496
13	4514
5	5399
20	4638
17	3196
25	5678
20	4364
6	4738
11	3227
14	4606
17	5861
13	4008
23	5653
21	4137
17	4766
17	4176
5	3447
26	4668
8	4596
19	4021
32	3803
4	5324
23	2951
13	4105
10	4890
22	5334
20	5070
19	3340
22	3557
17	2838
11	2314
10	5008
14	4814
12	3815
20	5142
22	2646
4	3055
12	4528
7	4317
18	3216
9	2596
36	3675
5	5463
6	5021
12	3853
14	4051
24	3538
29	4363
7	2330
21	5516
11	3236
34	4217
14	5124
8	5000
15	4673
10	5275
33	5423
2	4700
15	4771
11	4036
9	3683
7	3243
7	3378
25	4363
18	4052
11	1513
26	5636
11	5363
19	5039
12	5255
15	4379
10	3926
11	2911
22	3982
11	5179
34	4238
20	4843
15	3947
23	2636
20	3957
12	3760
24	4372
6	4305
13	4073
31	4020
6	4503
16	4551
33	4777
11	5564
5	5384
8	4776
15	5954
6	2555
6	4481
9	5302
5	6066
15	4803
18	4498
10	2907
11	3381
15	4486
4	3680
4	3832
19	4872
8	2993
32	4625
19	4824
33	4007
12	3971
11	4104
12	2980
17	4970
7	3770
15	5103
27	4176
8	4536
10	4498
6	2511
14	2704
19	4124
10	4113
13	4366
27	3300
19	3641
17	4243
13	4339
11	2430
17	3557
9	4462
14	4779
11	4892
17	3285
8	3048
10	5895
10	3604
7	5471
8	4131
32	4597
21	4786
24	2331
12	3320
18	1575
17	1839
15	4369
37	5283
20	1482
15	3740
10	4653
38	4791
8	3886
18	3296
8	4687
12	1389
12	3822
19	3131
10	5437
13	5604
16	3422
12	5840
18	4012
6	4711
12	3091
14	4862
16	4918
9	5537
23	2545
21	4348
12	4357
30	5075
14	5979
8	2440
4	4433
31	3853
5	2933
25	4724
15	5442
17	4745
25	3827
23	5661
14	5240
9	4031
17	4290
9	4164
10	4640
11	4333
11	3143
8	6226
14	4462
23	4430
10	4406
11	3873
3	4901
15	4996
26	2800
15	3785
29	5464
29	4700
15	5111
10	4661
5	3983
14	4454
19	2682
17	3505
9	4257
24	5717
9	4356
14	4736
16	3877
14	5002
9	4434
11	2476
11	4132
11	4249
9	4808
8	2007
12	3646
12	2635
10	5655
3	3556
9	3510
23	4046
5	4529
13	3902
8	4819
12	4812
11	3220
17	5510
13	3041
11	4850
16	4883
19	4769
10	1847
17	4836
8	4974
16	5876
17	5289
5	5375
25	4009
23	4855
17	3534
32	4827
15	5217
11	4417
18	2643
12	2889
19	4941
17	4963
6	4095
14	4515
16	4511
7	5072
14	4357
14	3292
17	5423
10	4775
3	4296
9	3114
17	4332
18	4862
10	4781
9	4096
20	4497
11	3571
6	4067
3	5208
32	4987
13	4241
21	4245
3	3684
14	5527
24	1607
23	3053
6	5085
16	3371
15	5140
12	4136
19	4858
18	3985
18	4775
7	2671
13	3770
28	3682
5	4601
5	5127
7	4690
19	5114
29	2237
17	4454
26	4516
23	3712
23	5560
14	5709
30	4247
14	4058
8	4885
19	4358
5	3613
12	4954
13	5262
23	4522
6	5002
15	5036
19	2878
22	4449
7	4807
8	4583
27	3835
24	3836
21	4222
15	3239
7	3621
29	3451
24	4628
16	4784
13	3956
9	2761
20	4007
9	2614
9	3571
14	5072
10	5279
11	3737
6	4579
11	3593
19	5260
4	5035
19	4905
16	2122
8	4092
8	3818
20	3964
13	4424
15	4017
17	3406
10	2650
4	6063
9	5012
16	3953
12	3128
15	5278
23	4450
10	4265
24	4830
10	4405
15	4626
7	3886
9	4234
4	5206
12	4527
9	3166
24	5163
16	4736
16	3269
14	3424
9	3147
16	3229
19	4584
21	4846
25	4756
21	3960
16	5089
20	4986
17	5324
29	4857
16	4768
27	5497
15	3258
19	5343
9	4347
8	3644
10	2721
13	4980
19	2044
7	5313
9	3042
11	3656
10	5574
13	2239
13	3597
12	4093
21	2307
15	4372
10	4836
13	4747
22	5519
25	4110
23	3032
18	3590
9	4133
18	1521
16	5146
18	2973
12	3743
26	4487
22	6361
7	4984
16	3976
15	4732
14	4377
18	2804
11	4860
18	5037
13	4777
7	3753
18	5814
21	3744
26	5149
11	4718
17	4272
25	4538
16	4042
31	4414
27	4625
20	5012
29	4975
14	2988
16	3644
12	4003
13	4151
12	4141
3	4938
14	3775
11	5607
8	5312
17	5297
7	3615
4	3465
11	3105
9	4201
20	4055
7	5138
17	4516
36	4882
11	5490
13	4511
22	3758
9	4714
20	3876
13	5207
4	3851
7	4671
16	4600
2	5031
3	4051
7	5383
16	4408
15	4418
10	4335
8	2715
19	3920
16	5988
16	3518
8	5332
21	5417
9	4443
18	4963
11	4313
13	4964
22	4959
21	5110
11	3623
9	4807
15	4977
10	4111
12	4863
21	4147
15	4470
6	2098
18	4833
7	5038
27	5418
23	2493
20	4501
11	4232
10	4133
25	5335
9	4804
29	5377
21	5623
4	5695
15	3027
8	2563
13	4300
28	3993
16	4265
20	4903
2	3077
26	5164
22	5209
12	3924
39	5213
5	3764
6	5119
9	3146
16	5174
13	2460
11	3919
33	1549
21	5162
19	5264
9	3167
17	4599
7	3131
10	2398
10	3139
18	4807
20	4612
6	2554
12	4848
31	5291
18	3230
9	5551
17	4817
14	4159
21	4382
7	2891
19	4268
21	5031
35	2375
6	4087
6	5039
27	4193
19	4416
20	3763
11	4154
9	4699
6	4194
19	5094
11	4064
8	5291
14	3000
36	4289
11	5546
28	3496
15	3304
12	3567
13	4641
10	4555
12	4079
22	2619
12	4282
5	2807
9	3554
26	3518
13	2006
24	4350
18	5185
12	5305
33	2177
16	3884
24	2659
19	4767
8	3200
21	5326
17	3549
24	3719
20	4433
5	4181
6	4981
17	3544
9	5007
16	2499
10	3789
10	2534
5	5095
18	4431
19	3358
9	3019
9	5255
39	3956
5	2455
5	3657
9	3544
21	4977
13	5927
25	4737
4	5105
37	3984
4	4838
14	5235
20	4736
15	3722
12	4567
11	4362
14	4503
4	4916
10	4012
12	4092
15	5900
15	3118
15	4186
13	2783
13	5096
21	4161
26	5398
2	4155
14	2406
7	4856
27	4663
12	4560
9	4453
8	4459
18	4220
15	4890
2	4752
18	4642
13	2935
17	5620
24	5149
7	3999
11	4384
12	5004
11	5631
32	2908
12	4776
7	5104
30	3198
18	3993
10	4599
18	5026
21	3462
23	3156
13	5503
29	4439
10	3757
12	4186
8	4646
21	5074
2	5107
32	3737
16	5229
10	5140
15	5443
12	3176
18	2921
23	5636
17	2460
27	4300
10	2962
13	3424
15	6268
12	5287
7	2412
11	4016
15	2919
10	4024
12	4853
5	2689
13	4347
5	4108
12	5336
24	4198
5	5058
8	2852
8	2177
4	4692
13	4220
16	5314
12	4990
11	5270
10	3602
10	3655
17	2834
14	5474
27	5366
14	3851
18	1595
11	4383
12	5043
19	5620
37	4248
12	4114
13	3272
7	4296
16	6388
7	2964
31	5874
14	5355
10	5855
7	4625
18	4106
25	4873
20	4074
7	3915
13	4614
24	5192
9	4333
12	4518
18	4797
5	5621
10	5648
13	4613
6	4466
20	5656
11	4022
12	5547
6	4071
9	4338
8	3657
22	3161
17	3276
29	3511
13	4058
18	4362
12	5743
8	5045
15	4688
18	2617
17	1610
15	2557
22	3744
14	4210
20	4408
17	1592
33	4286
21	5223
10	4900
7	5140
12	5602
7	5238
19	5258
8	5094
9	2844
5	5900
26	5393
15	3968
11	4884
13	5007
6	3984
19	4662
26	4752
8	4478
16	4471
19	3227
9	5455
26	1448
12	3990
15	5917
13	5009
11	3771
11	5129
8	2984
14	4616
26	4000
11	5114
15	5155
26	4393
13	1969
10	4685
10	5287
18	3247
16	3541
14	4675
10	3132
5	2361
17	4994
8	4069
12	4795
11	4584
20	5089
14	5448
18	2457
15	5172
21	4245
36	4598
14	5479
21	4358
10	4874
11	4941
23	4624
7	6017
9	9173
23	3528
25	5831
23	4784
17	5666
18	3786
15	4828
6	4722
24	4499
8	1675
10	4753
12	5519
5	4330
28	2478
11	4898
10	4255
25	5064
17	5005
15	4448
5	3637
7	5374
15	3311
24	4358
20	5276
2	4594
11	5625
17	4079
30	4740
5	4874
33	2912
13	4106
11	4410
14	4752
18	3077
12	3450
9	4115
19	4616
25	3524
29	4273
8	3928
18	3203
21	3707
27	4871
24	2514
6	5345
19	4048
23	5381
25	5991
8	4538
24	4956
11	3513
23	4837
4	3552
23	4580
13	5295
14	4532
12	5491
18	3314
8	1786
12	5222
9	5050
15	5168
1	2470
13	4504
8	4930
17	1502
10	5283
7	3169
42	4618
17	5112
3	5363
8	4681
11	4767
20	4092
13	4374
8	5235
23	5318
18	4504
16	5199
7	3773
22	4643
26	4766
13	3198
24	2995
18	5348
9	2621
20	4460
20	3015
15	4014
24	4818
8	3052
12	4753
9	3695
12	3311
12	4997
2	5290
37	5138
13	3248
8	5503
11	2474
13	3034
12	4257
6	3916
25	5758
14	5287
12	4926
21	3767
27	5457
12	5458
15	3752
17	3663
17	5191
10	4582
15	3669
14	5539
9	4644
15	3500
10	4504
19	4260
14	3934
40	2552
20	5091
5	4971
10	4823
10	3949
16	4347
13	4580
24	4085
13	5207
14	2592
10	4384
12	3353
15	4201
22	4159
19	2161
8	4928
6	3599
6	1851
10	3063
23	5136
28	3021
16	4493
12	4317
27	4818
20	3220
15	3943
25	2872
8	4629
24	4288
11	5135
36	3371
22	3519
11	4374
4	3268
20	4253
18	3378
12	3734
14	4050
3	4619
12	3720
10	4416
13	4016
12	4280
10	5382
12	3320
13	5492
15	3127
11	2032
7	2730
3	5725
31	1422
7	3792
23	3416
14	4673
17	2488
17	5517
10	5370
18	5381
13	5530
13	3713
9	4190
9	2951
20	3811
14	1876
8	3062
6	4506
11	4978
14	5107
12	4780
11	3098
16	5737
12	4445
11	3668
10	4581
16	4804
29	5504
37	4123
16	4285
16	4254
4	5107
14	4202
12	3095
14	3608
19	3924
14	2867
10	4793
37	3972
22	4647
14	3773
12	4681
24	3138
5	4355
13	5055
13	2833
30	3609
19	4995
17	5111
15	4432
20	3096
14	3996
13	4441
23	2612
11	5246
34	4631
22	4971
12	5885
19	3779
7	4347
9	5118
13	3910
7	4129
19	3760
13	5224
14	3274
25	3873
9	3998
6	5486
6	3762
9	2796
15	3658
28	3166
10	4281
12	4678
11	2936
14	2758
22	4486
12	3612
5	4264
5	2828
18	4592
16	4079
9	4040
6	4341
12	5890
8	4658
15	4737
23	4616
6	5886
23	5043
6	3081
18	2476
16	2498
16	5425
14	2989
22	3100
5	4705
27	4901
13	4698
3	3327
16	3434
20	4564
11	5145
11	4032
8	3419
25	3863
35	3506
20	5790
28	4773
19	5136
7	4725
12	3432
15	5327
13	2577
9	3536
11	4911
24	3587
7	3739
12	3017
16	4658
23	5566
10	4799
10	3557
20	4304
2	2700
15	4900
10	4350
7	2849
18	3469
17	4101
17	4347
10	5460
7	4229
8	4921
15	4912
16	3343
9	4394
38	5208
9	5427
5	2860
16	3042
4	2877
10	5269
7	5045
13	5036
13	1662
28	3801
20	4567
18	3598
8	4419
30	2742
7	5632
22	3713
15	3023
25	3541
15	4381
18	5410
13	5367
5	3639
17	3472
6	4826
11	4743
18	5331
16	4174
28	2628
9	3097
33	5490
9	3780
19	4307
36	4989
16	4100
25	5281
19	5573
6	4482
10	2951
33	1778
8	3937
11	5510
21	2662
12	4046
7	4118
19	5391
16	5139
5	5923
11	5273
7	4067
15	4100
20	5931
13	5522
19	4282
11	4539
7	4136
5	3527
5	3832
6	4437
15	4072
19	4168
15	3720
18	5426
10	4476
12	4719
3	4280
2	3617
14	4332
4	5423
15	4546
11	5869
18	4365
10	1923
6	4663
18	2808
17	5273
21	2472
9	3158
13	4659
21	2784
36	5049
5	4874
7	3398
15	3987
4	5199
26	4543
10	3612
7	4847
22	4592
19	4942
6	2266
13	5576
20	5324
7	5188
10	4235
26	4869
11	2304
13	5185
31	6232
17	4576
9	5695
16	2196
11	5810
13	1935
11	3692
11	4812
10	5637
20	4349
8	5325
14	3640
16	3142
3	3692
16	5190
25	5175
13	2632
12	4380
37	4462
14	4858
15	1960
25	1578
17	4142
24	4027
19	4284
40	3392
13	5051
13	4087
20	4677
9	4899
11	2888
36	4657
11	4468
15	5463
14	4172
29	3876
5	4885
11	3778
17	3707
34	4989
7	4144
6	3541
15	5358
15	3980
10	5645
27	3893
8	5451
23	5109
18	3432
7	4019
10	5307
18	5061
9	3969
11	3293
37	4670
24	4356
28	4312
7	5727
20	5303
25	3624
11	6221
10	3462
10	5139
20	4501
4	4100
21	4448
15	4422
9	4594
17	3001
11	4128
17	3017
22	4671
14	2756
3	3985
9	5171
14	4988
15	4201
30	3641
30	3884
9	4592
8	3564
9	4854
13	3454
13	4412
11	5194
26	4431
13	5677
19	5216
6	1480
8	4310
3	4808
11	4550
13	4351
3	9949
9	5690
25	3410
3	4247
9	4404
21	3114
17	5484
16	5086
19	3930
23	4741
7	1389
3	5483
13	4447
24	5376
15	5362
7	3981
24	4310
16	4832
19	4380
33	4738
14	5627
8	4039
16	4654
12	3967
20	4585
12	3888
21	3622
9	3284
15	4590
22	1701
9	4771
15	4623
20	3099
15	4503
12	5110
16	5826
30	4920
18	4262
8	3826
14	5877
29	4322
11	4181
6	4189
37	3734
14	5263
20	4765
14	4766
23	4866
25	5359
33	5252
11	5125
24	4077
27	4594
8	4867
30	4424
11	2471
11	2296
35	2637
12	4574
5	4503
25	4527
35	3291
7	4231
7	4737
17	217
21	2100
