2	9446
23	9709
10	9994
38	7467
4	9998
2	9996
24	8593
15	3975
27	8955
10	9107
26	8478
15	8981
32	9982
12	9998
23	8090
1	8444
32	9671
4	8270
1	9997
15	9992
24	9576
23	9996
23	7935
4	9997
8	9996
29	9998
29	9861
23	8129
24	9997
13	9998
11	6421
39	8949
23	9217
20	9558
11	8092
4	7515
29	9981
37	9996
29	9999
4	9996
35	9022
20	9996
27	9998
27	9968
5	9608
20	7282
4	9542
24	8202
39	4401
9	8848
2	9962
1	9993
12	9944
4	9990
24	9997
29	6760
4	9996
2	9990
16	9730
4	7388
16	9998
37	8700
6	9801
15	9997
4	9571
36	9997
26	9376
23	9965
15	9934
23	9870
4	9996
11	9996
33	9997
23	9260
35	9996
22	9995
15	9977
35	9672
1	9806
12	9995
8	8898
29	9994
33	7939
8	9813
1	9998
17	9998
13	7958
1	9996
15	9371
23	9997
15	9997
26	9088
4	9824
11	9995
12	9526
12	9940
26	9997
4	9996
4	9578
32	8751
10	9048
16	9973
35	9142
24	9481
8	9998
29	9668
37	8344
22	9992
26	9996
1	9997
16	9976
8	9996
36	9996
24	9997
7	9371
4	9990
1	9996
1	9997
20	9996
4	9896
32	9391
7	9592
24	9430
32	9996
38	9593
35	9975
26	9884
24	9970
36	9872
32	9469
39	4699
39	9998
8	9757
26	9997
16	6860
35	9801
20	9996
20	9989
2	7765
28	9998
24	1622
8	9220
37	8375
8	9721
7	8032
1	9997
23	5952
24	8981
2	9996
29	8472
2	9690
17	9999
16	9292
17	9694
35	9820
12	9052
24	9980
16	9801
27	7411
23	9998
29	9908
12	9475
11	9998
10	9350
1	9810
26	2391
33	5917
10	9679
37	9979
7	9995
22	9996
26	8772
13	9993
11	9492
23	9943
26	9998
23	9905
10	9998
32	9996
11	9371
11	8212
29	9997
15	9325
4	9112
17	9993
20	6405
11	9188
7	9994
4	9201
8	9773
29	9112
29	9248
36	9995
17	9997
35	9996
23	8364
27	9998
24	9995
28	9616
17	9998
28	9741
26	9939
33	9933
11	8036
33	9997
26	9997
20	9826
4	8955
23	9474
4	7096
24	9998
15	9195
23	9235
39	1675
33	9996
7	9517
11	9997
11	9964
15	9992
29	8806
8	9998
37	9625
29	9261
15	9997
17	9996
16	9198
17	9997
37	9997
16	6945
26	9997
15	9845
29	9997
32	9996
8	9756
15	9687
32	9886
23	9892
23	9997
35	9996
16	8341
16	9997
1	9997
12	9996
24	9878
11	9912
24	9995
1	9029
24	9239
37	9974
33	9997
29	9966
11	6095
26	8914
35	9233
29	9856
29	9994
10	9990
33	9996
11	9873
27	9808
16	9690
13	7537
28	9993
26	9998
16	8827
7	9445
2	9996
4	9265
32	9972
8	9808
2	9064
2	2923
16	9135
19	8622
11	9891
35	9998
17	9997
23	9997
26	8758
35	9752
23	9998
35	9201
26	9997
16	9241
8	9979
14	6916
17	9996
20	2565
28	6560
35	9998
12	9998
8	0
26	460
14	9995
4	5470
37	8886
28	9966
15	9985
10	9471
26	9700
20	9997
32	9656
7	5113
15	9997
7	8740
29	9995
8	9099
29	9998
11	9945
8	9983
24	9998
35	9899
24	9257
23	9975
16	8090
16	9998
10	9637
2	9996
22	9917
28	9681
12	9997
24	9251
1	9997
39	6642
13	9994
29	9997
11	7152
8	6764
10	9528
37	8839
23	9954
10	8965
4	9758
35	9125
8	9946
28	9998
35	9997
23	9815
16	7990
24	9256
4	9988
13	9997
11	9989
7	9978
29	9765
29	9905
1	9957
24	9991
16	9913
29	9997
39	8851
39	9807
15	9460
24	9038
26	9359
24	9456
32	9997
27	9898
7	9052
12	9449
24	9782
8	9995
35	9997
29	9634
31	9998
27	8904
16	9616
30	9486
11	9997
32	8983
37	8622
17	9999
24	9605
29	6540
22	9996
1	9998
23	6420
15	9924
19	1499
2	9949
4	9843
1	9496
12	2323
11	7640
7	9996
1	9970
2	9997
4	9807
29	9707
29	9997
35	9996
8	9984
28	8534
6	9995
23	9912
13	8740
12	7574
1	7745
10	9996
25	8048
36	9360
37	9274
23	9487
32	8558
10	6402
20	6376
11	9996
17	9992
10	9887
35	9082
11	9970
16	9998
35	9173
16	9997
26	9678
16	9986
4	9995
11	9809
17	9996
14	7791
8	8725
37	9997
16	8843
20	6048
8	6780
33	9992
23	9994
16	9934
8	8027
20	9918
37	9034
12	7080
32	9996
15	6694
6	4620
16	9400
37	9906
20	9928
11	9888
28	9996
24	9997
8	9997
26	9998
15	7589
26	9078
4	4713
35	9661
11	8294
15	6182
18	6780
38	9977
1	9340
4	9821
11	5469
26	3875
24	7447
37	9945
33	9896
35	9331
10	9996
30	6580
26	7400
11	9957
28	8235
36	9841
14	4574
33	9794
19	9739
16	9997
6	9525
26	9848
24	9996
16	9998
23	3331
18	9957
39	9999
31	7226
35	9995
20	7001
15	9992
11	9153
32	9843
1	9967
23	7123
16	9919
1	9940
12	9898
21	9999
19	9592
2	9052
28	4576
10	9997
38	9997
39	9997
39	9990
37	9996
24	9726
2	8648
29	8806
23	9935
13	9998
4	7050
27	8681
12	5903
35	3483
27	9115
39	5110
12	3587
24	9995
28	9636
37	9959
4	9967
20	5384
29	9997
20	8500
11	9900
29	9987
35	9996
20	8166
20	9997
24	9779
20	9619
8	9913
35	9821
20	9304
11	9654
1	9997
11	9762
15	9274
26	8133
40	9990
10	9811
23	8322
8	9707
8	9963
17	9898
11	9187
37	9442
4	9997
24	9908
10	9664
29	9996
1	9998
12	9823
16	8044
8	6917
15	9997
26	9997
15	9997
18	8829
12	9769
1	8619
32	8942
37	9998
17	9992
29	8053
11	9435
38	9979
11	9369
21	7092
2	9995
8	8269
1	9987
15	8241
11	9989
24	9997
11	9883
33	9945
35	9512
1	9996
33	9783
16	8722
5	9894
16	9997
8	9997
5	9925
15	9932
11	9996
35	9876
24	9989
29	9484
32	9998
33	9851
1	9850
17	9998
39	9947
37	9571
11	9998
20	9995
11	9979
4	9998
22	8999
20	9998
23	8602
24	9998
11	8324
32	9611
8	9962
24	9995
4	9424
14	6271
16	9862
38	9762
23	9224
35	6755
16	9949
4	9287
4	8581
8	9591
6	9996
20	9974
26	6230
27	9916
37	9998
24	9021
10	9924
29	9889
23	5713
37	9862
4	9980
4	9938
24	9487
11	9991
1	8965
32	9538
24	9788
32	9998
27	9997
17	9844
39	9996
15	9998
16	9967
1	9996
8	9561
10	6707
29	9182
8	9493
11	8809
7	6411
13	7043
33	7571
11	9842
8	9711
12	8670
14	9989
5	9997
32	9998
13	9048
26	7403
4	8389
39	9997
29	9996
20	9929
13	9997
23	8345
8	5633
23	9997
23	7029
16	9979
26	9659
39	9998
23	9735
24	2260
29	9997
26	9867
28	9996
4	9996
35	9993
11	8609
17	9994
8	7414
3	9996
10	9996
37	9993
11	9511
37	8581
35	9992
27	9997
22	7819
26	9902
16	9114
11	9885
23	9493
37	9998
8	9716
16	9998
2	2809
35	9983
4	9937
26	9870
16	9997
27	9997
37	9063
23	6302
39	9996
15	8581
17	9219
12	5971
4	9991
28	1892
32	9852
37	9741
11	9801
15	7885
29	4700
28	9827
20	9957
37	9664
35	8871
29	9968
26	9997
11	9996
17	9997
2	8558
4	9877
24	9928
35	9999
1	9304
39	9994
24	5359
1	8407
15	9998
1	8567
9	9996
26	9064
37	9998
16	9907
13	9995
4	9612
39	5244
1	9995
37	7869
22	9793
8	7214
33	9965
16	9931
23	8396
4	9936
37	9992
16	9970
5	9571
27	6435
29	7779
26	8172
23	9998
23	8948
23	9566
12	9997
37	4346
8	9987
19	9057
1	9689
1	9997
8	9472
28	8204
11	9779
32	9721
15	3517
15	9537
4	9998
16	9996
22	9996
4	9997
25	9743
17	9998
27	9984
20	9996
26	9985
16	6981
33	9791
16	9213
12	7815
14	9996
20	9998
1	9645
23	9725
7	9993
28	9865
32	9996
4	9997
37	9678
37	9968
11	5517
37	9996
8	9764
7	9548
7	8402
12	9997
8	9996
24	9995
37	9901
14	9832
1	9997
10	9994
20	9212
39	9997
32	9995
26	9681
28	9995
22	9867
7	7359
12	6854
18	8470
16	9074
37	390
37	9996
15	5901
7	9631
26	9997
34	9869
33	9897
8	8348
16	9914
2	9999
11	8994
4	9986
2	9386
15	9972
20	8856
4	9996
1	9973
7	9997
24	9986
7	9435
23	9876
16	9288
16	9996
26	8121
27	9993
10	9996
28	9996
28	9998
26	9396
4	8421
18	9015
2	9867
35	9453
24	3941
11	8903
1	9790
32	9996
35	9792
38	9994
38	9825
39	9538
1	9997
29	9997
1	9998
24	9805
4	7049
11	9995
29	9917
23	9821
26	9595
21	9994
24	9997
24	5624
2	6391
23	9906
35	9925
20	9526
32	9986
37	9963
18	8992
29	9997
23	9578
35	9982
27	9500
1	9957
