846	5752
365	6159
319	3270
351	5001
350	4828
854	5067
470	7017
861	8391
639	4737
358	3479
852	4631
350	5966
403	5277
722	7252
436	6681
352	5934
848	5411
846	6620
58	6486
318	6058
373	4332
282	6421
264	6274
350	5540
354	4824
874	7633
848	8353
353	4335
117	7291
846	6357
937	7720
859	6576
314	7128
846	6136
354	6518
387	6817
435	5491
309	4144
401	2679
934	6821
437	3662
370	6586
363	7144
350	3595
846	4083
391	6772
859	5954
379	5478
354	6287
352	3928
846	3684
373	6158
302	7768
0	5794
352	3910
355	4218
697	5659
846	3464
387	5844
315	5372
846	4939
311	7175
312	4869
846	4203
669	5007
910	5974
413	8194
406	7976
360	4132
314	7658
328	5223
121	2898
352	6813
336	4002
846	2647
236	6123
313	6046
356	6505
436	6736
338	4937
391	5589
364	6160
417	5646
312	6054
846	6390
305	6917
367	7550
850	4745
848	7400
346	4650
848	5608
0	7184
374	6876
350	5160
439	8615
432	7267
304	8224
423	6201
860	5636
334	6981
361	4407
574	7261
962	6271
321	4739
318	6323
312	5236
365	6269
495	5878
565	6137
315	5906
449	5428
354	5255
903	7372
566	5449
873	8847
385	5007
513	6792
404	6372
350	5849
846	5421
846	7309
282	7239
357	4672
352	4620
353	3352
0	3286
358	6237
350	6641
519	4902
352	6421
330	5594
350	4747
408	5223
352	6957
846	6277
463	3169
357	8346
319	3133
408	5230
888	8447
452	4179
407	7302
846	5346
306	6918
331	4788
366	7113
351	3569
351	7933
364	7480
361	5032
368	5547
0	5595
351	4830
403	4455
413	7906
310	5728
117	5313
527	5523
371	7370
379	8716
477	6335
860	5756
446	6594
351	6145
846	8649
373	6328
305	6962
376	5462
317	3041
377	6726
313	6142
372	5625
382	4050
846	6204
355	5102
398	5081
350	8171
130	5180
309	4603
235	7000
846	7120
859	6117
117	4611
373	7559
321	6274
0	4267
364	7436
472	5803
861	7398
400	4681
328	6597
185	7561
846	6947
859	7151
360	4968
380	6157
846	6379
873	4253
358	7072
262	7700
878	4121
326	6264
397	3347
317	7886
645	3840
357	7137
517	2333
846	6448
325	5045
846	7934
366	7200
379	3909
314	4691
848	5083
305	6480
359	6862
871	6077
417	6012
0	5293
889	4430
361	5208
352	6333
313	5536
241	4256
382	5496
887	5145
522	2438
390	6776
350	3228
375	4748
340	4047
378	5736
373	1765
312	3943
361	4911
435	8296
365	5500
318	4428
860	8478
848	5569
408	6129
847	6224
308	5980
846	7124
846	2000
465	4449
385	5974
366	3283
393	5010
325	7388
868	6349
905	5357
848	5170
0	5402
363	5834
846	3920
361	6573
434	7246
651	6141
348	4904
310	3923
357	6085
351	5012
399	5022
117	5367
417	5447
357	7533
1935	6784
317	5663
748	8114
0	9077
316	6412
454	7683
429	6011
350	7558
411	5469
391	6574
532	4018
369	5053
311	6998
940	4743
593	6184
869	5339
512	6032
367	6230
762	5454
237	4214
513	5666
304	7150
847	5399
411	6513
318	4458
351	6979
350	6638
423	4927
327	7282
350	5921
346	5206
0	5084
350	5044
389	4820
380	4839
848	6871
374	5501
140	6428
373	6331
367	5407
117	6433
0	6822
364	4438
861	7258
847	5172
891	7274
313	5086
364	6148
571	4138
367	7133
445	7040
873	6008
381	6088
315	5204
350	3944
0	5347
361	5298
356	4315
849	6382
355	6178
860	5563
849	3905
378	6513
354	5896
306	7185
396	6784
681	6857
373	5703
265	4043
455	4295
846	3251
352	7017
740	6198
855	5409
510	7000
317	9999
379	5637
375	5004
927	7080
846	5274
0	6044
351	3839
350	5830
403	4948
873	7317
648	7931
318	5347
16	6233
402	6396
309	6868
351	3546
846	5890
350	4195
315	6533
474	6109
324	7018
351	6762
402	6140
359	5643
260	6536
872	5346
364	7111
362	3485
354	5522
352	5340
483	6456
345	6096
400	5995
358	4813
124	3874
846	3919
846	6814
0	7263
374	4299
459	6762
387	2756
890	5778
372	5863
263	4029
354	6779
336	6966
937	6543
860	3840
320	7156
380	4887
365	4694
407	5389
364	5265
359	8543
249	4917
382	5062
0	6660
323	5747
365	4230
859	5547
282	4415
344	5184
350	3438
853	6057
379	4761
376	4341
591	5413
314	7252
395	6882
379	7130
443	4411
307	5889
312	7485
386	5068
268	6479
859	3413
351	5696
364	4905
846	4929
353	6439
214	4071
545	5373
145	4943
356	6622
846	4626
350	5380
863	5398
403	6733
862	5114
389	5235
438	5051
485	5612
351	3823
328	6800
564	4220
437	6905
316	5958
400	5531
860	5060
365	6895
304	7560
387	5030
314	8155
131	4639
350	5202
0	6925
283	6998
314	4408
365	4588
846	5150
906	5327
882	4439
0	6138
424	4122
873	6919
360	4432
358	3917
545	5124
308	6653
620	5464
565	5172
361	5694
350	7734
401	6010
307	7053
846	5884
348	6483
846	5947
0	4695
306	5743
777	6147
847	6539
350	6445
400	5708
546	6465
499	4901
282	5572
488	6594
873	6327
869	7346
1058	6009
351	5775
400	6744
367	5787
930	6820
514	6093
373	8216
440	8395
846	8604
117	6118
440	5414
351	6116
868	4254
350	4012
374	6027
358	6768
419	5490
308	8251
341	6237
1096	8846
350	4922
846	3437
846	3929
877	7336
319	3540
846	5762
846	6937
363	3389
379	6652
314	4523
366	5193
363	7313
353	7020
670	7639
873	6189
887	5547
846	6948
235	5166
364	6344
282	5885
318	5987
476	7646
330	8401
846	7867
354	7136
311	4781
282	3988
873	6035
271	5149
886	6261
365	6689
78	7130
844	6716
324	5628
503	4069
0	6718
343	6337
308	7951
582	5940
846	6876
352	4662
847	4715
386	6162
350	5893
350	4650
350	5145
846	7409
430	7100
323	5758
354	5734
859	7331
351	5591
858	6791
377	5616
847	5891
499	7996
234	6592
859	4984
351	4896
282	4776
358	6148
438	5259
707	4644
847	6446
710	7681
282	6298
363	4948
350	7181
859	6905
367	5966
353	8209
888	6643
450	5527
420	5692
394	7011
860	8961
0	5625
358	6827
366	4524
775	5000
304	3397
117	5151
848	3641
365	4372
387	6523
846	4834
356	5360
850	6297
350	8839
446	7935
359	5093
848	7008
564	4806
352	6493
311	6307
0	7097
117	6471
364	7203
117	5482
478	5682
234	4823
350	4797
367	5107
524	7245
353	7516
987	5463
375	8348
903	6864
859	4735
579	5915
846	3464
117	3716
429	4359
0	4850
373	4670
372	4005
0	7377
362	5842
860	6505
0	4371
295	6003
331	4515
417	5379
381	5867
537	8204
351	4176
846	7137
351	5215
282	3981
313	6513
357	6656
519	7168
0	6779
276	6409
846	5154
846	6646
848	6762
350	6564
126	5332
406	6938
0	4815
849	2494
899	6852
350	2138
350	5051
850	5682
350	6653
903	4721
478	7943
846	5945
352	4085
378	6275
410	2797
957	6227
234	5986
316	5066
354	5063
898	5887
359	4972
846	4237
350	4516
117	5395
309	5413
313	1719
409	5027
846	6633
846	5771
314	9327
170	5623
365	6166
846	5479
638	6648
309	4008
442	4727
763	4262
342	6270
859	4454
352	5698
340	6078
351	6924
443	4843
350	5865
354	9128
355	7824
305	5259
365	6973
846	4728
369	5929
366	7411
388	8457
354	6831
381	4401
310	5716
846	8052
683	5445
316	6216
788	8361
310	5720
440	7075
360	5942
311	6322
852	6436
364	7065
361	4459
329	5488
402	4458
399	5668
502	4826
118	2945
875	4440
377	6104
233	5113
846	6952
345	4823
1099	6017
322	6848
284	6042
905	5001
353	4956
667	6273
366	0
335	5163
890	5910
846	6758
0	5326
848	7282
340	3656
564	7307
351	4172
413	3998
712	5298
904	8057
582	7216
392	6654
873	4901
847	6515
988	7928
353	5948
329	6178
282	4474
355	6147
334	3776
376	5463
846	4320
366	5218
846	4833
848	6094
311	4826
564	5111
386	5816
373	7811
846	4345
268	8297
351	5816
846	7181
932	4079
312	5041
312	8131
291	2664
846	6076
358	6576
350	7139
325	6932
662	5348
847	5187
380	7032
532	6812
846	7486
873	5839
416	5407
474	5705
305	5338
378	6920
398	3915
352	6786
395	6183
295	6832
889	6195
350	7333
340	4026
278	7426
363	3778
846	5724
384	5736
598	3881
355	6389
354	6407
406	6112
346	6118
398	5850
305	6721
363	6076
352	6178
363	7126
847	5420
117	6962
846	2739
501	3112
0	5581
350	5343
681	6073
327	5233
305	4090
146	6172
350	5811
967	5008
0	6864
940	6090
366	5230
416	4246
350	4861
846	6747
868	5824
350	6819
866	6958
352	5846
2776	6410
312	7436
400	3153
894	7226
447	5619
353	6687
379	5075
861	7034
846	5165
325	7981
353	6770
521	7162
389	5194
360	6258
367	5325
364	7583
385	3782
0	5620
381	6383
847	6106
347	6062
890	5961
846	8574
366	3845
376	5357
577	6675
559	4527
382	3919
531	5720
366	4255
379	3100
378	5707
859	5469
245	4745
378	5321
352	7067
900	3741
644	5068
234	4498
846	6286
395	7514
868	6099
408	6417
358	6219
672	6040
319	6974
459	5069
859	5021
846	5784
316	2923
406	4570
454	5072
0	5960
846	4536
846	6421
846	5251
407	5482
331	5806
352	6700
392	6809
282	6057
305	4381
359	5510
429	5741
319	8606
448	5497
577	5388
310	5799
370	5341
535	6049
323	5167
846	6635
410	8062
719	7108
597	6912
415	5672
846	4804
723	5226
879	4384
846	6167
551	6515
373	8472
846	7489
352	4990
353	5377
639	7796
861	6918
353	5547
9999	5783
846	5487
0	5492
353	5999
314	4834
358	5549
396	6330
351	4842
351	5386
860	6095
340	7507
357	3204
357	6153
391	3443
392	3632
378	4585
849	2694
859	7976
328	6148
505	5295
282	7416
330	4715
335	5634
370	4702
350	6250
846	7700
411	3643
342	6291
350	4983
604	5399
428	3169
395	6205
0	5069
415	6593
381	7035
846	4245
859	7223
365	6489
359	6720
711	5760
846	3318
860	5502
359	5986
846	8711
846	7557
846	6099
397	4384
488	5588
117	3674
378	7319
305	4378
328	5878
902	7496
399	6675
308	4876
846	6409
846	6672
393	6411
417	5839
406	6462
311	7330
373	4851
425	6167
885	6268
847	6871
351	5532
358	6795
0	5116
350	7544
380	6180
351	6488
375	5654
317	7853
351	7829
767	7098
367	4730
861	3538
633	7202
889	6155
922	5382
383	6383
375	5098
310	4786
859	4883
851	5658
351	5199
356	7266
352	5145
375	5078
847	7377
330	5902
726	7812
350	6996
846	7558
311	7106
404	3596
783	4498
282	3708
368	7242
376	3455
382	5898
354	5897
311	6203
0	5451
357	5936
134	4565
363	6158
350	5554
0	4483
545	2401
350	7648
320	6721
309	3718
0	4124
696	7024
446	5871
431	7056
385	3162
340	5920
461	4162
405	5415
846	7107
51	5705
846	5410
415	3948
0	6018
308	6196
366	5098
353	6941
848	6735
355	6217
310	6148
505	6213
352	7832
356	7067
349	7539
859	6507
342	5661
441	4179
373	7615
859	5188
351	4672
351	5040
383	7042
425	5085
363	5038
854	5251
0	6275
351	3886
772	7470
1178	7991
357	7235
681	5545
905	6784
365	5330
0	5953
873	5025
492	6707
859	6333
312	7554
371	7070
374	5932
846	4840
352	5141
314	4426
438	8243
381	6671
321	2258
350	7999
362	5703
427	5855
0	5737
846	6923
846	5375
875	5589
389	7167
308	5914
559	3709
433	6552
351	6767
398	7199
849	5618
350	6573
321	7157
874	4768
352	6094
847	7042
612	7200
856	6776
787	3787
0	5617
359	6067
361	1539
908	7725
859	6719
350	4777
353	4268
334	5579
313	4428
876	7560
328	4205
416	5126
307	5724
314	6368
358	6359
1083	4931
351	4562
376	4573
350	3203
351	6684
348	5957
400	4668
848	6982
282	5629
393	5748
353	4923
847	4385
314	4943
355	6303
725	8245
479	4215
352	5709
351	7006
323	5177
415	6521
317	6231
346	6184
365	6572
846	7229
392	8006
383	4504
906	6552
445	3943
847	5734
356	6104
324	7366
846	3147
515	4627
319	2752
903	8380
378	6548
349	4465
350	5523
354	4317
860	5764
352	5357
0	7210
364	7175
417	5624
342	6510
380	5237
366	8782
351	4974
1512	6709
541	6326
846	5626
691	6125
350	6272
315	7277
846	7890
311	5906
351	6160
440	5911
383	7391
408	4497
363	7467
351	3939
306	6583
337	3881
460	5924
355	6376
360	7800
849	6286
380	5114
350	5295
343	6400
351	3935
387	9290
350	6435
846	6716
309	5920
392	6870
695	7114
352	4605
117	4312
374	5029
878	4885
0	6286
846	7550
398	4874
350	6288
143	5724
351	5601
308	6098
846	5897
352	6464
350	5622
108	5073
308	5351
402	7740
345	6519
378	5784
849	5144
0	5669
466	6907
516	5256
343	6964
352	5842
319	6240
0	4725
99	7748
374	6200
145	3931
366	6914
932	7504
564	5962
397	5530
350	5438
363	6226
368	7225
0	1736
849	4616
0	5998
363	3672
846	7481
901	7013
565	4455
352	4354
875	6304
411	4521
350	7364
410	3882
976	6331
405	7395
408	3658
860	6335
846	5845
0	5904
357	5697
432	6073
847	5310
350	5308
233	4497
846	6328
411	6637
847	5035
348	6943
425	5766
243	6031
310	4892
305	6610
434	6385
407	5575
387	4486
310	5615
846	2282
352	7116
398	6517
352	6040
846	6370
364	5597
0	5083
351	2308
360	4724
367	6524
957	6753
318	4371
897	7742
303	5949
165	5078
387	5521
385	8337
361	4232
351	7077
353	7092
353	5668
649	6052
117	5058
342	7559
365	3858
305	6356
846	7691
905	5449
363	4216
846	6557
362	7009
353	5576
874	5654
487	6406
363	4323
375	4880
351	5470
371	6563
428	3242
351	5518
351	5261
355	4385
1423	7746
329	5181
397	4775
369	5149
499	6352
354	5608
377	6380
436	6158
0	6841
406	4134
351	7548
350	7333
365	7242
2613	7143
895	3937
564	7427
119	5101
407	4125
350	6161
361	7696
366	3401
351	4954
846	5547
364	5008
325	6069
310	4628
324	4595
846	5056
447	6691
846	6848
846	4656
406	4962
352	4748
914	8508
849	2492
401	7171
686	5149
367	5367
372	4123
107	6336
376	5188
572	5870
305	5854
324	6341
368	6801
847	4753
554	8048
375	5515
117	4223
426	7355
405	6350
351	4335
357	7292
0	6768
282	4368
394	4985
464	7054
375	4602
308	5986
424	4480
350	4123
325	4685
322	5165
438	5538
438	4079
319	6633
392	3776
904	6388
846	5171
350	4085
371	4696
282	7360
861	5843
317	8547
330	5704
456	6176
846	5319
397	6212
350	5575
362	5455
465	7572
379	5227
847	2922
847	9472
421	7771
0	5390
487	6622
860	6163
350	6442
379	6057
394	4733
350	3957
268	3494
365	6740
380	6394
848	3547
369	6021
687	6771
365	5746
612	2362
357	6622
846	7051
350	5389
282	6424
350	5529
351	6137
309	5891
350	6157
289	8486
847	5077
493	7171
913	3164
282	5908
320	6072
368	7712
322	6164
358	2496
521	4386
848	5819
861	7134
314	5346
846	7285
381	6896
327	5043
725	5746
852	7192
350	5378
0	5140
393	7378
409	2515
333	4710
455	7488
353	6635
466	6075
0	4039
352	5149
312	5742
371	7287
373	4633
358	6882
578	4346
846	3831
846	6025
313	6405
1034	6029
370	6670
566	5165
0	7580
98	5009
451	6697
117	6601
350	6670
957	4367
398	6830
362	5506
362	4718
649	7041
414	6843
0	5238
357	5442
352	6250
376	5713
347	6510
391	4770
376	4432
381	5769
0	3689
319	7841
426	6244
417	7049
367	5190
413	5412
366	5220
321	5960
902	6788
354	6351
262	5819
699	7105
346	7182
878	7006
453	5179
311	6571
321	5292
350	8052
304	5492
421	5858
0	5837
342	7332
363	5571
846	7378
377	9059
0	5077
997	5231
411	4729
368	7537
846	3963
436	6382
295	6630
0	4112
396	4473
0	5312
869	5787
351	3990
363	7391
443	8545
275	4389
350	6526
354	6713
375	6395
439	6229
366	5969
365	7216
282	5108
399	4233
351	4609
416	6436
356	7575
518	4857
849	6228
859	4626
358	2656
364	5362
366	7505
267	4823
889	5275
350	5927
319	3225
423	7383
330	5989
355	1888
849	6777
233	4967
355	7058
326	3470
425	6927
874	8098
338	4803
432	4191
350	6085
524	6680
668	7059
356	7538
918	8287
351	4942
350	6279
718	5481
523	4921
352	6220
427	5276
282	5182
74	8165
305	6249
357	3627
351	6140
351	7116
304	5306
347	5642
968	6521
375	5457
352	3695
850	6574
362	3320
478	5059
344	4986
353	4536
351	6377
874	4911
846	5895
903	4962
394	6127
324	3670
960	4063
846	6232
393	7273
846	5969
890	6932
376	6719
846	6859
351	6924
846	6632
350	6775
205	5000
117	5701
351	5058
612	4219
403	8049
379	7416
354	4551
354	5395
491	6758
846	5594
381	5245
351	6624
778	4468
346	7033
366	5373
925	5931
425	4261
424	7715
304	5882
306	7120
366	4435
354	2447
365	5108
390	4815
299	4113
836	5173
351	5700
875	6740
322	3841
350	4941
357	6601
702	6706
389	5465
453	5656
847	6177
342	5627
392	6247
282	6385
353	7504
350	7283
234	6122
959	6277
403	4954
374	7660
377	7042
484	3881
374	7494
498	5655
233	5842
875	8677
399	8127
357	4410
117	6198
351	3786
846	5303
350	8586
699	3561
939	1924
484	3922
339	4806
846	6211
796	4505
383	5009
356	6067
0	6914
0	2865
335	6216
0	5128
353	7242
408	8220
351	4619
310	6194
309	7643
681	7231
117	4933
858	5403
423	5046
851	4641
873	5657
386	8161
345	5970
315	5616
386	6478
859	7322
846	7704
334	5885
978	7433
117	5898
377	3161
352	7154
353	7908
399	3852
357	6657
304	7072
453	4087
536	7130
350	5577
371	4491
352	6647
350	5112
358	5517
353	7752
393	7052
379	5538
571	5316
350	4620
356	6116
357	8272
282	8470
1269	3386
367	4859
311	5290
859	5678
464	6511
352	3378
337	6818
753	7495
846	4614
409	8104
0	4953
358	6866
887	7706
365	4891
