7247	7905
9372	1028
4702	6944
9187	6867
9648	5574
4996	5930
5558	6716
5635	5403
6064	5037
4887	6314
6389	8587
3950	5995
6214	6298
7156	7445
6650	6756
6508	1661
5116	6459
7877	4756
4308	5668
6065	4707
8997	7035
9930	2817
6496	5645
7880	4719
5571	6265
6806	7573
9791	3298
7677	4936
6941	8111
7755	5543
5426	6765
4369	6582
8183	5029
2688	7602
6156	6649
5118	6793
5296	5663
6429	6199
6600	6655
4454	5282
6798	6288
4302	6471
9128	5423
4697	5992
5180	5418
5590	6522
7799	6586
8105	4487
4874	4991
4735	5068
4111	5293
6217	7114
9450	2461
7398	6646
6018	8235
4467	6091
8702	640
6100	6769
3868	6984
3678	6558
5416	5504
3304	7533
7118	6491
5516	7211
4704	4947
5604	6055
6459	5498
3817	5947
5633	6725
5245	7747
6577	7518
5375	7341
6294	6021
7781	5334
9445	3795
7397	8187
6136	6131
5880	8048
4639	6690
9370	1846
5198	6864
4954	6866
6925	6132
8889	465
4532	5710
5645	5555
4903	5899
7629	5621
5152	6180
6784	5127
5477	5986
6088	7157
4138	5435
4691	5634
5786	8117
4921	5140
8640	2560
5649	7214
5284	5834
8617	5022
5689	5731
3399	6020
5719	6322
4954	6937
9567	4290
5858	6303
4594	6451
4759	6124
4866	7281
5815	8119
6236	6288
5554	7963
4049	5594
5672	7722
4962	6248
5202	5316
7675	6681
6949	7007
5873	6338
5719	7658
7015	7004
7549	7546
5864	7464
3412	6563
5733	7384
4123	6197
7896	376
5403	5725
6124	7584
5472	6331
6225	7038
4262	7947
6662	7029
8027	1414
5690	1477
9737	5389
4252	7809
5158	5213
3934	6524
6349	7827
5679	6028
9714	944
4861	6297
4534	5664
5752	7630
3764	5780
5244	5855
5199	6043
7354	7371
4943	6457
5790	6262
6384	8551
5933	7339
5394	5960
8569	7781
5855	5890
4258	6665
5991	6980
3511	6258
5341	5433
3728	4514
7343	7360
9083	3610
4982	6406
5868	6208
4639	7152
6936	6283
6706	6199
7129	8130
6275	7377
7556	6066
8009	5480
5715	7921
5873	5219
2900	5679
6238	6653
4695	6795
5272	7137
5209	5993
8525	5248
6323	8410
5471	6291
6812	7548
4741	6238
6533	8349
5960	6540
4840	6485
6528	5882
6031	7529
4131	8116
7308	6302
8189	1996
6351	5666
4578	5900
7629	5620
6187	6066
5281	6450
5382	6764
4787	4907
3367	6070
6889	4986
6589	5991
7284	6553
9262	4334
8405	7932
5613	7532
4316	6145
5437	6287
6457	7623
9639	2443
3938	7987
5551	6024
3940	7621
3880	8665
5626	7692
6976	6275
9508	4844
4705	5767
5807	7904
6827	7056
6434	5833
5669	5631
4205	7454
6866	4836
3739	6676
7086	4400
6163	6464
7772	8667
9388	1937
8784	2207
5837	6388
5891	5000
5157	5272
6987	6078
6117	6239
6688	6567
6776	8543
5461	5528
5833	5294
7009	8182
9936	3943
5218	5336
5284	6440
5256	5678
8463	5354
7364	6423
6020	6534
5042	5611
7961	600
5125	5743
8467	3590
5292	6240
5312	7259
4039	7135
4725	5857
7339	5625
5277	6825
3691	8066
5779	6801
4049	5814
5516	7963
5522	5554
9247	2542
5416	5606
7729	5248
5663	5574
5275	6649
7006	5748
5971	5203
7462	3293
5299	5622
5486	5340
5424	6298
4897	6853
8394	7074
6209	7152
9381	1472
4638	6224
5487	7013
9997	3916
6095	6205
6807	6146
6220	6593
6926	6487
5839	8241
5392	5698
5956	6450
6010	6465
6179	6500
6134	6006
9559	4095
8776	1648
4625	5705
7107	3710
6428	6478
2785	6173
5816	6922
6866	7700
5410	6275
6341	6931
7175	7183
4897	6063
5283	5939
6526	7358
4612	6499
4767	6342
6128	8781
6978	1585
7790	1071
4792	6647
5647	5121
9811	3290
6833	5230
7477	6292
5044	6303
4979	6030
7307	4371
9273	4013
9883	4546
9504	6243
5408	6032
4571	8386
8805	4930
5233	6765
4025	5977
4419	6181
5564	7251
3534	5726
5813	6571
5420	5831
5040	6930
5598	6034
8576	5845
5818	6627
5832	6215
5057	6342
5169	6306
5993	6103
4990	6803
3621	6337
5208	6747
6806	5625
5110	6187
5100	5991
6591	5920
5723	5490
6981	5353
7930	5981
7072	7778
5618	5684
6664	5345
6299	5496
3803	6188
5593	6649
6061	7685
4285	5373
6477	6465
4672	6255
6150	6230
6553	5333
9750	2833
8049	1933
8283	1560
6660	6502
5541	6428
7050	6038
4696	8290
5732	6303
6816	6727
5231	7450
5709	6740
5665	6039
7211	4560
5161	6246
6881	6534
5137	8480
6847	4571
5572	6405
4178	6806
5364	6608
5985	6433
4218	6408
6106	6607
5140	6326
6754	8502
5427	5993
6922	7753
6367	6504
6346	8301
5411	8166
8084	8287
4228	6418
6045	5923
3707	5650
6147	6695
7678	629
4302	6937
5069	6597
8644	5551
6385	5192
6897	6586
5836	5652
3741	5963
6118	7765
6388	5882
5665	7757
6261	5661
4077	5923
6345	5700
7054	6109
6369	6489
6456	5791
6638	8026
4520	6328
8010	1485
5720	7225
5417	7336
9921	4823
5330	6583
7414	8572
5984	5863
8868	3567
6706	5944
5864	6317
4519	5858
4265	6925
4925	8127
5322	6168
4406	6182
6131	8342
5839	6289
4789	5398
6705	7812
4802	5534
4441	6844
4882	6408
5278	6814
6652	7782
5704	5670
7591	5088
5297	5795
5282	6624
9360	6309
6314	7856
8807	2003
7249	3539
4927	6600
6632	6582
5439	6282
6361	5991
5172	6018
5618	6935
5186	6126
6429	5556
3768	6653
6172	6628
4819	5489
5056	7064
5228	6181
3842	6619
6965	4430
4514	6614
3407	6606
9972	3995
4470	5723
9751	3125
6287	6634
4239	7151
4770	6611
5849	5675
5539	5605
4640	6679
5439	6861
5672	8027
6751	5057
8416	1601
6200	6252
5257	5435
4147	5789
7948	5637
7410	6193
6224	8421
3976	6855
9164	4960
5075	6117
4571	6126
5670	6527
8337	2012
6016	5400
8994	1038
6129	5863
6040	7019
5999	7540
7481	4467
9389	4697
6332	7542
6139	7195
4030	6004
5351	6767
7092	8503
8197	6545
6277	7625
5506	5853
8890	6168
6629	7472
5454	6368
6261	7963
6547	5148
4239	6048
5591	6571
5739	5652
5216	5927
6271	5861
9161	1789
5896	6563
5098	7559
5663	6461
9552	2796
5277	8410
6888	9027
7536	7018
7253	6529
9914	4859
8062	4949
4627	5017
4474	6665
6677	6631
5285	7034
5201	6843
6837	6087
6069	6345
4968	7551
6211	5224
5899	6710
4600	5786
8146	4244
7861	7271
5557	6078
5911	6724
4822	6447
5327	5621
6621	7822
8178	3996
7624	6219
5779	5534
4447	6131
5166	7892
9590	6697
5522	6314
6883	7631
5983	6551
6303	6428
5686	7824
4487	6539
9978	4293
5714	5976
6783	6000
4162	6860
5121	5551
4868	6949
5279	7265
4858	6227
5375	7072
5939	7262
7058	7067
7582	5380
4630	6723
6006	7661
5075	5803
4976	6525
9985	4794
6307	6994
5667	6322
2312	6026
4788	5031
6207	6616
5653	6119
5831	6843
4875	6880
7021	8068
4735	6232
6471	7507
8999	4858
8399	8484
7449	5365
5232	7066
6039	6583
6881	5028
6525	5647
5920	4114
5568	5869
6761	5775
3517	5637
5420	6108
7436	5951
6843	6542
7456	5952
7908	5546
9931	3168
5281	6534
4808	5498
6763	7085
5207	6356
5658	7245
4833	7010
3517	6208
5044	7278
7029	5930
5780	8866
7955	2938
4050	5606
6096	5212
5477	7195
7105	7981
5528	7086
4932	5202
5988	5608
7163	7509
7600	2717
5430	7886
7448	6091
5309	6115
8183	7418
9373	5656
4045	6836
5701	5987
5796	7252
9935	1478
4494	7148
9933	4866
4709	5263
5467	6430
7527	6279
6825	6735
5972	7513
8043	5691
6749	7057
8166	5916
6744	5387
6060	6600
5314	7451
6657	4496
7911	6280
4106	6326
5092	6928
6179	5941
3310	8168
5556	5907
6888	1609
7946	1030
9272	4255
7344	7761
4448	6077
4652	6844
8100	4790
7484	6549
5938	6469
5366	6128
4416	6116
6105	8131
4114	6700
6373	6102
4221	5562
2409	6367
6322	8243
4660	5804
4965	6461
5311	5951
6546	4906
5090	6781
5244	7763
5009	5729
5156	6016
5585	6586
5538	6507
5319	6685
6785	6662
5268	7134
5225	6710
4174	6054
5593	6560
9348	3492
5659	8976
4279	6729
4676	6576
8462	1572
5178	6347
4374	5717
4685	6022
5577	5763
5440	5647
5506	5545
7533	4590
6085	5152
4713	5922
6946	5182
7985	4203
5752	8234
7041	1786
4989	5486
2974	6300
6416	6204
7349	7199
5370	7359
5458	6030
5652	6343
6773	6150
6311	5511
6709	4203
3858	6352
6463	6668
4337	6483
5519	6962
5495	5720
4539	6122
7766	3903
6995	5635
7080	8867
7912	4669
5174	6716
6027	4888
6709	6931
9833	4496
5319	6776
5926	4567
8055	4973
4986	5788
5433	4810
7119	7528
6529	7884
5097	5216
5120	6702
7022	7718
4690	6157
5382	5999
3617	5236
8239	5011
4251	6038
7287	3938
6010	6248
5776	6967
4253	6379
4634	5876
4803	6096
5683	6532
6363	8640
6561	7785
5855	7154
5129	6532
7979	5479
7880	1801
5047	6727
4701	5997
4786	6661
6151	6755
5310	6223
8615	5372
9131	1802
8742	4146
5828	6662
7021	5357
4995	6110
4844	5603
6237	7283
6286	5398
5497	6103
4872	5784
6204	8013
4638	5876
5607	5905
3834	5191
4382	6854
6541	6046
5051	6597
6000	7735
5575	5558
6268	7287
4657	7380
9862	616
5900	5651
6675	5310
6227	5569
6488	6367
8028	4057
8754	2033
4446	6247
5344	6091
7492	5515
5857	6352
5319	7738
4462	6481
5868	5610
9089	5305
5106	7549
6170	6079
5332	7335
9417	4900
5754	5417
6258	5220
9327	5124
6753	5918
4887	5695
6853	4707
5654	5909
4377	7206
8625	4730
7863	6257
5471	6335
5615	6116
4691	7003
6226	6630
7424	4584
8503	5571
4880	6524
5226	8415
5597	6147
5727	6033
8390	4502
4838	6898
6155	6420
5038	5430
8709	899
4970	6371
5406	5956
5905	7159
5376	6931
7965	6312
5695	7072
4818	6079
4418	5479
7777	1171
7046	6079
7001	3562
5864	5862
5791	7298
4961	5710
3848	5471
6958	7318
5188	6425
7512	8495
6637	6732
4315	5582
7439	5160
5929	8087
5009	7080
4682	5327
9983	4699
5234	6592
6959	6242
5751	6332
4482	5372
4877	6911
5015	5764
4890	6004
6952	5750
5901	8361
5174	7324
5460	6584
7194	5275
5424	9999
6145	7510
5723	7669
6107	6776
5210	5429
6137	8467
5500	6537
4710	8443
6821	6480
5344	5334
6668	6564
7397	5174
9180	6237
6547	6846
5391	7465
8735	5156
6535	8174
8290	5669
9854	5366
4550	7384
6311	8293
5714	6671
5773	8210
3269	6362
6907	2566
8874	393
9196	5315
5070	6438
6246	6349
5431	6374
6014	6958
4283	6434
5769	6747
5403	6242
6963	6882
4120	7319
6398	6885
5175	5492
5304	6203
9632	1427
4459	5857
5578	6236
5820	6068
7932	4736
5302	5486
8457	5817
4693	5916
6966	7182
5612	6089
4632	7029
5139	6079
6166	6671
5041	6378
5774	7216
4053	6377
8765	5183
5695	8827
4872	5789
5439	6115
5754	5796
4979	7165
5961	7042
9533	1448
6616	6092
4216	6283
4405	6605
4796	6565
8152	7777
4553	6135
4471	7125
5698	6047
4215	7174
4341	6312
7346	5032
4859	6231
6118	6567
5916	5916
6430	6424
6147	7093
7234	1815
5137	7948
9068	2417
6575	7768
8126	5182
3907	6398
5944	8476
5176	7152
5758	6328
6609	4465
4484	7566
6025	7692
6034	6532
6147	6231
4864	5714
6558	7377
5051	5681
7634	5636
4052	7115
6329	7433
7215	7999
4712	5182
5937	7832
7094	5320
3101	6273
6547	6067
4744	6492
5940	5408
5611	5471
5145	6650
6332	5633
6629	6599
6571	7260
6183	6553
4578	6282
7646	6305
5708	6001
5145	6002
4990	6390
6546	4200
6216	8558
6659	6230
6350	8224
5987	5557
4586	7285
7937	8050
6795	6761
7501	4802
5189	6270
9439	5254
5681	8041
4129	6050
6495	5157
7115	5517
6723	7282
4453	7266
4992	5292
7097	8777
8642	1120
4921	6937
3947	6449
6354	7278
6367	5393
9425	1583
7260	6366
6120	6038
6068	7323
5472	6540
7226	6391
4637	5715
5186	6554
5992	6210
6088	7713
5878	5850
7073	3193
4186	6525
7829	6342
7425	6131
5746	7302
4667	7125
8712	7761
5710	5992
4816	6403
5249	6713
5408	7022
5777	6836
5158	6562
6775	1543
4511	5947
4523	7149
4316	8468
6251	6406
5847	8493
5887	6603
6980	4860
8989	853
4953	6403
5809	6531
4202	6135
5148	5579
9608	1908
5037	6117
9904	4885
7312	7615
4997	7072
6507	7773
6633	6621
8556	1955
4777	6606
5115	6512
6749	8155
3282	5533
3963	6056
5369	7203
9999	4682
5952	6133
9127	1910
9100	5192
4550	6972
7326	7073
6603	6308
7818	2188
5170	6736
3437	5405
5592	6124
5774	8799
4432	5995
5100	6094
6680	5605
5347	6736
5676	5787
5517	6536
6680	6686
9730	4666
6673	9003
4768	7752
6243	8065
5293	7545
5461	5365
7845	6259
4428	6658
4965	8061
6777	4539
5243	6355
6519	4658
7436	1523
9066	5531
5808	4178
6182	7114
3453	6933
5781	6169
6106	6920
4386	6910
6118	6453
6158	7799
9759	1939
6348	6502
6519	7597
5683	5695
5413	7048
7019	5389
4608	6364
7122	6434
6085	7194
5276	5308
5258	6135
8824	4456
5075	5885
5787	5679
6710	7904
4308	5893
6927	6674
4093	5482
7591	7697
7973	752
6722	4860
8063	3916
5058	6579
5502	8443
5690	5862
8659	2578
5067	6267
9899	1466
5344	6119
7699	7387
5485	6837
9819	4949
6923	5573
6532	6057
8647	5016
5220	6491
8005	5713
4990	7058
7771	4427
9689	2339
8881	4481
6220	7290
6323	6686
8982	5946
6141	5789
5212	6140
7618	2494
5568	6823
6456	6293
5124	6914
7140	5523
6510	8191
6113	7095
4659	6406
8133	5095
6913	8209
7716	6337
4944	6532
7377	7562
5073	6364
5249	6674
5149	7284
5204	6964
8124	4178
7079	5388
6538	6042
6755	4473
9209	1680
6359	7705
4761	6577
6099	5153
9254	2141
4845	5416
6840	7416
6176	6276
6996	7010
7213	3852
7924	4688
5567	7953
6829	7670
4313	5895
9303	3623
4245	6527
7278	7953
6113	8545
6316	5775
5257	6235
4424	5764
9293	4441
4101	6549
6650	6095
3265	5589
4797	5624
5764	6559
5544	5110
4452	7225
5563	5649
6415	7068
4012	6730
5189	6234
5943	5314
4885	5931
7173	8390
9142	5470
5495	5877
5237	7477
6578	6845
5185	7766
8504	5571
9846	4320
5491	6912
5294	5543
7721	5107
8356	7060
6066	6470
4661	6036
7294	5975
4051	7464
4901	5059
5491	7200
9747	6450
5806	5838
4595	6285
4591	5805
4785	6832
9835	2909
4590	6690
4465	6129
8743	5222
5285	8447
5688	8342
5906	5979
5635	6527
5077	5801
4915	6104
9994	1211
6824	6341
6551	6800
8256	4236
6258	7219
5321	6422
6132	6567
6455	7709
5610	7632
3490	5857
6176	6826
8405	1324
6902	4702
4949	6416
8881	1227
4586	5970
9460	6899
4670	6335
4904	6600
5080	6919
5893	6699
6258	7183
5538	6690
5069	6196
5661	6233
3074	5136
5038	6302
6516	5578
7949	5466
5123	6095
4777	5870
4889	5909
5463	6152
4222	7312
7578	6271
5924	6758
5669	6614
4625	5920
6295	7534
8490	1654
4909	7555
6022	7459
5112	5235
8026	4437
4367	5254
5599	6403
6277	6957
5562	7296
4865	5467
7712	6731
5110	7432
5220	5516
5300	7560
6664	7437
4711	6042
5132	7110
4832	5527
6426	5770
8215	4653
5900	6464
7268	7703
5694	5464
4053	6461
5996	6456
5178	7691
4777	5753
6005	6538
7959	3346
6550	8185
5402	6341
7116	7624
6201	7032
6746	5670
7591	4761
6156	7789
4466	6277
6499	5687
6521	7756
6994	6953
7629	7463
5413	7014
9539	5158
6351	7360
6488	5405
5970	6190
5956	4705
5232	6267
7276	4987
5516	8542
6170	6244
5904	6732
5600	5993
4800	5796
5099	8579
9591	2068
7312	6253
6447	6516
5224	5311
9760	2033
6958	7187
6424	5359
8064	1438
6022	7447
5602	6308
6393	6538
6441	5477
5339	8408
5279	5978
4385	5783
4943	6548
5061	6700
5971	7272
5854	7292
6753	6718
7872	2755
9789	4105
5229	7111
5531	7894
7614	2518
4509	5750
6704	6049
3490	6488
4471	6420
8633	1344
5450	6074
8089	865
8418	1871
6850	5324
5489	6574
8706	990
5333	6402
8513	1907
4640	5966
7146	6516
8823	946
5579	6870
5970	5819
4938	6541
5732	7019
6279	8406
9261	4494
3697	7386
7126	6282
3799	5767
7971	2810
9998	4028
7156	5015
5562	6115
6408	5298
5321	7226
6206	6895
5870	7921
4715	5323
7986	5380
4001	7082
5915	5347
9427	5229
6685	6435
8946	6535
5156	8337
5667	7948
5185	6260
4412	5581
5602	7792
5597	7348
8629	6261
5099	6119
6922	4973
3458	6855
9297	5805
5089	6716
3688	6371
5804	8044
4301	5847
6036	7794
4748	6813
4593	5586
3840	5593
4581	5141
4762	5620
7767	6571
6715	5219
5207	8299
5322	6441
5801	6579
5510	5524
6583	6276
5440	6572
8298	5219
8135	6749
7081	7589
7173	8093
9394	1312
6848	7894
5559	5511
4559	6209
6530	7567
7662	6859
3132	6947
6612	6923
6084	5757
6018	7096
5116	6064
9978	3358
4897	6186
4979	5961
8335	3988
7235	6551
7265	6896
5567	6947
5492	6082
6206	7426
4621	6477
5443	5953
5869	6102
5584	6384
3942	5444
6388	5529
7457	6538
5184	5410
7151	7194
9801	2458
8570	431
9365	214
3904	5705
5979	6161
5461	5900
5726	6630
6574	5674
4481	6459
4775	6168
6045	5564
4868	7915
8931	1446
6144	6954
5486	6994
4101	6282
5411	7450
6766	7628
7872	3854
9236	1601
7136	4965
5576	5249
5499	6972
4846	6350
5893	6506
4578	6560
5307	7379
5305	8825
5610	6689
4843	5782
6889	4300
8737	4847
4945	7820
5488	6969
5407	6148
7349	8019
5362	5482
7629	4196
6025	6987
7053	5295
6344	5706
5177	7625
6974	4535
5223	6186
5377	6087
6215	5292
4670	5499
4822	7008
6798	5892
5826	7499
4372	6799
5586	5983
6792	8952
6959	7728
9664	1414
9135	2382
9884	5275
3748	5770
4410	6098
4434	6772
6113	6763
5722	5798
4279	5706
7379	4929
6252	5495
6149	6500
7248	6246
5396	6101
5525	4915
4744	7142
5707	6591
5700	8118
5628	5957
6887	5806
4965	6422
7157	6320
5675	7633
7429	6806
4729	6537
9546	5699
7967	684
5450	7423
7221	5010
5647	5965
6597	6368
5854	7165
7409	7505
6120	6795
5758	6164
6626	5477
6863	8296
4476	6541
4926	6348
5240	6826
4805	6113
6298	6107
4942	5192
5769	7736
5508	5960
5243	5610
4595	7570
5302	7431
6091	7914
5289	6212
5308	6680
4595	6765
4673	5638
5648	5631
5944	7014
6614	6015
3796	6156
4564	5902
4462	6332
5434	8529
4368	6633
4098	6409
5687	8975
4819	5866
6712	6250
5299	5595
5185	6446
5843	6597
8573	1557
5028	6010
8307	3729
6989	5453
5761	6017
5484	7057
5682	6371
5031	5626
4758	6170
5260	6365
3359	5650
5370	6505
5240	6043
4697	7160
5470	6339
6068	7381
9543	4286
5504	5855
5486	6667
6585	5804
5184	6651
9401	4557
4605	6815
6067	6745
5425	6258
7918	7474
7056	4769
6622	5591
4840	7036
4973	5849
4630	6585
4390	6912
5359	6002
5845	6333
6070	6453
9974	5198
5419	7207
5707	5542
4283	6457
4861	6332
6300	7284
7973	6033
9551	1357
6187	4869
9697	4255
6224	6993
6681	6903
4420	5398
6133	6543
5390	7987
8423	5049
4745	6148
5733	6187
9014	1063
2430	5925
7290	4410
5522	8323
4692	8074
6197	4510
5547	6394
5562	7032
6700	4700
5199	5761
5050	6438
7254	8904
5766	6512
5514	6080
7015	4603
6837	8124
7983	5587
5668	5982
8673	7263
5034	5504
6733	7350
5385	5008
4376	7648
5336	6959
4492	7377
6815	5460
8533	3492
5105	8418
7333	6844
4988	5532
5564	7702
8979	4753
7395	7591
6760	5835
7364	6827
7303	7811
9481	959
6551	4789
8964	1373
5738	6788
5111	5895
6100	5171
8891	4712
7674	7183
5447	6581
6661	5918
4903	6844
6369	6921
6482	5407
4783	6387
3604	5427
7538	4853
7383	5052
5138	5996
5291	6752
6128	6048
5073	5694
6232	7521
7644	720
8729	359
4910	5166
7445	5737
9524	5392
6945	6623
7650	6229
5196	7248
5336	6754
9279	5212
6912	5757
5967	5952
5788	7129
5478	7167
7682	5454
6896	8041
7121	6466
5996	7473
6524	7410
4508	5734
7409	5426
4378	6606
6634	6322
4944	5417
5923	6573
4995	7223
8815	5621
7901	1278
5305	6434
5849	6891
4573	5905
8522	1501
5881	7693
6410	6241
9050	3944
4361	7627
9966	3551
6971	7602
9913	5503
6768	6974
4964	6474
8114	5540
6371	7006
5997	5581
8065	6703
9180	3871
6237	6842
3793	6117
8093	3940
6175	5251
4121	5504
5063	6205
6401	6906
7079	6333
7978	5368
9367	4236
9975	1467
8199	5288
6440	7493
9534	1240
5262	5479
6938	8222
7421	7417
5392	5109
7568	6426
4557	7589
5090	7347
9417	5812
6919	5169
4953	5587
5820	6693
4272	7022
4680	7237
7429	5927
5111	6157
4893	8076
5770	5647
4648	6482
4500	7896
8801	1833
5571	7180
8314	734
6057	5615
4875	6703
5431	7312
6084	6004
4062	6098
3974	5693
7276	6112
3849	5717
4681	5796
6238	6852
5066	8259
7042	5146
4112	7114
7125	7698
6274	5576
7016	7289
4446	6352
4760	5535
4152	6553
6787	8238
9891	1415
9114	2955
6263	6629
7110	6848
4064	7226
6126	6939
4745	6290
4848	7545
7514	4020
9687	4693
5189	6526
7150	6575
8287	291
6457	5874
6645	6248
4995	6255
6986	3208
5966	5790
5270	5713
8488	6062
5390	6024
5528	6106
7265	5025
4956	6164
6887	4448
7621	6038
8169	7383
5952	7413
4539	5502
5024	6173
9253	4226
4880	6081
4763	5741
8255	6357
6108	6554
4365	6042
4669	7401
4998	7377
4522	6447
5869	7286
7399	8904
5694	8191
4667	5586
5594	6096
5858	6208
8048	671
4385	5266
5433	7647
7372	7839
5687	6867
6452	5762
9039	1409
5631	6367
9030	4127
5084	5566
8255	3986
4497	6497
5600	5558
6164	5246
5783	7498
7267	6621
6441	1871
5434	7596
5794	5961
5712	8769
5468	6674
8169	5592
4305	5979
6218	6379
5898	6600
9087	1626
4052	6749
6012	7546
6514	6112
5628	5790
5291	5625
6834	5587
5357	8511
5936	6109
9526	3121
4836	6900
7297	5174
5167	7123
5992	6048
4775	6572
6028	7826
9371	1207
8967	2471
6444	8948
4782	6813
4806	7378
6317	7365
5603	8186
7086	1918
5862	6796
5083	6502
6768	7529
3948	5601
6891	4481
4974	5987
8970	6488
6610	7136
3785	6152
7089	8058
7658	5631
6852	8601
7250	5259
9479	1548
6044	7260
8206	5664
9655	1803
3919	6432
5211	5255
8604	2311
4255	6127
8995	4749
5051	6444
5179	6098
7338	8143
7409	6651
5842	5772
6636	847
5800	6629
5528	6182
9897	5145
5826	7549
5826	6143
8120	3956
5738	6528
4545	6084
5815	6006
6272	5673
9320	2598
6254	6101
7173	9047
5436	6431
7516	7392
7063	6514
5739	4819
9625	4879
5506	6314
6494	5813
4540	6424
7482	8293
4491	5622
4278	6167
6333	7534
5413	5769
5715	8779
4934	6197
5339	5892
9748	4128
4722	6163
5948	7094
5593	4968
5785	5317
6048	7163
4886	5611
9298	5646
5226	6305
4157	5763
7739	5664
5495	8497
5927	6842
6858	7841
5949	7609
6790	6238
7490	4222
8105	6148
6609	7235
3702	6528
8925	2707
5814	8499
9568	5066
3824	8178
6248	6472
4746	7679
5142	6055
5993	5765
4140	5810
7403	7516
5632	6862
6015	7471
5248	5678
7443	4930
6551	5266
4035	7923
8952	612
4792	6158
7838	5428
4321	7387
4140	6692
8378	5769
4490	6936
5094	6062
7078	6307
3965	6193
4458	6869
5296	6856
9999	6044
6683	7464
4891	6219
5767	6248
4764	6168
4544	7132
8581	2269
5589	7787
8394	6944
4609	5796
8405	4358
6886	2751
4050	8320
6124	5596
4761	5998
7942	8369
3492	5343
4268	8615
4588	6004
6518	6966
7874	5330
5838	6146
3656	6567
5773	8216
5741	6853
9737	5063
5379	7291
5857	4414
5328	7150
4720	6989
5657	6017
5259	5449
7828	7465
5029	5355
6866	5357
5220	6761
4731	6147
5746	5957
5241	6354
4828	5978
7204	6022
3784	6000
6125	5535
4088	6686
4933	6946
8182	4569
5346	5994
8226	2426
5959	7461
5535	7540
6894	908
6102	7100
6085	6622
7160	6227
7650	8760
4631	6016
4511	6669
6254	5616
6315	8032
5603	6739
7928	6846
8000	351
6053	7585
4614	6870
5969	7695
4538	7261
4038	5027
5162	5676
3175	7214
7435	5254
6542	6101
7129	6727
9388	5793
9945	6560
5329	5957
5294	7971
7363	1282
4768	8785
9240	5654
5665	6752
6260	6559
5074	7658
5743	6435
7367	4726
6301	5233
5062	6519
5839	6875
4461	5943
3745	6508
8167	1808
5322	5923
6512	6338
6006	5894
5500	5968
5381	5621
6053	6560
7590	5593
6705	7037
4460	6936
5490	6915
6492	7086
7364	7986
5067	7430
6594	7118
9133	8334
6486	7534
9429	4549
8368	2325
9137	322
4244	5233
5850	8552
7831	2670
6311	6674
6332	7753
6264	7956
4302	7891
6514	7265
5380	8688
5009	7243
5176	6442
4861	7020
6638	6379
6269	7732
5558	7453
3907	5694
6696	8079
5945	7016
5340	6425
6967	7876
4859	6576
4969	7489
4306	5816
6955	5475
8828	1641
5699	7930
5890	5722
6876	900
6093	6500
5140	7363
9597	6038
8960	5694
5327	5647
5628	6071
5419	6007
4539	7000
5347	5934
9155	6531
5614	6762
7330	6613
4556	5797
6610	8371
3627	6300
6814	6065
9115	5187
6701	1111
4987	5625
5452	6214
5504	7728
5003	5947
5622	7775
8031	4093
7696	7489
7683	6176
5058	7298
6381	6620
5353	7111
5115	6251
6358	5765
5430	5008
6002	7214
6565	6366
6048	7147
4623	6046
5055	5963
4869	6440
5741	6545
5669	6808
4019	7226
6435	6380
8593	1470
6456	6568
5917	6088
5893	3852
6034	6553
5446	7261
6556	6576
6357	5603
5516	6135
5966	6121
5454	5835
8098	2167
6515	5947
6860	6507
8300	7795
7576	6785
7912	5240
6320	8006
5655	5659
7241	6771
8430	2372
4979	5868
5031	5774
5371	6725
5529	5849
2917	6436
5861	6699
5665	6111
5039	6446
5249	6603
4459	6292
7020	4010
4957	6119
6174	5811
9840	4137
6340	6048
6162	5520
6534	5866
4720	5662
8826	1345
4138	5947
7912	1561
6585	7472
9308	5138
4839	7756
7346	7489
5859	6028
8690	1882
5192	7387
5522	7302
6587	7304
4189	6087
9046	2622
5021	6201
7565	5570
3403	6635
4913	6393
6032	6536
7950	3021
4240	7427
6922	6736
7351	7581
9019	6435
4703	8203
6393	4243
4774	6449
5406	7934
8779	4399
5807	6464
5925	6370
5186	6309
5299	8294
6757	6112
8498	866
6653	6188
6403	7139
5182	5876
6176	7985
4951	6779
6058	6124
6200	6651
6513	8774
8472	1289
5948	8113
4703	6430
5714	7404
5834	6947
6461	4862
5403	6546
5178	6729
4273	7140
6038	7809
4915	5487
4723	6600
5489	6642
7481	4133
7542	6679
5152	6150
4181	6088
4767	8672
7427	1585
8524	6157
6265	6054
6097	6195
5150	5915
6900	5747
5521	6945
9996	3388
6786	4853
7694	5917
6791	7050
6918	6340
5174	6087
7337	4722
9716	4666
4568	7107
5376	5589
5521	7842
5196	6183
4318	6335
9564	4189
5256	6753
4058	6015
4925	6002
8848	1035
7852	3911
9453	5046
5997	6832
5397	6707
5596	6060
5801	6388
5448	6330
6669	4870
6165	7595
6889	4074
5281	7355
6907	7507
5203	6738
6469	7179
5605	7812
4170	7930
5966	5893
4604	5834
5965	6048
7168	6018
5457	6174
6947	5667
3780	5615
6652	6791
4663	6482
5282	7695
5091	6555
8097	2283
6970	5045
5654	5561
5371	6407
4909	7349
5530	6835
6710	6825
5150	6160
6031	6761
5186	6670
8017	7190
5076	5787
5710	6424
9816	2721
8800	5535
5032	6635
6677	6940
4620	7265
6838	5723
7910	6059
5207	5889
5368	8101
5194	5753
7567	4638
4071	7121
6029	5598
5345	5736
5484	5472
6476	5162
5522	5592
4479	6207
5304	5692
5784	6355
5499	5592
5040	5468
5431	6648
8049	6679
6044	7265
7165	5982
7646	4508
6875	7364
7698	7587
9464	5372
4918	6128
4921	6386
5599	5491
7354	6726
7104	4460
5023	6476
4690	5601
7562	2356
6763	5510
5625	6970
3284	6424
7857	5303
6322	6711
6064	6934
3989	5739
8477	2540
4975	6008
5852	5948
9891	5240
6797	6900
6266	6652
6282	7039
6266	7531
3996	6463
7208	4968
7753	6676
5305	5423
5746	4344
5731	4378
8002	5913
8683	8081
4910	5539
4964	6625
5156	5814
8784	4235
5568	7572
4884	5757
7396	1221
2973	7028
7512	8138
7224	5663
5958	8336
5155	5757
6056	5862
6465	7402
5714	7861
8227	6683
4850	8461
4754	8227
6337	6490
6690	5990
4628	5724
9808	5197
8935	7058
3834	6113
6139	6473
9484	5392
6209	5991
7376	6399
4454	6581
7994	3827
6282	6208
5588	7399
5182	7495
7632	9659
3875	6201
7538	7460
4588	6050
7463	7944
5081	6167
6288	7328
9996	3982
6695	6351
6369	6281
7082	7200
5408	5664
8836	6640
7891	7929
4338	6631
5452	6188
9917	4303
5192	6076
8664	1546
7796	4518
4792	5429
5669	7292
5476	5094
6146	6225
6855	6002
5208	6184
9252	6268
5041	5741
5569	6742
5406	5938
5275	6764
8609	1046
5443	6641
9949	2047
5682	5540
3824	7431
4942	5554
3109	7677
8465	4894
7218	6217
9310	4365
2755	6327
3677	6339
6946	7406
3929	6442
7628	5194
7363	6091
6372	5149
4320	6035
9415	6702
5468	5457
7198	8384
7174	6129
4969	7061
8025	5578
5822	6148
6058	6482
4798	6574
7785	6620
8677	769
7769	4871
6616	7726
5284	6347
7120	4290
5565	6271
6721	7218
4840	5979
7670	893
8377	5579
4551	5715
4883	7500
5916	6562
5059	5442
4572	5240
7357	7107
4818	7558
4478	5737
5623	5205
5713	7262
4619	6370
4813	6336
6954	6277
9190	4711
9307	6330
5435	8726
5958	6235
6054	6354
7875	6940
6852	5698
5044	6043
6463	5934
2960	6563
8315	2003
7992	5201
6171	5593
7089	5759
6566	5345
4360	5692
4741	6996
6288	6653
5881	4222
5990	7034
4346	5577
5057	6489
8242	7052
5215	6122
4109	7042
8167	1800
5488	5906
5476	5527
8327	3506
5351	5538
5475	7714
4128	6340
7493	1419
6827	5661
3495	6303
6596	5123
5401	6214
4327	5998
5502	7200
5254	6121
5130	6283
8303	951
4431	7273
6644	6235
6560	6350
7249	7007
5897	6028
3952	6993
9420	4045
5461	7165
6738	7942
7718	6372
4122	5702
5207	6965
9060	5275
5579	5315
6295	7403
9904	3264
8885	1197
4362	6113
4555	6366
6824	6875
4935	6569
4764	6508
6199	6385
6606	6162
8557	2423
4769	5907
4370	6691
9128	1662
6560	6056
3422	8406
5776	6577
9819	901
4649	5162
5101	6672
5334	5798
8332	2650
6510	7836
4736	6475
6057	6080
3465	6565
5772	6371
4627	6175
9553	912
9501	3789
9876	3185
6606	7374
6103	6505
5330	5959
6027	6313
3815	6633
4164	6510
4674	7231
3804	6578
4677	5754
5244	5965
7946	4077
7579	6146
5387	6796
6226	6945
6277	5825
4430	6184
5756	6157
5105	6379
3893	8435
5873	7219
6181	7717
7205	8054
7498	5928
7234	7787
7263	6629
3946	6188
6507	5757
5310	5723
8112	1138
6294	6622
5296	6460
5377	6724
6959	6094
6867	6645
6707	7632
5663	6192
4834	6864
6572	7033
5820	6728
6463	7933
8502	2485
7548	1122
5296	6486
5908	5578
8351	5633
4290	5481
5806	5786
6975	6631
9712	5567
7134	5720
5572	5588
7802	7978
8036	7592
9901	8505
7235	7371
9694	5586
6145	7231
6197	7043
5911	8226
5589	8797
6517	6635
5335	6654
5173	6974
6256	6735
3856	5860
5978	6713
7506	4617
5173	5806
4509	6793
5567	6676
4806	7399
9991	2814
5182	7031
4728	7593
6394	6247
7760	7940
6299	5882
7026	6694
5568	5391
6310	8474
5226	5276
5334	6137
6982	4550
9986	3903
5796	6126
6859	5298
4070	6454
4183	6005
6910	7487
6428	5283
3879	6427
3904	6011
8705	1449
4687	5685
4711	6224
5219	5099
6439	6420
6599	5089
7688	4744
5544	6473
6919	7801
5363	6307
7000	4457
7234	4851
4281	6546
5180	6206
8612	638
4635	5972
7717	6963
8390	1521
5637	5988
4803	6352
5005	6861
5244	6321
7285	5484
6083	8047
7301	4806
6266	7210
8336	7435
5251	8279
7134	4641
5233	6305
5104	6258
5358	6629
6381	7614
9084	5698
6368	6378
5143	5361
3775	7461
7124	6060
6411	5971
8184	4997
4841	6263
4576	6506
4948	6387
7817	4544
4045	6260
9430	5604
5804	7726
4025	6714
6792	6638
7645	5785
6053	6027
4768	6666
6429	5008
5470	6073
8160	6910
6816	6660
4322	6362
6383	8015
5277	6245
5155	5614
6200	6219
6055	6684
4604	5675
7606	5514
9939	4211
6697	7159
5322	6370
9161	2055
9695	2673
8080	5016
5381	6426
4938	6575
4114	6089
5412	6766
5832	6395
7425	5144
5682	6733
6556	8017
6405	7459
6444	8284
5200	5647
8110	1741
5723	5346
4653	7712
7680	6048
7539	5050
8721	3581
5379	6889
5554	7648
6896	6416
4625	5953
5434	6510
5281	5941
8997	4033
4357	6293
4622	6114
5174	7016
7062	1564
4538	5769
5854	5719
9318	2853
9161	1305
5667	7181
4807	6090
4799	6317
4901	5703
3927	5032
7156	5115
6204	6280
7878	4994
5764	5442
6029	6144
6288	5253
4552	5942
7236	4763
7860	6825
5018	5903
4266	5585
5174	6129
6035	6122
5125	6149
7000	7266
6193	5996
4918	5591
7918	4676
5300	5806
5262	4904
6788	6543
8791	5611
5360	6511
6967	6453
5701	5993
4977	6683
7801	8237
4993	7935
7132	8389
5471	7029
9905	3724
5895	6306
8453	6462
9855	5527
4691	5824
5635	6225
6221	5264
8643	6018
5408	6379
5685	5728
5338	6392
9260	1127
6786	5835
5963	7368
6334	5471
9302	4236
6957	7489
6311	6943
6505	5876
6103	6146
4497	5864
5346	6179
5259	6980
6263	7586
5942	7134
6023	6520
6067	5314
8112	1773
9412	4784
4904	7039
4504	6339
6510	7818
9739	4840
5197	7476
3867	5127
4892	6669
4902	6884
6274	6309
6030	6812
8864	729
9209	5862
6837	5497
5642	6742
5336	7350
5433	6184
4580	6078
4590	6303
4384	5892
9756	1090
5510	5572
5917	6744
5413	6949
3622	6870
5759	7528
5268	5827
5204	6315
4444	6193
6484	8741
6954	5656
8167	5139
6776	8328
6513	7421
9296	6305
5538	6801
6131	7071
5323	6103
6283	6439
6069	6025
6240	6696
9722	6700
6881	6432
4637	8539
4095	6486
6648	8103
5430	6243
6303	6511
7281	6626
5048	7392
7798	5134
5664	6552
8244	4360
6751	6334
6637	6505
6934	4952
6370	6051
4972	6362
6122	8042
5475	7315
7262	7557
6888	6426
7010	7156
6969	6230
6153	5074
8313	3493
7932	5980
6477	6880
5869	5818
5992	5681
7692	6889
5700	8062
5668	6027
6536	6549
7568	8004
4821	6904
6262	6582
6170	6331
5730	5966
5306	7321
6095	5741
3626	5909
5120	6527
7187	6987
9093	1918
9425	2317
5286	7689
4916	6975
4469	5686
5025	6460
4548	5642
7047	5473
7835	5486
4393	7289
5019	6213
5082	5090
6945	5654
4628	8053
8326	6260
4808	6466
8262	4654
7003	8585
5136	5915
3882	6168
4943	9346
7134	7816
5240	7425
8316	1078
5977	5728
5108	6234
8025	4491
6011	6426
6451	2106
6305	8586
5648	6743
6953	6756
5523	6351
5614	5793
5350	7907
5753	6786
6291	6076
7575	5055
6055	7167
5783	5690
3719	6699
5945	6296
8251	6294
9612	5096
5074	6892
5363	6555
5462	6621
4601	6021
4477	5976
7034	6649
7442	1825
9668	4407
5372	6135
8564	1767
5825	7585
5194	6902
5755	4920
4845	5428
3809	5869
6489	7974
3479	6356
7938	4861
8027	811
6890	7514
6484	5780
4479	7568
6910	5040
8993	1622
6821	6419
6231	5778
4607	7559
7297	5361
5231	6386
5869	8522
5336	6046
5748	5644
5201	8365
6408	5791
5678	6644
6789	5218
6121	2587
5447	6130
7531	5163
6706	5454
6294	8150
4897	5796
4742	8807
7101	5513
5227	6042
5311	6553
5465	7863
7933	5683
6542	6285
6032	5544
7436	5059
6881	7355
6124	6354
9168	2310
4712	5760
5679	6525
5258	7859
4123	7599
8122	3744
4221	6562
8173	7454
8917	4862
5387	5959
6742	7902
8715	4837
6023	6434
5123	6237
7243	4386
4538	5767
8302	1681
8001	7345
5883	6479
5838	8157
6191	7555
6799	4067
6715	5163
5168	6862
4818	6049
5212	7217
7639	7337
9676	892
5393	5204
4661	6361
5042	5994
6173	6185
3866	6854
7377	7421
5808	6463
6454	7667
8917	7732
5752	7364
5963	6640
9012	1482
5218	6258
6258	6249
7587	5845
6777	6430
4384	5883
5223	6366
5288	6262
5442	6959
5101	6426
7592	5459
5787	6417
6066	8026
5086	6282
5297	6225
5422	6474
5544	6531
5231	8397
5419	6196
4820	6381
6355	7869
7503	8686
4401	7782
7950	5821
9556	4703
2503	5912
3668	6132
4483	6948
7875	5309
4479	6993
7985	7493
7525	5552
9139	5218
7979	5131
5187	7469
2039	6902
6000	6532
5280	6822
8162	1255
8099	4884
9828	3985
6087	8424
8802	6456
7066	6602
5206	6575
8050	5972
6731	4909
6013	5997
6242	5965
6068	6204
4127	6655
6533	6573
8675	6086
8152	5158
6129	6499
4581	7191
7301	4940
6070	6080
5126	5921
8944	4664
5524	7785
6781	6345
5080	5227
4909	6561
5743	5891
4875	6652
3697	5867
4620	6289
6515	6342
4414	5570
5160	6553
5408	5364
4582	6393
6351	7443
3782	6990
8834	4830
9975	5736
6680	5550
6730	5687
8518	1335
4738	6291
6149	7705
4093	6744
4263	6132
9176	4826
7555	3068
5932	6064
5388	5307
6114	7255
8074	5042
5445	6842
9509	256
8901	1621
5184	7290
4057	6231
4758	5886
3311	5620
5456	6234
8871	5172
4171	6663
8485	3270
7701	5300
9879	3072
6181	4979
4935	5987
5647	6571
8062	2451
5940	6477
5259	8416
4960	5546
5979	6828
4515	6274
5705	4566
7304	4969
3856	6425
7541	5289
4335	6326
4741	6646
4836	6603
4837	6263
8352	1453
6580	7916
5898	6504
5338	7109
5596	5063
6280	5601
5159	5213
9613	4251
5850	6111
6298	6855
5801	6166
6296	5290
6491	6467
6049	6944
6104	6737
5490	4934
5552	6777
6764	7371
4668	6262
6709	5212
5151	6336
9383	5875
3859	5919
9951	3598
5312	6973
6273	4684
4807	7091
5923	7881
6178	7033
8288	1843
4516	8584
9677	3296
5753	5401
4312	5795
6432	7119
5520	5855
4673	6170
6131	7352
5361	6020
5613	6171
6710	5635
5510	6413
5419	6058
8748	5526
9419	3675
6012	6114
9478	5060
6123	7594
5056	6028
5085	5954
7182	6467
5571	6369
5252	5164
8826	5723
4324	6497
7261	6834
4235	5662
8386	5126
9090	4848
5775	7031
5521	6974
7894	9175
5923	5780
9895	1677
9915	1984
7831	5532
7909	7270
4425	6261
5951	5025
7116	5689
4376	7433
9541	2705
5889	6347
1713	6687
6099	5463
7676	5724
5325	7764
6072	7926
4403	6675
4993	7535
6173	6474
4786	6335
9292	0
7745	5184
5916	6306
5333	7009
5168	7153
6152	6949
3916	6584
4877	8104
4929	5836
4924	5657
7762	4803
5233	6427
3726	5595
5669	6381
8524	2048
5373	7114
6406	6406
6134	6870
5439	5911
8547	5442
7584	6147
5310	6034
8360	3167
4391	5992
4359	5923
3294	5516
5259	5514
9994	2327
4728	7588
6236	6129
6477	7059
5522	7918
5834	6761
5569	6311
5836	6228
6458	6627
7337	5714
6938	6283
4427	5376
7479	5869
5422	5627
5657	6929
3788	5503
6222	6906
6687	7779
6890	6927
5551	6001
3916	5848
5867	6151
5080	5924
6054	6497
5487	6656
6892	8221
5485	6621
3214	6057
4849	6238
4856	7187
4563	6432
6405	7569
9987	5518
5539	7581
9146	5490
4538	6862
7044	8793
5096	7180
6410	3666
5666	6864
4073	6482
9324	2087
4344	5662
5276	5158
5450	7059
7317	5773
6240	6276
8774	3613
8591	4122
4703	5536
4570	7041
4796	6487
5490	7157
9524	2277
6156	6349
5393	6377
6184	5120
6117	6253
5648	6518
6124	5861
4939	6421
4159	5661
5080	6746
6550	5486
5623	6033
5968	5417
5419	5722
5301	7110
5080	7064
6178	6780
4912	6163
4425	6492
4573	6032
8093	7259
5935	6275
7386	4404
4173	6684
4575	6701
6425	8228
7457	5613
6249	7832
6003	7595
8141	4389
4420	6618
5642	7906
5609	7933
8369	1384
4749	6173
5869	6354
9975	3991
5237	6665
6843	6163
7492	5311
6239	7488
4279	6364
4307	6183
6239	6969
5546	6018
7332	4759
5409	7002
5973	5626
5752	7191
5927	7072
5467	5385
5243	5769
7559	7266
8107	8488
5693	6413
5311	6167
6413	6156
6471	5628
5156	6838
5650	6671
4323	6714
4850	6770
5512	6523
6497	6766
5939	6280
3788	6772
8459	4628
4946	6591
4431	6101
7952	7579
7282	5026
4606	6730
5945	5275
6925	5589
6029	5967
5297	4938
6189	8122
7524	7253
6795	7675
6876	4425
7029	7636
6209	6518
6059	5347
7252	6856
4680	5951
6513	5364
4584	6149
4165	5879
5326	5753
7079	6920
5458	3251
4744	6850
3823	6672
5527	7144
5078	5531
6719	7613
4179	5539
9342	4752
8370	1056
5677	5509
8436	5768
4326	5866
9276	1712
8176	5903
4553	6928
7228	7952
6878	5845
5074	6087
5070	7854
5145	5725
5188	6448
4848	7150
7380	6546
7377	5005
6287	6831
5170	6168
6240	5168
5630	6791
5185	6416
6288	6338
5937	7290
3200	7958
7924	4552
4932	7995
5413	8133
5861	6035
7073	5847
4895	6792
5276	5980
5928	6164
6462	6326
4465	6895
4554	583
7359	5532
8691	4305
5628	6178
7356	5138
6813	7072
6419	5036
5664	6393
5835	6157
4502	5469
6008	6525
6037	6621
8590	5663
8477	705
5973	7384
5592	6037
7249	1154
5076	7592
6115	7936
9341	7478
4100	6294
4903	5924
4199	5430
4986	7860
6298	7379
7111	4678
8007	6383
4520	6740
7593	6355
4708	6101
4557	7163
9262	3930
4595	6755
7287	6661
6155	5648
8527	5250
7273	6317
6971	6918
5365	7103
4157	6998
7042	6068
5045	8507
4523	6755
5354	7699
3736	6393
6299	7881
4696	5848
5367	8219
4971	6741
5756	5628
4424	5901
5707	5751
5398	7343
7322	5002
5306	6419
4769	6144
9771	1645
4262	6436
6873	5287
5579	5812
6152	7919
3976	6774
5373	6386
5343	5187
5437	8294
5547	8540
6524	7341
5276	5950
5704	7338
5681	8017
7119	7238
8197	5142
4533	6263
8314	3761
4744	7208
5236	5397
7314	5246
3980	6358
4762	6352
5208	5309
6036	6097
5536	6612
6431	5509
3558	6421
5071	5089
6685	7956
8031	4168
9315	368
9837	5252
5229	5739
6621	6664
3886	6012
5152	6712
7971	6703
8551	816
4626	7717
9069	2581
4789	5164
4582	6047
5163	4967
6119	6849
5972	7326
4806	5433
4590	6385
5725	5852
5514	6327
8606	2819
6807	8302
2149	5011
4935	6582
4984	7808
3856	5919
4616	6274
4165	5792
6606	5204
7119	6063
4907	6911
4932	6565
5459	5875
3423	6383
5816	6623
5280	6960
6872	5284
4775	6165
5304	4983
5115	5922
8982	4370
7151	6007
4401	6068
5507	5809
4842	5813
7472	5113
6224	7256
4166	5244
3709	5775
5079	6632
9932	1698
5336	6255
7496	6656
6193	6150
3782	6186
4780	7068
5549	6144
7353	7406
6463	5736
4591	6364
5765	5837
5119	7912
5892	6580
5367	6160
4891	5295
5889	6924
6689	8120
6671	5467
4380	6128
5757	6791
4752	5539
5634	7121
5443	6085
8254	8172
6213	7838
3492	7021
5191	6327
8020	6923
9073	4240
8705	3153
7141	5720
5023	6212
6372	6020
5243	6445
5167	6575
6729	7622
5155	5405
5608	6463
5002	6285
4899	5045
6718	5930
4614	6118
4227	6771
4689	6573
4800	5697
9174	2026
4771	5849
7704	3572
0	5542
6093	6192
4680	6737
4415	6119
5363	6156
7488	5742
7395	7420
7884	5882
5870	6056
5133	6214
5412	5970
5571	6010
5479	6174
9967	4363
4704	6945
6172	6070
7148	7283
8783	2116
4046	8189
5455	7458
5459	7725
4019	6956
9156	5510
9264	2006
6710	5909
5128	6626
8300	8887
6436	5809
9739	4534
4747	5914
6832	5578
8523	2118
5417	6197
5833	6584
3474	5138
6507	4299
6100	5344
5954	5408
6920	7572
6684	5693
5027	6071
4843	6126
5031	5573
5729	8056
5796	6747
4432	6602
5760	7386
5393	8165
6812	6681
4301	7431
6698	7285
6877	5915
4257	6636
8442	2503
7368	972
5255	6570
4820	5786
7703	5357
6636	6845
9658	1093
6593	2989
4679	6505
5193	6713
8005	6899
6098	5419
7373	7697
6583	5654
5687	4398
5610	5915
4765	6543
6120	6129
5442	6422
5514	6797
7342	1843
5793	6672
6469	5703
5845	5358
9383	669
4635	5937
9534	6658
5517	6173
4263	7730
4836	6442
7594	5458
4868	8142
4656	7536
3651	6897
5138	7209
4953	7138
4955	5700
4526	5905
7312	6519
4148	7218
8285	4531
5233	5119
6813	7477
8609	708
6270	6359
4430	6739
5358	6308
4964	6958
6124	6478
9910	5377
5099	7306
7207	5849
8500	3043
4077	5769
8983	5800
5186	5542
5026	5831
6065	6318
5852	8349
8555	322
6842	6955
3566	6177
8416	5422
6808	5523
6326	6102
5201	6207
5739	6415
6130	6384
7300	8002
5909	5714
9029	1771
8776	5646
6433	5935
3336	6339
5501	5513
6277	7080
7219	5520
6426	5551
5204	6322
5738	5664
5551	6271
4545	5714
7156	4729
7827	5160
6002	8044
5161	7639
3950	6060
7908	5823
5109	6037
4777	5449
5478	7942
5516	6183
7144	5602
3848	6096
6362	7076
6108	6646
6156	5955
5061	5543
3761	6203
4488	6427
9895	3092
6443	5368
6117	6130
5087	8808
5189	6052
7510	6151
7077	7117
6098	6946
5565	5452
6023	6104
6651	5767
5408	6558
6272	6610
7956	7444
7149	5637
5860	4841
5996	6553
6895	5690
5230	6233
7760	7311
4544	6289
4495	5691
6838	5742
5520	5675
8171	4585
5270	6411
5081	8506
8331	7453
5343	6352
5494	6014
5525	6589
5500	6130
9184	3534
5412	7756
7065	6647
6826	6734
5725	5597
6770	7346
4756	6519
5388	5946
5199	6702
5138	8124
5278	6877
6145	5730
8358	1433
6243	8323
9394	1562
5486	5380
5765	6731
4976	7199
5878	5521
5557	7082
5831	6343
4964	6908
9691	1892
5295	6249
5717	6945
4851	5860
7846	4707
9640	966
5804	6010
3666	6173
5827	8071
5861	7452
8906	3943
8921	1371
5739	6164
7510	1204
7277	2109
5111	6424
5850	5281
5557	6537
9906	1669
7684	5743
5763	5869
5858	5543
5566	6479
5266	7673
4820	5879
5364	6269
4882	7667
4768	6889
5662	6115
4975	5315
5592	8321
4798	5621
5324	6613
5299	5380
5540	6892
5466	6650
7270	7794
5535	7471
8293	2722
6043	5379
5241	6408
4809	6264
4137	5942
6667	6511
6125	5762
5063	8032
4872	8724
5672	6960
4333	6452
6647	5638
7010	4816
7071	6778
4811	6174
8277	5055
4426	5985
5602	6587
8175	5255
1965	6172
6495	7571
8168	6338
5998	7056
3611	5527
5339	5813
6775	5909
9863	5497
6245	4669
4249	5581
4021	7159
5354	6124
5370	6474
5495	8297
6187	6720
5311	5085
7484	4421
8547	1667
6182	7813
6741	8035
6447	8388
6408	6826
5345	7201
6935	6974
4760	6081
4735	5484
5318	6869
7604	5054
3012	5719
9108	5796
5873	8175
5079	8721
5752	7390
5143	6348
7576	5660
5271	5560
4334	5168
9692	6202
4770	7721
6860	6459
4981	7155
9313	4573
9980	5640
5157	6071
9999	1323
5836	6593
5103	7331
5117	5578
7995	6606
9891	4249
5699	5576
4073	6453
5705	7553
5915	7313
6898	4472
6423	6200
7714	5903
9288	4561
4297	4943
4537	6573
7288	8001
5935	4938
6773	7377
5467	5607
5621	5879
5497	6572
5732	6052
6011	8615
8708	4979
6516	5353
6928	6051
5903	6485
6502	7658
7176	6336
6001	6246
6191	7240
6315	5419
5288	7422
5521	6848
5040	5632
5922	6234
6227	6402
4036	5853
7294	7670
5555	6872
5631	6781
5683	5785
5881	6413
8032	3239
6827	7154
5892	5970
5773	5397
6205	6387
5384	7519
7186	4884
5955	5579
5832	6635
5426	7359
4047	7081
6760	5225
7361	6763
2708	7077
4516	6754
3914	6480
5569	6123
4847	6152
4057	5986
6892	1676
5580	6939
4703	6812
4531	5790
4361	5961
8543	1984
8524	5596
9908	4859
5394	7224
6623	6029
6243	6933
4183	6237
4551	6074
9348	5077
6471	6339
8125	6231
4863	7380
7185	6042
5939	6329
4490	6821
5396	5804
4282	6921
6141	5652
7255	1065
4776	6617
9998	4647
4381	5727
5669	7877
7322	8609
5436	7532
5408	6786
3558	7073
5662	6495
7895	5234
3949	6946
7472	7503
7530	7322
6840	7149
6002	6167
4800	6748
7179	7782
6083	5477
6420	7117
4456	5657
8470	1262
5753	5795
4143	6445
4951	5654
8617	5253
6218	5346
7120	4432
9537	4785
5458	6105
4382	5549
6293	8461
5184	5835
4161	6440
6336	5617
4503	6334
3949	5543
6997	6496
7238	5284
6975	7492
5902	6236
6656	6185
4759	6614
6902	8111
9327	4919
5316	5492
6809	8141
6363	6588
4835	6620
7157	6888
7785	7219
5148	7088
5488	6413
4313	6615
4747	6136
6850	4205
5485	7335
6686	6637
5269	5962
6181	5908
4836	6869
5030	5925
8348	2185
5836	7138
6828	2246
7752	7773
5043	7445
6943	8087
7316	4650
6719	5477
7865	6664
3978	5727
7497	5337
6158	6491
6449	5624
4522	5543
5395	6019
6396	8321
8195	5826
4048	6569
5434	6042
5472	6477
4700	6067
4269	6265
7255	5781
7932	7529
6748	6692
8814	2347
6759	7560
8717	2041
5988	7356
5248	8361
9424	4490
5412	8014
6384	5825
5962	6250
4839	7801
5049	6451
2740	6278
8715	2812
9773	1484
5545	7415
5679	6149
4051	6524
7522	7492
5834	7024
4982	9220
8594	2024
7603	5744
6568	7795
7610	4292
4359	6440
5056	6570
5623	7866
4796	6561
8384	5138
5663	5602
5137	7939
4876	6812
8828	6340
3695	6862
6076	6178
8077	4082
5452	6363
4505	7699
5822	6040
6114	7128
5396	6812
4707	6574
6477	7740
5035	6534
5027	6718
6398	6648
9089	1446
4954	6552
5112	7307
5719	6391
5011	7283
7249	7412
9287	2446
3899	6575
9068	4580
5461	5633
5024	7509
6479	5681
6780	5025
7010	3551
7813	5009
9545	5046
6769	5311
6036	4595
5441	5758
5615	6889
6731	5488
6025	7396
4313	6944
7993	5578
4723	6770
7173	2352
4812	6472
5984	8425
5523	7521
5365	6003
5406	8471
6052	6247
5314	5167
8656	4773
5933	5763
4345	6971
5166	6764
5238	6331
6952	6453
4854	6307
6186	6018
4496	6678
7891	7257
3321	5579
5609	7347
6212	6190
5261	5982
5576	7103
5775	5560
5522	6218
4506	7097
5176	6646
6214	6515
4634	5732
9882	1691
4199	6263
9681	4798
5211	5940
5607	6507
6741	8514
6777	5931
4611	6004
3892	5640
6399	7377
5551	6781
5504	7678
8781	4867
5766	6186
4764	5799
5465	6560
3872	7171
4829	6281
5308	6162
4219	6232
6226	5723
4852	5734
4440	5600
7239	6030
5880	6142
4515	6560
5772	5658
6190	7400
8424	5379
5357	5899
5323	5604
3770	6010
5108	6588
4618	6356
4698	5756
6176	5389
5364	8843
5217	6287
5818	6413
6762	7713
5563	5745
5515	5682
4870	6602
5512	7208
6783	6820
5226	6259
5958	4572
4786	6271
7467	4264
6179	6616
5227	6119
4904	6166
7039	1980
4754	6612
6919	6446
7468	1734
6106	5179
5389	6045
6785	6827
6912	5134
7403	5031
9851	4021
9543	3493
5634	5465
3814	6458
7286	7544
3410	8222
6475	5580
5222	6888
4998	5200
4468	5701
6877	7427
5262	5639
5565	7396
7750	2241
5953	7129
5226	6069
4856	7146
5017	5388
6388	8192
4137	5548
7928	1570
6677	6788
7614	5642
6105	5017
6527	6390
6305	8515
7263	6288
5785	6527
6864	6781
5102	6165
5172	6555
4870	6204
8852	915
5536	6306
4864	5097
4841	6546
4535	7027
6994	4597
5519	7718
6964	6231
5852	6854
7813	5647
6076	7103
5481	8295
5899	5060
4753	7321
8973	2077
8998	1126
6144	6122
5135	6548
6676	6009
8527	6465
5226	6283
7124	3711
6710	8466
5098	5650
9451	4565
3358	7286
5781	6374
3700	6553
7246	6301
6327	8336
4415	6188
5713	7693
5444	7334
5470	6563
4731	5732
5738	5546
4904	7186
9692	4767
6000	6907
5680	5730
6589	5810
7976	4443
6109	7252
4980	7536
5505	5679
6187	6350
5869	5535
6676	7728
5369	6371
8776	1816
6069	6891
7091	7135
5884	5328
3964	6228
5959	7909
6566	4749
8591	4786
6557	6737
5649	6330
7640	1862
6077	6487
9101	2156
4082	6072
9999	4543
7458	2008
5267	6598
4560	6745
4307	6424
5371	6393
9990	995
4580	6206
6916	7368
6616	7749
9324	3752
4972	8574
7994	5398
5644	7475
5903	6983
5821	6876
4670	5983
6989	7370
4557	6506
7309	7109
7836	7026
4409	6333
9572	4495
4140	6268
8614	1452
4102	7403
5463	6435
7319	5691
4779	6286
4578	5758
5820	8309
5826	5583
3872	6619
7760	4654
6219	2064
7462	4553
5375	6408
7800	2301
8002	7808
5906	8637
5863	6313
6788	6874
4934	6589
7019	8686
5116	7957
5073	5907
5763	6180
8066	3531
7127	5099
4868	5546
8031	998
6926	5963
5109	5789
6098	6671
7676	7657
9848	1444
7625	6960
7344	7320
4923	6089
4985	5881
4844	5876
5779	8156
7973	998
5544	6314
4716	6645
4080	5959
5852	7660
5241	5359
8590	5340
7111	8568
7031	6271
8857	919
6993	6346
4591	6249
5282	5795
5622	5227
6463	6864
5925	7860
7084	5293
5436	7247
5022	7449
4779	6854
5539	8042
7244	6213
4133	5933
8083	5257
6708	7039
8556	4563
2723	6115
5509	6154
5469	7074
6331	6469
8340	2488
4904	7860
6034	4765
5757	5894
6213	6410
5313	6722
5251	5999
8577	3771
5735	6775
6383	7947
4941	6477
4214	5446
9750	3167
4277	7013
6063	7063
6406	6060
5617	6033
5479	5838
6064	7361
5313	5590
4024	6237
8547	4710
5816	5382
9655	4221
4449	6291
5277	6596
5232	6989
5648	8159
5426	5424
6502	8395
4413	6151
5294	5300
5269	5041
6210	6143
7379	5935
4940	7603
8944	1651
4088	5813
5142	5564
5563	5896
9193	3613
5188	6291
8650	4179
6405	6147
6601	5443
7561	7667
5212	8818
6386	4777
4061	5591
5336	5738
6169	6239
6863	6717
9325	3020
8369	7648
4524	7066
6315	6605
5143	6743
5997	7735
5817	4642
7198	7508
7728	6884
4823	6822
9525	5698
4790	6829
6201	5939
8207	5866
9351	2483
3921	7264
9226	5050
4522	6470
5936	5702
8363	5254
4853	6232
5635	6054
7263	1456
5735	7361
6001	7261
5846	8019
7933	4874
6090	6699
5721	6273
4357	6331
6365	7883
9602	5514
5342	6078
5339	6443
6143	6271
4208	7328
4523	7218
3809	5751
9343	5276
7258	5976
5340	5961
7011	6332
3960	5643
6042	6326
5432	6958
6857	5834
6389	5578
5230	5820
5005	5468
6618	7973
8511	4299
5799	6203
5187	8149
5746	8378
7551	1560
5258	5958
5004	5848
5994	6644
6123	2496
4584	6488
5051	5258
9364	1985
4468	6288
5983	6353
5906	6059
4785	6044
6633	5013
7009	5886
6575	7793
2593	6099
4341	6563
5583	6944
7365	6059
5169	6195
4923	6163
5737	6147
4661	6078
3715	5917
7284	7463
6167	6147
6129	7997
9485	5114
6486	7311
5233	7567
5178	5898
4281	6836
6873	7414
4451	6096
7699	7705
5345	6963
4583	5886
5203	6583
5755	5808
5676	6531
6678	5871
5577	6203
4980	8143
4748	5542
8665	1056
6283	5892
4640	6076
6611	6839
7338	6006
9397	5640
6961	7052
4571	5563
4968	5597
4684	7767
3696	6369
5183	6574
4380	5980
5355	7845
5461	6352
3368	6181
6088	6316
5364	6228
7893	3641
6298	7207
6044	5560
4792	8550
5210	7847
9626	1371
4409	5652
5037	6004
4803	6547
4120	6554
5796	7249
7279	5149
9309	2741
4233	5924
4245	5676
7135	7289
6729	7464
4209	6081
6909	7784
4879	8219
7640	4891
4543	7654
6466	6047
9788	950
8251	5880
7235	6073
5755	6435
5902	6107
8377	2383
4718	5677
8353	4976
5351	5822
9516	5579
5756	6235
4177	6157
7454	3685
6643	5724
5986	7495
5538	5948
6933	7944
6608	7303
7347	5582
7468	5943
4641	4503
5818	6494
5344	6586
5528	6790
6069	8053
5640	7030
4406	6391
8475	1578
6940	7482
9567	2374
4794	7014
8683	5312
7472	5368
5486	6006
4685	6476
6301	5368
6355	6640
5675	6271
6911	1209
4781	8342
7719	1836
5345	7791
4512	7347
5352	5741
4958	6626
5486	5661
7438	4638
7511	7624
5653	6527
8088	6544
7680	5902
5239	7408
5246	6534
6528	5714
5426	6658
7008	8008
3854	6087
4776	5851
4420	7790
5447	5697
5448	5984
5704	7156
4861	6424
5690	6592
6755	5755
6433	6995
6872	9249
5551	5888
4860	8982
5107	5983
4086	6504
6156	6614
4124	6710
7003	6185
6845	7510
5160	7307
5121	5879
6874	5098
6658	6005
5204	5932
5330	7247
4770	6524
6822	5560
4580	6180
5840	6213
5245	7162
6340	7772
6367	5289
8849	5023
7865	4207
4466	5852
6560	6091
6801	6252
6699	5499
6515	6208
4893	7030
7697	7841
5051	6103
5905	6099
7981	2688
5148	6473
7632	6476
2892	6382
4004	6635
5265	6085
5633	6411
4388	6161
5773	6032
8664	2300
5556	5229
6420	6353
7050	4886
5732	6288
5085	6510
5522	6426
5475	6776
5278	6649
5757	6384
6450	6205
5489	5194
7474	6963
4386	5171
8868	3234
5254	6863
2377	7102
3761	5538
5378	5774
4620	6373
9167	2134
6283	6303
6512	5062
6159	8409
6601	6118
6210	7543
5636	4595
5196	6358
4709	5988
5921	6965
4859	6727
8346	5476
4645	6394
6650	6935
4976	5581
5748	5654
5113	5908
7959	2052
5054	5839
8308	4030
6282	6175
8238	6329
4733	5436
5111	6405
4894	6168
6020	6577
4898	6474
5693	6068
5029	6853
2361	6660
5935	6029
7010	6129
5322	5505
5845	7272
5819	6169
8446	7694
5417	6185
4320	6896
5727	6573
6662	4729
8185	1637
5266	6062
5245	7165
8633	5250
4167	6067
4501	6750
5821	6318
5294	6146
6555	4419
9039	4162
5925	6431
4647	8531
5170	6315
6711	5649
6180	8056
6767	6070
5026	7426
5249	5346
9426	1368
4417	5875
8483	1075
4519	6689
4627	6366
6401	6613
6037	8208
6450	7486
7736	6065
3922	6859
6314	6760
5776	6778
4808	8879
6436	5314
4566	5981
9174	2584
7263	6819
4300	6243
5044	6118
4931	7177
4913	5711
5635	5657
5457	6267
5150	7212
6212	7393
3483	6049
4361	5088
5400	5874
5517	5806
4668	5968
5996	6797
6817	6550
4922	5429
5181	6697
6140	6370
5093	5687
7139	6506
5014	5879
6505	5511
7064	5310
4878	7776
5413	7489
4832	6031
7895	5241
5410	6123
6017	6813
6497	6082
6089	5964
5246	7053
6848	7133
8383	5507
5725	6777
6438	7014
5601	4794
8621	5606
5357	6837
6099	6533
8079	4472
9797	4530
5897	7006
5665	3323
7590	5700
5505	7681
7808	7172
9445	4919
4201	5760
4969	5967
4714	6198
9798	2003
5483	7367
8616	5704
4002	6103
4987	5955
9878	5329
5156	6651
4996	7332
3893	6629
6021	6991
5813	7317
5093	6509
8435	1701
5155	7108
4575	6270
5837	7386
3899	5583
6240	5193
6953	5939
5701	5885
5523	8432
6890	6205
5492	6288
5584	4616
5167	6912
7347	6117
4182	6423
8370	4305
6028	8091
7175	6539
7791	5848
5353	7498
5837	5758
8848	1726
3364	6543
3069	7713
7657	7636
6411	7260
4866	6075
6224	6005
3935	6306
7361	5063
5530	6539
5863	5524
4483	6552
6938	5409
6216	5563
4522	5982
2534	6134
6956	6106
8111	5777
5750	6533
7616	4672
4797	6415
6142	6311
4664	5424
5605	6120
6754	7532
6958	8273
6715	7567
6753	7732
8351	8147
5657	6153
7205	6760
4992	7368
5102	6582
5345	5863
4378	7764
7551	2866
4234	5612
3814	8721
9028	4931
7359	5434
7732	7076
7049	8115
9474	5398
6711	7178
7173	7005
6369	5827
5960	8453
5004	5954
6060	8012
5301	5882
4397	5300
4466	5788
8734	5334
6679	7013
5794	5627
8621	888
7349	6063
9732	5137
5405	5456
5334	6305
6266	6956
9344	1558
5549	6251
4996	7869
6647	6092
4052	6212
6470	6020
5840	8599
6653	1576
5266	6520
4074	6229
6163	8011
5014	6060
6941	4973
6615	7062
5860	7445
5457	6070
4555	6397
6594	5472
5910	6368
3816	5828
4947	6292
9255	1068
4929	6163
6112	6972
6893	7073
5681	6995
5858	5175
5334	6664
5680	7773
6459	5243
4462	5551
6285	5360
7679	6362
5503	5967
6479	6680
4338	5739
7237	6650
6201	5275
6783	5006
6708	8659
8504	1839
8903	5132
8210	3566
5925	5031
5262	8101
5960	5871
5669	6569
4620	6516
7862	5403
5076	7417
6565	6493
5587	6079
4974	6671
6149	6272
3999	6121
5669	6963
3540	6077
5397	7454
5270	7185
8065	5220
7430	4723
6147	4771
9583	4624
5472	6525
7995	7593
6104	5673
7380	8026
5953	5904
4517	5419
4864	6418
4762	6801
6060	6779
7351	814
5969	4741
5547	7040
6001	7599
7941	6886
6525	6649
4660	6556
5371	7769
4293	7877
4825	5564
8368	5507
9980	3892
6397	5692
5639	8241
8006	5345
5504	7264
4011	6436
3257	6973
6710	6478
3828	5356
5657	6585
5191	8055
5499	5898
6268	5238
5237	7778
5033	6067
9695	4226
8805	1237
4451	5917
5963	6418
5251	7055
7665	4673
5615	6240
6522	5962
6742	5882
3866	6921
4533	5988
5986	6821
5711	6634
6135	4312
3692	7640
7719	6237
5177	7496
6311	7304
3545	5719
6071	5841
8674	3595
6869	7750
4488	5727
8079	8391
6266	7237
9414	5934
4880	6847
6120	5052
4895	6400
6987	5866
4715	6072
5738	7460
5740	4892
4805	8280
6212	6058
5455	5772
5601	6703
7206	6617
5563	6789
5132	5903
5886	6242
6338	5340
7370	3895
5597	5729
7126	5301
4910	4955
7777	368
4055	5514
5297	5885
6363	8356
5470	6185
6372	6045
6181	6586
6958	5523
5251	6345
9691	5113
6656	6627
6148	7884
6566	8995
7337	4192
5554	6538
5901	6841
6533	7289
4112	6594
5064	7703
9769	2050
6152	6728
8783	4353
5791	6829
5468	6108
7301	6362
7565	4590
7956	4618
6088	6310
8358	5305
6418	7963
5413	7955
5785	7215
5856	6478
4902	5920
6134	6055
4363	7371
8304	5453
5508	5935
8152	4979
5348	7434
8771	2087
5927	6244
5545	6675
9908	5340
6265	6998
6777	5824
5642	8002
5024	5886
4384	6640
8604	1380
4994	6838
9238	1421
4955	5127
6371	6960
5651	7287
5948	6221
5545	8004
6832	4375
6340	5868
6680	7498
6648	6575
4719	6446
4803	8206
7242	1268
9605	2215
7833	5755
6746	7955
5676	8299
4395	7178
5868	6035
4432	6372
4680	4151
7868	4261
3608	8228
2930	5533
7456	7241
7041	6249
4886	6341
6687	4057
5524	6364
5895	7051
6628	7265
6321	5083
6263	5897
5578	6767
5712	6202
4038	6001
5842	7781
3045	7923
5201	6378
5736	5576
4812	5816
5886	5628
4339	7422
4847	5975
7157	8186
5023	8117
6141	5370
4813	6131
4825	8299
5453	4959
5720	6451
9298	3822
5353	6714
3490	6205
9523	3012
6187	7267
8808	3786
5439	6539
4159	6638
6548	8354
4545	6113
5784	5970
5234	6304
5089	5888
5486	6282
8580	6831
5755	7057
5593	7527
9823	6659
7017	6819
5997	5564
5673	7310
5297	6715
4985	6549
7827	4653
9116	597
4305	7121
6894	6161
7615	6325
6625	2929
5833	6335
6838	4734
5160	6090
5888	9016
6580	6499
5430	6012
5225	5639
5848	8287
5999	6940
6548	6047
6776	2390
5015	6059
4634	6262
6110	7501
5342	5786
5039	6122
4904	6519
6922	7524
3987	7604
7534	6713
4610	7719
6765	6472
5040	7197
9808	4066
4721	7905
6627	8864
8286	3374
4542	7139
4308	5640
5435	6177
9123	2221
8183	2260
8269	919
5152	6041
9842	546
5195	7131
5762	5722
4283	6863
3906	5475
5395	5319
6701	7149
5195	5910
5876	7523
5429	5504
6591	5585
4612	6543
5056	5939
6223	8280
5364	7575
6076	5429
8879	1613
5131	5957
6006	7436
4211	5824
4600	6798
7401	4806
3557	7393
8338	6857
7219	6721
6671	5789
7081	7026
4909	6149
4973	5089
4694	6517
5010	5330
5067	5732
4934	5927
4053	5461
5652	5689
5116	7407
7237	5436
4553	8600
6708	5334
7791	7307
4992	6317
3740	6030
5362	7003
4882	6049
6200	6734
7576	4787
4787	7316
5107	7350
5076	6380
8066	1543
6740	8049
5527	5705
4733	6053
5714	6206
8908	1911
3865	6087
5014	7045
6797	4762
4722	7111
7465	6615
7869	7160
5432	6796
7504	8474
4685	5856
5276	6247
4216	6536
8641	2380
9232	4131
8498	5349
6345	6026
5203	6037
9878	1277
6010	6929
5549	5886
5259	6837
5348	6717
5792	5937
5312	6341
6216	7566
5085	5128
6451	7190
4840	7360
9073	2210
6515	5484
5168	7566
6805	5350
5133	6829
5464	6282
5409	7228
7030	5059
6348	7249
6341	5893
7662	4348
4913	5980
5548	5955
6494	6819
9438	4600
5281	5879
9733	1867
5374	5975
5175	6079
5837	6427
4961	6471
4966	6257
5617	5637
5491	6301
4659	5364
4520	7532
5635	7193
4844	5472
5903	6413
3736	5179
6081	7250
4945	5435
6800	5838
8282	610
5265	5896
4182	6746
6192	7018
5727	6269
5330	6233
5267	5897
5439	7673
4697	5358
4561	7024
7122	5779
4646	6079
3937	5995
5871	6374
7043	5408
4733	6088
7202	7549
7325	6219
5302	6642
7759	4505
5382	5974
5150	6789
2668	6273
7838	5404
8218	946
7460	5347
6436	6819
7596	5763
4763	6672
7005	7349
7197	7289
6627	7405
7103	6775
5968	7119
6351	6346
7582	8269
6176	7471
6287	8089
6950	5745
4090	6053
5406	6315
6025	6204
6939	7445
6546	6034
6212	6601
6994	4398
5513	7817
5926	5272
4997	7259
5243	7658
5463	5690
7209	6632
6838	5419
6013	7958
4119	6192
5230	7235
4928	6499
3867	5540
6554	8772
5827	5964
4515	6276
4138	5923
6290	5925
4456	5075
5259	7962
7423	5475
5520	6177
6788	4796
5546	6052
8511	4048
6129	6091
5896	6960
8628	975
5844	5808
4141	5929
5438	6634
5205	6583
5696	8286
4097	6291
6720	6087
6406	6202
5920	5379
5713	7005
4746	6870
7906	6151
6476	6539
5155	5531
4697	5411
6949	7642
5355	8230
6175	6558
4998	6754
7070	6437
4298	7492
6563	6025
7165	7345
4496	5442
7151	4286
6327	6027
5570	5779
5753	6306
5621	5854
6602	8703
5746	5691
9995	4361
4783	6631
6662	6442
8271	4332
7146	6696
8893	5846
5826	4078
5639	6161
6059	6782
4101	6497
4971	6922
9653	4150
6863	6132
5412	5717
9577	2087
5734	5250
4259	5949
4466	6651
6551	6917
5844	5784
6835	7346
5525	6051
7481	6711
7617	4782
6846	4178
6288	7326
5885	6468
5689	6923
5805	8348
5393	6299
6476	7432
6542	5480
8969	3448
7829	734
4639	8172
8059	4277
5924	4840
4608	5919
5504	6591
5640	5647
7053	5857
5205	6822
5351	6502
6362	6483
6998	5328
8544	5402
5145	5325
4995	6168
6572	6700
5713	6669
5717	6485
5326	6965
7941	5553
6018	5823
6270	5161
6985	4991
4474	5595
2559	5982
5288	5724
4212	7166
5923	6945
5661	5780
4866	7507
5040	7619
5165	5645
6056	7585
6273	8000
7371	6077
8457	5194
5641	5570
5510	6859
5815	7357
5041	5583
7740	5105
5442	5730
4566	6401
5440	5839
4025	6150
5834	5219
5488	6339
6143	6234
4208	6392
5851	7292
5560	6860
8625	4070
6247	8415
6834	7386
5709	6471
8999	1150
7187	7139
5939	7390
8075	1590
5503	4999
9546	2603
8639	3800
8193	4606
3393	6234
7020	6660
4575	5190
5026	7182
5470	5746
5838	6212
4987	5669
8563	4192
7400	7270
8885	2783
9933	4390
4809	5712
7145	2418
5280	6411
5818	6856
5571	6672
5994	6010
4838	6410
6530	5819
5454	5631
6325	785
5669	7111
4413	6185
4573	5125
2819	6211
6440	6733
6567	5591
4774	6223
4631	6072
4858	6932
9272	1940
8729	5221
5991	8804
4429	5588
9338	4914
9997	7222
8504	2268
5990	5871
7960	926
5370	5550
5063	5786
6175	6829
4667	8224
6611	6767
5826	6933
8069	5971
9063	4988
7975	3199
5209	7744
5377	6578
3516	6731
8241	5212
5770	7809
4629	7440
5367	6133
4453	5894
9204	857
4688	5940
4395	5191
5205	5918
4786	6145
6370	7618
6697	7628
6708	4702
4786	5649
6862	6740
6820	8425
6595	6311
3594	6937
3999	5830
4398	6540
6869	8438
4607	6444
5824	6025
7637	5013
5228	8509
4194	6334
9420	5510
5876	7513
5118	6128
8549	558
4861	5483
5443	6692
6333	7653
4664	7960
8719	2265
5437	7705
4260	6443
5379	6553
8904	4871
5639	5771
7692	5651
6886	6018
4745	8223
5580	7333
5571	6227
6901	6087
4476	6136
8135	4390
7306	5535
5262	6125
7147	7108
7340	7798
7634	1363
5180	6319
5180	6573
9999	4799
8870	1995
8379	1684
8728	6325
7914	1761
6481	6490
4374	5373
8810	3442
7141	6838
5228	6482
5692	5626
7147	6242
5183	7064
4866	5717
5816	6307
6061	6922
4341	6779
5848	5241
3948	6139
9996	1882
5160	6795
8613	6029
4914	6614
7423	8975
6640	6291
6321	5790
6387	6105
5508	5751
5771	6278
7853	2083
6993	9008
6591	6070
3745	5714
8278	922
7924	5936
7435	6824
5660	5638
6046	6788
5081	6366
7044	8011
6413	5371
9580	4899
5718	6438
5249	6937
6774	6333
5878	7127
3849	6185
9755	4171
4544	6651
8416	6267
6048	6123
5080	6217
8764	4962
4946	5578
4873	7205
5347	8004
5061	6294
6278	6230
4463	7277
5194	6612
6119	5919
1987	6160
6796	6959
5771	5812
4730	5702
7863	7267
6668	5620
6157	6167
5071	6590
9960	5341
6120	5587
6356	5976
7545	7841
5978	4268
9329	1196
5929	4879
7374	6191
6951	5477
7565	6435
6253	5532
4511	6795
6531	3228
4156	7312
5492	6638
5552	7777
4953	6298
4762	5914
5221	5793
4860	6225
5884	6774
8140	6469
8865	5251
4970	5966
4240	8897
4426	5730
5095	6915
4529	5145
7548	6490
6168	6282
6269	8153
6290	6101
8388	6775
5665	5672
4741	6494
5101	5189
6603	8288
6712	8583
4808	5768
6319	5264
5910	6200
5076	5670
4938	6173
6577	5489
5156	5958
6883	6870
6165	7920
7468	7044
6714	6689
5144	6060
5499	6535
5957	6992
5209	6427
8578	5075
8098	5631
3963	7831
7993	8613
8992	915
6346	6194
9108	1449
6339	5864
5597	6529
5029	5742
4432	6145
5241	6341
6821	5874
6256	7328
6161	8559
6821	7243
5340	6641
4934	6252
5740	6374
6667	8584
9145	4931
7519	7191
6083	5368
4465	6691
4708	6308
9588	4877
5445	8314
5496	7446
5526	7244
6137	6460
3707	7351
6753	6411
4266	6012
5736	5886
8996	1888
4221	6328
7550	8646
3891	6458
5939	8655
8742	2725
4417	6997
9728	4206
4264	6063
5201	5826
4868	5929
6204	6406
7799	5974
8907	2913
6527	6389
5670	7868
4770	8559
6461	7805
5384	5194
7199	7957
5703	5207
6551	4348
4700	5547
8634	4353
7050	6183
5760	5399
5473	6660
8855	838
4537	6045
9174	1622
7635	7638
3777	5586
5224	5784
5549	6120
7336	5500
5416	5802
5303	6076
6407	7165
5273	7304
9534	2465
6372	6455
5761	6672
4711	5765
4634	6029
4335	5529
6436	6139
4460	5680
6541	7380
5330	6460
4429	7077
3465	6228
5488	5875
6690	8012
7545	1922
4651	7428
5214	5292
5411	7469
7468	3914
7029	6639
5027	6092
5726	6858
5253	6086
5616	6682
5504	5584
5642	6366
8030	5783
9358	5373
4150	6862
8949	1218
6382	5635
8299	5942
8783	4890
6639	5508
7943	5286
6735	6318
9012	3554
4933	6728
7185	5545
5789	5228
6414	7928
6315	7693
5056	5309
9196	5716
4271	5728
6573	6587
4292	6482
5657	8372
6484	7820
5824	7647
9844	4531
5092	6958
4762	6312
7798	5909
7165	6090
6572	6204
4208	8017
5798	6666
5739	7163
5809	7247
8034	4801
7212	7350
8584	5489
4867	6454
5375	6214
6055	5721
4595	6498
6521	5419
6132	6451
6468	6252
6667	5840
4855	7024
4731	7234
8447	4420
9883	5455
4829	5007
5169	5177
6413	5376
8926	814
5454	5829
3917	6206
7005	5348
6034	6491
6160	6827
5839	6036
5127	5353
5043	6538
6354	5829
6049	7471
6157	5551
5508	6977
7021	7226
4126	7211
5961	6166
7087	5050
5222	5848
5049	6535
6935	6067
5194	5702
4384	5150
7596	4221
5541	5176
4739	6134
5066	6227
4587	6293
6190	5740
5691	7206
4209	6548
7135	4348
5343	5794
4929	8342
4790	6996
6549	8837
7104	5019
9372	4592
4369	6480
5960	5882
6728	7396
7940	5452
5543	5617
5665	5936
5011	6175
5254	6122
6357	5356
6067	6814
5931	4910
5030	6681
5098	5792
5845	6681
6119	6990
8134	5347
6223	6846
7096	7464
9553	1618
8924	1232
8635	1892
5442	7192
5158	5417
6443	5984
4764	6168
5536	6753
5796	7351
5248	7753
4569	7083
6707	5140
5209	5339
4434	6083
4571	5453
6287	6801
6020	5169
7377	1268
7097	5076
5404	6432
4153	6320
4939	6522
4880	6763
6339	6310
4344	5427
7938	6054
5323	5972
9985	1304
9544	2124
9084	1848
5468	5777
5006	6210
7294	7667
5195	5584
5780	5822
8161	5273
8138	5841
4803	7124
9283	1145
5758	6131
7317	6536
5394	5894
6963	6201
6127	7513
4334	5689
5600	6131
9261	4850
7128	7105
4633	6489
5007	7571
7544	2007
5766	7247
4810	5842
8229	1724
5107	6598
8073	4885
6273	7324
7027	7625
5708	7518
5321	6465
4995	6557
8311	2113
5972	5045
6041	7053
5623	7570
5404	6370
3783	5904
5772	6300
8233	4244
6237	5823
7635	5467
5813	6068
4651	5482
5050	4932
4237	6715
4611	5548
6072	6617
5810	6098
4944	6954
9122	532
4383	7586
6465	4661
4589	6036
6009	5639
5098	7971
6590	5986
8347	4455
5462	6958
6164	5800
6608	1773
8964	2183
5870	7510
5662	5606
5984	6174
4317	7694
7629	1994
4954	6192
5749	8181
2993	5673
8911	1418
9052	3440
4352	5869
7404	4759
4719	6881
8837	4534
9481	3787
5321	5810
5117	6131
5127	6123
8067	4978
6067	8117
8720	1901
5086	6494
4480	6228
5516	5951
9414	2098
7663	5520
5404	5406
6359	8440
6482	7129
7823	5347
5777	7505
7970	8840
7291	7275
9435	1401
6188	7895
5118	5757
6656	8946
5751	7269
5772	6322
6297	7039
4536	6127
8079	8443
6116	4976
5184	5160
5430	6377
5017	5251
4941	6193
4332	7618
8682	811
9897	4682
8465	7309
6889	7853
5859	6068
6695	7483
6079	7114
7420	7844
9356	4553
9664	6069
6038	5312
5785	5668
5336	6231
7628	5111
8679	37
8757	2717
5950	5964
5430	6039
6101	6583
4587	5823
8742	2053
5582	5589
5588	6479
5938	6761
5080	6488
5885	7576
8333	1028
7133	4560
4984	6180
7143	4302
5146	6842
8875	5332
8785	2193
5288	6324
5124	6135
6783	7764
6819	7739
4382	5777
5467	7455
4014	5114
6515	5805
8294	7115
5820	6699
6319	8625
9982	3053
6310	7299
5159	6464
9049	1268
9873	2231
8104	2236
4454	6550
5498	5797
4880	6563
5186	8267
4340	7312
3092	5424
6401	6205
8328	5380
3812	6122
4163	6032
5536	6229
5312	5198
3661	4844
6078	5923
6155	8255
9556	3311
5914	5994
6416	7440
4611	5927
5485	6119
6259	5996
8324	1284
5956	5602
9834	5571
8059	4787
7841	3608
8701	5180
5367	6840
4750	6284
8164	5076
6218	7319
5246	6600
5488	6321
4392	7200
5830	7891
3604	6069
5656	6102
7546	6462
6405	5415
9454	4156
6214	6980
5716	6097
5455	6072
4725	5651
4580	6079
6446	6320
5461	6990
6133	5785
5128	5660
6014	6720
5031	4727
5336	7679
3045	7039
3952	7109
5955	6732
7434	8770
6124	5996
7305	5587
5045	5141
6349	6578
6842	7146
8468	5557
3424	5829
6729	7946
5356	8179
5442	6982
5915	8051
4501	6275
4614	7473
7409	5095
9074	2037
3307	6371
3619	6363
5110	5404
4324	5594
9009	6208
5164	6097
4502	4704
6128	7465
3983	6290
7369	6113
5253	6413
8965	4099
6327	7128
6018	6101
6605	7464
9939	3927
6301	6197
8839	1191
4480	6419
4780	6411
6378	7056
6917	7326
8856	1630
5882	6877
6629	5269
5542	6309
6239	6440
3719	5999
5470	5487
7752	5173
6536	5953
7763	5913
7961	6366
5225	6398
5978	5680
4989	6732
5721	7353
4789	5573
5800	6261
9396	2370
5383	5447
5358	7813
6079	6469
8022	7548
4644	6425
4289	5213
5590	6715
6608	7195
5946	6636
4806	6633
4619	6051
7744	4699
4831	5816
5306	6294
6339	6594
5744	6803
6415	8302
9937	5918
5555	6290
4091	6689
5792	5343
9517	576
6137	6642
5225	7380
9477	1777
5619	6202
3270	2827
4083	5670
6728	5649
6505	6382
9204	1198
4583	6193
6023	6781
4362	6531
9796	5987
5554	7089
5886	8275
5537	6249
6356	7299
9206	2623
5146	6385
6113	7210
5556	7082
5039	5422
4441	6537
5803	6676
5390	5264
5063	6254
3118	6331
3509	6568
4413	6234
7114	5669
4946	5212
9055	910
7427	6692
2698	5532
5181	5245
9067	5459
6339	6092
6511	6784
5430	6063
4860	5808
6298	6287
5207	6609
6079	6662
5553	6082
4261	6208
6714	5280
9387	5369
5657	7129
5955	7890
9993	6140
5253	6112
5940	6772
8667	4008
6526	6572
8343	1223
8231	3925
5029	5890
5878	1970
5152	6174
8705	6124
4861	5688
6388	6287
9034	5862
4897	7085
5959	7753
5737	6905
6642	6735
4719	6095
6330	7374
6574	7130
5614	6709
8819	1507
9618	4328
5732	6350
7907	4435
6198	6484
4993	6513
5247	7277
5027	6334
8245	6915
8471	4583
5241	6519
5490	5801
7492	3292
4462	6728
5125	6125
9375	1153
6216	8542
4079	5473
9242	5337
5401	6812
6205	7861
5857	6322
8451	6249
3949	6524
4855	5604
5833	6493
8328	7000
4065	7092
6610	7383
5309	6230
5144	5744
5551	5964
4720	7805
4893	4903
5909	7162
8741	5519
5732	5348
7820	4214
5451	5824
4426	6252
6581	5716
6431	6119
6490	6995
6189	5867
5192	6781
5428	5996
9356	2386
9209	2366
5543	5099
6235	5061
9610	1879
7587	6373
6802	5492
7957	4137
4597	6281
5565	5835
6028	6010
4939	7179
5702	5912
6923	5681
5024	5678
4545	5766
5345	5704
4420	5913
4791	6560
4610	6071
4774	6133
8073	6096
5469	7959
9106	4577
5075	6844
5456	7203
5254	6999
5012	6872
6863	6117
6324	4785
4828	6647
6188	6081
7831	751
3911	6677
6403	6003
4334	6203
5372	6831
8549	5927
6953	6972
4748	6016
4360	6450
7074	5118
5443	6785
7192	5830
4632	6703
8887	1142
5777	7620
4892	6722
5084	7032
5475	4993
6454	5805
9282	5077
5912	5763
7620	8519
5048	6853
4845	7483
3969	7152
6242	6589
6722	6318
6918	5845
5568	6004
6154	7854
6758	7424
4789	6599
8977	2093
5215	6332
6940	5869
4285	6103
5055	6730
7250	7933
4779	6595
2585	6355
5468	6521
7700	4390
9051	6374
5024	6294
5960	6731
4089	7009
9273	6288
5797	7325
4738	4864
4454	6208
9993	5388
5392	6259
6552	7242
4721	5629
5863	5826
5666	5978
5147	5835
4833	6300
6193	4245
5213	5917
6101	6926
7198	6365
9605	4277
5411	6980
4926	5743
7077	5591
4244	5754
6861	5220
5700	5437
9936	4326
4345	6527
5653	7638
7797	1885
5013	5866
9974	4974
6076	6550
4365	5356
6382	8919
8892	1606
4341	5695
3853	5969
5432	6527
4710	6943
6663	7377
7118	8945
6491	7253
4414	6563
6388	9066
5061	6146
6110	6568
4314	6789
4807	5984
4393	7466
5930	5834
6717	4933
4432	6022
4535	8255
4723	5983
6541	5041
4329	6239
9119	5057
4601	6151
6808	6225
8482	5532
5198	5602
7428	6963
6578	5910
5135	6204
7862	2066
5224	6057
5812	6052
6386	6404
4613	6157
5381	5180
6125	5794
5858	6456
5090	6379
5978	8866
5503	6176
4677	6420
6245	5819
5051	6049
4818	6234
6501	5717
5670	8072
5334	5958
4757	6704
5509	7641
5285	6261
4864	6413
9121	4614
6253	7209
7181	5993
4801	6706
4782	6837
4194	6601
7944	4710
5975	7271
5784	7438
4906	6610
4702	5497
5923	7961
5774	5821
8940	4438
5242	6113
3444	5404
8458	8312
5683	5969
5079	5128
5368	6118
6512	7256
9302	5642
5665	5473
6705	7709
7523	1445
6778	7795
6795	5888
6598	8343
7388	5039
4637	6977
4238	6283
5618	8449
5271	6655
3551	6405
7055	7128
9969	4347
4984	6744
7816	7259
6748	6277
5334	5643
6468	5570
6923	8663
6327	6607
3639	7050
9092	648
9229	2395
5818	5476
7534	2371
5118	5565
7965	6272
6246	6125
5092	5847
4738	8510
5661	6348
4558	7596
5460	7442
4300	6935
6477	6136
4786	5564
4313	6973
6008	7023
6101	8036
9460	3899
5683	6595
7882	2707
7462	858
8576	2272
7979	4596
5747	5734
4375	6726
5955	7431
5217	7094
5938	7396
6260	7002
7253	4908
6975	6940
7003	7848
5728	6127
5989	9164
6013	6350
6081	8349
6868	5015
6083	8384
5400	5999
9026	1387
6946	7324
7361	6543
5199	7252
9764	2447
5784	5866
4272	5628
6502	6027
5166	5432
5565	6492
4132	7326
6097	5167
6271	7108
5372	6256
5888	5713
5811	5947
4312	8119
7900	1359
5229	6938
4044	5863
9452	1106
7053	6536
4650	6734
5239	6327
9237	3039
9691	3729
4810	5287
6200	7872
4280	6495
5570	7263
5410	5885
5915	7577
5818	8213
4469	6262
3737	6204
5678	6667
5437	6166
5497	5588
6836	6823
3649	7638
8005	1291
5609	6843
4880	6612
5771	6623
5522	6985
7060	5263
6421	7457
6577	6398
6653	8083
5700	6282
6644	5003
5500	5610
7191	4938
5504	6750
8504	4999
7681	5564
6233	4396
9985	2381
6318	6190
6343	802
6481	7494
5553	7948
8619	4706
5340	7309
9116	1104
5467	5559
6419	6572
4936	6501
5448	4971
3801	6519
2489	6104
6246	5327
5640	7037
5808	6829
5321	5519
6608	6456
4910	6344
8268	2140
6155	7570
5362	5880
6733	6819
6848	5470
5684	7578
7366	1811
5766	7061
5280	5598
4524	6316
5819	5837
3089	6850
6639	6812
5727	5344
5348	6668
6482	5547
5701	5636
4141	5570
6278	7494
6059	7070
4872	5511
6518	6169
4875	7410
5365	6215
6143	6764
5055	6605
4242	6274
5292	6555
4601	5599
7867	6063
9899	2377
5993	6517
7641	4411
5259	5496
8626	4308
6158	7302
6589	6564
3745	5962
9491	963
9996	3552
6878	6501
5002	6656
5096	5729
5919	8379
4850	5993
7343	5414
8517	4676
5511	6854
5342	6360
5111	7653
5544	7422
6038	6013
5422	6207
5962	7832
6937	6461
5186	5752
5509	8200
4311	6736
5648	7598
5623	6415
8751	4553
6702	6579
4864	6143
4599	8433
3426	5976
4701	5735
6250	5633
5913	5981
8985	3310
4729	5791
5753	5885
5251	5765
8080	2704
5853	6826
5606	6120
9910	1265
7494	6587
9735	5705
8589	2156
6578	7764
8798	6632
6927	7488
7355	5908
4171	7112
7209	5517
5987	6388
4778	7742
5465	7472
6636	7177
6570	6702
5062	6058
7931	8466
5623	8332
5317	6595
3558	6481
9875	3990
5131	6106
6099	6870
8344	4186
4003	5729
6229	6108
7003	6587
4676	6544
7017	5665
6127	7881
4011	5468
5270	6681
6664	4541
4948	7516
4950	8492
5907	6443
7349	2220
8586	3607
6145	7042
5666	6373
6434	5888
6743	7649
8759	2153
4615	5673
5012	5528
6059	6304
9241	2008
7309	6242
5389	5571
4743	5157
5737	5960
7640	6071
7342	7575
7093	7450
5132	6105
3997	7730
5051	6741
4940	6183
6422	7008
5795	6436
6647	7973
8950	5420
5581	5062
6105	6065
5213	6409
8606	4248
4656	7751
9890	3832
6034	7250
5807	6262
4459	6024
7597	8342
6696	7561
6592	6797
8776	4273
6035	7214
5145	6403
3751	6404
7208	7854
6882	5615
5783	5172
8925	5143
9194	5845
3982	6520
6022	5073
5262	6508
7089	5637
5643	6965
4273	6580
5147	7292
6696	6309
5080	6822
9213	6943
4802	5704
5590	7495
6416	6026
5986	6045
4091	6166
5837	7184
6757	5710
6539	7492
7546	4923
5908	5990
5327	6605
4598	5104
6925	6740
4936	6740
9281	4046
6934	4066
8436	5082
4444	5748
4203	5545
4351	6203
4819	5759
4755	5678
7499	7524
9838	3701
5036	6772
3938	5243
5927	8337
8771	1458
6754	7951
6416	6125
4709	7805
5180	7373
4246	5613
6168	8202
4082	6414
9832	5184
7016	6564
4901	6272
6747	6244
5003	4869
6084	6374
5887	5620
5532	6957
5952	6091
6380	7785
5944	6319
7026	4643
8238	4823
4742	6899
6405	7728
5772	7529
4112	6377
6634	6951
4970	6552
4943	5927
9991	3727
5102	6021
4902	6831
5746	7674
6186	8386
5147	6483
7789	3923
6056	6941
5209	4117
5657	6352
7086	8105
7998	5706
4719	7312
6241	6949
6287	8058
9705	4318
7671	7003
7086	7105
5023	6019
6029	7246
5186	6610
5248	6051
6909	6772
6874	7862
6868	711
6127	8668
4835	6612
5606	5964
4709	7313
4821	5519
5688	5853
7431	6059
6336	6128
6416	6597
4569	6224
8261	6943
4951	6909
5730	7015
4281	6504
6376	5855
7452	6953
5815	5646
9994	5556
8492	5299
5632	6999
5329	7550
6252	7081
7260	7581
6032	7182
5012	7430
4597	5803
9630	5644
6314	7797
8137	4616
4351	6011
2899	7533
6875	6723
7902	6086
7558	7189
6176	8356
5082	6254
5640	5273
4618	7490
4818	6166
5416	5570
7898	5936
4028	6105
5879	8000
9721	2499
3613	7683
6018	5900
4954	6284
5245	7380
4166	6470
4318	6133
5890	6485
5177	5994
6819	7125
6075	6608
7540	6344
6715	6872
5513	6155
5851	7814
5441	8046
5312	5195
7048	6114
5915	6354
5985	7523
4608	5283
4790	6745
5191	5782
4813	6050
7750	2612
7802	5964
6636	5640
6034	6292
7545	4778
8537	5170
5965	6283
5863	7566
5629	7297
8907	4148
5019	6245
5929	7770
4163	6714
6430	7096
5677	6132
6687	7673
4500	7279
3395	5654
6835	6965
5425	6308
6094	7825
5986	5960
7679	6139
4125	6553
7083	7328
6827	5402
4429	5539
5818	4793
5160	6754
6466	6993
4392	6235
4617	5589
5065	7323
5523	6955
7248	4511
5349	6420
5175	7072
6424	6705
5653	6037
7758	1727
4807	6296
9560	3836
6168	6158
5530	7409
5431	6393
4250	7061
9748	5849
7743	1004
3719	6008
6728	6525
6238	6609
6269	6995
5924	6875
8134	5773
7413	6222
6332	5260
5461	6844
4848	5664
6629	6920
6496	7012
5610	6334
8840	5743
6412	5506
5123	6201
