5241	10
2246	12
6163	13
4071	9
2512	9
4116	9
4742	13
4756	13
3929	10
4963	9
2468	12
3919	9
2437	12
3896	9
3750	9
4160	9
3275	9
5114	10
5678	11
4160	9
4706	7
4079	9
6597	10
3822	10
4309	9
4617	14
3366	9
1601	6
4972	10
5015	9
6150	13
5058	10
2422	6
5302	13
5636	10
4316	7
4085	7
2112	6
4834	9
4338	9
3677	7
4384	9
6048	10
5481	13
5248	10
3369	9
3967	9
5025	14
6134	11
4250	14
4025	9
3599	14
2299	9
3987	5
4078	10
4404	9
3763	10
4999	13
6418	16
4696	9
4452	10
2282	9
5688	10
5377	13
4769	11
2965	9
1567	12
7565	15
4796	11
5932	13
5478	10
4647	9
4324	9
6317	10
2623	9
4506	13
4360	9
5426	10
4484	13
5282	13
4794	13
8104	15
5590	10
4923	10
5342	10
1659	6
8524	15
2485	6
3657	9
6096	13
1987	6
3181	7
3740	5
5913	16
5507	10
4513	9
4429	5
3908	9
3587	10
4684	13
3489	9
3141	13
4539	10
3633	12
6352	13
4665	10
6177	14
3040	10
4324	9
5161	16
5959	13
6693	10
5348	10
6378	15
4826	13
4940	10
5255	13
3199	9
5175	10
3967	9
3787	10
5881	11
4947	8
3826	9
4729	9
6310	14
3987	9
2971	10
6011	10
6220	14
5306	13
3983	10
3908	9
5482	10
4088	13
3244	9
5309	14
3819	13
3871	10
5771	10
5369	10
5428	10
5180	10
5368	10
3893	9
3491	14
4342	9
3423	9
4836	13
4377	9
3342	9
4563	14
4024	10
5716	10
5025	10
6172	11
3517	9
4723	9
4274	13
4442	9
2971	9
4856	13
5196	11
9512	15
5757	11
3062	9
5866	10
5092	9
5958	10
3911	10
2977	9
1781	6
4990	10
4736	14
3504	9
5042	10
4291	7
5008	13
3849	9
4552	10
3843	9
4330	9
4898	13
4779	13
2429	9
5234	14
3384	7
2785	9
2305	2
4361	10
4190	10
4874	13
5336	14
3802	9
5905	10
4773	10
3790	9
3496	9
3158	9
3684	13
3200	9
3119	9
2646	9
4840	9
5317	13
6090	14
6499	11
8267	15
5665	13
4871	14
4252	10
3894	10
2894	12
4156	13
2738	9
4857	11
5077	3
2932	13
4056	13
4317	9
4720	9
3634	9
2629	9
4045	9
8270	15
3563	7
5145	10
3857	9
3935	9
3571	9
6224	10
4124	9
1746	6
5665	10
5567	10
1880	6
4720	9
4537	13
3390	13
4015	9
3950	9
5225	13
5332	13
5221	10
5079	10
4180	13
4175	10
4460	13
4051	13
5922	10
4420	7
3657	9
4357	9
4881	14
5446	13
3718	9
5464	13
5455	10
4257	9
5552	10
4525	10
4088	9
5871	13
3198	9
5316	5
4824	13
5480	14
6125	11
3162	9
4202	10
5277	11
3548	9
3767	9
3350	9
2669	6
4267	13
3781	9
2196	12
4595	13
4123	9
5424	10
6063	4
4267	9
4318	13
4737	10
6205	13
3295	9
5174	10
4453	13
4779	14
3899	9
4145	9
4611	13
5631	10
5629	13
5199	10
2013	9
3991	9
5322	13
5505	11
5623	13
5477	14
5463	8
6205	3
4430	10
3948	13
4317	7
3547	13
4813	13
5927	13
4410	10
4035	9
6247	10
3984	8
4494	10
2708	9
3647	14
5852	8
7320	15
3349	9
3431	12
4100	9
5483	13
4102	13
4015	12
4805	9
4452	9
3808	9
4940	10
4918	10
4231	13
7049	11
5985	4
4687	9
5372	10
5115	9
5162	9
4450	9
5560	10
4175	9
6058	10
4316	9
5522	10
3001	12
4720	9
5870	10
4457	9
4241	9
3497	12
4579	9
4598	3
4992	9
5462	14
4992	13
3604	9
3269	9
2613	2
2238	5
5967	10
5621	11
4782	5
7168	11
3968	10
3402	9
4050	9
4757	9
3067	9
3621	5
5139	13
6020	10
6229	10
3249	9
5343	13
3811	9
5301	10
3856	9
3527	9
2912	10
5494	10
6665	10
5367	14
3687	9
4004	9
1857	6
3669	12
3502	9
5264	13
4472	13
4008	7
5746	10
4580	9
5502	10
3291	13
3344	9
4327	13
2395	6
4745	14
7724	15
3090	12
4298	5
3981	9
5198	11
4335	10
2297	9
6771	11
5245	11
5559	10
4940	9
4367	10
4230	10
5615	10
5757	10
3949	7
3889	9
3370	9
3959	10
5881	10
3713	9
5661	10
4434	9
6312	4
4703	9
3866	9
2576	9
4400	9
6667	4
3946	9
5654	13
4848	8
4343	13
3603	9
4938	10
3653	7
4896	9
3548	13
5097	11
4342	9
5585	13
4352	9
8183	15
3991	9
3640	9
3401	9
1833	2
6319	11
2333	6
3006	12
4241	9
5680	10
4383	10
4829	10
5370	10
4218	9
5283	13
3737	9
2046	6
2512	9
3979	13
5197	11
3620	9
4105	13
4818	9
5746	10
4284	13
6005	13
4359	13
5959	13
6187	10
2895	10
3565	9
3971	13
3292	9
4834	10
5893	13
5674	10
4077	9
3876	9
4696	10
4106	7
2709	12
4463	13
3277	9
5059	14
4867	14
4016	10
5010	13
5469	4
4394	9
3736	9
3718	9
4287	9
4441	9
3458	14
4673	14
4553	10
2795	7
3382	10
4247	10
4603	9
2575	9
4957	9
5775	11
6071	11
3543	7
6455	11
5235	10
6235	10
3278	12
3274	13
6323	13
2141	6
2251	12
4806	13
3080	12
4284	7
3305	10
5583	14
4921	9
3526	9
5694	14
6128	3
2824	12
4951	10
5421	8
4079	9
2841	9
5027	5
4471	13
5948	10
4754	11
5672	10
3555	9
3898	13
5200	13
4679	13
5495	10
3944	9
4880	13
5139	14
3393	9
3088	12
5308	10
4265	9
4578	9
4839	10
3728	10
3088	12
1638	6
3453	9
4603	13
3475	9
3847	13
3852	9
2023	12
5515	11
3463	9
3800	10
4361	13
2343	9
5117	13
5814	10
5077	10
3825	10
5899	10
3703	14
5627	13
6003	10
4830	9
6757	15
4272	16
3722	7
4205	7
4313	13
5366	16
4731	10
6190	10
7950	4
4719	13
3543	9
5498	14
4278	10
3848	10
8029	15
2824	7
3682	9
4814	10
8964	15
2505	9
4948	14
3551	9
3515	12
3690	9
2813	6
6097	10
4253	13
2300	13
7100	4
2270	6
5249	13
3238	9
3719	9
5163	14
2940	9
4886	13
4777	9
3737	12
5115	14
3796	10
3730	9
4766	7
6055	3
2372	6
4390	9
3236	13
2851	9
4227	13
4671	16
1752	6
571	6
4251	13
4985	10
3206	9
3615	10
4801	14
5732	10
6379	16
5213	10
4406	9
5870	8
4216	9
3463	10
6013	13
4589	10
3056	9
2799	9
4871	11
5489	10
4679	13
4349	9
5720	10
3686	9
3565	9
3832	8
5854	11
3948	9
4159	10
4466	13
4995	13
5102	13
1794	2
4027	9
4703	9
4263	8
3854	14
4442	10
3132	9
4267	7
4356	9
4224	9
3326	10
4664	10
4912	13
4234	10
3653	9
5088	10
3994	5
3545	9
3839	9
5878	11
5231	13
2474	9
4473	10
5176	14
4692	14
2539	9
1808	6
6022	10
4010	5
4416	9
3135	9
2296	6
1727	2
2919	9
3716	9
3480	9
4434	14
3380	9
2432	6
3571	7
4877	9
4929	8
4517	14
6897	11
5664	13
3846	12
2039	9
4983	13
5561	10
3117	9
3199	10
4785	10
1268	9
3470	13
5572	13
4757	10
3796	9
4056	10
5960	13
4060	9
4420	9
4976	13
4579	11
6737	11
3702	9
5708	13
3927	7
5673	13
4447	10
4382	9
3395	9
3699	9
5013	13
4858	13
5098	9
3709	9
4183	10
4035	9
4229	10
4481	14
5119	14
4267	13
5819	14
5118	10
3437	7
3410	9
2165	6
5780	13
4892	9
2079	6
4129	9
2993	9
5148	14
3841	14
6863	11
8627	15
3370	7
2894	12
5180	10
4490	9
4382	10
4188	9
3990	9
4709	13
4426	13
2905	5
4408	14
5872	14
5633	10
4628	9
7209	4
4810	13
4742	10
3486	9
4888	9
4886	13
5096	10
2842	12
5341	8
4772	13
4604	13
2559	9
5614	14
3465	9
5552	10
5361	13
4548	11
2335	5
4447	9
7901	15
4583	13
5623	10
2421	12
3513	13
5243	13
5920	10
4992	9
5196	14
4252	13
6408	10
4877	10
4757	10
3636	9
4138	13
5854	10
4226	14
3023	7
4105	13
2897	10
4145	9
2782	6
2470	6
3867	10
4889	7
2354	7
4910	10
5114	13
3893	9
4511	9
5628	13
6094	4
4000	9
4412	9
4322	5
5110	13
3795	9
6768	15
4399	5
3380	7
4319	9
5993	10
3658	8
3311	9
4904	14
4445	13
2127	9
4007	9
4397	9
4949	9
5116	10
5018	10
4410	14
4845	10
5878	11
4875	9
3726	13
3788	9
3956	10
5675	10
5717	13
3840	10
4972	10
4023	9
4118	13
5144	13
5458	14
4363	11
3314	9
5087	13
5025	9
4167	10
3740	13
4809	10
4552	9
5732	10
4623	13
5024	10
3432	9
2503	9
4062	9
5900	13
4075	13
3109	9
5201	13
5713	10
4654	9
2902	9
2269	6
2457	6
4881	13
4852	9
1230	6
4716	13
3989	9
4935	13
4464	10
5035	10
5930	14
4601	9
5078	16
5465	8
4935	14
5439	10
6230	13
6004	10
5632	3
5375	10
5156	13
5020	13
2694	9
2519	7
5221	14
6499	11
3590	9
5702	10
3564	7
4363	9
4473	13
3736	9
5692	10
5970	14
4164	14
4407	9
5456	13
4880	13
5338	14
5388	13
4668	9
4945	13
2399	5
2358	9
5257	10
3366	9
4318	9
3693	13
5265	10
3321	7
4161	10
2434	12
2389	9
2437	6
4485	13
3151	9
2618	9
3099	9
5506	13
3698	7
6200	15
5480	10
4407	9
5686	14
4480	10
4540	10
6175	11
3688	9
2815	9
4246	13
5630	10
5220	10
2833	12
4838	13
2279	6
6154	14
4125	13
3898	9
3898	9
4327	9
6608	4
1925	6
2299	9
4001	9
3039	6
4850	9
1525	6
4444	14
4474	14
6178	13
6186	13
4954	9
5359	10
6311	10
3828	9
5502	11
4051	9
5918	10
6481	10
4872	9
6167	10
3778	13
4281	13
4847	13
3509	9
4941	10
5387	13
7152	11
3535	9
3982	13
4430	9
4713	14
6643	11
5868	10
4617	9
3553	9
5374	13
4451	10
5320	10
4192	13
1186	9
5611	13
2598	9
5294	10
5493	14
3873	5
5606	10
5155	10
5837	11
3154	9
5569	10
3873	9
4103	9
5573	10
5023	13
4486	13
4994	10
3927	9
4673	13
3861	13
3726	9
2079	2
4584	10
4817	9
6017	10
4968	10
5011	10
3431	12
4851	10
6917	4
6177	13
3279	9
5831	15
6576	4
4054	9
6038	10
2842	12
2387	13
4635	10
3751	9
4440	9
5949	13
3939	13
3853	14
2722	9
5321	10
4960	10
2533	9
6497	10
4252	9
3958	13
5639	8
4403	14
4585	9
5602	13
3874	9
5464	13
4571	13
5788	13
4019	5
5103	13
6695	11
5200	13
5723	10
3786	14
5555	13
4194	13
4096	9
4384	13
3339	13
5933	4
4100	9
5880	10
5430	13
5081	10
3743	9
4136	9
4309	13
2592	9
3485	7
5589	14
5609	10
3685	13
4995	11
7033	15
4132	13
6111	14
4536	10
4244	9
4187	10
4797	13
3739	9
4614	9
3080	9
5400	10
3702	9
5116	13
4032	9
5556	10
4298	9
5042	10
6981	4
5690	10
3035	7
5492	13
4059	9
5592	10
4065	9
5480	13
4826	13
5586	10
4281	7
4082	9
6791	11
3146	9
4239	13
4082	10
5674	13
7110	11
4969	13
2322	6
2496	6
4310	7
3107	9
3497	9
5554	13
5637	13
3763	9
4843	14
4511	9
4512	9
4538	10
3600	9
5185	10
5004	14
1813	6
4590	11
3369	9
4420	10
4163	9
4299	9
5698	10
4224	10
6431	4
4240	10
5065	9
3687	9
5534	10
3792	9
5210	13
4420	9
4476	13
4260	9
3913	10
3878	5
5387	11
5655	8
5400	11
4801	9
7052	11
5631	13
2378	6
3859	9
3310	9
3556	9
2856	12
6983	15
4619	10
5044	14
3810	10
5682	10
4538	10
4384	9
4995	13
3949	13
6694	4
5629	14
5936	14
5180	13
5519	10
5659	13
3252	9
5898	10
3592	9
4088	9
3366	9
2701	6
2898	9
2176	6
5437	10
3328	9
7249	15
3684	9
3164	9
2672	6
4080	13
5997	10
3481	9
3556	9
3675	10
3726	7
2335	1
3577	7
2805	12
3650	14
7000	10
6876	11
5132	13
4151	10
2425	9
4303	9
3748	9
2365	6
5658	16
4317	9
2336	9
3354	9
5564	13
4428	10
4657	13
1785	6
5001	10
3028	12
3038	9
5712	10
3924	13
4571	8
3485	9
3764	7
3164	7
5477	16
5754	3
3448	9
4219	10
4639	10
3142	9
2301	6
5770	10
4222	10
4090	9
4084	10
3937	4
8349	3
4504	9
4343	13
2657	7
5015	14
4913	10
4793	14
1688	12
4547	9
4483	9
5517	10
5589	10
3759	9
5288	14
4189	9
3135	9
1714	6
4073	10
5585	14
3640	9
4553	9
3370	9
5655	14
5971	11
5685	10
2909	9
6083	11
5202	10
3151	9
3826	13
6738	11
3020	5
2895	7
4410	13
4064	10
3792	12
2416	9
3597	10
3994	9
4090	9
1735	13
6524	13
5050	13
2188	6
2936	10
5711	11
3277	9
4339	9
5548	10
3891	9
5409	13
5074	8
5463	10
3986	9
3839	9
4984	10
4322	9
5857	10
3696	13
5988	15
4580	13
4340	9
6105	10
5806	10
2681	9
4795	13
3272	7
5104	10
3287	9
4724	14
3854	7
4428	13
3955	9
6282	10
6489	10
3561	9
4881	9
4039	13
4674	13
4705	4
4563	9
6156	11
4986	10
4758	9
4554	14
3462	9
4871	9
7935	15
5238	10
2076	9
4864	10
4419	13
3377	14
5547	13
3667	5
3457	9
3515	9
4195	9
6694	11
4845	9
4992	11
3765	9
4936	13
6267	14
3707	9
5281	13
3807	9
4646	13
3245	10
4730	10
3770	5
4039	12
3689	9
4205	13
4315	5
4469	9
5617	13
4456	9
3665	9
3444	9
5408	10
4595	13
6770	4
2563	6
5736	10
5143	13
1770	6
3252	13
5851	10
4913	9
4694	10
3318	9
1944	6
5424	10
4887	5
5753	13
4178	9
5509	13
4663	11
3107	9
4066	14
2600	10
4856	10
4696	10
4238	9
4734	9
5485	14
4808	9
3170	9
2700	9
4675	9
4959	10
1924	6
4146	13
3972	9
3567	9
4586	13
6294	10
3655	9
1500	6
4121	10
4069	9
2470	2
5189	16
3371	1
3501	9
2871	12
6811	10
4191	9
5203	11
6465	11
3230	12
2643	7
4012	14
4011	9
3897	10
5226	13
6464	4
4471	13
3759	9
4295	7
5095	14
4477	8
3265	7
2424	9
3384	12
5097	9
4383	9
4045	9
5750	13
5641	14
5835	14
4650	11
3950	10
4592	9
4754	9
2742	9
2648	9
6403	10
4892	13
5998	11
4258	13
4547	9
5941	10
5337	11
5056	13
3181	9
5703	10
5304	13
4236	13
4078	10
3462	9
4289	9
5876	10
4028	13
4639	13
3302	13
4824	13
6029	10
4553	9
6579	3
4145	9
4590	9
4116	14
3775	9
4223	14
5624	11
6029	10
4377	13
6783	11
3277	9
3670	9
4840	10
5075	10
3851	9
7212	11
4383	13
5114	10
4448	14
3573	9
5595	10
6379	10
6101	10
4157	9
5518	10
5258	13
5148	10
2577	12
6000	10
1696	6
4139	10
5042	13
3022	9
4283	5
5755	13
3430	10
4703	10
6520	10
2956	12
5189	13
5083	9
3539	7
5401	13
5763	13
3979	13
4984	13
5726	10
4191	9
5075	11
5432	13
4852	10
4994	13
3112	9
5350	10
2329	12
3306	9
4531	9
4412	10
5514	10
2999	9
5249	9
4202	15
3889	9
2813	9
5452	10
3989	14
2445	5
2590	9
4360	13
4255	9
4178	13
5439	11
3147	13
3648	9
5244	16
3931	9
4235	9
2668	6
4257	5
4057	7
3516	9
4816	10
5102	10
6066	11
3705	10
2373	6
5343	13
3202	9
3830	10
2737	9
3598	7
4579	3
4155	9
5189	10
4061	9
4089	10
5121	10
5279	10
3169	12
5168	10
5595	10
2875	9
4254	14
2326	12
3408	9
4343	9
5731	13
3481	9
2209	6
3747	9
3996	10
3971	9
6456	11
5517	13
5335	13
3400	9
7128	15
6454	10
2492	9
5560	16
5431	13
3462	9
5113	10
3664	13
5340	13
4909	10
6422	11
2549	9
5249	14
6377	10
3966	9
5228	14
4999	10
5373	10
6046	10
4564	11
4760	11
4729	10
3391	9
4316	9
3897	9
3236	9
5182	10
2299	12
4445	9
5142	13
4421	10
4652	10
5070	10
6012	10
6397	10
4549	9
3443	9
1602	6
3891	10
4745	10
5362	10
5918	13
3474	13
5003	9
5470	10
6859	11
4076	9
5692	3
3727	7
6832	11
5100	13
4786	10
3728	16
5824	10
4653	10
6266	10
1205	6
5538	10
3052	7
4943	10
3942	11
5625	14
5367	14
3907	10
5129	13
6195	10
4979	9
4358	9
6142	11
3300	12
6051	11
3719	13
3719	13
6294	11
4826	9
4016	9
2801	9
4845	10
3870	10
3011	9
4848	10
5582	13
3837	13
3060	9
4344	9
6291	11
4767	14
4160	9
5166	13
4543	10
4398	16
4205	14
4207	10
6093	15
4596	7
2871	12
4791	9
4328	10
6242	10
5554	10
5296	13
4172	9
5534	10
2796	12
4868	14
4764	9
6286	11
5702	14
2354	12
2098	13
3742	9
2858	12
4893	14
3563	9
3926	3
3650	14
4953	9
3381	9
5395	13
4416	13
1903	6
4067	3
2599	9
5693	14
5078	11
4866	10
3548	9
5464	10
5284	13
4455	10
5201	16
2500	7
4642	9
3920	9
4821	10
2367	12
4162	9
1972	6
4028	10
4231	9
5161	13
3292	14
2204	6
3694	9
3832	9
4523	10
7810	4
2245	9
5839	13
4880	13
5171	16
4592	9
4259	9
4911	11
5783	10
3610	9
6162	10
2941	9
5290	10
4590	10
3709	9
3997	9
5495	13
3727	9
5205	11
2193	9
3932	14
5196	14
2091	9
3917	9
3287	10
1537	12
4465	9
3528	9
4913	13
4127	5
4689	10
6029	10
4429	10
3583	5
3789	10
4685	8
2473	7
4850	10
7583	3
5276	10
2063	6
2617	13
4910	9
6159	10
1583	9
4537	9
4770	13
5340	13
8222	15
5344	10
6131	10
3724	9
2179	6
4205	7
4257	13
3815	9
6639	11
4322	7
2186	6
3128	9
5968	10
5104	3
4410	10
4500	14
4858	11
4044	9
5743	13
7082	3
3528	10
4235	13
5813	10
4947	14
6453	11
3698	13
4492	13
4210	9
5779	3
3063	9
2092	12
4005	9
3956	9
5442	15
5231	10
5046	8
3766	9
2670	9
4431	10
2754	10
2681	12
5478	13
4395	14
5320	11
4055	8
3942	9
4449	9
6149	10
5630	10
4801	14
4663	13
5403	10
5806	3
5453	11
4658	9
4482	9
5848	16
4028	10
5057	10
4295	9
6437	11
3472	9
869	14
4820	10
3789	9
5608	13
4113	9
5142	14
2965	9
5640	14
4047	10
5529	10
4882	9
5663	8
4416	10
1719	6
4118	9
3209	5
3550	9
3572	9
5018	13
5245	13
3110	9
3368	9
5647	13
4605	9
2542	9
2429	12
3559	9
4220	9
3223	9
4630	14
4364	10
3887	13
4428	13
4039	9
4412	9
4591	13
2177	6
3549	9
2796	9
2283	6
5562	14
5385	10
5403	16
3929	9
3394	12
1538	6
4011	9
4539	14
5114	9
6825	10
6340	10
2900	13
3143	9
4496	9
4162	9
4636	10
4914	11
4129	10
5686	13
4603	10
3578	13
4498	9
5242	13
4580	13
5682	10
6992	4
7800	15
4559	9
4711	9
5043	13
5878	11
4469	11
6711	15
3705	9
4837	13
4328	9
6312	15
6993	4
3442	9
7646	4
6039	13
3976	9
5216	10
4145	10
4512	10
4503	9
4254	8
4333	9
3939	12
6836	11
3912	9
4592	10
8781	15
3299	12
4070	10
4289	10
3862	9
5458	10
2054	6
4216	9
5642	13
4868	4
5636	13
4497	9
4190	9
2329	9
4096	9
3289	9
4663	9
4511	9
3402	7
5440	10
5082	9
5559	13
7395	15
4277	9
4370	10
5028	13
4661	10
5460	13
4891	10
6043	11
4292	10
4564	9
4005	13
6114	10
4626	9
4831	10
3678	9
6535	10
5466	13
5150	13
5697	16
4444	10
4167	9
6617	11
5096	7
4831	13
3098	7
4114	9
3701	11
3286	10
5590	13
5420	10
6690	3
5283	10
5481	13
4970	10
5538	14
5590	10
7795	15
3967	13
5639	13
4046	9
4384	9
2793	9
5318	10
4490	13
3848	9
6015	16
3548	9
5371	10
3530	9
4717	9
4291	7
3256	9
4872	10
5352	10
3545	10
5375	4
4407	5
4119	9
2990	7
4089	9
2015	7
6965	10
3813	7
4033	13
4874	10
5759	3
4189	9
3889	9
3755	7
4756	13
4320	10
4219	9
6499	10
4978	9
7555	11
6573	11
4245	10
4783	9
5030	13
2791	9
4102	13
6730	10
4888	14
4288	9
4080	10
7612	15
4620	9
6436	10
4342	9
2866	6
5687	16
4078	10
5488	13
2996	7
2592	12
5440	14
5726	10
2904	12
4420	8
5448	10
4183	9
2473	9
4587	9
2152	6
3680	9
7343	15
3858	9
5191	10
5831	10
5805	10
2530	6
4292	9
4601	13
2073	12
5874	10
4280	9
4434	10
5448	13
5031	8
4080	9
4308	5
4281	7
1691	6
3870	9
5528	10
2811	12
3965	7
5643	13
5113	10
4687	13
4377	9
3692	10
4330	9
4232	13
3504	9
5088	13
4451	13
4464	13
3578	9
5131	10
5114	13
4625	7
4738	9
4394	13
4911	13
3692	13
5921	10
5142	14
5963	13
5123	10
4555	13
4037	13
4544	13
3302	12
8800	15
4812	10
4148	10
3137	13
4654	9
5210	10
5103	13
3631	14
4452	9
5972	14
5769	15
2318	12
4995	10
5229	13
3849	9
5003	10
4497	9
3480	9
6184	10
3815	9
4429	9
5226	10
3174	9
5603	14
4107	9
3678	13
5314	10
4057	10
4213	13
4475	9
4391	9
3575	16
3535	9
2361	6
1518	6
3875	13
4503	10
3856	9
6733	15
2813	9
4944	10
5564	10
4639	9
3917	10
3085	9
3673	9
5470	13
4549	9
3901	13
4238	10
4679	9
5935	13
3479	9
4475	9
3948	10
4375	9
3381	9
5974	14
5509	10
3862	13
3123	13
2962	12
5868	10
3261	10
7409	15
5550	10
2877	9
4997	13
4684	13
4326	9
6894	4
4704	13
5429	8
4355	11
5100	13
3908	9
4705	16
4795	8
4749	9
2842	12
3424	9
3240	9
4554	14
3794	9
4410	13
6985	11
3215	10
3130	12
4369	7
4128	10
4629	9
4130	9
4778	14
4608	15
3848	9
5224	11
6658	15
5258	10
3648	9
3189	13
4562	13
3359	9
6190	10
2269	6
3226	14
3841	13
4229	14
3690	9
5387	10
4523	13
3700	9
5089	14
5575	14
4216	9
5406	14
5025	13
6325	4
5939	10
1756	6
4350	9
3961	9
3667	9
855	2
4312	9
4332	10
3329	9
4955	9
3398	9
3305	9
6578	10
5154	13
5279	10
4203	10
1352	6
1886	6
3301	12
5258	16
4941	3
5791	10
3975	9
5313	10
2285	12
4535	9
5293	10
6053	10
4877	13
5958	11
4246	10
4012	9
3920	9
6095	11
5509	16
3958	9
4445	10
1724	6
4619	9
3040	7
6416	11
1997	12
4809	13
3672	9
7518	3
5441	10
3327	13
5167	10
4086	9
4337	9
3846	10
3965	10
3481	12
5144	13
5434	4
4837	9
3574	9
3315	12
3937	10
4455	10
4017	9
6894	4
3754	9
4852	10
5062	13
2817	12
4489	10
3161	9
3789	5
4117	13
5189	10
5981	10
4359	9
4886	10
5386	13
3455	13
4258	10
3864	9
0	13
4035	10
5608	11
2518	6
4058	13
6421	4
5822	10
4754	9
4051	9
5395	10
4305	13
3053	7
7319	3
6150	13
5186	10
6538	15
6600	11
3831	9
5536	14
3720	13
5748	10
3463	9
4804	10
4005	13
4766	10
5263	13
5437	10
4344	13
6338	13
5902	10
3918	9
3979	9
4092	10
3262	9
4338	9
7296	4
4604	9
5391	14
4459	9
4451	9
5928	11
5964	10
3595	13
4969	13
4687	13
3213	9
3352	9
2951	9
3579	9
3814	9
4718	9
4560	9
3231	9
3762	9
4675	9
2893	9
4598	14
4633	11
4350	9
4406	9
4502	9
3518	9
3673	9
4564	13
4335	9
2597	10
6043	11
5184	10
3616	9
5864	11
5057	13
3465	12
4307	9
5553	13
6986	10
4236	9
3521	9
3498	13
5475	16
3851	13
4090	14
4862	13
3450	9
5070	13
3272	10
8128	4
3450	9
4220	13
3469	7
5525	10
6345	16
3716	5
4923	13
4894	5
5489	16
4848	10
2621	12
3546	7
3490	10
3715	14
4316	9
5195	10
3973	14
4555	10
4128	9
4898	9
5055	9
4925	13
4491	14
4391	13
6629	11
5080	10
4485	9
4202	9
3363	9
4060	9
3838	10
4604	13
6517	4
6101	10
5958	13
4926	10
5194	8
4350	9
2668	9
4218	13
4614	14
4940	13
1976	12
4916	9
4007	9
3830	7
4257	9
5427	13
3287	14
3588	12
5365	10
4907	10
3290	9
4175	9
6538	4
5079	10
2706	6
4147	14
4410	9
4688	13
5194	11
2912	9
4662	11
4582	11
5307	10
3433	9
5585	10
4751	9
4966	13
2832	9
3160	9
2450	9
5108	10
3420	9
3802	9
4812	16
3567	13
7284	4
4281	9
4161	9
3329	9
5073	16
3213	9
5246	11
4272	10
7997	3
2974	6
4659	13
4618	13
3608	13
4189	9
2437	6
5919	3
4804	10
5199	10
6891	10
4737	9
4132	9
5483	13
4566	9
4426	9
4013	7
7595	3
3497	8
5614	13
4847	9
4173	10
4625	14
5131	13
4291	9
3531	13
1318	6
5498	10
5291	10
4016	10
4952	10
4930	9
4487	9
5495	10
4356	13
6016	13
4787	13
3546	9
4825	13
2903	7
4452	10
3374	9
3518	9
5624	11
3665	9
7394	11
4232	9
4555	9
4555	7
4648	11
4597	9
8451	15
5059	10
5509	10
5445	10
4473	9
3515	9
4373	9
3238	13
4657	9
6427	4
7996	11
5842	4
4100	10
4249	10
3939	9
5629	10
4877	11
5512	10
4260	14
4080	9
4212	16
4789	13
6755	4
4131	16
2732	13
3217	12
4611	9
5335	10
5397	13
4908	9
1763	6
3635	9
3643	10
5831	10
3929	7
5911	13
4038	14
3049	6
5867	10
6052	10
4221	10
5901	10
4688	5
4104	9
4888	14
3882	16
4572	10
5903	13
4187	10
5398	10
3003	9
4957	16
3899	9
5521	10
4841	9
3756	9
3859	7
4657	13
4578	13
2116	6
3773	9
4738	13
3984	10
3257	13
4497	9
4469	9
5933	11
4865	13
4579	5
7027	15
3628	9
4552	9
5213	10
4627	9
1862	13
5900	16
3977	10
3678	13
4496	9
5641	13
6506	11
5274	13
3071	12
5447	10
4593	9
5585	14
3237	12
4655	10
4496	9
4584	10
3745	10
5278	14
6316	10
2754	7
4924	13
3826	7
5011	13
3794	9
6584	11
4504	9
3826	9
6115	10
3790	9
5426	13
4379	9
5688	4
4962	10
3296	9
3537	7
4007	9
5353	8
4621	13
4826	10
7844	15
5668	4
4740	14
5628	11
4545	7
3631	9
6148	15
4672	10
3529	9
5495	14
4335	10
4739	9
4083	9
5785	15
7208	3
4281	9
3757	8
5957	10
4956	10
3653	13
4423	9
3501	9
3208	9
3508	13
5604	10
3434	9
4087	7
2493	9
4837	7
4432	9
4992	14
5887	10
3940	9
4738	11
6035	14
4408	9
5043	9
3427	12
5115	9
3806	9
4569	9
4410	9
6545	10
4285	9
4413	13
4056	10
3456	9
4742	9
3527	9
4083	10
4232	13
3424	9
4355	9
5404	13
6208	11
4572	13
5716	10
4461	9
4165	9
5650	10
3063	10
4700	9
4479	9
5226	10
4879	16
4570	8
4352	16
5282	13
3425	9
7854	15
4816	9
1832	12
3502	12
6004	13
3045	9
5477	14
4949	9
5005	10
4363	10
4323	13
2155	9
3147	12
4563	10
2762	7
4160	9
3479	9
3951	9
4081	14
4861	9
3125	9
5561	11
4158	13
2819	9
4815	5
4465	13
4006	9
5642	10
5365	10
3994	10
4628	9
5233	13
5878	11
2257	6
4462	13
4226	13
3994	13
5188	10
2632	2
3780	9
5699	10
4323	13
6765	10
4879	10
7658	4
5847	11
4055	13
4370	13
5217	14
2787	9
4226	7
3839	10
3467	14
5157	10
4569	10
3603	9
4259	9
4233	8
3585	9
4765	13
6900	15
4379	10
4625	5
3745	12
4843	10
4650	9
2859	9
4143	7
3522	13
4396	9
4368	10
4764	10
6253	13
4030	5
5513	10
6138	10
4112	10
5152	10
5393	14
7478	15
3494	13
4052	10
5003	10
1546	13
3750	9
2308	6
4808	13
3546	9
4862	10
5786	13
4717	9
3657	9
7487	4
3684	9
4782	9
6092	13
4307	10
5585	13
2124	9
5129	10
4622	13
4912	14
5593	10
5295	13
3109	9
4288	16
4823	13
5652	10
4993	10
4279	13
6256	11
5722	10
4287	14
5333	13
4910	13
4973	11
7266	4
5497	10
4586	9
5254	9
4996	10
4969	9
4411	10
2144	9
4083	13
3435	7
5383	13
4669	10
4361	9
4460	9
4183	9
4287	9
4936	13
4981	13
4340	9
2859	7
2999	9
5780	11
5093	5
4307	7
3324	9
5724	10
4542	10
2796	7
4320	9
3285	9
3035	9
5482	13
2983	12
2851	9
4141	9
4088	9
2983	9
5399	13
3917	9
3585	9
2609	9
3721	9
3147	9
3232	9
3725	9
5085	10
4163	13
5574	16
4542	14
3619	9
3114	9
5497	10
3167	9
4466	10
3068	9
4880	9
2841	9
4042	10
2898	13
5146	10
3097	9
4927	14
2148	6
5292	13
3997	13
4636	9
3855	10
5138	10
2347	9
3531	1
4909	11
4471	14
5732	16
4322	13
4138	10
2160	9
3586	5
5514	9
4867	14
4938	10
1873	9
4307	9
5983	14
5216	13
4816	13
6191	10
2349	12
6210	10
1129	6
4767	14
4469	13
5157	13
4924	10
4433	13
4321	13
2163	12
5697	8
2806	9
3338	9
6557	15
2949	12
3908	9
7667	4
3468	12
6981	4
3976	13
3085	9
4615	13
2688	9
4856	14
3377	9
4732	13
6455	10
2645	9
2634	6
4871	4
3163	13
4573	9
4047	9
3821	9
3969	16
4545	9
4855	11
1555	9
3202	12
6601	10
5117	14
6013	13
3502	13
3288	5
5622	13
3979	9
4967	10
4324	9
4118	13
4782	9
3439	13
2993	9
4502	9
3026	9
5171	10
5277	5
4401	9
4726	9
1308	6
5842	16
5126	16
5778	10
4166	10
4267	13
3596	13
5293	13
2325	6
4801	10
5930	8
6781	10
4445	14
4331	13
3593	9
5246	13
3365	7
5614	10
3421	9
5018	9
4988	9
4244	8
5826	11
4275	10
5101	13
3918	9
5036	11
4309	9
3397	12
4278	9
5619	10
5654	14
5077	10
5011	14
4180	14
3332	9
5022	10
5159	13
4667	7
4296	13
3798	9
5296	11
5997	16
6114	10
3473	9
2740	9
3974	10
4089	9
4483	13
7154	4
5281	10
5611	14
4992	13
5151	10
5451	10
3900	12
2314	12
2708	13
4508	13
4170	5
3664	9
5697	10
5294	14
6981	4
6195	10
2453	9
4380	9
6540	16
4928	9
5581	13
4237	13
4636	10
5796	13
4996	13
3726	9
3073	9
4900	10
5485	11
4220	9
6765	11
4762	9
5086	14
4320	9
6188	10
2757	9
5883	10
4323	10
3091	9
3109	9
4591	14
4242	3
3685	9
3881	5
6020	11
3941	7
5482	10
3953	9
6054	10
4640	9
4906	9
5066	13
3721	9
3557	12
5559	11
5105	13
4761	9
4477	10
4714	9
4004	9
3078	9
3880	9
4148	9
4432	9
4712	10
4253	9
3399	13
5088	13
2546	9
6068	13
5339	10
4808	13
3362	12
5636	14
2593	12
3986	10
4282	13
5733	13
4551	8
5315	14
6678	11
5278	10
3532	9
5343	13
4327	10
5625	10
2586	2
5300	10
8391	15
3425	9
4046	5
4301	9
2038	6
2835	7
4000	10
4556	9
4594	9
8469	15
3948	9
4746	14
4191	9
3445	9
5287	10
4099	9
2859	9
6106	11
4619	7
4273	9
4067	7
3663	9
4993	10
5163	10
4429	9
4693	9
6521	4
2811	9
5351	10
3429	13
2928	9
4807	13
4061	13
1575	2
3624	13
5041	10
5202	10
4957	10
1635	5
4770	9
6149	11
3039	7
4230	9
8153	15
1913	10
5736	10
4652	10
5797	13
4907	10
5801	13
4654	5
3956	10
3863	9
6081	10
6850	4
2733	6
6114	16
2716	12
4276	7
2694	9
3578	9
6026	10
3959	7
4435	10
5621	10
4543	10
2578	12
4250	9
7721	15
4624	14
4685	9
2843	6
3258	9
3450	9
5625	11
3547	12
5852	13
4601	13
5631	11
4820	4
4222	14
3660	13
6079	11
3632	9
4244	14
4788	10
4117	10
2543	12
4314	11
4954	10
5281	10
2933	9
4821	10
5663	10
4599	13
2520	9
4981	13
5200	10
3176	12
5007	9
3383	10
4211	9
5347	11
4595	9
5172	10
5738	13
4311	9
4476	10
4247	7
5456	14
6063	10
5277	10
4173	14
5951	11
5088	9
4083	9
4149	13
3591	10
1801	6
5909	10
4196	9
3913	9
6171	10
3179	12
4712	10
4278	9
3449	10
4064	9
4871	9
3543	9
3248	12
5848	10
5568	10
5416	10
940	2
4453	9
6056	16
3572	5
4788	10
3767	9
4137	9
5325	10
6036	10
5399	14
3860	13
4473	9
4699	9
5686	14
5297	13
3864	13
4535	14
5108	13
4727	13
4501	13
2610	7
5262	13
2700	9
4454	9
5155	9
4367	10
4302	5
4942	14
3061	9
4981	13
8457	4
1432	6
4716	9
3494	9
4361	7
2191	6
5639	10
3809	9
4641	9
6645	4
4855	10
3742	13
4528	9
5563	10
2785	12
3994	9
4844	10
3397	9
4778	9
2375	9
3454	9
3505	5
4484	9
6031	10
3437	13
4920	10
3618	9
1676	2
4060	8
3279	13
4636	3
3085	6
4712	10
4310	13
3184	9
5585	10
4754	5
5010	13
3041	13
3776	9
3896	9
5250	8
3724	9
5369	13
4986	13
4540	9
6225	10
7603	15
4720	13
4851	11
2606	9
3231	9
4424	9
7536	15
3092	9
4919	9
4921	9
3920	10
6024	10
6072	10
6611	11
4369	10
5284	10
3482	9
5635	13
4953	10
4917	10
3703	9
1977	6
3309	9
4605	11
4231	9
3725	13
5198	10
2694	12
5066	8
3054	9
3959	9
4645	10
7222	11
4485	9
5366	13
3499	9
9151	15
3757	10
4385	13
3891	9
4476	9
3798	9
4059	9
4747	13
2334	9
5490	14
4207	10
3947	9
5621	4
4478	14
7664	15
5699	10
4395	3
4174	9
5484	13
5723	10
2987	9
3717	9
5393	10
3244	10
2255	12
3868	7
5541	10
5303	10
4933	10
3101	7
3444	9
5498	9
6232	13
4345	14
2742	5
5288	14
4816	10
4227	7
4755	13
4115	10
5281	13
3236	12
4850	13
4586	13
4050	10
2729	10
4731	13
3298	9
3479	13
3428	9
4747	13
5693	10
4729	9
4353	9
4072	9
5461	13
4747	14
1953	6
3181	12
6282	10
4985	14
3458	13
3866	10
4133	9
4285	13
1415	6
5593	10
7011	15
4556	8
4342	9
4031	13
2454	12
3722	9
2656	12
6668	4
5348	3
6142	13
6250	10
5676	11
4558	14
4951	8
3138	9
5536	14
5010	14
5311	11
3229	9
4821	9
2097	6
4341	13
3732	7
4175	9
3202	9
6004	10
5087	13
3036	9
4524	10
5074	13
3551	10
6127	16
4971	9
2853	5
3820	13
6997	11
3776	7
4501	10
3257	10
4130	9
3312	9
5013	14
5174	11
5220	16
4953	14
3706	9
6167	14
3643	9
3512	9
5575	10
6157	15
6110	11
4192	9
3468	14
4184	10
4729	8
4987	13
3439	9
6671	15
2654	9
3444	9
4148	9
5202	13
4403	9
3022	7
6495	10
2884	12
2925	13
4059	9
5359	14
4629	9
4798	9
8275	4
3761	9
3123	5
4735	9
3795	9
5251	13
2424	6
4072	9
6268	10
3442	9
5850	10
3706	7
4474	9
7157	15
4425	14
5925	10
5647	13
4633	9
1435	6
1918	2
5537	10
4631	9
2284	1
3727	10
8850	15
4402	9
5276	10
4777	10
6207	13
5687	10
4971	10
3049	12
5117	9
3269	9
2840	9
7157	4
3357	9
5306	4
4323	9
3570	9
4476	9
3512	5
4369	10
4566	13
2258	6
5133	9
4309	10
4308	9
3331	11
4228	9
4765	9
5211	11
4926	10
3785	10
4406	13
4043	9
6079	10
1914	12
4598	9
6030	10
5569	13
5329	13
6297	16
4933	9
3323	9
3887	9
2533	9
4354	9
2864	12
5199	13
3842	7
3272	9
4292	13
3731	9
3895	13
5893	10
4585	9
4001	9
4322	7
3951	9
3392	9
4432	9
3101	13
4020	5
6237	10
5167	10
5625	13
4089	13
3649	9
3995	9
3440	9
5310	10
4475	13
3929	7
4664	16
5125	10
4401	13
3571	9
5237	13
3292	12
4222	10
5166	13
4719	9
2601	13
5149	13
3953	10
5265	10
3812	7
3760	9
6318	13
4299	13
4644	9
5490	10
4744	9
6383	11
6115	16
2076	2
5232	13
4714	9
3517	9
3478	4
4922	14
5717	11
6207	13
4049	9
4404	9
5087	13
4441	9
3358	9
3583	13
5187	13
5573	14
3964	13
5270	14
4859	9
3351	9
5173	10
3750	9
4218	9
2772	9
4827	13
5008	16
4204	9
5531	3
5070	10
5394	14
5096	13
2943	9
6078	8
4228	5
3252	9
4637	9
4948	13
4064	9
2544	12
2547	6
5955	10
3812	13
5551	10
2671	13
4817	10
5705	11
4355	9
6148	11
3208	13
5763	11
4288	9
3002	9
4688	9
4010	9
4545	9
2942	9
3728	9
5821	11
5147	13
8680	15
5235	14
5480	13
3364	10
3401	10
4465	13
4559	13
4003	13
4505	14
3751	4
4827	14
3237	5
3998	13
5262	14
6078	10
4688	8
7335	11
6270	14
3742	9
4275	9
5993	10
4358	10
3693	9
6180	11
3416	9
4462	10
3583	9
3527	13
2949	9
4296	9
4237	9
5115	9
4997	13
5336	10
2963	10
3637	9
3735	9
3662	13
3167	13
5279	13
4707	13
6907	16
5856	4
3303	9
5856	14
5130	13
5564	4
4399	10
5328	10
4915	14
4321	13
3340	9
4905	9
2697	12
699	2
4666	14
2313	6
4083	14
3164	9
4615	9
5113	10
2949	9
5586	10
4417	9
6949	15
4610	9
4786	13
3974	10
3724	8
5961	10
3104	12
6458	16
5505	10
2622	10
5666	14
5196	13
3496	5
2352	7
5134	8
4352	9
2301	6
5721	10
5689	13
3133	7
3861	9
5128	13
3236	9
4740	9
4584	13
4022	13
3763	7
6120	14
6181	13
5225	10
3127	9
6236	15
3820	9
5151	13
2921	9
3089	9
4911	10
5295	13
6364	15
6749	11
3931	9
5041	9
5306	14
5567	10
5680	10
4745	11
5503	13
5090	13
1689	6
5962	11
5299	13
5238	10
7240	15
5027	13
4039	9
4182	9
3332	9
3662	9
4542	9
4524	10
2209	9
3717	7
3394	11
3340	9
4208	9
4783	9
4024	5
4176	10
2889	9
3213	12
3692	12
4460	7
3377	13
4450	10
2627	9
5135	11
3387	10
6426	11
4682	4
3068	9
3787	13
4810	10
3410	9
4614	9
4549	8
4394	10
4380	5
3314	5
3497	12
5273	8
6054	4
4526	14
4552	14
4232	9
4970	9
4948	9
6087	10
4709	13
4440	10
3752	7
3986	13
4646	10
8125	15
5682	13
6443	13
3351	9
3815	9
4326	14
4028	10
3698	10
3688	9
3775	9
5576	16
1967	2
4456	7
4965	11
5119	13
3709	9
4357	10
5369	13
4330	9
6017	10
4116	14
4044	9
4061	9
3458	10
4169	13
5719	16
3089	9
4559	9
4659	9
3735	5
5793	10
4059	9
3823	10
4961	13
5314	16
4766	13
2366	13
4085	9
3884	9
3725	9
3989	9
3084	9
5041	14
2664	10
3983	11
4149	10
2621	12
3855	9
4784	9
3085	6
3362	9
6139	10
5523	10
4130	9
2442	9
6291	10
4369	13
3689	9
8099	4
4226	13
8090	15
5154	8
5726	4
3575	13
4414	7
3955	9
5420	10
6092	3
2230	12
4376	9
3766	9
6916	4
2674	6
3499	10
4346	9
2212	6
5601	10
4000	9
4920	14
3360	7
4743	13
3764	13
3835	9
4379	9
4178	9
3901	10
2145	2
5676	14
4629	11
5467	13
4801	14
7179	11
4430	10
5294	10
3908	14
4065	10
5669	10
2948	9
4443	9
6153	3
4096	10
5362	13
5099	13
4173	10
3879	13
3427	12
4107	10
4187	10
3656	9
4542	13
3843	9
5339	10
4583	13
4877	9
3029	9
3924	9
7550	4
4009	10
5391	13
3709	9
5567	10
3883	9
4315	14
4657	10
4229	5
3658	12
4098	9
4162	10
4963	13
3497	9
4131	9
2946	6
4579	9
4850	9
4270	13
3028	9
3660	10
2322	6
2089	6
5095	14
4794	10
3812	9
4519	13
5890	10
4320	13
5356	10
3392	9
4116	14
6106	10
5855	10
3765	9
6089	10
2982	9
4188	16
8803	15
3501	16
4465	9
1797	2
6161	10
2833	9
5032	10
2338	9
5686	13
5790	13
5757	10
2543	9
3697	9
5310	13
4789	13
2294	12
6018	16
3048	10
4815	10
2826	6
4500	13
4261	13
4652	13
3024	12
3508	9
2380	6
5541	11
2930	13
3100	5
5698	13
2913	13
3632	9
3930	9
3744	9
5769	10
3805	9
4150	13
5519	16
5099	13
5226	13
3150	9
2898	5
3555	9
3356	9
7856	15
5576	10
4763	10
4381	7
4977	4
3722	7
4114	9
5316	8
3193	9
2464	10
4669	9
7455	4
3005	9
4384	10
3968	13
4441	9
6285	14
2251	9
6042	10
2040	6
4325	9
4756	13
2941	9
4770	10
4519	10
6124	14
1757	6
4761	13
5105	14
6215	11
5939	10
3708	13
6049	11
3651	7
4023	10
2105	2
4903	10
3369	9
5213	10
3879	9
4178	10
3016	9
3541	10
4661	9
5402	10
5291	4
3372	14
4315	9
6689	3
4141	9
4441	16
4766	9
5345	10
4997	9
2844	9
4422	10
4963	9
2754	9
3124	9
6130	10
5142	13
4526	13
4158	9
3172	10
4183	9
5115	10
5012	11
4389	13
3425	9
1959	13
4158	13
6020	10
4290	13
5102	10
2322	2
5224	10
4274	9
6112	10
4167	14
3935	9
5282	10
1732	2
5474	11
6137	13
3885	9
4211	9
6787	11
2634	9
3710	7
3364	9
5144	3
5100	13
5077	13
3010	9
3609	9
3444	12
4947	9
4372	4
4996	10
1756	6
2979	9
4357	9
3052	10
3500	7
5511	10
3851	9
4585	13
4791	10
4834	13
4948	9
4880	13
4514	10
5442	13
3066	9
4620	9
3464	9
4804	13
4119	13
5870	10
3963	10
1899	6
7565	15
2733	10
4899	9
5693	10
3261	9
5081	16
4879	9
6873	11
4293	10
2659	9
4651	13
4743	13
5364	11
3951	9
3462	9
4586	9
1775	6
5948	13
5649	10
7081	15
3321	12
5376	10
4093	5
3172	7
5992	11
3669	9
5569	10
3998	9
2882	9
4663	9
3271	9
3362	13
6219	3
5532	11
3555	9
4795	10
6629	15
2740	13
4903	9
4961	8
2003	2
5016	13
5338	14
3412	9
3201	9
4132	13
5479	10
3219	9
5391	16
3083	9
3618	13
3671	9
4540	9
2979	9
3202	9
4255	14
2586	9
3731	9
4266	9
4898	10
3142	9
3681	9
4330	10
3468	9
4020	9
4582	10
3521	9
3323	12
4972	10
3962	9
4204	9
3618	9
4801	13
4398	13
5051	10
3161	13
7030	4
5256	10
5744	13
4830	10
5124	13
4547	11
5612	10
4674	9
4510	10
4653	5
5145	10
5206	13
4229	9
3887	7
4367	13
5985	15
4002	5
4846	10
3616	12
3985	13
4553	9
5496	13
2192	9
3281	9
3848	9
3854	9
4507	14
4902	13
2720	9
4152	13
3690	10
3670	13
4708	10
5407	10
2686	6
3427	9
4989	13
4185	13
4867	13
4990	10
4104	12
4508	9
5208	10
5076	13
3462	9
3711	9
2045	6
5816	13
4272	9
4170	9
5168	16
2664	9
4022	9
4573	9
3954	9
5908	14
5269	13
5275	13
1378	6
4999	10
3610	12
1082	6
3791	9
4364	10
5259	10
8183	15
5076	13
3296	7
5720	14
4863	10
7313	3
4567	9
5399	14
4111	9
6236	13
4511	9
5303	10
3006	10
2613	12
2699	9
4745	10
5157	13
4252	10
5912	10
4686	9
3626	10
4299	13
4630	9
4042	10
1771	6
5650	10
2495	9
4284	9
4946	13
3159	10
2583	12
5348	10
5649	10
4645	10
2057	13
4332	10
5632	11
4610	9
3633	9
4313	11
5032	9
3172	9
5496	10
3782	9
2289	13
5159	11
3287	9
5490	13
1851	5
2992	10
6040	4
3015	7
4415	11
3193	9
5877	3
5325	10
4470	10
4496	9
5194	10
2246	6
4848	7
2555	6
5371	10
4707	9
3488	9
4996	9
5331	16
4201	9
6583	14
4599	10
4469	10
4464	9
4503	13
4548	9
4623	14
4337	9
3939	9
3789	9
6502	11
4428	10
4020	14
5748	10
3526	9
5899	10
3822	9
2901	9
6886	15
4136	9
4131	9
4001	14
6018	14
2550	6
4417	9
4420	9
6606	16
5439	13
4858	10
2764	12
3249	9
5235	9
5450	10
4555	13
5626	10
3468	9
5077	8
2747	9
5104	13
3787	7
5180	10
2278	6
6107	15
4220	9
4364	8
3164	9
4898	13
4846	9
4728	13
7017	4
5745	10
4473	9
3899	10
5427	10
6559	4
7493	15
3334	9
3051	5
2743	12
5459	10
4300	9
5389	10
2913	9
3098	12
1792	6
5479	10
3090	9
5354	13
6433	10
5871	10
1544	6
5685	13
5349	13
3594	9
4004	9
4957	10
4978	16
5393	13
4049	9
3605	9
4118	9
5276	13
3355	9
2955	9
6078	10
3756	9
4954	9
5226	10
3847	9
5075	13
5358	14
3478	9
2046	6
5477	13
4479	13
4592	14
5226	14
2157	12
3279	7
4723	9
6373	14
4418	9
3582	12
5048	13
4091	14
3541	9
4548	9
5280	4
3935	14
3996	9
5723	13
2521	9
3911	12
4911	10
6075	15
3934	10
2639	9
5399	13
3955	13
3549	9
3498	9
4759	7
4664	13
5734	13
3361	9
6009	10
3990	9
5332	10
4447	13
4853	10
3557	9
4941	14
3836	9
3134	9
7044	4
3244	9
4739	9
5427	14
5320	13
3138	12
4754	10
3549	13
5541	10
4011	9
4309	10
4306	7
5358	13
1952	9
5053	13
4139	9
4085	9
3514	9
4101	13
4841	10
4912	10
3900	9
5454	11
4936	13
2385	7
5043	8
4646	13
5987	10
6713	11
1868	6
6084	13
6227	10
9999	15
4070	9
4590	9
3897	13
6153	11
3879	9
4218	9
6663	4
3867	7
4700	13
3627	9
4766	10
4587	9
5299	10
6160	11
1811	6
5525	13
4160	9
4974	10
4042	10
4139	9
3720	9
5939	13
3823	7
6036	13
2532	12
6692	11
4481	10
6895	11
2977	12
6331	10
5588	10
6107	11
5371	10
3566	10
1639	2
3494	13
4402	10
2161	2
4716	9
4986	11
3572	9
3188	14
3078	9
5256	3
2701	10
5251	11
3228	10
3787	9
5937	10
4720	14
1961	12
3595	9
4017	9
4981	13
6432	10
4920	9
5256	10
3432	9
4098	14
5396	10
4378	5
5476	10
5739	13
3589	9
6693	4
4140	13
6962	11
3504	9
5372	4
3233	9
3497	9
6227	8
4317	13
5590	13
6383	15
3865	7
5002	13
3540	9
4357	9
3779	9
4650	14
4156	10
2804	9
4024	13
4737	13
3970	9
5135	9
5048	10
5888	15
4389	13
4024	9
2555	13
4672	14
3526	9
4363	9
3561	10
3727	9
2668	10
2097	6
1942	7
3745	10
3798	10
4285	10
4466	9
5795	10
3926	7
6349	15
4589	14
5997	13
4069	12
3515	9
3420	9
3978	9
6255	10
4598	9
5711	10
3528	9
5009	13
8380	15
3299	9
1908	13
5496	13
5323	13
3498	13
5217	13
4403	9
3333	9
4379	10
4535	9
5228	13
2888	12
4466	13
2077	9
4198	10
6323	13
4677	10
5045	13
3678	7
5750	11
5920	10
4299	9
5037	9
5645	13
3757	9
5129	10
5157	13
3913	9
2664	9
4376	9
3023	13
6161	10
4448	9
3131	1
2743	9
5669	11
4651	9
4699	10
4365	13
4621	9
5358	10
2052	12
4984	16
4766	9
4666	10
5032	10
5818	10
4504	13
4854	10
5795	10
4528	16
4321	13
4094	14
3155	9
5431	10
4259	9
3989	9
4836	13
2817	14
4774	13
5110	9
5943	14
5468	13
5876	14
2634	10
4418	9
5505	10
6111	14
4433	9
6575	3
5493	13
3566	7
5010	16
6526	10
6796	11
5236	13
6226	11
3330	9
3012	9
5961	13
4620	13
5470	10
3331	13
4967	10
5796	16
3648	9
3318	10
5473	4
6297	14
2267	6
4552	10
3949	9
5035	14
5164	7
3114	9
3699	10
4926	14
5477	13
4718	13
3904	10
3902	9
3300	5
5430	13
4587	9
5380	10
5616	13
4473	7
5380	13
6304	16
3595	13
8281	15
5705	8
4994	14
5630	10
4049	9
5584	14
6510	11
4302	9
3424	7
4435	9
3894	5
2578	9
7239	3
6310	15
5719	13
7865	4
4193	5
2742	12
4569	10
4452	9
3197	9
3265	10
4680	10
6937	11
3992	7
3510	9
3667	9
3804	9
6534	10
3892	9
2885	9
2192	13
4122	9
4333	13
4470	13
5564	10
5116	5
1928	12
1879	9
3670	9
5807	10
4227	10
4547	13
3995	9
4689	10
5332	9
5375	13
1001	9
3445	9
4606	13
2853	6
2828	12
3395	12
4980	10
4174	10
4566	13
3618	7
4448	10
4983	4
8162	15
3477	9
4833	9
5081	10
2159	6
4306	9
3688	13
5243	13
2382	9
3302	9
4140	9
3592	10
3990	9
3508	9
5982	10
4775	9
4499	10
3845	7
4454	9
3004	12
4863	13
4147	13
5874	10
6428	10
5236	10
3245	9
4503	9
3627	9
3437	9
3372	7
4423	9
4502	13
4169	10
4831	14
3253	10
5717	10
5037	9
5762	14
1886	2
3891	9
3783	10
3475	7
4971	13
3655	9
6252	14
5038	9
4373	9
5928	10
2631	5
3920	9
5578	11
5487	10
3844	9
5743	11
3591	9
3028	9
3170	9
2979	9
3068	7
6525	11
2289	9
3571	9
1070	2
4379	10
4232	9
3985	13
5078	10
3585	9
5664	13
4603	10
5333	10
5213	10
4112	10
3934	9
4838	9
4407	9
4321	10
4962	9
2905	12
1930	9
5414	10
5117	10
4336	10
4172	9
4692	9
4328	10
4020	13
5544	10
4921	10
4300	10
3989	10
2321	12
8005	4
5925	14
3582	9
3741	10
5412	10
3194	12
5445	13
6349	15
4388	10
5075	10
5267	14
4149	9
3662	12
5808	10
5106	13
3428	7
3608	11
4907	14
3107	7
5128	13
2777	9
2938	9
5015	13
4234	9
3195	12
5217	10
4385	9
5199	14
5106	14
5266	10
5354	13
5111	10
7230	4
3150	9
5187	13
5208	10
4768	10
4303	9
2127	9
3910	9
4894	14
2001	6
4924	13
2960	7
3742	9
2430	6
2699	12
3560	9
4607	9
4667	13
3791	9
4188	9
4387	9
4239	12
3638	13
2372	14
3378	9
5378	15
2772	10
3536	9
7094	11
4596	10
3009	7
4367	13
7644	11
5775	14
2435	7
4284	13
3754	13
1545	2
4569	10
2873	6
5418	10
4010	9
2438	9
4521	10
4589	14
2435	9
3989	9
3752	13
5000	10
3113	9
8764	15
4268	9
4008	7
4004	9
4192	9
4917	13
4949	10
4773	10
4800	9
2661	9
3578	9
5369	13
6379	3
4503	9
4433	9
4379	9
5706	10
5128	11
4709	10
5744	10
4174	9
4168	9
5933	10
1471	6
3696	9
5450	10
4437	13
5590	13
5032	10
5404	10
2985	9
3706	9
4503	13
5850	11
4614	9
4724	10
3457	7
4377	10
4618	10
5058	10
5586	13
4042	11
5850	14
6142	10
4081	9
1580	6
5516	13
4734	9
4589	13
4539	7
3894	5
4410	9
4589	10
4392	13
5025	10
3910	9
6023	10
2121	6
4542	10
4570	10
3706	10
3420	9
3529	9
4635	9
5331	10
4461	9
6028	16
5393	13
2641	12
4772	13
6403	16
6263	11
4695	9
5306	13
3825	9
5819	10
5405	10
3352	9
5771	13
3650	9
4116	7
6235	10
3434	9
6530	10
3665	9
5652	13
3344	12
4140	9
3454	9
3561	9
5970	10
5726	10
4783	10
4916	9
5929	10
5122	13
3256	12
5262	13
3880	13
2440	12
3559	9
2661	12
2421	12
5481	5
5194	10
2256	13
5262	13
2829	9
5727	13
3057	9
3903	13
1648	2
5712	10
3106	7
3416	9
5084	10
5067	13
4821	8
5359	13
3547	13
4496	9
3494	9
4481	10
4703	8
4149	13
3878	13
4179	10
3188	7
3714	13
3724	10
4419	9
3655	10
6487	8
4072	9
3787	9
5138	10
5623	10
5531	11
3614	7
4344	9
5289	3
3278	9
2840	9
5940	10
5491	13
4101	10
6598	4
5048	14
4577	14
3619	10
3356	10
3792	14
3725	9
4089	14
1274	2
3614	9
4761	14
4265	10
5813	11
4371	9
3256	9
2219	6
3891	9
4214	14
4239	10
5401	9
2256	9
3248	9
5807	10
5216	10
7077	11
5829	10
5767	11
3984	9
5596	10
3751	9
6722	15
3651	9
5564	11
5345	13
6260	11
3415	9
7041	11
3790	14
7414	11
3642	8
5311	13
5058	14
3914	9
3810	9
3152	13
4301	5
4713	9
3428	12
4723	9
3437	9
2512	9
4296	9
4420	10
4412	9
3492	9
3647	9
5671	10
4753	10
4330	14
3839	9
3877	14
7512	11
2563	9
2407	12
6253	13
3672	7
4539	16
5219	13
3621	5
5326	10
5355	13
4200	9
5540	10
4430	10
3406	9
6245	10
4383	10
5340	13
3359	9
6248	10
6249	10
4183	14
2217	7
2677	9
5004	10
5379	10
4108	14
1841	6
3197	9
1856	6
4344	13
4337	7
5492	10
7662	11
7831	4
3111	9
5051	10
5873	13
8163	4
4279	10
4114	9
4855	13
5989	11
4588	5
3604	14
3635	9
3579	9
4560	9
4018	14
2316	6
4809	13
5600	10
5426	9
4881	14
5075	9
5058	10
6389	11
4720	10
3423	13
4485	9
3839	7
8317	4
5158	13
5219	11
7466	4
4722	4
1102	2
3524	9
7579	15
4395	9
4186	13
5673	13
3819	13
4794	13
6510	10
2366	9
3717	9
5325	10
5063	10
4904	13
3792	9
7965	4
3391	9
5681	14
3730	7
3438	9
3355	13
3976	10
3524	10
4918	10
5263	8
4853	10
5909	14
5400	9
4467	7
5558	13
3946	13
3771	13
6470	14
4526	14
6169	8
4136	9
5020	4
5305	11
3698	9
4986	16
5386	10
3634	10
4340	9
3811	7
4206	9
4479	14
3055	9
2933	10
3769	9
2673	6
4894	13
1933	9
5141	13
3079	9
4079	7
5342	13
4363	9
3624	9
4434	9
5613	14
3248	9
4015	9
5001	10
4798	10
6046	10
5118	13
3944	9
5801	11
2659	9
2949	9
2117	2
3822	9
6634	16
4622	9
3640	9
5642	10
5572	13
4820	14
5897	3
4885	5
6331	11
7055	4
6182	10
5388	10
2803	14
3219	9
6315	10
3195	13
4947	13
5127	13
4635	14
5866	10
4958	13
3119	9
4063	14
6002	13
4175	10
4737	10
6086	11
4616	13
3912	9
4725	13
3717	9
4176	9
5664	10
4527	10
5072	9
3326	9
4031	9
3464	9
5306	14
5351	10
4619	10
8086	3
3501	9
4198	9
3834	13
2858	12
4912	10
4108	13
5444	14
6035	10
3749	10
3476	9
5743	10
4009	13
3527	7
5143	10
2482	6
4114	9
6020	11
2879	12
7879	4
4537	5
4587	5
5560	13
3732	5
4820	7
5913	10
3915	7
3762	5
4667	13
4635	7
3361	9
4932	9
2368	6
4384	9
3196	9
4466	9
6745	10
3540	9
5017	5
4553	13
3676	9
1850	6
5332	13
2718	7
2003	7
2879	9
4826	9
2969	13
3848	10
3870	13
5287	9
3553	9
2953	7
3642	13
3963	10
4213	14
5121	13
3833	10
3623	9
3419	12
2620	6
4548	16
5349	10
4385	9
1880	6
3166	9
4455	7
2576	9
2514	6
5611	13
3934	9
5781	14
4767	10
5754	14
4396	10
4215	10
4852	10
2676	12
3506	12
5090	13
4441	9
5732	11
5531	13
4226	9
3516	9
4253	9
3863	9
4619	9
1913	2
4011	9
4800	13
3606	9
5707	10
1744	6
3611	9
5822	8
3986	14
2814	9
3106	9
2975	9
4781	9
5951	10
4938	10
5067	14
4523	7
5106	9
4932	13
4705	9
6026	16
2803	12
4380	7
5280	13
4859	10
3518	13
4666	9
3294	9
6942	3
4709	13
5170	10
5004	9
4120	9
4388	5
2696	9
5184	13
5740	10
5278	13
5550	10
5822	13
4837	14
2876	9
5077	13
6075	10
4439	9
5011	9
4458	9
5087	13
3389	10
4312	9
4121	9
4998	14
2976	13
4609	13
4228	5
3755	9
4079	9
4878	13
4681	9
1995	2
4270	9
6078	10
4598	9
3768	10
2300	6
5028	9
5423	10
4037	13
6189	10
4132	9
3779	9
4211	13
2803	6
3943	13
4886	9
5014	9
3229	9
2773	9
3211	9
2281	9
4311	9
5941	10
1642	9
5204	13
3776	9
4976	9
2988	9
5809	10
3899	3
1969	6
4214	13
5385	5
5891	10
4989	10
4481	5
3743	4
3318	9
4893	13
5094	11
5491	10
3996	10
3415	8
3464	9
6675	3
3911	9
4270	7
4146	9
4494	9
4159	13
4820	13
2827	9
7562	4
3741	10
2302	6
4878	9
3004	13
5190	10
5264	10
4314	9
3872	10
4324	10
4789	10
4393	11
3541	12
5144	9
3535	9
4343	10
4801	13
5720	14
5780	8
4092	9
3958	13
3323	1
1406	2
5844	10
4201	9
5835	10
4579	13
4057	9
5529	13
5001	10
5201	10
4855	9
5273	10
3320	13
3573	9
5021	11
4821	10
3918	13
4551	9
4810	13
4469	9
3878	13
4982	10
4442	9
3935	10
5532	10
5219	10
3570	10
4183	7
4355	9
4083	9
5925	10
5062	10
2940	9
4137	10
4438	14
4322	10
6153	11
2181	6
5379	11
4833	10
4004	13
4325	9
4449	13
2617	8
2890	7
6588	15
5952	10
5335	10
5852	10
4101	9
3901	9
3634	9
3054	7
1762	6
5017	10
3869	9
5676	10
5024	9
4706	10
5357	10
4433	9
4070	11
4959	13
3407	5
3767	9
3854	9
4188	9
3473	9
4895	10
4435	9
4132	9
4116	13
3652	9
3527	9
4807	9
5878	14
4566	9
5220	10
5790	10
4818	9
4169	9
2209	9
5831	10
5901	13
7887	11
5097	13
3634	9
3930	13
2872	12
3067	9
3879	9
4722	13
4197	9
4758	14
3615	9
3531	13
4694	9
4290	14
6071	10
5763	13
4128	9
4326	9
5462	13
3750	7
4383	13
4122	9
4716	13
5994	10
5311	10
3861	9
5374	13
4728	9
4902	13
7361	4
1952	2
2874	9
6051	10
2816	9
2930	10
5786	10
4400	13
6316	3
4649	11
5471	8
4647	10
3752	9
5857	14
4443	9
2453	9
4455	9
5157	10
1799	6
5953	16
3761	9
5570	13
4302	7
4521	9
5333	13
3758	9
5840	10
4995	4
3707	9
3709	14
4848	11
5338	10
2342	6
4541	11
5267	13
5506	14
4628	11
2832	13
4157	9
5042	13
4397	10
4679	13
6169	4
5275	13
4629	9
5345	10
4941	16
2115	6
4099	13
6092	13
4690	9
4018	9
3547	10
5048	9
4354	10
3242	9
5221	13
6259	10
3142	9
4588	9
5580	10
4923	9
4203	9
3888	13
2248	10
5719	14
4492	13
4001	13
5509	15
4681	13
5457	10
4376	9
4056	9
5521	10
4868	10
4352	9
4113	9
5470	13
4466	9
3010	7
6412	10
5883	13
5877	14
4304	11
3610	9
5556	13
3774	9
5311	10
1851	9
4721	14
4439	9
4060	9
2576	13
2808	9
4347	16
2370	6
5987	10
4332	13
4674	10
2350	13
2956	12
3067	13
6257	10
4545	10
5065	13
3502	12
3526	9
5259	10
3130	13
2531	9
5062	13
3341	7
5293	13
3713	8
4523	9
4264	9
2402	6
3896	9
3965	10
4037	10
4691	11
2838	9
6020	13
3722	10
3237	9
6167	10
5225	13
5925	13
4915	9
2877	9
5309	10
4216	10
4844	11
6165	10
4115	9
4595	10
4165	9
2192	7
4881	9
4919	14
5384	14
5474	10
4251	7
5494	3
4650	13
4322	10
2402	9
5864	13
6298	10
4998	13
4866	13
2933	9
5145	10
4274	9
3228	9
3523	10
5474	13
5267	13
5462	14
5265	13
5938	13
3829	9
4077	13
5988	10
3140	9
4434	9
3942	9
5028	13
3781	9
4133	7
4616	5
5247	10
3844	9
4439	5
4363	9
3485	7
6075	11
2463	9
3660	9
3430	9
3779	9
3334	10
5099	10
3718	5
3958	9
3178	9
3469	9
3907	9
6576	15
7008	4
5681	13
3682	9
6177	10
4644	13
6212	11
2983	12
3319	13
4402	9
4944	9
4160	9
3218	13
3293	12
5059	10
4464	10
5280	13
8729	15
6038	11
3830	12
4156	9
4593	9
4054	9
3788	9
5336	13
3447	9
3890	10
3308	9
4810	9
5538	10
2554	9
3876	9
5351	10
5229	13
4875	14
2555	12
4420	9
3488	9
4336	13
4768	10
4675	13
3779	8
5744	10
4118	9
5993	10
6560	10
3383	9
3991	9
6231	10
4839	5
4588	10
4504	9
5357	10
5780	14
4601	9
4152	13
3484	9
2908	12
3566	10
5238	10
5129	10
4324	10
2956	12
6403	11
4043	9
4975	9
3463	13
6515	10
5607	10
5573	10
4518	14
3606	9
3867	10
4340	9
3789	11
4475	14
7095	11
3996	13
3672	9
6296	10
3546	9
5648	10
3276	12
4793	9
5588	13
5543	14
4749	9
4216	13
4578	10
1107	6
4580	10
3482	9
3475	9
3540	9
4397	9
4272	13
3719	9
2832	9
4192	7
5164	9
4162	9
6299	11
3629	9
3690	9
3830	13
2453	2
2663	9
4138	9
6785	4
3731	9
3418	5
5571	14
3951	9
4952	13
6663	11
5804	10
4723	13
4190	10
4580	9
4918	10
3873	10
4861	10
4064	13
3692	10
4756	16
5455	14
4412	9
2849	9
5720	10
4205	13
3530	10
5214	10
4207	9
7337	4
3338	9
4114	9
3710	9
4867	13
4764	10
4587	10
5295	10
5183	10
6250	16
3657	12
4179	9
4317	9
6764	11
3159	7
3224	9
3408	9
4868	13
5820	10
6081	10
4192	9
4699	9
5913	10
4898	10
5072	13
4672	9
6191	10
4414	9
5323	10
5130	13
3297	13
5750	10
3823	9
5769	13
3765	9
5177	10
4734	13
3612	5
3910	9
4311	9
4431	10
5004	10
4101	13
3243	9
4399	14
3757	9
7167	11
4843	9
4775	9
5217	13
4557	10
4489	9
3357	9
4071	8
2055	9
5993	13
4375	10
4546	10
3740	12
4085	11
3509	7
2465	9
4163	16
5793	10
6569	3
5353	10
2680	12
6218	10
6329	10
4040	9
5598	10
5266	13
5354	8
4702	9
4977	10
5633	16
4376	9
4925	10
3763	13
4862	9
4087	10
4005	7
2102	14
5894	11
5881	14
5695	10
2217	6
4391	14
3822	9
6556	10
4216	9
4955	11
4071	9
3002	12
2968	12
4013	9
3886	10
4161	9
3164	9
5305	11
5872	14
3530	12
3962	13
4201	9
4540	9
3507	9
3654	9
3665	9
4181	10
4382	13
2672	12
4613	9
3457	9
5640	13
5909	10
4463	15
3241	10
3523	9
4276	7
6213	15
2376	6
6459	11
4293	13
6117	13
4446	13
3925	13
4902	13
4422	9
4282	9
4423	9
3801	9
3291	12
3868	9
5658	13
4095	10
4017	10
6656	11
3390	13
7077	3
5056	10
3845	7
2296	5
4863	10
4718	9
4413	10
2875	9
4285	7
5274	10
4045	9
5578	10
2549	9
4880	10
4805	10
2446	9
4804	10
4711	5
4840	13
4756	10
2790	9
4082	13
2790	12
5738	14
1854	9
3541	12
4870	7
5898	4
2641	12
4512	16
4554	10
4960	4
3765	10
7339	15
5935	13
5100	13
2293	6
5441	10
5664	10
3665	9
4827	10
3591	9
4036	10
3200	8
3697	9
5222	13
5673	13
1357	6
3387	9
4802	10
3179	10
5157	13
3770	7
2613	9
2689	9
3608	7
3432	13
5178	13
3320	9
5968	10
3283	9
3962	10
3082	5
5600	10
3983	9
4192	10
4129	9
5424	10
4591	13
4534	9
5390	14
4983	13
3546	9
3970	9
4206	7
4127	9
4817	13
4531	15
4935	9
3948	9
3898	10
5738	3
4522	9
4795	13
5554	13
2223	9
4133	9
3957	13
5025	10
5554	10
3397	9
4573	9
4898	9
3622	7
4701	10
4821	10
3609	13
6202	11
4876	10
6637	3
3649	9
4858	10
5372	10
4277	9
6054	15
4059	10
3279	12
5046	10
5564	8
4229	14
3024	7
4822	13
3983	9
5374	14
4132	9
4635	10
3759	4
4175	10
3013	12
3767	13
6357	3
5443	10
2962	9
3753	10
2910	9
5305	13
5178	10
4555	9
4958	13
4789	9
6398	4
3112	9
5567	13
3845	9
4855	10
5267	11
2495	6
5843	13
3679	9
4740	10
2503	9
3793	9
3763	9
3462	14
5753	10
2768	7
5387	14
5339	10
5753	13
4001	9
5412	11
2467	12
4170	9
4487	13
3877	9
3764	9
3803	9
4157	10
4129	9
2741	9
4534	13
4683	11
4076	10
4479	14
6436	11
3954	14
6204	11
968	13
6042	13
2518	6
5334	10
4198	10
5128	10
3281	9
6401	11
3136	9
5505	16
4164	9
4796	11
3426	9
3800	10
4849	14
3345	10
5412	10
5602	10
2751	9
4443	10
8955	15
4605	16
3558	10
4265	9
3968	9
4461	9
2303	6
4848	10
4443	14
3364	13
4122	14
5774	14
3418	9
3474	9
3414	8
1610	2
4752	13
4521	9
4493	9
3637	9
5782	10
4452	14
4048	10
3231	7
3481	10
5939	10
5362	10
4888	13
5571	10
3992	5
5401	10
2918	9
2699	12
4255	9
5090	10
5012	10
5579	10
2474	7
2744	12
5659	14
3136	9
5299	11
2168	6
5249	14
1958	6
2617	9
3128	9
2323	2
4159	9
5159	13
4775	8
7094	4
3365	9
3282	9
6569	10
3917	14
1905	6
4478	13
3495	9
3650	9
4062	13
3274	9
1646	9
5025	14
7273	3
3322	9
4891	9
2732	10
2707	9
4072	10
4037	9
5114	9
3518	10
5127	10
3632	10
4565	14
5199	10
3949	10
3013	9
4247	10
3363	9
3424	10
3760	9
5796	10
5123	10
6176	11
2491	7
4465	10
4309	9
2521	9
4357	13
5483	10
5991	10
4787	9
2650	9
2650	9
4353	13
3073	9
3744	9
3489	9
5527	10
6833	3
5278	10
3675	12
5317	13
4811	7
4571	10
4266	13
4335	13
4229	9
4405	9
5445	13
4481	14
7522	3
3564	9
4064	9
4270	13
4770	9
4849	16
7415	3
3732	9
3633	9
4592	13
4583	13
2209	6
3966	10
4753	9
3518	9
4437	9
2036	6
6353	10
2516	1
2886	9
4348	5
2807	12
3577	10
6003	10
2275	12
4499	9
4519	13
4615	9
3678	9
5966	16
4268	9
3852	9
5881	10
4269	13
4263	9
5261	13
2081	12
4208	14
6273	10
4422	5
3166	9
4302	9
2410	6
3873	9
3667	9
4023	13
2998	9
4388	9
4449	13
4425	9
4753	10
4876	13
4885	13
4543	9
3671	10
3560	13
4562	8
2297	6
3668	9
3844	9
3421	10
4806	9
4271	9
5004	13
3107	9
3194	13
5067	13
4161	13
4776	10
3714	9
2511	9
4934	10
5910	13
4654	10
4670	9
4604	9
4731	16
4382	11
4273	9
4168	9
5084	11
5804	11
4394	9
3648	7
2724	12
4664	13
5422	10
4991	13
4780	8
6921	11
4682	11
4860	13
4740	10
1740	6
3421	9
5022	10
3907	9
5150	10
4160	9
5767	10
5203	10
5611	14
4122	10
5881	11
4103	14
5531	8
4833	9
5304	11
3974	9
4410	10
3777	9
3848	9
3333	9
4613	9
6554	4
4413	9
3910	9
4937	10
4215	9
4791	10
4785	13
4518	13
6490	10
7772	11
4059	14
4088	9
7293	4
4560	10
4662	10
6561	11
4484	9
4559	10
4362	13
3717	13
5226	13
4129	10
4636	9
3951	9
4972	10
3974	9
2066	2
3121	7
4876	10
3706	7
1711	6
3269	9
4607	13
4657	9
6186	15
3076	9
2658	9
3255	8
4502	10
2989	12
4170	9
2870	9
6225	10
4222	9
5076	9
4543	9
4420	9
5033	13
5877	13
4273	9
2546	6
3011	9
3815	9
6097	10
3193	9
5336	13
4170	9
7755	15
3729	10
5261	10
4321	9
6119	10
5066	11
2492	12
4588	9
4961	13
4219	13
6242	14
4658	9
4001	7
5127	4
4541	13
1665	2
1834	6
5660	10
4196	9
3366	12
3857	10
4442	9
6174	10
4397	9
5378	14
5053	10
4062	10
2900	14
5503	10
4979	9
2772	1
3648	7
4975	13
5046	10
6194	14
4753	9
2948	9
4603	9
4266	9
4069	9
4472	7
5261	8
2888	9
2768	9
4139	13
3706	9
4335	9
3763	13
4722	9
4733	9
4718	10
4342	9
4444	9
5173	10
4334	9
3858	5
8660	15
3995	9
3787	10
3279	12
4794	9
2627	9
5558	11
6583	13
2942	12
5523	10
3587	9
5354	14
5618	10
6625	4
6804	4
4578	13
2223	12
3992	8
5380	16
4838	7
4074	9
6477	11
4676	7
4870	9
5699	8
4613	10
4774	13
3555	9
3375	9
4623	13
3904	9
3857	5
4911	10
2519	9
3171	7
5416	13
3866	13
4167	13
3709	9
4252	9
1244	12
4749	7
3551	9
4037	9
4213	9
6724	10
3963	10
4324	13
5065	10
4471	13
3908	10
4827	9
5914	4
1772	6
4278	10
2867	9
2368	7
4060	9
5432	13
2999	9
3725	7
4632	9
5404	13
3916	9
6163	13
5442	10
2444	9
4047	13
5149	13
4787	16
3328	9
4977	10
4342	10
4106	7
5610	10
3985	9
5571	15
4515	9
5844	10
5959	10
5205	13
2838	9
2834	9
4237	9
3732	9
5099	9
5850	10
6373	14
5186	13
5219	11
5517	10
5681	13
5340	10
3899	9
3169	9
6275	10
4745	16
5388	10
3624	13
3724	9
3150	9
5444	11
6616	10
3873	7
3702	16
7500	15
5370	10
4837	10
5051	10
6232	10
4251	10
2875	1
4283	14
3287	13
2818	9
5352	13
5151	10
7521	11
3285	9
3905	13
2404	9
5912	4
3038	15
4342	9
5911	10
3013	9
3823	9
5906	10
4957	9
4748	10
7944	15
3842	9
4088	9
3225	9
6168	10
3956	7
4542	13
5952	11
2928	12
4106	9
5545	13
4463	9
4529	9
6052	13
3747	11
3961	9
3871	13
5764	13
4934	9
4440	10
5680	10
3305	9
4275	7
5524	14
3920	9
3566	13
3481	9
3938	9
4570	5
6180	10
5175	16
2808	12
5570	10
4027	9
3915	10
3361	9
2736	6
4710	11
3353	9
4626	10
4869	10
3961	7
4709	8
4108	9
2600	9
5120	14
5266	8
6992	4
3294	9
6634	11
5122	13
4894	11
6355	4
5355	11
4462	7
3019	9
4025	9
5160	10
5690	10
1931	6
6088	11
7013	4
5737	10
3946	9
4413	13
4210	9
3661	10
3160	9
3533	9
5025	8
1740	6
3909	9
5260	14
4940	8
4038	9
4666	9
3758	13
5740	10
4467	9
8051	15
4149	13
4844	13
3452	13
2702	9
3578	9
3573	9
4403	13
4565	5
1929	12
4803	9
3936	9
2272	6
4454	9
3786	9
7666	15
4426	7
4772	13
3070	9
6644	4
4355	9
3946	9
5815	11
3836	13
3546	9
2490	8
3145	9
4258	9
3167	9
6548	13
2917	9
4032	9
4716	9
5336	14
5661	13
3741	10
7136	4
4039	9
3431	9
3845	10
3974	9
4378	9
3760	9
4208	9
4678	8
5507	14
4632	11
4016	13
3420	9
5887	8
4752	13
2575	9
5209	10
3890	9
3475	9
4346	10
7425	15
5299	10
5975	4
3759	9
6402	13
3873	13
4588	7
6351	11
4383	9
3896	13
6180	14
5801	14
4159	13
4362	10
1716	6
2485	7
5378	14
4179	9
2749	9
4071	9
4514	9
5778	10
4816	10
3276	9
4796	13
5968	13
3662	12
3354	13
4503	10
3857	11
5865	10
5410	10
4735	13
5071	13
4534	9
6799	11
4296	9
4161	9
2909	12
2297	6
4291	14
4345	14
5336	10
3562	9
4511	13
3903	10
4569	11
1603	2
4435	10
4503	9
5282	13
3529	9
5040	13
2271	9
1558	12
3781	9
2363	6
3961	9
5346	13
5215	13
5788	14
5409	11
5548	13
3230	13
2695	9
4278	9
3767	9
4707	14
5318	11
4773	10
5443	14
1755	9
4605	13
3983	13
3757	10
4095	7
3794	10
5236	10
4518	9
3161	6
5775	10
3451	13
3714	10
5481	10
5035	13
5448	10
4289	9
3367	9
3937	10
3548	9
2755	9
3201	13
3386	9
4553	9
3737	9
4190	9
4018	9
3637	9
3633	13
1639	2
3164	14
3202	10
3719	9
3468	9
5587	10
3009	12
3975	9
3472	9
4121	9
5035	10
4098	5
4572	9
5222	10
4510	9
2465	9
5462	13
5878	10
4484	10
2849	9
4100	7
712	6
6248	10
4231	9
3313	12
3894	9
3227	9
3820	13
2280	12
5165	10
3915	9
3525	9
1889	6
4612	7
4349	9
1171	6
3294	9
7298	3
4721	10
4750	9
4087	9
4220	7
2935	12
4387	10
6644	10
3956	9
4680	9
2245	9
5012	3
3705	8
4276	7
4770	5
5588	13
4867	8
3968	9
4467	9
4466	9
5585	14
3126	8
4978	13
4225	9
2654	12
3646	9
2963	9
5916	10
3754	9
5304	13
3446	9
3531	14
3577	9
3303	9
3023	10
3909	13
3736	13
5102	14
4622	9
5630	11
4830	10
6244	10
4692	8
3402	10
3690	9
6078	13
6074	10
5567	10
6306	10
5031	13
5309	14
4991	13
7243	11
4384	9
4877	10
4262	14
3567	9
4232	9
3218	9
4132	10
3268	7
3564	9
4194	9
4543	13
4712	13
6332	10
4465	9
3843	9
2254	6
4965	10
2725	6
3198	7
6110	10
5333	10
5695	13
4091	10
6601	15
6102	16
4716	10
3717	9
2885	12
6049	10
