10	5943
16	6150
10	6248
3	3437
4	4088
4	3063
8	4872
4	4819
4	3956
8	3926
12	3622
16	6401
8	6845
8	5770
9	4434
12	4670
4	5728
11	4371
1	3132
1	3091
3	4073
12	6172
4	6610
10	2537
4	4842
4	4995
10	6508
4	4321
9	4809
16	6478
4	4671
8	5604
8	4910
9	4190
9	7261
8	3958
3	6268
4	3289
3	3772
11	6575
8	6302
4	6728
4	3921
4	3849
9	4017
4	6596
9	4496
11	2707
1	6496
3	2660
1	4672
4	4421
1	5939
11	4040
3	6243
9	8270
10	4311
12	2690
9	5930
9	6948
4	5230
11	4076
3	5031
12	4378
8	2912
8	4860
1	6326
8	5736
9	4192
4	5080
3	4782
4	5431
10	4579
4	4720
10	5550
4	3387
13	5706
4	5227
4	6694
1	6282
13	6793
8	3423
4	5727
9	3922
3	7564
4	3544
4	5661
3	4029
3	4223
10	5953
3	7251
1	3432
4	6451
4	4070
1	3956
8	3883
3	7121
4	5092
10	5106
10	5733
12	7129
10	969
4	4664
3	2636
16	4307
9	4694
3	2255
16	5566
12	5676
10	3637
4	2381
1	5885
11	3920
9	6747
4	3842
4	6768
1	4522
9	1877
12	4868
11	6944
8	5736
10	4551
9	5776
1	3350
10	3339
1	6244
10	5695
1	5650
3	2932
9	5549
4	2937
8	6250
1	6040
8	6934
12	4490
3	4966
3	6374
4	2266
8	6553
1	2707
3	8244
8	5341
1	4881
10	5089
3	4790
4	3324
8	5280
4	4240
3	2225
4	7085
1	4020
10	6088
4	3600
9	5601
4	5598
3	1741
4	5894
4	6299
15	4353
6	5214
4	4825
1	2281
9	4555
3	3848
4	4547
10	5233
6	8307
3	8895
8	6133
10	4262
9	3489
10	3979
4	2919
11	7660
12	4392
1	4547
11	4873
4	5367
9	4841
8	4905
4	3241
8	5434
1	7961
3	4516
12	4587
8	2465
8	5685
3	5978
12	4106
10	4621
1	4737
12	5223
3	3822
3	3990
4	5527
5	5071
9	3792
8	4070
1	4585
3	5324
10	5399
3	3983
8	3921
4	5942
10	6061
9	4376
4	2212
3	4731
10	4944
4	4624
10	4169
1	6878
9	7081
1	4264
3	5374
9	5332
10	5539
9	1752
3	3623
4	3254
4	3576
10	5594
9	7013
1	2212
1	3004
1	7767
9	4826
8	5732
12	6497
4	4062
11	3419
9	5147
12	2216
4	5613
8	7825
8	5182
1	5577
10	3527
1	6861
8	4169
4	6570
8	5035
3	7592
8	5115
10	4801
8	4201
8	5822
4	3526
4	6161
4	4521
3	4069
3	3666
3	3213
12	6879
3	4540
3	4541
4	5298
8	7394
3	2675
12	3671
12	5238
8	4257
9	2957
4	3901
16	5921
8	4440
3	7921
9	5307
4	3940
11	4927
12	6088
9	5588
4	5368
11	5177
12	4132
9	5517
3	5393
1	4969
3	7362
3	3782
12	4678
3	6847
12	4312
16	7444
10	4021
3	3459
4	4388
3	4647
12	6193
8	5738
1	6602
1	3558
12	7302
3	4721
4	4105
10	0
12	7050
3	4589
9	4037
10	4558
4	5309
4	1371
3	5968
9	5482
1	4182
4	3032
9	7968
3	5291
10	6010
9	5181
10	2261
4	4071
3	4767
12	3036
1	6358
10	5838
4	6298
8	5163
3	5501
3	3984
3	3972
4	7031
4	2544
3	6562
4	6622
10	2622
1	4580
4	4832
11	6311
4	6040
8	3780
1	5447
3	5732
4	4309
16	3986
11	5805
10	3801
4	6173
8	3036
8	7424
8	8053
8	2991
11	3427
10	5105
3	4955
5	4249
3	4175
11	4186
4	2750
10	6285
13	4592
4	7074
8	5176
4	4846
8	5922
11	4311
12	7561
2	6214
8	4808
11	1929
9	4272
1	2415
8	3793
4	4277
4	3480
8	4002
10	5051
4	5873
9	6759
4	4409
3	5248
10	6523
11	5310
4	1858
8	5362
4	4764
3	4560
4	6211
1	5282
1	5118
3	3026
9	4614
9	6217
4	4860
3	3750
4	6766
4	2993
8	3834
1	7095
12	4559
12	6579
8	4038
8	5008
4	4476
1	7491
9	7288
4	5545
4	2505
4	3942
3	4055
10	4345
8	8191
9	3678
4	3858
9	3349
11	6219
3	5223
4	5384
1	5664
8	6213
3	4460
3	3156
4	3029
3	5421
3	5593
4	4774
10	5095
3	5997
3	6154
8	3773
9	6367
1	5526
9	4292
4	5625
10	5073
10	5456
10	5134
11	5247
8	3185
8	7995
10	2868
7	5464
13	3568
12	6037
9	2913
9	2825
3	3903
9	3257
4	4752
11	4882
11	5534
9	8744
6	6315
4	5237
10	3639
8	7451
11	6788
3	6060
4	4753
5	6213
3	4639
3	5121
16	5523
4	4499
4	5394
11	7842
10	5466
9	6856
12	5164
3	6606
8	4751
11	5300
9	4636
5	3906
8	6204
8	5973
4	5556
1	5853
9	5095
1	5256
4	5096
9	5797
1	4847
3	5096
3	2756
11	5609
12	3559
6	5802
10	5944
4	4001
4	5198
1	5199
11	2510
10	6507
3	4935
9	3994
1	6436
3	3160
9	5547
8	4138
11	4517
4	2391
10	3610
1	5899
4	3587
4	4203
4	6246
13	7667
4	5217
10	3340
13	8771
4	6002
10	6247
16	4403
4	7696
9	7442
8	5179
4	6698
4	4007
9	7090
4	5959
4	8104
1	5419
8	4283
10	5612
10	3219
8	5019
12	4244
3	4224
11	5621
10	3308
3	3935
10	3747
11	3672
3	6994
10	6818
3	5260
12	4221
1	7116
11	3782
10	6514
8	6654
9	4935
11	3516
4	6373
9	6287
2	7838
4	8025
1	3932
8	4950
10	5842
10	2802
1	2650
3	4637
4	4790
12	4532
4	3377
10	5043
11	3245
1	4364
10	6826
2	4985
1	5055
16	4868
9	4250
3	7849
3	4518
8	4884
12	5315
2	4102
4	5080
4	4884
8	6684
10	3396
9	6083
3	4141
3	8508
8	7261
6	3939
3	5383
3	4987
10	6499
11	4667
4	7001
10	1403
4	3774
7	7425
3	6069
8	3467
1	5699
4	5042
9	5338
4	5796
3	6258
10	5591
10	3236
10	6380
4	3349
6	6574
4	2956
10	2705
9	6051
8	2397
1	4958
9	4802
3	2921
4	5838
1	3430
8	5864
4	5352
11	4503
12	3061
4	6952
10	4423
3	8202
10	3177
4	5187
4	4111
9	4731
4	5881
3	3309
3	3446
4	6765
16	4120
10	2861
8	3377
3	3377
9	4395
12	5332
4	5575
10	5671
16	6576
4	4210
9	6117
12	5736
9	4082
9	6297
4	5169
4	5424
3	5693
8	3887
4	5849
3	6577
2	5031
6	5988
8	7435
4	4389
10	5248
3	6157
4	5073
3	4587
11	5330
6	5689
4	4891
9	2965
3	6407
4	3694
1	4919
5	3827
9	7649
6	6453
4	4641
16	5957
3	7361
12	3586
8	5058
3	3247
5	3479
8	4808
3	6381
11	4480
4	7340
8	3451
9	6522
10	5343
8	4885
8	7726
5	6507
3	5484
4	4756
16	7455
12	6015
4	7178
3	7085
4	2946
4	6031
4	4191
11	5245
4	6245
12	5044
10	5152
3	4461
6	5562
4	4870
10	6628
4	4673
4	4662
4	4598
11	5843
4	4712
4	3345
4	5029
3	5986
9	6536
10	3811
4	2797
16	5181
3	4193
1	5668
9	4630
11	4980
12	5209
8	2069
4	6508
10	3886
4	5492
6	7550
4	5845
1	5545
8	7962
4	7415
4	5549
10	5307
10	3893
12	6554
8	4073
9	7323
3	5853
8	4664
11	2289
8	5595
3	6174
1	5551
9	5177
3	4172
8	5022
4	5987
4	4757
12	5363
10	2844
10	6892
9	5833
4	3485
3	6768
9	7179
3	5594
9	5167
3	6456
1	4567
9	5185
16	5831
3	3377
10	4078
4	3965
14	4689
3	3563
3	5869
3	2908
4	3356
10	5491
4	5161
9	4811
2	4358
2	3599
4	5094
3	5941
8	3121
8	6508
4	2374
1	8099
12	7084
12	6977
3	6512
4	3826
1	7476
1	8361
4	4375
4	3758
3	6720
4	6668
4	5436
4	3943
12	4408
9	3451
3	2037
1	4713
4	3297
9	4746
4	4612
9	4536
12	6892
9	4278
8	5738
12	4472
10	5955
11	6989
8	2966
3	6294
3	5870
8	5973
10	7360
8	4866
4	6999
3	6278
1	4868
12	4570
3	6925
4	3876
8	6654
1	2909
10	3637
4	4413
4	3834
1	4113
3	3426
12	5591
9	6386
1	5789
4	5102
9	4256
2	3822
3	2548
3	4897
8	3996
4	4291
1	5082
10	1556
9	5299
4	5185
8	7235
8	4508
4	6482
4	2141
1	5488
1	6139
3	6561
8	3570
3	4242
3	6784
8	5604
4	4461
4	5738
11	4585
3	4061
12	5982
10	4955
8	677
1	6388
4	4975
10	1753
8	5959
11	4234
8	4045
4	5857
4	4234
1	4911
16	7409
1	4174
4	3975
3	3377
11	5779
3	9999
9	4481
9	2949
9	5864
11	4696
8	4640
10	2923
4	5674
3	3899
4	5015
9	3407
4	5258
11	5569
8	5811
4	5962
3	5321
11	5642
16	6013
3	5025
9	4218
4	3577
11	4419
12	3670
7	7413
1	4384
12	2859
12	5754
12	6171
4	5834
11	5176
9	5972
3	5398
1	8578
9	5398
10	5191
10	3398
3	7340
6	4304
9	8360
3	6781
4	5538
3	4373
12	3326
12	7665
10	7199
8	5669
8	3640
9	5512
4	4694
12	6109
8	3833
4	5342
3	5954
4	4225
9	5648
1	5549
8	5735
9	5335
8	3616
4	4007
8	6713
12	6307
8	3313
11	5579
9	6986
9	4619
8	3384
9	4794
4	4536
8	4404
4	4785
8	4614
4	7067
4	4455
4	5143
12	4846
9	4003
4	2400
11	6040
1	4527
8	4412
4	2435
8	4812
10	4978
3	6075
3	3917
12	5088
8	4689
9	4486
1	4699
12	5537
3	3881
4	5374
4	5024
12	3822
1	4974
4	5964
9	3216
4	6283
10	5422
8	3523
4	3832
4	5720
1	6413
4	4794
14	6484
1	5583
10	6181
9	3870
10	4644
3	3452
4	6220
4	2731
8	3513
16	6024
4	6123
11	6298
1	5086
3	4603
12	7800
4	2767
4	7898
3	5010
11	6565
3	4364
3	5243
8	6199
9	6411
1	4618
3	4589
3	3449
1	2084
4	7391
10	5435
8	3779
8	4288
10	5003
8	5973
1	6547
8	5151
9	4317
11	4270
4	7091
3	4915
8	4805
12	6867
4	6789
8	5710
8	6645
9	4407
3	4123
11	3422
4	4341
3	5463
4	6074
10	5357
12	3528
3	6958
1	5880
1	4914
3	3966
1	3362
10	3741
10	5177
11	6529
1	5234
11	4575
3	6215
4	3440
10	3072
3	3672
4	4603
8	2695
11	9027
3	4982
3	8339
8	4024
3	4949
9	3034
3	4449
12	4301
9	3338
9	3612
1	5303
4	6460
9	3858
8	5164
3	4264
1	4169
4	4111
12	6370
8	3150
10	4536
4	3463
3	4764
3	5055
11	4716
10	3733
12	5993
16	5381
12	4624
10	7709
12	5914
4	4422
3	5342
13	6435
3	5298
3	6099
3	6994
8	6601
10	4410
4	4622
4	2955
3	3274
1	4539
1	5750
10	5001
4	7021
3	6913
12	3508
4	5700
3	4059
4	6672
8	3224
8	5109
4	5387
10	3496
1	4683
4	4445
9	3152
3	3455
4	3745
9	3631
12	4439
10	2965
12	7298
4	5154
9	5753
13	4972
9	4891
1	7175
10	5640
3	4900
3	3969
10	4368
8	6310
1	4718
10	6484
4	3885
16	5395
4	2776
6	5826
11	5188
6	5223
8	5173
3	5170
3	6843
12	7496
8	5286
9	4624
3	3332
8	6595
12	5771
8	4734
1	3532
8	5940
9	3711
9	6941
9	3537
8	5371
3	6347
4	6445
9	6607
10	3641
4	6334
10	3455
1	4781
4	5127
1	6220
1	5286
10	4389
4	7570
3	5375
12	5046
8	3411
3	5530
5	3380
6	4731
8	5104
1	6980
12	4747
11	4371
4	4026
3	4678
10	6219
3	7617
8	1701
9	5869
4	4348
4	6302
3	7070
4	3719
4	5347
4	5458
11	2660
6	5443
3	3874
4	4523
9	2785
4	3356
4	5834
9	6484
3	3620
1	4759
5	4176
9	6145
8	3752
9	4892
9	3254
6	6071
1	6371
10	6462
13	2727
8	5619
9	5137
8	5598
4	3604
9	4738
11	4621
11	5946
10	5218
3	7656
1	5324
12	5198
7	5577
10	7410
3	6721
8	4471
3	4754
8	6451
9	5154
3	5894
10	4972
3	5248
11	4028
9	7732
4	6174
4	2264
4	3115
12	4342
3	4297
4	7318
4	5634
4	3221
1	3416
10	3552
8	4911
8	4697
1	6056
12	3184
1	4714
3	5036
11	5851
1	3980
4	4824
2	4770
9	5745
4	3888
11	3766
4	4776
1	6747
9	6114
3	6573
