6429	0
6983	59
5622	1
7441	0
8909	0
1621	79
3698	0
4772	12
4342	3
8583	26
7058	0
4849	10
7039	3
7315	0
4310	0
5420	0
3599	0
5494	1
1884	3
4051	2
5170	1
5239	25
6058	36
5314	1
2672	0
4426	1
9402	0
4358	0
8688	38
4278	0
7355	0
7300	6
6133	234
3527	0
5342	2
6415	1
4323	0
5638	1
7918	1
6557	0
7728	0
9126	2
4503	0
5943	0
3968	0
3365	16
5238	142
4441	8
3970	6
7834	1
7530	4
6285	1
4954	2
5775	0
7382	2
6530	0
7808	19
6485	1
4749	2
3511	0
6143	1
4919	2
5179	0
6931	0
6053	2
5842	0
5944	0
7196	0
6101	1
3687	23
7396	0
8206	8
4795	1
7601	63
5327	103
6671	11
4361	235
6778	1
5716	0
4994	0
4891	18
5135	0
7694	13
4124	11
6073	0
3558	0
1882	0
7708	1
6845	0
3693	0
4628	0
4846	1
4853	1
5965	13
3320	27
5413	21
3095	8
3550	43
3351	13
6693	2
3672	3
2757	1
1789	0
3603	11
3992	7
3577	245
5768	0
2539	1
8446	9
5994	17
1991	0
2571	0
8760	0
5171	2
6372	4
6871	0
6434	7
3373	1
7029	0
4781	4
1888	13
4444	1
4216	11
6089	0
4788	5
5751	1
6483	182
2556	11
6158	0
6620	0
1376	0
3494	40
4630	1
1405	1
5606	0
4442	5
7860	2
2179	11
7796	0
6071	0
5879	7
4839	73
3624	1
8451	0
6925	0
3888	61
2998	17
3557	2
7835	1
3146	0
3557	8
3953	1
5319	67
3189	1
3574	23
4999	2
6397	4
5288	48
6480	22
5202	1
3849	7
5909	1
2727	17
5117	7
6241	2
4791	3
3331	2
2591	1461
1713	10
5959	75
3436	14
6169	0
5150	3
4975	0
4333	0
6375	0
3836	0
4356	0
5565	3
3869	10
4477	0
5226	7
6464	19
5579	1
2797	10
5422	5
5244	477
4673	9
2413	0
4678	0
5127	150
5597	2
7433	1
7268	0
2550	6
3863	1
4659	81
6760	0
5937	0
2876	0
7860	32
1940	7
5746	51
4897	5
4990	2
4613	0
5335	0
9297	0
4698	15
2343	1
4525	248
6181	67
4775	1
3859	1
6232	0
7287	24
0	37
2506	0
5885	72
7044	0
3111	38
5026	2
6658	3
3332	40
3318	1
8327	1
7715	40
2641	14
4767	72
3704	2
5167	2
4108	2
7258	6
3336	24
8204	0
5728	32
4931	0
2993	0
2942	38
2104	1
8570	5
4721	92
6091	0
4323	1
4444	6
5709	6
3997	3
5324	32
6673	0
3418	11
2713	0
8144	4
4352	137
5077	9
2269	0
6612	0
7843	2
6370	1
5299	2
5801	7
9999	5
3498	0
9801	0
2176	5
5518	0
8747	6
7362	2
2281	28
4166	0
5374	1
6990	0
5510	18
5147	1
8238	5
4179	2
3047	1
4912	1
6585	0
5383	0
6129	2229
2904	0
4958	0
4795	22
4576	5
7653	1
4174	1
6723	2
4193	1
3802	0
7992	0
6758	8
7802	0
4911	1
3370	1
6670	47
5643	1
3253	1
3099	0
5718	0
7377	5
6077	34
8996	1
215	0
4343	32
4009	113
2799	0
5319	0
8758	0
2729	6
5489	9
7100	1
2129	0
2185	0
3484	30
2331	1
7113	1
7320	7
5832	84
5857	0
3545	0
6883	0
3691	7
4383	2
2763	1
8256	0
6820	23
5127	1
6621	0
8435	2
8619	1
6315	1
3714	1
7180	46
5403	1707
2473	1
3886	0
7321	7
4711	0
5816	3
3954	62
2722	0
1664	12
5070	1
1955	23
6894	54
3615	44
4297	2
7186	7
4980	13
6515	0
5598	23
4791	0
4484	8
9145	0
4698	5
8719	7
5569	5
5521	5
2445	1
2336	2
7201	0
6993	1
3901	2
8125	0
1511	0
3289	97
9305	95
6963	0
4279	295
882	0
5338	1
3527	1
4521	10
4996	1
5387	1637
8248	1
6138	0
5645	9
3456	0
4060	16
4550	10
7156	2
5142	0
4690	0
5171	4
4219	14
7115	2
7856	1
4876	139
3436	0
3556	0
1683	0
3950	0
7230	29
4146	1
7836	0
2727	2
4491	7
8951	1
4807	1
5451	1
5410	32
6373	2
2925	0
5306	2
6362	14
3138	372
5293	6
6564	49
7964	0
7064	0
7652	1
3540	15
5291	0
5830	1
5581	132
4966	3
5542	1
5765	6
5445	1
7208	12
3455	1
6066	2
6000	0
1778	0
6000	0
3403	17
7138	0
7495	46
3485	11
8607	9
3780	0
7763	4185
3613	1
6697	1
2664	5
5180	1
4547	27
5606	1
2496	20
7148	0
6238	0
5630	2
4096	1
1563	2
7923	4
3903	0
3313	46
1667	7
4669	0
5267	0
3702	1
7622	0
3635	1555
4928	0
4264	0
3625	39
6665	14
3893	0
2350	0
5718	0
5443	34
3811	1
191	46
5340	1
5807	0
4075	1
8813	3
1665	0
4320	0
3701	0
5930	8
9475	1
4308	7
3213	1
8628	1
2115	1
5280	0
4790	0
5465	7
5577	188
5596	1
5560	1
7300	7
3022	2
5802	0
3270	1
4072	37
4774	0
4744	0
3301	6
3257	0
6324	2849
3379	6
4965	2
2857	0
5567	1
7060	105
5206	1
8399	0
7194	13
5343	29
6989	1
5337	22
3624	0
5864	0
4929	0
7734	0
3211	0
9267	0
4972	16
6173	0
7316	0
6403	1
7068	0
6646	2
4106	230
6704	28
4869	3
4848	1
4715	0
3279	20
6639	0
3090	0
4991	0
5579	14
5314	13
4656	4
4582	0
7406	1
4413	0
4234	3
3635	3
6745	0
6191	0
4232	2
5528	0
2699	0
3444	0
4160	0
4867	37
7843	3
4774	9
7318	0
5197	1
7966	2
7676	0
6926	15
6045	137
4816	1
4918	21
5209	4
4809	0
3352	18
4093	6
5965	4
2542	19
5979	37
3580	1
8533	0
4587	220
2795	56
4035	19
5387	0
6071	0
4173	17
5221	0
6283	1
4664	0
6253	11
2453	6
4883	0
4387	309
5360	0
5988	1
4739	0
5456	20
4945	0
2045	0
4814	0
6327	0
4460	0
6060	14
3042	0
3911	190
8963	1
2455	5
3632	99
8312	9533
3496	1
2645	7
3500	4
1305	50
7602	1
8492	93
2702	1
7960	8
8230	1
6855	23
4847	2
4940	17
3535	68
7350	2
4058	0
4618	0
4485	0
4101	25
3167	0
4672	240
2552	2
188	0
6329	1
5745	1
5127	108
4110	7
3510	0
1433	5
2884	322
9033	103
7023	2
3918	3
5125	0
2567	3
5331	5
2985	37
6788	34
4953	1
8083	2
1388	0
4797	375
7439	0
5453	2
6115	0
6475	15
4184	5
3770	22
6995	0
4333	1
3474	0
3700	69
5490	0
6457	1
6642	117
3625	12
4291	0
6514	510
4052	0
5345	7
6319	0
8402	0
7975	58
4869	2
4564	48
9086	1
3094	7
4389	60
1742	36
2538	0
5219	14
4769	179
5060	3
2566	1
8466	1
7012	0
6424	1
3613	84
4035	1
3954	0
5501	0
8057	1
6893	0
5446	1
5213	3
6847	1
3580	0
5877	0
3294	1
557	60
8825	1
4366	0
4126	0
5509	5
6228	744
6398	310
2653	3
5539	145
4691	24
4993	4
5970	0
4294	0
3847	0
4891	0
5692	28
2083	0
6327	0
6210	3
6023	11
6442	1
5833	37
6872	0
3204	51
4021	2
4524	1
4418	0
7871	38
2662	0
4154	12
4875	4
5683	0
3523	2
3883	3
3611	0
3070	1
3117	28
3081	0
3871	0
4147	0
3160	1
3070	0
8828	74
3528	44
4667	0
8756	0
3704	1
6153	4999
5658	1
5553	0
4377	2
4090	1
6060	23
3662	7
3226	0
1699	0
3071	0
8681	0
4836	1
9671	2
2754	34
5911	0
6144	0
5954	6702
3799	0
3985	0
5906	201
741	1
6035	0
4954	3
4328	0
8801	0
6410	1
7033	0
6162	83
5770	0
3605	3
5084	1
6661	1
3726	7
2564	0
6982	0
4307	0
6154	13
4493	0
6141	3
4722	4
3335	1
6595	0
4977	1
4030	27
6934	0
4475	0
2410	30
2565	0
4379	14
5717	0
7897	63
5777	7
6989	15
5522	2
5530	54
7457	0
6516	4
6311	2
3360	0
4113	7
4023	0
2993	1
4838	0
5032	5
4051	6
3198	2
7214	2
5820	0
6965	124
2397	14
5721	0
4115	0
5473	11
2962	24
3608	0
5190	0
6286	6
3747	0
4619	3
6733	0
4803	0
3636	12
7085	10
3545	0
3719	31
2783	16
5351	0
4210	0
2959	2
3731	195
3584	33
4014	108
7406	5
5196	1
8604	0
3515	25
2442	0
3692	1
3791	7
2335	6
5358	16
4158	38
6284	4
4923	3
5703	122
3279	1
4901	0
5011	1673
5291	8
3548	3
2916	0
2437	34
2580	15
6338	12
6265	0
4637	0
4914	11
5874	28
3368	239
5981	51
7259	64
6121	1
4586	0
3759	0
7280	0
3357	0
4203	9999
6893	1
7046	0
4533	0
4817	0
3721	1
3262	1
4532	0
3520	1
7458	0
4846	9
2962	0
1271	20
3459	0
4851	0
7059	29
8894	14
6434	33
7509	0
3396	0
3728	0
5880	0
5634	1
7215	12
5147	0
5686	0
3589	8
4778	0
3204	6
7332	1
4075	1
6127	0
4683	1
4873	37
4095	5
6047	0
2493	0
4426	1
7060	1
2618	0
5454	13
4431	1
3419	1
6491	0
4566	6
6153	6
5261	1
5459	19
3011	7
5011	0
5313	1
5856	13
5493	0
3580	1
6982	3
7757	68
4774	3
4030	1
7382	53
4441	0
3456	1
1841	0
3685	0
7275	47
5179	1
4097	0
2566	0
4563	0
4963	10
6702	92
5444	8
4269	5
2199	3
5010	29
5879	0
6328	4
3349	0
4872	35
4467	5
1789	0
4556	4
6172	38
5483	7
5044	0
3309	131
5782	2
6268	0
2933	0
3056	6
6182	178
2410	10
4333	11
4575	0
6345	0
4916	0
2399	160
6554	7498
7644	13
8950	265
2875	0
2761	0
7991	1
7953	4
7899	2
5822	20
5467	1
3514	5
8926	1
6007	17
7394	0
5077	0
6157	1
3246	0
8949	1
4993	0
1804	0
6908	10
4939	603
7584	0
5043	14
4650	0
5251	1
7662	9
7388	0
2564	31
5948	1
6528	0
3385	0
6758	1
7757	17
5918	9
6430	0
4341	0
8168	0
4517	0
4199	0
2102	30
4352	1
2540	8
3744	0
5985	42
6575	46
8875	1
7147	2
6950	2
4651	123
6672	1
3160	0
4898	0
5207	0
1344	24
4019	3
4884	1
6890	2
4618	0
7754	36
3202	49
5528	1586
3345	1
2603	67
3885	151
5514	0
3803	0
6298	15
4203	0
7458	1192
5845	1
8456	1
6156	69
7662	0
5045	58
5185	1405
2877	2
4222	1
5968	0
7511	2
6029	1
1791	0
6832	4
2997	7
7649	12
8603	14
4039	0
5962	0
5167	74
5430	6
5951	0
7697	0
3865	0
5434	52
6939	3
3226	0
3214	22
3097	19
4187	1
6886	77
2112	4
2807	0
3161	0
3299	15
4927	5
4085	0
5782	1219
6450	0
7001	3
7063	17
4895	8
5828	13
1418	1
8146	9
4317	0
4245	0
6692	4
6522	1
1293	0
3404	0
2602	1
3544	12
3784	2
2798	0
3945	5
2123	15
4257	0
4148	3
7127	26
2831	1
3823	6
5953	0
2416	16
4729	0
4492	2
3395	15
4628	921
7148	0
5427	10
3868	50
2952	1
3969	177
3831	0
4009	1
7560	4
4298	0
4662	1
7963	0
4206	0
6280	93
6861	1
5580	0
6065	23
6710	0
3990	1
3104	0
4585	2
3663	0
3205	1
5477	6
6730	0
5278	28
4232	8
5875	0
8591	27
6474	210
3697	10
3902	47
5853	4
5427	6
