4700	5370
285	8920
2350	4110
427	8843
1581	5115
4421	5770
5253	8314
3687	5867
1165	5909
3235	9098
2275	5352
2467	9518
2640	7766
3369	1838
1042	7067
3208	3640
2930	1304
2431	6418
3625	6325
3404	5856
3647	3470
3653	7781
2371	6733
690	6136
2868	6131
2020	6882
6839	2991
4360	8763
2593	2631
1782	8751
95	5208
4713	8197
2817	5560
1596	8151
1720	8553
2902	3895
1815	5670
1253	3990
2554	9054
3109	7943
4012	4788
809	6811
5106	5250
854	6729
4197	8448
1938	6587
4261	9104
3289	7172
2777	8520
2270	2403
3427	3797
133	3553
3516	2490
407	4604
3094	7680
3916	6420
870	5247
916	7864
4099	6297
5362	6610
3744	4459
1986	6869
2723	4246
5256	4496
1687	2758
1937	7168
5993	4156
1802	6498
2123	7452
2660	8114
914	6401
2859	6366
106	7601
2490	7087
1258	3488
487	7308
1236	5744
3138	7411
990	7792
1477	5027
4962	6220
4098	8870
2598	8515
1660	9506
4754	6950
2856	5919
788	6479
2634	5681
2039	5061
7131	5646
3066	8347
4045	3979
1860	4406
3008	8651
1339	4280
2637	6795
3411	3349
2143	7569
2660	5467
1759	8860
522	7421
3613	6015
3241	8036
1060	7126
1119	7616
3388	6898
3392	8627
4267	2849
2926	4551
2418	8276
457	2547
4162	3644
1869	7786
1691	2800
3345	5706
5325	6547
2804	8176
2901	3053
1290	1950
1888	5583
4254	6993
882	5684
681	2288
1622	9798
2867	9181
1099	7663
4440	6718
1072	5941
1309	7032
3633	6938
513	8429
2456	8658
3020	7647
4413	5329
2134	3740
1353	5750
677	7523
3049	9081
2796	6496
712	4894
3204	4116
3743	8175
799	9505
3304	8975
2956	5398
1469	7928
1246	4394
4059	4592
1662	6199
4667	7769
2818	8492
4558	7283
370	8333
4093	4900
2700	5560
1766	7903
198	6471
1917	6015
3831	7625
3068	8849
4627	1228
2446	4512
3287	6104
463	7029
2450	7150
3249	7215
2398	4346
775	6751
1023	1819
2732	7424
3090	6384
2205	7602
2441	8789
1962	6767
2115	9130
102	7184
1491	5720
1600	8096
681	6730
4917	6468
1309	3474
3211	9089
2516	8567
2162	8653
1420	8093
3495	3858
136	9454
476	1943
185	7817
3917	7946
2062	2711
3206	7999
2443	6698
2472	7837
217	6012
3336	7442
3254	3499
5252	6464
2747	9794
515	3440
4352	3116
4670	4425
1915	1606
2393	5253
3985	6302
2054	2752
2935	7055
1843	7696
844	4303
1143	1771
1261	6126
6908	4306
4780	6849
2969	7550
4276	6054
3335	7430
1999	4431
2780	4758
1610	5123
2232	6292
789	7763
2433	8737
920	8319
1438	5599
3265	7955
2148	3220
2165	3992
3639	6024
4299	1421
1154	7885
1172	3252
686	8102
3596	4952
2277	9447
3435	3933
1980	5549
1187	7216
3719	7019
548	6899
5260	4604
2265	8853
2334	5421
2279	5848
2698	9116
2454	8451
2482	4587
1119	2847
898	6737
5376	8933
2313	8083
1425	7600
1599	7689
2557	6758
2033	2639
2877	5858
1081	3674
1912	9647
1236	5202
3370	3630
1205	7652
1647	8027
4372	8790
3025	6223
857	9177
2845	7504
189	7256
2824	9222
598	7918
3008	6280
358	4850
6390	7099
846	5512
1553	5927
1273	8038
1446	8239
2850	8981
2537	7291
573	4838
3906	8619
1796	6164
1438	8272
3077	5148
1470	9120
3467	5584
990	8291
3213	1609
1514	7384
1378	5905
2111	3002
2700	8211
4281	6896
1102	5668
3727	8018
3542	6833
1599	6928
2139	5059
4957	5178
1617	6680
1134	5315
4429	8316
3690	8108
2670	2147
763	7239
885	3349
3090	6751
4449	6561
202	8670
2906	5500
3476	6936
768	7458
2587	5638
4119	5093
2211	5465
922	8220
962	5635
3578	5198
1968	3595
1791	8100
268	4838
1083	3353
2141	4510
6876	5858
1210	8417
4930	2808
2472	8919
1938	2949
3916	5343
1696	6622
3915	7289
2267	7089
2165	6061
1018	3805
2230	7815
3505	4618
1378	7122
2750	5032
1905	5269
1665	6248
1082	8202
3327	8815
5297	7026
1858	8812
4482	7850
1249	8733
710	6860
4034	4850
2571	8150
445	6748
3957	8570
2768	8519
3095	4633
1998	2010
536	4636
4373	3092
3763	4790
2533	5094
3101	9280
1018	6307
252	3976
412	4182
803	6412
2547	5167
4985	7023
276	7010
1876	7630
3677	7759
2739	4598
2541	5175
2060	3300
4130	3499
121	5200
1768	7039
6619	6303
2070	1444
4649	5672
1820	4749
1996	1843
1906	3377
511	8344
1392	7279
1376	3450
1583	7531
1193	7599
2287	7844
2265	7258
691	7894
3023	9076
3255	6314
3493	5913
2525	7196
3114	8469
2700	3720
2835	5133
831	6793
1060	8085
2500	8620
5007	8210
818	6339
2161	7569
397	7819
2198	8714
3400	7245
849	9288
1866	8906
3458	7198
3344	4272
1596	8263
1474	5973
2671	7661
2994	9695
1932	8426
1847	6933
5456	5908
1533	7214
3399	6366
4033	5408
3174	9339
1320	7857
590	5221
1451	8212
4925	5890
3982	8057
3422	7967
1824	3081
3217	7213
312	6833
2975	4189
1877	6819
919	7056
3257	8935
4552	4815
2936	6097
2360	6710
910	9280
968	6098
2662	8969
2688	2381
2225	7206
1330	5924
2104	7360
1271	6825
3367	6523
3523	4987
2050	8601
4557	2519
2976	7660
1039	6473
2733	2422
2751	7177
2408	7630
350	6331
2627	1723
1240	5716
2645	4578
149	8006
1195	7260
3305	4947
1255	7952
616	4758
1299	5237
774	6024
784	7570
1977	6685
2985	7205
3439	7766
3178	3204
1599	8352
2621	7817
2058	6366
3366	4162
1482	8873
2829	9455
1866	5425
723	7005
497	8912
132	5207
5257	1152
1179	4544
1406	7209
1680	7519
1219	6394
2764	5875
2346	5198
3713	7311
2136	6733
2802	9111
905	8213
2775	5348
2294	3927
1685	8218
2423	8233
2372	6690
1213	5354
1827	3631
510	6945
2662	7328
1108	8700
1580	5252
1825	2266
1061	7548
1246	2611
1574	7990
2506	3814
1597	2955
2237	2701
2927	4586
981	3750
960	8666
1612	7606
5703	8426
831	6091
1735	8699
2098	8496
3508	4810
1375	7181
2816	4398
2290	6986
1668	2439
2585	6198
2809	4340
3329	8600
2944	7640
3393	8432
1093	8714
2243	8510
1757	2807
4086	4418
928	3966
1413	5002
1711	6951
207	3926
268	6807
3418	8384
2717	5497
400	7790
1261	5555
1667	5702
2731	9044
2070	5462
995	6988
1999	1857
4327	5593
3822	8220
793	7882
2144	5183
546	9262
3211	4614
2750	1229
2050	4674
324	2119
2097	5653
2675	2150
5183	8641
584	8373
1816	6928
3177	7917
1645	8502
948	6380
2886	6666
4681	7535
2660	6980
3030	6216
1907	7742
744	5353
2182	7468
1740	4060
1636	6264
4581	7455
2164	8197
3044	7956
115	7288
2583	5637
2706	8842
2376	4787
1824	3434
1685	9009
1739	8930
4319	7844
1936	7408
4077	5294
2097	3121
2176	6021
2326	6950
5252	8675
4063	7924
269	7007
241	4007
1257	3387
1342	3002
1595	5138
1429	5986
2039	8424
2206	7647
2959	5603
2387	5092
4749	4709
3192	7575
1869	7679
2090	6358
2856	6064
1184	6414
5743	6224
3153	8486
4826	8212
3737	3964
5760	3429
5679	2527
173	7481
2811	5555
2111	8824
690	8921
3956	613
3941	4974
1653	6572
5950	6761
2543	1394
536	8207
4924	7634
103	7285
1207	6297
3161	5622
1606	6421
1418	2305
4920	3963
2764	6934
327	8849
1142	6150
1232	5887
2143	8339
1528	4715
6378	4721
1860	5297
2515	3225
2051	8398
2994	7350
3130	9305
1676	9126
3415	7964
894	5432
1042	7125
1090	7570
2296	9180
3084	8081
2759	5550
1268	4914
576	4918
1078	3842
662	8027
1016	4578
1905	5757
766	9533
309	6817
207	3841
2286	6887
1078	5116
3321	8115
4368	8235
2028	8443
2965	8917
510	5551
3075	5243
3304	7481
2151	6417
4417	4743
766	1870
2506	5936
2573	2660
4154	9718
994	7859
539	7171
2079	7929
99	1363
103	7969
3819	7033
1576	7372
3860	5844
806	5857
1698	7867
690	8775
544	7943
3137	3880
2699	7839
420	7760
5090	7404
1702	9114
2425	6454
3371	3459
2878	2194
3652	5482
1877	8821
352	6746
3146	7988
3346	5350
2077	8062
2284	2349
1292	8211
2672	8163
931	1830
1714	7756
450	9084
4713	1246
2679	7648
4686	7779
4715	4578
2808	6667
966	7383
3948	8628
2061	6548
1388	1962
1363	5619
645	2151
3730	8232
3716	5846
2348	4370
522	2758
3464	8346
166	8738
3180	5693
919	6678
2125	2359
5645	4944
101	5425
778	3173
3707	5861
2836	4049
2054	7847
2669	7001
3426	6552
1691	7780
3100	470
134	6672
3547	3108
1521	7147
2504	6680
3829	3984
136	6083
1087	4905
2725	8195
2284	5589
3960	2732
328	8702
2741	4891
1566	7107
2676	8413
3141	3415
2630	7351
325	7495
195	6735
2076	5940
3381	4456
2212	8254
3589	9069
2981	3938
2538	7944
5179	1574
3320	5525
3010	4449
1194	1853
1489	5502
2078	8447
2632	8156
2691	6559
981	3443
3441	5024
5110	4750
412	8338
3526	9814
717	7919
2540	4166
1610	8316
1077	9370
3069	6907
3111	6752
1572	5023
3269	7461
3137	5770
3812	2284
5099	5126
1081	3796
1513	8042
963	6191
4878	6984
5006	9222
4357	4629
6318	7491
2725	8051
1347	9126
5472	8062
284	6127
3698	4895
5482	8767
2807	9095
2669	8319
2814	7976
2473	6883
3580	5664
2713	7990
2213	8287
2072	6925
5369	8478
2977	4468
2720	6850
3032	8647
4078	1804
1987	9092
1470	6701
1177	4913
846	2264
1339	932
3829	7670
1510	5691
1912	8608
2915	6252
2234	5771
1161	8402
665	8656
684	8831
3998	1567
3182	6626
3050	4766
2926	7333
1663	8666
2087	5102
4723	7211
1692	5588
3164	8793
3139	5519
852	2937
5695	4013
1657	7126
613	1611
3374	8957
4598	8446
4745	5594
2506	8216
4873	1691
2154	6033
1175	8313
4237	3895
1427	8124
243	1374
4398	8658
2594	9275
2911	7392
1218	6738
2960	8346
87	2805
1793	7349
3880	6002
2598	7876
3017	5152
628	7734
1590	4138
5230	3936
4652	5609
243	7110
2687	5289
4743	5291
2520	6673
3033	2884
1282	5097
103	6932
3888	7373
3251	1783
946	5270
1227	2643
1570	5047
4894	1339
474	8833
118	8393
1363	6193
3624	6006
1794	7680
3271	5075
4600	3972
2418	8609
2962	5329
3828	6313
1063	7122
2980	8862
2517	9161
4777	6277
516	6060
1056	8137
2508	1800
3366	3684
2296	6956
410	3308
99	7835
2830	6135
2217	5453
3003	5182
3841	8414
3967	8017
2019	5447
1745	6567
1050	6861
2114	7367
4391	7081
1076	7925
2031	7957
1369	1183
5262	8876
3391	4939
782	5279
1026	8914
2251	7563
2984	8179
3807	2582
5590	8444
1857	8472
1922	7950
1856	9563
1022	4471
4060	8756
2059	7279
1797	8544
2801	4335
4834	4044
714	6989
528	2666
1130	4945
2592	5808
1194	5072
1428	2378
4911	7398
5160	6866
6193	8043
421	3566
398	1332
2501	5121
1978	1616
1522	1476
583	2530
4638	5282
2833	7088
3625	3680
4917	5210
2919	2904
1590	6490
3386	3742
882	6613
1671	8220
2909	7819
4673	7309
182	7084
2322	6595
3079	6452
1687	2950
1768	7026
2522	4723
150	2171
3167	7120
268	5784
1463	3401
1649	4978
2740	6827
4106	6151
2232	6632
3026	6477
1449	4302
2942	8572
1465	7646
8888	4198
3106	1222
3404	3258
3668	5696
3730	8030
1020	7737
5040	9118
2739	5999
416	5152
3208	8282
359	8139
2429	6391
1433	7798
271	2945
1102	7087
4955	8653
428	7687
1780	6237
2649	4943
3614	6816
3937	7050
2260	6735
2724	9430
901	8752
3104	8311
814	8275
2341	8941
3345	5680
3866	4439
1385	1539
4265	8813
352	6947
1322	6043
2820	8166
2134	2958
1855	7161
2250	1049
3946	7652
4159	3963
2107	6399
204	9078
3800	6633
1781	7672
2277	4085
3415	4544
5032	882
2194	8540
4654	8006
197	7824
1056	7494
2837	5545
4966	7025
1853	5914
3829	7326
2150	6365
2542	7929
5386	3512
2608	2110
316	5079
2404	7961
536	6650
2934	6955
253	6998
175	2215
1051	1749
194	8717
5364	4506
5157	9538
5120	4479
1325	5902
938	4032
978	7125
812	5659
1372	5439
2218	3630
1171	8327
1799	5355
2261	7963
2126	3901
2619	7481
1855	8634
2928	5347
1926	7511
1058	6636
1217	7451
1065	9131
4026	4794
2336	7329
1994	3250
5762	3241
2581	7654
1661	2839
2317	8717
763	7044
3119	3663
2406	3163
3415	3771
2957	5295
5046	6585
4895	5120
116	6592
403	7082
3197	3159
3741	5059
1638	7604
1557	7574
3621	7356
225	8216
5959	4955
2493	8839
1449	2053
2381	4459
109	2556
3292	4776
6060	2675
5361	5456
3214	7221
1090	7757
2715	8809
384	4874
1641	7038
182	6786
2327	6993
1806	6366
2889	5713
3968	7484
2554	8005
2980	7534
2766	6269
1529	8029
1204	5703
1981	7376
2030	5296
5684	7096
1613	6951
1172	8864
2167	9331
122	1746
2586	4667
3003	5399
3014	7612
5457	6431
2577	4518
1248	8817
1122	3966
1312	6718
3616	8498
3517	9477
2355	8635
3416	8367
833	4417
2691	3268
2531	5410
4313	7623
172	7506
1718	9557
813	6882
1426	6553
2949	8005
653	6784
1264	7985
3866	6810
2067	7361
4024	8492
877	7820
2031	7461
3437	5084
1776	4397
243	4186
1521	3766
997	7292
3536	7414
630	6562
2557	7933
1093	1869
2242	7414
2953	5973
2969	6689
3852	8975
2312	6021
3645	7266
2589	5825
3149	7662
4999	6881
1917	6018
3286	5101
1399	3317
3852	3942
4540	6078
919	3468
1353	7555
1606	8930
1825	4905
1784	7573
1949	6112
820	8451
2114	2900
824	6780
162	4263
2938	7116
1284	4123
2444	5728
2715	8473
3852	5952
2409	8846
1469	6843
1160	8395
703	8429
3009	8469
3889	9304
2465	4051
3414	7286
1361	8839
2907	4841
959	5071
3065	9524
4513	4191
1323	3909
4140	4626
2763	8151
4004	6000
4190	8647
1275	2700
3583	4857
4676	6004
2578	6916
1197	4629
1252	8873
2483	8152
3447	5441
2358	8949
2964	6904
3332	8458
4692	5921
1466	6721
1681	3813
122	5764
247	8075
1831	7646
3106	8663
3562	6886
2761	8509
955	8282
3000	5339
2589	6714
842	6943
4900	5021
2429	1318
3521	4963
624	7950
3624	7309
202	5946
487	8641
3001	3343
2747	1923
1356	3609
3843	4109
2333	6585
1742	6353
1564	5047
3772	4135
3081	8680
6232	6893
3223	6638
2557	1372
170	7948
3761	4744
2672	5527
6146	5282
4391	6443
3505	8389
1051	6246
1395	4645
3507	2033
2423	6174
3517	6467
3888	9331
838	2587
1750	5901
1612	6828
3710	4467
1752	7616
1062	6324
3771	5472
4393	7654
2289	882
2783	8585
1078	6918
491	7286
2744	4426
2879	4491
2586	4393
2470	5676
1229	9482
2538	4619
2144	8384
4801	5835
1183	8518
339	4940
2606	8540
2646	6035
4241	2749
2641	8846
141	8640
5527	5629
3463	6818
1381	7239
5237	5364
4874	9559
518	2103
1203	4193
1059	8042
2053	3658
7156	8517
3060	5455
436	6276
3816	7981
956	7075
3178	7169
4521	8202
1971	5632
2514	4902
2869	5541
6581	5788
967	3741
515	3753
2378	4525
3255	4633
1746	8432
991	5732
2080	6549
3420	4129
1017	7457
3235	3840
402	7384
243	9053
2473	8587
2646	7510
2490	5077
595	6240
177	6275
3210	8454
3541	8660
2536	3860
1764	4830
2969	2862
3065	4246
2667	4350
2577	4285
3948	2672
3047	6651
3278	6465
1307	6559
2657	7770
4687	7362
1605	7946
3087	7058
1123	6584
3710	7596
2701	8656
3449	5307
1229	7111
3984	8661
4216	4937
2777	5093
3324	6431
1633	8507
640	6669
331	6786
1075	7260
2415	8154
2681	6286
885	9233
3706	8752
3108	4788
1064	5656
3642	4226
1479	7104
1391	8861
1296	6761
4574	8767
961	2036
1551	7940
1840	7122
1596	7000
3628	8571
256	8314
726	4135
2456	5266
2676	6232
3467	7239
308	7936
918	5022
1369	4669
1199	7657
3806	6177
1833	7308
4546	9237
2254	8540
855	3064
673	3125
1749	8022
2149	7844
1226	3482
2973	9168
963	5604
719	7530
3200	8979
2035	6015
1059	8495
2143	8588
483	8387
3823	0
2686	8748
3600	5537
562	8510
2644	8245
2414	3821
1381	6267
3132	7988
909	2708
964	6863
0	8325
4793	7518
1343	4807
1170	6742
2864	2628
2916	6764
1957	5209
1154	7422
1315	6948
1689	3166
3102	6493
1905	4937
1616	2926
2518	5491
242	8151
276	1525
1681	5139
3535	4687
1393	8693
3086	7060
4352	1748
730	4998
491	8905
3340	1971
2231	8876
3440	5686
4313	7190
792	4500
1780	7873
1977	4027
2812	7356
5916	7699
1501	8699
4473	6765
4512	5052
500	8726
1902	5271
2416	4351
1976	5106
901	6188
1937	7837
3224	5318
3448	5199
3655	6591
1439	9102
4095	7342
1292	7355
3353	8543
638	7882
1102	8283
3467	7987
1349	4369
2229	7882
740	5475
1464	3808
3925	8496
116	8372
4103	8254
4064	6661
3129	5929
4413	4486
3451	5594
3008	3938
1997	3480
4072	7444
3499	3489
2192	1439
1742	8185
1191	2154
5109	7628
6122	8707
2234	1507
3878	6739
1011	6419
1692	9256
2463	4766
1580	8975
796	7299
2545	5448
2324	5780
1749	7838
3375	9146
3826	8784
561	6423
1837	6576
1155	6675
3319	7299
3017	8082
2186	7776
228	740
274	4328
2931	6439
2676	8077
3128	7472
3822	6437
2163	7796
1892	8758
4193	8255
5251	7242
1913	7250
2400	7481
1677	5177
630	5016
1079	7307
2362	8410
522	7250
535	8373
997	3068
2710	7825
2393	8987
2463	4611
3401	6446
1808	5733
2086	4716
375	9072
2630	6355
2398	9071
2919	7360
3657	5340
2238	4534
3210	8011
1605	8408
2526	4260
1217	7274
2709	5660
439	6638
2138	8065
4547	4527
135	7253
2024	6293
2051	5054
2848	6271
2842	7813
3445	3598
1103	7021
2444	6962
1922	6079
3014	4564
3006	6407
3949	6162
4261	6187
4171	6048
4317	4472
2118	4956
1607	6119
3176	5887
2833	8370
3566	9530
1950	6327
1862	5359
1082	5344
742	5364
2735	6017
2636	8129
3953	4647
2593	8149
3079	8577
3584	7934
3081	6457
1102	6144
1784	8432
1948	5811
1251	5170
3931	4588
3659	6715
1086	5870
1962	7754
1559	8790
2834	2723
3184	5019
152	8401
782	8861
5130	4995
747	8307
1333	6245
2145	2272
202	7217
3089	8949
3444	6272
1259	5545
3826	6355
1944	5026
2844	6169
1826	8428
2044	5219
483	5311
2157	1098
981	7770
3046	8458
2506	4713
3252	1949
3914	2080
3863	8643
3887	1562
4731	7276
2306	5719
3305	6548
1499	6197
3337	5223
698	6718
171	2056
3733	6304
2452	7511
2345	6123
2493	416
668	7914
2354	7751
5591	9065
6072	5536
99	7553
3524	7112
1919	6331
2116	5864
1654	9520
1324	7926
967	6095
1878	3934
5765	8414
1874	5112
3737	2355
3643	8961
3433	5636
1740	5789
1272	9172
3186	3991
2850	8663
105	7003
2357	4316
584	1481
1724	6713
1657	6245
3415	5648
2207	5102
3188	2271
2731	8947
2519	6060
1706	5505
3425	7869
1758	8720
3350	3108
2672	7876
2878	4667
4235	4938
548	5869
1802	5610
1606	8660
403	2105
3011	8663
1525	5249
249	7746
378	8696
3103	6616
197	6155
1385	4755
1067	8591
3365	3041
1453	9623
2407	5959
231	9199
1789	7024
2436	7502
3353	6410
2151	5653
3587	6182
1697	4487
2905	5737
3899	8621
1807	8627
2548	6112
196	8445
3646	7890
278	8174
2709	6580
485	7896
1198	6080
1509	5072
4106	2196
3395	8998
4396	7707
2195	9618
2244	6764
4410	5677
1565	9021
666	4040
878	5061
4510	8487
372	9509
1418	2850
1341	4725
3975	9651
4318	4705
2988	8273
1526	9064
1211	4575
837	7513
3030	7515
2720	7283
1060	8183
3962	5615
3643	7565
4362	3423
1816	5811
3168	5398
2196	6114
1235	6869
3276	9685
3353	4729
5437	5255
938	7345
2752	8607
1393	9521
3066	7479
1799	9072
1260	8427
487	4160
1338	8824
2937	7601
2128	3398
2068	4180
953	5425
2371	2254
672	8596
906	3663
2109	5727
2289	6419
4137	9151
2110	5177
2450	4061
540	8655
1727	7634
4099	6342
446	5303
1446	6808
2132	6982
271	6388
7861	6952
219	7609
533	4188
1719	6433
2143	7932
196	3194
2463	6703
2551	8305
421	7404
1776	6262
3058	9371
1164	9309
5050	6769
194	8243
1878	8212
1905	6259
1987	8694
3842	7791
3804	7574
3257	1892
4739	8655
2132	6620
1363	5622
2500	4099
1910	4139
3665	8747
495	7978
2204	6892
2225	8243
3104	5735
5631	5708
1386	8580
601	4148
2098	7274
3378	9153
1437	7575
3751	2381
2833	6454
3274	4824
1450	5111
411	6920
960	9830
584	7812
2890	8592
4213	2170
2388	8514
1690	8961
433	7999
720	8806
2807	5897
2137	4963
2773	7271
2227	9507
2340	6196
4948	5415
786	4096
2729	8208
3350	5989
2743	6255
1683	8483
2621	3096
781	7946
1853	7347
3572	6060
3354	8205
1813	7246
101	3445
4535	5501
1668	7515
1583	6911
2376	7890
3969	8375
3660	4272
2908	7456
3204	8756
4228	6239
3236	7569
2797	7273
103	2920
4076	8555
3054	7095
1252	5168
128	3848
3594	3084
1005	7148
2143	5158
2449	5239
1427	7406
2480	5070
3320	9035
1223	6767
1678	6542
1776	4118
2671	8995
4998	7720
1918	7795
122	8745
4460	6310
3053	6021
1226	3260
133	7596
3030	7231
420	5153
2853	8551
4381	8574
4096	5115
3502	5421
1286	9230
4339	8713
388	3253
156	4869
3122	2831
2581	9113
805	5151
4017	7476
78	7254
5101	8095
2078	2668
1324	7919
1886	4768
479	4193
4699	8242
2716	4190
3223	9282
1625	5241
5858	5424
4420	7734
1500	3664
1755	5403
381	8273
1361	5867
2620	8605
4591	1838
1114	4608
1583	6846
2840	6372
2752	7970
2527	6351
2858	4012
3068	7747
3594	8083
197	4065
1813	8645
393	7185
4344	9010
2888	8454
4637	5843
4422	6342
2524	3778
5928	1550
1279	8635
2043	8429
1634	9422
3913	8597
2368	8370
3645	8320
471	8012
2592	5051
1921	4650
1637	5176
3198	6394
4854	5942
105	4930
2925	7731
2881	8076
3380	6648
2570	6364
1783	9232
1558	3750
1884	6298
2876	5920
1796	3449
5465	4657
4261	6681
2274	5731
2782	1629
679	8266
867	5736
2277	7280
835	8084
1871	2555
2003	4933
3408	4235
1373	5401
2152	5152
4007	6942
2026	1268
2196	8513
4843	6627
1763	4149
1248	8683
3148	7153
1354	8215
2922	5618
3216	6402
704	7045
2447	4804
2339	5870
2276	8428
1364	6697
2723	2170
2869	8566
385	8201
2855	5538
6719	8495
2968	6743
1823	8553
3309	3407
3601	7366
1493	6930
676	4913
141	5713
2105	8305
7964	7228
3620	3595
536	8757
1912	5888
2644	7847
2300	6615
1808	1737
3341	7044
1118	6284
699	7204
1601	8216
3673	4528
769	2133
1162	6079
4178	9001
2641	7970
3142	4765
106	7435
1217	3281
359	8787
1914	6417
393	3267
118	5258
4448	3129
5829	3930
391	4528
3385	2077
3117	6148
1222	1967
1279	5644
121	2754
2147	4867
1972	4472
1928	7048
1881	3675
2819	4896
1404	9070
2884	7543
3250	3763
484	8211
1896	8056
3489	4983
2921	6156
1305	7952
3492	4395
2268	5183
3030	8457
5072	9450
3578	4912
2475	1479
2855	3023
1809	4097
1404	6760
1238	5063
1963	8682
176	2249
194	5441
1407	3442
1092	8829
1820	5438
1941	6170
1973	7936
250	7667
1823	9726
3644	6162
4312	4979
2488	6084
2950	8998
1432	5156
3719	3870
1513	7917
1582	7518
1886	5948
3179	5679
2724	8798
5025	6362
3256	6256
2853	5899
2561	8213
2256	7068
2890	6434
2226	1366
3262	5961
214	7040
1701	6580
1834	8645
2211	5363
1110	9044
3994	6477
4194	8801
191	8091
2656	3539
1970	9839
1856	8107
5746	8494
544	8100
5900	9118
1512	7546
1827	9454
4272	8165
5321	6578
842	5381
2898	4918
1579	6115
2916	6479
2844	9349
4759	9412
4074	6222
2656	5909
3112	7346
4244	6663
2407	2751
363	5284
3762	4787
3328	7814
111	8116
2182	9078
3550	8461
1337	6176
2294	2979
2976	6118
2225	7719
3003	8898
2882	6727
1001	6747
4261	9073
4619	6040
2870	2735
2085	5393
3081	7052
3343	4450
3013	5702
2234	8736
2695	8216
736	7033
134	8539
4724	9133
1644	3833
1111	6689
2909	3630
3032	2452
3137	9251
1720	7777
2453	6301
396	8927
7423	8991
894	6375
1007	5636
2982	4516
1791	2104
2141	8144
181	8693
100	6662
4727	9315
99	3792
6936	7147
1737	6270
2893	8109
2719	6290
2658	1309
1982	6442
243	6709
3135	5489
2964	9115
2036	8223
4140	9302
4317	7004
2283	7107
3533	3694
1576	5167
3492	8897
3160	5498
5767	4939
2196	5823
3803	7544
1277	8101
2457	2671
3530	6226
1667	1950
187	6051
4007	9071
1098	2121
5035	7404
848	8006
2184	3249
569	4729
2276	8528
302	7959
2911	3817
2133	9184
4489	9435
4073	6175
3302	9249
3027	7142
3981	7742
413	7593
1174	6708
2900	6535
1000	3150
2275	6392
3972	9195
2728	6168
480	7222
2428	6127
207	7842
2965	3161
4547	8888
3623	9100
517	4304
1777	5535
1291	8561
1987	4893
4294	7926
7660	8100
2639	9396
3107	8907
1762	5460
2865	6375
4849	7379
3145	4288
4965	8176
1990	6059
3976	6435
2445	7973
2013	7982
182	7974
2674	3798
1674	9999
94	7978
3164	3415
3334	7879
1358	8135
1355	8225
1566	7194
1210	4418
2040	7737
4075	6241
5175	8079
4275	4107
2223	6466
2282	7351
1203	9018
2568	5132
807	8302
1145	7910
524	6319
515	3624
1512	5997
2231	2496
3032	6756
2314	3832
2095	4274
740	5420
914	3941
2107	7356
5749	7153
3875	7431
1774	6948
3329	8028
3950	5363
1786	7671
1072	5407
2946	7749
136	9160
3200	7094
2954	7964
2695	4452
1061	8285
3503	7288
218	5382
1185	8525
3581	5709
1156	5599
2375	8391
1759	5815
2056	6470
4101	5723
3250	5583
1775	3977
1261	5779
2065	8131
3293	4983
2473	8123
2571	9046
1409	4067
4577	5848
215	7665
1094	7839
1416	3103
306	7536
777	6716
562	4823
5486	5154
1028	8317
3576	5629
1993	6615
2576	3563
762	6278
4273	3649
3657	5986
1729	6924
3873	4852
3569	5439
125	5410
1109	4051
2577	9066
3476	6212
2824	4477
1232	5008
1859	8502
2611	8146
6150	2955
2602	8546
1724	6401
3046	5350
1940	4499
3285	9119
3521	7626
240	7877
657	7934
5356	5398
785	4817
2640	7099
576	2458
1536	8296
176	7671
2040	7152
3784	7718
2634	4300
3185	8686
863	6736
2159	4231
679	7606
883	6571
982	6752
331	1505
3789	5410
1402	6620
5002	6516
2640	6195
3984	7144
302	3774
2143	7914
2877	4413
116	4937
795	3566
3070	2591
3746	3397
2536	7722
3966	8194
2521	6549
436	8996
4694	7154
121	3811
3552	7560
3147	6142
1498	6494
2545	6062
3829	3619
1277	5381
3099	7889
1662	4810
1282	4932
3243	9093
3732	2110
236	4655
3813	5307
2191	4606
3096	3415
3908	5676
1917	8625
225	8586
1998	5370
746	8452
2286	7776
1650	9327
2577	9512
2776	3249
3073	4767
1214	2623
2289	6444
2781	8526
5001	9047
3435	8033
3110	7156
1143	3574
1742	3973
1573	8779
3072	7729
1886	6261
2253	7991
2715	6937
5088	8499
906	6582
3148	7385
2091	7569
1597	3347
177	6198
1564	8250
3024	8419
2265	5849
1919	6346
2484	6769
256	5163
559	7115
3905	6235
2880	7580
731	8484
1589	7326
3000	6308
1075	6325
1063	9217
3988	8591
193	8699
264	7675
1204	7330
3953	4574
469	4642
977	5411
5548	5902
319	8300
661	1751
2914	3607
3483	4334
2057	7962
2178	8397
3543	6005
2092	8136
392	5216
2829	8322
1766	1933
4062	4324
3851	5091
4492	7140
4549	7770
744	5197
1207	5834
1313	7818
4427	3702
2712	5956
2716	7001
3537	6955
3694	6914
1764	8539
1882	8423
4049	2494
2889	8121
1027	6107
3128	4333
3271	6111
3875	1218
1667	4962
1962	8218
3975	5572
1570	3742
3370	7972
3597	5165
2568	8469
2143	5918
2479	4102
3048	2298
1496	2734
4108	2938
490	9130
3350	1839
739	3596
730	6285
4346	4284
5409	8945
1093	4237
4264	7311
2686	5605
2101	6203
3467	8096
2293	7414
2862	6544
104	4487
2511	4154
2884	6197
3951	3510
4568	1672
3871	7792
738	7443
1019	5850
1423	7276
2891	6943
224	7021
5983	4391
3361	7371
854	7585
249	4581
2358	5891
4686	8778
2427	8869
2493	8820
3505	8204
1606	5287
1030	7088
725	6363
3479	8593
1198	7039
3015	8335
2374	5550
3401	6849
1289	3400
2007	5486
2352	7709
9999	7198
2911	7008
2370	8722
4368	5247
1036	3781
1376	3223
1590	4362
1584	7251
891	2388
3529	5144
661	4339
314	7269
810	9138
1565	3983
115	6437
2137	6373
481	6709
3251	4472
1632	9326
4050	6654
1882	8857
1613	3157
1770	5670
1831	7477
