5	134
5	105
5	95
5	78
5	139
5	123
3	105
3	109
5	97
5	85
3	76
5	116
5	201
5	66
5	78
3	128
5	92
3	130
1	111
5	105
5	39
5	143
5	99
5	91
5	89
5	121
5	75
5	110
5	83
3	113
5	126
5	118
5	129
3	111
5	55
5	82
5	63
5	83
5	161
5	175
3	111
5	48
5	119
3	85
5	116
5	191
5	122
5	122
5	62
5	107
5	135
5	54
5	60
5	50
5	73
5	117
5	74
5	112
5	110
3	105
5	159
5	117
5	56
5	155
5	111
5	77
5	126
5	73
5	46
5	124
5	156
5	108
5	97
5	107
5	130
5	106
3	85
5	91
5	120
5	92
5	64
5	101
3	168
5	138
5	118
5	111
5	112
5	130
5	116
5	86
5	82
3	112
5	52
3	100
3	165
3	91
5	109
5	41
5	156
5	101
5	93
5	108
3	90
5	89
5	151
5	96
5	92
5	115
5	75
5	132
5	119
1	69
3	93
6	143
5	133
5	69
5	74
5	48
5	73
5	126
5	43
5	81
5	89
5	100
5	113
5	128
5	116
5	94
5	83
5	112
5	125
5	133
5	81
5	132
5	175
5	117
5	128
5	67
5	117
5	81
5	63
5	69
5	172
5	64
5	78
5	85
5	97
5	132
3	137
5	117
5	128
5	103
5	93
5	62
5	54
5	108
5	93
5	108
5	101
5	146
5	78
3	107
5	169
5	105
3	65
5	86
5	98
5	186
5	97
3	91
3	58
3	171
5	180
5	116
5	104
5	131
3	58
5	103
5	93
5	136
3	118
5	47
5	59
5	110
5	121
5	64
5	47
5	75
5	96
5	87
5	123
5	113
5	39
5	92
5	111
5	168
5	61
5	82
5	111
5	150
5	85
5	102
5	136
5	91
5	118
5	69
3	76
3	74
5	130
5	138
1	133
3	78
5	119
5	95
5	151
3	153
5	84
5	83
5	95
5	175
5	96
5	88
5	91
5	88
5	99
5	105
2	88
3	108
5	74
5	119
1	114
5	98
5	124
5	52
5	148
3	127
5	109
5	99
5	164
5	108
5	127
5	53
3	84
5	92
5	151
5	149
5	131
5	80
5	96
5	169
5	91
5	55
5	63
5	124
5	89
5	84
5	87
5	74
5	146
3	96
5	159
5	99
5	113
5	78
5	115
5	66
5	110
5	147
5	90
5	92
5	121
5	86
2	110
5	110
3	115
5	166
5	156
5	88
5	104
3	93
5	154
5	86
3	150
5	83
5	114
5	116
5	93
5	73
5	95
3	167
3	157
5	98
5	120
5	105
5	51
5	116
5	93
5	125
5	104
5	143
3	99
5	28
5	63
5	140
5	62
5	126
5	109
5	98
5	37
5	140
5	57
5	107
5	88
5	178
5	172
5	59
5	104
5	91
3	90
1	96
5	127
5	148
5	98
5	97
3	104
5	137
5	116
5	109
5	94
5	102
5	80
5	67
5	95
5	170
3	109
3	114
3	82
5	67
5	111
5	108
5	83
5	119
3	118
5	122
5	122
5	33
5	101
5	53
5	86
5	52
5	74
5	99
5	84
5	118
5	74
3	106
5	74
5	77
5	119
5	61
5	96
5	56
5	65
3	104
5	145
5	117
5	125
3	46
5	121
5	109
5	63
3	97
5	109
1	137
5	182
3	101
1	124
5	175
5	55
5	79
5	113
5	86
5	86
5	105
5	25
3	74
5	81
3	79
5	129
5	114
5	96
3	105
5	76
5	116
5	144
5	81
5	82
5	103
5	72
5	104
3	44
5	139
5	67
5	88
5	67
5	109
5	104
5	181
5	113
5	127
5	64
5	125
3	117
5	152
5	104
5	109
1	133
5	91
5	115
5	122
5	110
5	111
5	94
5	100
5	119
3	75
5	33
5	142
5	64
5	106
3	71
5	71
5	98
5	132
5	84
5	57
3	102
5	106
3	95
3	91
5	95
5	67
5	117
5	92
5	114
5	58
5	91
5	97
5	79
5	179
5	49
5	133
3	107
5	90
5	75
5	103
5	128
3	92
3	52
3	73
5	106
5	109
5	147
5	98
5	98
5	81
5	133
3	88
5	137
5	93
5	80
5	129
5	163
5	81
5	124
5	136
5	108
5	45
5	154
5	110
3	108
5	111
5	39
5	92
5	123
5	121
5	75
5	88
5	66
5	86
5	99
4	99
5	171
3	111
3	131
5	117
3	112
5	110
5	51
5	178
5	116
5	159
5	74
5	124
5	163
3	157
5	53
5	75
5	121
5	40
5	143
3	104
5	98
5	101
5	54
5	93
5	147
5	110
5	147
5	86
5	127
5	76
3	100
5	96
5	60
3	110
5	172
5	66
5	109
5	146
5	101
5	152
5	36
3	55
5	175
5	99
5	108
5	56
5	114
3	38
5	86
5	67
5	110
5	183
5	97
5	87
5	88
5	27
3	98
5	66
5	72
5	111
5	91
5	176
5	105
5	104
5	101
5	105
5	59
5	96
5	75
5	100
5	110
5	112
5	110
3	30
5	110
5	151
5	66
5	55
3	63
5	103
5	96
5	125
5	135
1	123
5	32
5	73
5	63
1	97
5	99
3	114
5	116
3	104
5	119
5	90
5	84
5	106
5	122
5	146
5	100
5	84
5	128
5	181
5	127
5	61
5	127
5	108
5	170
5	161
3	89
5	86
5	44
5	129
5	99
3	127
5	80
1	117
5	91
5	98
5	52
5	95
3	42
5	82
5	84
5	113
5	81
5	111
5	68
5	97
5	127
5	104
5	86
5	95
5	108
5	158
5	109
5	73
5	39
5	121
5	115
5	95
5	88
3	142
5	49
5	110
5	109
5	104
5	136
5	145
5	111
5	137
5	112
5	123
5	108
5	105
5	102
5	44
3	93
5	113
5	130
5	76
5	104
5	82
5	116
5	127
3	77
5	82
5	109
5	119
5	123
5	94
3	41
5	49
5	60
3	127
3	114
5	65
5	54
5	110
3	107
5	132
5	168
5	128
5	98
3	155
5	74
5	79
5	111
5	137
2	109
5	81
5	115
5	47
5	120
5	117
5	74
5	146
5	99
3	48
5	77
3	83
3	135
5	119
5	95
5	107
5	9
5	83
3	80
5	47
3	68
5	80
5	104
5	148
5	139
5	86
5	130
5	68
3	114
5	108
5	108
5	132
5	140
5	115
5	89
5	43
5	69
5	107
5	46
5	56
5	74
5	177
5	56
5	56
5	87
5	90
5	79
5	105
3	74
5	68
5	116
5	61
5	142
5	93
5	89
5	109
5	96
3	77
5	124
5	154
5	73
5	131
3	139
5	61
5	61
5	40
5	109
5	80
5	107
5	133
5	126
5	107
5	107
5	110
5	92
3	41
5	116
5	92
5	142
5	92
5	53
5	87
5	133
5	123
3	94
5	112
3	90
5	108
5	99
5	95
5	129
5	63
5	59
5	104
5	91
1	101
5	52
5	72
5	81
5	112
5	121
5	124
5	120
5	87
5	71
3	72
5	65
5	112
5	112
3	116
5	81
5	23
3	118
5	84
3	68
5	105
5	119
5	117
5	39
5	142
5	82
5	108
5	98
5	146
5	110
5	124
5	137
5	104
5	125
5	156
5	141
5	115
5	49
3	114
5	86
5	97
5	203
5	113
3	134
5	102
5	119
5	116
5	67
5	124
5	133
5	52
5	178
3	151
5	111
5	110
5	90
5	88
5	118
5	68
5	84
5	57
5	68
5	101
5	112
5	68
5	85
3	111
5	74
5	70
5	72
5	66
5	77
5	94
5	147
5	191
5	72
5	107
5	90
5	80
5	115
5	104
5	73
5	144
5	49
3	130
1	103
5	62
5	110
5	137
5	111
5	75
5	72
3	118
3	100
5	59
3	137
5	28
5	91
5	106
5	103
1	106
5	121
5	89
5	94
5	81
5	113
5	128
5	102
5	68
5	108
3	78
5	42
5	86
3	100
5	118
5	123
3	110
5	112
5	141
5	92
5	145
5	153
5	70
5	102
1	49
5	109
5	96
5	82
5	176
5	105
1	127
5	102
5	107
5	29
5	89
5	103
5	78
5	77
3	117
5	127
3	41
5	107
5	80
5	106
5	72
5	127
5	117
5	104
5	87
1	82
5	140
3	54
3	119
5	78
5	127
5	46
5	64
3	68
5	119
5	131
5	101
5	155
5	105
5	111
5	101
5	165
5	102
5	141
5	115
5	131
5	57
5	111
5	133
3	84
5	126
5	108
5	124
5	100
5	109
5	109
5	98
5	110
5	187
5	101
5	104
1	136
5	88
1	178
3	170
5	185
5	158
5	76
5	97
5	111
3	130
5	103
5	102
3	123
5	114
5	59
5	207
5	124
5	119
3	130
5	107
5	116
5	126
5	93
5	53
5	162
5	51
3	101
3	101
5	111
3	144
5	136
5	92
5	87
5	49
5	69
5	91
5	140
5	148
5	100
5	114
5	125
5	99
5	96
3	95
5	64
5	54
5	64
5	158
5	96
5	94
3	125
5	113
5	168
5	20
5	122
4	79
5	87
5	134
5	115
5	131
5	126
5	75
5	41
5	56
5	116
5	77
5	109
5	98
5	111
5	160
5	93
5	119
5	128
1	148
1	112
5	116
5	81
5	75
5	118
5	168
5	129
3	82
5	64
5	116
5	152
1	70
5	126
5	60
5	116
3	138
5	69
5	38
5	115
5	126
5	175
3	116
3	134
1	130
5	171
5	74
5	72
3	105
5	46
3	150
5	112
5	104
5	130
5	88
3	44
5	116
5	153
5	158
5	105
5	130
5	115
5	139
5	88
5	125
5	127
5	113
3	120
3	111
5	60
1	187
5	134
5	114
5	67
5	75
5	97
5	86
5	115
5	149
5	133
5	47
5	103
3	98
5	101
5	100
5	128
5	80
5	77
3	113
5	121
5	128
5	73
5	92
5	111
5	46
5	57
5	154
5	91
5	117
5	90
1	88
5	124
5	76
3	180
5	128
5	188
3	114
5	106
5	118
3	107
5	61
5	141
5	114
5	64
5	107
5	119
5	85
5	52
5	140
3	75
5	127
5	80
5	101
5	138
5	125
5	52
5	97
5	118
5	110
5	113
3	101
5	65
5	76
5	85
5	118
5	116
3	101
5	26
5	106
5	136
5	110
3	71
5	141
5	97
5	179
5	120
3	123
5	111
3	84
5	118
5	96
5	59
5	110
5	116
5	37
5	134
3	105
5	173
5	102
3	95
5	89
5	99
5	123
5	101
5	114
5	123
5	151
5	88
3	70
5	102
5	68
5	66
5	104
3	74
5	97
5	105
5	84
3	56
5	118
5	112
5	114
5	78
3	134
5	110
5	83
5	84
3	96
5	130
5	132
5	81
5	107
5	77
5	87
5	115
5	112
5	108
5	120
5	102
5	86
5	89
5	104
5	135
5	102
5	114
3	132
5	142
5	152
5	73
5	92
5	96
5	79
5	120
3	103
5	99
5	57
5	102
5	86
3	67
5	85
3	126
5	104
5	96
5	64
5	101
5	100
5	44
5	64
5	117
5	93
5	87
5	43
5	85
5	69
5	64
5	116
5	68
5	85
5	122
5	124
1	84
5	85
5	147
5	74
5	59
3	45
5	121
5	50
3	90
1	87
5	76
5	69
5	108
5	165
3	108
3	97
5	150
5	97
5	103
5	112
3	20
5	162
5	166
5	108
5	107
5	76
5	142
5	140
5	95
5	169
5	131
5	139
3	122
5	168
5	91
5	62
5	155
5	97
5	36
5	192
5	108
5	73
5	99
5	136
5	110
5	72
5	116
5	115
3	129
5	147
5	112
1	107
5	106
5	81
5	99
5	99
5	81
5	151
5	97
5	89
5	87
5	93
5	133
5	109
5	112
5	123
1	125
5	75
5	50
5	81
5	98
5	88
5	43
5	93
2	93
5	132
5	83
5	114
3	171
5	116
5	59
5	110
5	111
5	42
3	114
5	76
5	105
5	111
5	83
5	118
5	124
5	87
5	112
5	113
3	111
1	144
5	120
5	89
5	106
5	107
5	132
5	75
5	101
5	191
5	91
5	101
5	175
5	48
5	124
5	94
5	97
5	60
5	75
5	94
5	108
5	173
5	58
3	102
5	89
5	127
5	72
5	128
5	70
5	64
5	107
5	129
3	183
5	171
5	62
3	111
5	55
5	60
1	72
5	108
5	109
5	87
5	71
5	125
5	99
5	86
5	76
5	106
5	91
5	181
5	86
5	118
5	4
5	108
5	130
5	137
5	64
5	178
5	127
5	86
5	102
5	122
5	103
5	107
5	110
5	100
5	128
5	40
5	65
5	73
5	112
5	108
5	62
3	76
5	52
5	66
5	111
5	114
5	83
5	96
5	84
3	57
5	102
5	124
5	64
3	126
5	80
5	121
5	86
5	119
5	66
5	112
1	18
5	87
5	101
5	137
5	98
5	107
5	31
5	57
5	124
5	99
5	96
5	38
5	166
5	181
3	117
5	54
5	66
3	104
5	105
3	142
5	100
5	126
5	96
5	168
5	120
5	109
5	119
5	157
5	111
5	124
5	85
5	68
5	104
3	103
3	121
5	65
5	108
5	90
5	98
5	111
5	115
3	100
5	87
5	144
5	160
5	114
5	108
5	107
5	109
5	80
5	113
5	93
5	100
5	77
5	95
5	145
5	57
5	150
3	79
5	98
5	118
5	55
5	87
5	115
5	150
5	65
5	137
5	106
5	63
5	92
5	92
5	98
5	102
5	89
3	38
5	107
5	112
5	35
5	83
5	126
5	103
5	120
5	45
5	92
5	96
5	106
5	81
5	120
5	155
5	108
5	101
5	114
5	47
5	43
5	85
5	87
5	147
5	82
3	86
5	187
5	61
5	91
5	94
5	66
5	113
3	70
5	171
5	105
5	99
5	109
3	117
5	93
5	104
5	135
1	118
3	99
5	141
5	46
3	107
5	116
5	89
5	113
5	111
5	57
5	93
5	97
5	79
5	109
5	133
5	61
5	142
5	45
5	147
3	87
5	107
5	48
5	70
5	104
5	92
3	58
5	70
5	88
5	85
5	142
5	82
5	126
5	120
5	79
5	89
5	136
5	84
5	172
5	122
5	95
5	128
3	109
5	122
5	91
5	87
5	122
3	116
5	82
5	112
5	69
5	130
5	123
5	114
5	107
5	119
5	83
5	122
5	101
5	88
3	130
5	87
5	83
5	102
5	96
5	109
3	110
5	82
5	170
5	71
5	62
5	124
3	105
3	89
5	53
5	171
5	80
5	92
3	63
5	107
5	108
5	103
5	125
5	90
5	102
5	108
1	122
5	73
5	74
5	66
5	82
5	142
1	86
5	83
3	52
5	104
5	77
5	104
3	66
5	71
5	122
5	127
5	105
5	112
5	39
5	107
5	93
5	72
5	24
5	91
5	112
5	111
3	68
5	88
5	144
3	115
5	102
5	84
5	115
5	69
5	86
5	91
5	121
5	105
5	125
5	120
5	95
5	145
5	108
5	145
1	151
5	93
3	93
5	51
5	48
5	159
5	131
3	105
3	81
5	62
5	87
5	96
1	98
5	94
5	133
5	101
5	123
5	133
5	90
5	72
5	121
5	69
1	174
5	93
3	117
5	96
5	112
5	101
5	82
5	174
5	111
5	181
5	102
5	146
5	104
5	77
5	154
5	103
5	114
5	126
1	166
3	96
5	103
5	131
5	120
5	111
5	123
5	135
5	200
5	104
5	124
5	99
3	90
5	132
5	154
5	91
5	42
5	93
5	76
5	109
5	121
3	176
5	101
5	128
5	194
5	89
5	117
3	93
5	130
5	103
5	45
3	93
5	100
5	37
5	56
5	95
5	106
5	104
5	27
5	79
5	112
5	113
5	111
5	111
5	77
5	118
5	86
5	79
5	179
5	90
5	92
5	48
5	141
3	104
5	65
5	110
5	97
5	77
5	79
5	85
5	146
5	64
5	89
5	116
5	78
1	94
5	87
5	112
5	103
5	114
5	107
5	106
3	85
5	87
5	80
5	128
5	85
5	109
5	110
5	94
5	149
3	111
5	97
3	107
5	118
5	64
5	104
5	121
5	73
5	134
3	103
5	67
5	142
5	135
5	106
4	86
5	148
5	113
3	92
5	149
3	135
5	116
5	70
5	68
5	149
5	91
5	123
5	111
1	169
5	71
1	113
5	81
3	134
5	84
5	57
5	119
5	74
5	62
5	82
5	48
5	108
3	30
5	95
3	117
5	121
5	43
5	92
5	121
5	114
5	78
5	76
5	82
5	114
5	108
5	86
5	181
5	80
3	120
5	56
5	84
5	57
1	168
5	126
5	90
5	99
5	90
5	92
5	147
3	110
5	152
5	64
5	92
5	65
5	110
5	72
3	151
5	160
5	90
5	126
5	86
5	158
5	84
3	116
5	137
5	157
5	139
3	185
3	62
5	98
5	101
5	59
5	118
5	50
5	107
5	52
5	178
5	127
3	121
5	104
5	113
5	54
5	69
5	176
5	56
5	78
3	123
3	61
1	76
5	87
5	148
5	92
5	77
5	77
5	104
3	114
5	111
5	59
5	47
5	90
5	70
5	85
5	111
5	120
5	85
5	157
5	85
5	105
3	147
5	103
5	93
5	148
5	172
5	107
5	103
5	84
5	100
5	105
5	107
5	127
5	88
3	69
5	133
5	102
3	88
3	40
5	67
5	114
5	101
5	79
5	129
5	54
3	60
5	160
5	143
5	186
5	118
5	110
3	98
5	96
5	148
5	112
5	84
5	145
5	99
5	159
5	120
5	58
5	105
5	53
5	88
5	135
3	78
5	144
5	112
5	102
5	92
5	153
1	39
5	119
5	108
5	100
5	97
5	109
5	124
5	116
5	95
5	121
3	128
5	125
5	95
3	110
5	119
5	118
5	102
5	85
5	54
5	112
5	57
5	80
5	172
3	109
5	133
5	100
5	57
5	60
5	100
5	68
5	112
5	104
5	122
3	148
5	78
3	158
5	47
5	83
5	72
5	78
5	75
5	88
5	50
1	135
5	84
5	160
3	115
5	148
3	99
5	118
3	87
5	163
5	139
1	74
3	96
5	88
3	150
5	98
5	135
5	86
5	100
3	96
5	107
5	101
5	43
5	141
5	126
5	139
5	69
5	80
5	85
3	117
5	84
5	104
5	77
5	66
5	107
5	140
5	118
5	88
5	95
5	123
5	90
5	49
5	121
5	88
5	101
5	100
3	129
5	114
5	135
3	68
5	104
5	111
5	122
3	62
5	40
5	131
5	114
3	112
5	138
5	109
5	110
5	84
3	96
5	121
5	87
5	92
5	47
5	65
5	112
5	148
5	101
5	91
5	63
1	79
5	82
5	99
5	125
5	130
5	124
5	83
5	80
5	99
5	92
5	98
5	120
5	108
5	115
5	108
5	92
5	113
5	99
5	121
5	154
5	164
5	96
5	89
5	154
5	159
5	110
5	88
5	101
5	78
5	138
5	120
5	135
5	88
5	56
5	96
5	95
3	93
3	86
3	151
5	142
5	105
3	101
5	110
5	63
5	83
5	126
5	108
5	125
5	121
5	129
3	99
5	103
3	127
3	102
5	101
5	147
5	112
5	53
5	122
5	16
5	113
3	96
3	114
5	50
5	77
5	78
5	155
5	104
5	52
5	143
5	80
5	118
5	121
3	75
5	114
5	103
5	78
3	118
5	139
5	109
5	111
5	62
5	141
5	106
5	140
5	92
3	94
1	78
1	73
5	92
5	111
5	169
5	136
5	114
5	111
5	165
5	49
5	104
5	90
5	67
5	69
5	53
5	106
3	131
5	111
5	103
5	108
5	90
5	123
5	136
5	79
3	108
5	124
5	157
5	92
5	135
5	126
5	101
5	97
5	84
5	82
5	65
3	100
5	56
5	66
5	103
1	119
5	109
3	95
5	165
5	101
3	114
5	50
5	51
5	149
3	73
5	90
5	144
5	75
1	154
5	138
5	63
5	86
5	92
5	85
5	65
5	68
5	118
3	67
3	89
5	89
5	151
5	111
5	136
5	100
5	107
5	107
3	72
5	133
5	93
5	124
5	49
5	98
5	124
5	79
5	56
5	62
5	100
5	99
5	64
5	36
5	110
5	99
5	75
5	108
5	80
5	91
5	93
3	86
5	30
5	64
5	96
1	32
3	128
5	159
5	104
3	135
5	159
5	110
3	103
5	64
5	91
5	121
2	116
3	141
5	178
5	80
5	97
5	99
5	90
5	124
5	61
5	122
5	131
5	171
5	102
5	92
5	78
5	86
5	88
5	51
5	112
5	81
5	73
5	118
5	97
5	54
5	126
5	71
5	110
5	106
5	111
5	102
1	89
5	91
5	120
5	144
5	100
5	27
5	81
5	111
5	145
5	137
5	105
3	124
5	83
5	78
5	98
5	138
5	96
5	146
3	154
5	101
5	90
3	151
3	121
3	17
5	76
5	121
5	109
3	196
3	54
3	127
3	111
5	83
5	40
5	74
5	84
5	134
5	107
5	99
5	113
5	107
5	65
5	175
5	117
5	111
5	150
5	140
5	185
5	123
5	71
5	165
3	112
5	117
5	75
5	84
5	88
5	66
5	148
5	171
5	39
5	91
5	116
5	141
3	134
5	114
5	117
5	115
5	130
5	160
5	196
5	129
3	118
5	119
5	113
5	106
5	89
5	163
3	139
5	74
5	164
5	139
5	131
5	110
5	84
5	75
5	114
5	168
5	65
5	109
5	76
5	110
5	124
3	99
3	60
5	77
5	116
5	98
5	135
5	99
5	124
5	106
5	41
5	86
5	57
5	92
5	23
5	127
5	54
5	137
5	104
5	111
5	50
5	114
5	145
5	95
5	111
5	97
3	97
5	121
3	105
5	132
3	137
5	99
5	111
3	110
5	70
5	114
5	79
5	130
5	89
5	182
5	118
5	86
5	57
5	87
5	90
5	107
5	113
5	95
5	95
5	142
5	110
5	71
5	97
5	59
5	112
5	98
3	84
5	88
5	86
5	128
5	137
5	155
5	87
5	82
5	116
5	24
5	100
3	138
5	115
3	139
5	134
5	113
5	64
3	100
3	71
5	146
5	99
3	58
3	95
5	93
5	161
5	89
5	56
5	109
5	132
5	98
5	187
5	152
5	44
5	57
5	57
5	90
5	145
3	94
3	127
5	31
5	105
5	111
5	110
5	126
5	89
5	105
5	68
5	81
5	117
5	86
5	99
3	66
5	130
5	118
5	81
3	76
5	101
5	59
5	133
5	86
3	173
5	89
5	103
3	89
5	88
5	74
5	89
5	120
5	60
5	114
5	44
5	41
5	88
3	126
5	113
5	102
5	110
5	90
5	62
5	47
5	93
5	89
5	91
5	33
3	93
3	107
5	73
5	97
5	62
5	158
5	77
3	105
5	97
5	124
5	117
5	101
5	71
5	152
3	100
5	125
5	72
5	110
5	58
5	134
5	63
5	57
5	109
5	43
5	65
5	104
3	115
3	97
5	116
5	78
3	147
5	71
5	129
3	79
5	118
5	151
5	56
5	81
5	133
3	104
5	87
5	104
3	98
5	104
5	143
5	87
5	127
5	100
5	117
5	87
5	53
5	169
5	35
5	96
5	155
5	122
5	112
5	62
5	94
5	93
5	116
5	81
5	120
5	109
5	95
3	110
5	118
5	56
5	67
5	145
5	90
5	80
5	140
5	99
5	95
5	105
5	81
5	61
5	102
5	117
3	113
5	73
5	93
5	112
5	67
5	47
5	61
3	104
5	110
5	97
5	104
5	111
5	93
3	103
5	126
5	111
5	163
3	48
5	68
5	95
5	57
5	94
3	97
5	99
3	106
3	102
5	83
5	99
5	178
5	58
5	58
5	154
5	45
5	79
5	104
5	176
5	107
5	85
5	48
1	123
5	102
5	77
5	127
5	66
5	100
5	80
5	91
3	45
5	157
5	130
5	125
5	61
5	101
5	112
5	131
5	87
5	83
3	89
5	104
5	77
5	80
3	100
5	52
5	38
5	53
5	165
5	93
5	112
3	90
5	63
5	58
5	124
5	83
3	138
5	96
5	23
5	149
5	103
5	116
5	98
5	140
5	129
5	102
3	98
5	133
5	96
5	90
5	100
5	157
3	67
5	79
5	91
5	192
5	69
5	82
5	132
5	132
5	102
5	95
5	101
5	109
5	107
5	50
5	132
5	65
5	120
5	118
5	132
5	137
3	97
5	87
5	31
3	137
5	94
5	114
3	122
5	110
5	119
5	76
5	89
3	98
5	98
5	190
5	102
5	84
5	79
5	107
5	97
5	150
5	85
5	87
5	144
5	120
5	110
5	133
5	61
5	149
5	86
5	126
3	106
5	35
5	138
5	100
5	91
5	113
5	103
5	128
5	95
5	81
5	68
1	111
5	90
5	121
5	111
5	72
5	156
5	100
5	98
5	112
5	107
5	68
5	86
5	137
5	168
5	83
5	67
5	107
5	111
5	103
3	181
5	76
5	138
3	107
5	78
5	192
5	72
5	56
5	84
5	92
5	134
3	165
5	135
5	104
3	151
5	102
5	86
5	118
5	119
5	67
3	156
5	45
5	132
3	112
5	127
5	78
5	43
5	103
5	100
5	47
5	184
5	73
5	115
5	117
5	110
5	89
5	54
3	112
5	102
5	109
5	95
5	124
3	87
5	146
5	136
5	104
5	1
3	125
5	141
5	117
5	176
5	96
3	110
5	42
5	102
5	81
5	153
5	109
5	88
3	100
5	80
3	117
5	106
5	118
1	109
3	103
3	99
5	61
5	130
5	123
5	104
5	103
5	92
5	110
5	66
5	128
5	147
5	90
5	59
5	99
5	122
5	139
5	135
5	138
3	122
5	102
3	92
5	81
5	54
5	86
3	55
5	59
5	128
5	148
3	101
5	109
5	108
5	104
5	64
5	107
5	108
5	112
5	92
1	84
5	125
5	91
5	147
5	110
4	116
5	117
5	112
5	129
5	92
5	125
5	78
3	134
5	127
5	100
5	92
5	165
5	160
3	52
5	85
1	69
5	128
5	153
5	101
5	47
5	71
5	78
5	95
5	67
5	134
5	107
5	108
5	113
5	51
5	124
5	35
5	78
3	94
5	137
5	79
5	130
5	82
4	96
5	117
5	125
5	62
5	61
3	99
5	120
3	131
5	108
5	108
3	95
3	95
5	72
5	102
5	26
3	120
5	175
5	105
5	121
5	87
5	109
5	89
3	88
5	109
3	137
5	75
5	67
5	111
5	43
5	103
5	108
5	97
5	131
5	139
5	94
5	92
5	116
1	119
5	110
5	123
5	94
5	76
5	78
5	117
5	97
5	107
5	57
5	80
5	63
3	97
3	132
5	136
5	98
5	139
5	78
5	105
5	66
5	89
5	89
5	121
3	109
5	60
3	100
5	100
5	117
5	103
3	50
5	122
5	49
5	84
5	147
5	34
5	83
5	85
5	71
5	38
5	138
5	107
5	76
5	111
5	103
5	128
5	115
5	114
5	144
5	88
3	130
1	117
5	90
5	84
5	86
5	110
5	112
5	149
5	93
5	79
1	75
5	81
5	108
5	110
5	69
5	85
5	103
5	153
5	82
5	65
3	111
5	94
5	67
5	81
5	53
5	56
5	78
5	43
3	92
1	88
5	75
5	101
5	84
5	100
3	74
3	62
5	73
5	83
5	95
5	92
5	107
5	163
5	152
3	45
5	156
5	129
5	126
5	87
5	84
5	136
1	75
5	127
5	176
5	134
5	183
3	131
5	107
5	124
1	136
5	161
3	139
5	90
5	121
5	115
5	97
5	148
5	83
5	115
5	78
5	94
5	95
5	114
5	111
5	112
5	101
3	114
5	59
5	161
5	100
5	59
5	96
5	109
5	47
5	113
5	95
5	104
5	149
5	111
5	111
5	47
3	52
5	134
5	122
5	137
5	106
5	110
5	115
5	95
5	166
5	123
5	148
3	119
5	91
5	69
5	157
5	111
5	92
3	91
5	134
5	173
5	91
5	141
5	101
3	110
5	112
5	55
3	85
5	96
5	93
1	61
5	52
5	105
3	111
3	111
5	114
5	120
5	116
5	90
5	93
1	64
5	79
5	64
5	147
5	74
5	71
5	130
5	98
5	100
5	92
3	108
5	167
5	108
5	82
5	109
5	108
5	124
5	102
5	101
5	172
5	92
3	83
5	168
5	107
5	92
5	56
5	127
5	115
5	115
5	85
5	95
5	84
5	87
5	70
5	114
5	59
5	128
5	118
5	114
5	115
5	115
5	93
5	121
5	128
5	57
5	123
5	88
5	113
5	71
5	115
5	31
1	109
3	147
3	127
5	100
5	103
5	91
5	109
5	77
5	45
5	99
5	111
5	76
5	95
5	68
5	82
5	77
5	53
5	164
1	114
5	60
5	66
5	184
5	108
5	154
5	111
5	98
5	61
3	84
5	95
5	79
5	117
5	143
5	165
5	107
5	114
5	173
4	104
5	47
5	130
5	153
5	80
5	126
5	121
1	67
5	53
5	151
5	61
5	146
3	88
5	121
5	56
5	70
5	72
5	133
5	107
5	90
5	89
5	148
5	100
2	142
5	105
5	79
3	110
3	54
5	86
5	51
5	147
5	96
5	96
3	102
5	106
3	64
3	91
5	130
1	75
5	143
3	110
3	109
5	109
5	107
5	191
5	71
3	132
5	110
3	105
3	157
5	115
3	115
5	77
5	79
5	63
5	116
5	62
5	105
3	70
5	108
5	63
5	107
5	107
1	55
5	117
5	86
5	96
3	76
5	110
5	91
5	105
5	81
5	142
5	67
5	122
3	101
5	118
5	119
5	101
5	65
5	79
5	100
3	138
5	67
3	101
5	114
5	82
5	114
5	113
3	51
5	52
5	128
5	95
5	33
5	84
5	175
5	23
5	122
5	104
5	93
5	129
5	133
5	101
5	58
5	84
5	91
5	129
5	77
5	135
5	108
5	133
3	78
3	100
5	84
1	107
5	50
5	117
5	142
5	102
5	136
3	132
5	51
5	113
5	55
5	94
5	102
5	120
3	164
5	144
5	50
5	112
5	122
5	177
3	52
3	86
5	103
5	111
5	148
5	105
5	95
1	104
3	95
5	117
3	85
5	90
5	79
3	109
5	106
5	71
5	67
5	69
5	95
5	111
5	152
5	44
5	117
5	60
3	122
5	75
5	73
3	105
5	92
5	100
5	131
5	100
5	111
5	111
5	77
3	103
5	156
5	127
5	140
5	132
5	111
5	150
5	97
5	100
5	74
5	65
3	118
5	129
5	161
3	127
5	143
5	116
5	100
5	134
5	115
5	108
5	134
5	129
5	60
1	134
5	176
5	111
5	108
5	74
5	149
5	74
5	53
5	115
5	158
3	125
5	88
5	117
5	124
5	176
5	132
5	126
5	161
5	73
5	108
5	106
3	136
5	137
5	105
3	101
5	123
5	108
5	62
3	107
5	90
3	92
5	109
5	144
3	143
5	113
5	114
5	96
5	126
5	120
5	58
5	101
5	101
5	70
5	104
5	126
5	89
1	118
5	42
3	107
5	40
5	113
5	91
5	113
5	60
5	65
5	99
5	90
1	87
5	87
5	80
5	90
5	101
5	101
5	68
5	107
5	58
5	110
5	106
3	120
5	97
5	93
3	31
3	126
5	91
1	101
5	68
5	71
5	126
5	126
1	111
5	55
5	88
5	40
5	50
5	113
5	73
3	82
5	156
3	64
1	158
5	120
3	156
5	94
3	87
5	86
5	73
5	103
5	64
5	87
5	117
1	72
5	82
5	194
5	92
5	108
5	132
5	60
3	87
5	144
5	51
5	87
5	111
5	77
3	120
5	98
5	71
3	126
5	120
5	102
5	74
5	99
5	100
5	68
3	91
5	101
5	56
5	67
5	75
5	71
5	113
5	83
1	168
5	135
5	92
5	37
5	113
5	96
5	121
5	86
5	67
5	50
5	86
5	72
5	84
5	107
5	139
5	171
3	103
3	81
5	81
5	100
5	107
5	140
5	105
5	108
5	95
5	122
5	139
5	76
5	100
5	114
5	40
5	65
5	66
5	74
5	124
3	64
5	130
5	95
5	108
5	85
5	43
3	97
5	87
5	60
5	160
5	97
3	90
3	74
5	88
5	134
5	99
5	108
5	136
5	103
5	104
5	65
5	99
5	117
5	96
5	68
5	122
5	103
5	175
5	66
5	106
1	110
5	160
5	82
5	73
5	149
5	114
3	115
5	45
5	102
5	135
5	108
5	118
5	105
5	97
5	114
3	118
5	85
5	89
5	91
5	63
5	72
5	95
5	93
5	113
5	150
3	129
5	79
5	98
5	181
5	120
5	71
5	115
5	100
5	109
5	98
3	74
5	169
5	71
5	68
5	134
5	71
5	76
5	107
5	137
5	86
5	67
5	86
5	93
5	126
5	92
3	97
3	71
5	80
5	62
5	74
5	120
1	74
5	93
5	83
5	146
5	50
5	142
3	129
5	117
5	95
5	118
5	113
5	100
5	84
5	141
5	72
5	119
5	110
3	71
5	151
3	117
5	126
5	106
5	50
5	81
5	91
5	78
5	92
5	79
5	69
5	43
3	136
3	51
5	45
3	127
3	113
3	116
5	93
3	97
1	72
3	102
5	86
5	116
5	80
5	92
5	107
5	107
5	79
5	46
5	113
5	107
5	172
5	101
5	67
3	117
5	104
5	114
5	112
5	131
5	76
3	73
3	104
5	86
5	74
5	59
5	117
5	188
5	96
3	77
5	39
5	112
5	86
5	32
5	148
5	89
5	105
5	104
5	64
5	131
5	118
5	105
5	126
3	93
5	134
5	60
5	89
5	95
5	63
3	159
5	44
1	111
5	161
5	47
5	79
5	40
5	75
5	126
5	110
5	63
5	45
5	52
1	148
5	178
5	88
5	85
5	62
5	139
5	103
3	160
5	64
5	112
5	76
5	66
5	77
1	92
5	81
5	83
3	132
5	99
3	86
5	107
5	91
5	106
3	119
5	92
5	69
5	66
5	110
5	100
5	135
5	65
