7	1
4	213
2	1
2	1
4	252
4	254
4	256
4	254
3	1
4	32
4	119
4	129
4	1
4	36
4	1
2	1
4	1
4	49
4	242
4	188
4	1
8	1
2	1
4	253
4	254
4	1
2	234
4	1
2	255
4	1
2	1
4	1
4	1
5	4
4	1
2	1
2	1
4	125
4	254
4	251
4	1
2	255
4	254
4	1
4	254
4	1
2	136
2	1
4	1
4	253
4	255
2	1
4	1
2	227
3	253
4	5
4	1
4	247
4	254
2	1
4	235
4	19
4	225
4	1
4	256
4	195
8	30
4	63
4	207
4	254
8	231
2	1
2	254
2	1
8	1
4	1
4	211
2	1
3	1
4	166
2	1
4	10
4	255
4	1
4	223
8	255
4	1
4	1
2	253
4	219
4	255
4	47
4	7
4	1
2	245
6	1
4	120
4	1
4	28
4	1
4	213
5	176
4	233
4	1
4	1
4	1
2	1
4	167
4	1
4	202
4	1
8	177
4	30
4	253
4	255
4	255
4	232
4	1
2	132
2	1
4	76
4	11
8	1
4	1
4	243
4	24
4	1
4	1
4	1
4	1
4	183
8	170
4	254
4	1
4	253
4	182
8	1
4	1
8	255
2	253
2	254
4	2
2	1
4	1
4	1
2	187
2	1
4	194
4	1
4	1
4	253
4	176
4	171
4	1
4	74
4	1
2	1
2	152
4	110
8	1
4	1
4	1
4	218
4	63
4	1
4	152
4	1
8	83
2	1
4	1
8	253
4	1
2	255
4	47
2	252
4	254
8	1
4	224
2	252
5	254
2	23
8	152
2	254
2	132
4	30
4	1
4	133
4	255
4	243
4	243
4	201
4	1
4	1
4	238
4	140
8	1
4	1
8	4
4	156
4	1
8	254
9	1
2	216
8	1
4	252
2	253
4	1
4	1
4	1
4	161
4	1
8	254
4	225
4	1
4	1
4	254
4	1
4	8
2	255
4	191
4	120
4	256
4	1
4	254
4	1
4	250
4	256
2	1
4	1
4	230
4	255
4	1
4	1
4	1
2	215
2	246
4	1
2	1
2	1
4	80
4	17
2	221
2	1
4	25
4	1
4	1
4	1
4	222
4	1
2	80
4	254
4	255
4	1
2	187
3	222
2	223
4	1
4	1
4	39
3	254
4	208
4	1
4	45
2	190
4	255
8	1
4	1
4	129
4	1
2	1
4	1
4	1
4	1
2	131
4	1
2	235
4	8
4	255
4	1
4	256
8	254
4	254
2	254
4	26
4	98
4	1
4	241
4	255
4	103
4	253
4	160
4	1
4	67
8	1
4	1
4	1
4	1
5	1
4	211
4	1
4	1
4	253
4	255
4	1
2	255
4	1
2	255
2	1
4	1
4	1
4	1
4	87
4	1
2	24
4	1
8	254
4	253
4	1
2	158
4	255
2	255
4	1
2	1
2	254
2	138
3	254
4	1
4	11
4	252
4	1
4	253
4	1
4	1
2	212
4	1
2	85
3	1
2	1
4	1
4	185
2	224
2	254
8	1
4	1
8	254
2	1
4	1
2	88
2	1
4	11
4	1
4	253
2	1
3	76
4	242
4	139
4	136
4	216
4	1
4	226
4	11
2	1
4	254
4	1
4	254
4	222
4	89
4	254
4	1
4	253
4	1
4	73
4	254
8	256
2	235
4	221
4	254
4	1
2	1
4	1
4	1
4	256
2	227
4	254
2	1
2	253
4	222
4	1
4	1
8	1
4	254
2	1
8	135
4	1
4	1
4	1
4	254
2	256
4	1
3	1
3	87
4	1
7	204
4	22
4	1
4	196
4	1
2	1
2	254
4	256
4	244
4	20
4	1
8	253
4	1
5	255
4	254
4	1
8	1
4	1
4	35
4	176
9	1
4	1
4	50
4	1
4	255
4	1
4	1
4	1
4	254
4	1
2	8
4	254
4	255
4	1
2	1
4	68
4	254
4	1
8	1
4	1
2	1
4	254
4	253
4	1
8	1
4	253
4	1
4	38
4	253
4	250
4	1
5	1
4	185
4	13
4	254
4	1
4	1
4	1
4	65
4	254
4	1
4	236
2	255
4	1
2	254
2	1
4	239
4	255
8	254
2	255
4	1
4	113
4	1
4	1
3	256
2	56
4	256
3	1
8	244
4	1
4	1
4	1
8	1
4	254
4	1
4	254
5	192
2	241
4	58
4	240
4	254
4	27
2	1
4	1
4	251
2	1
2	254
4	1
4	204
4	49
5	1
4	247
2	33
2	1
4	169
4	254
4	255
2	117
4	224
4	1
4	253
4	1
4	194
2	26
4	254
4	254
8	1
4	33
2	224
4	253
4	1
2	250
4	1
4	1
2	254
4	1
2	1
2	253
4	254
4	1
4	252
2	254
4	187
4	253
4	42
4	254
4	1
4	1
4	1
4	254
4	219
2	1
8	209
4	1
4	1
4	130
4	254
4	227
2	1
4	253
9	116
4	254
4	254
4	255
4	1
4	1
4	253
6	1
2	1
4	1
8	1
4	216
2	222
4	1
4	255
4	254
8	1
4	1
4	1
2	1
4	169
4	71
4	92
2	185
4	48
4	1
4	1
4	1
4	239
3	70
4	1
4	5
4	1
2	1
2	1
4	66
4	256
2	1
4	255
2	1
4	208
4	254
2	1
2	138
4	250
2	254
2	186
2	255
4	253
4	254
4	1
4	1
3	253
4	254
4	1
4	256
4	1
4	255
2	253
4	254
4	90
4	225
2	12
4	254
2	155
2	255
4	1
4	1
4	113
4	1
5	253
4	1
4	1
2	115
4	1
5	98
8	98
4	216
4	1
4	1
8	1
4	3
8	216
4	31
8	255
2	1
4	254
4	34
4	99
4	6
2	255
2	12
2	1
3	255
4	253
4	240
4	1
8	1
4	132
4	256
4	1
4	1
2	253
4	254
4	109
4	1
4	254
4	18
2	255
2	4
2	1
2	1
2	243
4	85
3	5
4	222
4	1
4	1
4	1
2	189
8	253
8	33
4	1
4	1
2	1
6	11
4	70
4	218
4	1
4	1
4	70
4	227
2	256
8	16
4	255
1	254
4	1
4	248
4	1
2	248
4	254
2	254
4	1
4	253
2	121
2	241
4	249
8	123
4	1
4	10
4	196
4	65
8	254
4	1
4	1
4	47
4	1
2	131
4	98
4	180
4	1
3	254
4	254
4	1
4	254
4	56
2	1
4	1
4	1
4	1
4	225
4	85
4	1
4	256
2	204
2	1
3	1
4	1
4	170
4	254
8	1
2	183
2	1
4	252
2	1
4	255
2	1
4	1
4	251
2	1
2	1
4	1
2	253
8	1
2	1
4	1
4	1
4	1
4	254
4	1
4	1
2	1
8	1
4	82
2	229
4	182
2	112
3	1
2	1
2	1
4	1
4	1
2	254
4	188
8	254
2	1
2	1
2	1
4	1
4	254
2	1
4	1
4	254
4	104
4	1
4	256
4	1
4	1
4	253
4	1
2	254
4	1
4	1
4	22
4	1
8	1
4	256
4	1
4	1
4	221
4	1
4	254
4	45
4	1
4	89
2	254
2	12
