5559	3131
5755	2647
6000	2574
5066	3379
3798	1737
3927	4286
3224	3051
6552	7627
4448	2333
5674	3537
7293	4031
5484	3487
6128	2595
6818	5512
6021	2763
6172	4534
5247	4567
5006	1743
5237	2464
5365	4607
5240	2276
5642	3807
7349	4642
4348	1985
3962	2130
5201	4378
6977	5795
4146	2509
4276	3662
7540	7864
4322	3137
6223	5717
0	3107
4938	3461
5247	5665
7653	5019
4661	7352
4735	3191
6028	6088
4132	1229
5588	4765
4874	4334
5544	5132
4749	2627
5477	2863
4935	2547
6205	2769
7363	3041
4436	2705
3951	3750
4445	3904
5950	4655
5323	3149
6301	2939
4556	7077
4483	4566
6506	3339
4389	2767
8301	8520
6620	6052
4030	5724
5858	2992
5140	1559
4175	2972
6529	7729
6177	6230
6688	2557
6878	4327
5323	4157
5675	4550
4682	2791
6168	4186
7254	7104
6988	7537
7758	3560
4830	3413
3442	3028
1908	2479
4790	4485
6365	5847
4562	1713
4315	2902
5194	2606
3821	3619
4298	3977
7255	5546
4742	875
7099	3466
4409	2694
4428	2033
4963	4357
4719	3310
5847	2588
3331	2422
6037	2726
5251	2137
5443	3332
5331	1849
5645	3237
4914	3508
4469	2811
4037	3160
5693	2638
8807	8544
3892	3531
5044	3318
5927	2586
4331	2446
6647	3550
7380	7151
4659	3909
5512	3962
6636	5053
4761	4236
5180	4925
2262	3286
4310	3258
7261	1817
6213	4424
3949	3315
6250	8054
4906	1788
4717	3966
6615	2093
3921	4900
5503	3646
4949	2815
9224	5699
2365	3410
4476	3005
5177	2463
5957	9999
8212	7600
4507	2865
5814	7410
6175	2826
6230	4499
5867	1383
4465	6744
5669	3011
5285	4189
5241	2665
5695	2172
7577	7860
4776	4197
4578	2972
5921	3184
5658	4260
5273	4056
4414	2965
5468	2801
4431	5098
4006	2894
6820	2394
8935	7937
5128	3545
4132	1214
4074	1778
6168	4945
8850	8286
6043	4689
4197	1561
4280	2135
5087	2996
7057	6142
4326	2820
3509	3797
4785	5715
5273	2943
5456	4023
4112	3650
8616	4307
5434	2887
6320	3107
4521	3048
5388	4110
2894	0
4952	2439
5777	4473
5051	2922
5645	3246
6252	4926
5469	2683
6733	3769
6003	2804
6466	5576
3601	193
4792	3615
3399	3939
4551	4284
7370	3810
4743	2819
5420	2914
9516	8253
8903	8022
5072	5599
6018	3223
2618	1209
6659	4190
4806	3386
6854	3463
8006	7716
6257	3621
5270	3025
8416	8077
5768	2951
4894	2367
4765	4072
6046	3352
4672	3383
8380	8458
5825	2545
6187	4082
5344	2765
5962	4203
5122	3812
7550	8186
9192	8435
5514	2840
5524	4236
5952	5112
6122	5432
3709	3875
6733	6432
6342	4452
7239	7443
5852	2913
4716	3042
4427	3301
5750	3592
5079	5707
9376	8105
5405	2337
6155	3537
4721	1916
7488	1776
4306	3192
4698	6147
5911	4492
4060	3485
6478	5596
9297	8040
6362	2676
8088	8623
4544	3055
7587	6472
4639	4274
4359	5468
6307	3992
4835	4230
7939	8203
6745	4094
5506	3299
5364	4191
6663	2127
5668	4564
5082	4786
5076	4733
3985	2861
5713	6839
4417	1130
3227	3908
6119	3273
5805	3520
7821	3033
5570	2791
5879	3241
6142	7309
6184	3793
7496	2455
4614	2629
6135	3699
6481	3801
3889	3557
5749	2445
7345	7011
4924	2679
7809	2673
8731	8241
7397	1897
5136	4627
5077	5450
5662	4019
5585	2925
6834	7662
6092	3830
5807	3969
3704	4198
7638	5013
7064	4750
4136	2645
5535	3006
4890	3705
4229	3010
4913	2670
3119	2631
2512	2326
5918	2371
4751	2583
5648	5438
5614	2720
8328	5483
4676	3137
6172	3320
5357	3786
2789	3053
5921	4208
6376	3898
4085	4884
5620	4877
4477	4735
3738	2923
3513	2153
6068	2712
4393	1782
5346	3274
8655	3408
4159	2791
4143	2026
6289	6531
6148	4475
3695	4937
9321	8100
4640	3798
3933	1838
5707	4453
6800	3585
6997	8397
3818	3388
9070	7012
9809	7648
4024	1807
6868	3471
5213	4253
5846	2828
2967	2138
8438	4285
5099	1247
6296	4270
8526	6346
5742	6033
5431	2341
4917	4032
5412	2773
5800	2823
8114	7637
6384	4212
4313	3181
2899	3860
4046	3419
4347	2232
5257	4455
5166	3866
5966	4552
4353	3070
3672	2654
6653	3630
4031	2324
5038	3261
5573	4229
4524	960
5886	5418
7043	4874
3697	2749
4596	2859
8277	8100
6120	3114
2596	1923
5005	2378
4698	4075
4460	4720
7063	5269
5599	5561
6086	4841
4511	2760
4725	2111
5103	1751
6778	2929
5287	2723
4373	3434
6175	5831
3371	3936
5519	1584
6383	3166
5670	2770
9286	7700
2298	2731
5829	1927
6544	4767
6640	2699
6013	7072
3943	1356
4137	2981
6966	3164
5363	3114
5055	3391
6395	2671
4619	1962
3824	2778
4935	1925
5470	2818
9324	8353
3762	3489
5922	2166
4374	3199
5025	2919
5562	3942
5254	4553
3778	4533
4967	3553
5329	2535
3687	5416
5339	2271
4688	2193
2909	3075
4862	1387
5435	4664
5021	5432
6707	6570
3497	1428
9651	8232
5926	4412
6854	3463
4939	1325
3166	3296
4267	2191
5803	3121
5680	2130
7807	8242
4713	2188
7259	3268
5925	3418
7275	1990
5234	1959
9845	8176
7955	8170
4920	1398
5854	3183
4022	5413
4768	3873
6383	3166
5159	2904
6012	2963
7041	2935
6360	3455
6250	2284
6253	6723
4925	4421
8030	2465
6185	2127
3528	2754
5310	2850
4373	2472
4169	4962
5555	2987
4271	1197
5077	5379
4934	3295
7330	7911
5894	4881
4610	2840
5303	5104
7225	2566
5054	2518
5743	5997
7464	2536
5980	2811
8993	8249
6925	6060
5792	7249
5589	3145
3220	3323
4880	4596
4123	2628
5906	4288
5502	2583
4332	2321
3863	2617
4587	2477
3672	4399
5253	4697
4402	2881
5053	1547
5113	4640
5361	3299
4662	4968
4732	3216
6165	2376
9999	8531
7650	5461
4666	5007
3985	3127
7164	8468
6841	2701
5864	4341
6792	3236
5313	3548
7899	8031
5382	3873
8781	7803
5509	4454
9462	7556
5002	3328
5974	5387
6028	2601
5639	4559
5841	4213
6929	2600
5604	2791
5981	5056
4708	2259
5997	1340
3607	10
4369	2634
6113	6977
7538	8549
2443	3125
5801	4216
4512	5369
3833	2035
6255	4647
4045	3005
5165	2755
7700	2218
5958	2943
6362	2332
3790	3779
6050	7330
5044	2398
5587	4856
