4091	1
4477	1
5482	73
3757	1
3076	21
4919	2
6560	1
4535	1
4174	1
3449	240
4485	55
3724	1
5518	1
6786	17
3482	1
3559	1
7120	92
6155	188
4411	297
4048	31
4050	1
4773	1
4339	34
4907	1
4887	1
4078	107
6494	123
3304	1
3501	1
6289	13
5424	1
3011	1
3486	1
5051	1
3639	1
5885	674
5695	62
3495	1
4263	44
4815	113
3458	1
3375	1
4572	41
3337	93
5497	1
5847	60
5226	153
3438	1
4240	234
3551	1
7495	1
3508	50
4423	75
4532	1
5583	79
4725	1
4592	1
3296	44
4013	318
3882	151
4348	9
4319	1
3287	1
7815	15
3363	1
5699	318
5127	436
5689	1
4509	1
4617	1
5041	101
3221	6
2800	28
4154	1
5378	53
5965	69
4059	36
3693	22
3850	1
3693	1
5404	87
6205	207
3354	1
4698	133
5092	1
6799	8
7626	328
6014	48
3887	1
3855	1
3715	1
3405	1
2933	1
3065	1
3643	1
4022	1
5055	22
5052	1
3634	1
4644	1
2745	1
6362	45
5924	217
2709	1
3842	172
3844	85
4764	349
5619	1
4191	1
4161	116
1961	1
6720	1
3445	1
5832	362
5595	1
3512	1
4316	22
7297	578
4238	768
3965	6
5151	1
5438	67
3856	1
5075	359
4992	48
4597	2
4869	1
3151	26
4111	7
6280	1
7293	1
4373	5
5473	1
3361	1
4400	1
5547	1
4373	1
4080	1
5036	1
5296	115
4997	127
3184	1
3697	1
2714	27
3387	12
4805	28
4593	101
4747	1
4760	190
4513	36
5260	1
4033	1
4822	46
3706	73
4309	1
3157	1
1079	1
5807	1
5596	1
3964	12
4825	1
3440	1
2050	1
2662	1
3233	1
4554	1
4385	1
3523	1
5360	61
7126	42
3071	83
3392	16
4242	1
3291	1
5670	1
3646	272
3735	1
2855	70
8206	1
4313	1
3215	30
5724	1
3105	1
5487	38
4021	1
3240	93
3223	122
6441	1
5944	31
5280	201
3560	1
2318	1
5491	1
6288	1
4098	1
4781	191
3978	1
3652	68
4878	1
2720	25
1800	1
3372	1
6270	35
5970	1
3355	1
2928	1
6832	1
4456	838
7468	1
5074	98
4996	1
3633	1
4864	1
3095	1
3736	38
5953	55
3791	69
7692	340
5525	1
3610	1
2963	1
4249	1
4168	199
5734	825
3544	125
3134	1
5425	25
3644	174
2746	183
4509	1
3839	1
3473	1
3287	1
5356	23
3565	1
4942	1
4216	16
4172	3
4330	1
5365	1
6289	1
4192	1
3221	44
5989	76
3084	1
5770	310
6848	47
4050	1
4976	29
4426	1
6038	8
4969	1
3737	1
4568	1
3438	1
3286	1
4980	42
2674	1
5487	1
3582	1
6551	180
5590	1
6252	1
6366	33
2902	178
5957	63
2889	1
5020	1
5726	1
4374	7
2488	86
4849	2
2315	1
4664	70
3237	1
5854	1
4294	1
3727	25
4468	78
5028	1
5941	1
4257	118
3676	1
4195	36
9009	302
4948	1
6375	51
3297	1
2628	43
4503	1
5460	1
3604	224
6649	45
4432	1
2573	18
4896	32
5793	1
6583	51
2544	201
6236	42
4618	125
3642	1
4026	357
3528	1
3269	10
4112	143
4702	223
4621	1
4642	1
5200	194
4795	1
4567	3
5036	402
4403	1
3774	1
3034	1
4414	1
6423	110
3422	1
3126	9
5086	85
5121	33
5250	1
4572	30
3353	1
4656	137
4565	48
4710	1
5182	31
6410	23
4265	225
4955	1
5046	1
5305	1
3413	397
4345	1
4678	1
7153	1
6499	1
4184	59
3788	1
3746	1
3736	19
4676	1
4754	65
5367	1
4808	1
3270	1
4224	36
5545	1
4419	1
5284	1
3369	1
4963	161
4502	79
3632	8
2727	1
2077	264
5155	50
3947	1
3575	81
3337	1
1401	1
3928	1
3178	1
4427	1
4855	346
5594	1
6307	1
3298	1
3712	1
4866	1
7267	8
5212	1
4791	1
3937	1
3844	1
3807	1
3756	11
5782	1
5121	116
4747	1
4131	119
1895	1
5627	205
4838	260
2293	1
6665	1
1709	1
5905	109
3116	1
4448	18
8073	69
6154	4
3710	1
2491	1
3735	1
4508	15
6022	1
5732	1
4045	1
4226	1
5393	113
4629	106
5282	1
3802	19
7986	54
4085	1
2910	1
2976	1
6857	1
3932	1
2838	1
3530	226
2502	1
5238	113
3051	159
3137	1
4749	1
5156	105
5106	1
2835	1
7577	1
2737	42
4164	116
1810	1
5540	9
4714	1
1961	1
2419	1
4888	21
5047	111
3867	101
4142	79
6020	101
5040	1
3670	38
3423	1
2983	296
4550	111
4473	1
3460	1
5650	56
5345	1
3318	1
5845	1
4504	36
5682	69
4432	1
3088	11
4089	1
4064	1
3292	1
4890	21
6232	272
4197	1
4398	5
2877	8
2699	1
4660	1
4239	1
4522	80
4021	1
4395	75
4312	375
5412	1
3333	42
4282	1
7130	1
3707	1
4934	1
6407	38
4685	842
2942	1
3978	95
3641	1
5453	34
3010	7
6020	23
2914	1
4206	1
5689	1
4592	167
4339	190
5828	80
4209	161
3948	21
4291	1
5327	103
3274	26
3065	40
7626	1
4543	80
4984	29
2686	1
2967	1
2536	1
1522	1
6578	55
2503	21
4853	1
3923	4
3960	1
5530	1
5315	37
5002	248
5019	1
3913	192
3197	1
5529	1
3948	87
3710	18
5497	1
2083	1
4958	151
9697	11
6120	86
3253	135
4364	1
4650	1
4323	17
4071	1
4715	1
7747	1
3474	52
5146	131
5780	1
5298	1
3703	1
6030	2
6059	359
6255	163
3327	1
2635	1
2811	1
7444	402
6574	1
3987	163
4377	9
4096	99
5282	122
4469	67
4150	33
4935	1
4699	180
5389	211
5238	1
3762	1
7573	1
3916	51
5444	111
5119	124
3282	7
4273	32
2602	1
4381	1
5039	16
3790	1
6275	1
4227	1
3410	11
3986	1
5370	1
5517	1
4091	155
3229	1
4143	56
4576	33
3228	1
4761	701
4796	215
5572	1
4610	246
3252	1
8496	1
6971	12
3537	1
4363	233
3567	1
3016	1
4935	1
6691	123
4739	282
4591	1
5692	1
4050	1
2182	1
8309	330
4790	1
3372	53
3998	23
4191	117
4437	1
6404	34
3051	436
2438	1
4394	1
3098	33
4617	203
6137	1
6197	1
5509	165
3132	23
5646	70
3725	48
4151	12
5532	189
5583	79
3784	5
5318	1
6925	109
3669	1
3859	1
4785	1
6743	11
4593	80
4106	94
4356	13
3912	25
4317	78
3600	1
4121	1
6008	114
3620	1
3916	29
3821	1
5731	1
4280	36
5434	50
4405	1
4424	11
5624	38
5499	1
4072	1
4513	1
4300	1
3549	63
4407	1
5258	1
4785	1
4351	45
2929	1
4700	1
4204	1
7970	78
8463	250
4316	80
5588	180
4434	112
3964	1
4330	27
2998	1
3986	1
3867	187
3942	35
5021	9
4190	187
3740	1
5161	76
4293	280
6064	30
4606	1
7633	29
5884	28
2752	1
4661	1
5487	26
2836	142
6241	267
5723	1
3639	1
5978	1
4544	1
5685	21
5215	64
4737	51
6460	664
3523	1
4098	68
5323	6
3383	1
3224	87
5007	849
6835	1
4718	324
3873	101
4456	1
3095	1
5433	316
4088	40
3561	113
6404	526
6143	1
3783	1
4765	1
3356	1
4749	1
5401	28
5289	1
3651	1
6250	53
3436	1
2575	38
4058	1
3833	1
4709	382
5987	6
5143	278
8053	255
4477	1
6707	1
3095	1
5718	61
3325	92
3775	140
3679	353
8508	1
4988	7
4063	1
3745	94
6175	1
3655	32
3981	21
3857	1
8974	138
7632	89
4599	2
4945	1
5584	1
3133	1
3380	51
4057	10
1413	1
3263	1
3501	1
3598	1
5274	1
5127	1
3383	1
7774	869
5406	222
6355	23
4520	1
3963	1
6350	11
3877	1
5265	1
5189	189
3072	231
3931	33
4718	1
4497	320
3459	1
3365	1
4090	1
5399	431
3058	153
3327	16
4608	158
6930	1
5303	29
7593	218
2115	1
3739	31
3944	1
2604	29
4958	1
2802	1
4059	3
3874	34
2962	56
4501	1
7212	24
3939	54
3603	1
4399	212
3594	1
5159	41
2960	1
3850	46
5050	1
3989	63
4763	1
4900	13
5304	74
3407	32
4409	2
4751	1
4761	175
3394	1
3794	72
4587	362
5408	16
4201	1
4571	1
3851	62
3724	12
2621	1
5044	131
5959	63
3873	1
4386	81
2411	2
2889	339
5411	1
3688	221
5943	14
5217	1
4271	1
7044	312
4357	1
5429	362
2880	1
4572	3
3344	1
4500	22
6039	195
5361	1
3596	1
6199	65
8245	57
3161	19
3020	1
7197	403
5300	5
7348	197
1930	1
4011	1
3757	21
4006	1
8075	46
5024	113
5620	1
3238	1
4963	167
7994	117
3816	1
3496	1
3754	1
4539	22
4574	1
2609	1
3483	1
5076	10
4719	199
2977	1
3281	1
4327	18
3233	74
3341	1
4724	552
6798	497
5305	194
4433	6
4194	1
3955	1
4222	1
4438	1
4897	103
3737	1
5535	190
6061	1
4089	37
3030	1
4774	1
4536	93
4743	1
5142	47
3379	1
4140	1
4157	1
4660	1
5575	855
3990	4
4390	118
6072	68
2185	59
5016	387
4342	309
2774	87
4026	55
5147	69
4372	1
4253	66
5571	678
6038	314
3562	32
3566	1
3502	22
3706	7
4350	1
6618	15
5059	13
4580	1
6129	41
5994	165
4624	1
5620	1
8119	1
3783	53
7095	1
9288	1
3778	27
7472	48
4285	194
4642	2
3320	29
6348	258
3805	1
5054	5
4667	1
3849	56
4656	809
2852	18
3852	136
5298	449
9020	840
5999	29
5360	1
5255	1
5091	1
3598	1
4662	1
3323	1
4700	1
2762	1
2983	21
4043	34
5089	1
4146	1
9257	53
4382	1
4540	1
5476	25
4167	1
5811	135
3968	17
5254	55
4352	171
4846	1
4451	61
6573	1
4099	1
5344	1
3862	1
6913	163
4682	1
3632	15
4474	1
3786	206
2006	1
4894	159
3209	1
3882	1
4679	183
6246	819
3549	1
5439	1
4963	116
2975	38
3994	1
7496	17
6821	1
3303	1
4597	66
3734	1
4932	4
5326	211
6007	49
3033	1
5494	1
4095	1
3636	1
3957	1
2683	1
4170	1
3207	1
2424	1
4681	1
4117	1
6490	696
4261	69
4876	1
4813	24
4933	251
4710	849
3662	1
4473	23
4307	28
4689	1
3763	40
7572	1
5460	118
2253	53
4050	5
2407	1
6039	70
6089	58
4538	1
5240	1
3009	1
3880	147
4529	1
3554	1
4991	304
7297	515
3864	1
4689	224
6063	145
4561	73
3874	1
3688	1
7233	24
4377	1
4815	1
4418	35
3974	16
5449	1
4260	1
3925	1
5819	84
3658	91
5325	1
3190	36
3302	1
1500	24
4572	152
2285	1
6358	2
4063	1
5067	94
4328	788
5481	8
3084	1
7069	43
4585	162
3281	1
4436	1
5777	2
5833	60
3951	1
2062	1
8656	1
4661	1
6770	1
5260	1
2772	10
5437	165
6608	78
3055	4
4182	109
5724	1
3992	104
4506	318
4548	38
4222	106
3452	132
4937	1
8173	14
2074	36
4357	362
4739	215
4149	1
6384	1
4097	1
5140	35
5635	633
5679	579
5840	145
5707	113
2998	1
5199	1
7052	131
4170	1
2966	452
4304	118
3032	1
7314	86
2921	1
2949	71
6223	1
5283	1
3662	6
3253	1
3542	1
4062	1
3831	87
3164	70
4030	1
5385	79
7106	16
3992	1
4877	109
3950	157
8098	1
4731	1
4990	1
3306	70
3579	4
6305	14
6924	1
7199	1
4269	1
6861	1
6300	29
5007	19
3923	1
5821	59
5524	1
3734	10
3368	1
4823	13
4753	33
4722	9
6108	1
3386	19
5093	1
6509	46
3880	330
5484	1
1050	1
3496	6
5347	145
6152	1
4259	1
4972	1
4877	1
3855	1
7316	37
4826	1
4415	1
3338	1
2954	1
4548	120
4621	180
5410	98
5392	1
2578	1
3665	3
2530	169
4385	1
4895	25
4665	281
6175	1
5475	12
7636	103
2956	2
5148	467
4523	779
2943	17
2826	1
4041	16
6589	15
3111	124
3528	1
6740	1
3328	649
6142	1
5873	307
3980	39
5397	1
1660	1
3844	1
4061	1
4494	1
3914	1
3559	1
5758	5
4472	1
4837	141
2598	1
3303	1
5472	123
3187	12
4054	1
4335	1
4064	1
4310	60
5430	1
6782	1
3311	131
5080	42
4237	21
4749	1
4475	103
4764	1
4117	1
5476	1
5406	304
4685	34
3495	1
4094	1
4609	65
2142	51
4416	51
5472	26
5009	1
4537	212
1621	44
7579	1
5604	102
4997	142
4812	21
3775	61
7784	51
3890	91
4680	62
4524	362
5166	852
3794	1
5453	313
2966	1
5023	1
5276	108
5595	75
5509	92
3460	15
5515	125
4986	630
3681	134
4890	1
2890	1
5302	1
4902	1
5107	1
7036	119
4917	1
4049	1
3101	1
3544	1
2895	1
5800	1
4637	1
4112	1
5488	43
5547	22
4502	1
4955	1
4237	1
4285	131
4007	1
3968	16
6437	81
5561	208
5150	11
4948	12
6293	1
4657	57
3581	6
3997	1
4138	60
4640	1
4079	61
995	1
4624	1
5239	31
4907	435
3752	1
3304	1
3114	201
2861	1
3883	1
2571	32
5044	278
3000	42
4407	9
7148	366
5129	99
3832	1
2992	101
7978	1
1926	1
4146	120
4579	1
2594	1
5237	1
3977	1
5877	1
3730	211
3362	34
5551	74
2117	101
1494	224
4987	44
5481	704
5705	12
6627	1
4583	1
3138	6
5803	188
4267	68
5981	1
3708	64
4021	1
5511	101
2496	263
3732	3
4589	99
3075	1
3615	1
6338	1
2523	1
4655	7
3785	19
4121	1
4058	1
3819	1
3842	6
6035	223
4776	1
5976	1
5316	1
3138	1
4122	179
3152	25
4056	1
6672	21
3519	1
3100	3
4564	41
2310	1
3505	61
3239	1
4772	26
4704	1
4750	1
4402	75
4024	427
5279	1
5170	1
6284	122
6340	110
4567	138
7323	1
4973	1
5548	15
6268	1
7981	1
6779	15
6477	1
4539	1
5818	1
4391	1
4570	103
4563	31
5293	1
943	10
5641	58
3284	117
7979	153
6936	81
4261	1
3692	1
6734	46
4202	43
2654	42
3814	96
4132	1
7595	1
5233	1
5744	342
3209	1
3373	114
4977	606
3351	1
5121	177
3685	214
5874	56
3646	52
5162	1
5931	1
4914	276
1944	1
3336	1
3732	1
5063	3
3501	169
5648	195
4943	1
4578	537
3707	1
3624	1
4721	1
3396	1
4949	45
7222	1
4348	128
4910	208
7532	292
2966	38
4082	12
4749	257
7120	195
3797	394
1543	1
6872	116
3584	1
5772	131
3836	1
4031	1
4494	55
3032	1
3966	8
6128	2
975	1
2992	1
3923	278
4555	74
4424	33
4998	680
5646	1
3284	1
4220	37
5456	1
6054	681
5588	1
4577	1
4873	1
2164	1
2946	1
4776	1
5206	1
3103	1
5431	156
3672	1
3772	242
4227	125
1898	1
5895	10
4442	56
3725	1
3073	1
6263	126
4779	1
7251	214
3830	60
4164	10
3538	1
4961	20
6689	179
2713	19
4785	43
2056	42
5244	1
4380	1
5427	33
3838	22
4730	74
3401	1
4016	6
3995	1
4001	1
3693	1
3722	1
3774	1
6273	16
5640	320
4711	2
4980	60
3424	1
5893	1
4327	1
5807	365
2904	1
5114	317
5012	1
6148	1
4124	1
4921	48
6132	24
2240	156
4247	81
5013	38
3524	420
6004	227
5378	26
4613	1
4938	1
5561	27
4644	142
4144	27
4328	1
4178	5
5787	53
5047	1
4782	70
5697	1
3244	67
4411	157
3341	124
5345	32
3482	17
5653	22
5098	1
4671	11
5011	59
3914	1
5720	1
6176	19
4350	131
5846	14
3756	1
4408	27
5223	86
2033	1
3538	1
4932	30
6213	8
4641	1
4052	1
3480	1
5176	122
3138	20
4823	1
4569	131
3764	1
4222	1
6522	1
5888	1
3908	145
4859	203
4241	9
7284	1
3964	1
4012	226
4128	31
4555	182
5712	1
2500	1
5141	132
3055	1
5550	305
4221	13
3578	1
5085	24
6241	1
4808	77
4618	1
5735	44
3959	43
3317	33
5075	1
8518	102
5003	20
5736	1
3953	49
4406	1
3798	1
2960	1
2463	1
3902	8
3559	9
5713	1
4632	70
5463	850
4489	28
3548	8
5576	246
6280	99
4257	1
4359	62
4076	1
4528	1
3665	1
3665	1
3613	53
3706	1
8331	34
4791	123
4538	1
3989	11
4784	1
3370	517
4993	1
4292	181
6093	39
3310	1
2296	14
8016	282
7261	250
4448	37
7327	1
4544	11
3327	13
5323	133
4278	1
3825	1
4289	1
4811	182
2686	1
6203	18
4867	1
3715	1
4932	84
4865	1
5468	31
3590	95
4421	65
3455	188
6154	1
3945	1
4980	1
3866	54
3500	1
4625	27
5369	83
4289	21
7181	201
3532	6
3657	62
3230	1
4674	82
3684	110
4607	102
4015	1
3468	74
8212	1
5004	1
6361	1
3528	13
4317	90
4722	111
5639	1
5603	1
4101	100
6336	1
5106	369
5658	826
4188	103
3938	1
6959	1
4582	33
3748	165
2436	1
2472	13
4990	11
2509	18
1710	40
4463	1
3211	1
4111	1
4433	1
4797	1
5112	200
3745	1
8264	178
4353	26
4486	284
2459	1
5345	1
3886	1
4046	1
3079	1
2907	8
3861	1
4040	1
2878	1
5449	62
2084	1
4125	1
4528	107
5244	109
3414	1
5370	1
6569	1
4359	31
4397	342
5614	1
6626	1
6967	8
3550	1
3448	1
3248	1
6170	104
3783	73
5484	1
5512	1
3861	44
4086	1
7019	1
7730	29
5085	1
3891	104
3625	63
4467	1
6532	1
4229	19
4801	1
5068	1
4793	197
2218	1
3495	7
3748	5
6415	1
3895	1
4658	1
7287	11
3091	1
5118	1
5165	51
3747	1
4059	1
4446	14
6495	35
7884	843
6363	228
3943	17
4909	1
5650	1
4105	1
4116	63
2083	1
3050	1
4830	208
6541	243
3346	1
3955	178
2677	1
2810	1
4740	46
5819	1
6614	211
3976	12
2792	1
4476	77
2546	76
3373	49
3567	15
3379	1
2990	1
2633	1
5097	1
4868	199
2102	31
4605	5
4020	1
5856	536
4541	1
4642	1
3437	140
4633	1
3874	1
4611	290
7011	483
3251	10
3203	16
4311	1
3410	80
4291	121
2150	1
3790	1
4279	71
4864	1
6025	39
5009	197
2559	10
3836	35
3251	1
4077	1
4026	1
3323	1
3568	7
4033	1
2507	1
6140	1
6858	1
3702	1
3132	1
4443	260
6673	1
4621	102
6109	16
2974	126
4069	1
3628	3
2958	1
4131	1
5735	276
3655	4
5842	74
4670	1
5720	223
4657	1
5096	1
6735	1
4817	27
1296	44
4645	234
2641	1
5616	809
4595	1
3459	1
3836	105
4875	92
3487	1
4047	1
5442	1
5017	1
5228	1
3435	1
4406	7
5888	1
5276	1
3925	1
5228	287
3694	1
3356	23
6135	166
3670	14
6941	1
3897	5
6631	1
5770	638
2461	29
6271	1
4889	26
4971	178
5560	301
3157	1
3507	24
3275	1
4173	1
3988	1
6650	2
4921	7
2882	248
3998	1
3252	1
5557	1
4320	79
3637	24
4175	155
4067	1
6378	1
3791	65
4934	1
5174	293
3694	1
4577	1
3806	1
4603	145
3213	1
5029	1
3194	165
3182	1
3434	199
4677	1
4701	168
6088	124
4583	8
3574	19
3080	40
4389	16
5027	1
5625	1
2891	1
5174	1
5601	158
3920	1
5300	591
5467	10
3249	46
3971	1
6505	201
3802	1
4120	40
4673	77
3765	1
4482	1
3523	42
2936	1
4276	151
5484	36
2861	1
3602	1
5740	215
5290	157
7105	33
5328	27
4257	1
4071	1
7026	86
4889	1
5442	34
5062	54
7804	269
6865	20
4478	55
4130	1
3444	1
3725	1
4125	82
2598	115
6788	17
3457	1
3569	1
3432	19
3970	1
4179	1
5156	1
3658	1
4236	1
4566	14
3214	23
7997	217
4434	241
5637	36
3369	1
3891	1
4246	1
3963	60
3722	102
3452	178
3824	89
4260	1
5042	25
6963	106
4716	1
3947	7
5195	1
4072	1
1531	1
6383	39
3368	1
6089	1
4911	28
4512	17
6643	1
4759	41
5145	255
4581	1
3594	46
5162	1
6122	1
3700	265
5741	7
3967	59
3716	45
4542	1
4991	73
2847	3
5099	5
8124	1
2730	5
6879	1
7875	106
2972	1
3974	81
5178	27
4306	1
3253	32
6062	301
4355	49
1912	205
4288	1
6083	1
4635	1
3799	1
4271	1
3312	1
6739	26
2985	233
3744	1
3022	1
6131	448
3175	1
4361	1
4148	1
4710	38
4165	1
6385	1
4289	1
4004	254
4960	585
5010	199
6071	1
6274	1
5790	1
3638	16
7152	354
3855	19
4261	25
4758	85
3730	1
3876	8
1864	21
5371	1
7404	121
3311	67
3623	1
8422	1
4009	1
2854	1
4292	20
4141	139
4021	1
4821	1
4195	29
2748	6
4728	116
3232	1
4845	1
2758	1
5821	1
3410	1
4032	55
2558	18
2268	1
4837	52
5176	356
4658	1
3732	29
6050	51
4588	613
4172	1
6970	60
5010	43
4771	1
3745	1
4343	44
2620	1
5138	11
2833	1
7595	306
5815	1
5393	304
5262	24
4836	1
5400	1
7761	1
3501	1
3794	10
3952	108
5704	73
5567	13
5146	75
5851	851
2844	50
3276	79
3318	77
5248	1
6699	334
4718	66
3421	1
2908	89
4525	2
4131	1
4562	34
3745	33
4468	3
4038	1
4655	185
3275	1
2832	1
5002	37
5710	1
4714	45
6450	1
5284	1
3109	186
4540	1
5289	316
3682	1
3883	1
3627	1
5938	92
5422	1
4223	62
5771	143
4582	1
3297	1
4501	786
3476	1
2140	27
4401	45
6284	1
5333	1
5385	6
4250	78
5856	1
5437	73
5247	86
3521	109
4001	1
5720	1
5857	1
2332	18
4699	408
7524	65
3755	1
3665	1
8175	593
4114	1
3382	115
3594	9
4344	1
4552	234
5591	1
3516	1
5227	1
3149	1
4168	1
4220	55
4169	1
4198	1
4301	1
5694	111
6341	864
4707	1
4688	25
3644	1
4956	123
5947	1
4450	27
5407	1
5351	136
3844	383
7802	583
3683	48
4071	13
2473	1
6731	1
4523	142
4688	1
2980	6
4121	19
6317	1
3770	1
5906	77
4108	1
3001	116
6125	1
3901	35
3911	130
5133	46
2863	1
3426	1
5430	1
4591	276
6418	1
5250	356
6401	1
3020	32
4298	740
5866	1
5617	32
6556	107
4107	82
2262	1
6191	8
2230	1
6839	6
4097	63
3105	30
3735	1
5344	22
5686	1
6968	26
4086	1
4136	1
3979	1
5192	37
3645	1
2688	1
5088	1
4556	14
4630	331
4116	1
2969	164
5656	1
3322	26
4282	1
6387	54
6180	213
7067	144
5513	1
3259	1
3320	1
4327	311
3615	1
3735	164
5748	305
4068	1
2964	1
5976	159
4999	1
3775	1
4845	1
4855	1
3677	1
3306	1
6075	321
6602	1
5308	1
9999	788
4886	152
2590	1
4582	279
4950	256
4077	1
4995	622
4015	26
6455	846
4373	1
3914	1
3873	1
7724	105
3288	1
5253	17
5322	81
4758	28
4402	1
4636	341
4389	1
3962	361
5242	1
6202	113
5435	70
4166	1
3461	1
3209	1
3208	39
4371	279
2924	1
2958	3
5200	249
3819	140
5905	1
5274	1
4189	41
3596	1
2695	1
5181	5
4704	1
2432	6
4446	135
4915	1
3903	69
4061	1
5220	440
6041	232
4921	1
5254	133
6389	1
3528	1
3186	1
4150	259
5521	89
0	1
5236	105
3334	1
3883	1
5232	36
5355	1
5326	1
3054	1
4465	6
5133	12
4861	290
5541	68
4541	1
4341	57
4492	94
3927	184
2593	1
5295	1
4962	1
4380	1
2888	1
3470	27
3074	1
6459	1
3787	393
4535	391
4858	88
7771	88
4848	6
3784	16
6348	1
4173	1
4520	103
6877	618
3212	16
2539	1
4440	1
7063	101
4151	1
5559	30
5741	1
4475	158
4799	70
6139	494
4151	86
2434	1
1894	125
6455	1
6423	87
4605	1
4442	1
5083	69
4146	75
2272	1
5326	189
6584	151
5952	1
3084	10
4588	1
5219	27
4618	7
4756	1
3682	1
5225	21
4892	81
3541	1
4539	1
3230	1
3558	1
6112	191
4923	236
6971	61
3803	1
7332	649
2454	134
6031	1
5481	45
4087	1
5896	29
4287	32
3260	105
3365	1
2715	1
5824	1
5944	103
4850	209
4534	26
2597	1
5379	1
4938	141
5692	78
3825	68
3545	150
5502	352
6903	81
3186	65
4994	7
3724	1
3994	99
3405	1
6325	219
4742	18
4425	1
3358	1
8115	1
4414	1
4128	220
4426	1
4647	278
3850	1
4001	1
4707	1
5375	140
3715	1
2513	1
4614	1
3800	1
4547	1
3910	204
5831	1
3589	84
6912	1
6186	175
3563	1
5248	416
4496	1
5392	1
3652	1
4538	12
2970	22
5997	1
9268	152
3064	1
3620	1
4700	1
3079	1
3516	17
3882	11
3420	1
7676	90
4520	18
5085	862
3314	1
4025	1
5577	1
3196	79
3377	1
5554	1
5685	1
3769	1
4113	12
5965	213
2238	1
4881	105
3198	11
5086	513
1640	72
4645	48
2485	1
5545	6
3879	155
3524	1
3535	1
5192	19
3463	80
5383	1
4464	264
4098	1
9406	177
3693	28
4077	1
4693	1
5297	1
3929	1
3947	1
4488	70
4483	1
4087	1
5329	123
3561	1
3969	472
5676	177
5439	58
2782	1
4786	1
3722	1
5324	45
8692	53
8082	1
5804	1
5272	1
4261	337
4634	1
3768	59
3776	1
4555	1
4236	26
3628	51
3339	25
3874	1
4473	328
5044	1
4315	163
7575	17
4565	110
4416	17
4707	22
4831	171
5533	3
2318	5
2901	1
4299	76
5402	28
4039	112
2813	1
3531	1
4468	70
3847	377
4663	9
3017	1
4688	35
6732	64
3196	1
3401	25
5356	19
4747	1
4147	1
5525	16
5515	55
1656	23
2989	1
4351	1
4600	3
6780	10
3725	1
6276	21
5671	1
5771	30
5065	208
4747	69
5852	192
4292	56
4891	1
3392	1
9129	163
6001	1
6006	1
3760	52
3320	27
5532	17
4824	349
3508	1
6830	1
6461	47
2468	9
3180	1
3778	1
3495	82
3754	213
4172	1
4441	1
7334	21
5531	14
4506	1
4759	144
3927	1
4814	21
3792	1
4999	250
5555	77
3242	1
3615	110
4046	129
4344	1
3702	65
3336	1
2385	35
4098	30
3661	1
5515	1
3460	6
1658	1
4613	338
2590	1
4841	147
4963	94
5373	747
5239	2
4556	164
6423	44
3223	1
3196	273
4746	9
3818	51
3994	3
3373	59
3154	67
3407	1
4293	48
4874	134
3961	140
3510	158
4297	1
6284	1
4233	1
6570	95
7515	86
7340	13
4200	1
5816	1
5264	1
3212	1
5180	1
3793	1
3695	1
3807	1
6116	154
4489	1
4958	27
3614	23
3527	1
4801	1
5923	299
4333	36
3841	1
3922	24
4296	1
6861	173
4127	3
1885	1
2687	62
2809	3
4191	1
2557	1
3111	1
3959	1
4723	1
2854	366
5331	2
4022	1
3489	1
4269	1
3393	60
4975	104
3197	1
5522	1
4557	1
1761	38
3746	1
4476	71
4685	1
6331	19
4352	1
5660	1
3429	1
5221	8
3543	1
7760	1
5024	1
3770	20
5178	24
3866	1
2930	1
3365	1
5143	1
5541	1
4062	12
4979	1
5110	616
4590	1
4666	1
5509	164
7984	103
5652	1
4094	1
3437	1
3176	1
7849	184
3897	29
4291	1
2423	1
5533	1
3958	21
5820	852
3493	16
5802	119
3625	86
4441	55
5927	848
6462	1
3428	1
4523	1
4289	28
5309	181
3105	9
6880	116
5704	132
2744	43
8656	233
4631	83
5046	457
4033	1
7271	1
3167	3
3213	5
3754	1
9986	1
3943	1
4854	74
3286	1
4356	1
7494	31
5795	16
6005	1
3888	1
2639	1
3918	41
4300	40
2706	19
5388	34
4487	1
5126	1
2827	9
4951	101
5030	1
3225	1
4999	1
4189	606
4478	1
6586	1
4777	1
5169	1
3007	1
5499	30
4059	1
4089	169
2587	1
4994	350
6459	150
4723	12
7779	27
4045	1
4625	1
4156	59
5654	27
2563	1
3759	44
4386	1
3440	1
3876	22
4692	63
3956	21
3685	1
6958	21
5285	1
4839	58
4741	1
5932	1
4233	5
5477	31
3987	210
2115	1
2954	244
6198	109
3923	260
4569	1
5516	81
4838	7
2968	21
6559	123
4014	1
5636	53
3286	1
4201	1
5279	1
6270	42
6039	61
4028	1
4284	1
2863	77
3874	133
3553	1
5134	1
3110	1
3120	159
669	1
4742	1
3078	3
5874	1
4405	1
4455	57
5810	36
5502	1
4806	1
5634	1
4148	45
5413	1
2645	1
4651	1
5156	1
3769	110
4089	1
4400	109
4238	1
5650	104
4015	2
4722	64
3271	1
3912	90
5731	32
5504	13
6375	1
3754	1
3294	16
3517	1
4964	1
5596	1
4097	1
4995	14
2296	1
4488	1
4065	1
2590	31
5310	7
6192	205
4018	1
2999	1
5431	216
3353	117
4319	170
7308	47
5665	130
3285	13
3733	1
6204	1
2891	1
3124	8
2886	1
3930	12
5562	89
5954	1
2634	1
6145	1
4092	1
4151	1
6128	110
5176	1
6575	3
4804	1
7001	165
4410	15
1643	1
3919	2
4000	1
2116	95
5619	227
5266	1
3361	1
4722	16
3971	127
5624	81
4113	1
4954	1
2008	75
8055	111
4264	1
3048	27
5029	129
2264	1
5941	234
5908	1
2529	1
5862	11
5992	1
3621	1
3433	1
4972	75
6776	1
6912	1
4709	479
2772	1
2157	1
4484	1
5011	1
7412	186
4183	1
6093	55
4262	1
4657	1
3666	1
3090	1
4068	1
2974	35
4324	215
5581	1
4202	1
4883	1
3571	64
4364	13
4770	133
4065	1
4296	1
4317	19
4603	111
4789	71
4588	1
4286	84
4460	1
5426	1
6542	1
3808	1
8319	1
4773	194
3673	150
3658	1
6088	1
6058	26
7791	60
7803	1
5649	1
3976	67
4368	5
4041	1
7316	1
4943	1
