0	26
0	185
0	47
0	72
0	50
0	34
0	33
0	31
0	113
0	115
0	40
0	26
0	30
0	34
0	33
0	31
0	77
0	23
0	17
0	43
0	35
0	71
0	49
0	24
0	38
0	82
0	136
0	32
0	46
0	32
0	41
0	22
0	16
0	44
0	154
0	20
0	43
0	26
0	26
0	116
0	195
0	24
0	137
0	58
0	15
0	113
0	28
0	51
0	82
0	37
0	48
0	35
0	18
0	51
0	57
0	19
0	38
0	29
0	35
0	41
0	114
0	33
0	30
0	96
0	37
0	33
0	30
0	188
0	37
0	195
0	34
0	55
0	25
0	70
0	43
0	29
0	39
0	45
0	39
0	29
0	28
0	113
0	23
0	18
0	22
0	13
0	35
0	20
0	52
0	185
0	185
0	93
0	27
0	31
0	20
0	30
0	45
0	31
0	42
0	156
0	41
0	30
0	40
0	24
0	187
0	23
0	28
0	35
0	28
0	192
0	55
0	40
0	32
0	48
0	54
0	38
0	19
0	15
0	31
0	200
0	34
0	25
0	28
0	26
0	29
0	43
0	60
0	16
0	52
0	42
0	24
0	22
0	28
0	22
0	47
0	37
0	82
0	22
0	13
0	34
0	53
0	9
0	26
0	25
0	26
0	198
0	47
0	31
0	199
0	26
0	15
0	48
0	23
0	34
0	195
0	70
0	47
0	148
0	35
0	29
0	41
0	29
0	29
0	43
0	27
0	53
0	41
0	39
0	35
0	48
0	22
0	14
0	25
0	38
0	28
0	24
0	94
0	21
0	45
0	112
0	26
0	15
0	85
0	100
0	27
0	81
0	112
0	36
0	73
0	30
0	25
0	26
0	27
0	22
0	32
0	144
0	43
0	41
0	28
0	25
0	132
0	51
0	24
0	17
0	62
0	45
0	37
0	31
0	35
0	50
0	31
0	35
0	38
0	27
0	26
0	23
0	33
0	28
0	67
0	81
0	26
0	19
0	28
0	27
0	66
0	35
0	18
0	20
0	45
0	25
0	196
0	34
0	112
0	23
0	32
0	56
0	25
0	18
0	21
0	33
0	37
0	22
0	34
0	103
0	30
0	27
0	29
0	31
0	16
0	17
0	34
0	22
0	9
0	40
0	31
0	19
0	56
0	23
0	20
0	30
0	31
0	42
0	55
0	198
0	38
0	13
0	24
0	26
0	60
0	31
0	117
0	36
0	18
0	40
0	37
0	40
0	38
0	145
0	36
0	24
0	168
0	35
0	33
0	40
0	24
0	21
0	38
0	30
0	42
0	25
0	69
0	52
0	30
0	38
0	14
0	26
0	35
0	171
0	54
0	87
0	33
0	69
0	49
0	19
0	19
0	125
0	37
0	41
0	20
0	40
0	39
0	39
0	199
0	44
0	25
0	37
0	105
0	22
0	37
0	142
0	61
0	36
0	41
0	33
0	118
0	62
0	44
0	17
0	28
0	29
0	30
0	50
0	19
0	21
0	107
0	114
0	35
0	10
0	18
0	31
0	38
0	181
0	27
1	21
0	33
0	41
0	196
0	26
0	74
0	24
0	14
0	26
0	88
0	25
0	78
0	25
0	36
0	53
0	51
0	29
0	54
0	68
0	45
0	31
0	21
0	20
0	37
0	26
0	27
0	29
0	48
0	195
0	52
0	38
0	7
0	87
0	200
0	59
0	23
0	21
0	43
0	21
0	17
0	57
0	13
0	49
0	66
0	20
0	66
0	163
0	43
0	24
0	12
0	40
0	13
0	29
0	10
0	45
0	45
0	27
0	39
0	43
0	16
0	200
0	11
0	28
0	31
0	57
0	72
0	50
0	30
0	26
0	13
0	38
0	16
0	55
0	116
0	22
0	112
0	42
0	52
0	10
0	13
0	13
0	48
0	43
0	33
0	112
0	33
0	52
0	23
0	39
0	36
0	21
0	23
0	29
0	36
0	32
0	70
0	34
0	19
0	122
0	24
0	32
0	26
0	34
0	42
0	27
0	26
0	106
0	33
0	8
0	27
0	21
0	27
0	23
0	42
0	30
0	35
0	27
0	38
0	44
0	27
0	35
0	31
0	35
0	17
0	64
0	29
0	23
0	32
0	55
1	10
0	38
0	71
0	194
0	40
0	18
0	25
0	118
0	35
0	50
0	22
0	26
0	26
0	95
0	31
0	91
0	35
0	20
0	21
0	42
0	40
0	187
0	27
0	26
0	40
0	39
0	9
0	164
0	166
0	28
0	42
0	87
0	29
0	176
0	58
0	40
0	39
0	148
0	33
0	33
0	19
0	167
0	25
0	51
0	22
0	22
0	97
0	33
0	18
0	36
0	28
0	185
0	30
0	43
0	121
0	47
0	17
0	31
0	40
0	33
0	27
0	31
0	56
0	49
0	46
0	57
0	35
0	33
0	70
0	197
0	39
0	74
0	36
0	47
0	28
0	29
0	181
0	40
0	23
0	20
0	27
0	29
0	54
0	32
0	48
0	31
0	19
0	32
0	178
0	28
0	163
0	50
0	55
0	82
0	32
0	65
0	36
0	168
0	49
0	29
0	86
0	95
0	47
0	118
0	39
0	34
0	150
0	42
0	24
0	27
0	44
0	58
0	24
0	42
0	39
0	45
0	40
0	43
0	23
0	47
0	26
0	38
0	19
0	33
0	62
0	20
0	30
0	40
0	31
0	23
0	37
0	24
0	21
0	118
0	46
0	40
0	106
0	31
0	34
0	37
0	26
0	23
0	188
0	57
0	126
0	54
0	45
0	19
0	26
0	141
0	200
0	33
0	30
0	26
0	29
0	45
0	22
0	31
0	85
0	22
0	31
0	65
0	43
0	34
0	22
0	19
0	172
0	28
0	35
0	20
0	97
0	168
0	27
0	66
0	37
0	25
0	17
0	47
0	38
0	37
0	27
0	50
0	174
0	31
0	30
0	74
0	32
0	33
0	38
0	33
0	22
0	28
0	16
0	105
0	36
0	31
0	35
0	28
0	42
0	22
0	38
0	24
0	43
0	30
0	76
0	36
0	24
0	27
0	46
0	115
0	187
0	38
0	91
0	27
0	33
0	26
0	44
0	33
0	33
0	43
0	32
0	51
0	34
0	78
0	33
0	12
0	55
0	66
0	42
0	115
0	32
0	30
0	89
0	45
0	186
0	23
0	31
0	36
0	40
0	92
0	20
0	22
0	13
0	42
0	24
0	23
0	34
0	14
0	45
0	32
0	40
0	81
0	108
0	38
0	61
0	145
0	91
0	176
0	32
0	66
0	41
0	20
0	73
0	42
0	154
0	27
0	118
0	28
0	35
0	24
0	19
0	48
0	30
0	43
0	52
0	49
0	27
0	71
0	25
0	132
0	38
0	194
0	31
0	28
0	33
0	22
0	62
0	23
0	32
0	33
0	43
0	14
0	55
0	91
0	29
0	196
0	21
0	30
0	34
0	130
0	26
0	58
0	21
0	20
0	35
0	36
0	21
0	22
0	23
0	30
0	31
0	36
0	30
0	62
0	28
0	29
0	34
0	17
0	63
0	18
0	18
0	143
0	62
0	103
0	23
0	17
0	27
0	34
0	31
0	195
0	29
0	21
0	37
0	78
0	189
0	25
0	20
0	195
0	31
0	117
0	42
0	21
0	62
0	24
0	167
0	23
0	34
0	50
0	29
0	25
0	48
0	4
0	33
0	21
0	31
0	31
0	34
0	35
0	200
0	20
0	16
0	21
0	21
0	31
0	19
0	181
0	87
0	180
0	45
0	16
0	11
0	34
0	51
0	29
0	130
0	28
0	98
0	35
0	79
0	35
0	30
0	17
0	25
0	28
0	30
0	22
0	45
0	44
0	188
0	41
0	68
0	51
0	29
0	21
0	28
0	21
0	35
0	47
0	44
0	34
0	31
0	46
0	24
0	53
0	32
0	25
0	20
0	31
0	34
0	43
0	132
0	20
0	38
0	30
0	54
0	27
0	26
0	36
0	176
0	28
0	16
0	32
0	58
0	27
0	18
0	40
0	194
0	35
0	32
0	175
0	60
0	107
0	26
0	24
0	18
0	31
0	32
0	91
0	36
0	27
0	38
0	13
0	24
0	37
0	48
0	85
0	66
0	32
0	39
0	117
0	69
0	127
0	201
0	197
0	26
0	27
0	32
0	38
0	33
0	30
0	24
0	51
0	34
0	31
0	27
0	35
0	45
0	64
0	35
0	30
0	31
0	167
0	102
0	53
0	32
0	49
0	21
0	45
0	63
0	15
0	23
0	36
0	22
0	23
0	70
0	77
0	26
0	47
0	178
0	28
0	71
0	58
0	97
0	199
0	53
0	44
0	56
0	25
0	25
0	56
0	31
0	37
0	40
0	34
0	23
0	20
0	195
0	28
0	156
0	25
0	27
0	31
0	18
0	45
0	170
0	19
0	130
0	147
0	58
0	45
0	135
1	23
0	31
0	69
0	25
0	37
0	34
0	27
0	33
0	27
0	40
0	38
0	24
0	42
0	27
0	33
0	43
0	31
0	31
0	86
0	57
0	32
0	25
0	31
0	22
0	89
0	21
0	38
0	64
0	19
0	43
0	12
0	24
0	42
0	35
0	200
0	25
0	41
0	192
0	27
0	200
0	18
0	23
0	26
0	28
0	201
0	41
0	15
0	37
1	23
0	7
0	34
0	34
0	47
0	32
0	63
0	15
0	31
0	36
0	25
0	199
0	105
0	129
0	23
0	45
0	82
0	30
0	18
0	32
0	101
0	90
0	32
0	21
0	41
0	24
0	52
0	12
0	27
0	122
0	49
0	30
0	15
0	27
0	26
0	46
0	31
0	40
0	28
0	32
0	35
0	31
0	14
0	46
0	198
0	30
0	40
0	36
0	32
0	31
0	24
0	195
0	60
0	99
0	24
0	20
0	146
0	27
0	16
0	38
0	23
0	201
0	22
0	28
0	90
0	23
0	23
0	2
0	87
0	94
0	23
0	62
0	158
0	33
0	34
0	67
0	50
0	41
0	41
0	51
0	19
0	36
0	46
0	34
0	30
0	156
0	30
0	14
0	151
0	27
0	201
0	86
0	195
0	15
0	33
0	25
0	36
0	29
0	30
0	44
0	23
0	50
0	56
0	14
0	26
0	19
0	38
0	33
0	199
0	29
0	44
0	145
0	172
0	33
0	18
0	28
0	106
0	34
0	181
0	81
0	26
0	26
0	26
0	29
0	193
0	28
0	22
0	45
0	89
0	21
0	29
0	34
0	30
0	177
0	30
0	183
0	48
0	25
0	114
0	178
0	50
0	33
0	49
0	38
0	200
0	103
0	47
0	200
0	24
0	137
0	182
0	67
0	24
0	31
0	31
0	37
0	50
0	185
0	40
0	42
0	17
0	197
0	17
0	23
0	60
0	27
0	35
0	68
0	123
0	20
0	172
0	15
0	19
0	25
0	40
0	21
0	32
0	21
0	39
0	33
0	128
0	20
0	29
0	27
0	32
0	79
0	20
0	21
0	26
0	43
0	29
0	23
0	66
0	26
0	16
0	42
0	39
0	51
0	27
0	42
0	22
0	21
0	156
0	28
0	45
0	42
1	35
0	20
0	33
0	25
0	42
0	68
0	98
0	17
0	31
0	16
0	200
0	34
0	42
0	45
0	41
0	34
0	41
0	16
0	19
0	59
0	39
0	199
0	29
0	36
0	28
0	32
0	81
0	17
0	26
0	133
0	9
0	21
0	81
0	51
0	32
0	34
0	182
0	27
0	33
0	29
0	25
0	193
0	68
0	14
0	128
0	13
0	37
0	20
0	52
0	15
0	35
0	49
0	124
0	36
0	26
0	35
0	35
0	11
0	31
0	41
0	28
0	57
0	87
0	27
0	24
0	23
0	51
0	50
0	36
0	47
0	33
0	174
0	35
0	58
0	26
0	38
0	28
0	22
0	26
0	29
0	26
0	38
0	23
0	46
0	99
0	22
0	51
0	91
0	36
0	24
0	27
0	24
0	65
0	39
0	194
0	23
0	21
0	20
0	19
0	192
0	32
0	39
0	42
0	16
0	29
0	25
0	197
0	38
0	11
0	20
0	100
0	37
0	28
0	34
0	20
0	43
0	195
0	21
0	115
0	22
0	21
0	28
0	27
0	58
0	166
0	62
0	20
0	65
0	22
0	15
0	31
0	52
0	41
0	25
0	33
0	32
0	22
0	85
0	30
0	195
0	37
0	26
0	31
0	19
0	174
0	20
0	24
0	28
0	21
0	53
0	22
0	31
0	154
0	178
0	27
0	35
0	48
0	10
0	27
0	15
0	57
0	39
0	70
0	28
0	67
0	13
0	41
0	22
0	45
0	37
0	166
0	31
0	30
0	27
0	25
0	19
0	64
0	17
0	19
0	40
0	33
0	41
0	31
0	114
0	71
0	41
0	32
0	48
0	36
0	27
0	41
0	38
0	89
0	26
0	23
0	36
0	18
0	36
0	19
0	34
0	74
0	26
0	37
0	30
0	31
0	38
0	37
0	25
0	30
0	24
0	29
0	24
0	29
0	31
0	50
0	59
0	29
0	38
0	30
0	49
0	65
0	19
0	39
0	26
0	35
0	27
0	54
0	195
0	54
0	37
0	28
0	55
0	28
0	159
0	35
0	53
0	34
0	44
0	42
0	33
0	34
0	25
0	43
0	62
0	35
0	32
0	19
0	47
0	104
0	46
0	20
0	28
0	52
0	143
0	17
0	34
0	109
0	38
0	36
0	132
0	44
0	155
0	29
0	23
0	22
0	22
0	200
0	22
0	53
0	31
0	24
0	91
0	25
0	15
0	67
0	23
0	35
0	24
0	31
0	37
0	19
0	24
0	26
0	134
0	88
0	47
0	42
0	68
0	23
0	28
0	34
0	116
0	77
0	60
0	22
0	38
0	11
0	36
0	20
0	38
0	30
0	51
0	53
0	25
0	55
0	40
0	21
0	21
0	17
0	14
0	26
0	27
0	106
0	23
0	14
0	194
0	15
0	30
0	39
0	42
0	19
0	119
0	34
0	33
0	23
0	32
0	74
0	32
0	48
0	42
0	39
0	30
0	24
0	26
0	40
0	30
0	35
0	23
0	25
0	27
0	42
0	26
0	22
0	29
0	32
0	31
0	26
0	33
0	37
0	20
0	27
0	37
0	102
0	22
0	37
0	24
0	41
0	189
0	17
0	30
0	39
0	18
0	24
0	29
0	38
0	86
0	38
0	134
0	175
0	42
0	35
0	29
0	18
0	25
0	37
0	43
0	49
0	46
0	65
0	51
0	20
0	159
0	35
0	31
0	28
0	24
0	32
0	30
0	199
0	17
0	19
0	23
0	71
0	58
0	41
0	30
0	38
0	41
0	41
0	43
0	1
0	201
0	43
0	38
0	86
0	41
0	55
0	31
0	25
0	23
0	41
0	26
0	35
0	27
0	35
0	17
0	38
0	25
0	16
0	26
0	118
0	121
0	34
0	31
0	59
0	14
0	31
0	29
0	15
0	27
0	128
0	39
0	56
0	21
0	28
0	36
0	12
0	17
0	44
0	26
0	34
0	33
0	54
0	15
0	32
0	58
0	24
0	26
0	24
0	19
0	36
0	92
0	26
0	29
0	41
0	33
0	64
0	25
0	117
0	29
0	37
0	29
0	8
0	30
0	14
0	30
0	34
0	76
0	28
0	65
0	40
0	27
0	3
0	92
0	112
0	21
0	71
0	33
0	58
0	39
0	38
0	33
0	28
0	171
0	19
0	33
0	22
0	27
0	31
0	21
0	26
0	24
0	30
0	47
0	39
0	39
0	19
0	32
0	82
0	45
0	31
0	45
0	133
0	29
0	8
0	22
0	33
0	65
0	83
0	25
0	65
0	20
0	37
0	20
0	29
0	36
0	24
0	23
0	46
0	38
0	123
0	51
0	29
0	31
0	61
0	42
0	22
0	28
0	40
0	24
0	26
0	37
0	35
0	64
0	37
0	20
0	40
0	35
0	30
0	19
0	31
0	33
0	31
0	32
0	81
0	20
0	25
0	131
0	36
0	30
0	116
0	34
0	27
0	22
0	42
0	35
0	15
0	46
0	18
0	17
0	24
0	201
0	27
0	28
0	48
0	198
0	25
0	41
0	200
0	90
0	50
0	25
0	64
0	23
0	34
0	34
0	26
0	150
0	51
0	56
0	29
0	50
0	26
0	49
0	177
0	21
0	34
0	27
0	85
0	25
0	43
0	24
0	121
0	70
0	29
0	21
0	31
0	10
0	46
0	16
0	35
0	28
0	198
0	36
0	108
0	21
0	26
0	30
0	29
0	37
0	27
0	46
0	32
0	28
0	24
0	14
0	30
0	27
0	21
0	40
0	30
0	42
0	196
0	30
0	34
0	32
0	64
0	36
0	26
0	18
0	37
0	49
0	46
0	20
0	91
0	21
0	24
0	43
0	33
0	25
0	200
0	23
0	84
0	28
0	66
0	173
0	189
0	51
0	38
0	46
0	29
0	77
0	50
0	42
0	47
0	36
0	38
0	25
0	45
0	29
0	112
0	42
0	20
0	38
0	75
0	150
0	106
0	41
0	30
0	48
0	42
0	31
0	22
0	60
0	32
0	49
0	46
0	31
0	21
0	49
0	81
0	31
0	29
0	38
0	52
0	36
0	17
0	92
0	200
0	24
0	37
0	22
0	87
0	94
0	61
0	46
0	33
0	28
0	195
0	42
0	23
0	35
0	154
0	38
0	27
0	200
0	23
0	27
0	30
0	39
0	25
0	30
0	28
0	32
0	31
0	21
0	18
0	78
0	14
0	35
0	40
1	19
0	26
0	29
0	66
0	17
0	23
0	25
0	42
0	14
0	48
0	58
0	29
0	69
0	29
0	49
0	43
0	54
0	33
0	41
0	28
0	22
0	29
0	80
0	21
0	31
0	40
0	24
0	13
0	32
0	49
0	12
0	20
0	28
0	30
0	25
0	27
0	156
0	126
0	35
0	34
0	37
0	99
0	28
0	23
0	63
0	13
0	30
0	14
0	30
0	74
0	51
0	36
0	53
0	165
0	34
0	61
0	126
0	6
0	55
0	40
0	40
0	196
0	37
0	44
0	47
0	21
0	23
0	63
0	200
0	77
0	89
0	29
0	107
0	33
0	36
0	39
0	86
0	52
0	82
0	37
0	123
0	25
0	82
0	33
0	35
0	43
0	24
0	39
0	42
0	30
0	121
0	29
0	23
0	53
0	46
0	19
0	17
0	11
0	44
0	34
0	136
0	49
0	26
0	197
0	93
0	55
0	9
0	46
0	32
0	26
0	29
0	20
0	41
0	75
0	33
0	29
0	36
0	22
0	47
0	40
0	28
0	40
0	30
0	113
0	14
0	31
0	52
0	40
0	25
0	29
0	26
0	67
0	28
0	42
0	20
0	26
0	26
0	33
0	9
0	67
0	65
0	55
0	22
0	165
1	27
0	36
0	22
0	22
0	192
0	21
0	48
0	26
0	5
0	11
0	14
0	28
0	27
0	25
0	30
0	34
0	80
0	68
0	33
0	160
0	200
0	7
0	13
0	27
0	36
0	22
0	14
0	55
0	84
0	127
0	12
0	22
0	15
0	30
0	36
0	32
0	28
0	196
0	29
0	37
0	42
0	25
0	77
0	33
0	38
0	46
0	39
0	26
0	139
0	96
0	23
0	37
0	120
0	30
0	25
0	29
0	27
0	136
0	34
0	30
0	45
0	17
0	39
0	37
0	25
0	18
0	31
0	38
0	26
0	194
0	39
0	33
0	99
0	31
0	48
0	27
0	36
0	19
0	18
0	54
0	26
0	33
0	18
0	21
0	22
0	20
0	89
0	196
0	47
0	71
0	26
0	33
0	45
0	37
0	49
0	31
0	27
0	199
0	60
0	21
0	184
0	51
0	14
0	37
0	33
0	27
0	46
0	23
0	31
0	30
0	52
0	44
0	26
0	22
0	38
0	50
0	30
0	20
0	24
0	140
0	24
0	38
0	31
0	27
0	36
0	162
0	33
0	27
0	37
0	112
0	51
0	26
0	17
0	164
0	159
0	173
0	33
0	59
0	35
0	167
0	21
0	33
0	34
0	30
0	42
0	107
0	49
0	28
0	163
0	28
0	23
0	51
0	27
0	41
0	170
0	34
0	44
0	45
0	46
0	14
0	86
0	26
0	198
0	34
0	131
0	20
0	22
0	199
0	81
0	45
0	26
0	61
0	28
0	30
0	35
0	31
0	61
0	130
0	39
0	47
0	60
0	33
0	26
0	73
0	53
0	28
0	37
0	34
0	28
0	190
0	39
0	26
0	29
0	144
0	26
0	80
0	27
0	195
0	118
0	31
0	36
0	64
0	168
0	75
0	49
0	199
0	69
0	145
0	56
0	57
0	28
0	18
0	90
0	41
0	182
0	33
0	123
0	29
0	18
0	13
0	28
0	31
0	34
0	21
0	28
0	21
0	200
0	35
0	21
0	49
0	28
0	178
0	40
0	38
0	36
0	24
0	26
0	92
0	25
0	93
0	23
0	54
0	12
0	37
0	115
0	81
0	40
0	200
0	65
0	36
0	22
0	69
0	66
0	25
0	49
0	20
0	39
0	21
0	111
0	32
0	45
0	22
0	25
0	23
0	26
0	30
0	36
0	29
0	140
0	51
0	41
0	17
0	37
0	35
0	25
0	201
0	38
0	32
0	38
0	33
0	38
0	35
0	43
0	89
0	21
0	33
0	88
1	31
0	15
0	35
0	15
0	45
0	27
0	100
0	33
0	27
0	51
0	119
0	60
0	58
0	21
0	18
0	34
0	52
0	23
0	197
0	18
0	23
0	77
0	30
0	28
0	20
0	53
0	8
0	28
0	41
0	22
0	30
0	31
0	25
0	27
0	195
0	17
0	23
0	25
0	33
0	38
0	38
0	38
0	53
0	48
0	25
0	21
0	54
0	29
0	26
0	35
0	37
0	29
0	40
0	14
0	33
0	19
0	45
0	34
0	27
0	47
0	51
0	25
0	31
0	45
0	74
0	33
0	30
0	50
0	25
0	33
0	23
0	51
0	37
0	34
0	36
0	50
0	50
0	22
0	21
0	128
0	21
0	79
0	155
0	170
0	47
0	53
0	29
0	113
0	37
0	75
0	27
0	46
0	8
0	17
0	46
0	44
0	185
0	42
0	23
0	97
0	21
0	34
0	69
0	31
0	24
0	33
0	38
0	69
0	28
0	30
0	58
0	187
0	28
0	136
0	66
0	31
0	200
0	63
0	40
0	50
0	30
0	29
0	23
0	30
0	199
0	180
0	36
0	24
0	79
0	33
0	199
0	28
0	103
0	33
0	54
0	34
0	106
0	30
0	110
0	30
0	30
0	24
0	25
0	31
1	33
0	48
0	28
0	25
0	40
0	65
0	46
0	28
0	35
0	31
0	47
0	40
0	18
0	42
0	34
0	45
0	117
0	45
0	24
0	198
0	44
0	38
0	70
0	34
0	28
0	35
0	49
0	50
0	25
0	31
0	34
0	57
0	20
0	26
0	20
0	41
0	178
0	21
0	38
0	22
0	199
0	25
0	84
0	31
0	33
0	51
0	38
0	32
0	22
0	51
0	33
0	30
0	180
0	51
0	41
0	26
0	158
0	159
0	27
0	49
0	24
0	26
0	24
0	25
0	38
0	155
0	18
0	18
0	37
0	30
0	73
0	7
0	26
1	22
0	32
0	31
0	41
0	31
0	47
0	200
0	25
0	44
0	138
0	8
0	35
0	192
0	85
0	50
0	27
0	22
0	45
0	21
0	28
0	25
0	126
0	31
0	23
0	25
0	28
0	189
0	129
0	14
0	176
0	27
0	30
0	106
0	39
0	15
0	23
0	34
0	20
0	38
0	182
0	39
0	44
0	23
0	20
0	25
0	35
0	34
0	33
0	39
0	201
0	13
0	24
0	13
0	30
0	21
0	36
0	23
0	54
0	24
0	47
0	73
0	21
0	83
0	30
0	9
0	19
0	29
0	201
0	16
0	184
0	45
0	124
0	32
0	176
0	36
0	24
0	80
0	25
0	139
0	41
0	67
0	31
0	37
0	78
0	15
0	25
0	42
0	14
0	169
