8019	3
6516	10
3283	1
5099	10
5955	1
5696	3
4906	1
4867	1
4137	1
5268	10
7544	3
8697	1
8074	1
5773	1
5151	1
7400	1
4836	1
4922	6
5784	6
4920	1
4890	10
7683	3
6381	3
7205	3
5094	1
5319	3
5692	1
5738	1
7805	1
3733	3
3910	1
6069	6
7615	10
5139	10
6939	1
5979	10
5104	10
8110	10
8652	3
7686	10
5173	5
4078	10
8689	1
8301	3
8836	3
5027	10
7050	1
4960	1
5628	10
6811	1
5956	10
4078	3
2997	1
6817	3
4248	10
8604	1
5667	1
4982	10
3410	1
6023	4
5133	10
7444	3
7596	3
9998	10
7920	2
6470	1
5456	1
5559	1
6370	3
6433	1
6507	3
4377	10
8373	8
5956	1
4620	1
5293	1
9743	3
6445	3
5057	1
4457	1
6093	1
7051	3
5664	3
5838	1
6484	10
6490	10
3068	10
6410	1
6400	3
6043	1
8158	3
6632	3
4925	1
6158	1
4225	10
4672	1
7452	3
5057	6
7302	10
7199	1
6257	10
5803	1
5005	1
7009	1
4918	3
5793	10
8277	10
8118	2
7117	1
6205	3
5853	1
4347	1
5436	1
6675	6
4521	1
5664	1
6652	1
5555	3
7994	3
9917	3
4072	1
5343	3
5202	3
7910	3
7362	10
4836	1
4979	1
4730	10
4985	1
5734	1
6226	1
5597	10
4831	1
4992	10
6779	1
6445	1
4596	1
4465	1
3000	10
7021	1
4725	10
4327	6
9329	1
4838	1
6253	1
7147	10
5976	6
7106	10
5504	1
5957	1
9088	1
5394	1
5127	1
6261	6
7456	1
3767	10
5945	3
4976	10
8840	3
5918	1
2552	6
5156	3
7752	6
7633	10
5087	3
4666	3
6950	1
6448	1
6811	10
6358	10
9303	8
7940	8
4774	1
6012	1
5908	10
6011	1
7495	3
8613	8
5904	3
6426	1
6616	10
6999	3
962	5
5134	3
4803	3
6944	1
8341	10
4888	1
5010	6
5614	1
7781	10
5220	1
6125	3
4447	10
8233	3
9894	3
7747	3
4574	10
5668	1
4974	10
5941	1
7162	1
6208	3
7081	1
7035	1
8630	3
5943	10
7411	8
6860	1
8176	3
3533	3
4631	1
5631	1
5427	1
5231	1
7125	3
6219	1
4480	10
6526	1
4776	1
4606	3
4755	10
8918	3
5197	6
5627	10
3313	8
6493	1
7312	1
5686	1
4765	1
4903	1
4799	1
3983	10
4126	1
5910	10
7204	1
4745	1
4917	1
9177	8
4851	1
4599	1
5858	10
4467	3
5974	1
5325	10
4765	1
5268	1
6147	1
5161	1
5731	1
7094	1
4509	6
6947	3
5323	3
5149	1
7279	3
4946	6
3844	1
8450	1
6999	5
6968	1
8099	10
7983	1
5456	6
6636	6
4744	10
5112	3
8257	1
8280	3
5647	1
4196	1
4010	10
2816	10
5981	1
4713	1
4975	1
5248	10
5281	3
5210	1
4689	10
6077	1
5249	1
9270	3
8179	8
9260	10
6703	1
3150	10
5598	1
7742	1
3325	1
5744	3
6347	10
4928	6
7356	1
3934	10
5719	1
5342	10
7792	3
5958	6
5064	1
6007	1
5624	1
7806	3
4980	10
7532	1
5252	3
4135	1
4731	1
7420	3
3948	10
7381	1
6480	1
5162	10
5584	3
5830	6
8482	10
9033	3
6050	10
3990	10
5716	1
4905	1
1023	1
5975	1
5712	3
5456	10
4474	1
6214	1
5353	1
5417	1
5376	1
5216	3
6029	10
6940	1
5092	1
6069	1
5383	10
3888	1
7804	10
5145	10
5938	6
5886	1
2118	10
3807	1
6627	3
6903	3
4994	1
9987	1
7393	6
5801	1
2934	10
4755	1
5438	6
4168	10
4906	1
6808	1
6736	1
6097	1
6466	1
6617	10
5668	10
5035	1
5135	1
5584	1
6056	1
3822	3
5220	1
7418	2
5190	1
4442	1
5048	10
5380	10
5973	1
6244	1
3296	1
5169	10
9354	8
6446	1
4668	10
5833	10
4074	6
5388	1
6729	6
7890	3
4246	1
5617	1
8135	1
6315	1
6481	10
4025	3
7086	1
6088	1
6760	10
5623	1
4708	1
8469	3
6742	1
5274	3
8270	8
6161	10
4188	6
6498	1
7863	3
5888	10
7594	1
9575	3
8152	10
4444	10
5839	1
5396	1
5165	10
6595	1
5310	1
8333	10
6806	9
6690	1
5170	2
5844	10
6528	1
5048	10
5160	1
5920	3
7117	10
6376	1
5155	3
5562	1
4441	1
4561	10
5611	1
7546	3
9922	1
5620	1
7193	6
7290	1
5055	1
2848	6
4913	10
4590	6
4111	10
5204	1
5180	10
4941	1
6796	3
7811	1
5049	10
5123	1
5498	1
6434	1
4311	1
3458	3
4340	10
5489	1
8752	1
4927	3
8072	3
7275	1
7767	2
6068	1
6122	1
3831	1
3488	10
5089	10
4174	1
5501	10
4985	1
5773	1
6427	1
3601	3
8041	3
5600	1
4204	1
5399	1
4081	1
4687	1
4310	1
6236	1
5736	1
6090	10
5811	3
6853	1
4952	10
4578	6
8019	3
5184	3
4762	1
4352	1
6044	10
8686	3
3465	1
6201	1
4594	10
7848	3
8858	6
5015	1
4614	3
7475	3
6038	3
6308	1
7045	6
4215	1
8335	3
5299	1
4534	10
8571	3
3034	1
7607	3
8261	1
8484	3
5767	3
6890	10
8639	3
6395	10
4921	1
7717	6
4444	6
4838	1
9656	3
6440	1
4403	10
4563	1
6452	1
9157	3
5356	3
2974	1
4755	1
4869	10
4904	10
5211	10
8988	3
5102	1
3226	10
7736	3
5844	1
5205	10
7979	3
6648	3
4772	10
5535	10
5265	10
7774	3
4847	10
7814	3
5869	3
5583	10
5138	1
7642	3
7424	1
9279	8
4329	1
4473	1
5442	3
5126	1
4941	1
7385	10
4176	6
5658	10
5047	10
3959	1
6020	10
5665	9
3206	1
7759	3
8066	1
4924	1
5615	6
5518	3
7308	10
7223	1
5899	3
5337	1
9614	3
8927	6
6389	1
6105	1
4820	3
4747	10
6967	1
6332	1
7836	1
6460	10
6356	1
3846	10
8534	6
6643	1
6860	3
7005	1
5340	10
6684	1
5329	2
4514	10
6560	1
7339	1
5701	1
5649	1
5470	10
6057	3
5917	10
7579	8
6495	3
7046	3
6901	10
7087	10
4630	10
4428	3
5640	1
5476	1
6758	10
3917	1
5287	1
5852	2
5171	1
7668	1
6828	3
4694	10
5830	1
4160	1
7971	3
5755	2
5986	1
8633	3
5992	3
6358	1
5149	1
4674	1
7717	8
4967	10
6741	10
5803	1
6054	1
7258	1
6380	10
5184	10
6237	1
4469	1
7514	1
5130	1
5958	1
9676	8
4746	1
6961	10
4671	1
6311	1
8908	1
4886	6
5302	10
5932	10
3437	1
4832	10
5670	2
5075	1
6562	3
6261	1
6603	6
5095	3
5228	1
7058	3
6311	1
6271	1
6042	3
6538	1
5214	3
6083	1
9418	1
5525	10
4876	2
3870	9
6106	3
5603	10
9298	3
6144	3
8973	10
7691	1
3622	10
6480	3
4727	1
4234	10
6174	10
8794	3
8000	1
7485	10
4340	1
7488	10
5232	3
9583	3
5292	10
5490	2
5398	1
9934	3
6474	3
5594	1
5760	1
4330	1
4371	10
4350	10
9958	8
5801	1
9735	8
5267	1
5398	3
5296	1
6012	3
7379	1
5761	10
5069	1
5780	1
5373	1
9898	3
6316	10
3840	1
9418	3
7406	3
8111	3
4277	3
5260	1
4319	1
7371	1
7842	1
9503	5
5274	10
7662	3
7678	1
4891	1
4848	6
4330	1
4984	1
8083	3
4307	6
6160	3
4380	1
6481	3
6568	1
6775	1
6709	1
6410	1
7338	1
5429	3
5988	1
5542	10
6289	10
6710	3
4657	1
5811	1
4269	1
5550	3
5852	1
8404	1
6043	1
5561	1
5608	1
7195	10
5354	10
9621	3
5698	1
4349	1
6285	3
6174	1
7323	1
4519	1
5779	3
5445	1
6732	1
6208	1
8440	3
5465	10
4451	6
4754	1
6236	10
6771	6
6398	10
5266	3
5705	10
6461	1
3852	1
8213	10
5273	1
5218	1
8267	3
7377	1
5365	1
5187	1
4805	1
5097	10
3819	1
5493	10
6291	3
5517	1
7585	1
5886	1
5533	1
5511	10
7196	1
3716	1
5122	1
8072	3
5235	3
3711	1
6443	1
7050	1
5462	1
6114	3
6616	10
7155	1
6136	1
5262	1
5916	1
5639	3
5168	10
4372	10
6922	10
4439	10
5996	1
4881	6
6379	1
5875	1
4607	1
5750	1
5057	10
6195	3
5504	1
4453	10
8587	3
4852	1
7763	1
5755	6
7900	3
4354	1
9979	3
6054	10
5701	10
6833	1
5837	10
6561	3
4955	10
5637	1
6499	1
5191	3
6510	3
5861	3
4701	1
5630	10
3783	1
9763	3
6987	1
6067	1
4886	1
4862	10
8237	5
5023	1
6785	10
8309	3
5350	1
6025	3
5426	1
9222	3
5781	1
7619	3
4880	1
5604	1
6699	1
5788	1
4851	10
6733	1
2093	10
4555	1
9741	3
6251	1
7672	3
6147	3
8462	1
7430	6
2982	1
5709	1
9278	8
4905	10
4871	1
5757	3
5456	1
4594	1
6132	1
4267	10
6497	6
4706	8
5619	1
6367	3
4997	1
5805	1
6155	10
5852	1
6850	1
5375	1
4506	1
8397	1
2935	1
5861	1
4924	10
8396	3
5316	3
4358	10
9427	3
6277	3
6216	1
6866	1
8673	3
4579	2
5650	10
4342	10
1949	10
7493	1
5053	3
5460	6
6931	1
5593	1
9798	5
5526	10
9029	8
5589	1
7199	10
6653	1
4649	1
6588	10
5815	1
4871	1
8028	1
9759	1
3783	10
5957	1
5294	9
4793	1
5977	1
4857	4
6484	6
5070	1
8512	1
6280	1
5329	10
6454	3
6184	1
6359	1
6493	10
4611	10
5487	3
5859	1
4274	10
8442	3
6329	10
6876	1
4908	10
3374	1
3860	1
7825	10
8201	3
5395	3
5411	3
4889	1
4584	1
8437	1
6086	1
4749	1
5545	1
9750	3
4629	10
4988	1
5906	3
7953	1
4517	6
2972	1
7690	1
5304	10
5696	2
5275	3
9999	8
5394	1
5177	1
8424	3
7468	10
4053	1
3603	1
5898	1
9255	1
6047	3
7077	1
5549	1
5277	10
6707	10
4965	10
4738	1
4953	1
6173	3
6956	1
5921	1
7474	1
5913	1
7209	6
5934	6
4177	10
6421	1
6403	10
7232	3
5013	1
9383	1
5237	10
5014	1
5870	1
5301	10
5091	10
7576	3
7872	1
7648	10
8534	3
5104	1
5581	1
9648	3
9521	3
6426	1
4821	1
5135	1
4875	1
5980	3
4822	1
5717	10
8318	1
6137	1
4928	1
6126	1
5795	1
7808	3
7841	3
7022	3
5480	10
7391	3
5826	3
3881	1
6110	10
6697	1
6923	1
4596	1
4739	10
5556	3
5754	1
7809	3
3901	1
7872	3
5384	6
8199	1
5718	1
5997	3
4682	1
4581	10
5782	3
9546	10
8698	1
5523	10
3924	1
7120	1
5217	10
7571	10
7662	10
5103	10
4457	3
9307	3
9552	3
6358	10
5511	1
4807	10
4563	1
5819	6
3688	1
4464	1
6521	3
5859	6
5519	1
5343	1
4573	1
6695	3
7479	3
6859	10
5438	1
5046	1
7248	6
4370	1
6792	1
7128	1
5299	1
8933	3
9946	3
6718	6
3574	3
7238	3
4716	1
6593	3
7263	3
8009	3
5446	1
7045	1
4114	3
4738	10
7542	1
5392	1
4990	10
7043	1
1559	10
5269	1
7602	1
5753	1
9802	8
3932	1
5646	1
8025	3
3757	3
4512	6
6512	10
7365	3
7099	1
5370	1
7048	10
4451	3
5386	1
5466	10
5270	10
7148	3
4354	10
7600	10
9444	10
6944	1
4263	1
7240	1
5741	1
5811	1
5817	1
4690	3
4618	1
9685	1
8583	1
7159	1
6910	1
6996	1
5232	10
5417	1
7275	10
5343	10
6856	3
6392	1
7021	1
6177	1
5284	10
5889	3
6677	3
9109	3
8023	1
5070	3
6871	1
8412	1
6333	1
7721	3
5191	1
3986	1
4940	10
5713	10
6434	3
4950	10
8926	8
6910	1
5027	10
9827	3
6146	10
5452	1
5123	1
5327	3
5227	1
5874	1
5932	3
4441	10
5523	10
8862	3
7621	1
8215	2
5677	1
6308	1
3400	10
6266	10
7787	1
3055	10
5685	3
5449	1
5601	3
4886	1
7037	10
5018	10
7508	3
4860	1
6002	10
5954	1
7029	6
7592	3
9036	1
8142	10
5190	1
5906	10
3878	10
3004	6
5418	10
5018	1
5534	10
8481	8
5413	6
4098	10
4853	1
7495	1
4946	3
5061	1
1048	1
4005	10
8163	8
7010	10
4964	10
6286	1
2458	3
8142	1
5025	3
4099	10
6401	1
8627	10
5349	10
7688	9
4778	10
5813	1
5915	1
7380	2
4280	10
5509	1
3331	1
5461	1
5987	10
4995	1
3555	5
5312	1
3756	10
7842	8
7101	3
6271	1
7896	1
7169	1
6058	1
4400	1
8402	8
4734	1
5111	1
7483	3
7430	1
5240	1
8623	10
4442	6
7972	8
6872	1
6786	8
6488	1
9234	3
3399	1
4904	10
5591	1
4377	10
6528	1
6390	1
6056	10
6229	3
7369	3
9689	1
3209	3
6105	3
6798	3
3941	1
5615	1
7987	3
6445	3
5660	1
9289	1
7312	1
5678	1
5712	3
7261	1
8815	3
7802	3
4677	1
5212	1
6766	1
5564	1
6697	3
8469	3
7010	1
6059	10
5510	3
4781	1
4926	10
5858	3
4951	6
5485	10
8405	3
5318	1
6552	1
6380	3
7129	6
7345	10
5181	1
6198	1
5022	6
4310	1
8591	3
6317	10
7578	3
6488	3
7281	3
6134	3
5714	1
5796	1
6050	10
6544	10
5505	6
4911	10
3858	6
4834	10
5856	1
7171	1
4907	1
4641	1
7784	1
9514	3
4638	1
9338	8
4242	3
4474	10
6647	1
7917	1
6887	3
7573	3
7449	1
4601	1
5193	10
4558	1
7092	1
6435	1
4297	10
9578	3
3712	1
9777	8
5102	1
9496	3
7507	3
6791	3
5285	3
6915	3
7498	3
6276	3
4852	1
5933	10
6659	1
4745	10
9789	8
4622	2
3734	1
6922	1
5176	1
6922	1
5962	1
6677	3
4263	3
5960	10
5899	3
0	1
6112	1
6955	1
6056	10
8432	10
5801	1
9994	8
5085	1
9577	10
2995	10
4511	1
6356	1
6382	1
8736	3
4753	6
5298	1
5309	1
4443	1
4993	1
4943	10
5238	10
8506	3
6133	1
5246	1
4701	3
3746	9
5801	3
7498	1
6887	3
5663	3
6360	3
5754	1
4102	1
4696	6
5731	10
6272	3
4097	1
9751	3
6031	2
3472	1
4420	1
7085	10
9831	3
4550	1
768	1
5824	10
8633	3
4542	10
6352	6
6969	1
5138	1
5951	1
4913	3
9998	1
6245	1
9852	1
5220	1
7767	1
4259	1
5763	3
6223	1
7866	3
6094	10
6016	6
5935	1
6665	1
8443	1
4276	10
8103	10
5443	1
3209	10
8280	8
3970	10
5961	1
4808	3
7515	1
6665	10
7567	10
8839	1
5255	1
7394	10
7042	3
6655	1
5926	1
8018	3
4978	1
6468	1
6090	3
6843	1
6280	10
5060	10
8348	1
4501	10
5671	1
4353	10
8161	8
8855	3
5750	2
5564	10
5227	1
8130	3
6493	10
9395	8
6115	1
7310	10
3563	10
4312	1
5667	6
7069	3
7854	10
7312	1
5872	1
7491	10
5650	1
5731	1
4974	10
6518	1
5348	1
7896	10
7044	9
5834	1
4854	1
7852	3
4390	10
6447	3
7101	3
5414	10
8249	3
4598	1
6825	1
4153	1
4416	3
6252	1
5312	10
9434	1
5609	1
4082	10
5817	1
3623	10
6207	10
5140	3
7980	3
5678	1
7659	1
5562	6
5771	1
5540	1
4829	1
5496	1
8360	3
4851	3
6190	1
9975	8
5654	1
5583	1
8161	3
6612	1
5983	3
4356	1
6643	3
4707	1
5284	1
8460	8
9800	8
6938	10
4895	6
8938	3
5061	1
8468	1
6560	1
6627	3
5250	1
5413	1
7181	3
5830	3
6760	6
4528	1
4470	1
5154	2
5859	1
5237	3
8781	1
7667	3
6230	8
5005	1
5769	10
6571	1
4916	1
6283	3
2925	3
3966	6
6094	6
6573	3
7841	10
5724	6
7114	3
8988	8
7923	3
4972	1
8255	1
8690	8
3676	1
4767	1
5739	10
9318	8
4717	10
6394	10
5068	10
5215	1
6678	10
4101	3
7052	1
7130	1
8951	3
7555	10
6024	10
6806	1
5751	1
5768	10
5311	1
4450	10
7122	3
8827	3
7201	3
4671	1
5595	10
5630	1
5917	6
6893	1
6044	1
6612	3
6632	10
6227	10
3789	1
4945	1
5793	10
6307	10
5647	1
5422	1
5417	1
5990	6
6243	10
4669	1
4813	1
5281	10
7134	1
7071	3
5023	3
7900	3
5068	1
7887	1
4969	10
7832	3
5648	1
4066	2
5046	10
4584	10
5301	1
6542	1
3225	1
6460	1
9443	1
5829	3
8120	1
5402	10
5989	10
6069	1
6580	3
5565	1
4292	10
6091	1
5526	1
5113	1
4381	1
4790	10
4423	1
5792	3
5692	1
6288	1
8064	1
5107	1
6777	1
6459	1
4521	1
4770	1
6561	10
6922	3
9994	3
7144	1
7285	1
5234	10
5531	1
4765	1
3370	3
5871	1
4018	1
4953	1
5528	1
8641	1
4389	10
4026	1
5453	2
6119	10
3811	1
8978	3
9406	3
7616	3
4985	10
5055	1
6193	1
4531	3
7961	1
5766	1
4366	1
8518	1
4490	10
8523	1
6827	10
4590	10
5141	6
4906	1
5228	10
4204	10
6165	3
7098	1
6076	1
5430	1
5861	10
7880	3
8397	3
6646	10
6922	8
5417	1
4316	3
8474	3
7070	1
4798	1
4796	10
5382	10
5941	2
6777	3
5565	1
9286	3
5319	10
4235	2
4730	1
3700	1
4115	1
9231	3
5635	10
4245	10
6518	3
5409	10
7057	3
6601	1
3971	3
8730	10
5430	10
4405	1
4823	1
8493	3
3639	3
7927	1
5029	3
6718	2
9993	1
9911	3
4190	10
5721	2
5789	3
7333	1
5436	3
5691	1
9999	1
6234	1
1272	8
8647	3
5239	1
5869	1
412	1
6442	3
7604	1
7258	3
7519	5
4435	10
5149	9
3707	1
6791	10
4257	10
8853	1
5963	3
5719	1
9296	3
5777	1
4907	1
5624	1
7279	3
3882	1
6699	1
3467	10
6391	1
5031	2
5777	1
5247	3
5015	10
6520	3
5305	1
4639	4
4765	1
8229	3
5572	1
4280	1
4852	3
5270	1
6227	1
5061	10
5424	1
7311	3
3453	10
6422	1
8255	3
4183	1
5786	1
4322	1
7129	3
4586	10
5703	3
4107	10
5837	3
7730	10
5281	6
5301	1
6608	1
5874	1
4675	1
4946	10
6705	3
4981	1
5461	3
5388	1
5940	6
8652	1
4316	1
5219	10
5696	1
5644	1
4797	10
4564	1
7749	3
9338	8
248	1
4908	1
8604	10
5952	1
5451	1
6568	1
4800	1
5261	1
7496	1
6867	1
6566	1
4262	10
5332	1
5338	1
6891	1
6130	1
6506	10
5403	6
4902	1
5757	3
9964	8
5544	10
5586	10
3693	10
5692	10
9895	1
6780	3
5364	1
4512	10
5258	1
4750	2
8984	10
4513	10
5454	10
5569	3
5080	3
6526	3
5248	10
4986	1
5675	1
5911	6
4663	10
7070	3
6586	1
6338	10
4499	1
5138	2
4853	1
5934	3
5669	1
5386	1
7875	1
5584	3
7545	1
5395	10
7059	1
5217	1
3962	4
3384	10
5425	1
9423	1
3775	1
7578	1
5976	1
4790	1
5202	1
7623	1
7906	1
8844	8
5285	1
5808	1
5226	1
5639	1
6434	3
5693	10
5553	1
5312	1
6889	10
4318	6
7698	3
6100	1
7961	1
6843	10
6837	1
4470	1
5271	10
7482	3
7846	1
8283	3
7370	1
7927	10
4711	10
5850	1
5142	10
6381	1
3529	1
5750	1
9191	10
4499	10
4609	1
7624	3
4736	1
3354	3
8623	3
4606	10
4514	2
4451	10
4792	1
6948	10
4608	1
5396	1
3838	6
3632	1
9707	8
3647	6
4485	10
3559	10
6867	1
5357	3
6623	1
7478	3
8311	10
5866	1
9379	10
5370	1
2616	10
5811	1
4743	6
4693	10
5570	1
7032	1
6976	1
4379	1
5439	10
6827	3
6484	1
6339	10
6307	1
4085	2
6761	10
5712	10
8084	10
6946	1
6263	1
5197	1
6052	1
6691	1
6132	10
4410	1
4319	10
5466	1
9235	3
4482	10
4953	1
5873	3
5236	1
5056	10
7853	1
6557	1
8003	3
5473	3
8376	1
9930	3
6755	1
7111	10
8250	1
5036	10
5184	1
6064	1
4911	1
9985	3
4744	10
6047	3
8770	8
5248	10
6800	1
4092	1
9972	8
8106	3
6000	1
4957	1
3317	1
3905	10
6821	3
5641	1
4849	1
7138	1
7343	1
4798	10
7137	1
3660	10
5886	1
4179	1
4675	1
7586	1
6268	1
4576	10
4326	1
6076	10
4756	1
3891	10
5156	1
6598	1
8158	1
6755	10
6620	3
6101	10
5171	10
5958	1
3618	3
9581	8
9541	10
8153	3
9736	3
5157	1
5540	3
5415	10
7360	10
4410	1
4305	6
6649	1
5655	3
5638	1
5573	1
8384	8
5458	3
6821	1
4408	1
4661	1
3247	1
8256	1
5485	10
9330	8
9448	3
8816	1
6920	6
5916	3
4070	1
6828	2
5544	1
7612	3
4794	1
6639	3
5639	10
6696	10
6359	1
6589	3
3392	10
9221	3
5472	1
4587	3
6628	3
8026	3
4040	1
4705	10
5164	3
7823	3
3535	6
6980	3
8318	3
4676	10
5182	10
7061	1
6204	1
5162	3
4723	10
7174	1
3135	1
7628	3
3737	1
5488	10
4938	1
8157	1
5233	1
6734	2
5149	3
8837	10
6056	6
5205	1
5989	10
5069	1
9999	8
5156	3
4733	1
6985	10
4711	1
6704	1
5628	1
4010	10
6042	1
7233	1
6232	1
8054	3
7212	1
5735	3
6425	1
6053	1
5056	3
4169	3
5043	1
5089	3
7006	10
6605	1
5229	1
6936	1
4687	6
6244	1
6090	10
8424	1
5049	10
5511	1
3688	1
5506	1
5183	10
5562	1
6870	3
6070	6
5324	1
6027	3
7337	3
5311	10
4511	10
7737	3
9921	10
4775	1
5970	1
4917	10
9275	1
5201	10
6347	1
9477	3
4471	1
2288	1
5168	1
8234	1
4546	1
6764	1
5751	1
6988	1
6712	1
5157	1
5729	10
4500	1
5066	1
6735	1
5198	3
5052	1
4136	6
6652	1
8982	1
7275	3
5604	1
4836	10
5583	10
9978	8
4041	1
6797	10
4682	10
4836	1
4539	1
4355	10
7474	10
6295	3
9291	3
5759	1
4508	1
4605	6
6005	1
6846	1
5947	1
5398	1
9465	1
6125	10
4827	10
3961	3
5839	10
5104	1
3214	10
4162	2
6343	3
7727	10
7368	3
8918	1
4114	3
5013	1
4815	10
4978	1
7902	10
6883	3
5830	1
5775	1
5996	1
6381	1
4901	1
7683	1
8436	10
4524	3
8461	1
5797	10
7271	3
8590	1
5387	1
5698	3
5533	3
4460	1
4939	1
4861	1
7214	3
4769	6
9247	1
4815	10
5534	1
6424	1
4112	10
6196	1
7363	1
6477	1
4424	1
8141	1
3988	3
5873	1
6421	1
4062	3
6833	10
5585	6
5116	1
5359	10
7979	3
7097	10
8715	8
6112	3
4972	1
7633	1
4124	1
6381	1
7945	3
5937	1
5495	1
6889	1
6994	3
7074	1
5660	1
7955	1
5869	10
9792	3
4408	6
5827	1
6273	3
5548	1
5185	1
6584	1
4400	6
4503	6
9037	8
6030	1
4703	10
4390	6
5034	1
4161	1
5680	6
6304	1
3668	3
7217	1
9222	3
5517	1
9891	8
6333	1
4699	3
5668	1
6712	1
9746	3
4138	1
5689	1
6205	3
6459	10
5661	1
5193	10
4835	10
5973	10
5507	10
3998	10
4565	3
6528	3
5311	3
5981	3
4773	6
8281	1
5005	1
5602	10
5753	1
5537	10
6841	3
4229	10
5730	3
4973	10
8804	10
5684	3
4747	10
8184	1
5658	1
5205	1
4924	1
9997	10
5800	1
6797	1
890	1
7543	3
3338	1
4464	1
6196	1
4859	1
6185	1
4602	10
6100	1
6541	10
4883	1
5384	10
9834	1
5982	1
5784	6
6674	10
4209	3
6322	10
7273	1
5604	1
4728	10
9061	1
9948	1
523	10
7148	10
3161	3
6532	1
7342	3
7780	1
7414	3
8035	3
6315	3
5624	1
7333	1
6805	10
3800	1
5271	10
4705	1
5053	1
2699	1
9828	8
4988	10
8526	3
4459	10
5248	1
3331	1
5769	1
9548	3
4522	1
9486	10
6497	10
6497	1
6401	10
6366	1
2802	10
6064	6
6168	3
8054	10
1543	10
7211	10
6144	1
6316	1
5013	9
4747	1
4050	10
3333	10
3866	10
9820	8
5396	1
8432	10
7186	3
5307	1
5157	10
5658	3
5437	10
8015	8
5387	1
5577	3
5121	1
5815	1
5576	1
5764	1
4472	1
4957	1
7411	10
4873	3
3700	10
5897	2
4553	1
5855	10
5341	10
5841	3
5672	1
5592	1
2226	1
5632	10
4405	1
4848	10
6008	1
6606	1
4378	3
7241	10
4881	10
7333	3
9857	3
5905	10
5899	1
6564	10
5328	1
3726	3
4964	6
9942	3
5539	3
7066	1
5794	2
4594	1
7516	3
5749	10
7015	3
7764	3
8135	3
5912	3
4797	10
2642	10
6260	1
7898	1
3866	10
3557	3
8965	1
4678	1
8032	10
6355	1
8061	10
4197	10
7978	3
4686	1
4207	10
5066	1
5756	3
8808	1
4899	1
6791	3
3949	1
4416	1
8616	3
5221	10
6041	3
6058	3
6448	3
6420	3
8972	3
6338	1
4423	10
4764	1
7112	3
8518	1
4289	1
6043	1
5633	9
6509	1
7627	3
8180	3
4431	1
4376	3
9182	1
5190	1
5254	10
5955	10
3026	1
6190	1
4265	10
4242	10
5239	10
4376	1
4601	1
5837	1
5820	3
6604	10
6385	1
5936	1
6659	10
7457	3
6960	3
4195	10
4174	3
5672	1
5602	1
6472	1
7035	6
6105	1
6300	1
7049	3
8164	3
4184	1
5551	6
6327	10
5059	3
6172	3
6415	1
5486	10
6847	10
5197	1
7900	3
7300	1
5895	1
6493	10
4242	1
6602	10
7728	1
6271	1
6142	1
5626	10
6052	7
5323	1
8500	3
5162	1
5816	10
4120	10
8752	3
6201	1
7299	6
5877	1
4581	3
5983	10
5543	1
5343	1
6286	10
7574	3
5363	6
7277	1
5666	2
6848	1
5296	1
9189	8
3666	10
5764	10
6384	10
5964	1
6287	1
7405	3
4142	1
4087	1
3970	3
4138	1
6055	10
6242	1
5096	10
6069	1
3938	10
5727	10
5215	10
5927	3
7661	1
7075	1
9616	3
6050	1
5637	10
6037	6
6215	1
6880	1
5502	6
4367	3
5943	10
6605	10
5642	10
6572	3
5566	1
8652	3
5892	1
7159	6
6121	1
5696	10
6705	1
3789	1
5091	3
4100	1
4473	1
8294	3
4823	10
5531	1
6223	1
9250	1
4550	10
5816	10
7134	1
6229	1
6287	3
5342	1
6591	1
7966	1
5382	10
9231	8
6382	1
7280	3
4702	6
8380	3
6577	10
6645	10
4907	10
5111	3
5982	1
5028	10
6708	3
4970	1
6738	1
5984	6
4714	3
4027	1
4663	1
5722	1
6406	10
6642	1
5227	10
4852	1
5747	10
4847	3
6784	10
7710	3
5128	10
9003	3
9959	1
5340	6
4884	6
7176	3
5799	10
