1025	1218
719	1173
990	2234
133	757
1083	2878
640	4561
1195	4592
1181	2000
683	1335
1207	4068
1203	1130
1362	1302
811	1102
1029	1317
450	1211
1003	792
1415	1251
982	2713
432	3472
1084	1447
1372	1531
609	903
755	1176
1052	2677
359	1641
1535	1348
1009	3109
285	2103
476	1688
782	793
1331	1656
696	2656
653	1844
766	1562
1119	2016
2284	1100
939	1477
733	1537
2193	788
961	1673
696	4676
889	1003
662	2786
515	1169
800	1429
415	1644
1447	1645
635	860
802	1136
1047	2085
781	920
639	2016
1005	2051
837	1241
818	1422
986	1421
558	2913
939	836
830	1286
277	1554
950	2022
1153	1039
692	1750
1057	1994
1665	873
894	1486
2521	1512
1083	657
1249	1783
862	1802
1083	1850
359	2465
1340	963
1127	1493
534	3309
738	1121
852	1871
786	2217
1057	4326
696	491
796	3032
1172	1819
1113	1011
987	2019
582	1214
619	1701
774	4869
392	1489
585	1767
627	1716
722	1919
1615	1415
876	2415
912	1516
1203	2286
885	1274
967	1572
679	1444
1010	1913
750	1120
1237	1186
1006	1522
1222	979
910	1580
1074	2873
600	1320
611	1422
1699	1382
931	2200
1043	1457
4064	1311
2267	3380
920	874
828	1291
712	1185
1097	2763
111	2423
528	1723
730	1014
1205	1816
582	1715
908	988
691	1505
474	743
1308	1361
1410	1463
939	1446
600	2030
742	1714
669	1478
884	2947
581	1276
1005	1446
404	392
736	1779
1113	973
782	913
445	1432
670	2832
315	1038
704	1328
709	2328
1540	1813
443	2024
899	1886
406	1626
742	977
609	869
929	2177
753	1437
809	3876
678	3360
768	778
918	3109
415	1356
782	2595
785	3782
320	1536
560	1287
441	1733
999	1356
726	924
760	1512
1189	1984
1668	4173
566	1100
924	1170
1197	1388
843	2721
973	1510
832	3083
834	1464
296	1216
764	1060
1290	1061
957	5728
624	938
767	2790
876	1109
785	1583
302	434
1058	1350
475	2039
972	1284
555	801
618	1548
387	1413
861	1328
551	821
756	1383
905	1495
1149	1039
676	853
819	2004
643	2532
1290	1234
640	2285
992	1477
567	2007
1098	1526
1310	840
790	2849
903	1352
615	1048
899	5258
813	1278
602	1345
881	762
474	997
916	969
786	4067
1230	780
2436	1384
1313	1508
722	2112
666	1038
587	1130
900	1131
881	1283
1017	983
914	830
611	1053
407	1059
689	824
1763	691
422	1432
653	1212
796	1452
2408	1264
623	673
772	1663
962	1275
548	976
583	1891
547	996
533	1101
1190	3724
1159	2053
1335	1502
461	1295
1162	821
566	1549
895	1186
666	965
1005	3579
438	2516
984	1472
942	2263
809	792
1234	1055
853	1135
1246	1490
558	1889
607	1438
753	2294
1336	981
2004	3523
491	2187
1245	2089
763	2207
696	1695
1093	3339
1366	919
784	3102
697	1186
351	2854
1446	1351
1022	1038
1189	927
405	1714
1191	530
582	1593
1063	2517
576	2415
623	931
378	1596
817	3562
792	2422
712	714
1498	2009
1261	948
2220	1819
483	992
931	1785
1475	1625
520	1780
1215	4129
972	1821
559	1463
848	1885
1173	2982
629	1095
458	1688
758	1907
795	1421
657	1988
752	520
955	1890
667	2124
1049	1187
1025	3296
518	722
852	1809
682	2972
719	2271
1425	1512
1093	1457
664	3533
760	1706
182	1280
415	1062
745	1247
792	1436
544	1763
587	822
1063	3322
738	5335
372	890
678	2254
869	3260
575	5640
464	2135
441	750
809	1240
684	4745
939	2095
725	1024
1398	1583
1657	1489
943	3933
101	1544
678	2213
655	1083
1062	2113
1450	2245
192	1779
846	1941
786	2035
764	1443
505	1044
1863	1437
858	1060
739	788
935	2703
914	1106
713	7022
671	1705
559	1029
1361	977
1401	1729
804	4371
584	1043
613	3213
393	1067
679	2264
1251	758
1257	4097
917	2143
559	939
885	1409
376	1751
968	770
1137	2219
934	1142
446	1233
588	1280
1209	1759
971	1210
835	803
590	1780
879	1882
719	1417
1288	2435
818	2430
462	1185
760	1138
1147	1354
702	1977
1439	456
606	1454
903	1816
258	3023
427	1442
663	1482
804	1607
631	3069
483	4943
750	4390
1130	1550
349	1510
1660	1358
497	1177
657	2071
997	1038
954	1456
911	814
1089	614
827	2305
474	3015
1123	552
846	1368
504	1398
836	1949
293	1790
644	1457
743	1776
996	1649
464	3831
210	670
1002	1887
432	1282
377	1722
576	3310
866	1548
645	1798
995	1411
695	1429
1033	1964
762	2675
406	5249
827	1611
1346	653
556	3464
2140	1294
492	829
803	767
1396	750
1398	2132
787	1104
1082	1292
332	1076
904	1968
812	995
365	1647
970	1222
5341	1661
1215	2191
340	928
632	2387
1230	1682
884	1364
492	513
789	1595
990	1131
760	1108
606	1487
357	2653
477	1217
796	1143
2276	1937
761	2071
975	2184
821	824
390	1636
641	1115
957	4425
992	1091
439	1664
466	1953
540	1936
936	2566
638	1306
874	5150
556	1397
896	2356
533	1173
363	2061
1120	1127
829	1654
723	219
968	839
574	1479
471	2532
939	1116
762	3692
809	1267
2733	6824
774	1537
1115	1738
827	2869
1193	1834
747	4382
244	831
707	1728
746	1775
402	1035
502	1722
1201	3258
735	1372
961	2947
524	1100
2514	2313
1633	1401
1387	1936
572	1445
672	4092
1027	1534
2735	1840
739	1755
1046	3023
891	2122
2335	2507
1208	1672
1922	2780
625	1248
601	1687
1200	1294
383	1239
1598	2389
907	2604
1174	563
1756	1744
895	1529
285	2064
396	1125
499	4130
1259	1242
824	1261
1279	2748
1484	1830
1535	461
2038	1362
639	1992
1124	1826
1016	2028
1834	1723
812	2602
1106	1651
837	858
1046	1477
716	1239
597	4144
809	1277
926	925
1262	1216
889	1505
1418	693
817	972
735	1503
833	1348
1063	1156
868	1233
925	1794
680	1570
840	1221
505	1222
723	1304
900	1650
573	1336
586	1964
1031	977
454	2238
649	3842
817	773
1042	1097
1638	1657
2913	524
674	1549
769	2369
665	864
466	1174
705	2755
1254	903
445	1457
1106	1127
535	4315
852	370
1230	1716
766	2634
911	3255
953	1883
1059	1407
735	1514
692	1153
611	2911
954	1817
749	1340
1252	1668
562	853
751	5988
834	1915
817	1606
744	1834
1108	1617
582	901
915	968
1071	771
613	2141
2610	2115
1038	1540
691	610
771	1510
955	507
1207	2039
534	697
721	4212
783	2433
1404	2301
1074	768
955	1629
425	6686
692	2739
624	1697
555	2472
786	1194
855	4475
3363	776
524	1042
660	1135
1237	1585
847	1512
994	404
601	967
707	3442
537	2628
704	1446
1204	3116
4676	1207
760	964
1817	883
362	1050
490	2497
314	907
728	1265
680	2828
994	2049
659	1083
728	1757
968	1438
815	1759
765	1212
715	1333
1557	1669
635	1549
378	1398
883	2125
938	1180
738	1774
3591	899
1194	868
817	2914
787	1017
641	1646
944	1060
678	714
1356	1486
920	1585
486	1265
1143	3594
556	678
262	1280
814	1396
734	1413
630	1543
342	943
1441	6449
526	1320
884	1454
896	1947
789	1785
817	4072
745	1356
831	2948
1175	2448
2393	1468
656	1903
1144	948
729	1386
2590	1691
1025	1286
959	1123
1139	1211
966	1121
790	3402
792	1083
222	1254
441	1230
861	2003
610	1105
685	1517
1922	1507
1085	4767
967	1511
671	1269
396	1653
3221	3607
410	1588
1125	6080
461	795
592	1052
1142	1816
865	1609
797	1411
1121	1986
1034	1421
1067	1873
676	932
935	1666
460	1238
866	750
925	1398
1290	1769
1092	1460
952	1642
491	1698
832	1261
1614	1202
993	1526
598	2232
860	1056
603	1280
752	1643
903	1670
881	4171
1182	2001
1183	567
707	1769
793	2711
844	2299
1508	1673
679	1767
576	1738
1200	3884
903	1524
1195	3768
858	2214
616	1170
145	2045
717	461
664	1900
1442	4238
789	984
573	1382
1167	1995
748	1232
595	1831
547	1110
778	2753
891	2168
646	1241
1388	718
1249	1735
822	1561
476	1547
761	2761
937	1556
598	1492
353	1744
993	434
933	2535
731	868
1262	726
934	2961
880	1857
673	3373
254	2048
1433	1687
350	1336
743	427
639	1107
813	4049
829	1199
508	1651
859	1274
635	3819
754	1690
293	1575
566	1988
1028	1281
1686	816
619	1398
1078	2893
972	1463
1042	2291
1161	3003
366	942
404	4268
357	4279
836	3183
1476	1234
875	1014
479	4339
297	1022
330	5079
579	1576
1043	2373
424	1636
485	752
1478	1494
1891	850
759	6333
965	1104
1394	2163
1424	2365
929	1675
1193	3680
2441	1522
921	2360
528	1816
769	1613
356	1396
497	2044
739	1199
419	1564
766	1271
1178	1922
994	1530
710	1396
286	1182
1574	2641
296	1397
608	1187
817	2359
1049	715
603	1028
942	244
649	958
378	738
849	1945
2076	4084
827	1461
1174	1740
813	2089
1415	802
1124	2728
655	1633
350	1563
874	982
440	1054
363	935
1677	1900
691	1127
758	1163
1513	1937
478	2651
704	4307
425	5169
785	2021
644	990
608	995
508	3468
672	750
842	1563
951	1677
716	619
1097	1881
399	1040
693	987
630	2035
859	2583
1142	2370
399	3574
819	1621
747	2408
767	2120
822	2166
1046	1773
443	3507
595	1842
736	1337
790	2325
790	2755
932	3087
914	1091
1919	1551
1072	3971
738	2496
635	2332
1232	1188
714	1012
1014	1022
1113	1128
712	891
414	1754
796	1814
652	4958
633	1161
699	1627
435	1402
1073	2273
505	2750
1008	3178
967	1502
1133	1424
143	2425
1220	978
580	1105
922	2745
1010	1618
622	1532
620	1924
1612	1227
796	1579
977	3977
1414	970
1225	1742
765	1641
426	1465
933	1159
1336	1486
1045	1014
853	1592
474	2128
813	1232
473	1563
1787	2541
480	1246
886	1278
982	1705
1078	2642
996	1270
952	5763
1218	1327
1190	1731
736	913
273	1712
998	1104
407	1469
1246	1327
1830	2153
866	3349
622	895
660	494
573	195
1201	1092
1191	1625
1270	992
640	1696
833	4817
1118	1324
1094	1555
1171	2685
790	477
685	1947
736	1513
934	1584
1238	1089
707	1515
1020	2434
1299	1371
757	1468
1317	1592
925	1013
1052	6183
453	1214
403	1707
1201	1402
1772	1328
1291	1309
970	1505
912	2045
2094	1396
619	973
766	3922
1027	1503
544	1452
1784	1236
981	670
523	1420
704	1175
1562	537
972	1208
1249	892
966	1095
627	2051
914	1733
2342	1481
1256	2066
762	1608
987	1118
779	1135
890	1313
1393	1689
532	2045
422	2149
1187	2071
251	770
833	1673
669	615
837	953
1078	1493
1193	1559
1209	1010
701	1106
645	1798
707	1560
873	1235
623	2599
819	967
986	1285
757	1455
619	2063
1143	1261
1350	1633
1269	1291
826	1240
686	511
1071	2023
661	1121
655	1575
2447	1402
681	1685
1378	1844
842	1643
813	747
1186	1577
266	1020
1241	2009
470	1607
543	1246
841	1367
1914	2360
1898	1532
782	1793
1755	3932
1304	1043
564	1047
926	1739
744	2021
1531	1841
594	1594
770	2583
1866	1417
905	1673
751	1366
997	1884
923	1151
753	1522
1054	1714
506	1660
819	4279
907	881
748	1151
595	2657
1166	602
809	1642
977	3889
756	1378
958	5347
749	1488
636	2083
1233	1328
901	1113
1118	2239
989	312
893	920
1455	1235
628	4056
1304	936
940	1802
1423	1156
761	1301
682	1471
459	1656
988	2459
1032	1832
726	727
643	1802
1235	1369
1864	1599
533	1226
674	1404
1300	3818
444	1701
1064	2633
1063	2189
1198	1358
1494	6528
1193	898
582	1012
1291	5088
3958	5195
1268	688
885	1718
1060	1968
480	998
707	1755
1150	817
1163	1427
1001	1138
450	1546
1317	1517
813	3282
625	1780
1202	2298
913	1843
799	3789
750	1779
1384	450
1003	7725
409	579
611	951
1259	1389
1109	862
931	1043
872	835
816	1554
318	2950
1054	1578
722	1639
961	1255
1539	1247
512	2248
296	2178
357	1710
1055	1139
875	369
667	2110
512	3953
616	559
1608	1181
735	1248
816	1445
890	650
933	1374
319	1104
459	4236
741	1624
918	840
563	633
648	1236
476	777
878	4725
570	1197
605	755
768	2248
1340	1129
1645	3322
1805	1773
701	2269
2410	1492
2740	1207
912	3612
824	1523
1049	1501
835	1063
2202	2359
1043	1255
895	1499
550	728
653	6708
991	2122
900	1905
467	1367
823	1674
663	2855
821	981
784	1257
711	722
780	1493
788	1251
981	1831
355	1344
341	1907
883	997
1322	1379
639	1512
632	720
887	1439
759	4491
584	2159
330	1553
1285	1567
606	1913
1448	2068
1394	588
556	1081
915	1139
2306	837
1015	960
654	2136
330	6231
642	1260
544	908
751	919
721	1050
1429	1019
924	2442
768	1625
511	1212
362	476
947	1353
541	1014
845	3633
781	5588
896	3303
576	1278
450	1160
2353	858
460	1690
1050	714
484	792
754	1656
936	1401
445	888
390	3358
835	1440
867	1256
828	1586
885	3909
428	1214
578	1771
806	1441
1151	1466
789	543
753	2469
776	1796
613	1640
739	1998
3330	1560
970	1718
1508	1891
851	947
808	3403
810	1679
527	1361
590	1129
720	5012
709	1882
1235	333
841	1241
990	1834
534	5189
534	1385
439	919
1311	1156
7478	1611
857	1195
3932	1587
1176	1880
860	3778
1688	1637
1581	1697
1087	1107
1322	1240
877	2356
1366	2612
1484	803
975	4581
1226	2319
606	1047
468	1689
1107	996
1012	1031
571	1219
578	222
1159	1415
713	1309
855	2891
1738	1381
969	1117
905	3095
1505	1309
1007	2715
960	1177
716	1899
1203	1382
1826	1364
436	1692
702	2028
982	1509
722	1002
773	3621
428	1103
1492	3657
1016	3518
742	2958
851	1744
829	1256
786	1908
610	753
711	1811
930	2900
1146	623
747	1994
550	1214
503	1469
673	1101
1050	2134
535	1648
695	1540
777	7692
746	1306
1102	953
1029	1595
919	1965
2181	1387
1074	1250
522	1018
1510	1844
1797	2499
1535	1352
834	1315
884	1598
674	3397
445	1108
877	1518
1337	3624
801	1795
512	839
922	2257
589	1868
969	2843
681	1146
863	1530
1027	1524
996	1432
359	1600
1199	1314
1085	4112
818	1100
1404	2158
699	1306
1764	917
924	1305
720	1802
703	2316
1086	4377
1083	887
664	1174
675	1748
790	5077
437	1438
874	1723
857	4680
360	1036
954	2076
1680	1598
719	1480
545	1133
1193	5524
622	1863
964	1011
1085	1675
387	1192
614	1081
1113	1656
343	828
624	1272
1122	1314
732	1172
1106	1331
851	2093
1100	1883
819	979
847	1377
866	737
702	5532
721	1431
685	722
1141	1942
622	943
1099	1659
1779	1217
3493	1758
1308	1727
876	1948
1000	772
1289	1483
1218	1883
690	1259
935	1070
925	1894
583	471
874	1868
815	1770
320	1314
232	5164
617	1987
792	1077
714	852
753	2422
1068	1261
760	1026
980	1562
663	819
1567	3001
1179	1222
532	1319
742	1491
632	1740
806	2341
1233	868
817	459
1546	1133
752	2102
2284	2831
806	976
429	1924
994	1068
1101	3598
728	1047
795	1283
892	1602
443	2530
735	592
451	1633
802	1029
649	1443
981	1267
639	2877
1128	1408
885	667
719	2417
267	1381
699	2961
370	1383
978	1470
713	2615
1012	1721
883	3521
1122	1741
568	3543
163	3733
1370	1168
867	1842
864	1383
719	869
844	2666
344	797
482	1363
896	3297
333	2167
1139	1587
776	1292
815	1164
673	1569
662	1303
835	4325
1761	2731
797	1666
966	1487
1148	1680
1066	2450
644	2380
1545	1372
1294	1862
555	2487
235	4348
1359	1091
458	1595
478	1041
1248	4331
808	807
626	1234
563	2465
782	1262
1036	630
679	57
1786	1540
762	1865
420	1242
814	3000
1095	1258
701	1350
1105	1469
671	1340
782	1327
1305	1171
853	990
1172	1447
592	1375
662	1765
638	3698
868	1691
559	1795
617	3096
877	3482
1107	1900
1210	1244
589	9999
343	2231
1234	1599
1093	983
864	1409
479	1083
944	529
646	3236
1003	1395
752	1655
1012	1105
365	2571
577	3813
1190	688
464	1270
772	1059
513	1497
1681	2012
1211	1448
962	3557
1032	1729
1060	2062
612	1673
693	2612
690	1213
780	2303
826	404
719	1930
940	830
1328	1338
1063	1531
2381	1246
784	692
581	1380
1380	1919
436	1171
679	1294
543	952
551	1599
827	1123
1107	2204
258	1044
544	1085
550	1155
607	1470
993	2302
1127	1452
503	2082
741	1266
906	2352
1093	1838
2525	1348
833	1974
794	108
599	1619
1272	1484
1509	1968
992	1504
559	6231
922	1052
1286	1186
797	1062
854	1270
444	1430
633	1007
669	1029
932	1730
1185	652
637	649
662	4396
762	1079
903	1547
1509	3704
1064	914
1152	5835
463	970
511	1193
862	1359
753	729
585	3524
801	1493
781	1152
414	5287
497	2635
872	1388
727	1419
266	2508
1277	2193
3188	575
633	1722
897	1203
727	1909
1430	1116
581	3437
443	1456
858	1161
736	1350
745	1257
1244	1385
1165	1477
359	996
1012	1243
572	2971
757	3018
938	3830
823	1673
790	1003
967	1905
835	1149
1469	1086
417	1046
819	1718
728	1015
742	4077
1295	1776
967	1892
663	994
683	1767
606	1778
1929	1976
350	1597
721	1462
531	991
1574	1425
1197	797
805	1340
2089	1561
811	481
963	1066
519	1198
845	1702
846	1555
901	1678
883	1708
885	1195
1303	1942
806	1735
358	1153
697	1451
710	2009
957	1600
561	693
671	1227
648	2071
554	1371
962	1133
647	2473
936	4620
451	1660
3388	1548
688	1383
513	1071
579	197
324	4722
930	662
176	1674
874	2627
726	1213
1672	752
1172	1066
664	1130
697	1054
463	1361
1193	1897
1058	946
605	2879
749	1192
705	2458
569	1087
776	1311
892	5240
1224	1801
903	2405
1011	2011
651	5020
1123	1074
999	924
919	2005
1204	984
527	1306
656	1943
1046	1574
613	1045
730	1562
1883	2067
821	786
1390	1105
610	1029
1079	1031
975	1894
1064	1113
1235	1239
1091	2654
646	1775
864	1070
461	1454
1183	1385
629	1522
1789	932
328	1359
333	2672
766	1552
859	1496
953	1980
2084	2193
204	2533
1108	1572
762	4131
3085	3495
1036	751
648	829
711	2286
712	1471
545	866
697	1474
1937	1980
1174	1389
1115	1634
2249	1575
533	1614
1512	1445
1238	5087
509	898
997	1126
298	2986
1636	1217
822	1020
1107	6919
979	1817
1338	1145
2544	1545
1188	3150
610	1794
680	2221
792	3357
634	2042
1046	1639
1323	1726
1112	1999
1125	2057
1136	4203
717	1778
1009	1923
723	1784
578	1203
965	4043
1067	3584
276	1884
608	2509
719	1262
1470	968
1089	2086
493	1707
1193	1418
441	1156
602	647
763	1819
2453	1929
625	1478
773	1301
334	1057
928	968
411	801
776	1434
682	1644
933	2264
1300	2005
1853	1433
692	1584
291	1612
552	1905
920	1403
1202	1742
786	939
680	1410
662	1745
820	2419
1840	1241
591	1767
1162	2627
2667	1360
0	403
364	1160
1412	720
749	1122
1117	1216
738	4497
721	975
824	1452
612	7511
804	1634
914	2794
748	1699
1215	1396
512	1839
901	2182
553	1923
1587	1953
554	1115
808	1392
886	1304
782	4015
948	815
994	1785
698	4099
545	1059
2501	1373
507	1029
1868	1812
965	741
774	646
514	1530
1191	1657
1165	1356
1025	1214
735	1153
587	1697
665	2533
1221	3867
670	1366
1160	1493
760	1668
444	1292
525	2159
897	1735
657	1131
962	1137
804	1079
622	2165
246	1143
652	839
1044	1423
887	2087
936	1698
314	1317
1121	1970
618	1779
751	1028
795	2943
307	788
565	1306
881	1029
638	1998
1111	1428
901	1004
484	5440
671	2873
640	1098
825	1506
1925	1608
981	1240
735	1494
599	1396
625	1602
615	1019
911	1228
533	2054
894	1564
1140	3188
989	1421
989	1540
258	5115
805	1381
450	765
1126	1709
1122	2880
1546	1771
652	826
1147	2523
851	1753
591	932
904	1296
996	3433
588	2118
508	1182
709	1218
1378	1248
647	1918
1267	2276
670	1202
383	2524
905	2769
576	835
1273	1215
600	1306
624	758
761	1826
334	2664
1119	966
1024	1798
910	1857
397	1967
929	1240
477	488
1127	1906
675	1552
532	1545
945	1049
1142	1179
777	1875
801	986
985	5963
1211	1375
1162	949
1013	1258
31	722
1201	769
1049	2268
366	1907
683	1345
994	1020
573	4954
1009	1483
529	1230
1575	2091
389	1629
517	1370
427	863
759	2964
769	1030
655	1883
457	1622
1208	1972
676	864
840	961
802	2013
1062	3329
831	2157
757	1721
689	1896
847	1090
1330	1184
1224	5382
613	1483
1461	1557
1686	1678
4017	2374
292	902
901	2097
1161	669
538	715
773	930
874	2063
683	2413
1666	1188
440	678
792	926
444	1655
449	1635
525	1966
1041	1880
984	1466
447	1601
467	1852
821	1307
1102	1013
758	1416
957	1903
1039	518
426	1013
1114	2348
824	1280
1049	1437
733	1598
1597	1575
419	1712
1047	3199
447	1069
669	531
1146	5777
653	1240
1005	2515
2156	1432
898	1700
802	1663
746	948
546	1919
546	3609
2022	1191
227	1879
1305	1288
998	2819
535	1579
765	1573
632	891
724	1340
1192	1143
892	1086
397	1130
493	1355
842	935
536	1401
932	1659
527	1449
1215	1019
1631	728
2552	1486
997	1159
839	2428
539	1243
679	2375
769	5754
667	1346
2680	1889
1864	1689
506	1259
278	1542
732	2238
753	1226
951	972
1669	1137
353	2755
930	2790
1473	1500
989	1911
690	9587
833	3284
2531	826
541	1720
694	1785
1749	1954
672	1119
1731	604
927	1615
755	1689
1015	1085
1611	766
1198	1356
1849	885
839	2606
1063	1579
368	1337
1467	905
1669	2822
1107	2996
558	1497
1298	1907
1701	1407
755	2220
1400	1491
661	7141
609	7021
824	1685
830	1709
742	2005
848	713
1219	1786
1317	949
784	1617
1623	457
687	1309
995	1152
379	1113
416	3514
1290	2295
1025	1052
977	1740
724	1741
617	1663
484	1718
833	1367
999	1826
2410	1314
937	1572
1831	5942
1111	506
2232	1380
616	1350
1123	4106
562	3110
540	830
569	1705
990	997
1395	813
897	2910
982	3197
1163	5722
752	2443
1203	2671
1247	2680
1065	3365
789	944
713	1268
853	1472
3735	864
640	2426
2545	2882
875	1228
980	1303
867	3096
838	843
848	1860
1575	2539
475	2696
449	1591
715	1614
703	839
773	1371
779	1080
958	5928
816	1844
1076	1112
1584	5205
867	3766
696	722
968	914
382	1028
1005	1761
765	1305
451	1929
2513	1113
1437	2636
481	1857
287	1554
1451	1602
538	3724
638	1218
418	1094
1006	1099
543	583
148	1765
686	1072
811	1902
1296	1782
467	1523
730	2272
664	1847
1891	1652
159	1618
2049	1797
511	1051
581	944
711	1076
1357	1601
811	2074
654	1952
523	845
663	986
1176	1188
954	1431
1075	1698
880	1117
1002	1217
528	946
854	1960
1162	3567
1128	907
321	1862
259	2236
1004	1487
1010	2853
481	1244
535	1750
666	1691
648	900
358	1274
1616	1979
447	2151
1429	1387
1478	1295
797	1981
457	790
742	1740
817	641
2687	2060
1120	832
855	1847
680	1649
798	1838
1779	1913
370	2897
1081	1920
1045	833
676	1606
999	1519
577	3049
450	1383
470	1873
1337	990
1316	2455
844	1298
614	1163
809	1484
939	3077
919	4205
543	1673
1567	2272
704	2209
1003	1596
1934	964
2857	749
587	2015
1171	1137
1096	1359
782	2447
567	3599
304	1700
798	1395
1087	707
702	2320
454	1307
633	1417
692	1034
1055	1509
548	659
1956	2120
706	1238
465	0
875	1345
732	3433
570	3841
660	4307
643	1746
737	1183
251	2570
718	987
815	1863
396	1064
537	1479
876	1130
811	2750
695	1390
767	1380
738	1716
410	3316
1164	1654
520	1435
641	718
395	848
1140	1209
798	1929
920	958
528	7391
1111	2564
548	1286
1500	2510
698	4309
291	3105
412	2858
880	1200
654	4436
796	1087
502	3697
471	2808
920	1472
750	1839
397	1732
1020	1350
604	948
875	1480
1249	1084
607	1491
822	958
4269	2979
2049	720
489	1127
1214	1752
352	1671
926	1106
2726	5052
774	1887
631	578
1130	3604
573	6648
792	1603
893	2088
892	693
1541	626
448	3263
1421	1300
596	1382
555	1551
811	2362
1264	1208
806	3526
789	1504
474	808
912	1289
545	3280
754	3234
850	1425
894	2159
656	3244
564	1986
996	1658
533	1453
854	2867
887	2272
714	875
630	1128
957	1408
2105	2022
539	1673
885	1114
465	7391
1504	1649
630	583
800	2058
660	3415
617	1207
3330	1056
875	2365
1184	899
1258	1605
669	894
1226	856
55	1871
984	1796
839	926
692	4871
825	793
965	1262
1160	1833
555	1679
749	1272
477	2062
681	1056
900	2213
191	1392
552	1009
1361	1042
1006	1800
457	887
754	2884
631	1526
697	963
795	1983
1877	2415
1073	2103
828	1745
1198	625
427	621
977	1859
643	1701
387	6523
1078	1337
740	1656
756	1435
731	820
1625	2115
1017	1750
1464	2235
715	3090
1213	2013
1657	1865
876	1507
1341	1503
805	1772
1239	1257
632	1369
1010	1604
819	3770
943	1940
1121	1820
772	1233
784	1417
620	965
971	1621
352	387
884	1192
375	1633
989	1028
504	3989
650	2119
935	2032
304	1498
764	2106
812	2023
1322	1514
167	481
1412	1845
2767	1571
675	1648
797	2142
576	1902
804	1116
796	2823
907	1057
1144	1625
1260	1325
578	889
609	1803
1269	906
991	1430
622	1898
1840	2399
1027	1672
772	3170
469	1112
807	3414
831	6446
937	3789
873	848
435	1433
2094	2544
507	1311
732	1929
846	1280
575	1073
576	1737
669	2335
742	1113
810	1893
724	1577
627	856
711	1376
1405	914
860	2082
642	3014
867	890
667	1412
696	2084
803	2133
900	2308
756	9597
1229	1583
1023	860
729	1336
844	1782
1090	1818
2265	2637
731	814
1427	2171
506	1457
1167	2612
1075	1701
896	1505
1286	948
677	4844
601	3368
574	1454
880	1262
1127	1994
1186	1882
443	1181
576	3618
587	1422
1282	1020
877	1681
511	3723
1405	1107
859	3069
364	982
1013	1506
1144	1166
909	1553
1085	1398
1245	1477
628	2269
920	2136
865	1354
817	2270
797	3045
547	2074
1098	3240
665	1295
288	916
758	1264
791	1913
573	1704
398	1282
9999	1387
1049	1850
1252	559
266	2958
1740	1611
1763	1424
1306	2134
1067	2004
855	819
579	1426
715	1365
753	658
2160	1413
559	1824
529	972
1533	1770
1310	1625
581	1397
525	1152
463	8761
834	1640
825	1539
609	1133
