74	4
83	1
9	4
105	4
145	4
89	1
148	4
112	4
79	4
72	4
145	6
83	1
49	6
57	3
196	3
128	6
116	3
48	2
34	2
56	4
54	4
75	3
103	3
70	6
166	3
103	4
126	1
120	4
39	3
27	5
79	3
146	4
99	6
66	6
137	1
84	1
112	4
97	4
149	6
180	6
102	4
36	3
73	3
68	4
45	3
135	4
87	4
120	2
127	3
99	4
58	6
96	4
110	6
83	3
57	6
101	3
37	4
131	1
49	4
136	4
92	5
72	5
85	3
108	2
68	6
163	4
94	1
85	4
123	6
79	2
155	4
103	3
35	5
80	3
69	4
41	4
128	3
71	3
127	3
117	4
69	4
96	6
127	3
114	4
123	6
105	3
119	4
64	4
30	4
126	6
176	1
153	3
168	6
118	4
63	3
85	4
78	6
130	4
64	3
85	4
69	4
127	3
89	3
116	3
65	4
65	4
44	1
70	3
101	3
83	2
124	4
84	6
103	3
112	6
106	3
116	5
79	4
42	3
157	4
158	1
146	4
113	2
86	4
32	4
22	1
106	6
140	1
32	1
98	4
102	1
115	6
95	3
60	1
118	3
132	4
78	1
150	4
88	3
21	4
111	4
109	4
102	2
111	3
133	4
57	3
107	3
47	3
130	3
108	3
117	1
93	3
156	3
114	6
79	1
62	1
117	6
54	1
121	1
78	3
103	6
85	4
165	3
98	6
103	2
150	3
122	3
69	4
119	6
81	6
81	4
117	6
130	4
112	4
70	4
82	4
41	3
78	4
114	3
124	6
120	3
22	6
68	6
130	6
105	3
114	1
37	4
94	3
191	4
105	4
125	4
68	4
78	4
105	3
18	4
143	4
51	6
104	2
141	3
157	6
58	6
26	6
131	2
98	4
28	3
131	3
113	4
34	6
156	4
114	6
141	4
115	6
101	1
122	1
39	6
73	4
61	4
71	4
96	6
68	3
130	4
38	4
99	6
160	3
19	4
110	4
87	4
165	4
67	4
78	3
110	4
118	6
38	4
47	5
59	3
137	1
135	3
106	4
116	2
78	3
72	4
180	5
80	4
65	3
73	3
101	4
108	4
1	6
61	1
49	6
36	4
129	6
73	3
71	4
95	3
97	4
141	1
128	4
176	3
32	3
115	4
157	5
90	4
66	6
97	4
82	6
44	3
136	4
190	6
123	3
84	4
144	1
105	4
96	3
130	4
126	3
119	4
96	4
48	6
71	2
46	2
73	4
99	3
128	4
89	2
158	4
146	1
47	6
44	4
145	4
125	4
127	3
87	3
61	4
117	4
183	4
107	6
101	6
54	4
18	3
101	4
104	3
108	1
115	4
35	4
66	5
82	4
72	4
107	3
181	4
82	2
97	1
187	6
127	4
79	3
79	3
161	6
49	4
129	1
69	4
92	4
100	6
165	5
35	1
132	6
85	3
74	3
109	4
30	4
40	4
144	4
53	4
181	3
26	2
90	4
72	4
80	4
39	4
86	4
137	6
142	2
127	4
83	6
119	6
28	4
143	3
95	1
67	3
128	3
25	6
81	4
89	3
159	2
113	4
101	4
121	3
82	3
106	1
160	3
165	2
160	4
41	4
31	6
140	4
82	6
70	4
41	4
147	6
60	2
14	4
70	6
66	4
153	1
106	3
113	3
146	3
102	4
94	6
97	4
59	4
168	6
53	1
101	4
50	3
67	1
130	6
32	1
100	5
117	3
56	4
50	4
78	6
41	3
79	4
96	6
148	4
111	3
93	6
140	4
112	6
132	4
35	3
117	2
136	3
45	3
103	3
162	4
110	1
98	4
139	3
61	3
74	4
117	4
107	4
38	3
31	3
73	4
84	6
96	3
136	4
133	3
132	4
145	4
169	4
76	4
36	1
107	3
72	6
108	6
135	3
78	1
146	4
56	3
66	6
92	1
118	1
129	6
1	4
73	3
172	3
130	4
105	4
126	4
128	6
141	1
81	6
110	5
133	1
66	6
64	4
114	4
91	3
14	3
36	4
94	3
158	4
131	6
132	3
132	1
127	4
36	6
117	4
131	4
71	3
57	1
134	4
102	1
127	3
124	1
51	4
73	6
74	2
52	3
78	1
143	5
50	4
84	1
160	4
134	4
160	1
139	4
93	4
164	6
64	4
16	3
116	4
85	3
104	4
75	1
140	4
38	4
117	6
120	5
15	3
130	6
133	4
91	3
98	6
40	4
31	3
187	3
39	4
98	4
111	4
142	3
133	4
136	4
64	5
85	4
38	4
91	3
54	4
147	2
103	6
115	4
169	3
116	3
120	3
134	2
146	5
119	4
129	4
19	2
82	3
110	4
104	4
128	4
3	3
119	4
78	3
90	4
93	4
50	5
40	6
121	4
93	4
128	4
125	6
120	3
76	3
93	6
91	1
91	4
40	4
136	6
96	2
100	6
36	6
165	3
44	4
89	3
125	6
123	4
162	3
127	3
115	3
48	1
92	4
139	4
49	2
55	5
130	6
108	4
143	6
41	6
82	4
148	4
58	4
85	4
101	2
83	4
95	2
95	4
77	3
73	4
128	5
81	2
119	3
102	3
25	4
62	3
33	3
130	6
45	1
88	4
99	6
18	4
44	4
51	6
115	1
100	1
66	3
132	3
95	4
148	6
96	1
43	6
167	3
88	4
181	6
59	3
24	3
127	2
181	6
149	3
131	3
68	6
114	4
140	2
63	4
90	3
145	4
130	4
80	4
46	6
136	4
74	6
57	4
122	4
49	4
150	4
121	1
115	4
46	4
129	4
80	3
81	4
108	3
132	2
133	1
58	1
38	1
121	1
43	6
92	2
95	4
133	6
151	3
91	4
150	6
63	4
54	4
61	6
116	4
107	4
174	4
121	4
74	3
148	5
4	6
68	4
123	6
121	2
153	1
131	3
102	4
155	3
62	4
49	3
38	4
90	4
68	4
115	2
58	2
108	4
177	3
22	4
30	3
78	1
69	4
126	6
137	2
166	4
93	4
27	4
127	3
28	6
65	4
31	4
67	6
143	3
92	6
115	3
131	4
134	4
25	3
164	1
112	1
145	4
140	3
117	4
128	3
65	4
121	3
147	1
94	3
99	4
69	6
96	3
104	4
108	3
58	4
117	4
147	1
109	2
109	6
99	6
131	2
118	4
147	6
78	2
78	1
24	6
54	6
111	5
151	4
121	3
182	3
78	3
128	2
78	6
153	1
82	6
121	4
100	1
29	4
160	4
18	1
148	4
80	2
115	4
171	4
94	1
84	4
46	1
69	3
119	3
172	4
70	2
174	3
102	1
84	4
108	2
172	4
74	3
37	4
120	4
117	4
82	1
73	1
130	5
80	4
104	4
94	6
136	3
103	3
43	4
142	6
98	4
37	1
92	3
82	3
97	5
15	1
125	3
50	4
47	4
93	4
110	4
98	1
34	1
114	1
77	4
142	3
99	4
176	4
34	2
32	3
144	4
116	4
126	3
115	2
61	2
138	3
99	4
95	1
24	6
101	6
80	3
23	4
134	2
55	4
118	5
125	4
99	6
119	3
135	1
107	4
114	1
117	4
144	4
184	3
99	3
105	4
115	3
66	2
100	6
95	3
115	6
164	3
111	4
103	1
112	4
154	3
65	6
131	4
111	4
53	4
73	5
39	4
176	1
101	3
156	4
117	4
100	3
129	4
31	4
69	4
149	4
179	6
160	3
53	4
112	6
64	6
103	6
141	6
35	4
65	6
87	1
60	4
78	3
25	6
121	4
45	4
74	4
42	4
106	4
115	4
31	4
59	4
106	1
125	4
129	3
82	3
129	4
152	1
120	4
88	1
86	2
26	4
14	3
48	3
158	4
45	4
118	1
137	3
169	3
32	4
83	3
36	3
91	6
83	4
118	2
90	3
110	3
143	4
164	6
87	5
9	4
152	2
120	3
45	6
96	4
71	4
76	4
124	1
144	3
170	4
119	2
132	5
136	3
130	6
88	2
67	4
135	3
134	4
162	4
113	4
38	4
125	3
171	4
45	3
145	4
110	1
181	2
83	4
142	3
80	4
53	6
124	4
15	5
56	4
53	4
135	4
78	3
130	4
148	3
82	6
92	4
116	3
21	4
57	6
125	4
19	1
89	4
100	1
73	6
108	4
79	6
76	3
59	4
119	3
145	3
118	4
151	3
4	3
33	4
106	4
167	4
53	6
139	3
107	4
121	3
101	3
75	3
139	4
133	4
72	3
66	3
120	4
104	1
133	3
79	4
43	4
82	1
61	3
126	2
55	3
147	4
110	3
97	3
29	2
143	1
33	4
87	4
123	1
110	4
121	4
102	3
157	4
147	4
130	4
91	4
130	4
116	3
136	3
107	4
41	3
87	4
99	2
94	3
49	3
156	3
168	3
79	4
126	4
61	4
134	4
93	6
18	6
106	6
44	4
138	6
75	6
138	4
87	6
148	2
153	4
72	4
168	4
97	6
130	4
110	4
83	6
95	4
74	4
168	4
18	4
63	1
69	4
69	5
91	4
68	3
62	6
188	4
120	3
119	6
189	6
50	1
61	4
55	4
155	3
88	3
177	1
187	1
122	4
172	3
169	4
103	6
119	3
35	3
129	4
87	4
77	6
150	4
117	4
88	3
123	3
68	4
136	5
82	3
89	1
58	4
85	2
88	4
128	4
81	3
143	4
19	3
122	4
105	3
117	4
57	3
95	3
68	3
86	3
145	6
79	4
50	4
47	4
77	6
59	1
53	4
153	3
62	3
97	3
135	4
100	3
161	6
158	4
82	4
66	3
60	2
145	4
64	3
17	4
67	4
60	2
71	3
67	4
90	6
104	1
17	1
168	3
62	4
72	3
74	6
171	1
109	4
105	4
135	3
151	6
132	4
99	6
95	4
106	4
95	3
128	4
112	3
137	4
124	3
163	4
87	3
76	3
112	4
92	3
160	1
145	3
130	2
140	4
89	2
139	3
133	4
94	4
86	4
154	1
141	4
94	3
55	6
77	3
137	4
114	3
47	5
47	1
26	4
56	2
70	6
97	4
114	4
92	4
105	4
157	1
163	3
94	3
59	3
117	4
169	1
128	3
74	1
96	4
93	3
32	6
121	6
116	3
82	6
98	6
44	5
110	3
121	3
114	1
101	1
64	5
118	4
77	4
72	4
91	4
55	6
95	4
71	6
86	4
25	4
123	5
127	3
72	6
105	6
15	4
86	2
