1	9168
1	9006
1	7800
1	8536
1	9087
1	8828
1	8804
1	9356
1	8510
1	8876
1	8849
1	9051
1	8195
1	8811
1	7652
1	9097
1	9027
1	9072
1	9293
0	9487
1	8399
1	9046
1	8682
1	8671
1	4436
1	7635
1	7044
1	7717
1	8517
1	8999
1	8844
1	9020
1	7395
1	9191
1	8676
1	8207
1	8472
1	7801
1	8812
1	8584
1	8676
1	8469
1	8618
1	8918
1	8770
1	9389
1	8135
1	8481
1	9188
1	9034
1	8596
1	8974
0	8741
1	8440
1	9452
1	8438
1	8505
1	8359
1	7916
1	8904
0	8239
1	8991
1	9063
1	9125
1	9323
1	8094
1	4714
1	8997
1	8095
1	9216
1	9270
1	8476
1	8284
1	8465
1	8673
1	8921
1	8850
1	9127
0	9030
1	8453
1	8501
1	8750
1	9035
1	7095
1	9237
0	8802
1	7787
1	8555
1	8612
1	8983
1	7738
1	8751
1	9043
1	9122
1	9006
1	9240
1	9066
1	7388
1	8422
1	8408
1	9400
1	9239
1	8828
1	8844
1	8669
1	8295
1	6859
1	9653
1	9044
1	9096
1	7208
1	8674
1	9324
1	8104
1	8856
0	9466
1	8924
1	7127
1	6784
1	8640
1	8058
1	8499
0	8845
1	8448
1	9014
1	9053
1	9606
0	8613
1	8758
1	8313
1	8967
1	7523
1	6860
1	8851
1	8434
1	9423
1	8379
0	8546
1	8717
1	8682
1	9253
1	9205
1	8721
1	8942
1	8961
1	8049
1	8004
1	6160
1	8490
1	9303
1	8785
1	8345
1	6251
1	8228
1	8342
1	8584
1	8743
1	8770
1	8946
1	7767
1	8934
1	8686
1	9106
1	9109
1	5916
1	8789
1	9417
1	9076
1	9449
1	8774
1	8492
1	8424
1	8242
1	9398
1	8447
1	8952
1	8845
1	9033
1	3214
1	8763
1	8989
1	8747
1	7956
1	8756
1	8596
1	7785
1	7111
1	8782
1	9465
1	9349
1	8789
1	9199
1	8641
1	7997
1	8819
1	8247
0	8860
1	8953
1	8612
1	8628
1	8489
1	8391
1	8278
1	8666
1	7411
1	9066
1	6994
1	8521
1	8792
1	7741
1	8493
1	9009
1	9100
1	8589
1	7852
0	8692
1	8459
0	9021
1	8215
0	9326
1	7911
1	8213
1	8938
1	8430
1	8432
1	9187
1	8925
1	8969
1	8726
0	8913
1	8354
1	8650
1	8753
1	8442
1	5753
1	8908
1	8913
1	9221
0	8007
0	9205
1	9793
1	8644
0	8849
1	9464
1	8892
1	8257
1	8453
1	9558
1	9290
1	8335
1	9332
1	9021
1	8842
1	8642
1	9515
1	8379
1	8868
1	8627
1	9004
1	7288
1	8248
1	8348
1	9190
1	8117
1	8199
1	8857
1	9170
1	8497
0	8153
1	9658
1	8602
1	9000
1	8693
1	9461
1	8704
1	8338
1	8871
1	5820
1	8552
1	8511
1	9018
1	8767
0	9408
1	9059
1	9397
1	9128
1	8560
1	8236
1	8947
1	8539
1	8831
1	8248
1	9270
1	9609
1	8674
1	8410
1	8345
1	8166
1	8435
1	8832
1	8808
1	8028
1	9246
1	8959
1	8517
1	8819
1	8888
0	9294
1	8107
1	7921
1	7207
1	8303
1	8824
0	9053
1	8794
1	8132
1	9164
1	8508
1	9646
1	8927
1	8780
1	8291
1	9248
1	9284
1	8208
1	8894
1	8756
1	8964
1	8055
1	9117
1	9156
1	6618
1	9378
1	9136
1	8521
1	6468
1	7283
1	8479
1	8919
1	8208
0	9493
1	8386
1	9118
1	8770
1	8566
1	9165
1	7906
1	8638
1	8202
1	8998
0	8676
1	8839
1	8553
1	9133
1	8278
1	8940
1	9169
0	8768
1	8894
0	8544
1	8731
1	8905
1	8890
0	8945
1	8525
0	9301
1	8797
1	9222
1	8930
1	6473
1	8173
1	8548
1	9277
1	9084
1	8877
1	8656
1	9305
1	8325
1	9139
0	8683
1	8688
1	8918
1	8740
1	9111
1	8350
1	8265
1	4971
0	8659
1	7253
1	8822
1	8919
1	8739
1	9056
1	8736
1	8186
0	9539
1	8387
1	8695
1	8881
1	9016
1	8615
1	8766
1	8414
1	8428
1	8814
1	9285
1	8698
1	9534
1	8831
1	8722
1	8594
0	8874
1	8896
0	8702
1	8437
0	8817
1	9413
1	8396
1	8514
1	9241
1	8539
0	8801
1	9104
1	8785
1	8872
1	9189
1	8348
1	8934
1	8206
1	9115
1	8317
1	5233
1	8073
1	7312
1	8229
1	9200
1	8505
1	8924
1	7934
0	7733
1	8688
1	9007
1	8840
1	8338
1	8944
1	8397
1	8151
1	9398
1	8455
1	9446
1	8770
1	8769
1	8726
1	8233
1	7850
1	7008
1	8315
1	8831
1	8028
1	8390
1	8912
1	9144
1	8899
1	7814
1	9005
1	8923
1	7353
1	8302
1	8957
1	8688
1	8875
0	9282
1	8957
1	4780
1	7044
1	9179
1	8113
1	9116
1	4329
1	8189
1	8754
1	8519
1	8834
1	9204
1	5586
1	7585
1	9330
0	7766
1	7910
1	9300
1	9186
0	8215
1	8788
0	9181
1	8804
1	8767
1	8893
1	8416
1	9249
1	8285
1	8905
1	9534
1	8836
1	8431
1	8802
1	8574
1	8663
1	8761
1	7927
1	8967
1	8296
1	8972
1	9169
1	8851
1	9061
0	9237
1	8723
1	7563
1	8492
1	8717
1	9430
1	9013
1	7177
1	9214
1	8847
1	7930
0	8797
1	9274
1	8453
1	9038
1	9585
1	7481
1	8933
1	7771
1	3931
1	7943
1	8316
1	8578
1	6391
1	9284
0	8989
0	9164
1	9271
1	9024
1	9462
1	8417
1	7863
1	9217
1	8937
0	8737
1	7859
1	7652
0	8697
1	9080
1	8700
1	9244
1	8181
1	9232
1	8642
1	8923
1	9358
1	9040
1	9176
1	8894
1	9000
1	8980
1	9141
1	8360
1	9259
1	9223
1	8781
1	8444
1	8542
1	8570
1	8785
1	9381
1	8793
1	8210
1	8245
1	8827
1	9468
1	9153
1	8881
1	7915
1	9273
1	9266
1	8637
1	9391
1	8812
1	8887
1	8184
1	8926
1	4911
1	9130
1	8122
1	8482
1	9072
1	8621
1	9155
1	9035
1	9222
1	8133
1	9622
1	8539
1	8621
1	9147
1	9124
1	7025
1	9602
1	7630
1	9628
1	9224
1	8353
1	8997
1	8664
0	9175
1	8234
1	8086
0	8751
1	8121
1	7563
1	8757
1	9180
1	8496
1	8534
1	8976
1	9141
1	9180
1	9059
1	8490
0	9049
1	8490
1	9007
1	9153
0	8836
1	8614
1	7798
0	9050
1	8765
1	8825
1	8543
1	8147
1	8318
1	8938
1	8185
1	8702
1	9271
1	9578
1	8542
1	8310
1	8626
0	8442
1	8554
1	8362
1	8256
0	8382
1	8486
1	8463
1	8860
1	8927
1	8317
1	8358
1	8419
1	9056
1	9213
1	9615
1	9279
1	8881
1	8716
1	8363
1	8736
1	8465
1	9211
1	8224
1	9149
1	8868
0	9442
1	8185
1	8919
1	8462
1	9466
1	8433
0	8081
1	9375
1	9276
1	8807
1	8864
1	9036
1	8509
1	8640
1	9064
1	7805
1	8367
1	8791
1	8206
1	8963
1	8717
1	9773
1	8579
1	8738
1	9235
1	8942
1	8582
1	9083
1	8306
1	7876
1	8861
1	8553
1	8011
1	8905
1	8584
1	8826
1	8798
1	8799
1	9040
1	7551
1	9402
1	8288
1	7798
1	6543
1	9104
1	8585
1	9047
1	8941
1	8107
1	9381
1	9031
1	8197
1	7066
1	9001
1	8625
1	8253
1	8054
1	9078
1	9219
1	9409
1	9062
1	8552
1	8707
1	8104
1	8750
1	8707
1	8628
1	8578
1	8376
1	8509
1	9318
1	8789
1	8737
0	9027
1	9101
1	1102
1	9318
1	8620
1	8516
1	8967
1	8779
1	9043
1	8925
1	8863
1	8861
1	9085
1	8578
1	8753
1	8004
1	7798
1	6513
0	7568
1	8771
0	9351
1	8790
1	8929
1	9385
1	8597
1	8593
1	8738
1	9040
1	8834
1	9163
1	8682
1	8490
1	9086
1	8715
1	8740
1	8771
1	8713
1	8816
0	9438
1	8308
1	9248
1	7803
1	9159
1	9213
1	9151
1	8529
1	8488
1	8416
1	9242
1	9454
1	7761
1	9361
1	8605
1	9199
1	8625
1	8883
1	8302
1	8759
1	9112
1	9155
1	8942
1	7762
1	8110
1	8111
1	9212
1	9038
1	8622
1	8897
1	8711
1	8470
1	8974
1	8323
1	9043
1	8800
1	9342
1	7755
1	8628
1	8619
0	9284
1	8631
1	8470
1	9176
1	8422
1	8257
1	8409
1	8899
1	8744
1	9119
0	8756
0	9063
1	8762
1	7920
1	8798
1	8000
1	8453
1	6925
1	8682
1	9372
1	9013
1	8604
1	8560
0	9536
1	8363
1	8305
1	8835
1	8965
1	9056
0	8499
0	8853
1	9037
1	8849
1	9340
1	8127
1	8165
1	9449
1	8386
1	8755
0	8741
1	8801
1	9534
1	7657
1	8476
1	3705
1	9052
1	8145
1	8452
1	9087
1	8808
1	9428
1	8656
1	8434
1	8853
1	9518
1	8587
1	8900
1	8008
1	8888
1	9556
1	8387
1	9155
1	9005
1	8898
0	8326
1	8137
1	7131
1	8679
1	9028
0	9241
1	8303
1	8458
1	9054
1	8244
1	8725
1	9438
1	8707
1	9196
1	8409
1	8407
1	8744
1	8133
1	8419
1	8078
1	6082
1	9237
1	9441
1	7921
1	9205
1	9175
1	8417
1	9245
1	8740
1	8660
1	8234
1	8540
1	8567
1	8578
1	8775
1	8351
1	8990
1	8911
0	8361
1	8512
1	9162
1	8359
1	7120
1	8850
1	7526
1	8664
1	8383
1	8400
1	9030
0	8659
1	9578
1	9150
1	8150
1	2911
1	8837
1	8696
1	9214
1	9209
1	9359
1	8936
1	7729
1	8706
1	9081
1	8896
1	8865
1	8886
1	8601
1	8877
1	8223
1	9094
1	8571
1	8931
1	8893
1	8912
0	9071
1	7255
1	6724
1	8526
1	9278
1	9275
0	8443
1	8765
1	8734
1	7357
0	9133
1	8933
0	8638
1	8964
1	3603
1	8356
1	6732
1	8250
1	7574
1	8919
1	9204
1	8796
1	9193
1	9277
1	6898
1	9326
1	9258
1	8291
1	8975
0	9247
1	9094
0	8649
0	8401
1	8892
1	8949
1	8120
1	8594
1	9230
0	8156
0	9057
1	8235
1	6597
1	7890
1	8437
1	7254
1	9263
1	8740
1	8957
0	8981
0	8683
1	8328
1	8652
1	8248
0	8718
1	8483
1	9400
1	8831
1	9087
1	8304
1	8360
1	8291
1	8693
1	8504
1	8332
1	9030
1	8230
0	9094
1	8531
1	9072
1	8434
1	8935
0	9290
1	8597
1	8318
1	8593
1	8733
0	8290
1	8415
1	8990
1	8749
1	9061
1	8823
1	9015
1	8642
1	8778
1	8880
0	8880
1	8735
1	8652
1	4416
0	8626
1	9129
1	8194
1	8867
1	9137
1	9208
1	9222
1	8381
1	8816
1	8639
1	8659
1	8962
1	8646
1	8775
1	8694
1	8523
1	8101
1	8883
1	7828
1	9011
1	8020
0	8491
0	8480
0	9264
1	8046
0	9508
1	8369
1	9015
0	8629
1	8890
1	9146
1	8728
1	8823
1	8763
1	8881
1	9036
1	8959
1	9661
1	8679
1	7577
1	5056
1	9309
1	9244
1	7942
1	8967
1	5863
1	7923
1	8216
1	7975
1	8935
1	8663
1	8385
1	8248
1	8467
1	8877
1	8781
1	9124
1	8845
0	9291
1	9060
1	8365
1	8053
1	8377
1	9095
1	8276
1	8562
1	8808
1	7838
1	9213
1	9244
1	9175
1	8537
1	9061
1	8974
1	7427
1	8628
1	8675
0	9160
1	9086
1	8786
1	9241
1	9388
1	8791
0	8484
1	9410
0	8657
1	6775
0	9456
1	8943
1	9275
1	8550
1	8977
1	8070
1	8591
1	7613
1	8460
1	9090
1	8469
1	9365
1	8767
1	9521
1	9285
1	8244
0	7995
1	8599
1	9378
1	9015
1	8983
1	8591
1	7979
0	9150
1	8729
1	8822
1	9008
1	8048
1	7913
1	9254
1	8806
1	7949
1	8409
1	8869
1	8450
1	9271
1	9167
1	9311
1	9016
1	8184
1	9088
1	8649
1	9072
1	9158
1	7891
1	9321
1	9019
1	7960
1	9060
1	9026
1	8994
1	8488
1	8944
1	7468
1	9272
1	8195
1	8632
1	9134
1	8712
1	9347
1	7698
1	8357
1	9274
1	9211
0	8686
1	8323
1	8280
1	9472
1	8294
1	8908
1	9027
1	8458
1	9159
1	8817
0	8894
1	8929
1	8480
1	8640
1	7813
1	8175
1	9118
1	8757
1	8270
1	8794
1	8627
1	9570
1	8844
0	9337
1	9290
1	6950
1	9079
1	8225
0	8844
1	8940
1	9146
1	8001
1	5950
1	8619
1	7329
1	9278
1	9194
1	9127
1	9224
1	9308
0	8287
1	8308
1	9595
1	7969
1	8975
1	8488
1	8667
1	8560
1	8834
1	6300
1	9189
1	9126
1	8647
1	8801
1	8710
1	8776
0	8862
1	9066
1	9042
0	9168
1	9064
1	8680
1	7736
1	8840
1	8551
1	9039
1	8487
1	7803
1	8982
1	8761
1	8845
1	9126
0	8711
1	8825
1	8998
1	8799
1	9481
1	9242
1	8836
1	8817
1	8581
1	8461
1	8663
1	8294
1	8414
1	8714
1	7548
1	8652
1	8175
1	8244
1	8944
1	8195
1	8700
1	8235
1	9296
1	9163
1	8560
0	8685
1	8018
1	8749
1	8573
1	8731
1	9570
1	9075
1	7811
1	7399
1	9572
1	8585
1	8712
1	8589
1	8791
1	7055
1	8262
1	8686
1	9163
1	8954
1	8563
1	8688
1	7761
1	8645
1	8964
1	8846
1	9212
1	9275
1	7999
0	9058
1	8842
1	8778
1	7593
1	9063
1	9138
1	8262
0	9240
1	9130
1	8331
1	8151
1	8924
1	8736
1	7881
0	9235
1	8403
1	8609
0	8978
1	7533
1	8719
1	5939
1	8965
1	8070
1	8611
1	8101
1	8515
1	9161
1	9151
1	8104
0	9106
1	9033
1	8856
1	8928
1	7353
1	8172
1	6139
1	9344
1	8998
1	9098
0	8972
1	9069
1	8758
1	8725
1	8315
1	7960
1	9145
1	7932
1	7900
1	8669
1	5172
1	8880
1	8887
1	8731
1	7470
1	8670
1	8401
0	9302
0	9124
1	6652
1	8751
1	9334
1	8004
1	9030
1	9467
0	8315
1	9144
1	9226
1	8811
1	8114
1	9493
1	8230
1	7349
1	9142
1	8157
1	8796
1	9427
1	8419
1	8903
1	8886
1	9351
1	9156
1	8345
1	8106
1	9300
1	8912
0	8807
0	8935
1	8563
1	9039
1	7226
1	9180
1	8878
1	8504
1	8368
1	8593
1	7735
1	8465
1	8894
1	8692
1	9212
1	8800
1	8852
1	8934
0	8032
0	8949
1	8351
1	6965
1	8713
1	4797
1	8796
1	9279
1	8968
0	8786
1	8861
1	9170
1	8986
1	8594
1	8683
1	8631
1	8441
1	9090
1	7678
1	6760
1	8567
1	7491
1	8006
1	9554
1	8657
1	9037
1	8225
1	8699
1	7203
1	7935
1	7951
0	8914
0	8659
1	8035
1	9254
0	9149
1	9345
1	8963
1	8987
1	8760
0	8732
0	8527
1	9444
1	8945
1	8270
1	8906
1	9249
1	8825
1	8647
1	8863
1	8298
1	8554
1	9427
1	9117
1	9244
1	7551
1	8645
1	8600
1	9722
1	9292
1	8884
1	8824
1	9090
1	9011
1	9183
1	9215
1	8814
1	8465
1	7493
1	8527
1	8446
1	9299
1	9221
0	9244
1	9341
1	9271
1	8809
1	7596
0	9058
1	8480
1	8481
1	8883
1	9048
1	8177
1	8984
1	8251
1	7800
1	8917
1	6481
1	9459
1	8020
0	9056
1	9050
1	8574
0	9509
1	8853
1	9063
1	9316
1	8091
1	4999
1	8998
1	9213
1	9160
1	8798
1	9187
1	9562
1	9094
1	9455
1	8976
1	7590
1	9539
1	8968
1	8501
1	8281
1	8726
1	8913
1	9423
1	7858
0	8706
1	8246
1	9013
1	8860
1	8950
1	9463
1	9407
1	8938
1	7359
1	3776
1	8883
1	8044
1	8879
1	8221
1	8669
1	8759
1	8691
0	8753
1	9238
1	9309
1	9286
1	8828
1	8462
1	9026
1	9228
1	8735
1	8767
1	9097
1	8476
0	8509
1	8733
1	8644
1	9557
1	8694
1	8551
1	8154
1	6944
1	9025
0	9402
1	7539
1	9294
1	8694
1	8659
1	9455
1	8724
1	9209
1	8063
0	8727
1	8829
1	8863
1	8751
1	9052
1	9224
1	5666
0	9242
1	9109
1	9112
1	9266
1	8881
1	9660
1	7898
1	8529
1	9300
1	9138
1	8311
1	8452
1	8667
1	9230
1	9028
1	9305
1	9275
1	8809
1	8771
1	8360
1	7933
1	7729
1	8720
1	5901
1	9362
1	8317
1	6828
1	8904
1	9014
1	8934
0	7837
1	8755
1	8929
1	9299
1	8828
1	9167
1	8907
1	8875
1	8298
1	9326
0	9017
1	8824
1	8977
1	8782
1	6693
1	8721
1	9023
1	8076
0	9414
1	8610
1	9129
1	8639
1	8814
1	9466
1	9323
1	9138
1	7686
0	9259
1	9375
1	9108
1	8655
1	9072
0	8090
1	1218
1	8657
0	8934
1	8116
1	9027
1	8126
1	9480
0	9174
1	9291
1	8646
1	9172
1	9005
1	8770
1	8479
1	8837
1	8271
1	9397
1	9030
1	8993
1	7110
1	7506
0	8811
1	9198
1	6954
1	8719
1	8854
1	8801
1	8724
0	5422
1	8147
1	8508
1	8809
1	8788
1	7901
1	8144
1	7021
1	8672
1	8896
1	8523
1	8521
1	8494
1	8512
1	3195
1	9505
1	6677
1	9328
1	8568
1	8508
1	8332
1	9271
1	8224
1	9049
1	8915
1	9010
1	8687
1	8808
0	9789
1	7993
0	9271
1	8686
1	8908
1	8896
1	9178
1	8717
1	9360
1	9253
1	9165
1	7640
1	9274
1	7778
1	8252
0	7347
1	8813
1	8396
1	8678
1	8168
1	9373
1	8868
1	8918
1	8960
1	8666
1	9613
1	8987
1	4479
1	6791
1	9055
0	8900
1	8973
1	9349
1	9135
1	9286
0	8734
0	8923
1	8195
1	9012
1	8866
1	9403
1	9345
1	8885
1	7602
1	8711
1	8144
1	8214
1	7983
1	8040
1	8419
0	8452
1	8198
1	8960
1	9366
1	8717
1	8364
1	9124
1	8266
1	8282
1	8785
0	9292
1	9224
1	8959
1	8735
1	8776
0	9012
1	9290
1	8924
1	8762
1	8913
1	8538
1	8973
1	8880
1	9379
1	8646
1	8741
1	8584
1	8877
1	9788
1	8910
1	8844
1	8615
0	9130
1	7741
1	9339
1	8274
1	8013
1	8664
1	8728
1	8250
1	8237
1	7783
1	9205
1	8885
1	9258
1	9006
1	8823
1	8908
1	8780
1	7590
1	9012
0	8633
1	8407
1	9211
1	8870
1	8463
1	8877
1	8223
1	9207
1	8140
1	8439
1	8317
1	8921
1	8829
0	8930
0	9076
1	9146
1	7570
1	8585
1	8857
1	8696
1	8891
1	8817
1	8731
1	8471
1	9020
1	8904
1	8307
1	9190
1	8481
1	8874
1	8798
1	8619
1	8561
1	9192
0	8720
1	9266
1	9070
1	6224
1	8869
1	2998
1	9021
1	5041
1	9159
1	9033
1	8890
1	9150
1	8704
1	9291
1	8786
1	9065
1	9173
1	8957
0	9086
1	8824
1	7820
1	8990
0	8756
1	8843
0	8952
1	6917
1	8367
1	7926
1	9065
1	8932
1	9100
1	9076
0	9232
0	9003
1	7976
1	8137
1	8986
1	8964
1	6110
1	8321
1	9096
1	9068
1	8939
1	6511
1	8749
1	8796
1	7797
1	8950
1	8349
0	8725
1	8422
1	9229
1	9406
1	9379
1	8552
1	9392
1	8306
1	7390
1	9340
1	8910
1	9144
1	3930
1	8889
1	7870
1	9016
1	8687
1	9204
1	7349
0	8550
1	8434
1	8586
1	9573
1	5787
1	9002
0	9029
1	7461
1	8383
1	8235
1	7773
0	8054
1	9143
1	8523
1	8678
1	8834
1	7622
1	9606
1	8894
1	5326
1	8621
0	8857
1	8500
1	9202
1	9085
1	9120
1	8560
1	9419
1	8535
1	8515
1	5955
1	8700
0	8711
1	7724
1	7931
1	8313
0	7753
1	7922
1	8621
0	9002
1	8817
1	9448
1	7139
1	8359
1	9175
1	8893
1	8430
1	8787
1	8777
1	9069
0	8786
1	9107
1	8977
1	8458
1	8855
1	8099
0	9098
1	7308
1	8754
1	8683
1	7568
1	8899
1	8710
1	8571
1	8875
1	9013
1	8589
1	7791
1	8295
1	9278
1	9139
1	8785
1	8868
0	8793
1	8883
1	9385
1	8792
1	8901
1	8355
1	8265
0	9746
1	8610
1	8994
1	8487
1	9393
1	9078
1	7432
1	7691
1	8120
1	9008
1	8863
1	8280
1	7467
1	7613
1	8859
1	8390
1	9243
1	9332
1	8763
1	8300
1	9321
1	8760
1	8145
1	8605
1	6962
1	9197
1	9140
1	8719
1	8209
1	8721
1	9231
1	8710
0	9448
0	8267
1	8838
0	9015
1	8945
1	8803
0	8492
1	6585
1	9043
1	8564
1	8496
1	9045
1	8239
1	8504
1	8990
1	7541
1	9245
1	9241
1	8800
1	8878
1	9298
1	9012
1	8286
1	9062
1	8437
1	6362
1	8938
0	9313
1	9171
1	9261
1	9205
1	9098
0	8946
1	8151
1	8151
1	8702
0	8727
1	6441
1	8515
1	9227
1	9164
1	9243
1	9291
1	8507
1	8292
1	9409
1	8578
0	7672
1	8721
1	8566
1	8849
1	7418
1	8771
1	9173
1	8015
1	8990
1	8549
1	8801
0	9073
1	8932
1	8621
1	8894
1	8800
1	9259
1	9245
1	8215
1	8907
1	7793
1	8797
0	9078
1	8562
0	9122
1	8338
1	8349
1	9251
1	7981
1	8658
1	8815
1	8419
1	7464
0	8904
1	8914
1	9088
1	8701
1	7171
1	8739
1	8561
1	9023
1	6009
1	8914
1	8631
1	8439
1	8436
1	9032
1	8678
1	8642
1	1769
1	8688
1	9113
1	8319
1	8580
1	9266
1	8599
1	8638
1	9039
1	8848
1	9105
1	6410
0	9192
1	8729
1	9254
1	8617
1	9267
1	8861
1	8417
1	9202
1	8319
1	9243
1	9473
0	8859
0	9131
1	9269
1	9091
1	7956
0	8397
1	8310
1	7511
1	9239
1	7828
0	8989
1	8231
1	8629
1	7847
1	8329
1	8566
1	8893
1	8784
1	8133
0	8094
1	8989
1	8146
1	6719
1	8583
1	8925
1	8641
1	8882
1	8486
1	8177
1	8583
1	9068
1	8820
1	9117
1	8905
1	8395
1	8554
1	9250
1	8942
1	8411
1	8697
1	8883
0	8745
1	8243
0	8980
1	9426
1	9267
1	9598
1	8625
1	8186
1	8718
1	8911
1	9400
1	8785
1	8979
1	8906
1	8904
1	9233
1	8763
1	8629
1	7628
1	8951
1	9011
0	8700
1	9334
1	8999
1	6321
1	8983
1	9310
1	8586
1	8507
1	8843
1	8206
1	9359
1	8094
1	8809
1	8883
0	9226
1	8216
1	8675
1	7697
1	7977
1	8951
1	9202
1	9473
1	8905
1	8635
1	9221
1	8976
1	8761
1	8317
1	7397
1	9690
0	8628
1	8833
1	9383
1	9051
1	9698
1	8307
1	8654
1	9334
1	8172
1	9198
0	7928
1	8416
0	9019
0	7241
1	8687
1	7731
1	8844
1	8238
1	8674
1	8915
1	8881
0	8646
1	9119
1	8767
1	8685
1	8938
1	8302
1	8555
1	8699
1	8431
0	9106
1	8805
1	8006
1	7899
1	8803
1	8742
1	9043
1	7398
1	9669
1	8785
1	8622
1	8727
1	9085
1	9069
1	7440
1	9487
1	8855
1	7643
1	8561
1	9476
1	8865
1	8832
1	8669
1	9178
1	8458
0	9356
1	9077
1	8085
1	8531
1	8646
1	8572
1	7635
1	8935
1	9117
1	9391
1	8226
1	8052
1	8222
1	8155
1	8895
1	9013
1	8835
1	7791
1	8551
1	7487
1	8658
1	9158
1	8998
1	6370
1	8508
1	8913
1	7887
1	9245
1	9331
1	8377
1	8591
1	8864
1	8747
1	9053
0	9258
1	8509
1	8118
1	8467
1	8834
0	9408
1	9119
1	8193
1	8931
1	8495
1	9018
1	9188
1	8112
1	8665
1	9443
1	8871
1	9321
1	8960
1	9687
0	8706
1	7922
0	8876
1	8589
1	8694
1	8834
1	8388
1	9099
0	9300
1	8987
1	8438
1	8708
0	9220
1	9196
1	8676
1	8340
1	7863
1	8424
1	8820
1	7495
1	4913
1	9179
1	8868
1	9283
1	8613
1	9130
0	8922
1	8269
1	9544
1	8725
1	8439
1	9007
1	8712
1	8902
1	8772
1	8809
1	9035
1	7508
1	7983
1	8193
1	7938
1	9214
1	8816
1	9044
0	8481
1	9079
0	9245
1	9038
1	7505
1	8630
1	9000
0	8866
1	8139
1	8795
1	9467
1	8832
1	8999
1	9079
1	8525
1	8602
1	7913
1	8900
1	8605
1	8455
1	8729
1	8965
1	8952
1	8471
1	8821
1	8239
1	7546
1	9585
1	9037
1	8988
1	8817
0	8468
1	6305
1	8566
1	7105
1	8672
1	9231
1	8019
1	8761
1	8656
1	8341
1	8897
1	8454
1	8677
1	8243
1	9069
1	9227
1	8909
1	8624
1	9195
1	7784
1	8856
1	7216
1	8451
1	9164
1	7688
1	9090
1	9085
0	9146
1	9393
1	8987
1	8885
1	7435
1	8021
1	9018
1	8700
1	8340
1	9045
0	9076
1	8042
1	9062
1	6988
1	8787
0	8304
1	9462
1	8387
1	4327
1	8691
1	8822
1	8736
0	9004
1	8948
1	9397
1	7924
1	8863
1	7214
1	9128
1	8684
1	8681
1	8416
1	7838
1	9574
1	8785
1	6741
1	8737
1	8696
1	8660
1	9168
1	8070
1	9347
1	8924
1	7945
0	8646
1	8408
1	9732
1	8869
1	9213
1	8366
1	8531
1	7796
1	7924
1	9021
1	8719
1	9083
1	8453
1	7263
1	8693
0	8171
1	8998
1	8032
1	8656
1	8866
1	7882
1	8792
1	8706
1	9152
1	8905
1	7577
1	5993
1	9122
1	8896
1	9058
1	8155
1	7596
0	8949
1	8639
1	8634
1	9169
1	8622
1	9393
1	8811
1	9201
1	8457
1	9783
1	8735
1	8391
1	9113
1	8846
0	8216
1	7320
1	8673
1	8717
1	8640
1	8056
1	6968
1	8938
1	9193
0	9187
0	9105
0	8427
1	7619
1	8856
1	9126
1	9040
1	9389
1	8721
1	7283
1	8778
1	9156
1	7695
1	9546
1	9003
1	6900
1	8347
1	9107
1	8474
1	9310
1	9126
1	8786
1	8748
1	7715
1	8215
1	5758
1	9146
1	8871
1	9057
1	9039
1	9210
1	8342
1	8704
0	6203
1	8699
1	5059
1	8295
1	8747
1	9063
1	8534
1	8776
1	8833
1	8490
1	9160
1	9506
1	8253
1	6126
1	8995
1	8194
1	8956
1	8549
0	9137
1	4734
1	8602
1	9272
1	8274
1	7748
1	8923
1	8867
1	8595
1	9204
1	7763
1	8478
1	7801
1	8805
1	8569
1	8954
1	9019
1	9336
0	8772
1	9059
1	9231
0	9090
1	7444
1	8470
1	8709
1	8822
1	7535
1	8562
1	9018
1	8628
1	8388
1	8995
1	7386
1	7661
1	9008
0	9324
0	7847
1	7906
1	9097
1	8004
1	9011
1	8874
1	8913
1	8753
1	9570
1	8520
1	8764
1	9231
1	8514
1	8883
1	8983
0	8927
1	7822
1	9383
1	9045
1	8106
1	9304
1	8881
1	9462
1	8604
1	8855
1	9194
1	8874
1	9274
1	8793
1	8598
1	8072
0	8541
1	8927
1	7911
1	8853
1	8830
1	8092
0	9179
1	9097
1	7867
0	9388
1	9446
1	6094
1	8148
1	7639
1	8726
1	8029
1	8907
1	8971
0	9707
1	8985
1	8944
1	8659
1	9364
1	9177
1	9080
0	8380
1	8611
1	8924
0	9425
1	8227
1	8750
1	8360
1	9006
1	8347
1	8273
1	8853
1	8675
1	9210
1	9059
1	8072
1	8641
1	8005
1	8796
1	8800
1	8275
1	8647
1	8536
1	9176
1	8780
1	8489
1	8839
1	8957
1	8601
1	8159
1	8332
1	8484
0	9681
1	5867
1	8294
1	9538
1	7838
1	8907
1	9150
1	9102
1	8539
1	8408
1	8508
1	8885
1	8589
1	8377
1	8673
1	8382
0	9518
1	8725
1	9071
1	8601
1	8488
1	9325
1	8692
1	9132
0	9148
1	9074
1	9466
1	8099
1	7916
0	9169
1	8051
1	9242
1	8091
1	8559
0	8754
1	9142
1	8634
1	7910
1	8550
1	9215
1	8643
1	8752
1	8450
1	8961
1	8748
1	8496
1	8629
1	8748
1	8361
0	8490
1	9072
1	8962
1	8626
1	8628
1	9070
1	649
1	9081
1	8786
1	8819
0	8986
1	7903
1	8645
1	8133
1	8626
1	8855
1	8875
1	8864
1	9085
1	8551
0	9122
1	8171
1	7840
1	8964
1	9002
1	6081
1	7631
1	8112
1	8614
1	4641
1	9019
1	7456
1	9042
1	7593
1	8714
1	8054
1	7894
1	8912
1	8879
0	9098
1	8324
1	8896
1	5915
1	7656
1	8885
1	7580
1	8430
1	9164
1	8992
1	9145
1	7876
1	8272
1	7194
1	8257
1	9344
0	9115
1	8919
1	8936
1	9091
1	9074
1	8262
1	9460
1	9065
1	8424
0	9311
1	7213
1	8600
1	7957
1	9089
1	9270
0	6759
1	8240
1	8575
1	8971
1	9448
1	9527
1	8415
1	8691
1	8776
1	9415
1	8634
1	8373
1	7776
1	8976
1	9264
1	9345
1	8736
1	8108
1	8972
1	9079
1	8700
1	9292
1	9316
1	8835
0	8862
1	8615
1	8877
1	8419
1	9419
0	8727
1	8103
1	9167
1	9063
1	8788
1	9028
1	9096
1	7464
0	8670
1	8080
1	6616
1	8485
1	8251
1	7916
0	9707
1	8136
1	8614
1	8727
1	8790
1	8466
1	9041
1	8860
1	8412
1	8825
1	8799
1	7257
1	9422
1	8554
1	8539
1	8927
1	6168
1	8415
1	9181
1	9226
1	8601
1	9328
1	9380
1	8308
1	9119
1	8749
1	8467
1	8993
1	8889
1	8263
1	8834
1	8329
1	8420
1	8507
1	7417
1	8924
1	9208
1	8948
1	9127
1	4066
1	8571
1	9342
1	8825
1	9183
1	8431
1	8199
1	7815
1	8593
1	9173
0	9449
1	9322
1	8679
1	8993
1	8597
1	9103
1	9166
0	9130
1	8846
1	8830
1	8990
1	8332
1	8553
1	9093
1	8378
1	8329
1	9213
1	8335
1	8666
1	9306
1	6878
1	8171
1	8344
1	9179
1	8677
1	8788
1	8630
1	8938
1	9109
1	8904
1	8852
1	9199
1	8219
1	8808
1	8823
1	8392
1	9171
1	9427
1	7295
1	8392
1	9404
1	8676
1	9158
0	9390
1	8926
1	8211
1	8746
1	8418
1	9005
0	8547
1	8644
1	9266
1	8800
1	9245
1	8965
1	8813
1	9097
1	9201
1	8403
1	8392
1	9407
1	7638
1	7658
1	8748
1	7752
1	8135
1	8809
1	8770
1	8696
1	8227
1	8972
1	7081
1	8979
1	8454
1	8653
1	8440
1	7937
1	6544
1	9221
0	8924
1	8464
1	6281
1	8917
1	9405
1	9113
1	8360
1	8734
1	8267
1	6435
1	9263
1	8073
0	9597
1	8741
1	8683
1	8828
1	8833
0	8922
1	8945
1	8237
1	8883
1	8373
1	9135
1	7308
1	8526
1	9049
1	9159
1	9206
1	8599
0	8933
1	8369
1	3776
1	8337
1	7929
1	8397
1	8254
1	8768
1	8714
1	8658
1	7100
1	8845
1	8962
0	9050
1	7995
1	8373
0	8713
1	6088
1	7362
1	9133
1	8270
1	8674
1	9231
1	8986
1	9078
1	8814
1	8866
1	8450
1	8623
1	7485
1	8957
1	8617
1	9418
0	8177
1	9080
1	8794
1	8793
0	9337
1	7606
1	8251
1	7617
1	8816
1	9113
1	8941
1	8922
1	8482
1	8020
1	8425
1	8703
1	8794
1	8300
1	8320
1	9221
1	8687
1	8644
1	8054
1	9654
1	8043
0	9229
1	8463
1	8893
1	8601
1	9291
0	8997
1	8596
1	7966
1	8692
1	8524
1	7860
1	8609
0	8941
0	9003
1	7137
1	8661
1	9479
1	8122
1	8019
1	9209
1	8256
1	8638
1	9095
1	7766
1	8925
1	9060
1	8799
1	8293
1	5914
1	8429
1	9155
1	8559
1	9070
1	8506
1	9248
1	8978
1	9271
1	8594
1	8344
1	9376
1	8624
1	8218
1	8893
1	8484
1	8981
1	7947
1	9260
1	9111
1	8771
1	8250
1	8642
1	9880
1	9171
1	8932
1	8936
1	9070
1	8653
1	8723
1	8778
1	8695
1	9145
1	8765
1	9695
1	8536
1	8906
1	8789
1	8960
1	8457
1	9086
1	8751
1	8866
1	4753
1	9164
1	9330
1	8497
0	8887
1	8574
1	8481
1	9089
1	8613
0	8981
1	9056
1	9033
1	9579
1	9035
1	8833
1	8540
1	8598
1	7663
1	9420
1	8484
1	8793
1	8734
1	8794
1	4666
1	8730
1	8866
1	7879
1	7999
1	8807
1	8378
1	8999
1	8539
1	8680
0	8775
1	7895
1	9243
1	9475
1	8938
1	9203
1	8777
1	7852
1	8656
1	8698
1	9090
1	9749
1	8738
1	9070
1	8651
1	8616
1	8752
1	6723
1	8898
1	8483
0	8492
1	9411
1	8479
1	8576
1	8852
1	8411
0	8022
1	9186
1	8627
1	8798
1	8560
1	9098
1	8103
1	8698
1	7447
0	9121
1	9158
1	8371
1	9140
1	9154
1	8512
0	9585
1	7978
1	8977
1	8501
1	7430
1	8622
1	4556
1	8906
1	9485
1	8893
1	9243
1	8594
0	8576
1	7956
1	9035
1	8833
1	8126
1	8997
1	9292
1	8700
1	9259
1	9297
1	8342
1	9078
0	8587
1	8114
0	8722
1	9284
1	9087
1	8769
0	8859
1	7892
1	8955
1	8750
1	8947
1	8670
1	9174
0	7954
1	7944
1	8744
1	8625
0	8266
1	8679
1	8614
1	7940
1	8804
1	8021
1	9514
1	9237
1	8756
1	8707
0	8681
1	8618
1	8567
1	8899
1	8155
1	8172
1	9263
1	8397
1	8777
1	9160
1	9386
1	8008
1	8895
0	8467
1	7386
0	7593
1	9327
0	8855
1	8679
1	9059
1	7667
1	5495
1	8574
1	8746
1	8671
1	8732
1	8470
1	8966
1	9051
1	8341
1	7907
1	8785
1	8657
1	8029
1	9373
1	8188
1	9336
1	6123
1	8963
1	9255
1	9067
1	9063
1	9315
0	9257
1	8996
1	9429
1	9235
1	9002
1	8880
0	9414
1	8403
0	7331
1	8641
1	9071
1	8769
1	8743
1	8326
1	8854
1	7589
1	8044
1	8791
1	8775
0	8754
1	8636
1	9032
1	8636
1	9324
1	9176
1	8504
1	8902
1	8749
1	8315
1	8819
1	9011
1	9067
1	8633
1	9066
0	8321
1	8776
1	8516
1	9368
1	8932
1	9046
1	9000
1	9239
1	7936
1	6351
1	7359
1	6282
1	8419
1	9193
1	8989
1	9031
1	8927
1	8107
1	9378
1	9620
1	8429
1	8860
1	9092
1	8626
1	8769
1	7657
1	8664
1	8529
1	8960
1	8603
1	9301
1	9071
1	9544
1	8925
1	7664
1	8538
1	5224
1	8809
1	8128
1	9547
1	7792
1	8649
1	8921
0	9669
1	8382
1	9543
1	9078
1	8199
1	9742
1	9115
1	8715
1	5413
1	3210
1	8158
1	7159
1	8310
1	7964
0	8442
1	9276
1	9090
1	9377
1	8346
1	8746
1	8783
1	8359
1	8967
1	8634
1	8957
1	6907
1	9271
1	8637
1	9000
1	6863
1	8616
1	7907
1	9314
1	8761
1	8198
1	8839
1	8821
1	9100
1	7949
1	8473
1	8919
1	8659
1	8718
1	9083
1	8508
1	8550
1	8659
0	9999
1	8034
1	8646
1	8823
1	8528
1	8562
1	8734
1	8693
1	8711
1	8899
1	9311
1	8620
0	8501
1	8146
1	9272
1	8794
1	8426
1	8149
1	9399
1	6505
1	8154
0	8650
1	8832
1	9031
1	8305
1	8840
1	8557
1	7841
0	8094
1	8081
1	8299
0	8481
1	8728
1	8545
1	8822
1	8504
1	8927
0	8845
1	8623
1	8414
1	8923
1	6622
0	9615
1	9048
1	9128
1	9511
1	7963
1	8752
1	9591
1	8348
1	8747
1	8191
1	9006
1	9146
1	8967
0	8612
0	9360
1	8843
1	8703
1	8802
1	9004
1	8364
1	8568
1	8305
1	9044
1	8664
1	8340
0	9397
1	7035
1	8855
1	8541
1	8291
0	9295
1	8801
1	8740
1	8260
1	8101
0	9147
0	8571
1	8080
1	8967
1	8987
1	9161
1	8637
0	7816
1	8599
1	8708
1	8568
1	8651
1	8975
1	5780
1	8155
1	9123
1	8389
1	8875
1	9485
1	8737
1	8753
1	8830
1	8538
1	9142
1	8770
1	8807
1	8797
1	7217
1	7494
1	8015
1	7021
1	7911
1	8730
1	7528
1	8424
1	6733
1	8851
0	9069
1	9131
1	7173
1	7573
1	8687
1	7967
1	8667
1	8578
1	7205
1	9184
0	9041
1	8497
1	8947
1	7884
1	8607
1	7795
1	8597
1	9330
1	8393
1	7644
0	8862
1	9127
0	8676
1	8826
1	8378
1	8998
1	9307
1	8220
1	9132
1	8667
1	8991
1	9597
1	8637
1	8556
1	8240
0	9622
1	9354
0	8832
1	9129
1	8546
0	8626
1	9237
1	8286
1	9096
0	8878
0	9121
1	7855
1	8684
1	9037
1	8445
1	8498
1	9390
1	8730
1	9688
0	8950
1	9236
1	9091
1	9057
1	8854
1	9705
1	8869
1	9000
1	8766
1	9233
1	8894
1	9381
1	6174
1	8968
1	8789
1	8717
1	9222
0	9354
1	7784
0	8910
1	8880
1	9058
1	6148
1	8899
1	8850
0	9312
0	8566
1	9582
1	6704
1	8840
1	9261
1	8621
1	8439
1	8892
0	8380
1	8825
1	8493
1	8300
1	7396
1	7328
1	8957
1	8544
1	9078
1	8996
1	6893
1	8213
1	9443
1	8975
1	8733
1	8728
0	9807
1	8478
0	7940
1	9724
1	9267
0	8916
1	8874
1	8516
1	8506
0	9127
1	8760
1	8609
1	9007
1	9292
1	5918
1	8599
1	9828
0	9453
1	8239
1	8943
1	8715
1	8545
1	7966
1	9424
0	9013
1	8622
1	8484
1	8626
1	8591
1	8597
0	9049
1	8874
1	9280
1	8755
1	8018
1	9079
1	8768
1	7826
1	8518
1	9135
1	8829
0	6650
1	8674
1	9057
1	8326
1	8503
0	8447
1	9564
1	8584
1	9398
1	8869
1	8830
1	7833
1	9070
1	9087
1	9272
1	9084
1	9395
1	8272
0	9045
1	8407
1	9252
1	8984
1	8932
0	9070
1	8437
1	8609
1	9103
1	7780
1	8536
1	9182
1	9010
1	8436
1	8721
1	9178
1	9153
0	8885
1	8945
1	8929
1	9368
1	8949
1	8349
1	9487
1	8914
1	9417
1	7871
1	8837
1	9460
1	6646
0	8725
1	9422
1	9172
1	8562
1	9741
1	8656
1	9634
1	9035
0	8981
1	8820
1	9395
0	8788
1	8842
1	8707
1	8878
1	8631
1	6785
1	7580
1	9214
1	8481
1	8269
1	9180
1	9232
0	9196
1	8781
1	8997
1	8936
1	8765
1	7355
1	6660
1	8251
0	8717
1	9320
0	9122
1	7924
1	8569
1	8843
1	9239
1	8362
1	9024
0	8840
1	9111
1	9549
1	8783
1	8865
1	8252
1	8986
1	8732
1	9224
1	9105
1	9178
1	8480
1	9396
1	8566
1	8809
1	8381
1	9452
0	8398
1	8297
1	8931
0	9281
1	8908
1	6988
1	9304
1	8513
1	7278
1	9441
1	8597
1	8687
0	9179
1	8079
1	8702
1	8115
1	9058
1	8827
1	8783
1	7744
1	9349
1	9074
1	9273
1	9299
1	8176
1	8650
1	8809
1	8375
0	8674
1	9195
1	7460
1	6142
1	8542
1	8758
1	7769
0	9071
1	9002
1	8943
0	8491
1	8626
1	8334
1	8358
1	8913
1	7604
1	8203
0	8850
1	8941
1	8947
1	8033
0	9233
1	8805
1	9255
1	8564
0	9253
1	7629
1	8059
1	9089
1	8696
1	8124
1	9067
1	9276
1	8060
1	8903
1	8479
1	8183
1	7117
1	8967
0	9348
1	9457
1	8393
1	7899
1	9098
1	8968
1	9232
1	8600
1	7661
1	9176
1	8640
1	9253
1	9682
1	9087
1	8645
1	8969
1	8184
1	2300
1	9105
1	8979
1	2083
1	8080
1	9428
1	9120
1	7913
1	8224
1	8603
1	9371
1	8438
1	8928
1	9092
1	9034
1	8871
1	9514
1	9338
1	9377
1	8596
1	9083
1	9017
1	7503
1	5885
1	9297
1	9189
1	9102
1	8571
1	8380
1	8875
1	8299
1	8713
1	8444
1	8888
1	8844
0	8564
1	8113
1	8615
1	8096
1	8457
1	5300
1	9100
1	9051
1	8217
1	5633
1	9308
1	6672
1	8714
1	8936
1	8211
1	9354
1	8977
1	8951
0	8123
1	9445
1	8606
0	9345
1	8670
1	8798
1	9083
1	8319
1	8156
1	8829
1	8986
1	9002
0	8628
1	9140
1	8734
1	9028
0	8866
1	9284
1	8858
1	9120
1	8148
1	8447
1	7934
1	8632
1	8428
1	8895
1	8465
1	8225
1	8365
1	8905
0	8838
1	9182
1	8592
1	8665
1	8601
1	8757
0	8634
1	8937
1	8728
1	8314
1	8478
1	8680
1	8919
0	8048
1	7405
1	8663
1	8721
0	8528
1	8890
1	7965
1	9128
1	8439
1	9464
1	8811
1	9107
1	7086
1	8535
1	8918
1	8388
0	8389
1	8377
1	6237
1	9551
1	8047
1	7875
0	9127
1	8224
1	4567
1	8046
1	8971
1	6551
1	8805
1	7715
0	9642
1	8726
1	8345
0	8763
0	9221
1	8479
1	9426
1	8539
1	8578
1	9338
1	8470
1	9629
1	8402
0	8515
1	9242
1	7838
1	8865
1	8947
1	8831
1	9274
1	8593
1	7661
1	8563
1	8810
1	7076
1	5236
1	8693
1	8707
1	8323
1	8503
1	7964
1	7972
1	8303
1	8679
1	7899
0	8969
1	8511
1	8910
1	8633
1	8807
0	8553
1	8712
1	9232
1	8065
1	9040
1	8768
1	9674
0	8971
1	8482
0	9266
1	5673
1	8703
1	9134
1	8103
1	9077
1	7967
1	8779
1	8950
1	8796
1	8290
0	9649
1	7506
1	9214
1	8621
1	8187
1	8940
1	7391
1	8505
1	8599
1	8030
0	9330
1	9621
1	9157
0	8409
1	8856
1	9270
1	8789
1	8933
1	8697
1	9207
1	6663
0	9174
0	9794
1	9369
1	8832
1	9160
1	7821
1	7871
1	8242
1	8081
1	8977
1	8172
1	9733
1	9220
1	8455
1	8921
1	8950
1	8380
1	8396
0	9013
1	8907
1	8992
1	8765
1	7357
0	9174
1	7620
1	7614
1	8186
1	8743
1	7784
1	8762
1	9327
1	7917
1	8154
1	9435
1	8542
1	9172
1	8525
1	7732
1	6853
1	9193
1	8674
1	9494
1	9002
1	7271
0	8874
1	8877
1	9175
1	8114
1	8471
1	8410
1	8043
1	8549
1	8912
1	8744
1	9047
1	6521
1	8010
1	8836
1	8989
1	8708
1	8729
1	8675
1	7740
1	8943
1	8818
1	9679
1	8810
1	8578
1	8661
1	8850
1	8579
1	9250
1	8710
1	9679
1	9531
0	8768
0	8419
1	7705
1	8257
1	8605
0	8786
1	9506
1	9216
1	8812
0	8716
1	9581
1	8454
1	8836
1	8623
1	9123
1	8404
1	8863
1	8914
1	7563
0	8713
1	6866
1	8271
1	7253
1	8345
1	9129
1	9299
1	8490
1	7795
1	6722
1	8328
1	9081
1	8834
1	8468
1	8861
1	7500
1	7943
1	8707
1	9239
1	8971
1	8932
1	9191
1	9182
1	8050
1	9654
1	9056
0	8827
1	7572
1	8056
1	9058
1	9109
1	8701
1	8618
1	8727
1	8907
1	9084
1	7701
1	8290
1	9071
1	9024
1	8123
1	8145
1	8937
1	8727
0	8029
1	8801
1	8261
1	9159
1	8739
1	8439
1	8647
1	7939
1	5200
1	8265
1	8325
1	8997
1	7894
1	7691
1	8964
1	8494
1	7661
1	9236
1	8856
1	9167
1	8185
0	8628
0	9017
1	8975
0	8765
1	8543
1	8926
1	8711
1	8274
1	9374
1	8748
1	7737
1	8038
1	8792
0	9181
1	8664
0	8702
1	6529
1	9117
1	8868
1	9151
1	9618
1	8713
1	9559
1	8161
1	8518
1	8970
1	9109
0	8658
1	8643
1	8214
1	9531
1	9126
1	8830
1	8006
1	8022
1	7312
1	8649
1	8122
1	8926
1	7674
1	8026
1	7035
1	8775
1	9187
1	9039
0	8935
1	9289
1	8570
1	8304
1	7017
1	8455
1	9325
1	8793
1	8361
1	8493
1	9093
1	5803
1	8915
1	8619
1	8788
1	8310
1	9353
1	7788
1	8583
1	8586
1	9056
1	8352
1	9549
1	8603
1	8906
1	9304
0	9265
1	9024
1	6575
1	8763
1	9249
1	9411
1	9195
1	8384
1	9113
1	8822
1	9144
1	8749
1	8118
1	8405
1	6306
1	8386
1	6868
1	8249
1	9500
1	9154
0	8967
1	8592
0	9346
1	8794
1	7053
1	8686
1	8219
1	8975
1	8151
1	8909
1	8305
1	8706
1	8604
1	8842
1	9176
1	9603
1	7856
1	7513
1	8690
1	7996
1	9293
1	9075
1	8917
1	9233
1	8805
1	8808
1	7810
1	9411
1	8915
1	8658
1	9040
1	8433
1	9082
1	8584
1	8590
1	9085
1	8514
1	8833
1	8373
1	8649
1	7581
1	8765
1	8557
1	8706
0	8746
1	8790
1	8968
1	7514
1	8408
0	9322
1	8648
1	8904
1	9146
1	7949
1	8248
1	8835
1	9047
1	8540
1	8181
1	5360
1	8551
1	1604
1	7824
1	4581
1	8902
0	8883
1	9063
1	8890
1	8833
1	8914
0	8318
1	9566
1	9171
1	9572
1	7895
1	7367
1	8913
0	9206
1	8116
1	8654
1	9497
1	6761
1	8846
0	8968
1	9176
1	7264
1	8999
1	8794
1	9232
1	7684
1	8562
1	8842
1	8208
1	8538
0	9688
1	8018
1	8976
0	9311
0	8918
1	8721
1	8783
1	9153
0	8153
1	8409
1	8949
1	7989
1	9060
1	9367
1	8802
1	8136
1	9439
1	9205
1	4837
1	8477
1	8679
1	9249
1	9255
1	8463
1	8486
0	8505
1	8384
1	9048
1	8808
1	7265
1	9528
1	9077
1	9093
0	7928
1	8973
1	8331
1	7920
1	9336
1	8894
1	8553
1	9349
1	9006
1	8341
1	8120
1	7650
1	8496
1	8732
1	7877
1	9031
1	7996
1	8828
1	7132
1	7794
1	8680
1	8814
1	8478
1	8908
1	8277
1	8739
1	8590
1	8139
1	6585
1	8441
1	8208
1	8593
1	8667
1	8996
1	8028
1	8678
1	8759
0	8473
1	9336
1	6951
1	8273
1	6626
1	8115
1	8762
1	7789
0	8829
1	5740
1	8945
1	8988
1	7415
1	9381
1	8086
1	9093
1	9462
1	9125
0	8533
1	8662
0	7772
1	8886
1	8256
1	9238
1	7403
1	8888
1	8959
1	9363
1	8956
1	7015
1	8734
1	7628
1	8619
1	7122
1	8868
1	7978
0	9307
1	8963
1	8916
0	8940
1	9209
0	9007
1	8508
1	6372
0	9340
1	8658
1	8541
1	9197
1	7718
1	8098
1	7514
1	8535
1	8735
1	8293
1	9162
1	7783
0	8747
1	8884
1	8805
1	8267
1	8840
1	8315
1	8369
1	9097
1	9079
1	9293
0	9445
1	8924
1	8121
1	9211
1	9237
1	7967
1	9050
1	8392
1	3283
1	8520
1	9230
0	8948
1	8580
0	8834
1	6265
1	7866
0	8616
1	8867
1	8555
1	9060
0	8838
1	9306
1	8808
0	8898
1	9101
1	8581
1	8338
1	7536
1	8154
1	9118
1	8123
1	8121
1	9390
0	6948
0	9358
1	7576
1	8685
0	9005
1	7870
1	9088
1	8549
1	7980
1	8892
1	8815
1	9202
1	8418
1	8385
1	9006
1	7505
1	8541
1	8685
0	9591
1	9527
1	8751
1	8808
1	7985
0	7663
1	8633
1	9083
1	9379
1	8946
1	8525
1	9243
1	8587
1	7763
1	9263
1	8791
1	6972
1	9085
1	7307
1	9569
1	8702
1	7889
1	9240
1	7537
0	9043
1	8588
1	8548
1	8372
1	9003
1	7868
1	8135
1	8192
1	8688
1	9046
1	6724
1	8956
1	8677
1	8865
1	8692
1	6568
1	8255
1	7565
1	8565
1	8945
1	7806
1	9069
1	8534
1	8086
1	8027
1	8460
1	9132
1	8380
1	8841
1	9283
1	7702
0	8805
1	8649
1	8594
1	8455
1	8738
1	8412
1	8745
1	8386
0	8719
0	8560
1	5430
1	8458
1	8061
1	8806
1	8530
1	8840
1	8093
1	6897
1	7059
0	8411
1	9409
1	9153
1	6311
1	8548
0	9024
1	8415
1	8844
1	9139
1	9128
1	8652
0	7936
1	9083
1	8912
1	8782
1	9417
1	7986
1	8709
1	9706
1	8446
1	8557
1	9363
0	8550
0	8087
1	8522
0	9752
1	8551
1	9486
1	8726
1	7771
1	8923
1	8608
1	9006
1	8706
1	9085
1	8471
1	9071
1	8682
1	8715
1	8316
0	9128
1	9032
1	7997
1	9354
1	8638
1	8867
1	9014
1	8353
1	7854
1	9233
1	8093
1	8414
1	9525
1	8222
1	8508
1	7809
1	8731
1	8705
1	7818
1	8725
1	8150
1	8861
0	9437
1	9085
1	8648
1	8798
1	9560
1	9000
1	8559
1	8160
1	8976
1	9141
1	9713
1	9263
1	8588
1	9095
1	8720
1	8737
1	8812
1	8017
1	9133
1	8317
1	8964
1	8920
1	8872
1	9103
1	9151
1	8739
0	8579
1	7950
1	8212
1	8360
1	9016
0	9263
1	8435
1	8603
1	8844
1	8928
1	5129
1	7793
1	9500
1	8150
1	8869
1	3324
1	8750
1	9244
1	9385
1	8574
1	8423
1	7490
1	6772
1	7373
1	8646
1	9063
1	9024
1	9093
1	8946
1	8930
1	7936
1	8789
0	8228
1	9026
0	9072
1	9218
1	8875
1	9233
1	8993
1	7886
1	9161
1	9050
1	8382
1	9342
1	9215
1	8465
1	7259
1	8721
1	8596
1	6035
1	9304
1	9152
1	8771
1	8886
1	8712
1	8496
1	8914
1	8046
1	8398
1	8667
1	9102
1	8840
1	8935
1	9059
1	8028
0	9229
1	9473
1	8507
1	8995
1	9075
1	6617
1	8474
1	7565
1	8933
1	8419
0	8233
1	8857
1	8300
1	8733
1	9566
1	8648
1	8775
1	7202
1	7809
1	8627
0	9148
1	8888
1	9377
1	8891
1	9035
1	9009
1	9118
1	6650
1	7678
1	7942
1	8138
1	8545
1	9481
1	8977
1	8711
1	8391
1	8457
1	8728
1	8890
1	9052
1	8247
1	7056
1	9276
1	8789
1	9224
1	9283
1	9513
1	8409
1	8635
1	8480
1	8687
1	8933
1	9418
1	8488
1	9300
1	8611
1	9305
1	9017
1	9043
1	8300
1	9423
1	6651
1	9035
1	6919
1	9487
1	8617
1	8673
1	8832
1	8227
1	8531
1	8721
1	9437
1	8743
1	8741
1	7518
1	8315
1	7715
1	9156
1	8563
1	8316
1	6544
1	8777
1	6963
1	8659
1	8559
1	8405
1	9027
1	9402
1	8554
1	8436
0	8821
1	9087
1	8624
0	9236
1	8736
1	8375
1	7724
1	9403
1	8811
0	9281
1	9147
1	9243
1	8774
1	8246
1	9288
1	9710
1	8598
1	9272
1	6996
1	8651
1	8751
1	7314
1	5780
0	9075
1	8634
1	9141
1	9429
1	8495
1	8903
1	8635
1	4665
1	8891
1	2377
1	8833
1	9320
1	8855
0	9281
1	9079
1	9519
1	8412
1	9259
1	8870
1	8995
1	8988
1	8425
1	9321
1	9130
1	8294
1	8952
1	9050
1	8682
1	7642
1	8035
1	8909
1	4618
1	8868
1	8730
0	9226
1	8453
1	9298
1	8745
1	8674
1	7802
1	8314
1	9091
1	7073
1	9132
1	9023
1	8396
1	8541
1	8426
1	9193
1	8513
1	9173
1	8457
1	8969
1	9309
1	8231
1	8471
1	9394
1	8154
1	8819
1	6822
0	8837
0	8982
1	9284
1	8215
1	8252
1	8460
1	9599
1	7421
0	8428
0	9155
1	8648
0	8043
1	8398
1	8605
0	8201
1	8377
1	8571
1	9299
1	7533
1	8779
1	9469
1	8578
1	8893
1	8477
1	8642
1	8467
1	8400
1	8774
1	9142
1	6985
1	8598
1	7263
1	9018
1	8133
1	8811
1	9002
1	8908
0	8913
1	8846
1	7789
1	9084
1	8597
1	5824
1	8636
1	8762
1	9342
1	8378
1	8951
1	8227
1	8945
1	6857
1	8476
1	9453
1	8345
1	9057
0	9296
1	8826
1	8721
1	8892
1	9061
1	9406
1	5358
1	8811
1	8745
1	8765
1	8247
1	9031
1	9112
1	8549
1	8268
1	6278
1	8797
1	8725
1	9263
1	8286
1	7625
1	8460
1	9415
1	8683
1	8401
0	8895
1	9342
1	7836
1	7553
1	9214
1	9215
1	8946
1	8839
1	8886
1	9026
1	7952
1	9037
1	8304
0	9113
1	9226
1	8794
1	6761
1	8449
1	8906
1	8967
1	8899
1	8479
1	4991
1	8623
1	8286
1	8566
1	5520
1	8136
0	8814
1	7940
1	9040
1	6360
1	7952
1	9417
1	7871
1	8123
1	9003
1	8744
1	7863
1	2833
1	8986
1	8839
1	8745
1	3326
1	9255
1	8890
1	9343
1	9376
0	9130
1	8365
1	9240
1	8499
1	7735
1	8494
1	8476
1	9157
1	9014
1	9215
1	8791
1	9001
1	8883
1	9129
1	8523
1	8839
1	8931
1	9166
1	8784
1	9003
1	9397
1	8579
1	7152
1	8674
1	8748
1	8916
1	9217
1	9284
0	8395
1	8538
1	9094
0	8801
1	8319
1	8803
1	8283
1	8766
1	8885
1	8983
1	7898
1	8319
1	6308
1	9144
1	9073
1	8720
1	8359
1	9180
1	8843
1	7579
1	8582
1	8180
1	9498
1	8435
0	8585
1	9006
1	8908
1	8588
1	8463
1	8787
1	8949
1	7750
1	8885
0	9253
1	8877
1	8942
0	8748
1	8677
1	8797
1	8793
1	8654
1	8498
1	8721
1	9315
1	8522
1	8898
1	8558
1	7667
1	8124
1	8193
1	8482
1	9229
1	9241
1	8797
1	9070
1	9290
1	9507
0	8841
1	7993
1	9314
1	8814
1	9007
1	8135
1	7834
1	8327
1	8493
1	9109
1	8910
0	9102
1	8475
0	8686
0	9222
1	8557
0	9440
1	8671
1	7979
1	8729
1	9160
1	8486
1	9218
1	9351
1	9083
0	8521
1	8293
1	9730
1	8498
1	9171
1	9283
1	9298
1	9375
1	8933
1	9624
1	8452
0	8905
1	8788
1	9050
1	8208
1	8759
1	9122
1	7773
1	8292
1	8486
1	9175
0	8287
1	8631
0	8875
1	8844
1	7964
1	7504
1	9126
1	9533
1	9008
1	9096
1	8224
1	7348
1	9309
1	8704
1	8675
1	6704
1	9040
1	9164
0	8595
1	8587
1	9082
1	8503
1	9136
1	8766
1	9059
1	7629
0	8189
1	9450
1	7912
0	8939
1	9244
1	9051
1	8771
1	9006
1	8735
1	8332
1	8782
1	9278
1	8468
1	8766
1	8640
1	8768
1	8986
1	9489
1	9218
1	9187
1	8478
1	9101
1	9514
0	6734
1	9317
1	7165
1	9447
1	8829
1	8723
1	9058
1	9109
1	9149
1	8961
1	8575
1	7753
1	8349
1	8476
1	8946
1	6912
1	8634
1	8676
1	8408
1	8969
1	8590
1	8813
1	8701
1	7920
1	8998
1	8990
1	8892
1	8608
0	7111
1	9654
1	8310
1	8241
1	8684
1	9090
1	9661
1	8215
1	8892
1	9365
1	7446
1	8922
1	8159
1	8437
0	8262
0	9518
1	8339
1	9083
1	8665
1	8596
1	9000
1	8922
1	9382
1	9406
1	9251
1	9128
1	0
1	9179
1	8860
1	8166
1	7047
0	8220
1	8385
1	6353
0	8995
1	8527
0	8955
1	9214
1	9348
1	8436
1	8805
1	8835
1	8391
1	8677
1	8021
1	7561
1	8534
1	9004
1	9166
1	7833
1	7068
1	9114
1	9496
1	9068
0	9184
1	7298
1	8329
1	9231
1	8586
1	7480
1	8659
1	8404
1	8942
1	9317
0	8940
1	9494
1	8393
1	8769
1	8512
1	7198
1	8825
1	9285
1	2426
1	4449
0	9022
1	8213
1	9207
1	9461
1	8225
1	9058
0	8949
1	8851
1	7593
0	8865
1	8805
1	8477
1	9156
1	9149
1	8091
1	9248
1	8129
1	8670
1	8679
1	9275
1	8927
1	8793
1	6924
1	9361
1	8847
1	9189
1	9520
1	9379
1	9435
1	7657
1	8522
1	8580
1	8569
1	9382
1	8880
0	8948
1	8453
1	8591
1	7940
1	8678
1	8469
1	9238
1	9043
1	6300
1	9168
0	9010
1	7122
1	8356
1	8078
1	8680
1	9348
1	9442
1	8579
1	8661
1	8634
1	8125
1	8945
1	9177
1	8126
1	8695
1	7795
1	7800
1	8920
1	8807
0	8681
1	8650
1	8269
1	8590
1	8423
0	9154
1	8864
1	8887
1	8514
1	8875
1	8899
1	8370
1	9063
1	8689
1	8751
1	9128
1	9085
1	8452
1	9072
1	8604
1	7264
1	9150
1	6515
1	7632
1	8654
1	8521
1	8820
1	8943
1	8846
1	8638
1	9345
1	8819
0	9298
1	3092
1	8408
0	8463
1	9389
1	7602
1	9213
1	9247
1	9098
1	9077
1	9028
1	9181
1	8971
0	8764
1	8778
1	8183
1	9013
1	8899
1	8278
1	9144
1	8711
1	4793
1	9123
1	9196
1	9371
1	9090
1	7161
1	8591
1	8583
1	8807
1	8882
1	9211
1	8465
1	8557
1	1497
1	8502
1	8554
1	8880
1	7603
1	8022
1	8071
1	8225
1	8647
1	9139
1	8943
1	7896
1	7448
1	8515
1	9167
1	8236
1	8536
0	8679
1	8492
1	8671
1	8755
1	9012
0	8386
1	8774
1	8942
1	8318
1	8029
0	8804
1	3860
1	8327
1	9016
1	8853
1	8202
1	9290
1	8756
1	8178
1	7680
1	8478
1	5399
1	8543
1	8439
1	9555
1	9156
1	6016
1	8633
1	8811
1	8938
1	9295
1	8705
1	8794
1	9063
1	9339
1	9296
0	8933
1	8404
0	8694
1	8718
1	8643
1	9041
1	8949
1	9306
1	8866
1	8451
1	9709
1	9817
1	8219
1	8781
0	8587
1	8915
1	8262
1	9368
1	8925
1	8874
1	8387
1	8551
1	9201
1	8161
1	8885
1	9421
1	9454
1	8311
1	8664
1	9017
1	7609
1	8086
1	8168
1	8334
1	5998
1	9260
1	7652
1	8765
0	8855
1	8947
1	7255
1	9067
1	7900
1	8132
1	8772
1	8253
1	8583
1	7959
1	8962
1	7635
1	8333
1	9063
1	8790
1	8424
1	9083
1	9269
1	8104
1	8586
1	9038
1	8498
1	9374
1	8824
1	9155
1	8540
1	6811
1	8843
1	9408
1	7820
1	8993
1	9116
1	8585
1	9376
1	8116
1	8782
0	9406
1	8913
1	8363
1	7582
1	8530
1	8728
1	8351
1	8682
1	7329
1	8826
1	8421
1	8581
1	9280
0	8941
1	9246
1	7663
1	8682
1	8790
0	8618
1	8830
1	8691
1	7152
1	8575
0	8559
1	8396
1	9077
1	8917
1	9812
1	8564
1	8848
1	8666
1	8487
1	9044
1	9152
1	8583
1	8488
0	9329
1	7487
1	9055
1	9264
1	9098
1	8849
1	9467
1	7785
1	8345
1	8899
1	8767
1	8753
1	8958
1	9064
1	8673
1	8904
1	8215
1	8696
1	8391
1	9331
1	8944
1	8739
1	8579
1	8703
1	9392
1	8650
1	6953
0	9147
1	8620
1	8211
1	8176
1	9459
1	8454
1	9150
1	8692
1	8822
1	8250
1	9096
1	5104
1	8820
1	8360
1	8616
1	8251
1	8984
1	8354
1	9077
1	7533
1	8734
1	8544
1	8419
1	8625
1	8920
1	8954
1	8853
1	8828
1	8695
1	9574
1	9042
1	8777
1	9377
0	8770
1	8400
1	8147
1	8549
1	8775
1	9000
1	8926
0	8724
1	8636
1	8886
1	8707
1	6838
1	7905
1	4430
1	7674
1	8581
1	8788
1	8225
1	8506
1	8704
0	9412
1	9238
1	9060
0	8725
1	9149
1	9095
1	8810
1	8634
1	8098
1	8486
1	8693
1	9078
1	7479
1	8465
1	9282
1	8560
1	8439
1	8775
1	8578
1	8831
1	8091
1	8115
1	8881
1	8024
1	7548
0	9256
1	9307
1	8839
1	5546
1	8811
1	4315
1	9379
1	8857
1	8773
0	9480
1	8709
1	9563
1	8215
0	9375
1	8923
0	8337
1	8946
1	8766
1	8477
1	9360
1	8577
1	8149
1	8212
0	8922
1	8564
1	8996
0	9027
1	9011
1	9160
1	8924
1	9291
1	8138
1	8450
0	8547
1	9151
1	6505
1	7860
1	9209
0	8603
1	8881
1	7608
1	4401
1	8843
0	9467
1	8634
1	8724
1	8942
1	8598
0	9857
1	5578
1	9389
1	9166
1	8545
1	4924
0	8988
1	8989
1	6890
0	9010
1	9249
1	9406
1	9267
1	9319
1	9159
1	9301
1	8877
1	8867
1	8761
1	6579
1	8842
1	8797
1	8305
0	8449
1	9377
1	8486
1	8635
1	9112
1	8689
1	8939
1	8611
1	8245
1	7782
1	8615
1	8639
0	8970
1	8485
1	7436
1	8297
0	9313
1	8508
1	9507
1	8731
0	8266
1	8991
1	8186
1	8621
1	8174
1	8896
0	7930
1	7347
1	9751
1	9023
0	7994
1	9025
1	8784
1	8982
1	8627
1	8004
1	9015
1	9103
1	8609
1	8895
1	9183
1	9083
1	8525
1	8549
1	9039
1	8876
1	9118
1	8149
1	9284
1	8779
1	8998
1	7908
1	8977
1	9244
1	8693
1	8832
0	9189
1	8807
1	8908
1	9279
1	8936
1	8581
1	8365
1	8814
1	6150
1	8822
1	8854
1	8841
1	8071
1	9005
1	9533
1	8837
1	8057
1	9123
1	8117
1	8287
1	8492
1	7914
0	8711
1	9220
1	8698
1	9010
1	8511
1	8740
1	9036
1	9065
1	8742
1	8793
1	8624
0	8410
1	8547
1	8443
1	8715
1	8642
1	8880
0	9527
1	9422
1	8616
1	7874
1	7840
0	8963
1	4849
1	8469
1	8697
1	8488
1	7998
0	9404
0	8339
1	8339
1	9018
1	8076
1	8273
1	9113
1	8551
0	9525
1	7299
1	8666
1	6196
1	6500
1	9008
1	8955
1	8826
1	9103
1	8768
1	8334
1	8900
1	9039
1	7971
1	5445
1	8599
1	8489
1	8543
1	8442
1	9182
1	8773
1	8946
1	8151
1	7798
1	9113
1	6987
1	8675
1	9252
1	9328
1	9431
1	8825
1	8550
1	9008
1	8733
1	8778
1	8507
1	7771
1	8923
1	8882
1	8782
1	9020
1	8555
1	8317
1	5563
1	8737
1	8792
1	7710
1	8718
0	8657
1	9059
1	8995
1	8605
1	8488
0	8327
1	9217
1	7333
1	8541
0	8695
1	8681
1	8713
1	9513
1	8900
1	9243
1	7975
1	9262
1	9041
1	8763
1	9202
1	8145
1	8809
1	9325
1	9063
1	8293
1	8117
1	9536
1	9026
0	8413
1	8915
1	9239
0	8907
1	8292
1	8704
1	9060
1	8569
1	9029
1	8784
1	8985
1	8870
1	8705
1	8391
1	8927
1	8665
1	9489
1	8686
1	8886
1	9268
1	8639
1	8630
1	9160
1	7333
1	8531
1	8991
1	9283
0	9273
1	8961
1	8654
1	8749
1	8653
1	8936
1	9006
1	9103
1	8820
1	8668
1	8422
0	8880
1	8825
0	8503
1	9051
1	8831
1	9554
1	8340
0	9115
1	8876
0	9006
1	8877
1	8429
1	8538
1	7509
1	8701
1	8834
1	8257
1	8095
1	8745
1	8751
1	9277
1	8075
1	9525
1	8324
1	8568
1	8093
1	9417
1	9294
1	4287
1	8370
1	9474
1	4802
1	8433
1	8443
1	8885
1	7644
1	8636
1	9117
1	8911
1	9447
1	8785
1	9233
1	9424
1	8905
1	8062
1	8852
1	8660
1	9100
1	8537
0	9349
1	9653
1	8435
1	8637
1	9234
1	8064
1	8552
1	8463
