340	6217
51	5371
1	5283
29	5374
12	5316
1	5388
12	5251
1	5318
77	5590
1	5368
26	5444
27	5335
155	5623
377	6380
1	5333
1	5408
1	5318
16	5340
1	5223
1	5360
9	5322
1	5311
1	5421
1	5361
1	5416
1	2165
1	5406
264	5999
52	5426
53	5462
7	5366
91	5609
1	5345
5	5250
1	5409
1	5275
1	5272
44	5396
1	5420
88	5557
1	5327
1	5242
283	6178
25	5422
22	5395
1	5354
65	5447
1	5318
73	5535
1	5283
1	5273
31	5450
1	5358
1	5278
89	5523
1	5307
1	5280
1	5276
1	5331
22	5344
34	5485
1	5357
436	6583
1	5147
154	5658
81	5486
1	5285
48	5609
58	5422
1	5353
45	5456
3	5234
44	5501
25	5457
1	5372
190	5824
211	5815
1	5242
1	5287
53	5504
158	5799
1	5324
344	6386
81	5464
315	6437
294	6040
51	5342
65	5486
68	5460
38	5342
1	5350
1	5293
1	5236
425	6804
1	5230
1	5316
46	5500
89	5686
1	5268
71	5483
1	5327
270	6059
117	5530
1	5335
343	6309
26	5406
1	5316
1	5300
1	5365
1	5389
362	6616
3	5387
1	5366
212	5759
1	5340
1	5297
1	5329
1	5233
162	5590
1	5339
1	5335
1	5430
1	5253
56	5496
447	6779
28	5439
1	5345
141	5653
1	5423
3	5338
23	5367
1	5299
119	5659
1	5358
1	5336
87	5560
100	5497
1	5275
590	7697
1	5334
1	5269
1	5284
52	5617
9	5358
221	5909
13	5440
7	5329
1	5258
52	5443
1	5287
150	5744
1	5386
71	5491
58	5540
88	5447
11	5321
1	5258
1	5387
33	5474
61	5449
17	5374
219	5824
1	5374
1	5332
46	5463
1	5301
86	5533
5	5312
5	5430
66	5586
22	5359
463	6867
29	5391
407	6455
20	5317
1	5345
178	5884
35	5511
1	5256
124	5648
1	5435
32	5505
11	5303
7	5256
24	5397
1	5249
1	5255
7	1714
1	5263
2	5390
123	5530
7	5436
1	5227
17	5222
1	5380
1	5325
14	5330
60	5515
1	5289
1	5320
479	6922
1	5225
14	5361
18	5361
9	5247
1	5323
120	5507
1	5250
1	5288
5	5396
1	5226
1	5386
14	5412
1	5301
153	5802
1	5310
1	5208
1	5253
22	5329
14	5220
228	6002
4	5399
1	5068
109	5620
1	5280
47	5459
123	5599
222	5820
7	5390
84	5356
26	5457
1	5328
286	6176
117	5513
374	6552
73	5466
1	5288
1	5207
1	5137
369	6330
1	5251
1	5269
1	5220
32	5353
2	5372
1	1613
25	5280
41	5503
103	5566
86	5523
1	5277
30	5388
12	5244
4	5362
1	5356
77	5495
1	5355
1	5259
1	5310
33	5451
1	5273
39	1692
31	5384
2	5329
527	7017
80	5504
150	5852
414	6592
1	5307
1	5254
332	6184
117	5457
136	5687
1	1893
399	6696
140	5719
50	5384
103	5598
15	5327
1	5307
105	5636
9	5310
1	5303
1	5299
5	5401
1	5330
253	5924
94	5420
23	5369
1	5420
1	5364
1	5323
1	5365
20	5511
1	5305
175	5798
30	5369
39	5367
1	5305
25	5317
5	5298
1	5470
1	5343
1	5458
51	5519
1	5283
1	5454
1	5247
259	6106
40	5410
410	6676
1	5403
31	5325
27	5316
58	5400
28	5445
1	5341
221	5840
115	5564
165	5743
1	5290
1	5283
1	5319
1	5399
1	5320
482	4138
1	5339
224	5917
1	5245
25	5311
22	5377
1	5227
57	5534
232	6006
1	5319
288	5984
330	6340
1	5256
1	5262
1	5320
1	5301
1	5268
1	5374
28	5416
318	6198
191	5980
1	5387
19	5314
1	5254
486	6710
132	5746
117	5511
223	6054
1	5292
1	5400
28	5292
630	8119
66	5601
70	5557
356	6425
1	5319
9	5322
1	5380
147	5672
1	5404
41	5459
230	6027
80	5582
624	8474
1	5341
1	5267
13	5431
1	5310
134	5629
32	5293
87	5521
131	5626
2	5373
1	5244
1	5237
1	5402
1	5271
90	5562
529	7143
40	5429
21	5387
1	5284
130	5621
12	5295
60	5408
130	5608
1	5312
107	5459
68	5534
1	5412
1	5248
328	6155
4	5352
1	5308
1	5340
125	5724
1	5329
246	5953
1	5363
1	5225
118	5697
1	5387
74	5433
123	5564
1	5259
1	5231
124	5597
177	5651
52	5321
1	5308
42	5420
25	5408
8	5355
1	5417
148	5662
102	5660
39	5371
46	5493
1	0
1	5314
1	5347
73	5391
90	5591
578	7545
1	5292
35	5463
63	5464
299	6293
1	5269
1	5219
69	5540
220	5882
1	5287
136	5683
219	6047
1	5378
26	5258
1	5245
1	5371
81	5528
1	5191
1	5290
1	5275
16	5377
10	5352
1	5371
1	5360
98	5549
1	5464
404	6593
1	5265
1	5273
243	5985
129	5629
1	5278
34	2024
305	6102
371	6325
1	5425
3	5308
1	5361
172	5757
7	5289
1	5338
67	5590
1	5436
121	5605
409	6747
19	5305
338	6394
1	5285
1	5256
1	5304
344	6283
63	5499
366	6488
264	6043
1	5312
1	1410
1	5236
20	5391
1	5329
1	5247
1	5197
142	5667
269	6064
363	6575
407	6677
46	5548
77	5564
316	6290
1	5449
98	5421
1	5348
1	5464
1	1669
67	5537
1	5284
1	5340
5	5362
141	5720
95	5601
384	6554
1	5256
43	5425
1	5324
1	5225
1	5273
1	5295
1	5321
181	5944
54	5356
1	5315
18	5314
1	5320
27	5408
1	5276
1	5317
1	5382
1	5500
141	5685
1	5233
1	5265
1	5386
66	5494
15	5337
51	5384
1	5319
54	5559
1	5246
58	5495
529	7236
1	5238
128	5607
10	5305
1	5277
54	5510
141	5657
1	5275
5	5272
32	5297
1	5298
1	5356
1	5302
1	5275
1	5306
5	5386
1	5344
100	5611
318	6193
231	5930
1	5322
1	5401
1	5277
275	6148
1	5387
523	6948
317	6159
9	2116
152	5832
1	5399
1	5354
1	5290
1	5400
9	5302
34	5280
1	5335
116	5512
1	5321
51	5415
1	5323
1	5332
29	5395
1	5329
1	5322
25	5404
32	5352
1	5350
39	5437
188	5896
45	5466
1	5272
350	6236
483	6913
1	5357
1	5265
193	5817
1	5274
92	5542
1	5340
446	6769
462	6782
1	5358
280	6118
1	5287
94	5551
245	5910
1	5295
119	5651
1	5380
16	5358
1	5344
5	5363
1	5242
1	5305
443	6667
69	5432
1	5335
3	5320
3	5475
50	5536
1	5207
129	5705
222	3064
32	5471
1	5381
1	5260
1	5371
1	5357
274	6042
1	5362
19	5345
1	5358
1	5291
1	5325
1	5330
1	5268
86	5577
12	5464
1	5221
17	5395
1	5261
1	5271
1	5260
33	5480
12	5295
126	5672
79	5449
348	6294
1	5245
55	5388
49	5343
312	6252
120	5567
1	5347
1	5252
10	5369
1	5242
17	5310
55	5585
15	5351
1	5263
17	5401
1	5355
1	5298
176	5793
167	5677
1	5312
494	6724
4	5392
78	5551
67	2268
17	5372
68	5472
1	5235
9	1798
1	5375
190	5844
26	5285
1	5290
171	5892
1	5331
1	5244
1	5342
68	5491
192	5808
24	5306
69	5539
1	5370
1	5380
41	5462
68	5463
61	5591
75	5537
105	5607
1	5335
427	6845
1	5361
1	5328
1	5225
1	5375
1	5298
60	5459
1	5260
1	5284
1	5367
1	5285
1	5178
1	5202
44	5496
17	5352
75	5536
129	5595
1	5251
1	5307
1	5297
65	5386
1	5468
394	6582
1	5348
61	5429
1	5366
19	5310
37	5345
108	5656
28	1422
1	5368
124	5691
310	6207
98	5568
1	5371
24	5262
1	5377
1	5295
1	5264
135	5686
264	6186
22	5410
1	5342
1	5213
188	5818
1	5274
125	5481
1	5262
550	7445
1	5186
394	6447
48	5498
1	5410
1	5341
1	5191
9	5196
137	5705
24	5426
1	5273
1	5389
69	5639
260	6102
544	7203
159	5698
136	5589
592	7982
1	5350
307	6265
1	5273
1	5320
41	5431
32	5460
55	5450
99	5526
1	5370
37	5402
149	5690
563	8051
203	5775
10	5409
31	5341
112	5615
483	7178
1	5385
15	5408
1	5296
1	5246
1	5244
188	5851
219	5976
1	5306
1	5281
67	5482
129	5705
1	5363
136	5629
129	5723
125	5717
17	5382
1	5344
1	5262
27	5330
1	5228
16	5546
6	5301
1	5329
1	5334
35	5448
1	5324
1	1360
40	5519
377	6445
128	5500
1	5366
1	5332
1	5316
4	5416
53	5408
34	5424
1	5407
7	5275
303	6262
142	5679
1	5292
15	5443
1	5294
1	5306
1	5352
1	5385
282	6166
394	6469
57	5553
8	5273
1	5367
3	5324
1	5318
2	5287
1	5248
1	5291
1	5205
107	5717
1	5320
286	6033
1	5339
1	5312
5	5324
1	5234
1	5323
406	6521
2	5303
2	5351
57	5515
1	5263
1	5337
1	5286
460	6671
117	5515
70	5437
1	5363
4	5348
1	5295
69	5501
1	5336
1	5309
1	5330
111	5640
7	5272
1	5332
1	5159
1	5328
1	5343
1	5259
14	5484
8	5241
1	5311
20	5395
1	5313
10	5293
1	5247
1	5332
96	5397
32	5489
466	6901
1	5337
1	5447
1	5255
23	5385
149	5773
70	5452
208	5849
1	5298
273	6094
542	7491
1	5371
8	5371
514	6914
176	5717
1	5321
257	6021
9	5370
196	5878
1	5283
1	5316
1	5401
1	5331
149	5790
1	5284
1	5221
1	5279
55	5407
1	5363
44	5432
113	5542
147	5732
142	5549
1	5359
1	5375
145	5744
1	5269
1	5377
48	5424
13	5308
144	5675
97	5434
304	6274
1	5419
24	5321
1	5308
1	5294
1	5258
8	5352
91	5506
1	5350
1	5377
251	6130
1	5340
12	5378
294	6068
64	5446
39	5413
1	5262
1	5338
1	5393
7	5331
1	5421
1	5391
1	5347
1	5280
1	5223
1	5349
1	5293
1	5247
301	6200
1	5264
217	5886
1	5322
1	5200
1	5308
50	5378
122	5693
1	5357
54	5534
44	5477
39	5381
16	5364
1	5284
1	5309
338	6210
1	5266
8	5223
41	5474
40	5365
20	5375
1	5404
236	5846
1	5238
64	5382
1	5359
455	6623
1	5274
1	5324
1	5245
629	8506
44	5473
1	5455
51	5372
1	5375
1	5303
1	5396
1	5394
8	5281
59	5433
10	5466
26	5354
12	5319
122	5693
1	5352
1	5402
1	5284
94	5615
1	5268
495	6866
1	5371
1	5277
1	5301
1	5332
1	5297
1	5310
11	5361
349	6422
38	5441
101	5590
1	5282
41	5341
1	5338
1	5246
1	5225
1	5244
1	5355
4	5374
1	5192
1	5369
1	5344
385	6567
72	5546
1	5299
86	5415
169	5882
277	6177
1	5364
31	5392
284	5899
14	5337
32	5404
477	6824
1	5352
7	5351
29	5440
68	5470
1	5276
1	5347
178	5756
1	5371
86	5560
24	5518
70	5420
481	6877
1	5430
29	5459
379	6517
11	5373
1	5146
1	5310
1	5351
85	5535
1	5354
1	5199
113	5710
1	5345
1	5284
40	5387
10	1873
39	5403
13	5418
98	5503
1	5390
194	5851
1	5264
1	5323
318	6229
1	5235
26	5308
135	5745
44	5428
1	5379
1	5300
16	5330
1	5334
1	5357
18	5388
63	5388
417	6631
1	5321
1	5200
42	5335
32	5480
1	5356
108	5685
175	5834
1	5402
1	5400
213	5911
92	5565
1	5311
11	5454
28	5457
1	5275
1	5382
1	5231
129	5606
1	5258
63	5519
155	5801
136	5696
20	5362
1	5336
24	5362
183	5779
70	5651
1	5283
537	7107
205	5921
6	5380
55	5515
49	5385
1	5337
596	8201
1	5365
1	5253
454	6613
1	5226
109	5409
1	5303
1	251
1	5310
71	5419
34	5508
11	5349
45	5417
1	5308
232	6054
355	6262
43	5453
1	5331
1	5303
1	5362
1	5248
22	5396
1	5412
34	5430
1	5321
20	5388
1	5271
1	5355
43	5275
50	5378
1	5246
1	5422
221	3038
76	5531
1	5380
1	5316
1	5452
51	5420
299	6168
1	5219
1	5267
1	5312
1	5243
1	5297
24	5418
73	5522
40	5339
385	6461
1	5300
66	5581
1	5269
1	5406
1	5337
303	6190
89	5588
1	5410
1	5417
47	5345
1	5326
1	5347
1	5332
1	5298
1	5399
75	5455
1	5366
1	5229
37	5412
30	5373
1	5261
1	5255
1	5324
1	5369
82	5461
3	5362
164	5824
44	5337
32	5452
106	5676
1	5256
8	5392
105	5452
13	5463
253	5908
1	5256
1	5307
1	5321
73	5533
45	5291
1	5294
1	5427
1	5322
1	5322
31	5323
28	5387
188	5720
262	6057
577	7492
1	5253
133	5717
42	5425
1	5314
190	5839
245	5908
1	1613
1	5289
1	5249
1	5187
1	5312
1	5323
17	5223
1	5307
6	5312
1	5333
232	6063
14	5298
1	5220
65	5515
18	5383
1	5252
5	5323
1	5403
546	7266
1	5281
1	5211
1	5410
97	5568
1	5369
1	5329
1	5392
1	5298
47	5483
1	5332
1	5348
1	5314
36	5384
1	5308
16	5379
28	5340
60	5494
1	5277
1	5285
39	5401
21	5402
8	5302
148	5688
1	5299
299	6130
1	5272
1	5325
100	5643
97	5509
1	5378
1	5362
158	5615
152	5654
116	5606
28	5429
299	6219
1	5286
279	6090
1	5201
13	5444
18	5411
26	5328
53	5450
1	5502
15	5355
1	5353
26	5492
1	5423
9	5317
120	5535
1	5231
595	8368
5	5471
33	5362
1	5340
562	7579
1	5308
13	5171
53	5500
16	5305
20	5315
1	1462
66	5436
137	5613
1	5357
95	5538
28	5434
1	5295
4	5328
1	5240
1	5362
18	5321
50	5339
102	5770
1	5311
1	5237
236	5978
1	5307
6	5377
172	5757
1	1789
1	5328
61	5611
445	6773
1	5295
1	5460
221	5900
1	5292
1	5391
156	5635
178	5711
25	5328
1	5302
1	5342
1	5376
1	5310
1	5319
29	5402
33	5391
61	5455
16	5360
49	5399
29	5388
224	6034
304	6162
35	5496
72	5549
1	1976
42	5454
1	5239
1	5333
375	6529
91	5630
23	5282
1	5386
1	5375
1	5329
152	5662
10	5383
13	5272
101	5536
9	5380
175	5913
6	5415
199	5763
15	5319
163	5621
167	5789
62	5500
26	5398
65	5480
35	5282
101	5564
396	6659
9	5424
1	5282
1	5263
1	5285
1	5334
73	5534
1	1738
1	5329
1	5291
420	6673
89	5566
1	5262
97	5500
1	5371
1	5298
1	5233
1	5408
1	5315
67	5460
50	5431
58	5469
168	5682
1	5302
1	5395
1	5311
1	5413
8	5499
1	5335
30	5313
76	5483
13	5349
1	5371
81	5538
25	5372
1	5309
1	5280
31	5461
179	5790
1	5347
1	5261
1	5354
197	5827
1	5408
347	6332
31	5468
123	5595
117	2413
1	5322
252	6083
1	5348
429	6675
31	5357
1	5300
43	5461
164	5722
3	1368
1	5248
13	5436
1	5325
1	5314
37	5364
1	5401
1	5356
4	5271
1	5303
1	5368
116	5677
1	5345
107	5713
1	5374
78	5568
1	5431
1	5294
15	5359
507	6932
1	5224
14	5454
1	5300
1	5394
52	5540
28	5436
1	5313
33	5455
24	5312
16	5414
1	5244
1	5222
1	5354
1	5288
386	6373
72	5474
92	5590
151	5661
43	5555
20	5344
1	5285
59	5431
124	5691
1	5402
119	5648
1	5284
1	5266
1	5357
1	5312
1	5336
68	5539
285	6182
77	5520
119	5718
398	6622
96	5622
59	5412
1	5340
258	6049
35	5468
1	5406
128	5586
18	5395
162	5666
22	5390
29	5409
368	6475
106	5571
1	5225
1	5243
1	5361
1	5247
1	5329
1	5276
617	8526
1	5309
1	5293
1	5326
19	5270
14	5441
1	5349
120	5761
96	5532
1	5344
40	5435
60	5546
58	5494
3	5414
1	5351
1	5345
192	5807
1	5376
169	5733
61	2297
240	6071
1	5412
73	5556
1	5411
1	5272
1	5378
1	5284
326	6380
311	6277
14	5252
589	8052
1	5363
4	5343
1	5306
50	5514
1	5298
1	5304
442	6673
1	5266
4	5255
1	5261
1	5380
70	5524
1	5256
1	5411
97	5532
6	5247
1	5205
578	7680
1	5327
1	5304
1	5249
1	5335
52	5405
281	6235
327	6272
1	5401
519	7209
1	5236
1	5340
1	5326
1	5426
5	5262
25	5302
423	6756
1	5289
1	5297
30	5336
188	5888
1	5343
38	5467
38	5401
20	5422
5	5217
57	5336
1	5282
610	7523
1	5418
355	6318
43	5496
26	5391
142	5699
45	5357
81	5455
1	5228
111	5592
104	5599
23	5285
1	5299
1	5291
1	5305
1	5284
113	5579
1	5292
1	5301
30	5421
112	5688
1	5295
173	5729
163	5801
1	5369
72	5493
1	5270
428	6639
1	5270
1	5264
335	6384
1	5350
446	6517
1	5305
1	5328
192	5807
1	5293
1	5341
1	5397
1	5229
1	5240
1	5297
1	5248
1	5404
136	5728
1	5206
62	5420
1	5264
1	5258
2	5240
1	5319
1	5226
1	5275
1	5237
71	5563
1	5297
1	5333
230	5866
155	5635
1	5344
337	6427
1	5270
1	5358
45	5415
184	5847
1	5421
1	5270
26	5352
1	5253
44	5488
1	5332
18	5355
1	5261
95	5538
103	5574
64	5446
1	5359
148	5590
195	5877
24	5329
21	5508
4	5247
18	5328
1	5257
1	5398
229	5937
1	5330
545	7976
1	5313
1	5344
237	5868
34	5262
97	5509
46	5465
21	5341
1	5259
19	5333
43	5497
2	5187
10	5313
1	5304
125	5610
1	5327
459	6885
417	6462
1	5272
1	5308
52	5435
1	5365
1	5370
185	5737
458	6870
504	6984
1	1723
22	5302
135	5740
42	5438
1	5296
242	6090
221	5951
320	6179
2	5367
1	5299
19	5364
1	5253
1	5374
63	5531
67	5455
149	5597
1	5292
1	5314
1	5280
502	7170
1	5284
1	5309
102	5591
105	5435
19	5314
85	5483
103	5456
27	5330
1	5294
29	5405
49	5322
20	5412
11	5320
1	5252
21	5327
1	5354
1	5322
6	5198
40	5432
305	6158
114	5698
1	5336
1	5290
1	5187
1	5313
246	5977
1	5283
1	5331
1	5331
1	5254
1	5282
1	5349
186	5744
3	5324
73	5374
297	6138
1	1789
108	5561
8	5294
1	5277
23	5387
1	5272
54	5406
1	5390
1	5307
208	5759
1	5341
165	5673
1	5258
96	5427
1	5392
405	6358
39	5528
405	6641
3	5281
1	5396
1	5364
139	5606
54	5504
86	5521
11	5389
81	5527
32	5497
1	5406
58	5571
22	5393
1	5288
149	5650
1	5248
20	5276
21	5348
1	5273
1	5309
1	5303
1	5243
40	5308
1	5324
109	5655
10	5291
1	5358
104	5560
1	5359
1	5194
1	5321
314	6252
44	5479
104	5586
5	5393
234	5938
64	5346
18	5436
1	5207
456	6897
1	5314
1	5316
1	5458
1	5295
472	6768
125	5598
9	5287
1	5366
69	5472
12	5281
1	1779
63	5477
40	5474
1	5260
67	5492
1	5232
1	5315
27	5354
1	5373
1	5291
18	5487
47	5367
1	5393
1	5365
23	5317
20	5362
11	5269
56	5376
163	5691
630	8515
1	5257
87	5465
15	5407
1	5269
1	5270
111	5640
1	5395
1	5330
1	5342
1	5361
58	5496
7	5337
28	5402
1	5279
38	5469
1	5395
57	5450
1	5228
29	5283
1	5323
38	5475
1	5327
1	5280
1	5242
117	5543
1	5262
34	5405
1	5389
8	5319
1	5295
99	5516
105	5705
1	5230
175	5744
170	5776
147	5735
1	5224
1	5292
1	5311
1	5251
3	5287
1	5353
1	5364
21	5415
1	5183
1	5319
1	5193
18	5370
1	5240
45	5431
1	5283
1	5397
126	5705
1	5358
6	5331
13	5296
1	5370
1	5336
1	5280
119	5529
1	5323
139	5601
5	5289
473	7061
137	5678
1	5398
145	5635
171	5791
27	5423
60	5446
1	5230
1	5399
128	5589
481	6998
69	5515
2	5399
1	5349
195	5812
1	5336
1	5249
153	5807
289	6198
1	5268
269	6031
1	5250
152	5768
294	6150
252	6125
91	5619
2	5358
1	5290
376	6345
74	5506
54	5547
11	5359
116	5577
1	5350
1	5335
95	5638
1	5313
1	5318
1	5356
246	5979
1	5445
16	5376
1	5281
1	5371
14	5337
1	5374
2	5266
1	5249
274	6047
1	5418
9	5298
79	5517
1	5389
1	5372
1	5303
14	5487
57	5475
105	5514
81	5571
1	5401
471	7017
1	5306
120	5581
126	5691
1	5331
1	5350
164	5736
4	5319
4	5302
87	5580
136	5732
185	5722
1	5302
287	6187
235	3297
99	2689
30	5315
52	5554
1	5331
1	5308
1	5242
1	5280
1	5359
1	5281
1	5306
1	5267
308	6285
329	6380
1	5341
1	5267
1	5193
8	5460
9	5271
7	5292
28	5410
1	5350
6	5496
28	5427
27	5349
1	5232
1	5268
224	5793
1	5274
1	5196
126	5663
1	5371
1	5328
342	6375
1	5209
1	5382
5	5391
1	5269
1	5353
1	5304
1	5296
15	5407
7	5380
31	5543
1	5291
81	5541
69	5430
226	5904
1	5297
11	5388
1	5368
9	5306
2	5333
22	5429
4	5320
1	5254
1	5353
283	6074
1	5412
99	5414
1	5436
70	5413
613	4242
1	5343
1	5362
13	5417
43	5405
1	5334
45	5457
32	5366
1	5360
1	5395
30	2202
1	5273
1	5419
21	5321
1	5352
148	5702
1	5397
1	5274
1	5326
98	5619
130	5739
142	5691
398	6486
26	5460
1	5421
1	5424
12	5251
1	5390
122	5651
34	5431
146	5660
1	5327
283	6297
34	5386
205	5847
545	7859
106	5534
92	5455
1	5274
6	5378
426	6727
1	5477
1	5246
1	5439
1	5395
10	5293
30	5337
92	5575
1	5258
1	5460
111	5631
1	5282
1	5244
57	5496
22	5259
1	5336
1	5295
40	5506
107	5605
1	5371
138	5572
1	5296
1	5269
59	5497
35	5416
161	5643
119	5608
40	5322
1	5329
1	5183
1	5275
1	5270
1	5320
121	5642
1	5310
3	5424
1	5328
22	5387
434	6537
1	5367
1	5326
3	5314
1	5417
454	6732
38	5384
1	5296
503	6951
379	6527
1	5384
1	5337
1	5204
99	5591
37	5391
1	5388
1	5431
14	5461
1	5157
3	5491
1	5327
1	5261
71	5437
1	5324
384	6565
1	5183
20	5320
213	5906
58	5462
5	5265
1	5307
1	5305
1	5305
1	5359
50	5535
1	5368
49	5407
1	5378
57	5456
1	5271
1	5247
2	5351
1	5278
337	6291
1	5350
1	5307
1	5300
475	6795
20	5301
5	5406
1	5214
1	5359
8	5321
6	5301
246	3226
45	5508
1	5403
1	5388
1	5268
3	5282
1	5469
68	5435
77	5489
473	6737
1	5292
1	5264
1	5291
1	5356
488	6804
1	5310
304	3628
131	5799
128	5624
1	5384
1	5390
1	5282
25	5506
1	5356
10	5351
32	5387
200	5936
160	5678
113	5609
51	5557
43	5442
15	5439
75	5495
310	6135
1	5278
4	5386
1	5401
1	5293
1	5315
11	5378
1	5388
1	5315
244	5867
28	5379
12	5231
1	5369
24	5305
9	5346
60	5453
1	5225
1	5293
20	5448
24	5367
1	5365
169	5738
11	5298
273	6059
129	5734
1	5257
95	5450
1	5338
1	5352
1	5339
93	2719
205	5970
184	5698
49	5498
7	5524
1	5342
50	5493
109	5519
255	5971
644	9999
9	5339
228	5899
36	5416
6	5385
1	5242
1	5310
227	5950
2	5300
1	5308
146	5719
1	5385
1	5379
1	5368
82	5569
1	5436
1	5228
124	5674
69	5590
1	5228
37	5410
1	5222
1	5209
1	5405
1	5300
47	5347
46	5355
28	5520
34	5325
182	2853
1	5252
5	5262
1	5299
1	5346
18	5283
9	5304
136	5730
33	5494
1	5325
154	5617
210	5669
53	5466
36	5426
12	5310
1	5284
57	5407
167	5744
1	5313
16	5384
1	5317
1	5279
179	5774
9	5334
1	5363
1	5243
1	5413
25	5285
14	5401
1	5378
1	5267
1	5217
1	5299
28	5441
81	5598
1	5379
1	5294
3	5236
1	5411
1	5341
1	5230
483	7003
1	5351
217	5940
1	5311
551	7239
110	5639
1	5490
208	5863
1	5299
1	5335
19	5490
29	5440
2	5295
1	5224
27	5397
1	5312
78	5644
54	5532
1	5335
9	5361
1	5398
255	6080
477	6890
1	5168
121	5691
1	5277
108	5571
1	5335
2	5244
4	5275
85	5469
1	5324
1	5325
52	5433
1	5255
1	5260
117	2742
1	5322
143	5626
1	5419
1	5466
17	5282
322	6327
183	5677
169	5869
196	5898
28	5301
1	5323
145	5646
118	2818
1	5276
83	5619
1	5288
1	5428
1	5200
433	6751
155	5646
1	5193
1	5342
212	5817
1	5354
1	5276
113	5509
78	5480
34	5316
2	5285
1	5228
249	6111
60	5475
1	5303
158	5733
1	5358
3	5413
1	5345
1	5300
459	6844
29	5447
1	5429
