5614	4
6355	4
6201	4
6164	3
4969	4
6238	4
5484	4
4720	4
4900	3
5949	4
6085	4
5515	4
6148	3
6027	4
5070	3
5183	4
5665	4
6207	1
4827	2
5563	4
6041	4
7571	4
5934	3
5157	4
6384	3
5422	3
7095	4
7399	3
4505	4
6978	3
4981	4
6381	2
6971	3
5354	2
4895	4
4960	3
6455	3
5576	3
5568	3
5751	3
4646	4
6877	3
4535	4
5148	3
5088	3
4757	4
6345	3
4680	1
5289	3
5685	4
4416	2
5189	4
6668	3
5314	2
6557	3
7157	4
5448	1
5486	3
8993	4
4691	3
6116	4
6296	4
6461	3
5843	3
6461	4
6534	3
5996	4
6627	4
5972	4
5725	4
5307	4
5971	3
6243	4
5304	3
5482	4
5708	3
5572	3
6066	3
5642	3
6044	3
5238	4
5459	3
6488	4
5426	2
5847	3
5482	4
5478	3
6537	3
5492	3
5422	4
6772	3
5849	4
6768	4
7823	3
5901	3
5510	4
6687	4
4819	4
5399	3
5285	3
4913	3
4686	4
5436	3
4188	4
7126	4
6506	3
5164	4
6038	1
6159	3
5629	4
4679	3
6191	3
5779	2
5151	3
5818	4
5511	3
5754	2
6004	2
6076	4
6334	2
5308	4
6653	4
6040	4
5055	3
6056	4
4928	4
5558	4
6002	4
6368	3
7500	4
5278	4
5377	3
5743	4
5949	4
5323	3
5152	4
5584	4
5298	4
6080	1
6220	2
5388	1
3775	4
5211	3
8529	4
5508	3
4495	4
6597	4
5642	3
4837	4
6403	3
5788	4
5272	3
6150	3
6048	1
5272	4
5316	3
6097	4
7652	4
5243	3
4429	3
6482	4
6613	4
5926	2
5649	3
6409	3
7363	3
5624	4
5674	4
5534	4
5951	3
5674	3
5973	3
6249	4
6197	4
6878	4
7324	3
6277	4
5429	4
4718	4
5474	3
5875	4
5866	4
8695	3
6574	3
5538	4
5471	4
4992	4
6943	4
4972	4
5407	1
5452	3
5593	3
5051	2
4724	4
4881	3
4758	4
5069	4
9999	3
6189	3
4874	2
6085	4
6565	4
5457	4
5518	4
7085	4
6120	2
3466	3
6381	2
6351	4
5877	4
5918	3
6067	4
6180	3
6373	3
6797	4
5933	4
6036	4
5142	4
5970	4
5381	3
6173	3
6235	3
5094	4
5396	4
5766	4
5474	2
6149	3
4153	3
5812	3
4695	1
5529	3
5338	3
6107	4
4927	3
3632	2
5569	3
4656	3
5609	3
5387	3
6343	1
6193	4
4069	1
4781	3
5178	3
5411	3
4542	3
5637	3
6864	4
5846	4
5721	4
5811	3
6770	3
5840	3
5624	4
5137	1
6279	3
5664	4
3789	3
5741	4
5614	3
6162	4
5849	3
6211	4
5061	4
3990	4
5375	3
5683	3
5793	4
6259	3
5645	3
5795	3
5273	3
6826	4
5965	4
5696	2
6278	4
5840	3
5382	4
4810	4
3761	4
6555	3
4937	4
6562	4
5043	3
4866	4
5800	4
5928	3
4320	4
5150	4
4102	3
3645	4
5227	4
6150	4
5431	4
5280	4
6472	4
5012	4
6046	4
6500	4
5662	2
5209	3
5889	3
5686	4
6381	4
6554	4
3916	3
5745	4
5793	3
4469	3
5405	2
5496	4
6074	4
4736	3
5617	3
5902	3
5231	3
6147	3
5526	3
5262	3
6026	3
5252	3
5879	4
5672	4
5707	1
5837	4
5387	3
7030	4
5652	1
4828	4
6936	4
5837	1
5255	3
4610	2
5680	3
5071	3
5758	4
5270	3
4593	4
6355	4
5917	4
4438	4
6159	3
5690	3
6035	3
6016	4
4901	3
5628	3
3262	4
6238	4
5669	4
5399	1
6339	3
5135	3
6808	4
5700	3
4619	3
6911	3
6517	4
6057	4
6456	4
6316	4
6277	3
6770	3
6245	4
4671	4
5093	3
5311	4
6109	3
5598	3
5686	4
6411	3
5016	3
7329	4
6545	4
6226	2
5858	4
6367	4
5741	3
5739	3
6384	3
4373	3
5185	3
6195	4
6343	3
6015	3
5419	3
6325	3
5839	4
5651	4
5627	3
5829	3
5468	4
6045	2
5257	3
6448	4
6592	1
5483	4
3587	3
6627	4
5042	4
4862	4
6032	2
5856	4
6458	4
5709	4
5267	4
2924	3
5094	4
4279	3
5984	4
5455	4
5400	3
5518	4
5067	2
5868	3
6427	4
5762	2
5128	4
5568	4
7861	4
6254	4
5850	4
6544	3
4766	4
5028	3
6070	2
4948	4
5742	4
5645	3
6354	4
6127	3
6512	4
6587	2
5254	4
6407	3
5739	3
6421	4
5312	4
5726	3
5776	3
7205	3
4804	3
5892	4
6581	4
6089	4
5579	4
5550	4
6150	3
6215	3
6115	4
5779	4
4215	3
6066	3
5658	3
4651	1
6219	3
6745	3
6556	4
5421	1
5043	3
5574	3
5465	3
6730	3
4355	4
4698	4
5485	2
7219	3
5720	3
6202	4
6509	2
5140	4
5726	4
4867	4
6254	4
4685	3
6296	3
6198	1
4887	4
5926	3
2561	4
6573	3
6252	4
5777	1
6071	3
5512	3
5517	4
6853	4
3786	2
6702	3
4818	2
6073	3
5193	3
5716	4
5769	4
6175	3
5210	4
6645	4
5593	3
6010	4
4740	4
5220	4
5824	4
4970	4
5812	3
6107	3
5674	3
6016	3
4087	4
6031	3
5732	4
5461	4
6884	4
5222	3
5756	3
6883	4
7348	3
6545	3
6045	4
5558	4
5890	4
6782	3
5321	4
6788	3
5616	3
5048	3
5715	4
5493	4
5829	4
6204	4
5380	4
5040	4
6019	3
6307	3
6057	4
6715	4
6435	4
5793	4
5605	3
6316	4
6105	4
6311	3
5717	2
5263	4
6667	3
5947	4
6109	4
5050	3
5674	1
6640	3
5637	1
5726	3
5232	3
4969	4
6153	4
6172	4
5382	4
5910	3
5785	3
6213	4
6205	4
6166	3
5955	4
6048	3
5787	4
6448	4
5777	4
5517	1
6316	3
5807	3
6410	4
6058	3
6372	4
5621	3
4836	4
5333	2
6090	3
6113	4
6179	3
5942	3
5948	3
5523	2
6968	4
5570	3
5491	4
5069	3
5423	3
6621	3
4459	4
5814	4
5735	3
5499	4
5909	3
6078	4
4258	3
5154	3
6349	2
5861	3
6253	4
5672	4
6652	3
6530	4
5310	4
4002	4
9758	4
6356	4
5951	3
5620	3
6266	4
5798	4
6265	3
6528	2
6004	4
5636	3
6238	4
5854	3
6067	4
5655	4
5602	3
5868	4
5039	3
5780	4
5378	3
6247	4
5682	4
6308	1
6428	3
5554	4
5976	4
6185	4
5839	4
6175	4
6589	4
6444	4
6968	4
5668	4
6005	4
6017	3
7238	4
4830	3
5940	4
4775	3
6442	4
4841	2
5615	2
5400	4
4798	4
9826	3
6072	3
5617	1
6587	4
5248	4
5967	4
6015	3
4550	4
5714	4
5427	4
5430	3
4712	4
5325	3
6146	4
6492	4
7295	4
6264	4
4938	1
5789	4
6302	4
6700	3
6134	3
5829	4
5536	4
5744	3
5228	4
4071	4
5839	4
5762	4
5575	4
5404	4
5791	4
6271	4
5686	3
5306	4
6155	4
5815	4
5921	4
6239	4
6573	4
6098	3
5194	3
5427	4
4577	3
5816	4
6224	4
5820	2
6703	4
5684	3
5223	4
6326	2
5779	3
7163	3
5669	4
5986	3
8945	3
5133	4
5517	4
6509	3
6268	1
6359	4
5126	3
5297	3
6358	3
6018	4
5843	3
6728	4
5742	4
5568	3
6445	3
7275	4
5420	3
5336	3
7452	4
5534	3
5728	1
5196	4
6675	4
4187	3
8021	4
5797	3
6127	3
5599	4
7980	4
4804	4
4742	3
5666	4
6942	4
5773	3
5550	4
6010	3
3876	3
5229	4
6098	4
5315	3
6423	4
4476	4
5415	4
6546	3
6157	3
4867	3
5775	3
6668	2
5981	4
4716	4
6125	3
6274	4
5062	3
4921	2
5341	3
5415	3
5308	3
4446	1
6331	4
6259	4
5626	1
6069	3
6517	3
6414	3
4642	3
4857	4
6328	3
5004	4
6873	3
6070	3
6043	3
6214	4
6062	3
6903	4
6657	3
5367	4
5497	4
4673	3
5619	4
6001	3
6038	4
6158	4
4958	4
5681	4
5359	4
6185	4
5873	3
4521	4
5660	4
7054	3
4743	4
5011	4
6136	4
5380	4
5371	3
6011	3
5766	4
6157	4
4719	2
5127	4
5813	3
5324	4
5952	4
6762	3
5143	3
5626	2
8055	4
6559	4
5433	1
5625	3
5128	4
5709	3
5774	4
6431	2
6020	2
6044	3
5240	2
4758	4
4409	3
5122	3
5080	3
5562	3
6192	3
5617	4
5904	4
5538	3
5912	2
5473	4
4774	4
6433	4
5897	4
6237	3
5709	4
5931	4
4368	4
5592	4
4892	4
5021	3
6219	4
6034	4
6765	3
5549	4
6607	4
5390	3
5986	4
6321	4
4773	4
5612	3
5119	3
4980	3
6014	3
4996	4
4612	4
6573	4
5620	4
625	1
5759	4
5894	3
4786	4
5916	4
5184	4
6312	3
5423	4
4778	1
6318	3
5976	3
5181	4
6070	3
6697	1
6753	3
5927	3
6095	3
5474	4
6171	4
6093	3
5760	4
5503	3
5823	4
6231	4
6351	4
6099	4
5870	4
6762	4
5674	3
5099	1
4889	4
5235	4
6509	3
5846	3
5510	3
6018	1
6433	4
5051	4
5492	4
5838	3
5880	3
6970	4
6086	3
4877	4
5677	4
5261	4
5706	4
5867	3
6200	4
4954	3
5988	4
5674	3
6056	3
5962	3
5807	4
6544	3
4779	2
5297	1
5856	3
6078	4
5171	3
4845	3
5268	3
6895	3
5410	3
5400	4
5535	4
6924	4
6262	4
5142	4
5224	2
6052	3
5411	4
5396	3
6231	4
4607	3
6030	3
5745	4
6048	1
6362	4
6239	4
5539	2
5791	4
4945	3
5611	3
5213	4
5308	4
4854	4
6812	3
5846	3
5012	3
6249	3
6094	3
6030	4
6843	4
6079	3
6411	3
4384	3
6086	3
5315	4
7212	2
6321	3
3900	4
7152	3
4189	3
5433	3
6110	3
5064	3
4497	3
5439	4
3242	3
5910	4
6774	4
5313	3
6575	4
5302	4
6249	4
5803	3
5131	4
5892	3
5526	3
6076	3
6419	4
5054	1
5346	3
5606	4
5975	3
4679	3
6303	1
3320	4
5626	4
6076	3
5654	3
5648	1
6362	3
5420	4
4753	3
5323	4
6246	3
7442	4
6862	4
5540	3
7095	4
5339	3
4348	3
5922	4
5014	1
6199	4
4626	3
4883	4
5899	4
6348	4
6234	4
4374	3
5656	4
6210	4
5595	4
5748	4
5253	1
4747	1
7119	3
5244	4
6404	3
6480	4
5957	4
5901	3
6605	3
5209	3
5189	2
5679	2
6050	1
5267	3
6022	4
8591	4
5955	4
6182	1
5509	4
6557	3
5460	3
7038	4
5630	4
5561	3
5952	4
6149	4
6047	3
6059	4
4911	4
5640	4
5597	4
3900	4
5968	4
5566	4
6007	3
6237	4
5625	4
5906	4
4740	4
5032	1
6350	4
5788	1
6307	3
5835	3
7497	4
5502	4
4030	4
5962	3
6410	1
5797	3
5442	4
5745	4
4907	1
5697	4
5699	4
5007	2
5286	4
5157	3
5713	4
6189	3
5447	3
6132	4
6435	4
5935	2
4217	4
7133	4
6335	3
4117	3
5978	3
3811	4
5552	3
6093	3
4251	4
5887	3
5224	4
5057	3
5731	4
6931	3
6144	3
5206	3
6123	4
4875	1
6499	3
6089	3
5133	4
5341	3
6958	4
3996	1
5813	3
6147	4
5600	4
5520	4
5678	3
4392	3
6147	3
6147	3
5366	3
6799	3
5901	3
5243	3
4996	4
5475	3
6174	4
6279	3
5975	4
6024	4
5626	3
5364	4
6332	3
4939	3
5475	3
3965	3
4970	4
5339	4
5769	3
5663	3
5656	3
5205	3
6565	4
6565	4
6861	4
6139	3
5712	4
5524	4
4828	4
7465	3
4947	3
6539	3
4992	4
6055	3
3484	2
5473	1
6230	4
6182	4
5938	4
5646	3
7441	3
5310	4
5662	4
6741	3
4655	3
5972	4
5280	4
5573	3
4375	4
5441	4
5958	2
5269	1
5759	3
5585	4
4287	2
6548	4
4759	1
7574	4
5900	4
5555	4
6182	4
8672	4
5576	4
5505	2
4369	4
6137	4
5766	4
6253	4
5787	2
7205	3
5030	4
5168	3
5999	4
5718	4
6453	4
5691	2
5380	3
5667	3
6136	3
6260	3
3656	1
6039	3
5889	3
4575	4
6751	3
4371	4
4886	3
5383	3
5989	3
4558	4
5568	4
5224	3
4170	3
5845	3
5246	4
6714	3
3881	4
4976	4
5670	4
6488	3
5806	4
4636	3
5269	4
8788	3
6884	4
4191	4
7201	3
5521	4
6691	4
5312	4
5783	3
5278	3
5928	3
6288	4
4840	3
4690	3
5871	3
5872	4
6252	3
5969	3
6636	3
5837	4
5965	4
5475	4
6441	3
5254	3
5493	3
4212	1
6767	2
5403	1
5076	4
5261	3
5747	3
5521	3
5979	4
5009	4
5644	3
5190	3
5667	3
6302	3
6168	4
4655	3
5766	2
5809	4
5726	4
6563	3
6527	3
5623	4
5785	3
5150	4
6715	4
6276	2
5905	3
6481	4
5897	4
5681	3
5586	4
5843	3
5501	3
6838	4
5486	3
6823	4
6160	4
5567	4
5972	4
5248	4
6778	4
6642	3
5825	3
5504	4
5296	3
6174	4
5101	4
6551	4
6114	4
5988	1
5169	3
5718	1
5877	4
4979	1
4417	3
5969	2
5789	4
5448	1
5234	4
6157	2
5378	3
6023	1
5379	3
6085	3
5525	3
6199	3
5488	3
6448	1
5268	3
6368	1
5708	3
5904	1
5338	4
4103	4
5205	3
5014	4
5463	4
4979	4
5786	4
5504	3
5243	3
5869	2
4601	3
5396	4
6283	3
3650	4
6148	4
5591	4
5815	3
5410	3
4003	4
5036	4
5650	3
6092	1
6281	4
5059	4
6327	2
6556	4
5511	4
5776	3
5528	3
4672	1
5919	4
5207	3
5808	3
5894	3
6179	3
6256	3
6335	3
4784	4
5974	4
7659	4
6017	3
5393	3
2809	4
7230	4
6158	3
6702	4
5614	3
5894	1
4648	4
6167	4
8974	1
5341	4
4697	4
5728	4
5632	3
5901	4
5168	3
6363	3
6907	4
5431	3
5041	3
4400	4
5882	3
5385	3
5387	4
5814	3
6311	4
6774	4
4447	3
6184	3
6512	2
5339	1
5609	4
5914	3
6279	4
5593	4
7046	4
6385	3
6907	3
6325	3
5010	4
6357	4
6353	4
5695	4
5426	4
5744	4
5513	4
5895	4
6409	4
5793	3
5784	2
5844	3
5787	3
5881	4
6485	4
5656	4
6503	4
6415	2
6108	3
5194	4
5606	3
5584	3
6729	2
4356	3
5663	3
6523	4
5005	2
5974	3
6064	3
5881	4
5079	3
5698	4
5172	4
5293	3
5884	4
5437	4
5956	4
6534	4
6312	1
6441	3
5223	4
5805	3
6184	4
6028	3
7131	4
7107	4
6451	4
5177	3
6271	4
5572	3
8343	3
7095	3
5458	4
5568	4
6487	4
4374	2
5575	4
6107	4
6747	3
6256	1
5820	3
4627	2
4924	4
5451	3
6047	3
5631	4
5762	3
5898	4
6655	4
4514	2
5877	4
5740	3
6274	3
5506	4
6312	4
4795	1
5424	4
4622	3
5575	3
5851	3
6575	4
4927	3
5789	4
4849	4
5025	3
6334	4
5499	4
6603	4
6281	4
5848	4
4534	3
5518	3
6040	4
5050	4
4405	4
7039	4
6336	4
5100	3
5711	4
7186	3
6381	4
6566	4
5704	4
4912	3
5339	3
5726	3
6806	4
6099	3
6514	3
5076	3
4297	4
4849	3
5787	4
7565	4
5158	4
6170	4
5435	3
5987	3
5705	3
6257	4
5150	3
7270	4
6141	4
5772	3
5189	2
4288	4
4944	3
5245	4
6137	4
5450	4
5917	4
6047	4
5526	1
6633	4
6135	3
5147	3
6227	4
5166	4
4745	4
6907	4
5977	3
4270	3
4277	4
5081	1
5362	3
4151	1
5889	4
3841	4
6369	3
4278	3
6963	3
5817	4
5742	4
4383	4
5694	3
6145	4
6427	4
5511	3
5904	3
6298	3
5870	4
5495	4
4687	4
5828	1
5954	3
5906	1
5323	4
5178	4
6185	2
5821	3
5238	3
5810	3
7302	4
6974	4
5769	4
2954	4
6355	4
5410	4
5527	4
6003	4
5070	4
5721	4
5173	3
5170	4
5648	3
5958	4
7183	4
6293	3
6733	4
6035	3
5103	3
4928	4
5699	1
5878	4
6109	3
6428	4
5893	4
5398	4
8581	3
6823	4
6288	1
5698	3
4863	4
5230	3
6356	4
6365	4
6891	4
5494	3
5507	3
5437	4
5344	4
5779	3
3811	3
5896	3
6845	4
5391	4
4948	3
6666	3
6761	4
5965	3
5725	3
0	1
6348	4
6200	3
4971	3
6414	4
6671	3
6123	4
5837	2
5396	4
6217	4
5535	4
6051	3
7516	4
5157	4
5547	1
4283	3
4059	4
5285	3
6297	4
6103	3
6789	4
5869	3
4328	3
5419	3
7113	4
5172	3
5946	3
6677	3
5748	1
6396	4
6123	2
6223	3
5917	1
5894	2
5846	4
6840	3
5787	4
5476	4
5960	4
5212	4
5410	4
5747	4
4667	2
6364	4
6325	3
5570	4
5808	3
5346	3
6226	3
4982	3
5184	3
5679	4
5735	4
3331	1
5161	3
5604	4
4925	3
5098	3
3423	3
5859	4
5940	3
5892	3
6420	3
6388	3
4426	2
5966	3
6238	4
5540	4
5192	4
5930	3
5079	3
5568	3
5480	4
5036	3
4739	3
5784	4
4901	3
5486	4
5123	4
5699	2
5471	3
5882	3
6525	1
4949	3
5695	4
5796	3
4944	3
5586	3
5525	4
7374	4
6694	3
5886	4
4445	4
5583	4
2831	2
6018	3
5423	4
6139	3
4183	4
5628	4
4780	4
5668	2
4459	4
5230	3
5430	3
5301	1
5482	1
4388	3
5157	4
6610	4
6432	4
7147	3
5170	3
6089	3
6201	3
5102	4
6010	3
6149	3
5023	4
6466	2
4858	3
6054	1
6278	3
5148	3
5505	4
5428	4
5831	1
