2	254
3	7
2	254
2	1
2	1
2	1
3	207
2	223
2	254
2	255
2	237
2	1
2	191
2	124
2	5
2	1
2	253
2	1
3	256
3	219
1	183
2	256
2	1
2	256
2	254
2	146
2	27
3	1
2	213
2	147
2	1
2	1
2	255
2	254
2	220
2	1
2	26
2	129
2	1
2	46
2	1
1	253
2	1
2	254
2	1
2	255
2	1
3	1
2	253
2	253
2	1
2	1
1	254
2	215
2	1
2	219
3	1
2	15
2	1
2	251
2	59
2	256
2	1
2	1
3	175
1	253
2	1
2	241
2	40
2	1
2	1
2	1
2	1
2	3
3	97
2	1
2	1
2	205
1	1
2	1
2	129
3	1
2	1
1	1
2	1
2	1
2	1
2	99
2	105
3	1
2	1
3	254
2	1
2	255
3	1
2	1
2	1
1	252
2	177
2	1
3	1
2	123
2	28
2	1
2	163
2	253
2	254
2	253
2	252
2	23
2	1
3	65
2	214
2	1
2	181
2	102
2	253
2	1
2	211
2	1
2	1
1	183
2	253
2	114
2	125
2	1
2	254
2	240
2	247
3	170
2	234
3	1
2	1
2	1
2	255
2	161
3	255
2	256
2	1
2	1
2	255
2	1
2	254
2	254
2	182
3	254
1	1
2	1
2	255
2	1
2	1
2	27
3	240
2	1
2	239
1	1
2	214
2	1
3	221
2	1
2	70
2	228
2	1
2	1
2	1
2	1
2	1
2	32
2	254
3	254
2	1
3	97
2	1
2	1
2	11
3	1
3	255
2	1
2	192
2	1
2	1
2	1
2	1
2	256
2	1
2	1
2	1
2	1
2	1
3	254
2	1
2	8
2	1
2	1
2	1
2	144
2	1
2	62
2	1
2	1
3	253
2	1
2	19
2	1
2	69
2	1
2	246
3	233
2	1
2	254
2	253
2	65
2	41
3	141
2	1
2	194
2	254
2	1
2	255
2	1
2	1
3	1
2	1
2	1
2	1
3	254
2	1
2	3
2	1
2	255
2	50
2	104
2	253
2	1
2	125
2	1
2	1
3	156
2	1
2	199
2	169
2	255
2	124
2	194
2	255
1	181
2	189
2	1
2	1
2	250
2	254
2	225
2	1
2	1
2	1
2	1
2	1
2	253
3	1
1	1
2	1
1	1
2	254
2	94
2	117
2	1
1	254
3	1
2	100
2	1
3	1
2	85
2	1
2	253
2	1
3	255
2	135
2	223
2	253
2	254
2	7
2	254
3	1
2	1
2	87
2	1
2	1
2	253
3	176
2	210
3	1
2	10
2	251
2	254
2	255
3	1
2	1
2	1
2	1
2	1
2	254
3	1
2	254
2	181
2	34
2	1
2	254
2	1
2	1
2	1
1	254
3	1
2	1
2	46
2	1
2	1
2	1
2	95
1	254
2	188
2	1
2	254
2	1
2	1
2	254
3	255
2	197
2	1
2	1
3	1
2	216
2	1
2	204
2	253
2	212
2	1
2	204
2	253
3	254
2	1
2	255
2	254
2	1
3	255
1	1
1	1
2	247
2	1
2	1
2	19
2	1
2	1
1	1
2	1
3	1
2	1
3	1
2	254
2	1
2	1
2	254
2	255
3	1
2	1
2	1
2	255
2	145
2	70
2	92
1	1
2	254
2	1
3	1
2	1
2	254
2	1
2	253
2	1
2	1
2	1
2	156
2	1
2	81
2	153
3	1
3	165
2	1
2	77
2	1
2	1
2	1
2	1
1	1
3	1
3	1
2	207
3	242
2	1
2	1
2	1
3	88
2	222
3	245
2	1
2	52
2	253
2	1
2	223
2	1
2	13
2	249
2	227
2	47
2	1
3	82
2	1
2	254
2	1
2	255
3	1
1	1
2	210
2	254
2	254
2	250
3	1
2	253
2	1
2	1
2	1
2	254
3	255
2	255
2	1
2	1
3	74
3	254
2	1
2	87
2	1
2	213
2	1
1	1
2	188
2	12
2	1
3	1
3	1
2	127
2	1
2	255
2	253
2	256
2	1
2	1
2	1
2	254
2	1
3	151
2	254
2	123
2	1
2	253
2	1
2	1
2	230
2	1
3	1
2	1
1	1
2	15
2	255
2	1
2	141
3	1
1	1
2	254
2	72
2	28
2	148
2	1
2	120
2	1
2	1
2	240
1	1
2	219
2	250
3	1
2	1
1	1
2	254
2	1
2	1
3	1
2	1
2	253
3	1
2	151
2	6
2	1
2	1
3	1
2	16
2	1
2	256
2	252
2	1
2	135
2	1
2	129
2	51
2	1
2	1
2	254
2	132
1	254
2	1
3	254
2	1
2	256
1	202
2	1
1	45
2	254
2	1
2	1
2	1
3	252
3	1
2	250
2	201
2	1
2	5
1	1
2	98
2	1
3	203
3	1
2	87
2	13
3	1
3	30
2	9
3	1
2	1
2	1
2	33
2	1
2	1
3	1
2	253
2	1
2	255
2	246
3	1
2	1
2	1
2	253
3	256
2	254
2	1
2	90
2	187
1	1
2	1
2	1
2	1
3	233
3	53
2	254
2	245
