2050	3045
2339	2786
2189	2471
1164	3155
1554	2738
3422	2587
4523	2047
2284	2928
1820	2948
1181	2630
1969	2738
2224	2667
908	2832
1077	2689
1923	2372
1367	2643
2586	2776
1253	2528
809	2741
3078	2729
2574	3200
442	2695
1704	2330
871	2489
2025	2988
2179	2728
981	2841
1320	2630
1774	2922
1073	2987
918	2385
2381	2385
967	2998
1654	3021
2114	2532
1598	3216
1754	3205
2097	3008
1319	3011
1320	2832
1088	3137
1850	2620
2142	2897
962	2666
4342	2604
1208	2247
1010	2734
2765	2955
754	2909
1895	2422
1298	2837
1086	2735
2254	2915
2054	2979
1428	2871
2379	2828
1266	2505
1695	3055
2132	2817
2920	2552
2305	2435
920	2846
1286	2826
620	2900
2246	3007
4310	2478
6390	2238
1532	2566
1547	2913
2056	2981
499	2697
1907	2235
1019	2748
1493	2767
3380	2663
2531	2846
1463	2746
1934	3021
1999	2493
2146	2775
936	2415
819	2498
2315	2754
2368	2741
1328	2798
7795	1821
1764	3177
1776	3033
1045	3059
227	3103
673	3046
1638	2981
1287	2884
1517	2619
858	2166
1315	3101
1418	3070
833	2826
2376	3046
1555	3031
2711	2649
1284	3074
1901	2801
1103	3017
1298	3128
965	2450
1088	2900
6796	2006
1096	2607
1054	2509
3110	2424
1951	3081
1344	2561
2457	2638
1402	2146
940	2991
1026	2843
1618	2721
2247	2907
1378	2707
1264	3016
1451	3095
3748	2690
1882	2789
836	2822
994	2771
1678	2804
1903	3071
2869	2903
1535	2889
5710	2222
1530	3204
957	2595
1627	2623
602	2945
2172	2662
1961	2920
2473	2680
1959	2734
2352	3053
1084	2638
1018	2901
547	2649
2129	2847
840	3000
3880	2671
1911	2962
1088	2740
1617	2675
2481	2528
1278	2745
3448	2268
2148	2882
3840	2666
1686	2897
1452	2596
2744	2488
1276	2563
1169	3167
1706	2722
500	2803
1355	2787
1843	2920
1379	2963
1582	2555
2314	2569
3147	2434
732	2209
1852	3175
2339	2949
1627	2753
2142	2994
1306	2680
3373	2807
545	2677
1304	2601
4204	2631
4298	2603
2213	2903
1349	3207
1630	2921
4051	2908
1235	2692
2444	2741
1805	2949
1333	3145
2385	2685
1085	2670
6482	2286
1247	2825
1513	2775
3012	2906
1713	3015
2585	2542
1894	2680
4023	2515
510	2658
1198	2954
1520	2757
4126	2714
1618	2693
1721	2989
3382	2489
3383	1975
2951	2379
758	3117
1988	2718
1300	2172
504	2502
1575	2923
2126	3117
1573	3217
1895	3044
1469	2622
2197	2017
2567	3108
2078	2757
1311	2777
1186	3196
2262	2640
1125	2959
1383	2927
1242	3015
1255	2641
5849	1960
1834	2737
1812	2469
1392	3020
3364	2268
850	3100
5100	2453
717	3074
1777	2173
1052	3098
1092	3015
1465	2591
2954	2589
1268	2480
2330	2888
1178	2925
795	2668
1033	2845
1435	2340
2802	3090
1185	2783
1358	2866
2766	2873
1570	2750
1430	3135
1343	2709
2261	2652
4354	2414
1407	3225
1983	3128
1709	2842
2763	2439
1192	3019
3223	2667
2770	3218
1487	2918
1357	2555
914	2698
1273	2467
1643	3098
1482	3061
1444	3318
1775	2732
1092	2549
3099	2672
1011	3037
1223	2704
1151	2872
1630	2373
1659	3090
2228	3212
6578	1878
1991	2317
1870	2788
1015	2657
4424	2285
2167	2752
2080	2383
2014	2448
1493	2816
1658	3151
3836	2001
1680	2526
1043	2913
1374	2437
1228	3185
8247	1637
668	2284
1015	3214
2229	2828
1136	2433
1592	3000
1014	2996
1288	3004
2847	2211
2073	2943
1308	2727
1980	2878
2224	3172
2706	2949
4417	2328
3947	2129
1128	2989
1346	2897
6292	1832
1337	2615
2163	3136
2245	2710
4997	2186
1413	2895
1415	2579
1151	2716
1074	2698
1425	2178
2672	2865
6124	1926
1116	2750
1423	3046
1980	2676
1888	2714
1338	2726
2794	2825
1043	2877
1323	2863
1840	3036
1898	2538
1933	2489
1429	2874
1943	2644
1812	2775
3809	2568
2072	2714
1667	2540
1126	2775
1887	3275
1892	2647
1313	2925
1098	2749
2002	2897
815	2933
3633	2459
4091	2149
1299	2826
1241	2875
2140	2721
4784	2485
1594	2647
983	3028
2364	2611
1691	3093
1080	2974
2036	2581
1004	2625
1427	2730
1362	2813
1850	2605
823	2745
1312	2868
8537	486
498	3016
4122	2404
2966	2677
1690	3265
942	2821
1881	2617
1537	2883
1011	3049
873	2392
3272	2382
747	2792
1528	2716
5527	2414
1472	2816
1807	2701
1341	2422
4123	2265
1145	2681
1278	3046
1094	2542
2017	2356
1216	3070
2105	3143
1997	3023
913	2813
2594	2567
1177	2976
2462	3150
1089	2932
1379	2620
6626	1348
1292	2962
1139	2832
3630	2150
1465	3149
1361	2849
1591	2992
1881	2715
2433	2901
969	2517
1884	2726
821	2277
1111	3292
4110	2574
895	2957
2394	2967
1626	2938
1062	3105
2501	2515
1946	2494
2188	2790
1296	2485
2938	2175
1715	2906
1992	2307
3585	2705
483	2611
1498	2516
2636	2854
912	3077
1591	2648
4679	2351
1640	2851
9976	237
3029	2958
5966	2479
769	2586
1711	2614
1343	2499
2467	2905
1295	3177
2138	2677
1012	2634
2003	2899
5640	2240
7551	1486
1047	2495
2053	3019
1130	2886
770	3014
2414	2437
1569	2841
1801	2773
1813	2944
1570	3192
6702	1730
2714	2687
4717	2248
1397	2739
1143	2752
947	2907
1380	2569
3560	2948
3637	2907
1890	3081
2622	2725
721	2650
2054	2887
2048	2807
1519	3034
1667	2746
988	2941
1946	2555
3219	2214
2138	2766
2254	3015
1500	2523
2544	2598
2621	2733
897	2718
1401	2910
845	3013
1404	3251
2088	2805
854	2616
1371	2779
4347	1909
1028	2525
1489	2788
484	2917
2250	2736
2287	2874
1677	3183
1197	2661
1089	2927
4889	2126
2120	2936
1491	2766
1466	2918
2262	2686
2261	2681
2144	2656
1465	3023
1097	2863
2872	2619
1597	2751
1047	3135
2213	2543
1030	2712
2542	2535
2227	2423
1603	3133
1300	2838
1912	3061
2657	3214
1401	2538
1357	2858
1038	2927
673	2812
2786	2847
2270	2791
606	2675
1667	2810
1609	2944
948	3059
1898	2318
7813	1523
998	2884
843	3172
1492	2941
633	2815
873	2664
1239	2795
2104	2867
2157	2249
1179	2801
4047	2315
2013	2291
1997	2737
1639	3067
2801	2424
999	2859
6185	1953
1118	2478
1402	3056
895	3116
698	2810
2089	2939
1955	2758
1686	2793
1495	2880
840	2930
2124	2769
2222	2558
1312	2593
1578	2813
1730	2579
2123	2818
439	2318
3871	2487
2787	3051
3721	2531
2571	2874
2672	2652
1360	2324
2163	3234
1242	2909
797	2962
2043	2777
1402	3049
1253	2704
4650	2564
769	3099
2533	2601
1972	2857
1002	2580
2025	2645
874	2607
4087	2285
2143	2888
2421	2782
421	3032
1152	2840
2921	2599
909	3173
2227	3122
1631	2875
1213	2766
2463	2829
1851	3155
1011	2702
1066	3163
2892	2585
793	2784
1046	2915
1875	2576
2555	2837
1444	2254
1306	2482
2253	2992
1751	2492
2059	2622
996	3026
2274	2967
3495	2392
3883	2523
2391	2768
934	2864
1338	2692
497	2900
4911	2254
1847	2352
2029	3104
1083	2607
877	2736
1237	2694
2781	2084
1904	3084
504	3072
2274	2559
4089	2537
1862	2754
3295	2489
1211	3058
1226	3040
1895	2733
1480	2642
2495	3109
1544	2567
4261	2502
607	2778
1758	2981
1672	2896
1029	2946
2264	2951
2080	3015
858	2831
625	2667
615	2969
3694	2680
5497	2338
2596	3109
1229	2588
1766	2901
1138	2691
4445	2553
3713	2620
2244	2824
2024	2963
2459	2897
1440	2572
2512	2861
1527	3072
1322	2884
2163	2519
996	2889
3198	2369
1011	2835
1609	2920
7253	1739
1533	2281
1149	2477
1823	3093
1277	2841
1168	3216
907	3052
941	2873
2458	2509
4476	2082
1390	2984
1581	2258
2156	2799
1160	2732
2518	2912
996	3073
870	2341
1139	2705
2177	2803
1990	3130
2555	2402
4767	2577
1359	3158
1556	2850
4970	2162
1538	2738
1133	3317
1268	2570
5534	2283
2560	2626
1842	2561
2723	2673
1652	2780
2485	2870
956	2958
930	2827
747	3102
1592	2948
847	3069
1222	2877
965	2734
1071	2846
1590	2759
1685	2774
2292	2261
1758	2847
1567	2745
3825	2634
1274	2553
4655	2447
3014	2565
1758	2982
1587	2649
1767	3087
1520	2562
1369	2777
1894	2742
2070	2822
1432	2961
949	2605
1471	2599
2029	2570
945	3062
1328	3045
800	3115
3416	2551
1256	2587
1619	2999
1267	2987
1404	2835
1584	3058
1670	2950
864	3074
898	2706
2070	2827
2332	2658
904	2797
2763	2742
561	2742
1240	2821
4679	2705
1636	2959
1770	2784
1903	2546
1929	3055
1857	2762
1121	2969
4154	2578
2165	2645
2706	2940
1526	2631
1305	2951
4556	2476
944	2632
1136	2466
2748	3018
2020	2698
6191	2190
501	2576
1461	3254
1024	3065
2028	3006
1312	3025
1075	3106
1324	2586
3143	2624
2737	2692
2768	2251
1291	2902
1137	3142
2185	2620
3198	2378
1094	2220
1374	2465
2631	2939
806	2692
9617	18
2080	2883
2488	2911
6371	2124
1799	2799
4671	2329
2328	2859
2957	2237
1467	2596
2074	2628
4192	2273
990	3023
1089	2630
3048	2864
1060	3002
1808	2951
1573	2608
4190	2402
713	2999
1148	2891
1898	2778
1175	2756
1291	3095
5099	2292
2333	2299
2806	3139
1446	3120
1263	3004
1369	3048
2529	2674
1296	3081
2609	2779
1542	2755
942	2326
994	3090
1303	2764
2368	2985
1658	2572
2175	2938
2682	2496
1895	2899
8265	1132
2233	2675
1014	3238
5053	2383
1629	2648
1322	2847
1026	2600
1320	2690
1582	2582
1760	2652
1275	2760
4426	2318
1900	3080
1188	2874
1259	2871
1640	2671
5174	2085
1077	2698
830	2797
1411	2863
1037	2687
878	2675
1044	2632
2826	2955
1769	2903
1755	2860
1040	3064
2218	2138
3299	2264
2259	2647
1071	2853
1761	3009
2416	2336
457	2854
689	2722
1029	2910
1170	3113
1880	2889
1591	2758
1288	2783
863	2460
505	3108
1315	2843
1972	2426
2429	2824
5505	2472
1453	2882
1349	2646
2510	2820
1103	2640
1024	2184
1477	3229
1053	3054
2060	3175
1047	3218
1491	2759
4292	2033
2681	3098
1257	3169
2479	2768
2254	3059
752	2922
856	3065
1590	2984
1258	3195
3662	2124
2636	3071
2309	2755
1371	3019
3968	2780
2954	2808
1212	3168
3334	2408
1653	2742
984	3123
3192	2743
1473	2898
2109	2349
1534	2950
2014	2636
1813	2825
2184	2645
1271	3047
1095	2769
784	2993
5109	2198
1702	3205
2028	2926
783	2784
4794	2187
888	2606
2521	2424
1309	2938
2553	2756
2528	2812
1605	2681
1599	2772
1593	3055
743	2455
1163	3152
775	2617
7630	1392
4188	2400
959	2833
2490	3047
835	3133
3663	2654
2766	3045
1584	3077
1244	2741
1256	2787
1453	2764
1062	2697
2360	3032
1759	2856
1953	2395
880	2574
1379	2228
1806	2650
787	2853
1336	2453
1900	2759
5291	2369
1717	2998
1832	3089
2489	2501
2312	3053
1008	2981
1257	2836
1074	2827
2371	2739
2597	2843
1357	2403
1061	2952
1115	2629
1242	3074
3917	2593
5797	1821
2099	2795
849	2235
4296	2176
1415	2500
1017	3032
5811	2195
1508	2807
1102	2781
2267	2949
2121	2926
2777	2855
1458	3040
1490	2934
4179	2621
2096	2853
2373	2580
1050	2619
1622	2646
5538	1874
910	3019
1931	2348
1853	2381
3727	1956
1957	3116
2047	2791
1989	2642
1226	3009
4096	2417
1175	2946
4664	2395
2344	3004
4574	1921
2024	2789
1013	2887
2023	2644
887	3244
2088	2947
2852	2245
675	2870
5202	2074
1029	2942
1399	3079
1290	2627
1671	2602
960	2927
2216	2971
1068	2963
1545	2658
2094	2229
1548	2781
2164	2759
2030	3015
1666	2727
1215	2663
1394	2875
4392	2088
756	2827
1601	2594
2218	2622
2620	2724
1859	3008
3224	2850
1147	3034
1613	3061
1630	2951
1170	3020
3315	2606
1445	2822
1480	2974
1360	2877
1517	2439
1454	2193
911	3080
8140	254
919	2859
2195	2549
644	2949
1275	2722
881	2993
4737	2231
1908	3148
2264	2367
904	3010
2434	2183
1314	2950
1333	2885
1530	2766
2638	3120
2512	2924
1356	2782
1533	2846
890	2331
1207	3018
2623	2786
1188	2910
2149	2658
3026	2786
1968	2779
1030	2767
1411	2837
859	2774
3215	2611
1836	2615
1312	2619
3510	2868
1737	2668
1246	2978
1178	3211
1378	2851
626	3009
4292	2404
778	2835
2778	2586
2603	2326
1354	2904
1162	2618
488	3119
1550	2635
7978	1603
544	2943
2148	2545
1672	3107
2029	2966
1343	2671
1990	2352
480	2907
1014	2959
716	3015
1849	2923
2007	2944
3375	2712
1506	2506
1164	2930
2359	2393
1834	2477
1795	2584
6320	1686
2399	2421
2031	2672
913	2973
1212	3235
2326	3058
1288	3066
2321	3244
1623	2220
1429	3061
1352	2881
1675	2953
1023	2587
3228	2390
1976	2996
2209	2963
955	2990
2014	2510
2578	2574
2878	2537
1987	3009
2039	3087
288	3118
652	2999
5173	2277
1516	3068
2092	2519
2578	2940
2127	2698
1204	2253
2017	2829
2322	2614
390	2825
1343	3057
1040	2744
4843	2424
1506	2687
2145	2987
1653	2987
1183	2714
553	2840
1554	2750
1695	2862
1774	3181
1265	2759
1217	2611
1167	2855
990	2541
2107	2794
823	2614
1688	2596
1557	2558
2386	2691
2301	2696
1268	2745
573	3148
2295	2483
3127	2668
994	2582
2294	2435
983	2419
1355	2830
2587	2253
1495	2709
1013	3230
2082	2847
2187	3165
904	3223
3179	2673
2453	2630
765	2927
1283	2789
2246	2737
1167	2553
1247	2960
4255	2362
1723	2532
1713	3091
2529	2474
2094	2673
1755	2739
2041	2892
1304	3002
3536	2338
877	2985
1327	2718
7748	1834
1274	2947
575	3185
3004	2542
4641	2303
2001	2837
1751	2920
902	2953
2175	2544
1251	2915
1387	2568
2248	2782
1518	2994
2820	2651
2587	2593
1114	2652
5769	2020
7783	1606
2033	3013
1114	3099
2210	2499
1250	3072
7437	1139
1295	2509
1272	2847
936	3029
1823	2518
1767	2836
1341	3232
1995	3113
2827	2564
4505	2467
4162	2158
1810	2700
1628	2794
2316	2886
2670	2276
808	3066
1327	2981
312	3118
2191	3007
2068	2895
1991	3006
1021	2861
2796	2910
2065	2804
1998	2950
3420	2261
967	2627
1598	2688
1110	3043
1519	2415
3765	2721
1804	2685
2040	2899
1077	2902
1289	3052
1510	2973
988	3131
850	2490
2446	2760
2115	2535
2007	2995
1328	2698
2579	2772
2205	3167
1752	2890
2560	2886
1323	2904
334	3064
1539	2651
1202	2812
1912	2577
957	2864
1424	2666
2043	2819
3075	3050
1607	3305
4043	2517
1131	2815
1192	3038
1624	2468
1296	2621
1921	2872
1554	3100
1532	2689
1168	2266
1737	2615
1989	2933
1154	2954
1759	3049
5771	2022
4947	2471
1143	2724
1054	2942
2301	2769
2255	3014
1117	2830
817	2705
8301	624
1519	2793
1317	3022
1228	3017
4210	2265
1698	2881
1071	2922
3233	2716
2855	2857
1940	2797
791	2586
979	2314
2071	2171
6565	2138
1523	2821
1302	2751
1468	2804
2176	2818
3467	2632
866	2801
2146	3252
1365	2934
888	2737
797	2951
1988	2869
1148	2566
1646	2471
1988	2727
754	2622
1413	2731
515	2307
2245	2145
2252	2882
2296	2713
2228	2963
1586	2919
1732	2880
1112	2816
1021	2633
985	2934
1163	2698
2526	2589
1411	2800
2222	2679
1183	2880
2684	2270
2072	3019
1376	2887
1513	2660
1762	2862
1636	2707
1111	3211
1094	3100
3689	2600
2503	2787
1438	2524
3385	2314
4854	2279
2211	2671
1653	2911
919	2808
1648	3002
1009	2706
2380	2515
4291	2504
2168	2725
1203	2622
2169	2736
2190	2970
3022	2564
1333	2413
391	2867
2118	2956
1130	2832
1404	2308
2717	3152
2688	2902
1593	2401
2803	2361
1589	3104
7078	1718
1489	2865
1917	2985
1432	3072
1692	2864
1477	2222
1439	2265
984	3062
1158	3215
1740	2583
838	2658
1512	2731
2080	2970
1760	2810
1761	3091
5173	1976
1804	2985
2058	2844
1433	2479
2007	2823
1458	2790
3952	2805
1450	2747
1745	3065
4523	2393
6008	1621
2390	2907
510	2648
1616	2934
1407	2727
2142	2699
1612	2735
2665	3015
914	2826
1050	2955
1998	2781
1678	3048
483	2504
1135	2992
688	2798
865	2993
1569	2702
2204	2703
1639	3033
1327	2942
1759	2926
1886	3371
960	2873
2019	2243
2223	2651
1628	2956
916	2702
6435	1552
4553	2540
1203	2875
2495	2513
940	2790
1084	2883
962	2576
1019	2923
1626	2793
2059	2877
1994	2588
3365	2429
659	2963
2769	2769
2069	2811
846	2886
2312	3073
1935	2880
1584	2742
2878	2612
904	2781
1034	2680
1431	2575
2972	2858
3241	2569
2905	2883
4595	2435
1198	2844
1404	2902
1306	2918
1399	2920
1214	2846
1767	2898
2306	2783
1192	2861
2049	2390
3825	2712
2434	2801
2361	3001
3320	2667
591	2677
1600	2973
3199	2440
1621	2544
2182	2631
1382	3000
2251	2800
2010	2764
974	2908
852	3122
1283	2995
1705	3110
1792	2893
1072	2913
1241	2831
2612	2787
2604	2652
930	2540
1287	2771
857	2743
1042	2690
1425	2880
4180	2299
1834	2517
1385	2853
1670	2585
2042	2922
1222	2791
1513	2173
1368	2253
1845	2803
2079	2617
2000	2351
1737	2822
1242	2617
2673	2359
1776	2626
4078	2333
1232	3178
2298	2872
873	2563
3237	2763
536	3288
4353	2697
4124	2587
1256	2281
602	2827
1082	2914
6798	1741
2048	2825
1016	3131
1826	2893
1924	2959
1141	2234
1736	2690
877	2999
1101	2805
2311	2990
1322	2537
1718	2952
2125	2593
4722	2306
2367	2985
2010	2675
576	2586
1871	3066
799	2752
7010	1868
532	3001
1508	2630
1628	2791
2169	2768
3328	2490
1377	2944
1063	2901
2800	3076
1168	3153
564	2849
512	2967
1786	2866
1968	3141
3264	2778
1829	2812
1560	2997
1897	2569
1569	2683
3548	2508
3264	2497
2218	2532
1173	3204
2048	2965
1381	2990
1669	2403
1332	2476
1086	3038
1434	3212
852	3022
3049	2860
1162	2408
1893	2885
974	2899
1364	3235
2782	2648
1617	2963
1129	2836
1817	2952
1038	2940
1015	2933
1718	2698
3993	2490
1620	2464
2732	2809
2813	3036
1084	2712
1211	2821
1843	2282
2922	3093
1126	2795
1511	3112
5230	2260
3772	2777
856	2591
3528	2549
5778	1718
1265	2453
2785	2776
1057	2821
3605	2713
3568	2846
2476	2426
1106	2953
1400	3111
1683	2753
4174	2323
1476	2592
1705	2816
953	2724
1987	2790
921	2603
788	3015
3839	2256
2607	2714
1976	2227
1386	2331
765	2764
2415	2854
2007	2817
1469	2903
1412	2917
1772	2982
2378	2842
4881	2674
1117	2838
2101	2686
3431	2691
1120	3007
2406	2473
1175	2727
1817	2903
1684	2960
1734	3132
5201	1471
898	2825
1363	2688
683	2743
2155	2801
1435	2827
1971	2943
2354	3088
855	2691
893	3042
1651	2832
1302	2829
1723	2424
2030	2576
1251	2760
1233	3022
1902	2607
1311	2735
3039	2613
1203	2792
1248	2762
4444	2854
1104	2779
2608	2960
1352	2699
1674	2826
1595	3210
3455	2518
4451	2730
2233	3159
8681	1276
1432	3025
3432	2481
929	2484
2852	2853
1081	3114
1064	2682
1199	3132
3915	2399
1757	2951
1821	2745
8406	283
2594	2829
3397	2803
6854	1654
2275	2608
1895	3169
2738	2571
1075	2584
4296	2344
1716	2544
1485	2791
1771	2775
5374	2176
1915	3104
7389	1410
2023	2823
4245	2210
1938	2767
2479	2741
1598	2285
8028	1298
1572	2908
2540	3013
1674	2994
1846	2793
1044	2298
1243	3003
2122	2657
1321	3163
2144	2618
1919	2436
887	3195
2225	2210
1346	2758
665	3033
1448	2917
1293	2272
947	3142
2551	2913
1234	2776
4558	2093
1090	2714
1007	2821
2084	2648
1546	2527
1766	2712
1017	2967
1899	2787
1585	3006
2089	2810
544	3024
1596	2924
1204	2761
1231	2868
5331	1796
4695	2169
968	2697
1484	2513
4516	2355
2168	2948
2195	2612
1134	2643
2220	3078
1486	2760
2326	2521
511	2529
1658	2907
2302	3391
1146	2854
2058	3172
1528	2910
2402	2906
1981	2570
515	3026
1083	2239
1084	2773
1351	2758
1790	2793
1794	2728
1239	2661
5980	2347
233	2728
1780	2984
1777	2614
2067	3020
823	2988
815	2967
905	3083
1653	2662
634	2704
1612	2953
1539	2952
1719	3119
935	2816
2350	2748
1709	2926
4581	2131
478	2725
5728	2330
2773	2473
1129	2938
706	2826
1136	2982
2283	2663
1286	2654
1016	2853
1069	2854
1208	2593
2025	2614
2086	2881
3268	2460
3029	2469
870	3205
2154	2601
1151	2673
1511	2752
2408	2890
674	2826
512	3144
1420	2725
1089	2504
1963	2850
1302	2685
1429	2824
591	2467
6183	1791
1880	2806
2885	2749
2384	2639
1458	3182
911	2986
4565	2291
834	2800
1649	2923
1594	2871
1709	3210
1242	2981
1127	3250
9999	0
2061	2608
2636	2547
724	2705
1759	2539
1752	2768
3215	2501
1862	3105
1860	3191
1060	2932
1863	3027
874	2696
4629	2604
1864	3010
1360	2599
1091	2917
1218	3083
1029	2805
2422	2799
1413	2588
1562	2994
1913	3068
883	3053
4044	2542
1829	2705
3238	2564
1011	2646
1715	2715
739	2860
6481	1456
900	2911
3548	2117
1193	3016
7195	1586
1431	2516
1288	2749
1813	2716
1726	2907
1830	2953
1442	2962
1753	2936
1896	2458
1053	2790
817	2519
542	2907
1906	2779
2814	2408
1023	3145
1202	3092
884	2795
1086	2469
1339	2702
1113	2856
2327	3213
2333	2573
613	2344
2714	3184
1658	3013
1429	2836
838	3195
1974	2188
1433	2367
850	3004
749	2540
1540	3001
1412	3123
1109	2931
2721	2748
4347	2655
856	2821
996	2873
1706	3158
2155	2945
910	2685
2809	2607
1199	2754
2601	2486
4426	2219
658	2969
715	2994
2472	2805
1300	3105
703	2782
2601	2916
990	2785
1172	2863
1179	2815
1462	3143
1035	2808
1346	2805
3651	2927
2018	3013
1219	2988
1360	3029
1085	2304
1724	2348
2087	2807
1034	2601
1426	3006
3483	2578
1311	2673
1938	2777
481	3057
1278	2739
1124	2656
851	3071
1776	2784
3551	2700
1481	2855
814	2968
5043	2075
1694	2929
910	2877
2559	2763
4177	2592
1603	2846
5303	2166
1639	2697
1886	2802
6745	1680
3882	2101
1121	3098
1318	2736
3347	2465
1342	3026
2693	2699
1965	2463
430	2967
1300	3015
2152	2859
2206	2805
1188	2787
2338	3054
714	3116
1344	2944
1964	2932
1115	3118
2444	2659
2148	2553
1545	2989
1109	3078
1260	3129
6029	2159
1460	2856
2505	2897
1802	2909
1794	2590
1473	2290
1187	2705
798	3011
4950	2063
3328	2175
687	2871
1988	2654
5542	1838
1563	2768
3783	2333
899	2966
2530	2934
1145	2645
5124	2396
1568	2670
1189	2757
1639	2867
894	2857
577	3011
949	3146
1903	2442
1534	2721
1306	2789
876	2706
1856	2682
4274	2062
1704	2988
1484	2907
2402	2816
866	2975
1066	2831
3120	3022
1656	2701
1525	2937
3033	2903
8261	823
891	3241
1805	3133
1656	2945
3100	2650
1439	2702
2742	2744
920	2723
1099	2792
1172	2650
2320	2507
657	2862
4007	2217
1907	2502
812	2674
1332	2926
7738	1143
4223	2236
1389	2821
1658	2582
2879	2156
4215	2487
1967	2535
1599	2445
2078	3090
5154	2112
941	2935
3999	2640
2002	2877
2304	2824
210	2860
909	2425
1242	2459
1093	2963
2460	2933
6983	1703
504	2927
1057	2623
3214	2472
1929	2685
4451	2347
1076	2953
1291	2978
1179	3005
973	2653
1863	3132
1083	2780
2567	2672
2570	2709
1369	2787
586	3231
894	3050
622	2723
1337	2250
5312	1960
1015	3027
1765	3011
521	2806
1403	2815
2030	2961
1060	2730
1424	3144
1517	2738
2303	2869
923	2920
2567	2504
2525	2738
540	3210
921	2793
2377	2952
2073	2700
1359	2717
2158	2384
1518	3177
1302	2835
2062	2894
2669	2742
1855	2790
1318	3127
2214	2255
2376	2887
1333	3022
1272	2653
1353	2969
1090	2265
2161	2919
450	2811
3145	2215
3606	2410
1765	3007
1949	2588
1359	2799
2468	2890
1490	2762
1716	3072
1619	2818
1903	2639
1225	2983
2502	2690
1101	3081
1511	2637
1348	2655
725	3040
1050	2866
2321	2938
1745	2925
3096	2965
3123	2336
1353	2971
1306	2734
1408	2459
2196	3142
4821	2351
1317	3174
919	2664
2053	2872
2520	2958
1337	2895
1900	2840
1469	3305
847	2580
547	3003
5426	2490
3499	2702
1149	3065
1173	2893
1486	2876
1843	2700
1558	2648
2497	2706
3574	2663
694	2949
1089	2568
1413	2692
2524	2371
2634	2328
2009	3109
2996	2912
1664	2529
1205	3100
1916	3162
1086	3054
1328	2879
5995	2341
4823	2515
1414	3004
548	3084
2825	2340
1315	3103
1251	2892
902	2956
814	2648
2406	2992
1221	2964
2519	2963
1195	2887
2472	2686
2036	2626
1431	3099
1592	2717
1012	2797
882	2518
1210	3005
1225	2970
2540	3193
3396	2791
1108	3021
1225	2546
1316	2617
874	3145
2542	2772
853	2959
3349	2661
4370	2247
1411	2728
1170	3194
2112	2575
1326	2347
1358	3020
1666	3383
2537	2604
1308	3140
1735	2931
5147	2092
2485	2773
4028	2539
1801	2940
2127	2978
4504	2373
1281	2641
1903	2910
1308	2925
534	2750
1949	2832
3163	2772
1558	2856
464	2450
929	2788
879	2681
1700	2851
1939	2897
1539	2777
1952	2350
1646	2803
3377	2323
2769	2279
678	2913
3460	2184
557	2404
1514	3063
1822	2842
3424	2760
949	2495
1872	2824
1299	2983
1025	2443
3764	2487
1147	3062
2445	2846
1598	2785
1678	2428
1185	2850
2135	3095
1126	2816
4602	2270
1688	3047
1950	3119
5403	2296
3434	2381
1267	2956
988	2983
902	2644
1976	2686
1663	3100
2431	2974
2484	2704
1415	3092
1760	3132
995	2786
2895	2830
1885	2663
1289	2791
1301	2892
1883	2586
1132	2568
1994	2897
1408	2652
4117	2686
1255	2671
2826	3081
1191	2767
1886	3088
1248	2917
1202	2716
1905	2852
1031	2953
2261	3066
3965	2634
4523	2391
1947	2627
3414	2822
2459	2669
1172	2917
1505	2964
794	3129
1723	2615
4460	2446
1294	2535
833	3026
1281	3085
1483	2687
1459	2973
1069	2815
754	2252
1710	2242
1156	2810
1516	2786
2349	2916
1757	3096
943	2753
3638	2718
1481	2967
1328	2483
1466	2763
1229	2555
1843	2856
1969	2503
1176	2701
733	2899
1581	2292
986	2783
1584	2721
1341	2768
1734	2588
2331	2822
2333	2866
900	2407
3308	2572
1114	2603
1637	3195
1280	2561
1779	2630
1563	2892
3077	2497
2499	2802
1093	2918
1217	3115
845	2899
2611	3149
3247	2428
1465	3086
2173	2855
3431	2342
1538	3001
1942	2941
1205	3124
2362	2746
2499	2382
1814	2674
4517	2408
3332	2804
2212	2833
1269	2797
1412	2935
8869	64
2378	2789
2749	2503
606	3047
1292	3110
1754	2777
1266	2770
3042	2393
2822	2470
2236	2875
1938	2893
2570	2688
1997	2869
2386	2757
1147	2741
7509	1419
2502	2628
1836	3007
1723	2680
2869	2663
1317	2942
3138	2709
5270	2074
1202	2604
916	2827
650	2551
1128	3258
987	2682
2039	2542
2169	2337
373	2986
2603	2833
1070	3127
3987	2827
1164	3037
1069	2832
1641	2709
2752	2662
2988	2577
1645	2611
1225	3087
5376	2279
2260	2560
2496	3161
1570	2936
1446	2882
1291	2194
1008	2651
1691	3097
1370	2694
886	3080
2848	2644
3177	2473
1112	2921
2006	2887
1004	2817
5398	2196
1318	2831
1200	2606
1851	3006
702	2947
1847	3198
2445	2892
2194	2800
710	2904
2230	3204
931	3049
1603	2700
4093	2226
1384	3048
1569	2885
1112	2797
828	2843
1441	3147
915	2989
2618	2713
1077	2497
1489	3069
690	2705
2889	2722
3759	2685
1206	2693
3678	2317
2769	2951
1012	2590
1191	2801
6438	2113
1335	2923
1899	2783
1939	2619
4205	1838
1691	2639
900	2832
1082	3017
2002	2695
5661	2348
1209	2911
1663	2892
4317	2682
873	2813
677	2881
1623	2504
1520	3016
2999	2754
1682	2949
2127	2457
1083	2946
1439	3110
1122	2690
2530	3015
2223	2867
5546	2304
985	3141
896	2822
965	2798
1309	2689
2134	2963
3250	2685
1080	3136
2285	2950
4312	2447
712	3150
1249	2999
1270	3277
1408	2833
285	2737
1178	2933
2504	3112
1062	2876
2153	3008
1624	2749
1127	2916
2925	2782
825	2914
2751	3099
2040	3030
1399	2934
2158	2755
2187	2798
1619	2671
1391	3008
717	3092
1776	2776
1972	3087
6156	1877
1158	3026
3991	2418
2098	2682
2071	2934
1644	3269
4855	2783
2613	2402
1634	2991
1062	2621
3327	2549
2345	3208
1061	2871
2704	2520
2726	2651
1154	2768
2270	2872
3271	2923
1892	2685
653	3130
1835	2966
956	2966
2861	2861
1274	2384
2773	2661
1352	3191
2515	2678
5921	2256
1981	2855
1336	2815
2524	3120
1416	2496
1831	3079
2380	2621
3273	2695
1843	3227
2069	2735
972	2704
1898	2720
1087	2252
3408	2390
1476	2740
2053	2879
1613	2700
412	2641
1158	2723
1778	2968
1139	2404
1770	2334
3419	2316
768	2802
793	2532
1599	2762
1586	3025
672	3099
1045	3041
1533	2712
1538	2580
1640	2933
4303	2251
5558	2269
1518	3114
2178	2721
1139	2857
1249	2727
2319	2813
2671	2748
1360	2888
4967	1997
2316	2835
1449	2463
2241	2857
1263	2890
1047	3093
2562	2687
1366	2682
1788	3095
1216	3247
1407	2247
829	2815
784	2807
2182	2862
4284	2176
1775	2978
1132	2591
2839	2678
1964	3251
3195	2576
742	3196
1862	2814
2237	2619
397	2707
1854	2832
720	2906
2564	2419
1279	2538
6001	2114
5322	2323
1375	2913
845	2851
1255	2886
1063	2376
1377	2993
1260	2844
1234	2893
1452	2740
1877	3024
6881	1396
2154	2781
1562	2940
1978	3028
1191	2814
1517	2841
1565	3078
951	2650
4785	2275
1208	2792
1247	3019
2686	2835
1709	2933
1607	2944
2131	2854
984	2706
1261	2807
2006	2766
1553	2704
2120	3036
1252	2934
2035	2645
1937	2302
1969	2728
1279	3209
2070	3015
1051	2688
1185	3017
2256	2826
3759	2691
785	3047
3087	2191
1171	2728
6823	945
869	2924
2298	3000
2332	2897
1862	2865
2135	3092
2672	1969
2367	3062
2013	3148
1352	2705
1249	3036
2139	3216
1378	2871
1045	2653
1362	3250
1263	2892
2809	2991
4802	2273
2299	3106
1039	3054
2471	3086
2098	2810
1476	2823
1223	2811
1140	2937
1681	2832
4509	2740
1809	3014
2301	2379
1406	3011
2473	2545
3126	3025
1358	3083
1134	2811
2845	2598
1375	2866
1781	2708
1118	3206
1053	3096
1663	2734
4989	2620
1362	2747
1338	2864
1470	2998
3922	2473
816	2514
1986	2576
3766	2339
1418	3127
1457	2856
1767	2956
1946	2923
1731	2664
2628	2829
874	2979
1006	3032
829	2597
4159	2685
1366	2803
5976	1995
4574	2097
1923	2505
1697	2703
1379	2570
1881	2968
1642	2880
1049	2855
4193	2345
1308	2641
2424	2940
921	2833
1598	3142
1396	3012
1466	2704
2081	2909
5686	1854
1220	3012
1015	3002
3037	2741
1868	2167
1147	3078
6508	1789
1879	2586
1270	3043
5203	1888
1208	2920
1425	2797
987	3179
2290	2968
1320	2851
1607	2728
1200	2889
1391	2730
1298	2561
2915	2810
1156	2981
2087	3005
6422	1663
1209	2614
2615	2873
1015	2705
1007	2755
3462	2536
7244	1593
1931	2816
1329	2919
2302	2363
903	2860
1060	2834
2406	2755
3234	2559
999	2851
1953	2834
2124	2831
1844	2309
1747	2877
2596	2962
2794	2578
2949	2690
2002	2829
1733	2600
1684	3010
623	2756
1231	2896
900	2806
2733	3044
2387	2563
3011	2726
760	3042
747	2922
2801	3008
1590	2564
1339	2995
2812	2399
1581	2707
2629	2846
1546	2557
1010	3063
1260	3129
1029	2986
1559	2825
3374	2305
922	2925
1485	2958
2270	2729
1850	2703
1620	2653
2501	2775
1332	2686
2885	2665
4162	2443
2080	2694
1167	2794
4857	2044
3531	2929
1191	2972
1736	2651
2205	3127
964	2717
1293	2771
6312	1832
1455	2242
1438	2887
1629	2652
1650	2960
1215	2366
1226	3009
1850	2788
1349	2867
1812	2469
1101	2928
1922	3306
5345	2099
1553	2636
1454	2538
1494	2778
1202	2713
1893	2843
2389	2683
6111	1915
3267	2472
1258	2934
3074	2783
2285	2883
2070	2705
1148	2701
937	2821
4706	2186
1376	2472
1325	2601
1493	2523
1231	2862
2132	2538
1063	3066
1618	2744
1716	2629
1951	2732
1128	3207
4776	2493
2079	2791
2540	3034
3339	2419
1873	2668
7679	482
2427	2553
1680	2897
7841	881
7090	1291
1654	2499
1725	2780
1238	2512
1321	2885
1754	2702
1143	2883
821	2872
1628	3028
1325	2531
960	3130
1210	2825
1886	3239
2914	2512
1602	2866
1121	3088
1126	2976
5990	1991
2978	2817
1011	2790
1661	2838
2075	2798
1816	2925
1196	3008
876	2937
559	2799
2403	2937
2300	2406
5953	2273
1195	2189
1977	2713
1894	2500
3298	2549
1026	2996
1016	2711
1051	3041
1532	2651
2226	3021
4844	2679
976	3044
2100	2620
1394	3135
2861	3048
2051	2646
671	2362
1310	3115
1555	2475
3500	2581
1266	3143
2757	3097
1640	2666
982	2814
4816	2097
5275	2323
1689	2683
955	2647
2381	2955
1638	2801
1086	2865
1066	2624
1342	2936
1702	2638
1006	2780
4393	2184
1497	2550
1224	2900
2979	2793
799	2478
1180	2913
3781	2607
2073	2940
1277	3081
2552	2488
3775	2477
3502	2872
1514	3059
2257	2828
1463	3087
1983	2963
9133	9999
2567	3121
2297	2745
2867	2078
2690	2360
1686	2775
1774	2984
1164	2968
1791	2693
971	3039
1702	2283
1708	2691
1321	3085
2451	2636
2531	2891
3861	2101
1129	2988
1393	3143
1908	2719
2832	2662
2188	3054
1143	2372
2430	2343
3472	2457
2902	2695
1333	2908
1652	2586
2803	3178
2721	2824
513	3008
1192	3192
764	2778
3604	2629
1085	3089
3656	2367
1727	2746
1570	2942
1542	2908
3672	2620
5643	2007
2474	2887
2019	2648
3144	2756
1596	2861
1633	3018
668	2773
3751	2526
1477	2998
4210	1809
521	2679
1358	2884
1910	2659
2436	2807
936	2945
2731	2805
6935	1303
1185	2916
1190	3106
1447	2926
4762	2458
1199	2482
2795	2942
862	2599
1053	3124
1435	2796
903	3190
1292	3110
968	2635
811	2745
4119	2697
531	3215
3411	2813
1365	3024
2356	2998
2339	2591
1549	3042
1048	2801
1076	2809
1544	2756
1450	3135
1544	2895
1088	2886
1247	2876
942	3020
1362	2790
806	2471
1782	2506
1719	2732
2650	3002
1576	2755
1404	3119
1989	2955
2700	2977
1424	3124
1151	3062
1999	2683
5741	2025
1220	3104
4302	2166
554	2876
608	2959
1337	2972
5347	1839
1093	2783
1276	2753
3454	2374
4107	2151
8605	736
1130	2717
967	2685
1527	2876
4819	2588
6082	2272
1713	2681
1520	2786
1666	2999
2383	3034
1864	2920
980	2953
2714	2252
1844	2863
1171	2844
1220	2605
875	3092
2345	3050
1067	2827
2776	2567
4521	2759
1063	2482
2268	3094
953	2721
3444	2506
7205	2086
1031	2853
1389	2603
1881	2503
1575	3126
2834	2467
1204	2897
2141	2982
2531	2643
777	3133
1285	3118
1519	2633
1598	2974
1832	3072
2503	2875
3249	2869
4041	2545
2347	3085
4284	2884
1165	2885
1410	2692
4566	2333
1388	3078
871	3050
2556	3278
1453	2761
1200	3065
1410	2930
1349	2678
1595	2702
1137	3176
2677	3009
1595	2616
2614	2596
686	3180
1316	2402
1151	2907
1294	2925
1398	3233
1455	2972
7644	1183
941	3064
1348	2951
1054	2579
2600	2413
2178	2747
1915	2630
1973	2609
1243	2997
1851	2661
2950	2853
1367	2632
1492	2890
1555	3087
565	3173
1108	2380
1661	2848
3288	2587
1934	2438
4618	2133
1903	2691
2488	3076
2145	3224
728	2515
2752	2734
2087	3037
966	2536
2515	2429
1479	2475
1017	3019
899	2774
2309	2831
1656	3092
746	3051
845	2614
950	2859
1093	2776
2329	2662
2757	2999
1627	2505
2050	2785
4715	2529
1901	2689
2802	2667
1995	2800
2686	2956
1704	2701
1687	2823
738	2768
5519	1991
1705	3191
1660	3023
3384	2357
1390	2744
4321	2026
1267	2682
2174	2705
2888	3133
2494	2768
1543	2992
2193	2954
1124	3168
1452	2627
1753	2561
1654	3073
1875	2882
2078	3181
4370	2421
1904	2727
8802	1432
1092	2979
867	2930
2435	2441
1007	3006
1059	3172
994	2798
1480	2933
1574	2919
1259	2682
1652	2638
987	2718
1418	2766
3072	2925
1296	2675
3347	2896
1953	2897
2238	3094
1914	2671
3912	2536
785	2621
1401	2792
813	2783
1281	2792
1521	2967
1702	2684
1075	2891
2653	3068
1248	3064
986	3181
694	2831
1452	3067
1226	2819
2307	2978
854	2960
1389	2607
1686	2843
2763	2715
1013	3100
1332	2537
1281	3131
2292	2694
1406	2852
1018	2739
1278	3238
1941	2789
3709	2400
2144	2488
1099	2712
1867	3094
862	3023
1206	3065
1453	2442
427	2872
794	2674
1832	2871
3209	2520
1503	3110
3273	2590
1456	3021
1278	2736
1158	2784
1057	2835
1475	2945
1035	2651
2138	2780
2510	2637
1173	2951
1261	2660
1275	3165
717	2687
1663	3003
1101	2593
1366	3040
1897	2880
2832	2689
2799	2885
419	2763
1690	2679
1594	2993
1188	2567
839	3032
2379	2867
3976	2350
1593	2466
1271	3076
1681	2884
1902	3094
5133	1872
1212	2814
1730	2515
4234	2420
2869	2881
1810	2682
8490	1422
763	2823
1633	2669
991	2948
2022	2962
1724	3142
4408	2601
2481	2686
1730	2940
2304	3003
1312	2730
1168	3084
1648	2649
1329	2954
3165	2893
2672	2460
3497	2171
6397	1556
4846	2376
1519	2645
2007	3005
1731	2596
1505	2348
1461	2780
1629	2879
5784	2251
1665	2567
1882	2854
2095	2836
1547	2302
2026	2686
3505	2824
1325	2546
1159	2878
2152	3215
1784	2762
578	2717
967	2661
6238	1666
1105	2787
2598	2922
978	3058
993	2927
2009	2543
2140	2858
912	2712
6596	2133
1377	2652
1025	2831
3425	1992
1512	2878
1595	2632
1508	2911
1035	3059
2125	3019
1274	2938
1722	3172
3086	2328
7371	1643
4290	2002
1436	2418
2692	2670
1708	2929
1720	2573
3298	2493
1513	2473
2595	3096
2149	2624
671	2571
2010	2978
736	2752
666	2816
1386	2916
2816	2477
2743	2887
2319	2573
848	2402
1549	2496
2024	2723
631	2384
2663	2536
1008	3013
1154	2806
1468	2480
2653	2466
1613	2794
1532	2748
664	2587
2270	2312
1349	3000
2139	2874
526	2877
3145	2590
1766	2790
1419	2904
3102	3067
1361	2802
2576	2750
2381	2703
2009	2673
1769	2811
2432	3275
977	2993
1940	2727
1397	2846
1821	3198
1410	2605
1361	2875
3453	2522
2410	2843
1361	3071
1895	2678
1365	2792
1316	3112
1915	2965
2745	2651
1810	2592
1185	2819
1407	2693
788	2637
3258	2077
3607	2294
1094	2875
2070	2735
1222	2956
2199	2775
5666	1573
2448	2779
1893	2889
1311	2838
1198	2777
560	2824
1484	3055
2011	3010
1973	2778
1739	2698
1303	2890
1908	2350
1090	2762
2452	2684
1437	2749
1895	2287
1359	2433
2043	2572
1181	2974
1412	2890
7491	1078
1344	2753
1211	2731
2593	2915
1074	3036
2303	2734
1228	2881
2124	2942
1841	3145
2680	3118
3126	2554
5980	2107
4995	2622
2183	2652
4841	2155
2237	2422
4133	2371
1378	2623
7080	1597
922	2706
1542	2620
1557	3078
1925	2576
2200	2586
737	2880
4060	2592
1537	2524
1394	2773
5067	2237
1442	2853
778	2872
1325	2583
1674	2796
1332	2833
2309	2890
849	3299
1834	2981
3816	2659
3273	2636
1500	2596
1068	2459
1264	2854
2159	2706
979	2919
1428	2688
1483	3048
6360	1950
946	3143
1603	2651
2498	2671
1203	3032
4107	1958
1320	2817
3395	2589
1937	2666
1614	2982
2385	2811
2380	3090
1066	2659
3208	2567
1960	3124
2656	2253
1619	2503
919	2741
2291	2519
321	3161
893	2688
1576	2405
461	2815
1491	3227
1671	2856
1274	2985
732	2598
1391	2826
973	2787
2662	2844
5781	1822
5432	2220
2180	2404
2191	2704
2188	2703
5246	2478
777	2624
1656	3241
3054	2535
2001	2742
1967	2865
3404	2143
1021	2729
1403	2578
1555	2823
1734	3068
1800	3045
2306	2377
1786	3081
1077	3000
1464	2792
1313	2890
1925	2687
2983	2507
855	3126
541	3092
1515	2932
2144	2804
2058	3070
1221	2917
4369	2298
1971	2667
1870	2652
1211	2951
2426	2520
2120	2955
7217	1863
1067	3086
2189	2891
2110	2654
3805	2849
1377	3003
1285	2790
2456	2760
3341	2331
2308	2612
1053	2677
1315	3151
697	2576
3986	2581
2952	2908
1536	2437
3176	2608
2928	2986
1274	3189
2445	2796
1386	2721
1988	2738
1747	2618
1170	3073
1523	2624
1212	3096
1035	2926
1482	2443
1062	2819
1229	2906
2834	3064
1287	3124
1322	2558
1934	3101
2260	2511
1503	2918
2451	2910
1052	3083
1426	2876
1573	2615
2135	2664
1284	2836
1153	2566
1421	2636
2374	2680
1497	3078
3319	2559
1616	2756
993	2357
6328	1684
2188	2851
7209	1929
1848	2729
2205	3025
2322	2539
6953	1839
2191	3026
1927	2867
2670	2886
830	2906
1996	2491
737	2986
1931	2602
2141	2869
2254	2970
684	2672
1361	2722
1494	2930
1721	2985
2543	3027
1745	2778
3093	2510
1531	2733
4973	2309
1277	2823
3654	2766
2126	2939
5793	1942
972	2697
1051	3072
2063	2247
1123	2691
777	3169
1262	2718
3842	2595
895	2838
1011	3087
4797	2297
971	2748
2526	2693
1557	2667
1967	2962
765	2492
1340	2872
1342	2983
1414	2451
1929	2951
877	2493
1772	2838
3657	2574
1388	3079
1711	2629
1433	2543
844	3176
2728	2619
1006	3024
1290	3008
2203	2734
1064	2669
1357	2613
7745	1007
1265	3037
1616	2679
1356	2892
2345	2901
1142	2928
3604	2599
1579	2882
1172	3040
1152	2820
1090	2982
1976	2939
3778	2700
2108	3024
1998	2921
394	2688
1929	3014
2415	2889
443	3007
2865	2714
722	2935
1055	2652
1825	2618
2581	2522
1327	2770
2326	2786
2058	2736
947	2873
1264	2722
1811	2803
1069	2762
2321	2592
1292	2937
1241	2705
522	2707
625	3148
792	2953
1478	2940
5377	1751
782	3057
1374	3050
1123	2911
2492	2998
8884	294
1244	2646
7083	1539
1809	2769
1068	2878
1223	2813
797	2928
944	2824
2687	2212
1218	2731
1109	2758
1269	2892
2140	2778
2113	2894
5884	2328
1281	2595
1203	3007
975	2423
1426	2650
2316	2710
1485	3067
1216	2404
1155	2857
1599	2867
1470	2468
3505	2410
1893	2835
1829	2918
1897	2887
3111	2922
1358	2712
964	2994
3214	2723
8557	814
1450	3123
5533	1934
2303	2773
1265	2828
1529	2817
1567	3121
2223	2586
1175	2394
1578	2789
4295	2772
1772	2800
4882	1998
1210	2821
2234	2517
2926	2935
1634	2989
2708	2990
1788	3119
3646	2783
966	2945
1128	2990
1245	3005
3179	2587
2328	2595
1150	2739
1439	2942
1661	3033
1192	3168
1037	2691
1718	2739
3415	2977
2162	3092
2108	2957
1433	2953
2102	2942
1819	3000
2754	2695
1862	2846
3670	2622
980	3104
1759	2586
1435	2741
1688	2743
2197	2845
2688	3207
824	2646
2770	2038
1326	2780
1405	2841
2315	2768
1620	2584
1090	2843
2303	2979
1164	2791
2815	2802
1589	2691
4072	2362
2123	2828
1740	2877
3973	2539
1183	3057
4075	2770
2806	2648
4113	2473
972	2744
264	2683
2725	2182
1856	2485
5575	2053
853	2592
1954	3129
2265	2717
1658	2825
973	2819
1828	2472
1628	2732
1223	2793
2398	2392
1183	2640
1008	2676
1367	2284
2152	2780
2081	2829
2138	3007
4059	2465
981	2967
479	3155
1141	3141
1066	3125
1371	2884
1074	2732
2289	2686
1318	3028
2441	2662
2397	2109
1774	3224
1849	3056
2205	2284
1581	2776
2281	2992
5331	2637
2653	2619
3168	2541
2112	2846
1534	2773
931	2773
1057	2807
2396	2707
2506	2404
1681	2836
1344	2632
6627	1733
1645	2553
705	2541
1763	2786
918	2873
3623	2892
2019	2430
959	2992
1490	2736
1211	2851
1233	2736
1160	2938
1525	2995
2021	2752
1314	3017
1530	2950
886	2872
1107	2652
911	2245
2545	2503
1525	2998
1259	2262
1635	2574
5116	2049
1452	3063
2157	2651
1249	2806
1736	2708
2058	2788
5102	2278
2614	2550
1989	2976
841	2881
1490	2998
1181	3095
848	3046
1606	2624
960	3279
1755	2875
2206	3088
807	2895
1351	2925
1231	2754
1453	2270
2270	2765
2211	2338
7987	1279
1466	3083
315	2941
1446	2849
1302	3000
1072	2977
3005	2836
1463	3186
7035	1855
2129	2463
1523	2751
2159	2833
5556	2179
894	2484
1628	2761
2332	2857
5613	1743
965	3169
1727	2562
1617	2948
1567	2679
1856	2547
1046	2633
998	3072
1558	2875
1283	3001
687	2804
1227	2893
1291	3144
833	2530
1173	2592
2056	2591
1836	2622
1910	2789
1375	2336
1603	3085
1616	2721
1693	2910
1488	2796
1652	2941
2061	3009
1005	3041
2931	2485
1312	2947
597	2777
873	2858
2883	3086
1773	2882
1727	3020
3985	2555
3181	2697
1946	2789
1439	2977
2826	2871
1229	2899
2251	2953
1771	2861
5742	2203
1712	3069
778	2929
850	2842
1162	3014
1932	2902
3865	2540
3545	2893
1210	2824
2071	2475
1401	2626
1718	3124
1996	2664
990	2902
1517	2513
1989	2778
5310	2203
1651	2541
2048	2932
907	3051
2042	2444
2149	2808
1040	3187
1026	2813
3514	2446
4143	2537
971	2452
2409	2663
661	2869
2269	2764
2042	2932
1580	2912
1723	2799
2405	2577
4857	2393
2075	3020
2095	2938
3808	2401
2497	2895
2176	2752
1541	3018
787	2880
1475	2786
872	2961
3709	2546
1883	2830
1467	2254
2822	3088
1547	2860
2886	2970
8025	962
1182	2422
1413	2777
753	3003
1998	2866
1813	2238
569	2490
2207	2795
849	2658
2425	2339
450	3173
1794	3139
2142	2787
2588	2364
1105	2850
1167	2956
1323	3136
700	2599
849	2749
1725	2704
1479	2787
879	2829
4281	2164
963	2570
2022	2581
1893	2735
1788	2860
1812	2925
1956	2966
1239	2884
1196	2888
1142	3094
1939	2978
1661	2914
3181	2704
1211	2876
1277	2596
775	2964
1179	2755
890	2677
1026	2981
4646	2424
1421	2444
981	2772
982	2593
2176	2856
958	3128
1403	3183
1264	2920
2183	2874
1884	2510
1845	2913
1069	2565
1434	2849
2189	2355
2111	2707
1005	2531
1622	2921
900	2568
893	3114
3554	2517
1535	2452
3841	2651
2582	2563
2192	2364
3107	2230
2003	2857
755	3034
882	3096
1014	3063
1200	2937
1867	2830
2046	2667
2667	2918
1349	2834
3225	2918
4525	2625
1664	2686
2933	2850
4465	2706
1860	2922
1228	2903
1038	2882
735	2941
1289	2768
2839	2517
838	2828
2186	2916
2410	2105
2786	2397
790	2735
1856	3078
1270	2783
1291	3062
2641	2472
6723	1665
2350	2865
897	2543
2064	2534
1665	2868
1767	3160
1644	2893
1140	2802
1161	2382
2103	2899
6609	1623
1257	2847
1278	3121
1615	3011
5716	1952
1455	2876
6458	1974
1911	2939
1436	2599
3071	2916
1275	2938
773	3005
1527	3138
1317	3068
1147	2655
943	3025
1017	2494
2261	2676
2054	2612
1058	3151
2380	3223
1481	3105
930	2891
2901	2625
1919	2698
1516	3095
803	2739
3453	2807
1542	2886
1095	2754
779	2914
724	2959
1112	2878
1582	3037
2513	2730
996	2712
2187	3105
1340	2306
1822	2714
631	2862
1240	2830
1365	2819
1409	2943
1391	2771
1759	2513
1659	2959
7779	946
2852	2504
1606	2918
1436	2668
1788	2938
765	3055
1371	2712
2041	2603
1462	3100
2071	3001
829	2908
1148	2914
809	2785
1630	2847
1409	2716
1101	2986
1005	2859
2664	2973
1846	2833
3590	2411
3396	2401
5256	2448
1485	3132
2251	2673
4870	2332
1235	3151
1288	2582
2837	2420
2055	3006
1366	2791
1234	2706
1027	2962
542	2884
1354	2561
1967	3100
1377	3098
3293	3012
1086	2764
1337	2792
1216	2766
636	2713
1307	3126
2440	2740
1953	2687
1001	2729
3719	2685
2101	2815
1936	2567
1296	2667
1601	2584
1598	2656
1177	2093
1610	2708
1969	2979
1177	2623
653	2848
1379	2888
1296	2931
2318	3219
1788	3198
2598	2877
5144	2152
1042	2840
1029	2791
1957	2816
1011	3089
2649	2903
7614	989
2019	2500
2477	2528
2407	2462
3091	3006
4093	2131
1344	2536
2801	2379
2744	2505
5025	2137
1651	3260
1350	2927
1354	2655
2022	2913
916	2826
1389	2899
1938	3151
1292	3028
1893	2798
1837	2961
1381	3136
2866	2881
1481	3162
1115	2865
1638	2737
1720	2706
1725	3004
690	2769
3693	2726
1830	2726
7000	1912
1743	3035
2644	2612
1449	3139
3713	2380
869	2850
1415	2464
809	3211
669	3033
1288	2732
2325	2681
1235	2386
909	2705
854	2622
842	3030
5111	2516
1566	2721
1479	2906
2793	2895
1457	2369
1921	2944
1696	3179
1550	3158
2007	2918
1252	2869
1813	2625
1237	2655
2807	2607
1196	2576
2167	2911
1326	2692
1253	3096
4069	2229
1293	2835
948	2830
1375	3015
847	2777
951	2877
1763	2763
1842	2971
2425	2922
4319	2539
1079	2897
4492	1968
1027	3076
2112	2907
1215	2812
1762	2719
1743	2641
1172	3134
1023	2812
3239	2271
3078	2593
1400	2749
1656	2880
895	3198
2017	2632
695	2868
2593	2658
4021	2416
2715	2868
6662	1428
2255	3030
1518	3028
798	2646
1709	2322
2100	2919
1830	3029
1610	3009
1519	2920
1485	2760
906	2751
2517	2570
1276	2784
2460	2717
1862	3023
1903	3095
3031	2945
4313	2284
2007	3197
1525	2408
1530	2969
989	2983
3550	2121
899	2592
1578	3149
1337	3040
803	2875
2187	2883
4977	1757
3538	2896
905	2826
1314	3048
3121	2229
1505	2704
1418	2843
1156	2545
2668	3176
963	2743
3999	2301
2911	2478
2034	2655
4558	2277
2078	2860
1473	3045
2617	2698
721	2550
3988	2371
4749	2342
1275	2878
2489	2464
1873	2973
1108	2697
1145	3148
1868	2708
1594	2517
892	2880
2455	3048
1285	3159
2530	2984
2590	2788
2285	2983
3918	2478
1205	3147
1375	2628
2133	2429
979	2767
2012	2729
1057	3115
1967	2362
1243	3138
1261	2843
1738	2590
1146	2509
1903	2877
1871	2515
2411	2972
2101	3108
1037	2885
4674	2796
1677	3166
1478	3092
850	3002
1845	3076
2217	2819
4269	2792
1002	2794
1003	2751
2456	2875
2399	2481
1019	3074
1504	2923
2456	2503
1686	2830
1345	2706
3829	2153
1266	2999
921	2865
7208	1882
1537	2606
3803	2443
1074	2558
3340	2440
1011	3129
3300	3011
1062	2727
2323	2667
3731	2620
1258	3125
1933	2387
1804	2796
1396	2546
7627	1727
1420	2614
738	2886
1951	3034
807	2873
572	2683
1621	2812
2116	3021
2660	2818
1464	2698
1320	2964
1349	2784
4517	2476
2325	3021
1335	2508
2435	2724
1037	2332
304	2945
1258	2897
2513	2366
1206	2915
1054	2641
2305	2760
2770	2202
1545	2778
1534	2551
1885	2934
1560	2937
1443	2941
518	3138
1591	2860
1822	2657
572	2685
1422	2710
1930	2579
1232	2944
2192	2938
1905	2846
1899	3059
829	2872
1490	3010
676	2686
1242	3211
2299	2547
1278	2620
2386	3172
1165	2580
1373	3011
3746	2435
809	3098
2480	3231
1332	2542
946	2593
986	2876
2204	2928
853	2964
1458	3089
2588	2847
2280	2893
1279	3026
1935	3151
7092	1322
952	2449
994	2638
908	2297
3070	2776
1888	2518
898	2655
1514	2929
4969	2089
1377	2875
1428	3030
8583	1563
1236	2868
1725	2725
1378	2601
774	2848
6118	2068
1530	2990
2733	2575
1416	2896
8204	1001
1594	2891
3123	3213
697	2705
3477	2679
1012	3016
5762	2182
992	2711
1560	2854
3986	2553
1119	2986
1134	2671
1204	2825
897	2771
1958	2933
3041	2790
2650	3097
1877	2560
1526	2965
3312	2460
2071	3047
1610	2735
1562	2671
1200	3015
2672	2671
1515	2964
3273	2676
1291	2268
865	2958
2049	2567
4695	2242
2104	2519
5989	1787
1498	2773
1700	3118
393	2845
1414	2860
1321	3057
1122	3173
4229	1818
2560	2696
2366	2613
1941	2395
2541	2947
1327	2783
3987	2597
3032	2526
1766	2920
1856	2598
2488	2973
1511	2956
1208	2712
704	2794
2437	2618
2304	2586
2444	3112
1537	3009
1487	2708
1142	2683
2643	2551
1213	3173
1948	2895
1177	2682
902	2736
3784	2309
1469	3074
1440	3162
1211	2935
1636	3072
1121	2464
1420	2940
2243	2719
2885	2478
2097	2803
1395	2854
1334	2940
1695	2898
1213	3102
791	2957
1869	2821
4320	2456
2129	3101
1419	2944
5938	1779
1890	3063
1846	2852
8085	1307
2043	2750
2916	3129
1208	2994
1351	2821
661	2897
2427	2632
1857	2458
1250	3021
1226	2362
1297	2760
1878	2879
772	2897
1878	2748
759	2857
1100	3040
2093	2621
1878	2836
895	2722
1116	2963
2511	2887
1014	2868
6403	1733
2213	3009
3280	2810
1036	2777
1732	2701
7256	1567
1406	3012
1819	2986
1057	2279
4031	2218
8822	7
860	2766
1395	2418
1296	2595
2234	2602
1551	2616
962	2724
1832	2207
2915	2421
2096	2929
2614	2715
1070	3042
1263	3076
5376	2149
1762	2976
3055	2867
581	2564
2265	2784
1513	2708
1397	3029
1019	2680
266	2572
2323	2691
1877	2087
1938	2868
1181	3073
777	2823
413	2938
1681	3116
2303	2715
8059	904
846	3072
657	3066
1823	2954
1955	2791
288	2668
1829	2995
3685	2722
1947	2463
1762	2813
1546	2642
1512	2916
2654	2455
1873	2841
1247	3116
3564	2709
1725	2487
1402	2410
7868	1297
1401	2929
444	3054
1654	2605
2157	2367
815	2822
654	3074
847	2866
1510	2855
1788	2447
1141	2877
436	2637
1205	2512
1702	2689
2652	2946
5338	2374
2216	3090
1139	3095
5403	2144
1065	2891
937	2877
3586	2794
2377	2304
1184	2932
1499	3058
1356	2508
1584	2414
2106	2921
896	2931
4550	2251
2024	2858
1388	2804
2006	2826
1050	2870
686	2794
1895	2826
2515	2602
5625	2155
2099	2776
1469	2771
2235	2879
1230	3045
1337	3048
2028	3172
1941	3048
2366	2984
7080	1977
1581	3029
1318	2662
1443	2805
1746	2680
771	2469
1209	2819
1145	2760
1079	3201
4456	2147
2003	3103
738	2701
1022	2943
1130	3015
856	3067
2300	3016
845	3309
1522	2555
2860	2591
1481	2505
1491	2712
2474	2984
1068	2790
1490	3046
1903	2676
1305	2678
1022	2776
1763	2590
1714	2806
2576	2999
1098	2942
1282	2622
1689	2993
1838	2424
5127	2559
1096	2713
1741	2978
2441	2907
1392	3113
1939	2854
4194	2712
1129	2923
1362	2615
3578	2395
1697	2734
1497	2597
1265	2995
1135	3065
998	3165
1138	2762
2362	2450
2124	2724
7047	1686
1903	2456
1364	2772
1376	2518
1137	2810
1310	2889
1513	2781
2103	2843
1841	2725
3344	2479
3502	2450
654	2948
2064	2862
1457	3069
3203	2625
1079	2747
2041	2765
958	2983
464	2939
1509	2692
2203	2463
745	2818
1008	3018
2259	2890
1043	2840
2162	2979
2337	2300
849	3115
3363	2495
2808	2792
1309	3020
1472	2996
742	3173
4690	2328
2420	2662
2492	3159
1971	2592
2086	2830
7583	1225
799	2910
1782	3125
3839	2757
2036	2809
4003	2678
1492	2702
2354	2726
1776	2922
1853	2115
1016	3037
1063	2971
5204	2409
1415	2988
1449	2823
1630	2946
1973	2847
4629	2315
1344	3163
1425	3122
1041	2938
859	2693
376	2620
2966	2577
1702	3002
1688	2937
2070	3118
1962	2919
875	2781
1552	2817
1248	2800
2199	2791
2516	2788
1674	2708
1281	2684
1497	2608
942	2617
1338	2897
916	2426
2577	2801
3170	2882
1132	2969
1767	3132
826	2742
3160	2795
1496	2981
1328	2582
1153	2804
1391	2717
1621	2944
3565	2233
1329	3108
1343	3066
1530	2614
2396	2603
1154	2740
6671	2032
4262	2511
3737	2546
1382	2720
2151	2209
6364	1733
6664	2238
2861	2732
4457	2093
3046	2558
1131	2334
1127	2863
1302	2754
1980	2821
3228	2395
573	2991
408	2965
3134	2867
1423	3124
1041	2991
1496	2909
1459	2776
2359	2775
2305	2683
1086	2896
1715	3016
888	2791
1751	2209
1991	2271
2098	3241
1426	2630
4288	2180
1958	2830
729	3095
5567	2003
898	3079
1269	3135
1627	2799
6166	1829
2264	2804
1666	3192
1924	2985
2291	2605
2167	3017
2130	2543
3505	2672
479	2810
2634	2755
840	2477
2104	3057
1347	2696
1667	2624
1169	2684
2308	2889
1534	2428
913	2995
1273	3168
4281	2204
485	2809
756	2964
1720	2964
1246	3201
1850	2755
1220	3213
4066	2326
1511	2647
2109	2787
5648	2170
918	2845
1246	2928
4632	2301
1712	2917
1927	2601
2097	2566
2565	2550
1407	2654
2243	2483
1677	2766
1671	2817
2851	3102
2588	2862
2387	3041
1851	3154
1431	2657
738	2799
841	2809
1706	2583
1082	2939
1345	2291
1929	2910
3140	2414
746	2759
1372	3013
1059	3037
1610	2941
4107	2234
1461	2903
1701	2602
2539	2718
1473	3030
696	2724
2436	2726
267	2536
914	2613
6086	1705
1163	2730
1826	3093
1514	2393
963	2952
1717	3160
734	2729
1500	2186
2369	2868
2029	3036
1888	2599
2895	2451
2014	3055
2817	2845
822	2802
3097	2337
1374	2857
1460	2506
982	2970
1492	3074
1947	2759
1168	2792
1882	2936
922	2569
2063	2729
1241	2913
1381	2812
763	3081
1241	3124
1731	2806
1182	2616
2847	2829
890	3177
2363	2994
2652	2179
1836	3021
4523	2098
858	2911
1388	3052
1620	2743
2498	2598
1188	2409
2008	3135
1680	2844
1847	2886
1292	2623
2095	2630
3328	2588
2046	2368
1187	2866
5714	2431
4539	2239
1207	2574
2213	2936
710	2758
1588	3055
1959	2689
4212	2632
2898	2602
1264	2617
1973	2686
3185	2210
826	3013
1826	2534
2858	2534
1009	2697
1287	2879
805	2579
1140	3098
2916	2519
2508	2772
1586	3028
8279	1026
1970	3102
1223	2605
1814	2809
1635	2880
3363	2761
2204	2774
2713	2705
1596	3175
4116	2111
1273	3068
1810	2944
7869	1426
7452	1970
1220	3140
2309	3087
1357	2688
4321	2233
2097	2829
2196	2669
923	2820
3782	2554
2295	2758
963	2995
1298	2722
1022	2636
1172	2863
1942	2888
1707	2891
1471	2799
801	2954
3578	2382
2040	2903
226	2938
1774	3228
2404	2572
1121	3071
826	2864
2490	2646
2505	2811
2280	2406
2005	2716
1063	2859
3135	3047
1420	2912
1224	2818
874	2870
1454	2852
1164	2835
567	3009
2287	2461
4772	2368
3405	2565
1198	3095
1226	3030
968	2993
1266	3141
996	2782
2757	2650
1240	2334
1310	3206
1594	2843
2772	2620
1671	2875
667	2919
1025	2760
1104	2934
1639	2204
1978	3215
716	3008
1354	2777
2003	2834
2946	2505
1390	2726
2875	2566
2393	2705
1773	2673
1415	2781
1295	2819
1847	2572
823	2934
1407	2670
1644	2923
885	2854
3225	2132
1586	2829
1934	2756
761	2616
3017	2967
1105	2601
3601	2501
1828	3111
760	2761
1983	2888
1791	2684
1512	2712
1837	2300
1572	2854
1543	3101
1373	2995
3175	3010
1879	2699
1572	2923
2149	2780
911	2972
1145	2772
2227	3055
695	2980
2290	3079
1198	2997
2064	3040
985	3230
1167	3007
1847	2875
2127	3226
1338	2745
1648	3074
1557	2953
965	3031
859	3164
1398	2872
3084	2517
1086	2941
1594	2852
1254	2980
2382	2403
1042	2530
3832	2734
2154	2609
2722	2684
1634	2894
966	2570
4154	2347
1262	2944
1956	2737
1107	2264
2139	2940
1132	2934
1120	3174
2091	2857
2324	2870
1230	3050
1401	3109
1024	2515
3500	2107
1249	2868
1131	3101
2454	2641
1728	2587
3444	3009
1598	3042
1078	3035
1024	2912
789	2717
3973	2528
1839	2784
742	2859
1440	2892
4310	2431
1367	2754
1631	3085
1727	3124
2380	3064
2899	2443
1466	2440
3019	2350
1032	2805
1468	2746
1110	2671
2043	2361
1203	2439
1289	2603
729	2536
2187	2887
2660	2718
1165	2488
1314	2875
2618	3009
1706	3036
1617	3033
1632	3158
995	2645
969	2700
5287	2008
7987	827
1850	2956
1232	2113
1217	3027
2471	3057
998	2786
871	3001
1020	2873
1340	3015
2155	3065
1771	3135
2508	2756
1151	2911
1148	3148
1937	2837
1175	3038
1830	3215
1125	2516
3849	2510
1068	2712
2320	2404
777	3061
2263	2777
1600	3163
2663	2524
1237	2809
2010	2660
960	2843
1137	2303
2546	2490
2217	2824
366	2775
2244	2888
1423	2429
3824	2114
1347	2721
1673	3067
1244	2605
482	2441
1873	2536
3343	2700
887	3192
4587	2412
728	3154
2785	2435
762	2870
4666	2246
1983	2527
1688	2563
880	2838
1809	2510
1112	2914
2519	2424
1481	2833
2088	2976
1287	2737
6070	1748
2130	2580
4751	2268
1068	3124
2070	2914
2109	2938
2462	2964
8300	1680
1057	2737
1132	2663
1710	2317
1081	2515
1154	2994
2178	2771
1339	2766
2228	2622
5796	2233
2511	2401
1980	3038
1151	3011
1982	2888
1575	2485
9229	777
6351	1946
2128	2837
848	2972
4964	2476
1067	2881
3156	2716
2078	2894
1590	2580
3676	2145
3932	2362
775	3158
787	2959
1389	2733
5540	1935
555	2836
1523	3146
1275	3194
1199	3111
1511	2521
1091	2925
1457	2589
3256	2562
1380	2595
1584	2832
264	2879
1381	3069
2153	3074
2567	2787
712	2744
1418	2329
1091	2931
1621	2951
1735	2781
1870	2849
8874	71
832	2631
2751	2168
962	2812
2125	3021
2519	2800
3827	2389
1073	2404
935	2619
1356	2984
4215	2786
1024	2809
4770	2542
3997	2355
3034	2622
3098	2675
2568	3029
5100	1977
1293	3026
1255	2728
488	2866
1337	2826
2289	2405
889	3023
4495	2070
1217	3054
1703	2997
741	2813
2846	2903
1084	2505
1169	3321
676	2701
1263	3074
1329	2802
1178	2977
1109	2508
3230	2651
1139	2913
1429	2844
989	2935
1444	2900
1785	2112
977	2323
1243	2619
1635	2740
3565	2470
4804	2063
2673	2669
977	2693
1107	3057
4593	2152
1806	2714
841	2944
1704	2820
2687	3061
1279	2868
1717	2745
1247	3000
2118	3005
1271	2676
1190	2686
4147	2547
287	2767
2283	2664
2983	2372
1726	2661
1025	2720
1747	3016
2055	2968
1496	2635
3138	2977
1951	2715
1466	3323
1960	2864
944	3038
2712	2843
2267	2517
1999	2730
1827	2485
2293	2870
2505	2487
4748	2167
1331	3092
2550	2742
3446	2477
1221	2572
677	2840
1412	2687
1056	2931
1679	2956
1395	3077
862	2749
2403	2907
2418	2938
2222	2876
2283	2649
1228	2793
2215	2830
5598	2340
1131	2716
923	3005
1015	2956
2340	2856
1057	3177
3233	2545
4870	2485
3043	2738
1771	3036
4257	2397
1443	2872
903	2465
3511	2348
1121	3138
1978	2805
1044	2661
775	2907
5579	1773
923	3054
1682	3069
3876	2605
1470	2579
1452	2733
5602	1932
2578	2857
1673	3010
1176	2866
2570	2721
1559	2643
1168	3083
1341	3012
902	2657
678	3037
2145	3077
1434	2744
2810	2443
2570	2723
1147	2550
1512	2762
1918	3117
2357	2741
1469	3120
1261	2248
2209	2734
4502	2293
1598	2615
1273	2578
689	2584
866	3008
2157	2737
772	3244
5426	2257
853	3099
840	2833
2724	2525
879	3005
4010	2386
2667	2989
1117	2965
1753	2802
6938	1957
4355	2346
2227	2753
2423	3085
1577	2308
1342	2781
3594	2669
2815	2558
2915	2821
1310	2974
2282	2774
2462	2973
2080	2874
720	2687
2460	2816
1929	3073
3687	2794
1612	2789
1639	3005
310	2735
713	3047
848	2982
1389	2454
1939	2728
2068	2995
2247	2890
2141	2286
1346	2779
3189	2486
4443	2440
574	3147
1059	2435
1147	3033
1354	2985
706	2632
1163	3175
2891	2997
948	2979
1321	2845
1516	3223
3476	2692
1433	3162
1171	2684
1425	2930
1838	3058
2404	2843
2020	2856
2009	2923
1504	2529
7665	1509
1609	3076
1155	3120
1721	2760
1076	2527
3068	2429
1216	2619
2606	2780
2344	2684
1076	2806
1989	2928
1429	2826
5060	2099
4238	2316
941	2569
1407	3039
1167	2421
3492	2526
2221	2785
1210	2477
2027	2653
3900	2096
6927	1398
1061	3078
1403	2948
1251	2918
1307	2984
3159	2121
2198	2832
3045	2384
1723	2679
1800	2571
6717	1988
1392	2768
664	2702
1421	2779
3522	2906
3632	2269
2107	2899
759	2972
6922	1911
2113	2968
1640	2798
1184	2433
1934	2720
1664	2223
2224	2867
1407	2935
1607	2285
805	3020
1428	2869
1270	3017
2293	2588
1884	2777
932	2732
5915	2041
3312	2187
1521	2885
4382	2324
3626	2725
2350	2757
1117	3100
1725	2790
2270	2624
1059	2990
2642	2761
1713	3022
738	2762
1323	2845
1569	2696
1386	2969
985	2751
1071	2828
2161	3090
2313	2868
5563	1936
1212	2825
2553	2530
3119	2609
1989	2723
8827	1201
2459	2747
1358	2557
2589	3023
2599	2746
2702	2496
1357	2452
1903	2921
822	2869
1065	2942
1917	2813
1803	2974
1264	2872
4310	2296
1352	3234
1899	1949
1619	3066
4852	2526
815	3155
1246	2566
1383	2433
2658	2708
1074	2746
1277	2832
499	2872
2389	2403
2004	3079
1773	3124
3802	2464
1489	3105
1515	2242
719	2925
1539	2760
6978	1968
1385	2746
2490	2782
1023	2541
2496	2818
1653	2773
1548	2783
1574	2844
3239	2753
1722	2972
987	2810
5345	2124
1313	3114
4257	2692
967	2993
4034	2365
1432	2798
1032	3243
1677	2662
567	3070
3422	2233
1014	3018
1736	2572
2551	3223
938	2887
1107	3103
1142	2713
2912	2913
1384	2311
958	2891
7612	1294
838	3008
1391	2745
1811	2624
2632	2876
1030	2572
1000	2540
2666	2941
2374	2794
935	2907
2735	2765
2233	2903
642	2557
1665	2654
1579	2789
2204	3063
1450	3026
2258	2624
1940	2979
1210	2877
944	2649
4733	2306
1553	2890
1244	3204
2119	2989
1818	3196
7179	1605
6122	2391
1186	2728
2641	2972
868	3145
3610	2429
862	2494
6865	1356
2339	2741
1041	2576
1131	2839
1199	2624
1867	2808
1191	2810
2304	2475
982	2687
1042	2801
1950	2648
818	2763
1830	2603
1107	2556
5525	2343
2420	2753
2579	2997
1862	2886
1502	2688
1385	2532
1542	3002
1592	2997
566	2659
3681	2366
2442	2410
1072	2670
5875	1952
899	3116
1126	2866
1248	2793
5068	2290
2672	2754
938	2535
1971	2562
1599	2908
5008	2117
806	2846
940	2786
1790	2996
2863	3094
2377	2946
5902	2135
1064	3038
1448	2950
1228	2624
2161	2551
1712	2753
2403	2800
1927	2937
1717	2586
1487	2856
2319	2535
1420	3190
1659	2950
655	2800
3024	3065
6609	1742
1883	2849
3503	2450
2073	2853
1560	2651
1420	2564
2336	2529
2550	2889
2495	2826
5400	2119
8104	1115
940	2739
916	3064
662	2809
1245	2669
1152	2996
1108	2710
865	3065
2023	3070
6209	2100
394	2929
2386	2827
1689	3099
1227	2569
1633	3022
1368	3076
1781	2952
2637	2735
4163	2468
3703	2283
1096	2601
5085	2026
4218	2452
3748	2678
718	2833
2339	2744
4534	2116
1286	2290
1253	3093
1077	3005
2358	2570
1047	3034
1173	2841
1510	2796
1258	2924
873	2996
1115	2762
2170	3093
5267	1495
1724	2605
2811	2663
2388	2730
2461	2827
1720	2731
2439	2928
1430	2696
1090	3005
6591	1779
956	3114
2170	2844
2355	3033
3089	2309
1118	2683
1728	2760
861	3055
1237	3114
604	2959
2105	2922
2543	2763
1123	2964
2512	2641
2260	2898
1008	2874
5026	2124
1057	3139
5682	1995
1854	3180
1243	2714
1933	2838
1480	2678
6333	1842
1443	2932
1831	2740
2909	2671
1667	3019
1290	3042
1935	2982
1929	2741
2186	2649
1027	3009
1852	2764
1349	2906
1421	2882
2031	2823
1089	2995
738	2896
1187	2885
2671	2634
2372	2639
1648	3018
2720	3187
1735	2714
5100	2567
1092	3161
2441	2509
6286	2297
3601	2414
1214	2716
844	2863
2734	2568
1258	2918
1811	2662
1342	3004
1973	2989
1333	2333
1675	2878
1600	3099
1113	3037
1311	2603
1518	2968
2318	2932
1036	2812
1815	3050
1144	2269
1026	2977
5765	1715
1137	2821
662	3133
1513	2936
1914	2938
4103	2508
905	3026
1816	2925
1623	3070
5404	2148
1991	3027
2036	2677
2318	2603
1277	2959
679	2925
2192	2689
1357	2890
1648	3019
5159	2243
1724	2553
1343	2987
1370	3201
1973	2943
738	2947
2279	2792
1807	2648
1476	2891
1298	3164
2049	2766
2361	2684
1321	2521
1397	2650
833	3130
1617	2809
1481	3022
744	2837
1484	2735
2734	2989
1559	2596
846	2948
1187	2888
1863	3035
1265	2773
2517	2413
8630	1493
1328	2880
923	2789
1027	2634
997	2994
2417	3011
3769	2790
1806	3018
1540	3048
1054	3059
1434	2749
1221	2822
957	2642
2325	2369
841	2802
1499	2884
1166	2674
681	3173
1227	3064
1942	2623
3191	2601
829	3045
2398	2541
1508	2898
1054	2925
1243	2974
1524	2565
1005	2748
1354	2863
3467	2562
1378	3088
903	3150
2673	3227
1801	2757
823	3143
5200	2462
885	2639
5832	1988
1695	3023
2605	2759
2322	3115
1706	2622
2525	3143
5331	1915
2594	2843
834	2494
4715	2107
1594	3006
1361	2707
3766	2725
1625	2725
1251	2849
1026	3110
1020	2788
2574	2707
1348	2914
0	2707
875	2819
2674	2625
1830	3006
1656	3134
1373	3255
3743	2524
1563	2604
2378	3166
1049	2828
1351	2898
1783	2980
1783	2778
1832	3162
1317	2686
1359	2543
1580	2955
1680	2961
908	2695
1587	2776
2405	2873
2109	2959
2166	2461
3098	2656
2254	2854
5311	2387
5278	2258
1383	2836
1252	2773
2057	3011
1864	2726
1115	2799
1449	2782
3126	2607
2573	2909
4440	2530
2936	2262
2566	2538
2158	2848
2788	2889
6009	1588
7295	1514
674	2636
1445	2770
1420	3059
4149	2436
798	2796
2832	2726
1654	2982
1889	2826
1720	2863
2581	2997
8443	746
2080	2840
1291	2733
1102	2878
3963	2615
1512	3020
1012	2796
3625	2656
2296	2875
2070	3068
1577	2859
1290	2795
2117	2903
1844	3117
2337	2598
2064	2734
1896	3256
1069	2545
2704	2274
1296	2810
1113	2875
1640	2958
1113	2698
3249	2460
2781	2732
1637	3087
843	2902
1587	2779
1754	2755
6118	2036
1163	2947
2210	2688
1110	2564
2735	2504
3390	2342
1364	2819
1082	2991
1318	2752
1833	2529
649	2955
1296	3066
3299	2585
1345	2716
1414	2627
2149	2872
1737	2641
7527	1524
5476	2143
1856	2602
881	2920
798	3105
1241	2669
2822	2803
1835	3076
2314	2754
757	2839
1888	2733
1556	2266
7464	2007
1841	2961
1789	2675
1666	3013
1685	2805
5949	2173
1994	2649
436	2957
2905	2873
1698	3007
1824	2748
1232	2958
1203	2861
1844	2519
914	3025
1841	2722
2037	2900
1497	2818
1968	2788
1927	3108
1158	3196
1913	2989
1407	2673
685	2989
4349	1973
4552	2638
1765	2816
1709	3033
1846	3030
2931	1990
1024	2786
7465	1421
754	3174
1709	2584
1721	3203
1246	3032
1205	2801
1907	2639
4024	3093
7134	1748
1448	2677
4730	2052
1753	3014
1168	2873
1544	2751
1494	3060
987	2730
1378	2559
2099	2683
7673	1293
2848	2184
5764	2018
1572	2475
6838	1670
1468	2856
1285	2687
1383	2924
1743	2790
1248	2296
1923	2666
747	2996
2487	2597
2455	2869
8120	1318
2402	2822
4344	2472
1953	3003
2852	2794
2007	2353
3166	2840
1706	2701
1366	3135
1110	2870
1144	2914
4217	2481
1099	2572
2167	2908
1478	2620
1171	2911
2316	2516
5770	1702
2373	2770
1709	3149
1782	2849
7441	994
4491	2523
978	2484
911	3161
3519	2235
883	2682
2034	2827
6008	1648
1424	2917
1734	2997
910	2683
1311	2902
1939	2910
3084	2660
1565	3006
1356	2853
2164	2588
1928	2906
1042	2769
1472	2115
4661	2242
6293	1977
3583	2767
387	2972
2095	2656
1077	2378
1215	3056
837	2753
2272	3075
1653	2626
1650	2927
3425	2611
1279	3127
1405	2732
5009	1945
837	2665
1159	2292
1990	3019
950	2563
732	3120
2380	2744
1884	2987
1262	2930
5193	2502
3670	2693
3271	2592
1468	2973
3021	2890
6948	2131
1615	3058
1606	2842
757	2898
2513	2733
1209	2980
1148	3034
927	2637
2450	3024
1168	2891
3111	2410
2091	2941
1022	3112
653	2972
4465	2356
1830	2856
1732	2674
1961	2864
2607	2586
5243	2127
1002	2783
932	3100
780	2951
2112	2997
4962	2497
1437	2670
1436	2946
1381	2767
1731	2641
1525	2488
1739	2760
1719	3012
1122	2959
3033	2542
2235	2877
1362	2648
6219	1917
1378	2947
1564	3030
2268	3241
2049	2458
1176	3121
1661	3080
1368	3071
1202	2943
985	2702
511	3161
1719	2801
2276	2951
2174	2761
1187	2749
3687	2307
1283	3059
1424	3092
1281	2802
1691	3117
1398	2837
926	3094
921	2934
1635	2955
1494	3090
1317	2877
902	2998
1140	2426
7705	1538
4223	2105
3591	2537
950	2541
1116	2876
1285	2966
1235	2943
1752	2968
1400	2986
1214	2962
996	2614
2145	2996
3831	2762
966	2880
2099	2716
2181	2980
739	2290
1622	2935
1590	2315
1107	2691
3351	2462
1449	2551
860	2798
1044	2903
2289	2813
1133	2845
1230	2977
2204	2600
1726	3149
686	2579
1622	2716
1730	2560
1939	2924
1235	2816
1673	2294
789	3023
2593	2672
1833	2602
2538	2938
2566	2966
1487	2880
781	2435
675	2205
1950	2807
2396	2576
1876	2863
1478	3124
1578	3057
1433	2217
1100	2812
867	2794
3212	3005
4280	2375
4097	2392
2179	2625
1143	3047
1086	2660
875	3102
966	2826
573	2671
1274	2864
1425	2856
4599	2482
1164	2899
2121	2622
1876	2632
1488	2454
5997	1669
2293	2614
936	3076
3766	2404
1417	2931
1460	2787
996	2652
3674	2687
1341	2688
1593	2600
3911	2496
2642	3116
2396	2651
1435	2550
888	3081
4539	2320
2612	2862
2131	2907
3376	2224
1540	3076
1131	2718
1384	3088
2088	2432
1994	2645
4287	2405
986	2843
1116	3063
1511	2710
562	2555
3139	2585
1147	2828
1629	2578
928	2449
4970	2003
2558	2649
1501	3015
1493	2826
1042	3006
358	2775
1857	2839
3604	2305
1723	2963
2824	2802
1601	2686
691	2789
1869	2912
1980	2817
1479	2735
3377	2664
7435	1838
1394	2792
2178	2485
1561	2863
2406	3097
917	2564
1474	2625
1339	2538
1204	2320
1558	2680
1184	2688
1031	2555
557	2732
740	2706
2359	2521
2256	2765
1427	2941
2673	2801
2015	2939
902	2563
817	3167
1671	3048
1085	2821
822	3062
1357	3175
2113	2937
8757	77
1739	3028
821	2912
1108	2450
2375	2582
1177	2577
1618	2937
1235	3067
1227	2637
1040	3079
1262	2963
1292	3103
2480	3039
996	2704
806	2754
1111	3083
1487	2991
1323	3174
6955	1918
941	2977
1010	2752
2827	3009
1478	3128
1123	2708
1995	2750
1292	2773
2347	2728
1026	3169
2451	2743
1229	2556
1633	3079
3392	2803
1022	3187
918	2889
2530	2689
1445	2995
1879	2635
3210	2462
1618	2901
853	3022
2294	2716
1232	2788
1366	3023
4291	2576
885	2738
1553	3020
5150	2349
2317	3002
1712	2842
960	2558
2426	2554
1219	2736
2194	2985
981	2979
1719	2752
1420	2704
5772	2228
1961	2867
1282	3045
2051	3011
1183	2784
1175	2694
1094	2772
1604	3024
1141	2796
4902	2029
1456	2914
3360	2436
5923	1917
1200	3104
2902	2773
1298	2626
2335	3186
1449	2803
2419	3031
966	3113
5198	2026
7021	1660
1266	2591
4618	2355
2283	2502
969	3348
1002	2461
2326	2906
997	2693
6363	1877
2810	2874
1940	2217
1437	3282
3272	2791
1856	2571
1656	2673
2099	2904
1906	2785
4519	2372
3358	2290
1674	2962
3992	2448
1158	2737
1324	2354
1237	2850
1914	2914
1414	3105
1087	2862
1192	2739
1483	2869
1863	2957
5894	2226
1027	3052
2329	2851
1687	2706
786	2506
2490	2652
2577	2776
1118	2971
3365	2556
1663	3091
1344	2685
970	3179
4451	2541
1585	2766
2244	2755
787	2660
417	2903
845	2737
2187	2672
1244	2750
776	2653
1021	2942
2419	2508
1130	2809
2652	2613
1268	3201
2279	2827
1551	3024
2292	2800
900	2752
1480	2796
2144	3175
984	2728
2024	2659
1562	2993
3630	2281
2044	2590
1742	3194
1836	2664
1227	2915
2537	3138
9127	929
3239	2865
1278	2823
981	2849
1064	2598
1902	2868
1820	2950
1622	2714
1070	3116
1275	3009
2169	2709
958	2689
2946	2576
1714	2775
1519	2301
955	2811
1004	3167
960	2830
2376	2725
6537	1333
2049	2548
875	2675
1450	3171
1048	2941
1331	3178
1237	2839
805	2841
4527	2451
1409	2904
909	2690
1450	3230
2565	3011
1173	2824
995	2510
1349	3082
1404	2860
1064	2844
3319	2311
1900	2568
966	3182
1027	3148
1096	2820
1057	2731
982	2865
871	2889
1417	2966
980	3228
1182	2755
1240	2636
651	2567
3452	2907
1498	2531
2096	2794
1265	2949
1855	2521
1684	2728
2200	3105
1867	2800
1112	2804
1743	3050
1303	2786
489	3032
1280	2846
639	2647
963	2950
1706	2646
9561	318
967	3022
2462	2462
1956	2932
1174	2822
2862	2909
1705	2774
1734	2916
2079	2804
757	2884
2464	2860
1088	3093
1510	2674
3752	2369
1252	2556
1882	2809
546	3077
2351	2749
2133	2712
1344	2898
1680	2736
2387	2960
1555	3121
2002	3039
1741	2647
1604	2803
1827	2924
1278	2797
1869	2971
1168	2719
1346	2938
1453	2753
3834	2391
1515	2649
2472	2408
2140	2869
1985	2371
1732	2672
2639	2614
1556	3071
2442	2445
1067	2682
2043	2503
1029	2934
1965	2656
3825	2179
1630	3088
1801	2709
3568	2779
1164	2203
1940	3020
1426	2864
1279	2665
1878	2919
2111	2581
697	3123
2459	2771
1176	3065
2335	2449
1144	3142
2023	2441
3127	2680
2004	2898
2244	3057
2584	2852
1028	3061
2561	3168
1688	2937
1207	3118
977	2852
1412	2759
1512	2842
2226	2858
2317	2949
5084	2139
1056	3283
1327	2705
1492	2963
4001	2356
1204	2710
2617	2697
1796	2514
1850	2586
1840	2731
2579	2684
4112	2404
2458	2982
2787	2950
1091	2674
3771	2693
1961	2955
466	2691
1398	2799
1064	2988
976	2743
1685	3000
9206	496
2110	2810
2749	2901
1735	2886
2562	2314
2243	2564
2145	2315
2540	2540
1653	3125
1382	3029
4196	2402
1633	2964
1346	2996
1874	2637
2522	2687
1041	2772
1374	2914
1465	2916
1957	2840
1317	2803
1407	2571
2352	3111
5721	2257
2567	2787
2596	2736
2577	2606
570	2887
1476	3112
1673	2433
4996	2085
1807	2555
1932	2672
830	2826
1345	2836
2594	2677
2504	2942
2052	2690
1316	3205
2225	2329
1806	2815
2245	2823
1189	3171
2685	2762
1303	2684
1564	2770
693	2653
1820	2820
1366	2794
9833	666
479	3114
5270	2293
1626	2519
1412	2930
5337	1953
2053	2395
1313	2584
2416	2648
5235	2366
2309	2422
6341	1860
2042	2612
7442	1572
1886	2945
1336	2937
5523	1859
1201	2553
1384	2990
2325	2534
1097	2719
1452	2851
970	3089
1711	2928
1236	3037
1450	3069
2365	2909
1546	2782
830	2651
762	3034
1816	2699
3278	2989
1293	2550
436	2715
1031	2350
1739	2910
1112	3096
1260	2823
1831	2131
3397	2395
1575	2853
951	2741
1085	2615
1599	2775
755	3000
1332	2676
3105	2573
5777	1843
1466	3116
1627	2917
4977	2654
869	2551
926	2735
2400	2851
665	2779
656	2689
3893	2207
1193	2639
781	2809
1561	3041
5923	2271
1414	3027
1582	3062
2146	2926
1208	2689
6822	1499
1088	2887
1422	3100
860	3004
1423	2892
1044	2657
1585	2576
5285	2424
1946	2488
4142	2604
1089	2366
2255	2773
1637	3110
2599	2832
4171	2350
1465	3002
4018	2147
1355	3016
2527	3013
2357	2789
1626	3112
391	3034
903	2921
1312	2828
1963	2720
1941	3053
1610	2798
1712	2386
3142	2772
926	3202
2417	2778
1253	2648
1895	3118
778	2928
2701	2501
770	3130
1017	3105
2672	2265
2633	3026
1019	3046
2168	2327
8168	1420
1204	2780
2004	2970
1354	2738
749	2848
2842	2958
637	2930
2524	2808
1894	2888
2488	2853
1213	2899
909	2402
796	3003
754	2922
1706	2702
2630	2563
4959	2619
2085	2654
6862	1685
1288	3241
665	2751
2164	2614
2350	2895
1453	3054
1078	3014
1209	2850
837	3143
4469	2939
2001	2714
1733	2728
2208	3124
763	2871
2224	3053
2047	2849
1193	2659
5685	2005
904	2616
4967	1827
2348	2346
1751	2861
1796	2882
4806	2337
1181	2236
1353	2924
2612	2437
1089	3037
1221	3099
1709	3124
6859	1572
1477	2628
4798	2045
2297	2957
2627	2663
1383	3129
977	2662
1113	2716
2436	2489
2337	3009
2550	3026
1351	2850
1482	2600
1500	3155
1616	2936
2269	2830
1558	3002
2021	2635
2398	3035
1756	2625
533	2974
1584	3125
2870	2724
1549	2134
6612	1746
2361	2768
994	2868
1124	2906
1255	2955
6727	1816
1722	3005
1432	2492
1111	2655
1429	3055
1834	2737
2055	2741
1324	2737
1360	2611
1630	2854
2097	2866
1812	2612
7115	1683
1859	2746
2050	2564
1762	2968
1812	2743
994	2332
2261	2810
1405	2924
1998	2934
5812	1609
6738	1507
1025	3049
1578	2594
2053	2672
1323	2257
1230	2977
1227	3079
1289	2969
1243	3121
1095	2670
2316	2648
1268	2788
1763	2955
1098	3075
3294	2505
1488	2848
3203	2838
846	2897
1802	2689
1526	2504
2133	2374
1129	2922
1049	2881
891	3032
339	2800
1061	2833
1800	2578
1024	2977
1243	2637
1939	2610
1480	2689
2700	2480
2085	2654
1024	2494
2664	2832
2310	2633
1891	2896
1545	3030
1415	3003
1318	2451
1159	2841
1107	2795
3552	3064
1848	2782
1168	2832
1987	2838
3312	2763
4079	2662
1893	2797
1860	3048
1207	2672
2228	3226
2904	2876
855	3216
927	2973
1994	3137
1635	2621
1602	2915
4831	2380
1727	2948
4062	2500
2463	3072
1153	2911
2208	2718
6448	1522
367	2758
2380	2839
2237	2390
2604	3160
1635	2665
2345	2577
1327	2670
1616	2597
1742	2569
1894	3005
1283	3117
1174	2440
3186	2704
1666	3144
6869	1481
1198	2419
1949	2931
2369	2831
4314	2498
2966	2912
2229	2609
1415	2745
1915	2879
1508	2756
1653	2698
1537	3132
1612	2832
1263	2867
863	3022
1933	2747
2201	2473
1139	2849
1148	2947
1952	2894
958	2974
5565	2186
1723	2690
2267	2676
993	2991
1948	3060
1262	2974
962	2478
2271	2769
2117	2536
701	2772
3468	2556
2426	2693
3098	2552
1234	3031
1296	2600
1815	2428
1070	2942
7697	1039
646	2666
1256	2926
7761	1382
5880	2178
1958	3062
1027	2920
1195	2808
1212	3253
3104	2396
1176	3146
1193	3004
2103	2953
1067	2702
1221	2963
1608	3049
1176	2476
1921	2686
2515	2707
2494	2418
1519	2997
3599	2356
1354	2681
2677	2814
1332	2600
658	3149
1353	2691
2983	2922
1353	2751
5314	2528
1277	3125
2235	2537
2150	3050
1498	2873
1256	2916
1826	2668
2042	2621
2304	2841
813	2729
3363	2838
1186	3199
1839	2781
2830	2795
1597	2451
1790	2667
1647	3121
1818	2341
2965	2671
2171	3215
1077	2984
7162	1446
1688	2493
2482	2565
1213	2717
1040	3098
1870	3001
4675	1972
543	2932
1236	2915
717	2527
1918	2664
2127	2840
1971	2660
1336	2682
1402	2988
1826	2903
815	3137
1999	3038
2019	3120
2040	2906
1847	3054
2107	2819
1693	2780
1459	2828
2153	2737
1502	3041
1362	2944
1633	2941
1117	2899
2758	2625
1469	2840
2529	2993
553	2454
2368	3098
