2332	1410
2649	886
2978	1386
2109	1345
1282	963
1729	1137
2172	1409
2084	2030
3163	2506
3289	3238
1519	1485
3011	2308
3469	1444
2339	1019
1497	3183
1629	2169
1363	714
1826	859
3292	1296
1519	1401
2400	1166
2455	1587
2776	4990
1525	853
2440	1585
1974	927
2472	1497
2120	1284
1391	1310
2742	1408
1902	1281
2198	1820
1938	991
2056	1265
2535	1262
3030	1679
1479	2380
3294	1509
2249	1208
1535	1171
2155	1446
2471	1546
3041	1800
3249	2324
2973	1035
3017	3020
2652	2191
1506	1326
1668	570
1878	2090
2540	832
1705	1891
1984	863
1619	1353
2066	1922
1286	1413
2238	1046
2203	2455
1110	1220
876	3034
2204	1195
2609	1388
1415	1559
1559	1206
2201	1236
1653	797
2224	2832
1879	2657
3796	2561
1792	2639
1053	886
2100	1466
3472	1500
3075	1655
1868	1443
2474	962
2947	2100
3005	1990
2434	1660
3866	1589
1468	897
1635	3901
2184	3774
1784	2207
2230	1213
5889	1680
2237	940
3362	2585
9324	1251
3855	750
3308	1614
1736	1123
2114	852
2159	2398
3029	1742
3144	1187
3240	1979
2154	1731
3198	1301
1936	2151
2557	3499
3471	1464
1755	1022
2477	1369
4345	1577
2390	1466
1363	2535
5456	2712
1369	1479
2914	1087
2378	1394
2739	2068
1879	1554
1292	253
1337	2038
2064	1404
2557	1170
2185	972
2113	1143
2517	1009
1025	1920
2484	1401
1790	2261
3532	1739
1891	1321
4942	1345
2459	1030
3237	1115
2258	1985
2389	2331
1587	803
1489	2110
2490	1394
1272	1155
1277	487
1471	747
1878	1224
2890	1417
2570	1150
1098	1259
2674	1715
2867	908
2779	702
1588	999
1576	1343
4202	3375
3136	1002
2228	738
2772	1267
1663	2491
2818	1237
1469	1049
1947	1167
1537	2380
2754	1117
2556	2034
3227	2233
2316	1316
2176	1486
2174	2123
2217	711
2121	3388
1393	1817
1402	1342
2146	995
2922	707
2329	1438
2319	4515
2140	1957
1210	1221
3613	2152
2305	2200
1214	1458
1993	800
1464	1106
1354	1391
2513	1294
2954	3223
1907	1486
1908	3102
2771	1784
1594	1272
2739	1277
1220	1768
1014	917
1972	1416
1631	3861
1218	1498
2773	1906
2369	1166
1657	1210
3171	1478
2519	1294
2833	1720
1176	4428
1470	1114
3086	1815
3038	1569
2738	3527
2905	1616
2562	1753
4492	869
1673	1173
2143	619
2361	1032
2418	1007
2036	1364
983	1285
2693	1124
1707	1306
2289	837
1806	1872
1989	1214
2775	1107
2857	1380
1005	1095
2068	624
1724	1329
3347	1318
2319	441
2998	4443
2925	1168
1480	1142
1457	1008
2830	2325
1241	1935
1528	3185
1695	1197
2452	1084
1876	1340
2174	1237
2059	1569
2191	1067
1694	2321
1357	1925
4926	1535
2635	979
2570	1247
1587	1147
1271	1528
2300	1126
2407	1206
2893	1072
1001	1171
1075	2863
3547	1583
6484	1836
1954	1315
2170	1334
3205	1309
1961	1481
1539	1614
2199	2530
826	882
851	685
1375	1108
4017	1271
1395	2094
3047	963
1891	2043
2294	964
2760	1549
1289	1858
2747	2863
2121	969
2380	1191
1246	1375
6338	2033
1943	2083
2459	3872
1458	866
726	1018
1883	1178
1715	1670
1721	1261
2172	1092
2929	855
1509	1979
1294	2603
2633	1340
2090	1508
3024	1221
2810	1433
2614	1084
2768	1017
3135	1233
1405	1153
2135	1570
2689	2779
2383	1400
2560	1806
1825	3055
2975	953
1179	1011
3488	1455
2353	701
1453	1238
2297	1116
4009	1245
3628	1538
2468	580
2157	1565
2816	2065
2463	3242
1796	2052
1050	1478
1860	1206
1074	4113
2428	2054
2386	1870
2666	1417
2630	1155
1497	756
3324	658
746	1197
966	2016
2789	1744
2579	1554
1804	1113
2460	1083
1133	1153
3254	1016
1199	1457
1502	1444
2035	1544
1694	1618
2749	1159
1952	916
1767	899
1686	1986
628	3194
3390	1077
2283	721
1940	1286
979	1308
3176	1509
2057	1053
2121	2487
1801	1578
2291	1807
2119	1077
3043	1889
2078	350
2835	1517
1726	1161
1814	1908
1906	991
3053	1139
2803	2416
1095	744
2038	3632
2401	1394
2178	527
1314	2826
561	1290
2001	1295
2511	1093
1972	1340
2543	1775
1455	2196
2044	1459
1651	1308
1056	1019
2050	807
1053	2320
1123	744
2741	1545
2575	871
1879	1287
1615	3434
2539	1680
2958	1382
2954	1063
3852	1303
2012	1185
1565	1509
1506	867
1605	2782
2838	938
1949	1541
1259	3094
2791	1234
2593	1033
2660	2147
1418	956
2570	1125
1516	868
1458	879
4082	1482
2667	1342
1950	1313
2511	2340
2656	1502
1441	1249
2243	876
1986	736
2600	3038
2614	667
2854	2111
1763	719
1064	1187
2204	975
1632	1002
1604	1814
1517	1254
2025	904
2727	1374
2435	1197
2571	1770
1970	1516
2213	1336
1262	2013
1998	751
1317	1187
3348	2197
2249	1567
1164	1242
1780	2680
1177	598
3465	1587
2702	1018
1980	1573
1721	1206
2048	992
1714	2938
1950	1140
1803	1262
2405	1462
1410	1678
2580	1371
4580	894
3213	2294
1840	3144
2286	1216
3002	1091
2332	3011
2116	1331
2416	3825
2639	1341
2042	858
2991	1840
2240	3594
2487	2160
3742	2685
4117	1361
4569	814
3151	1067
2896	1111
2558	1584
1357	1411
2781	1739
1987	1153
3017	1258
1513	1353
2591	2469
1475	1900
986	748
1290	1120
2991	3564
2451	2837
1757	1408
2719	1160
1824	1089
3438	869
1980	1059
5448	1213
2638	2627
2321	1290
1774	1976
1601	3689
2791	1163
1621	754
2688	2122
3320	1565
3163	795
2463	1106
1690	1198
2899	1621
1182	1083
2269	1073
1453	1422
2431	1772
1676	2145
2519	2614
2283	682
2150	1086
3203	1703
1163	2275
2651	707
2077	1264
1544	1772
3410	1115
2092	1852
1079	1348
2137	1079
2617	1352
1812	5470
1900	1824
2726	1575
2197	1025
2419	1361
1741	1223
2799	4668
3484	1914
2501	1239
3084	1271
2172	1172
1188	1470
2354	2572
1453	1333
2290	2006
2279	1496
3279	1313
4540	1850
2749	3883
810	2130
3133	1528
2419	2793
1738	1239
1274	1331
3000	1874
1813	951
1599	836
3086	1283
1926	2508
868	1397
2121	1490
1535	1079
2162	1161
1407	1419
1645	1694
6198	971
2477	925
2208	702
3008	1803
1722	1358
1486	1329
2747	1384
2612	1589
1984	1573
3121	2007
2549	1221
1985	2886
1907	1432
2948	1137
2605	2772
1542	895
1320	1115
2006	1298
1443	828
1802	2110
1980	1414
2663	782
5684	1637
2661	681
1577	2766
2932	1736
3444	894
1281	1772
2484	1268
713	2725
2442	3928
2006	834
1220	1144
2220	2300
1970	1883
1339	1525
2644	1228
2464	1202
1530	2128
1177	2118
1661	1783
1331	1483
2324	1609
2610	1140
1435	1838
1003	1652
9708	1380
1513	1234
1643	1375
2668	1460
1822	415
1888	2032
2769	1830
2614	2155
2300	1560
2111	814
3478	941
1753	1406
1315	1381
1071	1205
1707	1716
2002	2173
2152	1717
1583	876
3297	1369
2096	1279
2651	612
2373	841
2135	1526
2462	1532
1517	1388
1041	1217
2718	1247
3047	2580
1962	1705
2234	2515
2072	1451
1794	1447
1534	1234
1392	1223
4072	2562
3441	3864
1864	1793
2160	805
2167	1092
1365	402
2209	2263
2761	1838
1991	958
2317	1306
1501	2404
3092	1560
2289	2017
1329	3327
1893	1388
1681	589
2105	3110
1763	1169
2841	1934
2134	983
2760	2062
1838	1564
2965	1261
2586	942
2305	1092
2295	1121
1553	2834
1952	2166
2126	739
1498	1035
2382	1219
2003	1326
2178	1480
4150	2924
2754	1445
1692	1320
2617	3126
2154	1293
1196	4613
2370	1298
2147	2112
1835	2846
2144	1389
3057	1644
3369	1421
2940	941
2391	2376
2664	1290
1069	1455
1589	1411
3833	1384
920	1303
1685	2232
3206	908
2694	1185
1221	1249
1389	1056
2824	912
2581	1915
1734	1002
2062	1319
1766	2037
1747	1484
1988	2669
1872	1126
1637	1009
2342	1367
2875	2191
2740	2403
2929	1285
1166	1362
1251	2848
2240	2458
2775	1573
6481	957
1819	1798
1975	2513
1499	1601
1857	1936
2095	1271
1179	1384
902	1217
1717	1275
2192	1260
2014	1569
2495	1767
1541	934
2500	952
1736	1412
2500	2142
1969	1115
1277	1675
1912	1576
2490	1057
2176	1640
1803	2137
2462	1618
2760	1177
2341	2116
1526	2128
1464	1054
2551	1856
1307	1410
2642	1279
1932	1141
1974	1376
2544	817
2943	817
2817	2162
1682	1045
3275	1417
2523	4986
3226	1008
3017	1550
4991	859
1253	1450
1530	1270
1979	1322
2109	940
1536	1726
1116	1375
1696	1961
1723	3352
2468	1047
2729	1574
2696	1924
961	1262
2667	1399
2238	1543
1650	1643
2433	1280
1274	1432
1652	1205
3131	1314
1577	3790
2480	1547
2645	1005
3965	1043
2039	590
2496	1342
2815	1944
2863	2205
1584	1508
1040	988
1961	833
1510	1187
2247	903
2550	1659
1439	771
857	1697
2821	3806
2177	1738
3243	270
1354	988
2048	896
1108	1973
1682	1057
2568	1622
2370	1807
2480	2963
8924	1535
3373	2826
1447	1119
2427	1287
1845	1369
3191	1605
2400	1044
880	829
2734	2814
2502	1302
3001	2011
2798	838
2086	698
2123	785
2158	1300
1420	1781
1642	1388
1693	1117
2838	2075
2311	1233
1831	2738
2280	1300
2828	1116
3060	3932
4747	713
2786	1116
1385	3923
3609	3056
6961	1757
1736	1428
2727	1298
1985	1184
1772	2775
1476	854
3155	551
1567	1139
2286	1756
2891	1635
2053	1409
1817	1419
1615	1226
1566	1135
2221	1707
2099	1138
1448	975
1494	585
2990	1627
2718	3101
2409	2316
2479	1831
2070	963
2104	4023
2349	1380
3590	2102
1784	2206
3208	1778
2824	1230
3076	1344
2032	1118
1796	1671
3300	1061
1367	1468
2164	882
1143	927
2614	981
2622	1206
1384	2310
2213	866
1219	665
2352	1374
3012	850
2008	1036
2329	1051
2165	2860
1815	1127
3743	967
2989	2683
2859	1038
2786	953
1602	1022
2232	1347
2372	1666
2477	2264
1369	1444
8196	3296
1521	1125
1518	957
2253	1070
1616	1545
2089	824
2324	935
1807	1006
2963	894
1739	2789
1314	1015
2616	1340
1641	625
2611	1265
1255	2657
2543	1492
1562	1211
1412	1762
1551	814
1814	1171
1200	1218
1425	1830
1961	1116
2331	3129
1606	1512
2363	1724
1220	1053
9090	589
2675	1369
2242	813
2147	1089
2284	655
1213	909
2094	1414
2423	1752
2278	1781
3118	717
3346	825
2509	1119
1509	1578
2381	628
1411	1358
1727	2478
7110	1261
2335	1280
1676	1611
2035	1286
3098	2835
1579	1388
2345	1019
1347	988
2896	1012
6286	1284
1211	1237
4880	1005
1901	1884
1018	2739
2078	1277
2042	842
1676	2126
1890	1047
1671	4005
1309	1058
1769	2208
2247	754
1219	1090
2343	1171
1516	1191
2667	1274
1109	1231
1484	1121
2540	1419
1345	1716
2439	1765
1513	1932
2152	1229
1243	1005
1569	1268
1182	1797
1565	1209
2911	670
2603	1207
3048	1517
3135	1305
2807	1131
2245	1624
3682	1357
1361	865
2104	1334
1977	3028
2842	1679
1772	513
2386	1413
1521	1360
2305	2462
2361	1063
1382	2278
1565	673
687	2781
1425	1558
2247	1882
2101	2635
2463	708
1959	2434
928	3783
1361	1108
1449	267
1430	1677
2391	2731
1779	1904
4148	1350
4586	1263
2019	608
2833	1477
2463	1160
2016	3383
1984	1620
2351	3582
2274	1658
2401	1158
1988	1513
2892	1282
9802	1493
1445	1460
2604	1200
3245	1231
984	1823
2443	747
2183	578
2396	2378
1451	713
1548	662
2078	1637
2572	761
2368	665
1989	1100
3011	3406
2353	1219
1543	1286
2619	1807
1699	3349
1658	1523
2924	1220
920	2142
1494	960
2835	1266
1155	1451
1345	1135
2005	1100
3354	1449
1710	1078
726	1396
2067	2431
3115	2376
1591	1598
2488	3002
2769	1618
2558	2810
2005	1760
1805	3982
2689	933
4927	1139
1766	1044
3030	2023
2036	927
2914	1133
3018	1682
2257	1137
883	959
1826	2641
2833	2004
3056	3084
2818	1298
1281	2051
1214	629
1382	1369
2666	1919
1936	494
1545	776
3408	1038
2232	803
2395	2449
3573	1799
2530	1380
2814	1782
1072	1218
1304	1023
1877	821
1603	1178
1038	984
3264	881
3067	2465
1336	1198
1389	1188
1771	2089
842	1760
2655	1184
3031	3175
1807	1493
999	2286
1375	1348
794	2398
1699	1583
1966	1226
1118	914
2660	1995
1843	1543
1652	2700
2430	1476
2980	2004
9649	889
1876	1441
1827	2474
1661	177
2422	2782
1688	1188
2894	935
2159	2046
2677	3143
1675	3614
1973	989
1824	939
2495	1099
2015	1161
1323	1610
2615	1708
3017	1489
1631	2330
2498	1390
2352	2990
1547	3492
1851	1152
1499	2354
2134	1214
2002	1315
2904	1075
3089	1123
1483	2502
3131	880
2579	1670
4192	1557
3077	2331
1855	1203
2745	952
2857	2010
826	1754
2696	813
2814	2483
1932	1236
1635	1297
2640	1452
2605	1174
2205	1776
2528	1873
2862	2971
1864	1633
2061	4842
1884	480
2508	1939
3329	970
1831	1265
1083	2757
1618	887
1948	3856
3399	8910
2673	941
2030	1894
1704	907
2638	895
2403	903
2073	980
1828	951
2290	700
2918	1218
1407	1278
1856	1191
2395	2623
3074	2694
3015	1161
7252	4872
2327	951
2604	984
1900	1058
1758	2127
2356	1122
2830	3438
2973	1174
1525	965
3137	1207
2650	1113
1568	2617
2374	2630
1730	1386
2584	1727
2604	2678
1690	1626
1209	4197
3160	1598
2130	871
1379	1680
1846	927
2408	1049
2773	1224
2997	1370
1934	998
2726	574
2434	1589
2400	774
2485	2631
2043	986
4042	1371
1683	2108
1550	864
2939	2872
1322	972
1595	2838
2829	981
2282	2122
3069	1385
1090	1116
1356	1882
4748	1490
3376	1211
1290	1089
1940	1019
795	1139
1909	3886
2816	1144
2133	3157
2935	1378
2012	1979
1621	2568
1684	1599
2686	917
1397	2011
2449	1353
2134	2388
1672	1176
2138	1496
2453	4036
1903	659
2686	604
2477	2102
2963	1911
3221	834
2926	2372
2478	704
2903	1588
1497	1411
1769	4985
2793	2000
2382	1520
2283	1510
1231	1243
2290	980
2157	2145
1828	1048
1756	1148
1332	1460
1373	1213
2277	1352
2512	3259
2306	1243
2789	1645
2744	2105
2070	1306
1951	1170
1451	1553
2891	1503
2525	4036
1726	1534
3010	1385
2367	1246
1917	1388
2708	1394
1142	1415
1418	674
1425	1684
1412	943
2534	4876
1988	972
2189	1469
1984	1473
2471	1500
3056	590
2329	1535
2774	3075
2480	1884
2437	1565
1007	956
2313	1096
2784	1846
1693	1335
1662	1560
882	1071
1415	1842
1079	3065
2488	2127
2061	1440
1795	1283
1927	1166
812	1071
1816	1977
2995	1103
1346	1214
2515	1228
2051	1120
2290	1221
1327	2980
2374	5386
2969	2002
1932	1352
1977	2278
1306	1097
1454	1135
1461	1174
2005	1344
2603	893
2032	3122
953	1402
1516	1031
2123	1101
2130	917
1838	3077
2574	1716
1090	1395
2389	1736
1523	4789
1379	1525
1731	1402
1727	1398
1601	3257
1995	1837
2447	933
3045	913
2790	1533
1362	1206
1185	1205
3673	2413
1729	1946
2548	1950
2835	1191
2434	1863
1659	1684
2658	1450
2785	920
1343	925
8451	1367
952	1960
1236	1186
2266	1897
3341	1432
1931	2316
1528	1311
1568	1262
1352	1805
2471	2324
1101	1930
2384	1331
2512	763
1227	933
1966	2029
1884	2120
2738	1142
3496	1845
667	2099
1337	777
2618	1437
962	1264
2465	889
2054	1418
2472	760
2882	1230
2588	1315
3639	1841
3614	1381
2386	1539
2189	1244
4388	3095
2323	3209
3055	1206
2173	2707
2673	1727
2863	2315
2878	1389
1332	1304
3834	1858
2833	1765
2398	1139
2914	1028
1824	1095
990	1130
1794	1921
6241	1618
1517	1276
2195	1407
1755	2021
7864	2158
2364	864
2193	2465
3357	1316
1364	1242
2595	1224
2714	1396
2053	1432
2808	1274
2220	1021
2579	1207
2059	1056
3220	2347
2074	1221
2603	1412
2896	1036
1686	1045
3789	4761
2349	1759
2111	2226
2823	965
2864	1117
5632	1390
1540	1073
2801	2436
3061	998
2352	716
2372	1525
1650	1415
997	1158
1954	2691
1950	2290
825	845
2293	3858
1443	1365
1795	1047
1548	1091
1750	1704
1624	1091
2832	1433
5737	2359
609	1411
1402	1565
1837	1128
2013	976
2699	1400
2144	2581
1564	1434
2773	1198
1561	2171
1616	1622
1865	2124
1450	1301
2340	1245
2792	1296
1891	2646
1784	1466
2732	1636
2919	1294
2793	1152
1931	2453
2759	1750
2665	932
2072	1081
2276	1148
1904	1319
2922	1162
2805	1449
3238	1051
1544	1258
2439	1487
1543	1574
2938	3736
1326	870
2427	1609
1944	1283
1336	682
2287	1295
2178	1146
1197	1026
2517	2514
3167	874
1068	3714
1862	2786
2457	1144
1897	910
1812	2508
3064	884
1323	1188
1657	3505
2849	1273
4325	685
2242	1455
2552	1365
1527	1849
2087	1195
2503	2525
2008	1191
3249	1450
3026	4174
2140	929
2773	5138
2914	1198
2306	3794
3211	1098
2494	974
2878	2799
2391	1578
2150	1323
1968	2173
2008	1008
1888	2445
1687	2131
3114	1496
2027	1964
1473	1286
2893	619
4554	1663
1222	962
2023	1851
2352	2236
973	823
3576	1195
2109	1147
1962	1175
2942	1359
1707	1646
1451	805
2318	1601
1158	2624
2064	2068
1165	1005
2873	2047
2126	1053
3012	1467
1675	5407
2071	1079
1485	1454
2057	3239
2581	969
1566	1537
2553	982
3580	1538
1098	1485
2079	8173
1619	3105
1384	863
2565	2534
1412	1134
1890	1554
2255	2001
3074	3039
1303	2030
2592	731
1811	1280
2982	1038
2751	1268
3413	2413
1826	2540
2799	1671
1355	735
2479	4153
1647	2129
2499	2006
2252	1534
2847	980
1488	1122
771	996
1280	1170
2284	1220
2927	1377
2639	6611
2203	1061
3325	1803
2725	1628
1217	1898
2731	1037
1365	4670
1734	1335
1511	1835
2954	2603
2792	1645
817	1359
3698	1730
3271	1767
3264	1294
1042	1406
2134	616
3207	814
2680	1382
2785	1084
2889	1405
2135	1448
2710	867
1654	2840
2265	1441
1593	2577
1555	1149
2594	1745
1078	1029
3097	3495
973	1082
6429	1077
1343	1437
2501	2382
2361	850
2191	3910
1518	1204
2328	1995
2211	1702
1695	2941
2559	867
1610	1226
2862	1251
2281	1321
2926	1262
1659	1254
2423	880
752	1190
1647	1366
8116	1328
1337	1174
2939	1574
2434	1851
1166	1223
1384	1208
1372	3133
1307	1193
3521	933
1989	1193
1340	1020
1836	1166
5537	1301
1617	1398
2173	1281
1835	1609
2588	1651
2026	1081
2073	1781
8951	1504
1784	1222
2822	1363
2733	2462
541	1061
2881	1272
2745	1694
1621	1215
3529	3904
2596	825
2354	929
1224	1019
4734	2488
1496	1638
2388	1626
3462	1079
2162	1123
2734	1374
2260	3568
2089	1068
1722	732
1337	1443
2005	1253
981	1297
1732	1414
3095	1035
2142	1271
2434	2075
2237	1919
1457	1051
2515	1163
3045	1319
2140	1300
2696	1265
1885	987
1413	1163
1375	1262
1648	995
2483	1192
2553	1353
2628	2249
1185	2191
2711	711
1631	616
3082	874
2087	1510
2655	1282
2274	1626
1023	2071
2392	1089
2433	1441
1459	968
2094	1533
1999	1467
1709	1651
2569	1762
2034	1448
2584	1384
1251	2372
2321	1920
2781	1311
1902	1427
5944	1323
2515	1637
2768	1510
8797	1292
2172	1464
2243	1258
1374	1926
1633	1951
2556	581
2509	711
1980	1436
2331	1218
1871	1875
2619	1207
2269	1135
2862	1503
1987	1670
1221	990
3170	1510
2649	1110
2432	1599
2677	1448
1688	1912
2826	2092
1267	1193
2729	2801
1294	876
1153	6080
1189	1434
2348	2655
1835	2450
1273	2029
7724	1596
2523	1597
2200	1603
2125	1250
453	1677
2257	1247
2384	2197
2150	2044
2295	903
1136	1105
2283	1741
2737	2306
1089	832
1519	2530
2090	1807
1630	1040
2793	2611
3863	1567
2182	1155
1921	3130
3098	1228
1394	934
2246	926
949	1970
1677	1408
2010	2815
2496	1539
1861	1344
1559	1246
1837	965
1481	1168
2673	947
2926	1474
2591	1401
3097	1485
1872	2370
2692	2427
3911	2033
2540	938
2740	1065
2383	1328
9884	1030
1834	1956
1879	847
3086	1166
550	1140
2603	1788
1761	1095
3463	1086
938	1188
2559	1165
2561	966
1638	776
2142	2244
5713	2245
1870	810
1560	1709
1216	937
2637	1864
1838	922
2309	867
1868	961
2472	2678
1973	1659
1841	1279
2847	1461
2439	1562
1416	1058
2675	883
2008	1674
1541	2370
1111	1796
2532	1339
2633	1278
2099	4946
2828	2744
1310	1075
2767	1220
1498	1033
2248	1511
1962	1369
2205	1262
2227	1413
2514	729
1542	1425
2862	1447
2519	2373
2195	919
2356	1543
2229	5332
2792	1684
2577	1378
1671	2307
3231	1417
1584	1495
2689	1175
2603	893
2975	1490
2771	823
1954	1102
1462	1530
1536	3876
2542	1821
928	1254
964	970
3218	1114
1055	957
1408	1295
1463	1452
2599	2072
2006	1097
2844	1315
3527	1633
2722	1010
2614	1515
2160	968
1682	1949
3742	1454
1187	2673
3025	1055
2685	1208
1699	2341
2809	933
2894	1377
1346	1152
1524	992
1661	1352
1709	5334
4074	1766
1810	1071
1115	1492
1424	688
1430	982
958	2903
2833	749
1132	2688
3017	1055
1486	1069
2656	1681
1453	699
2718	1775
4849	1752
1624	2081
2861	556
2064	1418
2776	1340
2512	2008
2454	2646
2984	1393
1307	1662
2012	1098
987	1396
1904	1081
1847	2362
1021	1489
2328	1202
2375	932
1663	730
1664	1349
2528	3741
1768	1277
2780	1712
2031	972
1464	1339
2189	1958
2066	1551
1642	1088
1123	4145
3431	1348
2195	1299
2405	1615
1731	1132
2288	1409
1929	4103
2471	1213
1584	1514
2015	1341
2968	2335
2586	1939
3737	1547
2235	967
3230	1418
1798	830
2693	2877
3741	1193
1712	1074
1888	895
1248	841
3220	1228
3134	1294
1234	1478
1825	1269
2442	1191
2572	1569
1981	1473
1322	1134
1888	2017
2758	2962
1284	1269
2500	1182
1604	2564
0	998
1235	1416
2938	1115
2684	1107
2800	6502
1767	1029
1314	938
2512	2025
2081	1713
2378	1463
2762	1336
1780	715
2264	1040
704	2729
2770	1432
1085	1355
1620	1085
2476	1151
2962	1387
2477	1178
1703	851
3503	3002
2394	1083
1748	2787
3947	1646
3057	2090
2037	716
2449	983
2378	2387
1616	1385
1701	1244
2138	617
1128	1436
2135	2278
2236	967
1813	1163
1425	899
1411	2082
3660	7299
2981	856
3051	2016
1684	1401
1640	1165
3202	901
3223	1110
1668	1634
3936	1262
1630	1531
1508	1159
1290	1122
1669	2425
1677	1668
1914	1800
2811	685
2208	1352
6845	2012
1342	785
1649	905
1442	1098
2106	1016
2522	1339
1107	1158
1883	2809
1289	5480
2057	854
2309	1245
1972	1324
1880	1598
2458	1582
2502	1634
2251	1758
1358	1172
2061	1041
1533	1186
2809	1564
2639	1601
1600	1293
2186	1274
2137	1264
1691	1923
2053	1014
2491	1576
2319	2263
2317	1490
2126	1772
1323	915
1277	1316
2468	1102
3114	3008
1293	1118
1521	1273
2179	5468
2192	1332
2143	2283
2191	1775
3764	1703
2173	749
2518	465
5332	1316
1652	1735
2877	1377
1611	981
2203	915
1571	1107
3295	1200
2396	1107
2123	4925
1195	3078
1574	651
1472	1331
2043	2974
2993	1213
1188	2638
1887	1086
2841	2945
1528	1268
1452	1515
1838	2693
1972	1457
1972	1420
1659	2772
2635	1122
5619	1080
2601	4019
1155	1633
2318	1201
1391	1828
2409	2463
2575	1427
3299	5107
2198	2270
1063	828
1138	1090
2741	1188
2654	1592
3041	1233
3933	933
2363	1247
1555	1701
2632	1131
2828	1712
1374	2133
1544	2476
3400	1768
2905	831
1696	845
9713	899
2153	1367
2579	846
1556	1419
2101	1472
2686	1697
1778	635
1115	1123
1781	2081
1449	2334
2586	982
1961	2205
1773	2271
2280	1671
1485	1030
1662	1465
2107	858
1952	1463
2399	1321
2509	1080
9167	925
2242	1482
2647	1054
2167	856
2208	1206
1668	979
2476	936
1720	1037
2134	1193
2540	902
2700	794
1454	755
4164	1366
2079	2182
1337	2001
1330	1403
2385	1588
2770	3821
1544	1143
2471	2258
2606	1447
7312	1662
2630	1455
2398	897
2098	1030
2725	861
4103	1623
2538	915
1351	4806
3861	2764
1705	1022
1810	1207
2668	1837
1163	3106
2886	1586
3062	902
1777	2586
1864	1521
2750	318
2550	1750
3378	1341
6068	2670
2374	3634
4477	5636
1275	1404
3129	756
2173	1132
2903	1220
1400	3167
2175	1273
1350	1576
2459	1323
2152	1200
2589	2160
1626	966
1564	1461
1815	1643
3994	1790
3973	1901
2596	1683
2622	1054
3868	1702
2850	897
2855	1582
1652	821
1047	3409
1648	1283
2976	830
1546	816
1602	1550
1889	1195
2631	502
1496	562
1538	1431
2698	928
1625	992
2166	2454
1472	2061
982	1673
3084	900
1482	2022
1714	1320
2119	1196
4723	1635
1276	1312
2349	989
1865	1242
2187	1242
4430	1822
940	3721
1527	855
2140	1362
3493	1244
1656	2524
2428	1562
3268	1739
2736	2010
2083	1290
2202	1203
3654	1112
1287	1927
2233	1644
1261	1131
2425	1115
2384	1129
1549	1636
2960	1783
2287	1545
2321	1194
1554	1637
1110	954
2583	4573
1770	1457
1967	1511
2367	833
1686	1243
2882	880
2438	554
3196	1140
2396	787
1772	1149
1584	1146
3569	1916
4191	3320
1508	2048
1618	2032
1397	1435
1506	1663
1621	1433
1443	1256
1694	1256
1861	2840
1145	2890
727	1778
2719	1290
2822	1103
3314	1370
1614	1107
3075	1190
1373	792
2127	1218
2082	2008
2034	1445
2027	966
1174	3078
1115	1443
1289	1070
3967	1469
4765	1899
2156	2595
8250	1060
2060	1403
1895	1061
2030	1115
1568	1812
662	954
795	1153
2392	1197
2542	1071
2244	1677
2737	1327
2823	948
4673	1614
977	1908
2380	1067
2859	1400
2557	2093
1825	1559
2732	1306
2203	2699
7707	5152
3712	1259
3022	6462
1530	2056
2222	942
1759	1088
1990	1791
3823	1274
3600	1913
1441	2493
1076	628
1039	1440
2269	1934
2173	1433
2087	517
2146	1607
1010	1423
1741	2804
2423	1271
2170	1683
2979	1362
2266	1609
2341	4603
2193	2058
2489	850
1550	1970
5445	2931
1546	1434
1936	1569
2036	1087
1921	3996
1288	1338
1673	1509
3160	2142
1166	554
1063	3230
3757	1278
2723	1509
2462	1353
1907	1210
1801	1959
2400	1013
2027	1552
3062	1129
1996	968
2588	1348
2046	8751
1102	920
1532	1605
2980	1643
2321	1409
1705	1526
3004	1345
1080	1256
1686	1542
1180	1009
2487	1746
1892	2291
2287	1688
1659	882
1711	2401
1115	1496
1414	1328
4564	848
1376	2703
2010	1264
1453	1013
1937	548
823	1350
1320	1898
2588	928
1245	944
1974	1278
2814	1409
1889	962
1754	1309
2185	1477
1524	1001
2273	1457
1291	1269
848	1271
900	1252
2325	1228
1293	1111
2228	1104
3416	1236
2299	3498
1365	1224
2610	1330
2461	1931
2520	1459
1820	1593
2376	1433
1429	1238
3513	1122
1617	1736
1623	1857
2101	1321
2401	3903
1507	1656
2296	965
1290	1314
2351	671
2004	1516
3417	1393
2206	1162
3208	1897
1786	975
1586	1239
1372	1240
2000	1292
2126	2591
1394	1617
2228	5271
3272	1564
1155	1515
1599	1333
2124	902
1715	1040
1460	2815
977	1509
4042	952
2202	1344
1163	1560
1701	1290
2057	1004
1934	1927
1506	1384
2385	2311
2274	2522
2413	2151
2330	2291
1940	1270
3000	1102
2497	1492
2121	1442
4174	1715
2555	1397
2429	1237
1598	1527
1750	2167
2942	1446
562	2002
2287	943
1517	1413
2698	1305
1884	1409
3130	1667
1319	1224
3065	1329
1096	1613
2509	1716
2180	2812
2247	1069
1291	4823
2466	1576
2432	1077
2944	652
1279	871
1502	989
2946	2387
2778	1124
2022	1525
2456	2788
3701	935
1894	961
2331	909
1962	2428
1139	1361
3340	1421
3402	2918
1068	1836
2537	1815
2758	1390
2041	1173
2362	1219
2741	1132
2912	2017
2940	1544
1187	2191
2916	983
2757	1661
1640	1144
1797	1086
3099	1520
1874	1526
2026	2205
1903	1254
2008	1672
1598	2253
2715	948
1911	1472
2605	1598
2590	1345
1791	1429
1212	1045
3006	1616
2577	3485
1484	1700
1304	1279
3239	904
2391	1318
1517	1401
1383	899
3250	1332
2382	615
1892	5045
3363	792
2097	1961
1601	1343
1753	1378
3480	1710
3846	966
2485	2589
1993	1505
2506	2074
1917	1532
1217	2210
1786	1544
1754	1260
2532	1097
2453	5383
2428	907
2224	1568
2653	842
3586	830
3655	1514
2882	1565
1461	2624
4373	1505
5393	1045
1101	1512
2395	1158
1976	1266
2274	2855
3122	3745
1961	1531
1158	1639
2956	990
2823	1539
2685	1458
2689	1648
1993	530
3478	1421
1411	1229
2468	1226
5191	234
1256	889
2492	1342
1482	1601
2845	1052
1570	1280
2032	1396
2323	2890
2584	1724
2702	1309
2922	2834
2969	3996
2347	811
1719	1590
1868	1470
2284	1229
2035	1259
3077	817
1707	1629
2835	3844
1325	1719
2293	3231
2921	1427
1644	1306
3037	2113
1945	1058
2807	1048
3336	4549
1647	1363
2617	198
1775	3077
2341	814
2470	2628
2328	858
9999	1931
1285	2495
2983	2117
1284	1594
2095	1759
2039	1303
3265	1571
1562	980
2761	1130
2638	1809
1782	1177
2320	1677
2596	1018
1444	1290
1069	1600
2378	1107
2351	1299
2617	1068
1810	977
2516	1328
2328	1966
1403	2266
2640	4430
2391	1452
2616	1340
3394	1380
1588	900
2658	515
2013	1261
2103	804
2137	1544
1168	1176
2581	684
2376	688
2979	1582
1946	980
1923	939
2117	1485
2208	2366
2614	1517
2363	1721
2459	1175
1396	1410
2306	3245
2350	1090
2914	1432
6938	1296
3726	1886
1351	1432
2867	3061
1643	1815
3011	3253
2810	1480
2841	2276
2260	2573
2647	1195
2082	4040
3458	1587
7748	1260
2492	1471
2050	1942
2316	916
2602	2017
2038	1045
2433	2771
2044	1736
2702	2932
3152	1204
1682	1242
1912	1164
2041	1330
2047	1523
2838	1479
1320	732
2445	2489
1525	984
3049	1907
2294	1292
1780	1575
2684	686
1809	1803
2428	1838
1001	2418
1584	1835
2224	1503
2827	1492
2514	1134
4933	1611
3327	1660
2876	1759
2172	2127
2024	854
1947	1412
1629	5089
1519	899
3896	1152
2823	1000
2320	973
1043	979
2418	1301
1505	3656
2336	1385
2746	2109
1747	1696
1362	1537
1635	1317
2820	1137
2359	1616
2520	1589
2007	1248
2928	369
1461	2507
2197	1218
2779	1236
4424	1609
2044	737
3101	1822
1642	831
2515	2446
1871	2135
3056	920
2547	2826
1717	1499
1597	1932
2723	1578
2488	1126
2082	2329
2777	1485
1660	938
1950	1175
1360	2376
2300	1161
1372	1485
2602	6442
2453	1989
1733	2766
3345	1823
3292	3523
1243	3333
4019	1474
1427	4305
1839	1251
1593	2436
8362	1133
3080	2348
5442	1253
1065	903
1758	1294
1443	550
1320	1270
1420	1464
2997	1907
3591	1533
1853	1146
2345	3059
1498	2995
2597	1923
1462	1577
1484	1189
2680	963
3374	1282
1756	2237
2841	1458
1090	1461
2504	1425
1745	658
3377	1808
2198	3679
2088	1169
1613	1225
3021	2043
1167	1344
2321	2706
2169	1612
2678	1085
1363	3321
1656	968
2263	1143
647	1109
1263	826
2759	748
1685	1475
1356	951
3073	4371
2476	1161
1464	1690
2451	1467
1852	2780
1677	1429
2523	990
2400	1511
2945	1622
1960	935
2298	1652
3653	969
1961	986
2198	1192
1756	1305
2388	1383
1636	1402
1915	1433
1508	1296
1832	2153
3445	1267
2306	1291
2152	1110
1635	1161
4923	2034
2618	1138
1583	913
1605	3500
1878	1294
2636	1823
8448	2007
1752	1146
2262	1856
3158	3349
1867	1924
1152	1968
2647	1373
2331	1212
1587	1087
2067	1334
1819	1732
2589	1572
2249	736
3021	1991
2351	1184
1355	1180
1020	1369
2976	1893
2463	3043
1220	1078
2505	1154
2096	1786
2722	1216
1615	1152
1341	1881
1976	1357
2430	1194
1072	1379
1129	1234
2000	1919
2983	1278
3152	1329
2537	1417
2624	3490
1419	3053
2174	941
1924	1281
4014	957
2714	1203
1145	981
2676	1634
1175	1355
1197	1312
3809	1318
1819	1691
1438	2883
1099	1221
2483	1331
968	2013
2507	1451
6728	889
3595	2118
1555	1239
2687	5020
3098	1270
3020	3768
2905	843
2215	1211
2205	1435
2816	1148
1876	972
951	795
2823	733
2408	754
2251	1071
1050	1337
1240	1389
1890	3496
2071	1525
2444	2455
2176	1489
1897	2884
2019	777
2071	1089
2377	1508
1085	1359
1725	1347
1849	3279
2519	1987
2939	2706
2651	1434
3989	1581
1801	1255
2634	1617
1889	3636
720	1257
2579	1040
4682	1524
2783	1509
2528	2286
2090	1457
891	1869
3361	1587
2267	1612
3622	1764
2172	2669
3858	1474
3058	1000
1402	2576
2320	1666
1828	1310
3217	724
2513	1771
3288	2026
1801	808
2415	3421
1612	1099
1317	1066
1934	1299
658	1178
2302	986
3251	1689
3111	1595
3062	1724
2214	3134
1475	1265
1890	1165
2604	1147
2058	1119
2501	1760
2034	5693
1778	2699
2783	2464
1350	1150
3184	932
2294	1162
1503	387
3086	1077
1405	2526
1709	1281
1433	1116
2016	1653
1022	1284
3252	1450
2657	1007
1536	654
3038	1161
2800	1008
1192	856
2320	1217
1057	1765
2440	1851
3056	1793
1176	4927
2145	1121
2501	1678
1771	1345
1400	924
2033	2737
781	1765
1595	2598
1726	5311
5877	1686
1061	2889
2071	836
3754	2389
2003	1341
1469	1391
3240	921
2956	1314
2324	5043
2341	858
1273	1222
2277	949
3119	1395
2095	1248
5970	1010
9514	2035
1514	1337
5010	1024
2585	1000
1777	3315
2025	1122
1391	1264
1992	2543
2734	970
3146	1093
2442	600
2299	1167
2282	1658
1944	1306
2687	1216
2602	1251
1713	1216
2362	965
2047	1645
2327	950
2783	1559
2437	2013
1751	2524
2440	1770
1446	1164
2460	1696
2271	1572
2353	1219
2202	3607
3066	1487
2657	1699
2239	1070
1913	1352
1890	1977
2188	985
1846	1864
2613	2367
3503	2487
2049	987
2134	907
5566	1088
3790	468
1429	1652
4007	2011
3498	2239
6469	1165
3535	2448
1525	1495
1599	2067
2583	7724
1956	2733
3129	1218
1871	1240
765	2273
2736	1394
2785	2561
3080	1154
853	2117
681	1481
2344	1437
2369	2143
1880	738
2446	3168
1558	1058
2002	1275
2551	1687
1845	1844
3126	1092
1144	1170
3869	1511
2952	995
1918	1352
1839	1288
2717	2387
1841	2761
1537	1116
2944	1317
1929	1281
1988	3302
2780	839
1219	1208
3089	366
1521	2008
1674	1127
2656	1267
6853	1959
2691	3244
2438	1071
2420	1742
1306	521
2537	1442
2125	1448
2469	1245
2629	5791
2160	1595
1779	2060
2531	783
2847	934
2009	1284
2956	2754
2565	1558
2533	1062
1804	1467
2753	3303
579	1833
2516	2476
2061	2137
3536	1751
1959	974
2796	1309
2061	949
1493	1751
2950	1247
1380	1970
2472	3172
1207	1141
1794	1205
3122	919
1076	666
1626	982
1410	1527
1887	3279
1502	1746
2198	2414
3576	784
2476	1238
4079	2122
2661	1454
2124	1134
1364	794
1495	1465
1617	1656
1011	1441
2203	2169
3442	3321
1594	1533
1946	1464
2433	932
1402	1171
1812	822
3460	1753
1097	897
1572	1188
2766	684
883	1267
4710	1108
2077	1226
2915	1756
1815	3108
3224	1494
1564	3027
2684	1702
974	969
2401	2025
2719	933
2025	1831
2635	1281
1803	9805
1325	2775
2312	1236
2542	1091
3079	1075
1182	2107
3012	1145
1519	985
2539	1027
2041	1021
4402	4283
1830	1160
1554	1089
1842	1919
1199	1408
1677	1733
2026	1653
3149	2661
2287	1888
1614	1110
1621	3663
3197	791
1406	1018
1630	4031
3119	1356
1155	996
2825	1342
2489	1883
3296	1741
2968	1515
1858	1589
2874	1057
2365	1072
1388	1510
1904	1862
2802	4827
5063	2553
1580	1277
2539	1110
1915	1112
2713	1813
2910	2238
2626	1595
1814	838
2106	1719
1687	1062
2882	2281
1847	2072
1067	1084
2195	1253
4094	3730
1469	1081
2268	1295
2237	2853
2937	633
1655	1308
1721	1402
1970	1099
3185	2077
2602	889
2853	1437
1744	1845
2569	1575
2230	1042
1718	1337
1077	1034
1944	3334
1450	914
1631	900
2407	1713
2276	1235
2651	2306
1648	1439
1666	1409
1146	1765
2145	1180
2766	1240
1747	1318
2466	1203
2385	6226
2860	1294
2157	857
2551	885
4688	2538
2847	1162
1625	2407
1477	1143
604	1439
608	1101
1731	1190
1219	883
2759	2129
3167	3083
1554	9999
1371	1212
4580	983
2897	3246
2847	1544
1604	821
2046	3468
1394	1474
3187	1084
2801	1622
804	3094
1606	1626
1687	2036
2347	1276
2647	1175
5462	972
732	1619
1847	3062
1912	2632
2361	1044
1229	1561
3177	1476
1473	1680
2254	1440
2088	1574
2119	1221
3043	865
1829	4735
2493	1310
2860	2350
2494	3568
1881	986
1260	937
997	1270
2275	2263
1076	1551
5484	1038
2893	1433
1761	1135
2425	1420
3243	2929
3908	1561
1480	933
2041	1349
1601	1784
7403	2894
2892	2079
1456	856
3376	1348
1863	2273
1822	1619
1758	2098
1986	1531
2083	1426
3055	2187
3225	1145
2034	1157
2358	1432
1442	924
1401	1309
3288	583
1114	1548
2448	973
1262	3177
1760	2301
1759	1069
1882	961
2201	1651
2113	712
2303	1388
2062	731
3086	2758
706	1262
2047	1871
1194	1427
2373	1471
2237	733
1686	1212
2739	1406
1650	2218
1293	854
2780	1582
1610	1270
2009	1915
3497	1072
2566	1099
1234	812
3146	1440
2081	1466
1155	1800
8894	1202
1651	1640
2505	1359
2796	1031
2658	1078
3071	2944
1069	1166
1465	2995
2317	877
1445	1404
2349	886
2612	1133
2670	3284
2335	1183
3466	1494
688	776
2755	1213
1862	805
2442	1978
1602	1536
2506	891
2259	1145
2447	2120
2526	1004
1498	3523
2788	1923
1606	2611
3415	1273
2182	1386
2380	2765
1231	1210
1950	625
2646	1129
2265	1690
2157	1606
1508	647
1581	3353
1382	1588
3513	2112
2384	1313
2944	1138
2529	1079
1532	1973
1408	2887
2465	972
2115	2045
986	1165
992	2551
2501	1393
2347	1223
2087	3587
2114	1441
1001	1960
2074	1135
1217	1419
2558	718
2445	1682
1237	2117
1466	895
2032	820
1654	1920
1535	1633
1194	3246
2588	3279
3394	1655
3676	895
2145	1131
2380	2163
3415	1526
2035	1375
4983	2484
2198	899
3993	1976
2458	1040
2401	979
2856	976
2382	1744
2159	1148
3421	1314
1207	552
2196	1481
3278	2554
1612	1684
2181	3234
1812	1475
1131	1038
2112	1444
1929	1473
2705	1396
2575	1368
2624	1255
2138	1055
2645	2461
1609	1290
1182	894
1188	969
2268	2658
1486	1702
1729	797
1479	1728
2615	1511
4123	1630
2238	955
1469	1237
1584	2651
1365	1170
3679	1756
1521	1065
4237	1162
1994	1370
2412	912
2588	882
1898	1566
3222	2371
1389	2683
2628	1769
2311	2694
2782	1541
2223	1156
2748	1080
2701	2453
1466	900
3751	1686
964	1174
2429	1454
1787	1068
2928	1474
946	1285
2460	3164
2034	934
1366	3453
2234	2710
4603	3809
2609	1121
2717	1732
4160	1642
2444	1439
9598	490
1516	1164
2550	4429
2474	1930
2067	1104
3056	1504
3966	1171
2362	1139
2748	1559
2522	1858
1822	2869
2396	1221
2460	1394
1706	3099
2258	1186
3014	5827
1211	1226
2057	1821
2431	1226
3070	1733
1004	3396
2520	847
2972	1295
2622	987
1346	1595
1063	1062
1756	1603
2126	837
2250	3585
1669	938
3325	2791
1771	2321
2663	858
1806	1227
2533	1445
2003	1158
1920	1630
1503	3210
1027	1110
2262	1129
2749	919
6050	936
2128	1889
2381	1373
2639	3115
1122	1002
1840	2329
2204	1285
1366	924
1369	1390
1303	986
2279	825
4002	1802
1097	1143
1798	1747
3910	1423
2691	2031
3129	1602
1870	1734
2680	1529
1472	980
1671	1657
3115	1247
2093	1303
2190	1164
1685	972
2619	1871
2346	1430
2392	1284
1117	1863
1163	1049
1730	2650
2077	1427
2961	479
1363	1228
3431	1226
3633	1640
2215	877
1662	915
2744	1236
2480	1580
1705	734
2195	913
2678	2256
3408	3464
2500	1156
1637	1275
1278	1061
3391	1967
2610	2911
2504	664
2807	1359
2270	1150
2862	1639
2347	663
1491	1112
1684	1391
1487	1047
3679	1972
2301	867
1118	1204
1590	1256
2242	1480
1894	1368
9605	1181
2804	2071
2524	1671
1856	2526
1277	1052
2824	2192
1804	1365
2133	1187
2313	2627
3088	1675
2477	1481
2309	1076
1157	1714
1407	748
2969	1042
1847	1164
1131	2815
1316	1165
2494	1312
2522	760
2321	1569
1398	1964
1675	1409
3023	1263
1439	1092
3058	1187
2368	1622
2515	1090
2300	2063
2939	1203
3294	1490
3842	1093
2378	1379
1256	2355
1171	1275
2512	1751
1920	973
1473	925
1906	1162
2347	985
3750	1636
2717	1783
2025	1654
3138	1112
1947	1382
1593	1208
3055	957
1956	2516
2623	1165
2693	1745
2592	1012
2627	2794
2063	1054
3084	1319
1575	370
1639	1697
1609	1422
2350	920
1490	1120
3206	769
1990	2204
2601	2907
4776	1167
2266	1359
2366	1177
3297	984
1472	1352
2484	2076
1756	1625
3002	1228
3144	1532
1988	1663
1559	1513
1041	1026
2773	1508
2375	1552
3054	3291
2437	882
1206	1475
1143	1422
2148	1907
2659	623
2705	1855
935	1178
2956	1269
1965	1489
6166	835
2600	1277
2903	2194
1547	569
2742	1161
2140	1404
2886	896
999	1121
1429	1510
2360	932
1613	3690
2313	629
3852	1234
1585	940
3395	6032
2789	1670
3085	968
2813	1010
1297	1977
2532	1400
3439	1573
1562	1229
954	1214
2159	1998
3726	1811
1479	1050
3940	2480
1675	2219
1633	1146
2489	1870
2412	2012
3191	997
2527	1303
1957	1109
2892	2613
2191	2538
1570	1367
2302	1801
2712	823
5449	944
2464	942
807	1364
2071	1490
1544	1225
3284	2342
2975	1703
1993	1714
2309	3421
3142	1504
3145	3018
2465	1740
3017	922
1497	1027
2378	2273
2239	1127
905	1735
2255	3085
2351	1555
1532	958
1665	3008
1658	1733
2009	1397
2591	1896
2844	1254
1528	2245
2346	1105
2570	1476
2778	1570
2595	1327
2866	2205
1947	1288
2480	1006
2046	855
1654	3283
2431	2212
2296	1005
1753	1090
1794	945
2301	2271
1869	1118
1750	1221
1596	2939
2429	1199
2039	1371
2990	1653
1752	1203
2427	1190
2560	1369
1625	2180
1923	1336
2327	793
2818	1629
2670	992
2821	1388
1851	1325
4615	1004
1604	1352
2410	1098
1572	1572
2380	1068
2894	1441
2743	1378
1071	2128
1378	3053
2736	1265
1603	1535
2009	731
1502	1065
1905	842
1967	3729
1321	1263
2409	2796
2301	692
1823	1089
2775	1755
2212	915
3800	1449
2132	2155
2012	4730
2632	3207
1980	1635
2116	1000
2378	1137
1563	1359
2349	1007
2394	1625
3002	1064
3104	1328
1907	954
3091	1060
2319	1193
2429	1663
1779	768
1933	1820
2787	4327
1739	1261
1053	1917
1664	790
7739	1452
2612	2178
2519	708
2127	1937
2601	1973
863	1019
1433	1326
1612	1643
2588	910
2616	2002
1059	1260
2747	1815
2336	1572
2567	487
2208	1456
2917	1991
828	1424
1453	972
2448	1520
2869	859
2418	1173
2081	2909
2315	1547
2141	1170
3282	1552
1405	3210
2084	2050
4052	1323
1753	1729
3731	2526
3376	2151
2416	1244
1415	2084
1870	1917
2793	1376
1652	1226
2214	1344
2506	1083
1664	1287
1116	3498
1331	2172
2656	985
2653	1836
972	1221
1319	1194
3378	1510
2872	1429
1903	1125
2438	1585
574	3456
2855	2413
1528	1349
2545	1368
1048	1228
1754	2814
4050	2371
3179	1347
1423	1781
2402	1665
1607	1680
1546	720
2458	2094
2183	1045
3894	2924
3061	1405
1383	518
2558	1369
1856	2065
2130	1546
2263	961
2459	2088
1042	1395
2686	1350
2606	1397
1146	1233
1952	821
1698	1042
2004	1010
2467	890
1680	1417
2438	1150
1498	2389
2391	2218
2027	1790
3322	1191
1302	645
1340	1356
2202	1320
1974	1438
2772	1387
4936	1601
2595	1124
1395	2164
3353	1961
1700	1411
3333	1333
1136	2591
2334	2323
3884	1025
1902	1741
3117	975
3059	1429
2422	1774
1196	1037
2037	1243
2445	1011
2241	1345
1912	5424
1960	1313
1380	737
2873	2620
1504	5756
3247	1171
1543	785
2720	1234
1577	2601
1500	1137
2091	2816
1692	1198
1705	1085
2070	1139
1555	1958
3761	1658
1137	1346
3746	1885
1705	2890
3535	2368
2629	1209
1407	1487
2364	2046
1446	959
1230	1037
2447	1132
1793	1638
2091	1076
2522	1351
3038	2397
2569	1321
1460	2814
2265	1279
1678	1843
2783	4156
1637	1312
1773	1550
2682	1334
2526	2670
1821	1470
2110	1768
3188	1032
2256	1536
2785	2058
2339	1996
3954	1178
2203	1961
2002	1379
3968	1075
2215	1724
2175	3432
2486	3076
1564	794
1562	1706
1577	1435
1829	1522
2521	843
556	2095
1120	1137
1760	1740
7825	1206
2102	1558
3052	1247
1303	1509
2859	1178
1484	933
1415	1733
1643	1418
2752	523
2208	4250
2423	1106
1916	1081
1412	1250
2737	1072
2392	1227
2746	1000
1829	1957
1679	1411
3894	1366
2412	1580
3099	3717
2468	1553
1941	994
1727	2976
2364	2478
5335	3025
1719	1001
1530	1238
1882	3380
1867	1232
2513	1978
1499	899
1199	1059
1940	1376
1481	3197
2114	1898
2795	1206
1498	1193
1978	1061
1022	3426
2010	998
1389	1397
2862	1046
1700	3590
3476	1451
4872	1271
2912	1011
2465	1089
3068	1219
4182	1261
2814	1136
4080	2024
1496	785
2627	1182
2087	1144
4579	536
3271	1006
1860	3468
1100	2485
1282	2304
2339	2175
2843	1675
3262	1384
2838	1176
2831	1267
2688	2282
1803	1195
2053	1123
1072	919
1380	2068
1421	1034
2996	1107
1678	1390
1362	3878
2958	894
1922	1535
1645	1047
3031	1659
2887	1387
1067	5891
2902	1739
2081	1178
5220	1321
1339	876
3067	1179
1079	1291
2423	882
1414	2011
1612	1492
2442	2071
2539	1200
2068	1699
3107	1318
3240	1848
2122	1012
2099	2296
1721	1526
1548	971
1583	1021
4768	558
5676	2572
3254	2473
2412	1190
2642	1176
2336	2302
2310	3024
1612	1295
1251	1153
2745	1215
2523	1562
3188	1375
2694	2979
2746	1551
2430	728
2617	1562
1375	2119
1751	1040
1517	908
2138	1079
1973	2098
2236	1750
1071	1020
1552	1119
691	2025
1819	1830
1796	1023
2754	435
2553	1673
2347	2712
2021	810
1987	1010
2329	2372
2889	1502
1159	1641
1943	1872
2423	702
602	2717
1428	1231
1975	1135
2388	1971
1207	1069
2202	1345
2165	999
2779	1694
778	2833
2006	1322
2637	1397
2098	918
2281	2460
2308	1345
2272	827
1402	1136
2318	846
1404	1429
1152	2183
3020	1002
2661	2073
3201	606
3523	1257
1772	1173
1856	990
1851	1233
2300	1026
3108	2198
1203	1258
1593	1201
1925	1207
2948	2747
2923	968
2212	1467
2225	1271
4282	1781
2339	1879
1886	2064
2656	1477
2955	1348
2741	1388
2252	1384
2649	1055
1516	962
2534	1711
1287	398
3276	1150
4950	1626
2415	2263
2336	1460
3003	2357
2865	909
1559	1021
1432	892
2409	1141
1482	1157
2409	1310
1566	1897
2575	2711
717	1320
2759	1325
7506	2208
2302	1261
2839	1327
3026	1147
2278	1530
1803	1163
2437	1158
1569	1567
1049	3452
2523	1315
2876	1414
3282	2583
1441	1723
1918	1528
1713	1471
1988	1963
4911	1489
2919	1255
2851	1918
1967	942
1723	1452
2459	2078
3090	767
1195	1514
2681	1623
545	745
1557	2392
1758	6489
2961	1210
1867	1115
2650	5145
2293	2011
1945	1400
1629	3190
3704	1886
1711	862
1917	1076
4405	2192
9215	1018
2646	847
2886	1085
3383	1413
2894	1557
2717	867
3933	1068
2916	1543
6302	1438
1667	836
2174	1102
2325	1278
2903	1472
3283	1469
3449	1627
2596	2180
6139	1737
2992	1627
1476	2586
1524	1357
2219	852
1448	1212
2044	1079
2161	875
1806	1852
1387	1283
2483	1671
2752	1849
3024	2884
2008	1674
1999	1623
3208	3425
2576	1217
2778	1719
2108	1189
1976	1155
1970	2145
2731	1247
5586	810
2200	619
2052	867
3168	1109
5263	1587
4285	1280
3009	3725
1391	1270
1255	808
2759	1223
2768	1036
2037	605
1568	1160
1112	1390
2766	3449
2031	1249
2403	2577
1377	1380
1303	1259
1953	823
2520	1344
2859	888
2400	2794
1872	3374
2075	1176
1065	874
1951	1058
1265	1843
1693	1854
3082	3053
1891	1822
4588	1058
2111	1230
1470	1085
2634	1332
2849	1251
2731	1856
2927	1646
1499	1565
1495	4071
2715	2663
5418	966
3069	1520
1291	1179
1761	1236
3625	1450
1208	1790
2523	1107
1926	2164
2359	1018
2270	1019
4322	931
4159	2728
3149	971
1008	1315
1699	1100
1856	1157
2414	1359
3198	1520
1531	971
3677	1760
1829	1617
2499	1465
1754	1436
1839	1449
2519	1319
1904	1140
1553	1370
2270	1833
3109	1356
2763	1312
2201	1886
2214	1325
1298	1578
2323	1112
1712	4344
1390	1278
2219	1202
2286	1689
1767	2488
3443	1250
2379	1243
2966	2379
2593	1041
1278	1536
2096	2123
1367	1344
1687	1480
2807	2145
2355	794
3176	1391
963	1296
1698	1010
1985	1417
3528	3107
1637	3133
2463	1086
2540	1307
2345	3588
973	1141
2115	1872
1273	2300
2936	1746
2300	1447
2685	793
2018	998
2871	1261
1091	1211
3282	4401
2419	2405
1475	2116
2496	1213
2820	2199
1619	1208
1550	988
2225	891
1336	1104
2386	1439
2073	825
5458	2068
2924	1739
1475	1285
1990	2642
2525	686
2085	878
9668	1201
2183	1109
2024	1302
2393	843
2237	1035
1670	955
3569	1063
1273	1090
2553	1137
1469	1160
1329	3233
1002	2298
2768	1649
2072	1765
2669	1732
1529	3376
2714	1659
2767	1213
1821	786
1464	1077
2534	1426
2723	1238
2564	2381
4299	1204
2109	1516
2701	1819
1694	1294
1765	1064
1495	1051
1946	1686
1811	2265
1887	1359
2665	738
1282	1402
3257	1607
1623	980
1992	1476
2114	1536
1809	1874
2037	1114
1029	2033
1171	950
2775	1689
3585	578
2330	922
990	1642
2395	1640
2924	3261
1883	1098
2786	1371
1758	1360
1971	1112
1482	953
2528	1270
2425	1026
2406	1642
2936	1327
2488	1150
1878	949
2922	2376
2747	2699
1417	1639
953	2910
1567	845
2143	920
2583	1826
2340	2004
2628	4406
2053	1323
1703	934
2749	1770
3065	2653
3128	2217
2015	1422
1504	1976
2017	891
3190	1698
2335	1901
2155	1128
2016	1373
1603	973
1602	1762
2509	1100
1916	2786
1352	1003
2061	1261
1722	1159
1192	4024
1007	994
2137	1609
2171	1266
1096	2364
1480	2691
1437	1327
2557	1294
1242	1467
2284	836
2776	742
1684	4149
1587	2221
2153	786
1618	1353
1291	1096
3330	1523
1303	906
2547	1046
3309	1126
1948	2286
2500	1220
961	2801
2478	1346
1068	1662
2058	1123
1419	1653
2270	1426
2780	3162
1165	1033
2243	1638
1491	1206
2458	832
3068	967
2000	776
1732	1562
1594	775
1555	1396
4260	2224
1836	1306
1234	1692
2796	1951
1197	525
2781	1802
6080	679
2452	1283
3490	4995
2382	2041
1842	1597
3246	1138
2883	1084
1514	2622
1830	2171
4558	1537
3134	1487
6021	1930
1539	1497
2840	1144
1356	1259
1564	3294
2536	1423
2394	3251
1376	796
1450	809
3044	552
1904	1776
1514	3295
2488	1102
640	1266
1653	3265
2823	1012
2064	1439
2160	1081
1522	2582
2756	2321
3044	4770
3701	3877
2290	2578
3087	1373
2291	498
3382	1048
1660	2058
934	2389
2367	1400
1023	891
1197	2928
2358	1507
994	930
1480	1102
2418	1063
2189	1207
1333	1077
2094	1229
1512	1606
4328	1526
3667	1282
2525	897
1531	1031
3285	1227
2753	1295
1869	1229
2882	1878
1404	3200
970	1483
2886	1151
2599	1507
2949	1278
2058	870
2265	1489
1389	1197
3222	2156
2363	1074
1688	1281
3030	1335
2780	1226
2289	802
2329	5198
2121	1385
1791	2055
1887	1106
2171	1653
2402	1207
1470	666
1359	3245
1797	3696
742	525
2972	1766
1696	5336
1222	1183
2396	1498
1793	1512
2548	1403
2949	1302
1353	1589
1433	3424
2405	1530
2423	854
1684	3148
2638	4213
2298	3547
1052	797
1256	1386
2492	2295
2019	1162
1260	748
2895	1080
2271	1453
1763	2525
2085	1257
2023	2296
2147	1379
1331	1166
3026	880
2063	998
2487	1232
4230	1497
3679	1994
2219	2012
2099	1236
2760	927
2157	1246
2333	1184
2679	1376
1848	1124
1663	2580
2042	961
1489	2551
1145	1218
2190	816
5105	1281
2517	1335
2405	1910
1991	1673
1959	1267
1534	1381
1893	1483
1949	2733
1504	1443
2843	1040
2213	6599
1979	1209
1718	1504
2449	1361
3088	995
1656	1336
2018	1282
2216	1253
2321	2422
1813	735
1944	1425
1982	2888
2109	3187
2881	2354
1167	1569
1625	2618
2092	2472
1611	2423
2311	1168
1085	2212
3099	1140
2243	1106
2854	1100
1604	1204
2525	1890
1117	1160
1739	1396
1781	1246
2329	2438
1810	1709
1980	3271
2387	1394
2734	1452
1481	4328
1098	661
2445	1382
2345	1116
2367	3985
3264	1865
2240	1061
2368	1311
3871	1732
2386	945
1585	1077
2276	1319
2537	1281
1560	746
1541	953
845	1720
3111	1794
1816	1406
1973	1278
2407	1804
632	1381
2421	5488
1300	2879
7254	1279
2245	1492
1218	1565
2421	910
1496	710
3511	972
2706	1914
2925	1189
1861	1129
1438	1025
1491	1476
2887	1032
3034	1079
1574	1604
2300	1183
818	1526
2126	1090
1530	1288
4165	1655
2429	1737
1726	656
1129	951
6702	1203
2749	2549
3725	1623
3183	972
2855	1024
2562	1269
1961	1147
2447	1848
1668	1642
3336	1663
2777	1394
2950	1142
2132	993
2267	1369
1597	1676
3002	1269
1435	870
2745	1907
2394	871
1739	1023
1931	1305
1015	1661
1929	985
2895	1340
2722	1242
1538	1570
2710	3550
3192	532
1639	1269
2606	752
2900	892
2184	2961
2577	2078
2142	1929
2701	3190
2648	946
1718	1233
2050	1553
2809	1781
2505	3946
1230	1707
2128	1071
3293	1266
3017	1285
1318	4682
2429	1283
3053	3007
1666	2945
3614	1294
1542	1288
1282	1182
2500	1803
1660	727
2099	1458
5355	2231
2929	992
1490	1334
2047	1074
1976	1236
3122	1709
1937	1254
1261	1709
1741	1146
1472	462
1918	1356
1516	2005
2323	4025
1566	1413
2910	1087
1396	1090
3730	1664
3273	1395
2071	3573
3208	1110
3565	4386
1666	2390
2149	1855
3486	1749
1007	544
1376	872
2388	2702
2373	1712
2643	1162
2664	1087
2296	980
1752	1275
2681	1866
2866	1155
1901	2580
3223	985
1453	972
1419	1811
3526	2709
1038	5301
1104	740
1364	1219
2493	801
1613	1080
2037	929
2931	1290
2635	1107
2608	2077
4180	846
2131	1492
2818	1523
3384	1518
1623	1210
1908	1549
2836	2149
2483	1281
2207	995
3043	975
2136	1380
1589	1064
1771	1247
2218	1362
3589	1589
2112	2581
1704	1330
1892	4880
2277	1346
2460	4568
1926	750
2139	1463
1800	1326
2877	1408
2269	1472
1197	1253
2102	1028
2481	3404
2621	2883
2660	2260
1744	817
2042	2455
1262	2408
1253	4312
3769	1717
2313	1371
3229	2646
1892	1445
2925	1246
1044	1191
2257	1425
1903	829
1321	1273
2619	1303
3522	1170
5113	1113
1561	2821
1532	868
2429	1326
1557	1695
2139	1064
1176	1320
1975	720
2155	1485
1470	1694
2569	774
2659	1324
1145	1095
1812	2173
4608	2005
2520	1614
1489	1488
1782	2148
2572	1465
1603	1712
2091	943
2476	1829
2215	1215
2339	2089
2550	1615
2914	1582
2798	1057
1961	1359
1185	1100
2339	1961
3542	971
2899	1777
1307	1926
2478	1311
1840	905
2427	1121
861	2008
2240	1061
2589	3402
1753	1811
2273	2439
4260	2654
2827	1385
993	2511
1225	1057
2642	1345
1776	576
1629	1904
2455	1405
2732	4059
1550	3531
2855	1135
2227	1543
651	967
2859	1226
2676	1190
2590	778
2492	1208
2709	1452
1176	1787
2456	1317
1591	1486
1409	1638
3690	691
2698	1172
1665	5286
1978	1320
1038	3003
3547	2108
1361	1598
2716	2266
2652	1717
2408	576
2998	1628
2088	1128
2972	3041
2437	1119
1208	670
2364	1639
1692	1213
1999	3506
1623	1298
973	1291
1421	1545
1758	1077
1849	1129
2371	1426
1817	1244
1672	1182
1457	1227
2628	1000
3785	825
9107	1357
3099	2174
539	1708
2885	1502
2857	1484
1565	1462
2696	782
1495	326
2112	1154
2234	1239
1783	2056
4054	2799
1686	1281
1089	1022
2059	2220
1059	1084
2087	4456
3004	770
2131	1873
2568	1120
2160	806
1925	784
6255	1201
1882	2138
2177	1434
2255	1225
2560	1424
1753	2418
3071	1182
3549	4703
2724	1252
2745	933
2702	1910
1331	1599
1376	1080
3013	1688
2800	1104
2817	946
2672	2045
1603	1250
2043	2105
1837	4574
1356	923
2265	645
620	2092
2952	1105
2218	1213
2444	1274
2708	1381
2166	988
2568	1175
2980	1732
2419	1306
2940	1205
2443	1134
1561	945
1445	985
2543	3354
1180	1455
2359	3081
1191	1326
1462	1215
1720	1751
2201	864
2845	1693
3157	1571
3578	867
641	979
2922	1155
8194	1895
1974	1161
2711	842
2410	1687
3621	1708
2376	1317
1324	1577
3598	1054
1252	1496
3492	1578
1965	1330
2474	767
3169	1077
3313	2466
1875	1114
2908	1536
1370	931
1590	1318
1696	1092
1263	1799
2197	1411
1385	1598
3123	1517
2264	769
2553	1026
1620	4554
2382	2982
1865	1457
2436	1648
1563	1252
2266	1421
1243	1548
4006	1186
1381	1039
2296	1121
4675	1098
5178	2449
2607	560
4477	1139
1531	1911
3083	1042
2582	1237
7097	1562
1041	1486
1301	859
1534	1032
2618	1431
2779	990
1481	1278
1222	931
2031	883
2618	1426
2537	1060
2506	1332
2078	1129
2191	875
1917	2463
1726	1220
2674	968
877	957
1464	791
2789	1570
2773	1206
4087	3251
1454	629
2118	1446
2270	2340
2505	1327
2249	1072
2604	2949
1713	1341
3303	681
5832	1209
2587	1809
3384	1901
4125	1312
926	1115
1483	1122
1139	948
1553	2119
2892	3322
1245	1053
2256	1042
2111	1724
2564	1226
1519	4052
2199	1172
2475	1641
2552	1963
1719	1181
2173	1254
3300	733
3217	635
3116	615
2204	1261
3294	700
9671	1885
2703	1285
1139	1501
1515	1590
1415	1646
2444	1432
4290	2411
5235	2235
3061	1030
2344	835
1941	1418
2511	923
1405	1556
1783	3910
2963	1614
2370	1977
2327	1593
2557	1792
1642	2481
1195	2108
1646	971
2765	2407
1478	1066
2093	530
1897	4770
1053	1716
938	1059
1784	947
2080	1074
2059	1283
1997	1840
3070	1860
1654	1115
1890	1453
1301	1289
2357	653
2766	4654
2166	1693
1744	685
3674	1055
1665	1446
1221	1266
2434	1446
2653	1150
2016	1372
2116	578
1900	1082
2164	1632
1218	1121
2894	1378
1502	1699
2418	924
2717	1166
1268	1411
2390	1326
1723	1056
3574	1239
2284	1169
2736	1015
3134	1559
2633	1203
2602	1189
1868	1707
3006	959
4191	1760
2984	1371
2012	1392
3066	1079
2373	1697
2299	710
2242	1161
1396	1284
2194	1246
3525	2734
2252	1018
2082	2460
2032	819
3043	1642
2226	1438
2952	816
2365	3068
1518	1023
1087	883
2344	1237
1473	894
1979	1214
1682	1283
1110	925
1195	994
2637	1435
3008	1489
3926	1773
1120	1152
2173	448
1659	1417
3117	670
1849	847
3661	1788
1025	1959
1986	2105
1488	1072
1992	1923
1628	1333
1294	1873
2834	2233
1337	2359
2058	1021
2229	778
1397	1237
2867	1112
3186	1996
2847	847
1526	1429
1347	1334
3435	1575
2926	2015
2303	2074
1834	910
1523	1257
1322	746
2786	1278
3101	1207
2151	606
1596	1511
3841	1477
2919	1288
1003	818
849	1296
925	1516
1665	4952
2597	1164
2571	1693
1167	4807
3753	1846
1146	2120
6493	2228
1146	1270
2409	1473
1005	1526
2031	1890
2349	1596
2927	592
2601	2797
3015	1482
2435	1600
2128	1201
2919	1537
2559	2459
1618	1540
2835	1240
2358	2254
2054	1522
2619	2882
1966	829
2058	1424
1413	1909
2849	1091
3060	1005
867	1512
2626	1318
2271	2221
3549	2311
1458	1629
1354	2307
2686	1409
2103	1586
1225	2367
1011	1096
2705	1877
2617	1738
2634	842
2109	1777
3103	1639
5585	1051
6289	1040
1204	2002
2969	1076
1662	1267
2744	1246
1618	1251
2913	1112
2045	955
1956	1562
1630	1730
2368	2312
1597	1277
1167	1481
2800	1513
2563	820
2563	1065
1985	1118
2167	1785
1107	1809
2580	3151
2396	2265
2040	2317
1987	1967
2617	1163
2619	1276
1744	1669
1936	1586
1228	1294
1561	2180
1436	1230
1424	1397
1396	1437
3266	1425
4954	1549
1536	1847
1787	1049
3002	2744
2409	1999
2441	1545
3426	2071
2857	1165
1413	1834
2753	1546
1501	1238
1270	1667
2121	1926
1285	1772
4584	3094
3292	944
3060	748
1400	1538
2431	3243
4518	1116
2014	1348
1196	2799
2085	1278
1779	1124
3527	1702
2072	1534
2815	773
1031	940
2941	1439
1596	1718
2209	1160
3162	1992
1836	1271
1520	910
1485	850
2973	1593
2634	1580
1611	1530
1917	1091
1751	1131
2222	813
1244	1105
2646	1029
2141	4099
3133	1235
3026	1361
2022	1341
2662	1225
1349	1060
4657	3319
2291	1304
3293	1352
1752	2750
1749	1095
1370	1070
1412	989
1575	1531
2613	1241
1619	2857
2414	1031
3272	1856
1804	1352
3194	1793
1101	1010
1422	3209
1977	1620
2895	1157
2547	321
2391	843
2582	2330
2622	3619
1384	2224
2340	1770
1821	1222
2545	1667
2537	4052
2714	2635
2309	961
955	1572
4754	887
1870	764
2195	1904
2933	897
4272	979
2092	2724
2544	992
3097	2780
1094	760
2417	1859
2801	1289
2502	1124
2317	2447
2800	1829
3745	1159
1118	1383
2824	726
2382	794
2572	1773
2446	2048
2213	1524
1102	840
2437	1267
1390	2307
3265	2446
2849	1853
1911	1676
1392	950
1250	1375
2599	2454
4035	1254
1782	935
1310	1367
1504	1696
2687	1356
2130	1243
2269	1467
1578	1862
2015	1272
2901	1479
2122	1405
1444	1043
3661	2022
1408	1530
2803	961
1657	1477
2367	3526
1311	2203
1889	2198
921	2020
1374	783
2404	1755
2526	1236
2461	2326
2155	931
2664	1777
2904	1472
6697	2060
1744	2093
2120	1303
3731	796
2549	2240
3135	1695
2711	1497
1386	1411
2958	1887
2700	1746
2200	3786
2386	1482
3252	1302
1682	1337
1373	1015
2215	1282
3082	1122
2126	756
4385	1521
1984	355
2773	1612
1637	1147
1915	3280
1246	2481
2842	1194
1812	2034
968	2916
1489	1391
2139	1035
1420	2053
1555	1446
2185	696
1558	1078
1967	317
4222	1229
2109	1374
2117	4516
1968	1739
1857	1042
1596	1469
2799	1590
2173	1222
1704	1378
1988	1058
2574	902
1417	1358
1025	913
2761	846
2448	2023
2409	3038
1170	922
2311	1745
3011	2039
1986	953
2934	1380
1423	519
1955	3399
1938	1308
2335	1048
1705	2319
2327	1655
3293	1441
2591	965
2510	986
2559	2441
1784	1446
1302	1809
1140	1154
6768	1291
2347	779
1526	1454
2449	1282
2121	1291
1277	1517
3050	2216
1505	875
2344	1516
3565	3141
1978	1286
2404	928
1230	1116
1651	1643
1975	1555
1544	1413
2416	809
1250	856
2120	1283
2166	1275
2190	1143
1472	1980
2600	1031
4350	942
1064	878
2681	1647
2741	1532
2157	1647
2636	1120
974	1645
2002	1949
3317	3402
2512	2947
1151	1532
2191	1245
2476	2140
2080	1319
2738	1388
2871	1819
1298	2718
2309	1271
830	1278
2531	904
2760	1692
2138	1531
2314	1272
2720	829
2768	1423
2791	844
2894	2586
2692	1934
1723	2740
3111	1448
1844	2061
1523	1086
626	1540
3464	1580
1746	1285
2864	957
2715	3210
943	3031
1886	4711
1308	1716
1492	1089
2651	1211
2551	1006
3174	1449
1435	913
2300	1026
1466	3911
3274	1371
1950	312
2511	842
7194	908
2706	1889
1400	2066
2593	1552
1675	1792
2565	1673
1745	1754
2519	1309
1872	1531
2607	808
895	428
3367	1484
2917	2745
2168	1784
1323	1617
2392	1282
3863	891
1358	1131
2438	1409
2383	3416
2278	1946
2645	724
1640	1730
1438	2729
2683	883
3556	696
1968	1010
2259	3515
1953	1486
1981	1361
1673	949
1215	1453
828	2410
1981	1133
2806	2117
2741	1392
2945	1839
954	1160
1216	1208
2295	2101
1320	1403
2984	2425
2156	4465
1514	935
3217	1378
2208	1424
1803	546
1748	4427
2013	1227
1798	1402
666	1315
2598	959
2694	2298
2516	1375
2254	1057
1585	1709
2148	2399
2015	1213
1321	4937
2615	947
1018	1162
1829	1355
3651	969
3194	999
2714	1011
1480	2643
2127	1548
2340	946
1729	2727
1765	1005
1192	1514
2608	1263
2299	1321
1631	1412
2105	1209
1554	1211
2575	1182
1719	1048
5596	1968
2343	866
2224	1030
1651	861
2717	1249
6356	1221
1926	1114
1535	990
1535	2976
1555	2427
1464	2812
2698	2359
2400	1520
1117	950
1611	1386
2751	1985
1125	1365
903	1057
3653	2871
2153	1420
2759	1452
1820	722
2408	1053
2351	1337
3292	2458
1924	3709
2473	1282
2436	2501
2454	1410
1793	1033
2163	1108
2682	954
1551	1366
6208	1630
2282	1414
2454	1128
3011	1028
2050	1537
2297	1371
2510	573
3045	1518
1107	1910
3058	1276
2046	2128
2374	1633
1566	3074
2488	780
1465	1041
1499	1222
1917	960
2275	907
1296	1682
2137	1276
1554	1075
2717	2736
2717	1562
1466	2867
2816	1097
2040	1121
2393	903
3013	593
1207	1250
5245	1091
3996	912
1481	847
1513	1227
2439	1311
1862	1504
3299	269
2272	1341
3033	1402
1657	1740
2257	1225
2794	3377
2456	1445
2299	1254
2413	1348
1909	928
2266	1065
2693	2075
1953	981
1404	1434
1898	1337
2705	2257
1799	2251
1478	917
1894	913
2890	3053
3005	1197
2480	1470
2393	5495
2184	1100
1223	978
2021	2655
3307	794
1587	1772
2579	2864
1550	1636
4797	2504
1953	1509
1769	1546
2371	1695
2128	1274
2380	1498
2188	1179
1754	2179
3487	3691
1135	1346
1851	1476
1466	1504
2805	1644
1991	2429
5284	1259
911	3169
2983	856
2431	1610
2784	1136
1879	1008
2172	1195
1403	1158
598	1482
2712	1560
2201	1237
2457	1460
2340	965
2964	1042
1835	1915
2397	1870
1799	1417
1429	1070
2811	1289
1661	2422
2521	1563
1592	3363
2142	947
2478	1536
1598	2820
2082	1427
4383	1601
2644	1516
1314	1576
2822	1066
2670	1348
3059	1939
1651	1005
4553	1305
1320	1886
2981	1636
2223	1238
1564	723
2527	1729
2603	1504
2418	1071
4372	1253
2456	1339
2395	1060
2610	1379
2421	1152
1780	1006
2073	1219
2641	3120
1462	1647
723	2251
1752	4985
1824	1266
1287	1014
1335	3093
2042	949
3378	1607
3677	1585
2637	1109
2456	2906
2258	4144
2293	1616
2350	1196
637	847
2619	1432
2462	1233
1415	2128
1381	1214
1944	3244
2529	1051
2148	1367
2471	2694
1930	2128
1948	1747
2881	798
3448	3610
2152	1245
4826	2828
608	2096
2033	382
7559	1386
2428	1566
1298	1123
2425	897
1865	2707
1725	1827
2463	906
2872	1035
3577	2910
1964	3628
988	1580
1428	777
1455	940
2214	1033
1409	2336
2500	789
2021	1769
1454	1052
1136	1404
1756	726
2343	3710
6484	993
2451	2188
2401	1423
1210	6017
2507	1663
1183	2465
2367	1077
2020	1401
2651	1716
2203	1274
3271	2412
1419	1754
1582	1135
2204	1459
1435	1207
4206	1345
1728	1086
2070	3203
1761	2350
2284	1005
1615	1431
1230	1741
2599	841
1673	2957
1925	1492
1172	1115
2018	1300
2443	1290
2669	1154
2325	927
2360	768
1422	937
495	932
1284	639
4054	1873
2234	1767
3870	2304
1123	1207
2639	2703
2268	1467
2552	1892
2166	2884
1501	1155
1575	2478
1595	772
1628	1779
1383	1200
2500	850
1719	1140
1280	1262
1603	1249
2400	1421
1415	1375
2168	1302
2366	1469
2444	1255
2576	1488
2783	1084
1845	3228
2208	1339
2464	1172
2929	772
2401	841
1479	1191
1542	1150
1031	1217
1997	1421
2404	1128
1926	2329
2289	2000
7462	2435
2933	2729
2544	1199
1061	1318
2259	1148
2547	1023
1552	1138
1234	1106
1395	2385
1616	3357
4212	2165
2010	1565
2672	1160
1597	1165
1811	1112
2891	1338
2240	2164
1751	1037
1723	559
3106	2045
1354	2276
2129	784
2986	2429
2784	1605
2563	1508
2713	1088
2325	2497
1943	1148
1778	1082
2142	1506
1326	1221
1395	854
2160	1532
2265	1511
2923	1942
2383	1743
1319	2024
2487	1824
2093	1072
1555	987
3002	2055
2564	1268
1100	979
2801	2589
2133	1273
3042	507
2006	1289
1126	1453
1508	988
3031	1616
3924	1087
3296	1796
1492	1204
2252	1216
1529	1081
1172	1478
3830	1452
2064	1729
2487	1376
1185	1502
1662	1407
2180	4133
3976	1414
2951	1037
2390	1474
1784	947
577	2600
2006	1676
2821	1492
2268	1165
1952	745
1146	1808
1536	1328
3826	1197
3270	1578
1551	3627
1950	1495
6223	817
2414	1274
5282	2507
2672	696
914	1041
2874	1783
2383	1181
984	1287
2801	2435
3118	1143
1620	1402
3615	1695
2173	1623
2565	1836
3052	1811
2214	916
2064	2099
1811	1227
1924	3082
1369	988
2203	1046
3009	2228
2597	1378
1213	1977
1478	1409
2031	1175
1231	1020
1957	969
1212	1099
2582	1140
2087	5755
2527	2378
2681	820
1296	1143
1154	959
2842	2483
2321	1393
3187	1786
2862	967
2501	1890
1868	1078
1673	1190
1304	990
2815	2599
2949	3684
2682	2127
1465	1103
3305	1547
2625	1315
2122	917
1143	664
1106	2335
1377	1540
1979	1789
2408	1234
2827	1498
1564	791
2794	1857
588	1976
2630	963
1501	879
1628	1116
2017	1248
2234	1153
2106	1245
7020	1214
2667	1379
1944	1458
1605	1886
2522	2514
2580	1512
2591	2669
1114	982
2701	2582
7520	1137
3467	882
1954	1202
2992	3007
2142	1365
1658	1555
2630	1469
1271	1095
2852	1807
2435	521
2469	738
3117	1623
2457	1254
1262	1224
2500	1733
1471	1222
1517	1899
2743	1653
2574	2270
1817	1150
2544	1564
3756	1227
1482	2238
2483	1350
1208	953
1090	1066
2392	1300
1656	1756
3097	1794
1395	1212
1376	2042
1103	1813
4046	1667
2001	3127
3041	984
3358	1483
3374	1403
2460	1752
1288	1316
2439	1214
2586	3498
5200	1779
1998	1216
1825	1818
3565	2055
2346	1350
3243	1146
3426	673
977	1317
2537	1532
1912	1844
3323	1509
3727	2052
2806	1086
842	2534
2651	4521
1071	2279
1819	1359
2092	1645
1976	1153
1782	1118
1389	1529
2505	2318
2888	1137
1691	1662
1555	1195
3185	1271
3259	2171
1091	2982
2647	3705
2637	2347
2227	1563
2146	1022
2181	1426
1997	1848
2783	957
3244	1471
1698	2027
1550	889
1766	956
1694	1265
1149	1527
1813	856
2743	1605
2348	854
2360	1858
1885	5337
2231	1715
2000	2125
1723	1495
1528	1045
3314	1575
1936	1260
2147	1224
1149	1784
2974	1759
2428	2423
3048	1555
926	1120
2543	1200
2142	1219
2172	1146
2991	1421
2140	1409
1364	638
3557	1611
3180	1088
1874	984
1959	658
2626	844
1296	2584
1917	997
2567	1145
3026	1434
1726	2358
1918	1538
3444	1567
2917	1484
1227	1555
2958	848
2144	1096
1549	1003
2601	858
3162	912
2639	576
721	1528
2520	1283
2470	1272
1328	1268
3168	1725
2353	2528
1675	1943
2586	653
2460	1366
1440	1416
2229	1644
1766	1034
1255	1718
6878	753
1166	3546
2530	1226
4992	871
3220	924
2068	2741
1296	1250
1571	1414
1481	1661
1976	2393
3602	1138
1974	1146
2304	1577
2372	1666
1851	1313
1740	1537
3268	1291
2345	1118
1263	1600
3186	1340
2190	1765
1843	1122
2614	730
1122	2407
2106	1411
2824	1388
1496	836
2093	1527
1267	2386
2280	1166
1478	1174
2561	1275
1748	1659
2760	1299
1635	768
4963	1475
2883	1666
1925	2000
2004	1375
2258	1402
1967	1126
1136	1280
1049	2494
3795	2339
1920	818
2450	1295
2374	2029
2375	1122
2529	1535
2833	1373
1786	1153
2060	922
3074	1897
2979	844
2809	1172
1103	2431
3400	2335
1801	2458
2410	791
2319	1363
1287	1178
2051	1114
2539	1678
2155	1649
1265	6649
2194	2885
955	1168
2100	1262
5460	711
3439	2811
1331	1074
1132	959
1769	1918
1603	1031
2202	1283
1748	1703
2028	1285
1631	1802
1960	883
2250	1577
2258	566
4030	1121
1894	1161
1661	1214
2409	1310
1964	1321
2460	1013
2774	3883
1607	1431
1127	993
2034	3834
3315	1136
2100	1942
2637	1136
3364	3017
2585	995
2600	1676
2392	1429
1749	1477
2496	1444
3500	1309
1678	1091
2612	2363
1651	1129
2339	1596
3272	1087
1374	1516
2096	954
1335	1458
1892	2542
2200	1585
1539	1837
3623	1416
2275	1398
2343	1383
2377	1012
2001	1133
3190	2101
1859	1367
1559	1917
1257	759
2943	1618
1995	1854
2821	1141
2137	1746
839	1228
2689	1400
2371	965
2881	1213
4841	1315
2971	742
2847	1735
2661	1930
2638	954
1799	2006
1400	1089
1816	1655
2199	1663
1822	1535
2554	1653
2896	1344
1488	864
1863	1131
1370	1051
2181	2527
3328	3228
2324	2005
2836	1117
2217	1489
2463	1471
2126	874
2011	1083
1232	2291
1400	1419
9261	1517
1669	2436
2558	1377
2312	1596
1817	1279
1495	1655
1306	1458
2952	1620
3315	3521
2276	1668
3146	1713
949	950
2453	4550
1805	2797
3195	2668
2852	1075
1306	2977
4780	1027
2113	1335
1400	2111
2633	1379
1860	380
1746	1369
2243	2717
4161	1546
807	2451
2773	905
2578	1697
2033	1356
1178	1439
2146	897
2019	1137
3190	1481
2125	1512
1808	4999
2273	1819
1388	3211
1951	1990
2674	970
5217	2301
2969	1373
2368	1225
2085	1489
2688	1291
2158	918
2959	1270
2046	1491
1284	1375
1796	2422
7702	1328
3562	974
1414	6484
2405	1210
3456	3452
2375	1913
2303	1261
1446	1419
2925	1303
3124	773
2528	816
2060	1204
1399	1443
1363	1025
1740	1087
2072	3304
1715	1159
1531	1443
2490	1344
1517	1184
2627	6151
1685	1983
1270	1010
3075	1917
2600	1101
1801	1311
2611	1167
2381	976
1710	1275
2188	936
1465	1350
1345	1221
3769	3401
1240	1675
1629	1473
2858	1274
671	3202
1047	1072
1467	794
2714	1405
2659	891
1756	2036
1784	1084
2057	3693
2641	3014
1848	2971
1987	1350
1468	4232
2501	914
3568	1945
1007	2402
2075	865
2558	2277
1861	1505
2582	1590
2145	1204
2788	1520
2447	1217
2460	1589
1992	1598
1659	854
2492	1751
2678	2274
3759	827
3005	1160
2388	1426
2070	1947
2041	2344
3194	1479
2908	1242
2345	1644
2223	455
2697	3164
1638	628
1782	702
1675	1393
1716	1299
2436	929
1831	1191
2447	2221
1427	1456
1145	2625
2581	1332
797	1935
1365	1308
2134	1253
1211	1767
2818	1030
2693	1632
1569	1419
2498	1446
1956	961
2499	1525
1478	902
2020	3221
1212	1412
1421	977
1566	890
2370	1240
2957	2518
3071	5902
2439	1375
3341	3178
3026	1119
3103	1394
2548	1298
3773	660
1895	1160
8534	968
1215	2273
1869	1302
1795	3455
3619	1342
1721	3277
1311	1270
2059	1201
1433	1106
1910	879
1229	1410
2612	4020
1841	3090
1733	1975
1120	1743
1353	979
2785	2847
1210	3107
1861	1879
2662	1501
1362	1695
749	575
1488	1583
1947	1401
2967	1142
2529	1495
1160	5005
3174	1506
1954	1365
1170	421
2226	1836
2657	1510
1765	1215
2522	1650
1609	1287
2099	1297
1171	2864
1326	740
1053	1171
1798	2107
1272	2496
1200	1140
2474	2731
1585	1390
2308	818
2184	1148
2329	1868
2403	1242
2372	1331
2322	457
1856	1487
2409	1663
2403	1265
1712	1482
1110	1836
1850	4655
1954	629
1747	2375
2431	1410
5144	3164
1617	953
1398	1244
2608	2519
2092	1160
1202	1311
2486	955
1868	2608
1518	1755
1889	934
1992	862
1554	3417
1676	1452
2767	1740
1902	1423
2341	845
1638	1303
2359	1047
1814	1499
2851	1606
2641	3864
1902	2541
1066	1719
2325	779
1474	743
1278	3384
1674	924
1635	2627
2866	1885
2024	1188
1550	981
1121	2359
2753	1021
1605	1523
1768	1088
2746	2080
2681	1038
2374	1165
2360	1658
5127	1097
1468	1410
1791	1120
2888	1179
2582	818
3786	1004
2220	1999
3249	1392
1472	3438
1911	1074
2330	1516
1867	1789
1682	2767
870	2057
2013	2108
2692	1265
2837	1247
1056	2331
3466	1198
2038	964
1562	4504
960	1217
2263	2643
893	1291
1576	1187
2345	1254
1837	1099
1573	1112
1659	4293
2001	2444
2686	2698
2068	1277
2359	1137
1784	1666
1823	5319
1532	5238
2835	1237
871	1258
2129	994
2054	802
3561	1235
1954	1235
1209	809
1389	1348
2738	1385
2677	1438
2948	1101
3637	1067
1821	1142
1503	3632
2708	1252
1696	1362
1785	1359
3311	1411
1358	3666
2442	1546
1591	1579
2407	1927
2215	1676
2714	1035
3301	1072
2982	2679
2138	1015
3480	1795
2173	1553
2969	1827
2049	1103
562	1750
2673	1206
936	1775
2369	3035
2045	922
1726	1397
1534	1149
1425	1158
1349	1642
2982	1902
2249	1719
2164	1589
3168	1580
1409	1255
1324	1142
2420	1539
3841	2026
2475	1246
2227	1388
1463	992
2062	1098
1003	3467
2382	2556
1924	2681
1193	1314
2219	1653
2534	2610
3118	2132
2252	983
2108	767
2476	2140
1473	1281
4799	3834
1962	1234
5361	5325
2349	1373
1613	1146
2442	1140
1736	1590
3273	1438
1703	1495
1121	2319
2488	827
1014	1339
2745	1351
1585	1264
2671	230
2441	1016
2457	1377
1840	3035
2436	1867
1959	1573
1665	1723
1594	1268
2813	1816
2122	1257
3129	1135
2728	1593
3328	1785
2392	965
1658	991
2196	1056
1449	1282
1473	1589
7539	2228
1273	1155
3640	2153
2250	1901
2641	1733
1009	1494
2680	2272
5023	2639
2299	752
1805	2506
2395	1667
3386	1307
1406	1739
1942	1278
2473	2283
1040	1534
2820	24
2076	2445
2032	738
1332	1300
1715	1815
2305	4478
4418	686
2475	1532
1835	1400
1624	1667
2612	2158
2251	2442
2313	1071
925	3713
3133	1120
2326	1055
1975	1093
2292	3519
2787	1156
3109	2168
2942	982
1568	3999
2051	1287
2887	1347
2755	1536
2749	2185
4020	5315
1229	2110
2717	1552
1603	2561
2014	1706
2742	1426
1557	1142
2519	1980
2929	1230
2691	1807
2161	2337
2790	1363
2215	5571
1412	2126
3142	1349
2016	1095
1891	1191
2194	1907
1231	3900
3920	1612
1511	975
2106	1594
1187	1150
2518	1247
1214	971
2144	3220
1127	955
2692	3855
2745	3092
4409	1140
2916	2526
2594	1817
2198	1437
1806	1380
650	1113
2370	4027
2958	953
1797	849
2697	1261
1904	1861
2377	1733
1326	1146
1002	1348
2658	889
2536	992
2113	537
1415	1532
1221	978
1966	1794
2485	1344
5414	1438
845	1697
1977	1297
2103	1442
1413	989
2506	2998
2289	886
1338	1467
2740	839
2078	1212
2749	1328
1801	476
1851	1515
2552	1784
1946	1070
3036	1219
2896	1819
2487	1238
2899	1040
2010	1046
2632	1155
1749	768
1644	1018
1156	1264
2754	1400
2996	3047
947	1119
2142	929
1547	1118
2339	1301
2257	1974
2187	5118
2156	925
2437	1182
2998	1625
1673	1089
2442	1196
2759	1401
2067	1015
2555	1101
1109	1053
2526	2867
1225	1340
2329	1718
1573	1596
2367	1376
1161	1308
849	1313
2192	1494
1164	1219
2097	594
1421	3313
2502	791
2225	657
1504	1458
2690	1330
4852	1374
4228	2264
2616	1374
2087	1698
3055	1690
1766	2142
1262	2192
1003	1027
2007	946
1567	5416
2605	1590
2419	3195
2914	816
3160	1906
2015	2583
2020	1111
3191	1641
1942	1711
2998	1387
2696	2965
2395	731
1828	938
2725	613
1950	1550
1680	2000
1103	3469
1311	3996
2819	1061
2607	972
3041	1711
2337	1880
1386	888
3045	900
2618	2710
1087	980
2355	2544
2380	2123
1529	1572
2408	1886
1416	1487
1999	3373
1946	1104
1854	970
2295	1368
2960	1805
2298	1932
1622	857
2287	2660
1611	2990
2447	1504
1935	1290
1838	3999
2012	1511
3022	2207
2365	1141
1536	1233
2742	1310
1440	2858
2649	1736
2417	954
1797	1181
3441	1771
2088	1209
2538	2094
4210	2027
1517	1699
3311	1392
2583	1010
970	2192
1687	2328
2494	1105
2535	1949
2715	2581
1530	1395
2675	1154
1906	2809
2539	2403
2886	3107
2790	2509
2449	3524
5630	996
3230	1445
2884	1889
2800	1940
2888	1309
5978	1086
1222	1180
1894	2390
2704	2013
2242	3103
4668	1038
3262	1263
2204	3022
1461	1142
2405	1046
1133	1488
1421	1369
3023	2195
1397	4702
1702	973
1475	851
1663	1502
2486	1090
1724	1061
2280	821
1269	1167
4081	1780
1519	4047
1771	1091
2148	602
2108	1114
2441	1072
3636	1277
2021	2688
3348	2234
1452	763
1959	2920
1312	1329
2359	892
1417	3019
2316	1303
2014	1476
2053	723
2400	1498
2602	2413
2700	1474
5139	1332
1845	1035
2345	1327
3291	1249
1771	897
3694	1620
3129	1916
3038	1164
1524	1720
1626	960
1646	2388
3381	1482
2563	1208
2376	1351
899	1422
1290	1349
2600	1214
9297	1245
2477	1130
2469	547
2652	1773
1567	1122
2037	1283
3649	2080
1670	739
1828	1222
2837	1475
3501	1336
2937	1174
1565	1323
2136	2438
1540	1241
1540	1222
1247	1547
1553	2594
1124	1184
1725	1318
781	1954
2623	1257
1651	1875
3123	3252
1853	623
1649	1501
2979	1506
1248	1368
4010	1245
2474	1158
2739	1977
3346	4018
2278	3688
2236	2283
1908	1096
1189	1746
1966	1208
3260	1518
1215	2526
3330	1395
1825	1657
6028	1166
2398	1316
3061	1239
2817	1189
1666	1689
2584	2026
3255	1441
2734	1381
2873	1220
2474	1180
4257	1529
2315	3172
2766	1415
1353	1921
2205	2597
1689	1104
1145	1592
2745	1233
2002	1550
3022	1311
2556	2776
2913	1200
2005	1112
2711	1136
3030	1294
2663	778
3022	1667
2329	1676
2639	1416
1859	1119
3083	811
3871	1484
2690	954
2212	1271
3070	1794
1737	2015
3070	1201
2420	1054
2502	984
2466	1205
2559	829
1444	1299
1999	973
2217	1146
2905	1648
2895	5754
2816	1381
1656	2265
3005	1173
1761	854
2998	1806
1742	1571
1425	1303
2757	0
2049	958
2446	1679
1565	1374
1048	721
3063	1388
2236	951
2530	1175
1467	1158
2727	1246
2225	842
1651	1225
1626	1529
2857	1463
1811	1271
1636	830
1535	2472
1631	1624
1681	3366
7198	718
4263	1166
2559	1369
2940	1463
1372	989
1117	1164
2000	1405
1853	1160
1855	1401
1339	797
2194	899
