1	8512
1	7231
1	7961
1	7613
1	8017
0	2808
1	8267
1	2529
1	2663
1	7876
1	3380
1	7584
1	7325
1	2550
1	2440
1	8406
1	8365
1	7199
0	3097
1	8471
1	7731
1	7148
1	9461
1	7369
1	2750
1	7967
1	7589
1	2795
1	8325
1	7680
1	2139
1	8954
1	7679
1	7393
1	8302
1	7596
1	8342
1	7425
1	6940
1	8651
0	2422
1	7504
1	2576
1	8179
1	8289
1	8830
1	8995
1	8166
1	2715
1	7455
0	2983
1	2873
1	5916
1	2640
1	2802
1	2695
1	7048
1	2701
1	7618
1	9197
1	2333
1	8386
1	7566
1	2191
1	6266
1	2682
1	7589
1	2497
1	2983
1	2653
1	8951
1	6980
1	2350
1	9068
1	7497
1	8411
1	7925
1	7599
1	6979
1	2626
1	9113
1	3186
1	8392
1	2502
1	8463
1	6988
1	2565
1	3019
1	7677
1	8657
1	8739
1	7889
1	8305
1	8484
1	2146
1	7488
1	7415
1	5863
1	5985
1	8337
1	8857
1	2348
1	7969
1	8060
1	9864
1	8824
1	3008
1	6632
1	8386
1	8233
1	7906
1	8799
1	7550
1	8612
1	9076
1	7725
1	8784
1	2765
1	7927
1	7725
0	2592
1	7983
1	2583
1	2806
1	6802
1	6949
1	9025
1	7002
1	7807
1	6236
1	5818
1	8851
1	8446
1	7165
1	8201
1	2831
1	6170
1	8239
1	8129
1	2600
1	7946
1	8817
1	9424
1	8407
1	7250
1	6963
1	8168
1	8473
1	6684
1	7229
1	7816
1	7664
1	8072
1	6828
1	8124
1	7787
1	8783
1	8131
1	2655
1	8068
1	7981
1	2151
1	8660
0	2359
1	6620
1	8044
0	2740
1	7605
0	3022
1	7794
1	7092
1	7435
1	7266
1	7571
1	8304
1	8004
1	7375
1	8492
1	4565
1	7254
1	9073
1	7309
1	8050
1	2458
1	7497
1	8639
1	2842
1	7921
1	8893
1	7329
1	9567
1	8427
1	8125
1	3051
1	8024
1	7534
1	8691
1	7609
1	7125
1	7067
1	7438
1	3001
1	8826
1	7531
1	8309
1	7575
1	2830
1	2690
1	8428
1	8315
1	8090
1	7265
1	8604
1	8446
1	7885
1	6712
0	2451
1	1682
1	7362
1	8741
1	8988
1	7913
1	8181
1	7868
1	6974
1	3033
1	7013
1	2770
1	8862
1	7538
1	2764
0	2629
1	2019
1	8971
1	2596
1	6997
1	8079
1	8067
1	8909
1	8150
1	9060
1	2410
1	8502
1	8393
1	8787
1	7607
1	8499
1	8127
1	2466
1	7634
1	7346
1	7219
1	7889
1	8413
1	5853
1	7391
1	8606
1	8166
1	8357
1	2468
1	8765
1	2494
1	8437
1	2660
1	2358
1	7575
1	6528
1	8834
1	7555
1	2931
1	7707
1	2618
1	7762
1	6312
1	8586
1	8494
1	7962
1	9418
1	8306
1	8171
1	7058
1	8060
1	2492
1	2921
1	8684
1	7286
1	8955
1	7998
1	8977
1	2593
1	8399
1	7890
1	8427
0	2521
1	8028
1	7134
1	7308
1	7269
1	6920
1	7492
1	3027
1	7934
1	7952
0	3300
1	7673
1	7602
1	1971
1	7169
1	8926
0	2890
1	2822
1	8739
1	7953
1	7631
1	7551
1	7491
1	8071
1	8567
1	8296
1	8250
1	7892
1	7372
1	2091
1	8950
1	6269
1	6418
1	8042
1	3166
1	8402
1	8083
1	8843
1	6788
1	8661
1	7741
1	7802
0	2867
1	6816
1	7945
1	8190
1	2307
1	8319
1	3116
1	8646
1	7467
1	2717
1	8150
1	8237
1	6195
1	8295
1	7760
1	7001
1	2111
1	8189
1	6483
1	7509
1	8209
1	7506
1	2799
1	7968
1	7222
1	7932
1	7512
1	7509
1	8301
1	6656
1	2649
1	7442
1	8093
1	8708
1	8521
1	2446
1	7988
1	8688
1	7858
1	6935
1	8099
1	8270
1	7575
1	9136
1	2713
0	2372
1	9044
1	6917
1	8269
1	8392
1	6738
1	7299
1	2723
1	7958
1	7862
1	7976
1	7389
1	2527
1	2656
1	2631
1	2618
1	2680
1	8266
1	7538
1	2474
1	8009
1	8755
1	6656
1	6453
1	2604
1	7513
1	6414
1	8498
1	2299
1	8352
1	2366
1	8247
1	6734
1	7476
1	7932
1	2787
1	8157
1	8180
1	8127
1	2768
1	2777
1	1943
1	2659
1	7027
1	8578
1	7443
1	8520
1	7563
1	6375
1	5558
1	7627
1	8209
0	2496
1	2902
1	8647
1	5859
1	8059
1	2232
1	8181
1	7600
1	8933
1	9448
1	7731
1	8958
1	9108
1	7732
1	8548
1	2434
1	7484
1	7115
1	8597
1	8111
1	8962
1	7035
1	2518
1	8467
1	8449
1	8192
1	7496
1	7890
1	7548
1	2854
1	2494
1	8474
1	7025
1	7910
1	8002
1	8496
1	2453
1	2681
1	8523
1	7250
1	7369
1	8528
1	7998
1	8195
1	7983
1	7620
1	7816
1	2744
1	7916
1	8940
1	9000
1	2796
1	7972
1	8565
1	2306
1	9270
1	2938
1	8292
1	2844
1	8421
1	2840
1	3159
1	7503
1	8526
1	8018
1	8326
1	7435
0	2742
0	2920
1	7626
1	9999
1	7802
1	2984
1	7009
1	2997
1	7805
1	8320
1	2437
1	8921
1	9067
1	7658
0	2578
1	8622
1	8122
1	6235
0	2715
1	6550
1	2189
1	5423
1	6978
1	8089
1	3117
1	6051
1	6939
1	7150
1	7030
1	8893
1	2079
1	8434
1	8040
1	7196
1	8384
1	2636
1	8200
1	5968
1	8176
1	2560
1	2540
1	8645
1	8010
1	7640
1	1322
1	8494
1	2390
1	7213
1	7866
1	8175
1	7828
1	7426
1	2949
1	8576
1	8150
1	8466
1	5797
1	2739
1	3007
1	2002
1	8501
1	3076
1	8648
1	6694
1	6140
1	2502
1	8363
1	8591
1	7793
1	7326
1	9017
1	2534
1	6979
1	8073
1	3120
1	2610
1	8178
1	7520
1	7662
1	2761
1	8485
1	2308
1	2391
1	8892
1	3222
1	8042
1	2649
1	7706
1	6648
1	6747
1	2967
1	7648
1	2742
1	8214
1	8400
1	8983
1	8181
1	2782
1	7768
1	7542
1	8766
1	8711
1	8781
1	6678
1	7607
1	8187
1	9016
1	8237
1	8195
1	7673
1	2436
1	8868
1	2532
1	8055
1	8789
1	8937
1	7535
1	2394
1	2772
1	7549
1	7324
1	8357
1	8682
1	8460
1	7750
1	2612
1	8078
0	2053
1	8436
1	2484
1	9099
1	8415
1	6993
1	8906
1	7209
1	7041
1	9016
1	8567
1	8277
1	2639
1	7876
1	7972
1	7380
1	7906
1	3197
1	6017
1	2842
1	8671
1	8120
1	8266
1	2323
1	8207
1	2868
1	2844
1	7126
1	2694
1	9015
1	9500
1	7767
0	2443
1	2807
1	7283
1	7171
1	8988
1	8701
1	8558
1	7088
1	7812
1	8587
1	7481
1	8274
1	2509
1	2614
1	3494
1	8873
1	6962
1	8537
1	2926
1	9005
1	2724
1	2533
1	8076
0	2556
1	2422
0	2879
1	8779
1	7469
1	7485
1	8722
1	3073
1	8222
1	8376
1	7415
1	6931
1	7667
1	8053
1	7435
1	8130
1	7863
1	2602
1	8789
1	6798
1	5970
1	6584
1	2568
0	3055
1	6959
1	8253
1	8912
1	8827
1	9125
0	2580
1	8316
1	9311
1	7859
1	7862
1	8463
1	8112
1	7389
1	2808
1	7904
1	7706
1	8331
1	8881
1	2432
1	8790
1	7381
1	7605
1	2730
1	7511
1	7653
1	8372
1	7489
1	6783
1	8067
1	7520
1	3101
1	8477
1	7516
0	3086
1	8219
1	8048
0	2613
1	2666
1	7860
1	8400
1	8640
1	8369
1	7136
1	7108
1	7994
1	6674
1	6686
1	6415
1	7987
1	8841
1	8249
1	7687
1	7790
1	8401
1	8198
1	2115
1	8737
1	6586
1	7778
1	8182
1	7084
1	2592
1	6159
1	3088
1	9208
1	9320
1	8829
1	8180
1	8293
1	2717
1	2550
1	8657
1	7576
1	2812
1	6826
1	7101
1	7557
1	7906
1	8893
1	8746
0	2477
1	2781
1	6191
1	7486
1	8325
0	2993
1	7711
1	6820
1	8209
1	8321
1	7085
1	7692
1	7968
1	2380
1	7728
1	7642
1	5990
1	7680
1	8117
1	8688
1	2285
1	6566
1	9141
1	8069
1	2885
1	8103
1	8136
1	9159
1	2537
1	8081
1	8392
1	8835
1	8816
1	2638
1	7899
1	4740
1	2369
1	7857
1	2625
1	8629
1	3035
1	8782
1	8050
1	7883
1	6411
1	6839
1	2883
1	8734
1	7602
1	2739
1	8099
1	7735
1	6432
1	7936
1	7422
1	2825
1	7956
1	2595
1	8592
1	2450
1	7497
1	9264
1	8079
1	3382
1	8716
1	8720
1	8763
1	8043
1	8242
1	6989
1	8865
1	2992
1	7519
1	8298
1	8841
0	2889
1	5999
1	9040
1	7816
1	6631
1	8566
1	3250
1	6908
1	8598
1	7677
1	8746
1	7333
1	8763
1	2622
1	8063
1	9059
1	9234
1	8729
1	6963
1	9182
1	2727
1	2864
1	7673
1	3228
1	2324
1	7544
1	7272
1	7655
1	2395
1	6456
1	8363
1	8464
1	7807
1	9233
1	2551
1	7048
1	7376
1	8867
1	8031
1	7198
1	6861
1	7591
1	7861
1	8977
1	5904
1	7518
1	8912
1	2569
1	6753
1	2863
1	7047
1	7268
1	0
1	8042
1	7819
1	8374
1	7507
1	7098
1	8524
0	2660
1	8921
1	8223
1	8472
1	7847
1	7468
1	8121
1	8049
1	7282
1	7740
1	3016
1	2964
1	8137
1	2041
1	8660
1	7293
1	7211
0	2828
1	3215
1	8311
1	7253
1	8064
1	3460
1	2297
1	6609
1	7948
1	7997
1	2755
1	7770
1	8425
1	7988
1	2059
1	8574
1	8851
1	6746
1	2765
1	6868
1	7614
1	7706
1	7403
1	7909
1	8331
1	2482
1	8713
1	7665
1	7826
1	7610
1	2641
1	7604
1	2884
1	8887
1	7595
1	2501
1	9198
1	2423
1	8314
1	8367
1	2176
1	7455
1	7752
1	3139
1	3408
1	9471
1	2236
1	8236
1	7910
1	4648
1	1816
1	8311
1	2717
1	7944
1	2458
1	7859
1	2583
1	9096
1	8610
1	9052
1	7967
1	7275
1	9783
1	7750
0	2253
1	7721
0	2668
1	7763
1	2783
1	2730
1	8619
1	7532
1	7232
1	2212
1	7770
1	5456
1	7126
1	7938
1	8663
1	8335
1	8382
1	7527
1	2425
1	9146
1	8411
1	2803
1	8313
1	8993
1	6099
1	2689
1	2663
1	8089
1	6645
1	2740
1	2368
1	7809
1	8295
1	7448
0	2728
1	7408
1	7730
1	6321
1	2948
1	7772
1	2590
1	7830
1	8170
1	9047
1	7194
1	3164
1	6797
1	7916
1	7433
1	7938
1	6022
1	8964
1	8241
1	2719
1	8507
1	3078
1	8106
1	1449
1	3083
1	9405
1	2468
1	2768
1	6183
1	8600
1	7855
1	9062
1	7466
1	7461
1	7017
0	2157
1	3191
1	2259
1	8834
1	3229
1	3110
1	8003
1	8318
1	9297
1	7316
1	2348
1	8300
1	7499
1	3165
1	7989
1	2814
1	7639
1	9154
1	2549
1	9670
1	8080
1	7579
1	8219
1	6453
1	6988
1	7490
1	8626
1	8278
1	7303
1	7222
1	2762
1	7471
1	7356
1	8998
1	7064
1	3387
1	2249
1	7210
1	7895
1	2236
1	8555
1	8421
1	7720
1	8008
1	2585
1	8776
1	8353
1	7629
1	2446
1	7116
1	9206
1	7610
1	8338
1	8659
1	7444
1	6113
1	5951
1	9046
1	7364
1	2823
1	7264
1	9216
1	9093
1	8656
1	9215
1	7956
1	8678
1	8910
1	7991
1	8388
1	1819
1	2618
1	6567
1	2711
1	7765
1	6288
1	2754
1	7857
1	7515
1	2774
1	7278
1	8892
1	8145
1	2961
1	3000
1	7956
0	2519
1	8376
1	8447
1	2309
1	2902
1	2722
1	8822
1	8763
1	2988
1	7316
1	8632
1	7873
1	2732
1	8166
1	8723
1	7024
1	2715
1	2917
1	6364
1	7707
1	8526
1	6994
1	2613
1	1440
1	8873
1	8390
1	7066
1	7419
1	8259
1	2866
1	7910
1	8908
1	7206
1	6472
1	2824
1	8705
1	8107
1	7613
1	8756
1	8462
1	2221
1	2432
1	2841
1	7099
1	7968
1	8259
1	6428
1	7806
1	7012
1	8108
1	3065
1	7463
1	7741
1	2619
1	8047
1	8701
1	6403
1	7120
1	7568
1	9542
1	7787
1	8970
1	7758
1	6191
1	2300
1	8147
1	7988
1	7893
1	7904
1	9540
1	7693
1	7814
1	7038
1	2267
1	7997
1	8811
1	8615
1	8152
1	6641
1	2945
1	8149
1	8793
1	2725
1	7034
1	8457
1	2359
1	3049
1	8467
1	7909
1	8427
1	2397
1	9055
1	7427
1	7702
1	8298
1	7014
1	7119
1	6997
1	7043
1	8162
1	8708
1	8904
1	8361
1	2702
1	8607
1	8007
1	7380
1	2715
1	8611
0	3020
0	2735
1	2776
1	6813
1	7659
1	8770
0	2956
1	7800
1	9393
1	8291
0	2576
1	6340
1	6755
1	8794
1	7982
1	2244
1	8299
1	7474
1	7045
1	7698
1	6995
1	6958
1	6214
1	2388
1	7840
1	2557
1	8515
1	7499
1	7889
1	6826
1	8436
1	2424
1	2620
1	7378
1	7586
1	2717
1	2320
1	1452
1	9157
1	8357
1	8900
1	6573
1	5597
1	2749
1	2859
1	7518
1	6884
1	7895
1	8175
1	8114
1	8282
1	2473
1	2507
1	8072
1	2450
1	2091
1	7935
1	5963
1	2754
1	7213
1	9121
1	8679
1	8196
1	9058
1	8332
1	3067
1	7901
1	8828
1	2680
1	7878
1	9345
1	8817
1	7310
1	7539
1	6824
1	9113
1	8491
1	7830
1	2836
1	8459
1	7834
1	2942
1	7034
1	8372
1	7534
1	7962
1	8087
1	8924
1	2983
1	2700
1	7044
1	6952
1	7869
1	2247
1	7291
1	2402
1	8392
1	2565
1	2371
1	8310
1	7384
1	7924
1	2453
1	4203
1	9053
1	8450
1	6864
1	6522
1	7103
1	8783
1	8278
1	2330
1	6685
1	8205
1	2285
1	7479
1	7295
1	6785
1	9226
1	8553
1	9641
0	2863
1	2539
1	7861
1	2746
1	2381
1	6496
1	6279
1	6799
1	8266
1	7734
1	7899
1	8241
1	2708
1	8311
1	8092
1	2435
1	7708
1	7541
1	9098
1	2566
1	8181
1	2335
1	7770
1	3208
1	2594
1	2521
1	2506
0	2810
1	3099
1	8076
1	7427
1	7683
1	2816
1	7962
1	2532
1	7801
1	7051
1	7697
1	2396
1	8448
1	7830
1	7679
1	8805
1	7318
1	8507
1	2638
1	8000
1	9152
0	1980
1	8704
1	2089
1	7968
1	7906
1	8501
1	2407
1	2727
1	8514
1	2402
1	7250
1	2606
1	7431
1	8162
1	8746
1	2611
1	6818
1	8705
1	8018
1	7633
1	7755
1	8540
1	1929
1	7085
1	7578
1	8522
1	7168
1	7225
1	2495
1	2614
1	8072
1	8679
1	8088
1	9245
1	8902
1	2385
1	8151
1	7256
1	7892
1	8228
1	8014
1	8035
1	8155
1	7806
1	9061
1	8256
1	7498
1	6541
1	8159
1	7798
1	8190
1	2245
1	7801
1	8450
1	2772
1	8119
1	3206
1	8622
1	2907
1	6744
1	9641
1	8598
1	1946
1	9137
1	7920
1	8290
1	8023
1	8421
1	7329
1	8490
1	7233
1	8066
1	6912
1	8088
0	2597
0	2578
1	6736
1	8958
1	7453
1	7754
1	8029
1	8881
1	7598
1	8858
1	2180
1	5992
1	8322
1	6751
1	8021
1	7248
1	8751
1	7130
1	8354
1	8049
1	7368
1	7665
1	2291
1	8734
1	8612
1	8499
1	6841
1	6749
1	7290
1	7690
1	7960
1	2501
1	2839
1	7860
1	7376
1	7279
1	3031
1	8732
1	8283
1	2822
1	7800
1	8729
1	8514
1	1536
1	2399
1	7476
1	8095
1	2964
1	8093
1	8737
1	1824
1	2439
1	7932
1	2585
1	2815
1	2532
1	2944
1	8211
1	8609
1	7849
1	8975
1	9147
1	9132
1	2990
1	8633
1	7780
1	7972
1	6805
1	7542
1	7544
1	2674
1	2864
1	8087
1	7036
1	2867
1	7487
1	2625
1	7526
1	8022
1	2552
1	9071
1	2809
1	6100
1	7665
1	8928
1	8335
1	7008
1	7954
1	8591
1	8640
1	7754
1	7245
1	2657
1	7051
0	3219
1	7298
1	7231
1	6017
1	1477
1	9364
1	7296
1	7424
1	9802
1	8564
1	7402
1	8687
1	2703
1	8129
1	9043
1	8461
1	8255
1	7904
1	7608
1	7886
1	6548
1	2508
1	2806
1	7314
1	2517
0	2720
1	8807
1	7492
1	7042
1	6759
1	7386
1	6369
1	2747
1	7027
1	7418
1	7940
1	9051
1	7301
1	8749
1	7925
1	2548
1	8936
1	7726
1	2651
1	2178
1	7457
1	7416
1	7023
1	5552
1	2259
1	7660
1	7361
1	2295
1	8906
1	8645
1	2964
1	8362
1	8812
1	9133
1	2696
1	7192
1	9320
1	2948
1	3044
1	9160
1	9099
0	2295
1	2064
1	7150
1	2394
1	1987
1	8182
1	8776
1	9523
1	8045
1	7732
1	7485
1	7431
1	7405
1	7266
1	2641
1	9361
1	6827
1	2549
1	2690
1	7691
1	8132
1	8119
1	7968
1	9046
1	7973
1	2812
1	8784
1	2855
1	7153
1	2990
1	7350
1	8049
1	7496
1	9238
1	7876
1	7517
1	7503
1	8143
1	8920
1	6700
1	9196
1	8225
1	6521
1	2716
1	7426
1	6280
1	7946
1	8806
1	2515
1	2691
1	8346
1	8652
1	7909
1	7924
1	8213
1	2969
1	8795
1	2846
1	2485
1	8161
1	8211
1	7901
1	2659
1	7758
1	2670
1	7130
1	6665
1	9445
1	6705
1	2958
1	3055
1	8552
1	7996
1	7526
1	2746
1	8428
1	8780
1	7655
1	8044
1	2507
1	8000
1	7671
1	8394
1	2716
1	2829
1	7688
1	8674
1	7342
1	8078
1	7455
1	7291
1	2854
1	7864
1	2604
1	7519
1	7581
0	2968
1	8959
1	8174
1	2383
1	8243
1	7422
1	7806
1	7420
1	8945
1	7358
1	8247
1	8143
0	2245
1	6579
1	8733
1	9096
1	7410
1	8214
1	6664
1	2472
1	6692
1	8787
1	7900
1	2549
1	8306
1	9319
1	8311
1	7618
1	9352
1	7751
1	2604
1	7534
1	8158
1	1861
1	6609
1	9108
1	8324
1	6677
1	8775
1	7846
1	3148
1	8267
1	5864
1	9638
1	7509
1	7143
1	8816
1	2893
1	2904
1	8215
1	7978
0	2363
1	8659
1	8800
1	8210
1	7811
1	7172
1	8810
1	7570
1	2725
1	7589
1	6514
1	8540
1	7540
1	7511
1	6711
1	7334
1	7461
1	7912
1	6674
1	2904
1	8034
1	5170
1	7475
1	7993
1	8288
1	7558
1	2946
1	9434
1	7795
1	8590
1	3000
1	2073
0	2890
1	3032
1	8229
1	8868
1	2288
1	7154
1	7577
1	2195
1	2731
1	7481
1	8515
1	8677
1	2214
1	7920
1	8399
1	8123
1	8390
1	7303
1	2485
1	2825
1	7881
1	8780
1	8793
1	2612
1	8600
1	8939
1	7626
1	2803
1	8172
1	7264
1	8096
1	7637
1	8033
1	6824
1	7276
1	7827
1	8867
1	8486
1	8953
1	2891
1	8908
1	9005
1	8047
1	2653
1	6928
1	2924
1	8579
1	8692
1	7640
1	3125
1	7863
1	7198
1	2844
1	7739
1	7619
1	8281
1	7884
1	7076
1	8334
1	8198
1	7498
1	7142
1	2521
1	8485
1	8781
1	2801
1	7712
1	7882
1	7413
1	2980
1	8156
0	2694
1	7989
1	7652
1	7768
1	8661
1	6889
1	8184
1	2579
1	7123
1	7216
1	8015
1	7841
1	6774
1	9452
1	7299
1	8198
1	2717
1	7221
1	7160
1	7180
0	1914
1	9670
1	7747
1	8229
1	2551
1	8230
1	2365
1	8504
1	5845
1	7865
1	2320
1	9819
1	2530
1	8158
1	2123
1	8712
1	8309
1	2831
1	8752
1	2132
1	8269
1	2890
1	7415
1	7817
1	7735
1	7208
1	8427
1	7026
1	2856
1	7054
1	2290
1	6669
1	9065
1	7597
1	8937
1	8153
1	6715
1	2942
1	2527
1	1963
1	6741
1	8141
1	7895
1	8647
1	8461
1	8205
1	7663
1	7926
1	7801
0	2722
1	8318
1	8400
1	8450
1	8114
1	8621
1	8008
1	7462
1	8429
1	8378
1	7244
1	2680
1	8078
1	7389
0	2353
1	6977
1	8587
1	7546
1	6388
1	2975
1	8226
1	2546
1	6909
1	7604
1	8405
1	6841
1	7586
1	8013
1	7058
1	7817
1	2927
1	8077
1	8518
1	7379
1	8779
1	9211
1	3095
1	7616
1	8523
1	2709
1	8152
1	7391
0	2522
1	7331
1	6235
1	2749
1	7001
1	2582
1	6092
1	8830
1	8132
1	8297
1	6532
1	8254
1	7966
1	8555
0	3190
1	2320
1	7623
1	8417
1	9786
1	7747
1	8450
1	7093
1	8483
1	2348
1	7853
1	7086
1	8431
1	8733
1	8146
1	8925
1	2455
1	7515
1	7450
1	7872
1	7901
1	9060
1	8696
0	2488
1	8697
1	7571
1	7386
1	8046
0	2695
1	2181
1	7090
1	2190
1	7727
1	7014
1	7742
1	2963
1	7876
1	7799
1	9743
1	6792
1	2904
1	8036
1	2839
1	2411
1	7627
1	2452
1	2229
1	8984
1	8281
1	6933
1	2553
1	3310
1	2598
0	2274
1	8612
1	7805
1	7253
1	7087
1	8480
1	8367
1	6674
1	3359
1	8961
1	7271
1	8423
1	7277
1	2782
1	2821
1	7894
1	7916
1	8098
1	7250
1	8821
0	2635
1	7243
1	9219
1	8307
1	2681
1	7581
1	7474
1	7715
1	2507
1	8407
1	2682
1	8013
1	7484
1	6787
1	8535
1	8036
0	2186
1	8520
1	2717
1	7574
1	6815
1	8835
1	8083
1	8114
1	2684
1	7606
1	7148
1	8869
1	2964
1	7663
1	2643
1	7085
1	8267
1	7345
1	8056
1	6611
1	2596
1	8687
1	8161
1	7811
1	7657
1	8578
1	7789
1	7935
1	2417
1	6820
1	6966
1	8135
1	2925
1	8498
1	7600
1	8322
1	8099
0	3002
1	8313
1	8612
1	7555
1	7333
1	6494
1	8867
1	9345
1	8681
1	2578
1	7918
1	8683
1	2429
1	8817
1	2626
1	6962
1	2918
1	8210
1	6918
1	2910
1	2161
1	2949
1	8136
1	7537
1	2488
1	8685
1	9098
1	6698
1	6518
1	2784
1	7297
1	7305
1	8739
1	7565
1	2836
1	2734
1	8962
1	7830
1	7055
1	7786
1	6289
1	2436
1	6499
1	7482
1	7870
1	2817
1	8540
1	7195
1	7190
1	8105
1	7862
1	8408
1	4506
1	7609
1	7787
1	6253
1	8400
1	8347
1	2943
1	7651
1	7998
1	8770
1	2805
1	7480
1	8109
1	8478
1	7238
1	7366
1	2485
1	8505
1	8012
1	6559
1	7637
1	1598
1	8845
1	7625
1	8421
1	7668
1	8298
1	8440
1	2764
1	9003
1	8346
1	8386
1	8901
1	2416
1	2778
1	6451
1	7694
1	2789
1	8116
1	8196
1	7834
1	7837
1	7597
1	2725
1	8482
1	9301
1	7836
1	7294
1	8289
1	8499
1	8026
1	7915
1	2675
1	8202
1	6367
1	2321
1	8465
1	8843
1	6846
1	8924
1	8514
1	8992
1	8353
1	6558
1	7573
1	7026
1	9054
1	1411
1	1156
1	7917
1	7933
1	2210
1	2639
1	8003
1	2773
1	9282
1	7850
1	7314
1	8657
1	7476
1	3026
1	7399
1	7817
1	7982
1	7688
1	6891
1	7235
1	6829
1	7459
1	7640
1	7870
1	8417
1	2589
1	8481
1	8577
1	2747
1	7208
1	7261
1	8853
1	8351
1	8252
1	2746
1	2905
1	7460
1	8616
1	8603
1	7634
1	7679
1	6854
1	6420
1	9010
1	2602
1	7364
1	8581
1	2415
1	2716
1	8114
1	8956
1	7916
1	8250
1	7953
1	6904
1	8275
1	8488
1	7349
1	9071
1	7810
1	8389
1	7892
1	2755
1	7381
1	7424
1	7942
1	6718
1	3145
1	8604
1	2918
1	7723
1	7512
1	2937
1	8740
1	2072
1	7232
1	6951
1	8807
1	3078
1	8397
1	7358
1	8727
1	7495
1	9907
1	8818
1	2338
1	2744
1	2334
1	7926
1	9088
1	7323
1	8026
1	6877
1	7540
1	7411
1	8386
1	6833
1	7413
1	8619
1	8998
1	2922
1	7483
1	2127
1	7319
1	7022
0	2536
1	9098
1	9045
1	7875
1	8446
1	7860
1	7584
1	6990
1	8455
1	8158
1	9054
1	8343
1	8442
1	8035
1	2248
1	8025
1	8451
1	2800
1	7391
1	9207
1	7842
1	8611
1	7132
1	2713
1	6362
1	2636
1	7004
1	8448
1	8737
1	7962
1	8417
1	8409
1	8421
1	6614
1	2843
1	8459
1	2246
1	7829
1	7815
1	8782
1	2680
1	7596
1	7867
1	9064
1	7804
1	8342
1	2897
1	4051
1	8873
1	7749
1	8358
1	7322
1	7362
0	2723
1	8035
1	8017
1	5989
1	7494
1	8525
1	8464
1	2163
1	7963
1	6660
1	8153
1	2793
1	8415
0	2685
1	7781
1	8726
1	9036
1	2944
1	8394
1	7864
1	8489
1	8091
1	8268
1	7598
1	2410
1	8216
1	7542
1	3116
1	8590
1	7796
1	8240
1	8796
1	2638
1	2000
1	8634
1	6623
1	8327
1	2385
1	7605
1	8023
1	2064
1	7978
1	7805
1	9393
1	2348
1	8185
1	2959
1	7743
1	2829
1	8812
1	2701
1	2746
1	7648
1	2200
1	2854
1	7088
1	2526
1	7071
1	8240
1	3181
1	8159
1	8393
1	8169
1	7349
1	7281
1	8319
1	7995
1	8042
1	8116
1	8253
1	7376
1	7356
1	8059
1	2737
0	2999
1	8097
1	7588
1	7522
1	7645
1	8461
1	7434
1	1833
1	8085
1	3102
1	8052
1	6679
1	5360
1	7993
1	6951
1	8410
1	8825
1	8408
1	7718
1	2606
1	8546
1	6209
1	3083
1	6670
1	2267
1	2880
1	2798
1	7649
1	7137
1	6988
1	2791
1	8193
1	8557
1	7509
1	7956
1	8933
1	6085
1	8539
1	7729
1	8700
1	8202
1	8367
1	7927
1	2549
1	8495
1	8763
1	7654
1	6616
1	8915
1	8395
1	8007
1	2993
1	7916
1	7674
1	8422
1	6159
1	8373
1	8616
1	8238
1	9357
1	8291
1	8013
0	3035
1	8898
1	8123
1	8657
1	8011
1	8689
1	2177
1	9046
1	7697
1	7479
1	6320
1	7889
1	2467
1	8080
1	7380
1	8315
1	7689
1	6504
1	5378
1	2613
1	8451
1	7476
1	7399
1	8513
1	2792
1	8281
1	2651
1	1826
1	8885
1	8081
1	9268
1	3197
1	9122
1	6345
1	7852
1	8630
1	2654
1	6951
1	2675
1	8862
1	8587
1	2420
1	8438
1	8255
1	8623
1	7336
1	7949
1	8407
1	8889
1	7790
1	6830
1	8629
1	8404
1	8846
1	8299
1	8323
1	8365
1	6818
1	2431
1	8899
1	2703
1	7267
1	9148
1	2544
1	2145
1	9082
1	8256
1	8268
1	7903
1	3122
1	2777
1	7086
1	2114
1	3293
1	8108
1	8114
1	7561
1	9539
1	6896
1	7468
1	7364
1	7931
1	9059
1	7673
1	8999
1	3038
1	7995
1	6869
1	2219
1	7807
1	2900
1	8059
1	2377
1	2544
1	2674
1	8503
1	8343
1	8385
1	2558
1	7788
1	8444
1	9228
1	2725
1	8465
1	2446
1	7146
1	1981
1	8137
1	8655
1	7255
1	8434
1	7947
1	2040
1	7547
1	8580
1	7768
1	3297
1	9463
1	7303
1	7482
1	2777
1	9592
1	7702
1	7697
1	7763
1	2835
1	8217
1	7598
1	7740
1	6715
1	7434
1	7567
1	8818
1	7094
1	8276
1	7872
1	7881
1	7474
1	7544
1	8237
1	6771
1	6432
1	7864
1	2715
1	7605
1	8051
1	9447
1	6811
1	5841
1	8357
1	8468
1	7909
1	5986
1	9335
1	9100
1	9560
1	7805
1	9377
1	8858
1	8443
0	2928
1	8382
1	9295
1	9195
1	6853
1	7960
1	7225
1	7811
1	8438
1	7951
1	2722
1	8892
1	2226
1	8807
1	9279
1	8183
1	8198
1	8181
1	2464
1	8995
1	7690
1	8728
1	7725
1	8522
1	7807
1	7788
1	8370
1	8637
1	2797
1	8387
1	8265
1	8686
1	8654
1	7542
1	7229
1	7353
1	8765
1	7596
1	8444
1	3049
1	7096
1	7835
1	8052
1	2693
1	7956
1	7643
1	8433
1	2284
1	7594
1	8226
1	7953
1	2734
1	7997
1	9321
1	7256
1	8970
1	8382
1	6779
1	6184
1	7772
1	7388
1	2700
1	6606
1	8004
1	8204
1	8007
1	9278
1	8207
0	2987
1	2695
1	8283
1	8768
1	8712
1	7935
1	7806
1	7915
1	7053
1	7978
1	7187
1	8579
1	7495
1	7755
1	3273
1	2987
1	6996
1	7921
1	7544
1	6279
1	2573
1	7359
1	7718
1	8017
1	2735
1	7993
1	7465
1	8126
1	8132
1	2473
1	8029
1	3011
1	7492
1	7087
1	6380
1	8290
1	7403
1	7593
1	7221
1	6515
1	7646
1	2459
1	8918
1	2419
1	8198
1	8239
1	6633
1	7193
1	2233
1	8225
1	9039
1	8526
1	8388
1	7291
1	2689
1	8019
1	2789
1	2727
1	7514
1	7975
1	7831
1	2662
1	7457
1	9031
1	7090
1	8272
1	7055
1	7577
1	8866
1	3014
1	8506
1	3112
1	8132
1	8758
1	7997
1	6782
1	9048
1	5887
1	7688
1	2948
1	8610
1	8581
1	8163
1	8626
1	6899
