1	1247
1	3233
1	6004
1	3315
1	4610
1	6064
1	1777
1	3262
1	3954
1	7960
1	1383
1	4810
0	4704
1	3475
1	2457
1	2968
1	6505
1	2148
1	3100
1	4160
1	3857
0	4586
1	2476
1	4297
1	3402
1	3521
1	4156
1	5201
0	7234
1	4930
1	7010
1	4637
1	2593
1	2236
1	5083
1	4495
1	4635
1	4644
1	5279
0	3097
1	2994
1	3329
1	3544
1	3724
1	4053
1	2751
1	3671
1	6327
1	4732
0	4315
1	4619
1	5518
1	3608
1	3193
1	6044
1	5185
1	3787
1	6072
1	2089
1	978
1	4270
1	5446
1	5214
1	6682
1	3958
1	4554
1	6149
1	1916
1	1646
1	3267
1	3531
1	6897
1	6649
1	7600
0	5224
1	5204
1	4706
1	5101
1	6301
1	5855
1	3446
1	3254
1	6537
1	4306
1	4061
1	5645
0	4394
1	5257
1	4607
1	3354
1	3591
0	5472
1	3905
1	6218
1	4832
1	6338
1	5922
1	4818
1	1698
1	2941
1	5121
1	5571
1	3445
0	3835
1	6567
1	4060
1	3367
1	5153
1	5179
1	4374
1	0
1	6026
1	5018
1	3075
1	3279
1	5178
1	5294
1	3768
1	3674
1	4635
1	7415
1	1981
1	3321
1	4666
1	4420
1	6029
1	2391
1	5160
1	4163
1	7193
1	4069
1	4886
1	4904
1	5905
1	4420
0	4763
1	4043
1	6079
1	5072
1	5011
1	3771
1	4218
1	5404
1	3076
1	2671
1	5383
1	6234
1	5360
1	4320
1	5353
1	4025
1	2223
1	6655
1	3829
1	5544
1	2105
0	4491
1	6116
1	2505
1	4830
1	4171
1	5019
1	3615
1	4326
1	4117
0	4041
1	6919
1	5761
1	4254
1	4995
1	5516
1	7156
1	3796
0	2995
1	5862
1	6442
1	3147
1	3185
1	4256
1	3525
1	3636
1	5708
1	5328
1	4496
1	5193
1	3106
1	5659
1	4699
1	7589
1	4657
1	3579
1	5325
1	4704
1	3951
1	4035
1	4819
1	4675
1	5745
1	4842
1	6648
1	5552
1	6607
1	4311
1	7131
1	4776
1	4141
1	4337
1	4054
1	1429
1	4133
1	3290
1	4529
1	3019
1	5603
1	3187
1	5103
1	4590
1	3912
1	6014
1	4341
1	5311
1	4321
1	890
1	7346
1	2432
1	5670
1	2985
1	4290
1	4691
1	5380
1	5070
1	3614
1	8457
0	5052
1	6358
1	4515
1	5020
0	3298
1	4429
1	5419
1	6259
1	2429
1	4847
1	6926
1	5243
1	3818
1	4596
1	2886
1	5272
1	2420
1	5531
1	5304
1	4282
1	2926
1	2240
1	6343
1	4388
1	5917
1	4181
1	5045
1	3451
1	6538
1	1912
1	5802
1	6055
1	4500
1	4204
1	5077
0	5399
1	4888
1	4832
1	4185
1	5343
1	5981
1	5702
1	3624
1	3040
1	6267
1	3801
1	4879
1	2893
1	2730
1	969
1	2846
1	4970
1	4172
1	5277
1	4580
1	5524
0	5014
1	4638
1	4556
1	3089
1	3796
1	2712
1	6253
1	4760
1	5369
1	2304
1	7068
0	6925
1	3656
1	3218
1	4771
1	5957
1	3395
1	8048
0	5121
1	4759
0	5275
1	4863
1	5804
1	3393
1	3465
1	5937
1	1274
1	3857
0	6654
1	5127
1	6755
1	3405
1	3854
1	5753
1	3899
1	1155
1	5429
1	2588
1	4237
1	3231
1	4067
0	1822
1	6497
1	4727
1	5219
1	5022
1	3995
1	4084
1	2569
1	3838
1	4353
1	3309
1	98
0	4795
1	3022
1	4977
1	4597
1	5126
1	8443
1	4187
1	5680
1	6317
1	3443
1	5986
1	4719
1	3915
1	5371
1	4474
1	6141
1	6056
1	2482
1	4101
1	3920
1	3207
1	4102
1	3155
1	6873
1	4934
1	5719
1	2992
1	5664
1	5854
1	1824
0	6354
1	5835
1	5304
1	6346
1	4421
1	3266
1	4901
1	1658
1	6738
1	5327
1	4746
1	6915
1	4581
1	4519
1	1533
1	6037
1	2781
0	7967
1	4291
1	5080
1	3265
1	7056
1	4697
1	4483
1	5747
1	3698
1	4180
1	6550
1	3480
1	5837
1	4366
1	4262
1	4404
1	5746
1	2304
1	5055
1	4249
1	2891
1	1869
1	3668
1	3687
1	5776
1	8379
1	7440
1	1715
1	4524
1	2697
1	4288
1	2914
1	5276
1	4484
1	3311
1	3639
0	5599
1	5322
1	4892
1	5085
1	3931
1	4630
1	3770
1	6674
1	7061
1	1410
1	4160
0	3077
1	5432
1	3704
1	5252
1	5341
0	2402
1	2320
1	5320
1	3916
1	6688
1	5293
1	3502
1	4922
1	3554
1	3514
1	4839
0	7184
1	2875
1	5038
1	5710
1	3836
1	5885
1	6433
1	6275
1	5218
1	6394
1	6013
0	4717
1	5320
1	4087
1	4467
1	3767
1	4270
1	4519
1	1594
1	3901
1	3779
1	3488
1	2517
1	4664
1	6403
1	7533
0	2277
0	6865
1	3898
1	5434
1	4767
1	4146
0	3286
1	6968
1	3793
1	3106
1	5692
1	4774
1	4486
1	4647
1	5409
1	3775
1	3923
1	4803
1	3333
1	4742
1	3142
1	6968
1	5860
1	2302
1	5611
1	5110
1	5510
1	2665
1	5159
1	4832
1	5610
1	5804
1	6111
1	3564
1	4694
1	2535
1	3170
1	4689
1	6183
1	3299
1	4226
1	3306
1	3523
1	4472
1	4273
0	4001
1	5347
1	3647
1	2531
1	5086
1	2270
1	5375
1	5379
0	3673
1	7213
1	5281
1	5471
1	3394
1	4359
1	5281
1	3189
1	4794
1	5483
1	4911
1	6354
1	6622
1	5781
1	2168
1	3888
1	5981
1	3897
1	4380
0	4173
1	2577
1	2602
1	4163
0	2373
1	1865
1	8819
1	3958
1	2367
1	2907
1	6611
1	5269
1	596
1	5391
1	3208
1	4519
1	4755
1	6259
1	3689
1	3148
1	2382
1	4875
1	5669
1	6305
1	5097
1	3167
1	3932
1	6371
1	6039
1	5645
1	5030
1	3572
1	4532
0	4076
1	6282
1	4581
1	3686
1	4645
0	5775
1	5805
1	3066
1	3125
1	4536
1	4157
1	4024
1	4036
1	6140
1	3409
1	3206
1	3615
1	5271
1	6059
1	3757
1	6583
1	5925
1	4283
1	4570
1	4644
1	5888
1	6507
0	6809
1	3542
1	4256
1	5482
1	5263
1	3828
1	3089
1	5084
0	2511
1	5287
1	3661
0	4219
1	4436
0	4541
0	4804
1	4341
1	3402
1	4146
1	7983
1	6097
1	2666
1	5146
1	3307
1	3775
1	3817
1	5182
1	4532
1	6781
1	3893
1	3412
1	5886
1	5331
1	3567
1	4590
1	5235
1	5970
1	4341
1	6773
1	5082
1	807
0	5765
1	6156
1	2948
1	2995
1	6809
1	3980
1	6945
1	4755
1	4015
1	3758
1	4964
1	2691
1	5869
1	4824
1	5294
1	3196
1	6742
1	4055
1	3445
1	5100
1	3390
1	4135
1	2817
1	5116
0	3854
1	4521
1	4493
1	1778
1	5050
1	6463
1	3705
1	3277
1	2809
1	3660
0	4621
1	6147
1	6632
1	5606
0	3579
1	4048
0	4524
1	296
1	5230
1	6405
1	4245
1	1912
1	2162
1	3006
1	3452
0	3472
1	2723
1	5007
1	4448
1	6916
1	4967
1	5222
1	1326
1	2806
1	3819
1	4023
1	5480
1	4859
1	6869
1	3264
1	5576
1	3989
1	4304
1	6475
1	2122
1	4302
1	3470
1	6241
1	4446
1	4638
1	6374
1	9605
1	5688
1	3320
1	3823
1	2702
1	4719
1	5764
1	3074
1	4329
1	6351
1	2784
1	5150
1	6180
0	4176
1	6255
1	4916
0	4032
1	3703
1	5661
1	4747
1	5897
0	5822
1	6517
0	6601
1	4389
1	5367
1	5742
1	3323
1	5234
1	4115
1	3907
1	1837
1	4211
1	3236
1	6070
1	5066
1	4257
1	5173
1	4226
1	5036
1	2593
0	3032
1	4243
0	3935
1	3229
1	4615
1	3896
1	5243
1	2599
1	3091
1	1484
1	5915
1	5662
0	875
1	3253
1	4024
1	4352
1	3383
0	4750
1	2658
1	5147
1	2906
1	3792
1	4848
1	4712
1	3446
1	6775
1	5383
1	4006
0	4895
1	4713
1	6092
1	6934
1	4114
1	3856
1	5861
1	5611
1	2324
1	6078
1	6303
1	4372
1	4995
1	2732
1	2527
1	4641
1	4441
1	7513
1	2442
1	5437
1	5897
1	1688
1	3417
1	9999
1	3276
1	7329
1	3938
1	3173
1	1294
0	3145
1	3875
1	3982
1	5536
1	6237
1	4895
1	1724
1	4861
1	4333
1	6207
0	6168
1	3198
0	4286
1	4196
1	3560
1	5230
1	4334
1	1469
1	4152
1	4416
1	7571
1	4171
1	3326
1	6201
1	2752
1	4454
1	4615
1	4051
1	2913
1	4002
1	3141
1	5453
1	2726
1	4826
1	2579
1	5208
0	3998
1	4434
0	5974
1	4597
1	1793
1	6066
1	1887
1	5001
1	6967
1	3993
1	3208
1	5060
1	6365
1	1757
1	6529
1	6746
1	3695
1	6029
1	4807
1	6299
1	2357
1	6119
1	6429
1	7167
1	4823
1	4168
1	5650
0	3884
1	2669
1	2529
1	4656
1	2513
1	4518
1	6222
1	5362
1	2451
1	1860
1	4735
1	1940
1	4140
1	6153
1	4152
1	3342
1	5184
1	1534
1	5035
1	5548
1	4707
1	3516
1	2549
1	6056
1	6230
1	3605
0	3777
1	5919
1	1789
1	3844
1	4187
1	2965
1	4163
1	4697
1	2368
1	3301
1	5538
1	3572
1	6239
1	5144
1	3023
1	4123
1	6677
1	6089
1	4628
1	2863
1	4971
1	3963
1	6487
1	4600
0	6319
1	4519
1	5223
1	4400
1	3200
1	3796
1	3137
1	3081
1	4389
1	6053
1	3604
1	5510
1	2791
1	4748
1	5228
1	3180
1	4580
1	5073
1	4051
1	2784
1	2195
1	6850
1	4689
1	4536
1	4419
1	5661
1	3204
1	4871
1	6574
1	4266
1	3347
1	3859
1	4504
1	7196
1	4177
1	6098
1	2629
1	3716
1	4709
1	3015
1	3826
1	6158
1	6571
1	4108
1	3879
0	4997
1	2452
1	3768
1	4476
1	7767
0	6184
1	5858
1	2399
1	3624
1	5998
1	3443
1	5287
1	4070
1	7689
1	3884
1	6099
1	5063
1	3709
1	3346
1	4479
1	4630
1	3524
1	3289
1	2720
1	3609
1	4926
1	7945
1	5449
1	7215
1	4850
1	5591
1	3736
1	6880
1	1673
0	4757
